Time,Last,Vol,BID1,BIDSZ1,BID2,BIDSZ2,BID3,BIDSZ3,BID4,BIDSZ4,BID5,BIDSZ5,ASK1,ASKSZ1,ASK2,ASKSZ2,ASK3,ASKSZ3,ASK4,ASKSZ4,ASK5,ASKSZ5,Tick,Volume,LastTime
83025005000,0.000,0,0,0,0,0,0,0,0,0,0,0,0,0,0,0,0,0,0,0,0,0,0,0,83025000000
83025005000,0.000,0,84.000,3,0,0,0,0,0,0,0,0,0,0,0,0,0,0,0,0,0,0,0,0,
83030005000,0.000,0,84.000,3,0,0,0,0,0,0,0,0,0,0,0,0,0,0,0,0,0,0,0,0,83030000000
83030005000,0.000,0,84.000,3,0,0,0,0,0,0,0,0,0,0,0,0,0,0,0,0,0,0,0,0,
83035005000,0.000,0,84.000,3,0,0,0,0,0,0,0,0,0,0,0,0,0,0,0,0,0,0,0,0,83035000000
83035005000,0.000,0,84.000,3,0,0,0,0,0,0,0,0,0,0,0,0,0,0,0,0,0,0,0,0,
83040005000,0.000,0,84.000,3,0,0,0,0,0,0,0,0,0,0,0,0,0,0,0,0,0,0,0,0,83040000000
83040005000,0.000,0,84.000,3,0,0,0,0,0,0,0,0,0,0,0,0,0,0,0,0,0,0,0,0,
83045006000,0.000,0,84.000,3,0,0,0,0,0,0,0,0,0,0,0,0,0,0,0,0,0,0,0,0,83045000000
83045006000,0.000,0,84.000,3,0,0,0,0,0,0,0,0,775.000,1,0,0,0,0,0,0,0,0,0,0,
83050005000,0.000,0,84.000,3,0,0,0,0,0,0,0,0,775.000,1,0,0,0,0,0,0,0,0,0,0,83050000000
83050005000,0.000,0,84.000,3,0,0,0,0,0,0,0,0,775.000,1,0,0,0,0,0,0,0,0,0,0,
83055006000,0.000,0,84.000,3,0,0,0,0,0,0,0,0,775.000,1,0,0,0,0,0,0,0,0,0,0,83055000000
83055006000,0.000,0,84.000,3,0,0,0,0,0,0,0,0,775.000,1,0,0,0,0,0,0,0,0,0,0,
83100005000,0.000,0,84.000,3,0,0,0,0,0,0,0,0,775.000,1,0,0,0,0,0,0,0,0,0,0,83100000000
83100005000,0.000,0,84.000,3,0,0,0,0,0,0,0,0,775.000,1,0,0,0,0,0,0,0,0,0,0,
83105005000,0.000,0,84.000,3,0,0,0,0,0,0,0,0,775.000,1,0,0,0,0,0,0,0,0,0,0,83105000000
83105005000,0.000,0,84.000,3,0,0,0,0,0,0,0,0,775.000,1,0,0,0,0,0,0,0,0,0,0,
83110005000,0.000,0,84.000,3,0,0,0,0,0,0,0,0,775.000,1,0,0,0,0,0,0,0,0,0,0,83110000000
83110005000,0.000,0,84.000,3,0,0,0,0,0,0,0,0,775.000,1,0,0,0,0,0,0,0,0,0,0,
83115005000,0.000,0,84.000,3,0,0,0,0,0,0,0,0,775.000,1,0,0,0,0,0,0,0,0,0,0,83115000000
83115005000,0.000,0,84.000,3,0,0,0,0,0,0,0,0,775.000,1,0,0,0,0,0,0,0,0,0,0,
83120005000,0.000,0,84.000,3,0,0,0,0,0,0,0,0,775.000,1,0,0,0,0,0,0,0,0,0,0,83120000000
83120005000,0.000,0,84.000,3,0,0,0,0,0,0,0,0,775.000,1,0,0,0,0,0,0,0,0,0,0,
83125005000,0.000,0,84.000,3,0,0,0,0,0,0,0,0,775.000,1,0,0,0,0,0,0,0,0,0,0,83125000000
83125005000,0.000,0,84.000,3,0,0,0,0,0,0,0,0,775.000,1,0,0,0,0,0,0,0,0,0,0,
83130005000,0.000,0,84.000,3,0,0,0,0,0,0,0,0,775.000,1,0,0,0,0,0,0,0,0,0,0,83130000000
83130005000,0.000,0,84.000,3,0,0,0,0,0,0,0,0,775.000,1,0,0,0,0,0,0,0,0,0,0,
83135005000,0.000,0,84.000,3,0,0,0,0,0,0,0,0,775.000,1,0,0,0,0,0,0,0,0,0,0,83135000000
83135005000,0.000,0,84.000,3,1.800,200,0,0,0,0,0,0,775.000,1,0,0,0,0,0,0,0,0,0,0,
83140005000,0.000,0,84.000,3,1.800,200,0,0,0,0,0,0,775.000,1,0,0,0,0,0,0,0,0,0,0,83140000000
83140005000,0.000,0,84.000,3,1.800,200,0,0,0,0,0,0,775.000,1,0,0,0,0,0,0,0,0,0,0,
83145005000,0.000,0,84.000,3,1.800,200,0,0,0,0,0,0,775.000,1,0,0,0,0,0,0,0,0,0,0,83145000000
83145005000,0.000,0,84.000,3,55.000,1,1.800,200,0,0,0,0,775.000,1,0,0,0,0,0,0,0,0,0,0,
83150005000,0.000,0,84.000,3,55.000,1,1.800,200,0,0,0,0,775.000,1,0,0,0,0,0,0,0,0,0,0,83150000000
83150005000,0.000,0,84.000,3,55.000,1,1.800,200,0,0,0,0,775.000,1,0,0,0,0,0,0,0,0,0,0,
83155006000,0.000,0,84.000,3,55.000,1,1.800,200,0,0,0,0,775.000,1,0,0,0,0,0,0,0,0,0,0,83155000000
83155006000,0.000,0,84.000,3,55.000,1,1.800,400,0,0,0,0,775.000,1,0,0,0,0,0,0,0,0,0,0,
83200005000,0.000,0,84.000,3,55.000,1,1.800,400,0,0,0,0,775.000,1,0,0,0,0,0,0,0,0,0,0,83200000000
83200005000,0.000,0,84.000,3,55.000,1,1.800,400,0,0,0,0,775.000,1,0,0,0,0,0,0,0,0,0,0,
83205005000,0.000,0,84.000,3,55.000,1,1.800,400,0,0,0,0,775.000,1,0,0,0,0,0,0,0,0,0,0,83205000000
83205005000,0.000,0,84.000,3,55.000,1,1.800,400,0,0,0,0,775.000,1,0,0,0,0,0,0,0,0,0,0,
83210005000,0.000,0,84.000,3,55.000,1,1.800,400,0,0,0,0,775.000,1,0,0,0,0,0,0,0,0,0,0,83210000000
83210005000,0.000,0,84.000,3,55.000,1,1.800,400,0,0,0,0,775.000,1,0,0,0,0,0,0,0,0,0,0,
83215005000,0.000,0,84.000,3,55.000,1,1.800,400,0,0,0,0,775.000,1,0,0,0,0,0,0,0,0,0,0,83215000000
83215005000,0.000,0,84.000,3,55.000,1,1.800,400,0,0,0,0,775.000,1,0,0,0,0,0,0,0,0,0,0,
83220005000,0.000,0,84.000,3,55.000,1,1.800,400,0,0,0,0,775.000,1,0,0,0,0,0,0,0,0,0,0,83220000000
83220005000,0.000,0,84.000,3,55.000,1,1.800,400,0,0,0,0,775.000,1,0,0,0,0,0,0,0,0,0,0,
83225005000,0.000,0,84.000,3,55.000,1,1.800,400,0,0,0,0,775.000,1,0,0,0,0,0,0,0,0,0,0,83225000000
83225005000,0.000,0,84.000,3,55.000,1,1.800,400,0,0,0,0,775.000,1,0,0,0,0,0,0,0,0,0,0,
83230004000,0.000,0,84.000,3,55.000,1,1.800,400,0,0,0,0,775.000,1,0,0,0,0,0,0,0,0,0,0,83230000000
83230004000,0.000,0,84.000,3,55.000,1,1.800,400,0,0,0,0,775.000,1,0,0,0,0,0,0,0,0,0,0,
83235005000,0.000,0,84.000,3,55.000,1,1.800,400,0,0,0,0,775.000,1,0,0,0,0,0,0,0,0,0,0,83235000000
83235005000,0.000,0,84.000,3,55.000,1,1.800,400,0,0,0,0,775.000,1,0,0,0,0,0,0,0,0,0,0,
83240005000,0.000,0,84.000,3,55.000,1,1.800,400,0,0,0,0,775.000,1,0,0,0,0,0,0,0,0,0,0,83240000000
83240005000,0.000,0,84.000,3,55.000,1,1.800,400,0,0,0,0,775.000,1,0,0,0,0,0,0,0,0,0,0,
83245005000,0.000,0,84.000,3,55.000,1,1.800,400,0,0,0,0,775.000,1,0,0,0,0,0,0,0,0,0,0,83245000000
83245005000,0.000,0,84.000,3,55.000,1,1.800,400,0,0,0,0,775.000,1,0,0,0,0,0,0,0,0,0,0,
83250007000,0.000,0,84.000,3,55.000,1,1.800,400,0,0,0,0,775.000,1,0,0,0,0,0,0,0,0,0,0,83250000000
83250007000,0.000,0,84.000,3,55.000,1,1.800,400,0,0,0,0,775.000,1,0,0,0,0,0,0,0,0,0,0,
83255006000,0.000,0,84.000,3,55.000,1,1.800,400,0,0,0,0,775.000,1,0,0,0,0,0,0,0,0,0,0,83255000000
83255006000,0.000,0,84.000,3,55.000,1,1.800,400,0,0,0,0,775.000,1,0,0,0,0,0,0,0,0,0,0,
83300005000,0.000,0,84.000,3,55.000,1,1.800,400,0,0,0,0,775.000,1,0,0,0,0,0,0,0,0,0,0,83300000000
83300005000,0.000,0,84.000,3,55.000,1,1.800,400,0,0,0,0,775.000,1,0,0,0,0,0,0,0,0,0,0,
83305005000,0.000,0,84.000,3,55.000,1,1.800,400,0,0,0,0,775.000,1,0,0,0,0,0,0,0,0,0,0,83305000000
83305005000,0.000,0,84.000,3,55.000,1,1.800,400,0,0,0,0,775.000,1,0,0,0,0,0,0,0,0,0,0,
83310006000,0.000,0,84.000,3,55.000,1,1.800,400,0,0,0,0,775.000,1,0,0,0,0,0,0,0,0,0,0,83310000000
83310006000,0.000,0,84.000,3,55.000,1,1.800,400,0,0,0,0,775.000,1,0,0,0,0,0,0,0,0,0,0,
83315005000,0.000,0,84.000,3,55.000,1,1.800,400,0,0,0,0,775.000,1,0,0,0,0,0,0,0,0,0,0,83315000000
83315005000,0.000,0,84.000,3,55.000,1,1.800,400,0,0,0,0,775.000,1,0,0,0,0,0,0,0,0,0,0,
83320006000,0.000,0,84.000,3,55.000,1,1.800,400,0,0,0,0,775.000,1,0,0,0,0,0,0,0,0,0,0,83320000000
83320006000,0.000,0,84.000,3,55.000,1,1.800,400,0,0,0,0,775.000,1,0,0,0,0,0,0,0,0,0,0,
83325005000,0.000,0,84.000,3,55.000,1,1.800,400,0,0,0,0,775.000,1,0,0,0,0,0,0,0,0,0,0,83325000000
83325005000,0.000,0,84.000,3,55.000,1,1.800,400,0,0,0,0,775.000,1,0,0,0,0,0,0,0,0,0,0,
83330007000,0.000,0,84.000,3,55.000,1,1.800,400,0,0,0,0,775.000,1,0,0,0,0,0,0,0,0,0,0,83330000000
83330007000,0.000,0,84.000,3,55.000,1,1.800,400,0,0,0,0,775.000,1,0,0,0,0,0,0,0,0,0,0,
83335005000,0.000,0,84.000,3,55.000,1,1.800,400,0,0,0,0,775.000,1,0,0,0,0,0,0,0,0,0,0,83335000000
83335005000,0.000,0,84.000,3,55.000,1,1.800,400,0,0,0,0,775.000,1,0,0,0,0,0,0,0,0,0,0,
83340005000,0.000,0,84.000,3,55.000,1,1.800,400,0,0,0,0,775.000,1,0,0,0,0,0,0,0,0,0,0,83340000000
83340005000,0.000,0,84.000,3,55.000,1,1.800,400,0,0,0,0,775.000,1,0,0,0,0,0,0,0,0,0,0,
83345005000,0.000,0,84.000,3,55.000,1,1.800,400,0,0,0,0,775.000,1,0,0,0,0,0,0,0,0,0,0,83345000000
83345005000,0.000,0,84.000,3,55.000,1,1.800,400,0,0,0,0,775.000,1,0,0,0,0,0,0,0,0,0,0,
83350006000,0.000,0,84.000,3,55.000,1,1.800,400,0,0,0,0,775.000,1,0,0,0,0,0,0,0,0,0,0,83350000000
83350006000,0.000,0,84.000,3,55.000,1,1.800,400,0,0,0,0,775.000,1,0,0,0,0,0,0,0,0,0,0,
83355006000,0.000,0,84.000,3,55.000,1,1.800,400,0,0,0,0,775.000,1,0,0,0,0,0,0,0,0,0,0,83355000000
83355006000,0.000,0,84.000,3,55.000,1,1.800,400,0,0,0,0,775.000,1,0,0,0,0,0,0,0,0,0,0,
83400005000,0.000,0,84.000,3,55.000,1,1.800,400,0,0,0,0,775.000,1,0,0,0,0,0,0,0,0,0,0,83400000000
83400005000,0.000,0,84.000,3,55.000,1,1.800,400,0,0,0,0,775.000,1,0,0,0,0,0,0,0,0,0,0,
83405006000,0.000,0,84.000,3,55.000,1,1.800,400,0,0,0,0,775.000,1,0,0,0,0,0,0,0,0,0,0,83405000000
83405006000,0.000,0,84.000,3,55.000,1,1.800,400,0,0,0,0,775.000,1,0,0,0,0,0,0,0,0,0,0,
83410005000,0.000,0,84.000,3,55.000,1,1.800,400,0,0,0,0,775.000,1,0,0,0,0,0,0,0,0,0,0,83410000000
83410005000,0.000,0,84.000,3,55.000,1,1.800,400,0,0,0,0,775.000,1,0,0,0,0,0,0,0,0,0,0,
83415005000,0.000,0,84.000,3,55.000,1,1.800,400,0,0,0,0,775.000,1,0,0,0,0,0,0,0,0,0,0,83415000000
83415005000,0.000,0,84.000,3,55.000,1,1.800,400,0,0,0,0,775.000,1,0,0,0,0,0,0,0,0,0,0,
83420006000,0.000,0,84.000,3,55.000,1,1.800,400,0,0,0,0,775.000,1,0,0,0,0,0,0,0,0,0,0,83420000000
83420006000,0.000,0,84.000,3,55.000,1,1.800,400,0,0,0,0,775.000,1,0,0,0,0,0,0,0,0,0,0,
83425005000,0.000,0,84.000,3,55.000,1,1.800,400,0,0,0,0,775.000,1,0,0,0,0,0,0,0,0,0,0,83425000000
83425005000,0.000,0,84.000,3,55.000,1,1.800,400,0,0,0,0,775.000,1,0,0,0,0,0,0,0,0,0,0,
83430005000,0.000,0,84.000,3,55.000,1,1.800,400,0,0,0,0,775.000,1,0,0,0,0,0,0,0,0,0,0,83430000000
83430005000,0.000,0,84.000,3,55.000,1,1.800,400,0,0,0,0,775.000,1,0,0,0,0,0,0,0,0,0,0,
83435006000,0.000,0,84.000,3,55.000,1,1.800,400,0,0,0,0,775.000,1,0,0,0,0,0,0,0,0,0,0,83435000000
83435006000,0.000,0,84.000,3,55.000,1,1.800,400,0,0,0,0,775.000,1,0,0,0,0,0,0,0,0,0,0,
83440005000,0.000,0,84.000,3,55.000,1,1.800,400,0,0,0,0,775.000,1,0,0,0,0,0,0,0,0,0,0,83440000000
83440005000,0.000,0,84.000,3,55.000,1,1.800,400,0,0,0,0,775.000,1,0,0,0,0,0,0,0,0,0,0,
83445005000,0.000,0,84.000,3,55.000,1,1.800,400,0,0,0,0,775.000,1,0,0,0,0,0,0,0,0,0,0,83445000000
83445005000,0.000,0,84.000,3,55.000,1,1.800,400,0,0,0,0,775.000,1,0,0,0,0,0,0,0,0,0,0,
83450006000,0.000,0,84.000,3,55.000,1,1.800,400,0,0,0,0,775.000,1,0,0,0,0,0,0,0,0,0,0,83450000000
83450006000,0.000,0,84.000,3,55.000,1,1.800,400,0,0,0,0,775.000,1,0,0,0,0,0,0,0,0,0,0,
83455006000,0.000,0,84.000,3,55.000,1,1.800,400,0,0,0,0,775.000,1,0,0,0,0,0,0,0,0,0,0,83455000000
83455006000,0.000,0,84.000,3,55.000,1,1.800,400,0,0,0,0,775.000,1,0,0,0,0,0,0,0,0,0,0,
83500006000,0.000,0,84.000,3,55.000,1,1.800,400,0,0,0,0,775.000,1,0,0,0,0,0,0,0,0,0,0,83500000000
83500006000,0.000,0,84.000,3,55.000,1,1.800,400,0,0,0,0,775.000,1,0,0,0,0,0,0,0,0,0,0,
83505005000,0.000,0,84.000,3,55.000,1,1.800,400,0,0,0,0,775.000,1,0,0,0,0,0,0,0,0,0,0,83505000000
83505005000,0.000,0,84.000,3,55.000,1,1.800,400,0,0,0,0,775.000,1,0,0,0,0,0,0,0,0,0,0,
83510005000,0.000,0,84.000,3,55.000,1,1.800,400,0,0,0,0,775.000,1,0,0,0,0,0,0,0,0,0,0,83510000000
83510005000,0.000,0,84.000,3,55.000,1,1.800,400,0,0,0,0,775.000,1,0,0,0,0,0,0,0,0,0,0,
83515005000,0.000,0,84.000,3,55.000,1,1.800,400,0,0,0,0,775.000,1,0,0,0,0,0,0,0,0,0,0,83515000000
83515005000,0.000,0,84.000,3,55.000,1,1.800,400,0,0,0,0,775.000,1,0,0,0,0,0,0,0,0,0,0,
83520006000,0.000,0,84.000,3,55.000,1,1.800,400,0,0,0,0,775.000,1,0,0,0,0,0,0,0,0,0,0,83520000000
83520006000,0.000,0,84.000,3,55.000,1,1.800,400,0,0,0,0,775.000,1,0,0,0,0,0,0,0,0,0,0,
83525006000,0.000,0,84.000,3,55.000,1,1.800,400,0,0,0,0,775.000,1,0,0,0,0,0,0,0,0,0,0,83525000000
83525006000,0.000,0,84.000,3,55.000,1,1.800,400,0,0,0,0,775.000,1,0,0,0,0,0,0,0,0,0,0,
83530005000,0.000,0,84.000,3,55.000,1,1.800,400,0,0,0,0,775.000,1,0,0,0,0,0,0,0,0,0,0,83530000000
83530005000,0.000,0,84.000,3,55.000,1,1.800,400,0,0,0,0,775.000,1,0,0,0,0,0,0,0,0,0,0,
83535005000,0.000,0,84.000,3,55.000,1,1.800,400,0,0,0,0,775.000,1,0,0,0,0,0,0,0,0,0,0,83535000000
83535005000,0.000,0,84.000,3,1.800,400,1.800,400,0,0,0,0,775.000,1,0,0,0,0,0,0,0,0,0,0,
83540006000,0.000,0,84.000,3,1.800,400,1.800,400,0,0,0,0,775.000,1,0,0,0,0,0,0,0,0,0,0,83540000000
83540006000,0.000,0,84.000,3,1.800,400,1.800,400,0,0,0,0,775.000,1,0,0,0,0,0,0,0,0,0,0,
83545005000,0.000,0,84.000,3,1.800,400,1.800,400,0,0,0,0,775.000,1,0,0,0,0,0,0,0,0,0,0,83545000000
83545005000,0.000,0,84.000,3,1.800,400,1.800,400,0,0,0,0,775.000,1,0,0,0,0,0,0,0,0,0,0,
83550006000,0.000,0,84.000,3,1.800,400,1.800,400,0,0,0,0,775.000,1,0,0,0,0,0,0,0,0,0,0,83550000000
83550006000,0.000,0,84.000,3,1.800,400,1.800,400,0,0,0,0,775.000,1,0,0,0,0,0,0,0,0,0,0,
83555005000,0.000,0,84.000,3,1.800,400,1.800,400,0,0,0,0,775.000,1,0,0,0,0,0,0,0,0,0,0,83555000000
83555005000,0.000,0,84.000,3,1.800,400,1.800,400,0,0,0,0,775.000,1,0,0,0,0,0,0,0,0,0,0,
83600005000,0.000,0,84.000,3,1.800,400,1.800,400,0,0,0,0,775.000,1,0,0,0,0,0,0,0,0,0,0,83600000000
83600005000,0.000,0,84.000,3,1.800,400,1.800,400,0,0,0,0,775.000,1,0,0,0,0,0,0,0,0,0,0,
83605005000,0.000,0,84.000,3,1.800,400,1.800,400,0,0,0,0,775.000,1,0,0,0,0,0,0,0,0,0,0,83605000000
83605006000,0.000,0,84.000,3,1.800,400,1.800,400,0,0,0,0,775.000,1,0,0,0,0,0,0,0,0,0,0,
83610006000,0.000,0,84.000,3,1.800,400,1.800,400,0,0,0,0,775.000,1,0,0,0,0,0,0,0,0,0,0,83610000000
83610006000,0.000,0,84.000,3,1.800,400,1.800,400,0,0,0,0,775.000,1,0,0,0,0,0,0,0,0,0,0,
83615006000,0.000,0,84.000,3,1.800,400,1.800,400,0,0,0,0,775.000,1,0,0,0,0,0,0,0,0,0,0,83615000000
83615006000,0.000,0,84.000,3,1.800,400,1.800,400,0,0,0,0,775.000,1,0,0,0,0,0,0,0,0,0,0,
83620005000,0.000,0,84.000,3,1.800,400,1.800,400,0,0,0,0,775.000,1,0,0,0,0,0,0,0,0,0,0,83620000000
83620005000,0.000,0,84.000,3,1.800,400,1.800,400,0,0,0,0,775.000,1,0,0,0,0,0,0,0,0,0,0,
83625005000,0.000,0,84.000,3,1.800,400,1.800,400,0,0,0,0,775.000,1,0,0,0,0,0,0,0,0,0,0,83625000000
83625005000,0.000,0,84.000,3,1.800,400,1.800,400,0,0,0,0,775.000,1,0,0,0,0,0,0,0,0,0,0,
83630007000,0.000,0,84.000,3,1.800,400,1.800,400,0,0,0,0,775.000,1,0,0,0,0,0,0,0,0,0,0,83630000000
83630007000,0.000,0,84.000,3,1.800,400,1.800,400,0,0,0,0,775.000,1,0,0,0,0,0,0,0,0,0,0,
83635006000,0.000,0,84.000,3,1.800,400,1.800,400,0,0,0,0,775.000,1,0,0,0,0,0,0,0,0,0,0,83635000000
83635006000,0.000,0,84.000,3,1.800,400,1.800,400,0,0,0,0,775.000,1,0,0,0,0,0,0,0,0,0,0,
83640007000,0.000,0,84.000,3,1.800,400,1.800,400,0,0,0,0,775.000,1,0,0,0,0,0,0,0,0,0,0,83640000000
83640007000,0.000,0,84.000,3,1.800,400,1.800,400,0,0,0,0,775.000,1,0,0,0,0,0,0,0,0,0,0,
83645005000,0.000,0,84.000,3,1.800,400,1.800,400,0,0,0,0,775.000,1,0,0,0,0,0,0,0,0,0,0,83645000000
83645005000,0.000,0,84.000,3,1.800,400,1.800,400,0,0,0,0,775.000,1,0,0,0,0,0,0,0,0,0,0,
83650005000,0.000,0,84.000,3,1.800,400,1.800,400,0,0,0,0,775.000,1,0,0,0,0,0,0,0,0,0,0,83650000000
83650005000,0.000,0,84.000,3,1.800,400,1.800,400,0,0,0,0,775.000,1,0,0,0,0,0,0,0,0,0,0,
83655005000,0.000,0,84.000,3,1.800,400,1.800,400,0,0,0,0,775.000,1,0,0,0,0,0,0,0,0,0,0,83655000000
83655005000,0.000,0,84.000,3,1.800,400,1.800,400,0,0,0,0,775.000,1,0,0,0,0,0,0,0,0,0,0,
83700005000,0.000,0,84.000,3,1.800,400,1.800,400,0,0,0,0,775.000,1,0,0,0,0,0,0,0,0,0,0,83700000000
83700005000,0.000,0,84.000,3,1.800,400,1.800,400,0,0,0,0,775.000,1,0,0,0,0,0,0,0,0,0,0,
83705005000,0.000,0,84.000,3,1.800,400,1.800,400,0,0,0,0,775.000,1,0,0,0,0,0,0,0,0,0,0,83705000000
83705005000,0.000,0,100.000,1,84.000,3,1.800,400,0,0,0,0,775.000,1,0,0,0,0,0,0,0,0,0,0,
83710005000,0.000,0,100.000,1,84.000,3,1.800,400,0,0,0,0,775.000,1,0,0,0,0,0,0,0,0,0,0,83710000000
83710005000,0.000,0,100.000,1,84.000,3,1.800,400,0,0,0,0,775.000,1,0,0,0,0,0,0,0,0,0,0,
83715006000,0.000,0,100.000,1,84.000,3,1.800,400,0,0,0,0,775.000,1,0,0,0,0,0,0,0,0,0,0,83715000000
83715006000,0.000,0,100.000,1,84.000,3,1.800,400,0,0,0,0,775.000,1,0,0,0,0,0,0,0,0,0,0,
83720005000,0.000,0,100.000,1,84.000,3,1.800,400,0,0,0,0,775.000,1,0,0,0,0,0,0,0,0,0,0,83720000000
83720005000,0.000,0,100.000,1,84.000,3,1.800,400,0,0,0,0,775.000,1,0,0,0,0,0,0,0,0,0,0,
83725005000,0.000,0,100.000,1,84.000,3,1.800,400,0,0,0,0,775.000,1,0,0,0,0,0,0,0,0,0,0,83725000000
83725005000,0.000,0,100.000,1,84.000,3,1.800,400,0,0,0,0,775.000,1,0,0,0,0,0,0,0,0,0,0,
83730005000,0.000,0,100.000,1,84.000,3,1.800,400,0,0,0,0,775.000,1,0,0,0,0,0,0,0,0,0,0,83730000000
83730005000,0.000,0,100.000,1,84.000,3,1.800,400,0,0,0,0,775.000,1,0,0,0,0,0,0,0,0,0,0,
83735006000,0.000,0,100.000,1,84.000,3,1.800,400,0,0,0,0,775.000,1,0,0,0,0,0,0,0,0,0,0,83735000000
83735006000,0.000,0,100.000,1,84.000,3,1.800,400,0,0,0,0,775.000,1,0,0,0,0,0,0,0,0,0,0,
83740007000,0.000,0,100.000,1,84.000,3,1.800,400,0,0,0,0,775.000,1,0,0,0,0,0,0,0,0,0,0,83740000000
83740008000,0.000,0,100.000,1,84.000,3,1.800,400,0,0,0,0,775.000,1,0,0,0,0,0,0,0,0,0,0,
83745006000,0.000,0,100.000,1,84.000,3,1.800,400,0,0,0,0,775.000,1,0,0,0,0,0,0,0,0,0,0,83745000000
83745006000,0.000,0,100.000,1,84.000,3,1.800,400,0,0,0,0,775.000,1,0,0,0,0,0,0,0,0,0,0,
83750006000,0.000,0,100.000,1,84.000,3,1.800,400,0,0,0,0,775.000,1,0,0,0,0,0,0,0,0,0,0,83750000000
83750006000,0.000,0,100.000,1,84.000,3,1.800,400,0,0,0,0,775.000,1,0,0,0,0,0,0,0,0,0,0,
83755006000,0.000,0,100.000,1,84.000,3,1.800,400,0,0,0,0,775.000,1,0,0,0,0,0,0,0,0,0,0,83755000000
83755006000,0.000,0,100.000,1,84.000,3,1.800,400,0,0,0,0,775.000,1,0,0,0,0,0,0,0,0,0,0,
83800005000,0.000,0,100.000,1,84.000,3,1.800,400,0,0,0,0,775.000,1,0,0,0,0,0,0,0,0,0,0,83800000000
83800005000,0.000,0,100.000,1,84.000,3,1.800,400,0,0,0,0,775.000,1,0,0,0,0,0,0,0,0,0,0,
83805005000,0.000,0,100.000,1,84.000,3,1.800,400,0,0,0,0,775.000,1,0,0,0,0,0,0,0,0,0,0,83805000000
83805005000,0.000,0,100.000,1,84.000,3,1.800,400,0,0,0,0,775.000,1,0,0,0,0,0,0,0,0,0,0,
83810007000,0.000,0,100.000,1,84.000,3,1.800,400,0,0,0,0,775.000,1,0,0,0,0,0,0,0,0,0,0,83810000000
83810007000,0.000,0,100.000,1,84.000,3,1.800,400,0,0,0,0,775.000,1,0,0,0,0,0,0,0,0,0,0,
83815006000,0.000,0,100.000,1,84.000,3,1.800,400,0,0,0,0,775.000,1,0,0,0,0,0,0,0,0,0,0,83815000000
83815006000,0.000,0,100.000,1,84.000,3,1.800,400,0,0,0,0,775.000,1,0,0,0,0,0,0,0,0,0,0,
83820004000,0.000,0,100.000,1,84.000,3,1.800,400,0,0,0,0,775.000,1,0,0,0,0,0,0,0,0,0,0,83820000000
83820004000,0.000,0,100.000,1,84.000,3,1.800,400,0,0,0,0,775.000,1,0,0,0,0,0,0,0,0,0,0,
83825008000,0.000,0,100.000,1,84.000,3,1.800,400,0,0,0,0,775.000,1,0,0,0,0,0,0,0,0,0,0,83825000000
83825008000,0.000,0,100.000,1,84.000,3,1.800,400,0,0,0,0,775.000,1,0,0,0,0,0,0,0,0,0,0,
83830005000,0.000,0,100.000,1,84.000,3,1.800,400,0,0,0,0,775.000,1,0,0,0,0,0,0,0,0,0,0,83830000000
83830005000,0.000,0,100.000,1,84.000,3,1.800,400,0,0,0,0,775.000,1,0,0,0,0,0,0,0,0,0,0,
83835006000,0.000,0,100.000,1,84.000,3,1.800,400,0,0,0,0,775.000,1,0,0,0,0,0,0,0,0,0,0,83835000000
83835006000,0.000,0,100.000,1,84.000,3,1.800,400,0,0,0,0,775.000,1,0,0,0,0,0,0,0,0,0,0,
83840005000,0.000,0,100.000,1,84.000,3,1.800,400,0,0,0,0,775.000,1,0,0,0,0,0,0,0,0,0,0,83840000000
83840005000,0.000,0,100.000,1,84.000,3,1.800,400,0,0,0,0,775.000,1,0,0,0,0,0,0,0,0,0,0,
83845005000,0.000,0,100.000,1,84.000,3,1.800,400,0,0,0,0,775.000,1,0,0,0,0,0,0,0,0,0,0,83845000000
83845005000,0.000,0,100.000,1,84.000,3,1.800,400,0,0,0,0,775.000,1,0,0,0,0,0,0,0,0,0,0,
83850005000,0.000,0,100.000,1,84.000,3,1.800,400,0,0,0,0,775.000,1,0,0,0,0,0,0,0,0,0,0,83850000000
83850005000,0.000,0,100.000,1,84.000,3,1.800,400,0,0,0,0,775.000,1,0,0,0,0,0,0,0,0,0,0,
83855005000,0.000,0,100.000,1,84.000,3,1.800,400,0,0,0,0,775.000,1,0,0,0,0,0,0,0,0,0,0,83855000000
83855005000,0.000,0,100.000,1,84.000,3,1.800,400,0,0,0,0,775.000,1,0,0,0,0,0,0,0,0,0,0,
83900005000,0.000,0,100.000,1,84.000,3,1.800,400,0,0,0,0,775.000,1,0,0,0,0,0,0,0,0,0,0,83900000000
83900005000,0.000,0,100.000,1,84.000,3,1.800,400,0,0,0,0,775.000,1,0,0,0,0,0,0,0,0,0,0,
83905006000,0.000,0,100.000,1,84.000,3,1.800,400,0,0,0,0,775.000,1,0,0,0,0,0,0,0,0,0,0,83905000000
83905006000,0.000,0,100.000,1,84.000,3,1.800,400,0,0,0,0,775.000,1,0,0,0,0,0,0,0,0,0,0,
83910005000,0.000,0,100.000,1,84.000,3,1.800,400,0,0,0,0,775.000,1,0,0,0,0,0,0,0,0,0,0,83910000000
83910005000,0.000,0,100.000,1,84.000,3,1.800,400,0,0,0,0,775.000,1,0,0,0,0,0,0,0,0,0,0,
83915006000,0.000,0,100.000,1,84.000,3,1.800,400,0,0,0,0,775.000,1,0,0,0,0,0,0,0,0,0,0,83915000000
83915006000,0.000,0,100.000,1,84.000,3,1.800,400,0,0,0,0,775.000,1,0,0,0,0,0,0,0,0,0,0,
83920004000,0.000,0,100.000,1,84.000,3,1.800,400,0,0,0,0,775.000,1,0,0,0,0,0,0,0,0,0,0,83920000000
83920004000,0.000,0,100.000,1,84.000,3,1.800,400,0,0,0,0,775.000,1,0,0,0,0,0,0,0,0,0,0,
83925005000,0.000,0,100.000,1,84.000,3,1.800,400,0,0,0,0,775.000,1,0,0,0,0,0,0,0,0,0,0,83925000000
83925005000,0.000,0,100.000,1,84.000,3,1.800,400,0,0,0,0,775.000,1,0,0,0,0,0,0,0,0,0,0,
83930006000,0.000,0,100.000,1,84.000,3,1.800,400,0,0,0,0,775.000,1,0,0,0,0,0,0,0,0,0,0,83930000000
83930006000,0.000,0,100.000,1,84.000,3,1.800,400,0,0,0,0,775.000,1,0,0,0,0,0,0,0,0,0,0,
83935007000,0.000,0,100.000,1,84.000,3,1.800,400,0,0,0,0,775.000,1,0,0,0,0,0,0,0,0,0,0,83935000000
83935007000,0.000,0,100.000,1,84.000,3,1.800,400,0,0,0,0,775.000,1,0,0,0,0,0,0,0,0,0,0,
83940005000,0.000,0,100.000,1,84.000,3,1.800,400,0,0,0,0,775.000,1,0,0,0,0,0,0,0,0,0,0,83940000000
83940005000,0.000,0,100.000,1,84.000,3,1.800,400,0,0,0,0,775.000,1,0,0,0,0,0,0,0,0,0,0,
83945006000,0.000,0,100.000,1,84.000,3,1.800,400,0,0,0,0,775.000,1,0,0,0,0,0,0,0,0,0,0,83945000000
83945006000,0.000,0,100.000,1,84.000,3,1.800,400,0,0,0,0,775.000,1,0,0,0,0,0,0,0,0,0,0,
83950005000,0.000,0,100.000,1,84.000,3,1.800,400,0,0,0,0,775.000,1,0,0,0,0,0,0,0,0,0,0,83950000000
83950005000,0.000,0,100.000,1,84.000,3,1.800,400,0,0,0,0,775.000,1,0,0,0,0,0,0,0,0,0,0,
83955006000,0.000,0,100.000,1,84.000,3,1.800,400,0,0,0,0,775.000,1,0,0,0,0,0,0,0,0,0,0,83955000000
83955006000,0.000,0,100.000,1,84.000,3,1.800,400,0,0,0,0,775.000,1,0,0,0,0,0,0,0,0,0,0,
84000006000,0.000,0,100.000,1,84.000,3,1.800,400,0,0,0,0,775.000,1,0,0,0,0,0,0,0,0,0,0,84000000000
84000006000,0.000,0,100.000,1,84.000,3,1.800,400,0,0,0,0,775.000,1,0,0,0,0,0,0,0,0,0,0,
84005005000,0.000,0,100.000,1,84.000,3,1.800,400,0,0,0,0,775.000,1,0,0,0,0,0,0,0,0,0,0,84005000000
84005005000,0.000,0,100.000,1,84.000,3,1.800,400,0,0,0,0,775.000,1,0,0,0,0,0,0,0,0,0,0,
84010005000,0.000,0,100.000,1,84.000,3,1.800,400,0,0,0,0,775.000,1,0,0,0,0,0,0,0,0,0,0,84010000000
84010005000,0.000,0,100.000,1,84.000,3,1.800,400,0,0,0,0,775.000,1,0,0,0,0,0,0,0,0,0,0,
84015005000,0.000,0,100.000,1,84.000,3,1.800,400,0,0,0,0,775.000,1,0,0,0,0,0,0,0,0,0,0,84015000000
84015005000,0.000,0,100.000,1,84.000,3,1.800,400,0,0,0,0,775.000,1,0,0,0,0,0,0,0,0,0,0,
84020005000,0.000,0,100.000,1,84.000,3,1.800,400,0,0,0,0,775.000,1,0,0,0,0,0,0,0,0,0,0,84020000000
84020005000,0.000,0,100.000,1,84.000,3,1.800,400,0,0,0,0,775.000,1,0,0,0,0,0,0,0,0,0,0,
84025005000,0.000,0,100.000,1,84.000,3,1.800,400,0,0,0,0,775.000,1,0,0,0,0,0,0,0,0,0,0,84025000000
84025005000,0.000,0,100.000,1,84.000,3,1.800,400,0,0,0,0,775.000,1,0,0,0,0,0,0,0,0,0,0,
84030006000,0.000,0,100.000,1,84.000,3,1.800,400,0,0,0,0,775.000,1,0,0,0,0,0,0,0,0,0,0,84030000000
84030006000,0.000,0,100.000,1,84.000,3,1.800,400,0,0,0,0,775.000,1,0,0,0,0,0,0,0,0,0,0,
84035007000,0.000,0,100.000,1,84.000,3,1.800,400,0,0,0,0,775.000,1,0,0,0,0,0,0,0,0,0,0,84035000000
84035007000,0.000,0,100.000,1,84.000,3,1.800,400,0,0,0,0,775.000,1,0,0,0,0,0,0,0,0,0,0,
84040005000,0.000,0,100.000,1,84.000,3,1.800,400,0,0,0,0,775.000,1,0,0,0,0,0,0,0,0,0,0,84040000000
84040005000,0.000,0,100.000,1,84.000,3,1.800,400,0,0,0,0,775.000,1,0,0,0,0,0,0,0,0,0,0,
84045007000,0.000,0,100.000,1,84.000,3,1.800,400,0,0,0,0,775.000,1,0,0,0,0,0,0,0,0,0,0,84045000000
84045007000,0.000,0,100.000,1,84.000,3,1.800,400,0,0,0,0,775.000,1,0,0,0,0,0,0,0,0,0,0,
84050005000,0.000,0,100.000,1,84.000,3,1.800,400,0,0,0,0,775.000,1,0,0,0,0,0,0,0,0,0,0,84050000000
84050005000,0.000,0,100.000,1,84.000,3,1.800,400,0,0,0,0,775.000,1,0,0,0,0,0,0,0,0,0,0,
84055007000,0.000,0,100.000,1,84.000,3,1.800,400,0,0,0,0,775.000,1,0,0,0,0,0,0,0,0,0,0,84055000000
84055007000,0.000,0,100.000,1,84.000,3,1.800,400,0,0,0,0,775.000,1,0,0,0,0,0,0,0,0,0,0,
84100005000,0.000,0,100.000,1,84.000,3,1.800,400,0,0,0,0,775.000,1,0,0,0,0,0,0,0,0,0,0,84100000000
84100005000,0.000,0,100.000,1,84.000,3,1.800,400,0,0,0,0,775.000,1,0,0,0,0,0,0,0,0,0,0,
84105006000,0.000,0,100.000,1,84.000,3,1.800,400,0,0,0,0,775.000,1,0,0,0,0,0,0,0,0,0,0,84105000000
84105006000,0.000,0,100.000,1,84.000,3,1.800,400,0,0,0,0,775.000,1,0,0,0,0,0,0,0,0,0,0,
84110006000,0.000,0,100.000,1,84.000,3,1.800,400,0,0,0,0,775.000,1,0,0,0,0,0,0,0,0,0,0,84110000000
84110006000,0.000,0,100.000,1,84.000,3,1.800,400,0,0,0,0,775.000,1,0,0,0,0,0,0,0,0,0,0,
84115006000,0.000,0,100.000,1,84.000,3,1.800,400,0,0,0,0,775.000,1,0,0,0,0,0,0,0,0,0,0,84115000000
84115006000,0.000,0,100.000,1,84.000,3,1.800,400,0,0,0,0,775.000,1,0,0,0,0,0,0,0,0,0,0,
84120005000,0.000,0,100.000,1,84.000,3,1.800,400,0,0,0,0,775.000,1,0,0,0,0,0,0,0,0,0,0,84120000000
84120005000,0.000,0,100.000,1,84.000,3,1.800,400,0,0,0,0,775.000,1,0,0,0,0,0,0,0,0,0,0,
84125006000,0.000,0,100.000,1,84.000,3,1.800,400,0,0,0,0,775.000,1,0,0,0,0,0,0,0,0,0,0,84125000000
84125006000,0.000,0,100.000,1,84.000,3,1.800,400,0,0,0,0,775.000,1,0,0,0,0,0,0,0,0,0,0,
84130004000,0.000,0,100.000,1,84.000,3,1.800,400,0,0,0,0,775.000,1,0,0,0,0,0,0,0,0,0,0,84130000000
84130004000,0.000,0,100.000,1,84.000,3,1.800,400,0,0,0,0,775.000,1,0,0,0,0,0,0,0,0,0,0,
84135006000,0.000,0,100.000,1,84.000,3,1.800,400,0,0,0,0,775.000,1,0,0,0,0,0,0,0,0,0,0,84135000000
84135006000,0.000,0,100.000,1,84.000,3,1.800,400,0,0,0,0,775.000,1,0,0,0,0,0,0,0,0,0,0,
84140004000,0.000,0,100.000,1,84.000,3,1.800,400,0,0,0,0,775.000,1,0,0,0,0,0,0,0,0,0,0,84140000000
84140004000,0.000,0,100.000,1,84.000,3,1.800,400,0,0,0,0,775.000,1,0,0,0,0,0,0,0,0,0,0,
84145005000,0.000,0,100.000,1,84.000,3,1.800,400,0,0,0,0,775.000,1,0,0,0,0,0,0,0,0,0,0,84145000000
84145005000,0.000,0,100.000,1,84.000,3,1.800,400,0,0,0,0,775.000,1,0,0,0,0,0,0,0,0,0,0,
84150006000,0.000,0,100.000,1,84.000,3,1.800,400,0,0,0,0,775.000,1,0,0,0,0,0,0,0,0,0,0,84150000000
84150006000,0.000,0,100.000,1,84.000,3,1.800,400,0,0,0,0,775.000,1,0,0,0,0,0,0,0,0,0,0,
84155006000,0.000,0,100.000,1,84.000,3,1.800,400,0,0,0,0,775.000,1,0,0,0,0,0,0,0,0,0,0,84155000000
84155006000,0.000,0,100.000,1,84.000,3,1.800,400,0,0,0,0,775.000,1,0,0,0,0,0,0,0,0,0,0,
84200005000,0.000,0,100.000,1,84.000,3,1.800,400,0,0,0,0,775.000,1,0,0,0,0,0,0,0,0,0,0,84200000000
84200005000,0.000,0,100.000,1,84.000,3,1.800,400,0,0,0,0,775.000,1,0,0,0,0,0,0,0,0,0,0,
84205005000,0.000,0,100.000,1,84.000,3,1.800,400,0,0,0,0,775.000,1,0,0,0,0,0,0,0,0,0,0,84205000000
84205005000,0.000,0,100.000,1,84.000,3,1.800,400,0,0,0,0,775.000,1,0,0,0,0,0,0,0,0,0,0,
84210005000,0.000,0,100.000,1,84.000,3,1.800,400,0,0,0,0,775.000,1,0,0,0,0,0,0,0,0,0,0,84210000000
84210005000,0.000,0,100.000,1,84.000,3,1.800,400,0,0,0,0,775.000,1,0,0,0,0,0,0,0,0,0,0,
84215004000,0.000,0,100.000,1,84.000,3,1.800,400,0,0,0,0,775.000,1,0,0,0,0,0,0,0,0,0,0,84215000000
84215004000,0.000,0,100.000,1,84.000,3,1.800,400,0,0,0,0,775.000,1,0,0,0,0,0,0,0,0,0,0,
84220006000,0.000,0,100.000,1,84.000,3,1.800,400,0,0,0,0,775.000,1,0,0,0,0,0,0,0,0,0,0,84220000000
84220006000,0.000,0,100.000,1,84.000,3,1.800,400,0,0,0,0,775.000,1,0,0,0,0,0,0,0,0,0,0,
84225006000,0.000,0,100.000,1,84.000,3,1.800,400,0,0,0,0,775.000,1,0,0,0,0,0,0,0,0,0,0,84225000000
84225006000,0.000,0,100.000,1,84.000,3,1.800,400,0,0,0,0,775.000,1,0,0,0,0,0,0,0,0,0,0,
84230006000,0.000,0,100.000,1,84.000,3,1.800,400,0,0,0,0,775.000,1,0,0,0,0,0,0,0,0,0,0,84230000000
84230006000,0.000,0,100.000,1,84.000,3,1.800,400,0,0,0,0,775.000,1,0,0,0,0,0,0,0,0,0,0,
84235005000,0.000,0,100.000,1,84.000,3,1.800,400,0,0,0,0,775.000,1,0,0,0,0,0,0,0,0,0,0,84235000000
84235005000,0.000,0,100.000,1,84.000,3,1.800,400,0,0,0,0,775.000,1,0,0,0,0,0,0,0,0,0,0,
84240005000,0.000,0,100.000,1,84.000,3,1.800,400,0,0,0,0,775.000,1,0,0,0,0,0,0,0,0,0,0,84240000000
84240005000,0.000,0,100.000,1,84.000,3,1.800,400,0,0,0,0,775.000,1,0,0,0,0,0,0,0,0,0,0,
84245006000,0.000,0,100.000,1,84.000,3,1.800,400,0,0,0,0,775.000,1,0,0,0,0,0,0,0,0,0,0,84245000000
84245006000,0.000,0,100.000,1,84.000,3,1.800,400,0,0,0,0,775.000,1,0,0,0,0,0,0,0,0,0,0,
84250005000,0.000,0,100.000,1,84.000,3,1.800,400,0,0,0,0,775.000,1,0,0,0,0,0,0,0,0,0,0,84250000000
84250005000,0.000,0,100.000,1,84.000,3,1.800,400,0,0,0,0,775.000,1,0,0,0,0,0,0,0,0,0,0,
84255006000,0.000,0,100.000,1,84.000,3,1.800,400,0,0,0,0,775.000,1,0,0,0,0,0,0,0,0,0,0,84255000000
84255006000,0.000,0,100.000,1,84.000,3,1.800,400,0,0,0,0,775.000,1,0,0,0,0,0,0,0,0,0,0,
84300005000,0.000,0,100.000,1,84.000,3,1.800,400,0,0,0,0,775.000,1,0,0,0,0,0,0,0,0,0,0,84300000000
84300005000,0.000,0,100.000,1,84.000,3,1.800,400,0,0,0,0,775.000,1,0,0,0,0,0,0,0,0,0,0,
84305006000,0.000,0,100.000,1,84.000,3,1.800,400,0,0,0,0,775.000,1,0,0,0,0,0,0,0,0,0,0,84305000000
84305006000,0.000,0,100.000,1,84.000,3,1.800,400,0,0,0,0,775.000,1,0,0,0,0,0,0,0,0,0,0,
84310005000,0.000,0,100.000,1,84.000,3,1.800,400,0,0,0,0,775.000,1,0,0,0,0,0,0,0,0,0,0,84310000000
84310005000,0.000,0,100.000,1,84.000,3,1.800,400,0,0,0,0,775.000,1,0,0,0,0,0,0,0,0,0,0,
84315005000,0.000,0,100.000,1,84.000,3,1.800,400,0,0,0,0,775.000,1,0,0,0,0,0,0,0,0,0,0,84315000000
84315005000,0.000,0,100.000,1,84.000,3,1.800,400,0,0,0,0,775.000,1,0,0,0,0,0,0,0,0,0,0,
84320005000,0.000,0,100.000,1,84.000,3,1.800,400,0,0,0,0,775.000,1,0,0,0,0,0,0,0,0,0,0,84320000000
84320005000,0.000,0,100.000,1,84.000,3,1.800,400,0,0,0,0,775.000,1,0,0,0,0,0,0,0,0,0,0,
84325005000,0.000,0,100.000,1,84.000,3,1.800,400,0,0,0,0,775.000,1,0,0,0,0,0,0,0,0,0,0,84325000000
84325005000,0.000,0,100.000,1,84.000,3,1.800,400,0,0,0,0,775.000,1,0,0,0,0,0,0,0,0,0,0,
84330006000,0.000,0,100.000,1,84.000,3,1.800,400,0,0,0,0,775.000,1,0,0,0,0,0,0,0,0,0,0,84330000000
84330006000,0.000,0,100.000,1,84.000,3,1.800,400,0,0,0,0,775.000,1,0,0,0,0,0,0,0,0,0,0,
84335005000,0.000,0,100.000,1,84.000,3,1.800,400,0,0,0,0,775.000,1,0,0,0,0,0,0,0,0,0,0,84335000000
84335005000,0.000,0,100.000,1,84.000,3,1.800,400,0,0,0,0,775.000,1,0,0,0,0,0,0,0,0,0,0,
84340006000,0.000,0,100.000,1,84.000,3,1.800,400,0,0,0,0,775.000,1,0,0,0,0,0,0,0,0,0,0,84340000000
84340006000,0.000,0,100.000,1,84.000,3,1.800,400,0,0,0,0,775.000,1,0,0,0,0,0,0,0,0,0,0,
84345006000,0.000,0,100.000,1,84.000,3,1.800,400,0,0,0,0,775.000,1,0,0,0,0,0,0,0,0,0,0,84345000000
84345006000,0.000,0,100.000,1,84.000,3,1.800,400,0,0,0,0,775.000,1,0,0,0,0,0,0,0,0,0,0,
84350005000,0.000,0,100.000,1,84.000,3,1.800,400,0,0,0,0,775.000,1,0,0,0,0,0,0,0,0,0,0,84350000000
84350005000,0.000,0,100.000,1,84.000,3,1.800,400,0,0,0,0,775.000,1,0,0,0,0,0,0,0,0,0,0,
84355006000,0.000,0,100.000,1,84.000,3,1.800,400,0,0,0,0,775.000,1,0,0,0,0,0,0,0,0,0,0,84355000000
84355006000,0.000,0,100.000,1,84.000,3,22.000,40,1.800,400,0,0,775.000,1,0,0,0,0,0,0,0,0,0,0,
84400006000,0.000,0,100.000,1,84.000,3,22.000,40,1.800,400,0,0,775.000,1,0,0,0,0,0,0,0,0,0,0,84400000000
84400006000,0.000,0,100.000,1,84.000,3,22.000,40,1.800,400,0,0,775.000,1,0,0,0,0,0,0,0,0,0,0,
84405005000,0.000,0,100.000,1,84.000,3,22.000,40,1.800,400,0,0,775.000,1,0,0,0,0,0,0,0,0,0,0,84405000000
84405005000,0.000,0,100.000,1,84.000,3,22.000,40,1.800,400,0,0,775.000,1,0,0,0,0,0,0,0,0,0,0,
84410006000,0.000,0,100.000,1,84.000,3,22.000,40,1.800,400,0,0,775.000,1,0,0,0,0,0,0,0,0,0,0,84410000000
84410006000,0.000,0,100.000,1,84.000,3,22.000,40,1.800,400,0,0,775.000,1,0,0,0,0,0,0,0,0,0,0,
84415006000,0.000,0,100.000,1,84.000,3,22.000,40,1.800,400,0,0,775.000,1,0,0,0,0,0,0,0,0,0,0,84415000000
84415006000,0.000,0,100.000,1,84.000,3,22.000,40,1.800,400,0,0,775.000,1,0,0,0,0,0,0,0,0,0,0,
84420006000,0.000,0,100.000,1,84.000,3,22.000,40,1.800,400,0,0,775.000,1,0,0,0,0,0,0,0,0,0,0,84420000000
84420006000,0.000,0,100.000,1,84.000,3,22.000,40,1.800,400,0,0,775.000,1,0,0,0,0,0,0,0,0,0,0,
84425007000,0.000,0,100.000,1,84.000,3,22.000,40,1.800,400,0,0,775.000,1,0,0,0,0,0,0,0,0,0,0,84425000000
84425007000,0.000,0,100.000,1,84.000,3,22.000,40,1.800,400,0,0,775.000,1,0,0,0,0,0,0,0,0,0,0,
84430005000,0.000,0,100.000,1,84.000,3,22.000,40,1.800,400,0,0,775.000,1,0,0,0,0,0,0,0,0,0,0,84430000000
84430005000,0.000,0,100.000,1,84.000,3,22.000,40,1.800,400,0,0,775.000,1,0,0,0,0,0,0,0,0,0,0,
84435007000,0.000,0,100.000,1,84.000,3,22.000,40,1.800,400,0,0,775.000,1,0,0,0,0,0,0,0,0,0,0,84435000000
84435007000,0.000,0,100.000,1,84.000,3,22.000,40,1.800,400,0,0,775.000,1,0,0,0,0,0,0,0,0,0,0,
84440006000,0.000,0,100.000,1,84.000,3,22.000,40,1.800,400,0,0,775.000,1,0,0,0,0,0,0,0,0,0,0,84440000000
84440006000,0.000,0,100.000,1,84.000,3,22.000,40,1.800,400,0,0,775.000,1,0,0,0,0,0,0,0,0,0,0,
84445006000,0.000,0,100.000,1,84.000,3,22.000,40,1.800,400,0,0,775.000,1,0,0,0,0,0,0,0,0,0,0,84445000000
84445006000,0.000,0,100.000,1,84.000,3,22.000,40,1.800,400,0,0,775.000,1,0,0,0,0,0,0,0,0,0,0,
84450006000,0.000,0,100.000,1,84.000,3,22.000,40,1.800,400,0,0,775.000,1,0,0,0,0,0,0,0,0,0,0,84450000000
84450006000,0.000,0,100.000,1,84.000,3,22.000,40,1.800,400,0,0,775.000,1,0,0,0,0,0,0,0,0,0,0,
84455006000,0.000,0,100.000,1,84.000,3,22.000,40,1.800,400,0,0,775.000,1,0,0,0,0,0,0,0,0,0,0,84455000000
84455006000,0.000,0,100.000,1,84.000,3,22.000,40,1.800,400,0,0,775.000,1,0,0,0,0,0,0,0,0,0,0,
84500075000,0.000,0,100.000,1,84.000,3,22.000,40,1.800,400,0,0,775.000,1,0,0,0,0,0,0,0,0,0,0,
84505574000,0.000,0,101.000,10,100.000,1,84.000,3,22.000,40,1.800,400,775.000,1,0,0,0,0,0,0,0,0,0,0,
84505574000,0.000,0,101.000,10,100.000,1,84.000,3,22.000,40,1.800,400,355.000,10,775.000,1,0,0,0,0,0,0,0,0,
84528125000,0.000,0,200.000,21,101.000,10,100.000,1,84.000,3,22.000,40,215.000,21,355.000,10,775.000,1,0,0,0,0,0,0,
84528554000,0.000,0,200.000,21,100.000,1,84.000,3,22.000,40,1.800,400,215.000,21,355.000,10,775.000,1,0,0,0,0,0,0,
84528554000,0.000,0,200.000,21,100.000,1,84.000,3,22.000,40,1.800,400,215.000,21,775.000,1,0,0,0,0,0,0,0,0,
84528555000,0.000,0,200.000,21,100.000,1,84.000,3,22.000,40,1.800,400,215.000,21,218.000,10,775.000,1,0,0,0,0,0,0,
84528555000,0.000,0,200.000,21,196.000,10,100.000,1,84.000,3,22.000,40,215.000,21,218.000,10,775.000,1,0,0,0,0,0,0,
84529195000,0.000,0,196.000,10,100.000,1,84.000,3,22.000,40,1.800,400,218.000,10,775.000,1,0,0,0,0,0,0,0,0,
84531122000,0.000,0,200.000,21,196.000,10,100.000,1,84.000,3,22.000,40,215.000,21,218.000,10,775.000,1,0,0,0,0,0,0,
84531435000,0.000,0,196.000,10,100.000,1,84.000,3,22.000,40,1.800,400,218.000,10,775.000,1,0,0,0,0,0,0,0,0,
84532436000,0.000,0,199.000,21,196.000,10,100.000,1,84.000,3,22.000,40,214.000,21,218.000,10,775.000,1,0,0,0,0,0,0,
84533436000,0.000,0,196.000,10,100.000,1,84.000,3,22.000,40,1.800,400,218.000,10,775.000,1,0,0,0,0,0,0,0,0,
84533593000,0.000,0,100.000,1,84.000,3,22.000,40,1.800,400,0,0,218.000,10,775.000,1,0,0,0,0,0,0,0,0,
84534693000,0.000,0,195.000,21,100.000,1,84.000,3,22.000,40,1.800,400,210.000,21,218.000,10,775.000,1,0,0,0,0,0,0,
84535126000,0.000,0,100.000,1,84.000,3,22.000,40,1.800,400,0,0,218.000,10,775.000,1,0,0,0,0,0,0,0,0,
84537140000,0.000,0,194.000,21,100.000,1,84.000,3,22.000,40,1.800,400,209.000,21,218.000,10,775.000,1,0,0,0,0,0,0,
84537214000,0.000,0,194.000,21,190.000,10,100.000,1,84.000,3,22.000,40,209.000,21,218.000,10,775.000,1,0,0,0,0,0,0,
84537214000,0.000,0,194.000,21,190.000,10,100.000,1,84.000,3,22.000,40,209.000,21,775.000,1,0,0,0,0,0,0,0,0,
84537214000,0.000,0,194.000,21,190.000,10,100.000,1,84.000,3,22.000,40,209.000,21,212.000,10,775.000,1,0,0,0,0,0,0,
84537419000,0.000,0,190.000,10,100.000,1,84.000,3,22.000,40,1.800,400,212.000,10,775.000,1,0,0,0,0,0,0,0,0,
84539402000,0.000,0,195.000,21,190.000,10,100.000,1,84.000,3,22.000,40,210.000,21,212.000,10,775.000,1,0,0,0,0,0,0,
84540403000,0.000,0,190.000,10,100.000,1,84.000,3,22.000,40,1.800,400,212.000,10,775.000,1,0,0,0,0,0,0,0,0,
84541422000,0.000,0,195.000,21,190.000,10,100.000,1,84.000,3,22.000,40,210.000,21,212.000,10,775.000,1,0,0,0,0,0,0,
84542422000,0.000,0,190.000,10,100.000,1,84.000,3,22.000,40,1.800,400,212.000,10,775.000,1,0,0,0,0,0,0,0,0,
84543423000,0.000,0,194.000,21,190.000,10,100.000,1,84.000,3,22.000,40,209.000,21,212.000,10,775.000,1,0,0,0,0,0,0,
84546235000,0.000,0,190.000,10,100.000,1,84.000,3,22.000,40,1.800,400,212.000,10,775.000,1,0,0,0,0,0,0,0,0,
84547235000,0.000,0,192.000,21,190.000,10,100.000,1,84.000,3,22.000,40,207.000,21,212.000,10,775.000,1,0,0,0,0,0,0,
84549411000,0.000,0,192.000,21,190.000,10,100.000,1,84.000,3,22.000,40,207.000,21,775.000,1,0,0,0,0,0,0,0,0,
84549413000,0.000,0,192.000,21,190.000,10,100.000,1,84.000,3,22.000,40,207.000,21,209.000,10,775.000,1,0,0,0,0,0,0,
84549596000,0.000,0,190.000,10,100.000,1,84.000,3,22.000,40,1.800,400,209.000,10,775.000,1,0,0,0,0,0,0,0,0,
84550696000,0.000,0,191.000,21,190.000,10,100.000,1,84.000,3,22.000,40,206.000,21,209.000,10,775.000,1,0,0,0,0,0,0,
84550743000,0.000,0,191.000,21,100.000,1,84.000,3,22.000,40,1.800,400,206.000,21,209.000,10,775.000,1,0,0,0,0,0,0,
84551155000,0.000,0,100.000,1,84.000,3,22.000,40,1.800,400,0,0,209.000,10,775.000,1,0,0,0,0,0,0,0,0,
84552410000,0.000,0,190.000,21,100.000,1,84.000,3,22.000,40,1.800,400,205.000,21,209.000,10,775.000,1,0,0,0,0,0,0,
84552443000,0.000,0,190.000,21,187.000,10,100.000,1,84.000,3,22.000,40,205.000,21,209.000,10,775.000,1,0,0,0,0,0,0,
84555161000,0.000,0,187.000,10,100.000,1,84.000,3,22.000,40,1.800,400,209.000,10,775.000,1,0,0,0,0,0,0,0,0,
84556371000,0.000,0,192.000,21,187.000,10,100.000,1,84.000,3,22.000,40,207.000,21,209.000,10,775.000,1,0,0,0,0,0,0,
84558001000,0.000,0,192.000,21,100.000,1,84.000,3,22.000,40,1.800,400,207.000,21,209.000,10,775.000,1,0,0,0,0,0,0,
84558002000,0.000,0,192.000,21,190.000,10,100.000,1,84.000,3,22.000,40,207.000,21,209.000,10,775.000,1,0,0,0,0,0,0,
84558039000,0.000,0,190.000,10,100.000,1,84.000,3,22.000,40,1.800,400,209.000,10,775.000,1,0,0,0,0,0,0,0,0,
84558039000,0.000,0,193.000,21,190.000,10,100.000,1,84.000,3,22.000,40,208.000,21,209.000,10,775.000,1,0,0,0,0,0,0,
84601130000,0.000,0,190.000,10,100.000,1,84.000,3,22.000,40,1.800,400,209.000,10,775.000,1,0,0,0,0,0,0,0,0,
84601526000,0.000,0,190.000,10,100.000,1,84.000,3,22.000,40,1.800,400,775.000,1,0,0,0,0,0,0,0,0,0,0,
84601647000,0.000,0,190.000,10,100.000,1,84.000,3,22.000,40,1.800,400,341.000,10,775.000,1,0,0,0,0,0,0,0,0,
84601790000,0.000,0,190.000,10,100.000,1,84.000,3,22.000,40,1.800,400,340.000,6,341.000,10,775.000,1,0,0,0,0,0,0,
84602131000,0.000,0,193.000,21,190.000,10,100.000,1,84.000,3,22.000,40,208.000,21,340.000,6,341.000,10,775.000,1,0,0,0,0,
84602142000,0.000,0,193.000,21,190.000,10,100.000,1,84.000,3,22.000,40,208.000,21,340.000,6,775.000,1,0,0,0,0,0,0,
84602143000,0.000,0,193.000,21,190.000,10,100.000,1,84.000,3,22.000,40,208.000,21,211.000,10,340.000,6,775.000,1,0,0,0,0,
84602160000,0.000,0,193.000,21,190.000,10,100.000,1,84.000,3,22.000,40,208.000,21,211.000,10,775.000,1,0,0,0,0,0,0,
84605395000,0.000,0,190.000,10,100.000,1,84.000,3,22.000,40,1.800,400,211.000,10,775.000,1,0,0,0,0,0,0,0,0,
84605395000,0.000,0,195.000,21,190.000,10,100.000,1,84.000,3,22.000,40,210.000,21,211.000,10,775.000,1,0,0,0,0,0,0,
84606211000,0.000,0,190.000,10,100.000,1,84.000,3,22.000,40,1.800,400,211.000,10,775.000,1,0,0,0,0,0,0,0,0,
84607211000,0.000,0,194.000,21,190.000,10,100.000,1,84.000,3,22.000,40,209.000,21,211.000,10,775.000,1,0,0,0,0,0,0,
84613542000,0.000,0,194.000,21,100.000,1,84.000,3,22.000,40,1.800,400,209.000,21,211.000,10,775.000,1,0,0,0,0,0,0,
84613542000,0.000,0,194.000,21,192.000,10,100.000,1,84.000,3,22.000,40,209.000,21,211.000,10,775.000,1,0,0,0,0,0,0,
84636274000,0.000,0,192.000,10,100.000,1,84.000,3,22.000,40,1.800,400,211.000,10,775.000,1,0,0,0,0,0,0,0,0,
84636274000,0.000,0,195.000,21,192.000,10,100.000,1,84.000,3,22.000,40,210.000,21,211.000,10,775.000,1,0,0,0,0,0,0,
84644186000,0.000,0,195.000,21,100.000,1,84.000,3,22.000,40,1.800,400,210.000,21,211.000,10,775.000,1,0,0,0,0,0,0,
84644186000,0.000,0,195.000,21,194.000,10,100.000,1,84.000,3,22.000,40,210.000,21,211.000,10,775.000,1,0,0,0,0,0,0,
84647813000,0.000,0,195.000,41,194.000,10,100.000,1,84.000,3,22.000,40,210.000,41,211.000,10,775.000,1,0,0,0,0,0,0,
84708870000,0.000,0,195.000,41,194.000,10,100.000,1,84.000,3,22.000,40,210.000,41,775.000,1,0,0,0,0,0,0,0,0,
84708989000,0.000,0,195.000,41,194.000,10,100.000,1,84.000,3,22.000,40,210.000,41,214.000,10,775.000,1,0,0,0,0,0,0,
84713973000,0.000,0,195.000,41,194.000,10,100.000,1,84.000,3,22.000,40,210.000,41,775.000,1,0,0,0,0,0,0,0,0,
84713973000,0.000,0,195.000,41,194.000,10,100.000,1,84.000,3,22.000,40,210.000,41,212.000,10,775.000,1,0,0,0,0,0,0,
84715952000,0.000,0,195.000,41,194.000,10,84.000,3,22.000,40,1.800,400,210.000,41,212.000,10,775.000,1,0,0,0,0,0,0,
84719156000,0.000,0,200.000,1,195.000,41,194.000,10,84.000,3,22.000,40,210.000,41,212.000,10,775.000,1,0,0,0,0,0,0,
84719188000,0.000,0,200.000,1,195.000,41,84.000,3,22.000,40,1.800,400,210.000,41,212.000,10,775.000,1,0,0,0,0,0,0,
84719188000,0.000,0,200.000,1,195.000,20,84.000,3,22.000,40,1.800,400,210.000,20,212.000,10,775.000,1,0,0,0,0,0,0,
84719188000,0.000,0,200.000,22,195.000,20,84.000,3,22.000,40,1.800,400,210.000,41,212.000,10,775.000,1,0,0,0,0,0,0,
84719188000,0.000,0,200.000,22,197.000,10,195.000,20,84.000,3,22.000,40,210.000,41,212.000,10,775.000,1,0,0,0,0,0,0,
84721202000,0.000,0,200.000,1,197.000,10,195.000,20,84.000,3,22.000,40,210.000,20,212.000,10,775.000,1,0,0,0,0,0,0,
84721202000,0.000,0,200.000,1,199.000,21,197.000,10,195.000,20,84.000,3,210.000,41,212.000,10,775.000,1,0,0,0,0,0,0,
84729016000,0.000,0,200.000,1,197.000,10,195.000,20,84.000,3,22.000,40,210.000,20,212.000,10,775.000,1,0,0,0,0,0,0,
84729016000,0.000,0,200.000,22,197.000,10,195.000,20,84.000,3,22.000,40,210.000,41,212.000,10,775.000,1,0,0,0,0,0,0,
84734209000,0.000,0,200.000,1,197.000,10,195.000,20,84.000,3,22.000,40,210.000,20,212.000,10,775.000,1,0,0,0,0,0,0,
84734209000,0.000,0,200.000,1,199.000,21,197.000,10,195.000,20,84.000,3,210.000,41,212.000,10,775.000,1,0,0,0,0,0,0,
84745219000,0.000,0,200.000,1,197.000,10,195.000,20,84.000,3,22.000,40,210.000,20,212.000,10,775.000,1,0,0,0,0,0,0,
84745219000,0.000,0,200.000,1,198.000,21,197.000,10,195.000,20,84.000,3,210.000,41,212.000,10,775.000,1,0,0,0,0,0,0,
84746207000,0.000,0,200.000,1,197.000,10,195.000,20,84.000,3,22.000,40,210.000,20,212.000,10,775.000,1,0,0,0,0,0,0,
84746207000,0.000,0,200.000,1,199.000,21,197.000,10,195.000,20,84.000,3,210.000,41,212.000,10,775.000,1,0,0,0,0,0,0,
84820864000,0.000,0,200.000,1,199.000,21,197.000,10,84.000,3,22.000,40,210.000,21,212.000,10,775.000,1,0,0,0,0,0,0,
84820864000,0.000,0,200.000,1,199.000,21,197.000,30,84.000,3,22.000,40,210.000,21,212.000,30,775.000,1,0,0,0,0,0,0,
84820994000,0.000,0,200.000,1,197.000,30,84.000,3,22.000,40,1.800,400,212.000,30,775.000,1,0,0,0,0,0,0,0,0,
84820994000,0.000,0,200.000,22,197.000,30,84.000,3,22.000,40,1.800,400,211.000,21,212.000,30,775.000,1,0,0,0,0,0,0,
84821994000,0.000,0,200.000,1,197.000,30,84.000,3,22.000,40,1.800,400,212.000,30,775.000,1,0,0,0,0,0,0,0,0,
84821994000,0.000,0,201.000,21,200.000,1,197.000,30,84.000,3,22.000,40,211.000,21,212.000,30,775.000,1,0,0,0,0,0,0,
84825153000,0.000,0,201.000,21,200.000,1,197.000,30,84.000,3,22.000,40,211.000,21,212.000,20,775.000,1,0,0,0,0,0,0,
84825278000,0.000,0,201.000,21,200.000,1,197.000,30,84.000,3,22.000,40,211.000,21,212.000,20,214.000,10,775.000,1,0,0,0,0,
84826334000,0.000,0,200.000,1,197.000,30,84.000,3,22.000,40,1.800,400,212.000,20,214.000,10,775.000,1,0,0,0,0,0,0,
84826334000,0.000,0,201.000,21,200.000,1,197.000,30,84.000,3,22.000,40,212.000,41,214.000,10,775.000,1,0,0,0,0,0,0,
84827113000,0.000,0,201.000,21,200.000,1,197.000,20,84.000,3,22.000,40,212.000,41,214.000,10,775.000,1,0,0,0,0,0,0,
84827114000,0.000,0,201.000,21,200.000,1,199.000,10,197.000,20,84.000,3,212.000,41,214.000,10,775.000,1,0,0,0,0,0,0,
84827435000,0.000,0,200.000,1,199.000,10,197.000,20,84.000,3,22.000,40,212.000,20,214.000,10,775.000,1,0,0,0,0,0,0,
84827435000,0.000,0,201.000,21,200.000,1,199.000,10,197.000,20,84.000,3,212.000,20,213.000,21,214.000,10,775.000,1,0,0,0,0,
84827503000,0.000,0,201.000,21,200.000,1,199.000,10,84.000,3,22.000,40,213.000,21,214.000,10,775.000,1,0,0,0,0,0,0,
84827503000,0.000,0,201.000,21,200.000,21,199.000,10,84.000,3,22.000,40,213.000,21,214.000,10,215.000,20,775.000,1,0,0,0,0,
84843503000,0.000,0,201.000,21,200.000,1,199.000,10,84.000,3,22.000,40,213.000,21,214.000,10,775.000,1,0,0,0,0,0,0,
84843503000,0.000,0,201.000,21,200.000,1,199.000,10,198.000,20,84.000,3,213.000,41,214.000,10,775.000,1,0,0,0,0,0,0,
84852114000,0.000,0,200.000,1,199.000,10,198.000,20,84.000,3,22.000,40,213.000,20,214.000,10,775.000,1,0,0,0,0,0,0,
84852114000,0.000,0,200.000,22,199.000,10,198.000,20,84.000,3,22.000,40,213.000,41,214.000,10,775.000,1,0,0,0,0,0,0,
84852738000,0.000,0,200.000,22,198.000,20,84.000,3,22.000,40,1.800,400,213.000,41,214.000,10,775.000,1,0,0,0,0,0,0,
84852862000,0.000,0,200.000,22,198.000,20,196.000,10,84.000,3,22.000,40,213.000,41,214.000,10,775.000,1,0,0,0,0,0,0,
84900118000,0.000,0,200.000,1,198.000,20,196.000,10,84.000,3,22.000,40,213.000,20,214.000,10,775.000,1,0,0,0,0,0,0,
84900118000,0.000,0,200.000,1,199.000,21,198.000,20,196.000,10,84.000,3,213.000,41,214.000,10,775.000,1,0,0,0,0,0,0,
84908258000,0.000,0,200.000,1,198.000,20,196.000,10,84.000,3,22.000,40,213.000,20,214.000,10,775.000,1,0,0,0,0,0,0,
84908258000,0.000,0,200.000,22,198.000,20,196.000,10,84.000,3,22.000,40,213.000,41,214.000,10,775.000,1,0,0,0,0,0,0,
84908289000,0.000,0,200.000,1,198.000,20,196.000,10,84.000,3,22.000,40,213.000,20,214.000,10,775.000,1,0,0,0,0,0,0,
84908289000,0.000,0,200.000,1,199.000,21,198.000,20,196.000,10,84.000,3,213.000,41,214.000,10,775.000,1,0,0,0,0,0,0,
84913143000,0.000,0,199.000,21,198.000,20,196.000,10,84.000,3,22.000,40,213.000,41,214.000,10,775.000,1,0,0,0,0,0,0,
84936266000,0.000,0,199.000,21,198.000,20,196.000,10,84.000,3,22.000,40,213.000,41,775.000,1,0,0,0,0,0,0,0,0,
84936266000,0.000,0,199.000,21,198.000,20,196.000,10,84.000,3,22.000,40,212.000,10,213.000,41,775.000,1,0,0,0,0,0,0,
84936301000,0.000,0,198.000,20,196.000,10,84.000,3,22.000,40,1.800,400,212.000,10,213.000,20,775.000,1,0,0,0,0,0,0,
84936301000,0.000,0,199.000,21,198.000,20,196.000,10,84.000,3,22.000,40,211.000,21,212.000,10,213.000,20,775.000,1,0,0,0,0,
84936503000,0.000,0,199.000,21,196.000,10,84.000,3,22.000,40,1.800,400,211.000,21,212.000,10,775.000,1,0,0,0,0,0,0,
84936503000,0.000,0,199.000,21,196.000,30,84.000,3,22.000,40,1.800,400,211.000,41,212.000,10,775.000,1,0,0,0,0,0,0,
84937301000,0.000,0,196.000,30,84.000,3,22.000,40,1.800,400,0,0,211.000,20,212.000,10,775.000,1,0,0,0,0,0,0,
84937301000,0.000,0,197.000,21,196.000,30,84.000,3,22.000,40,1.800,400,211.000,41,212.000,10,775.000,1,0,0,0,0,0,0,
84937304000,0.000,0,197.000,21,196.000,36,84.000,3,22.000,40,1.800,400,211.000,41,212.000,10,775.000,1,0,0,0,0,0,0,
84939685000,0.000,0,197.000,21,196.000,30,84.000,3,22.000,40,1.800,400,211.000,41,212.000,10,775.000,1,0,0,0,0,0,0,
84942120000,0.000,0,197.000,21,196.000,36,84.000,3,22.000,40,1.800,400,211.000,41,212.000,10,775.000,1,0,0,0,0,0,0,
84945251000,0.000,0,197.000,21,196.000,30,84.000,3,22.000,40,1.800,400,211.000,41,212.000,10,775.000,1,0,0,0,0,0,0,
84952346000,0.000,0,197.000,21,196.000,36,84.000,3,22.000,40,1.800,400,211.000,41,212.000,10,775.000,1,0,0,0,0,0,0,
84955290000,0.000,0,197.000,21,196.000,30,84.000,3,22.000,40,1.800,400,211.000,41,212.000,10,775.000,1,0,0,0,0,0,0,
85036370000,0.000,0,197.000,21,196.000,36,84.000,3,22.000,40,1.800,400,211.000,41,212.000,10,775.000,1,0,0,0,0,0,0,
85037620000,0.000,0,197.000,21,196.000,30,84.000,3,22.000,40,1.800,400,211.000,41,212.000,10,775.000,1,0,0,0,0,0,0,
85042700000,0.000,0,197.000,21,196.000,36,84.000,3,22.000,40,1.800,400,211.000,41,212.000,10,775.000,1,0,0,0,0,0,0,
85047041000,0.000,0,197.000,21,196.000,36,84.000,3,38.500,1,22.000,40,211.000,41,212.000,10,775.000,1,0,0,0,0,0,0,
85047041000,0.000,0,197.000,21,196.000,36,84.000,3,38.500,1,22.000,40,211.000,41,212.000,10,364.000,1,775.000,1,0,0,0,0,
85054532000,0.000,0,197.000,21,196.000,30,84.000,3,38.500,1,22.000,40,211.000,41,212.000,10,364.000,1,775.000,1,0,0,0,0,
85056146000,0.000,0,197.000,21,196.000,36,84.000,3,38.500,1,22.000,40,211.000,41,212.000,10,364.000,1,775.000,1,0,0,0,0,
85108398000,0.000,0,197.000,21,196.000,30,84.000,3,38.500,1,22.000,40,211.000,41,212.000,10,364.000,1,775.000,1,0,0,0,0,
85118751000,0.000,0,197.000,21,196.000,36,84.000,3,38.500,1,22.000,40,211.000,41,212.000,10,364.000,1,775.000,1,0,0,0,0,
85133539000,0.000,0,197.000,21,196.000,30,84.000,3,38.500,1,22.000,40,211.000,41,212.000,10,364.000,1,775.000,1,0,0,0,0,
85138151000,0.000,0,197.000,21,196.000,36,84.000,3,38.500,1,22.000,40,211.000,41,212.000,10,364.000,1,775.000,1,0,0,0,0,
85152865000,0.000,0,197.000,21,196.000,30,84.000,3,38.500,1,22.000,40,211.000,41,212.000,10,364.000,1,775.000,1,0,0,0,0,
85212360000,0.000,0,197.000,21,196.000,30,84.000,3,38.500,1,22.000,40,211.000,41,364.000,1,775.000,1,0,0,0,0,0,0,
85212361000,0.000,0,197.000,21,196.000,30,84.000,3,38.500,1,22.000,40,210.000,10,211.000,41,364.000,1,775.000,1,0,0,0,0,
85212368000,0.000,0,196.000,30,84.000,3,38.500,1,22.000,40,1.800,400,210.000,10,211.000,20,364.000,1,775.000,1,0,0,0,0,
85212368000,0.000,0,197.000,21,196.000,30,84.000,3,38.500,1,22.000,40,209.000,21,210.000,10,211.000,20,364.000,1,775.000,1,0,0,
85216502000,0.000,0,197.000,21,196.000,10,84.000,3,38.500,1,22.000,40,209.000,21,210.000,10,364.000,1,775.000,1,0,0,0,0,
85216502000,0.000,0,197.000,21,196.000,10,194.000,20,84.000,3,38.500,1,209.000,41,210.000,10,364.000,1,775.000,1,0,0,0,0,
85217735000,0.000,0,200.000,1,197.000,21,196.000,10,194.000,20,84.000,3,209.000,41,210.000,10,364.000,1,775.000,1,0,0,0,0,
85218371000,0.000,0,200.000,1,196.000,10,194.000,20,84.000,3,38.500,1,209.000,20,210.000,10,364.000,1,775.000,1,0,0,0,0,
85218371000,0.000,0,200.000,1,198.000,21,196.000,10,194.000,20,84.000,3,209.000,41,210.000,10,364.000,1,775.000,1,0,0,0,0,
85218397000,0.000,0,200.000,1,198.000,21,194.000,20,84.000,3,38.500,1,209.000,41,210.000,10,364.000,1,775.000,1,0,0,0,0,
85218520000,0.000,0,200.000,1,198.000,21,194.000,20,193.000,10,84.000,3,209.000,41,210.000,10,364.000,1,775.000,1,0,0,0,0,
85219495000,0.000,0,200.000,1,194.000,20,193.000,10,84.000,3,38.500,1,209.000,20,210.000,10,364.000,1,775.000,1,0,0,0,0,
85219495000,0.000,0,200.000,1,197.000,21,194.000,20,193.000,10,84.000,3,209.000,41,210.000,10,364.000,1,775.000,1,0,0,0,0,
85220457000,0.000,0,200.000,1,194.000,20,193.000,10,84.000,3,38.500,1,209.000,20,210.000,10,364.000,1,775.000,1,0,0,0,0,
85220457000,0.000,0,200.000,1,196.000,21,194.000,20,193.000,10,84.000,3,209.000,41,210.000,10,364.000,1,775.000,1,0,0,0,0,
85221391000,0.000,0,196.000,21,194.000,20,193.000,10,84.000,3,38.500,1,209.000,41,210.000,10,364.000,1,775.000,1,0,0,0,0,
85221556000,0.000,0,194.000,20,193.000,10,84.000,3,38.500,1,22.000,40,209.000,20,210.000,10,364.000,1,775.000,1,0,0,0,0,
85221556000,0.000,0,195.000,21,194.000,20,193.000,10,84.000,3,38.500,1,209.000,41,210.000,10,364.000,1,775.000,1,0,0,0,0,
85224240000,0.000,0,195.000,21,194.000,20,193.000,10,84.000,3,38.500,1,209.000,41,210.000,16,364.000,1,775.000,1,0,0,0,0,
85225563000,0.000,0,195.000,21,194.000,20,84.000,3,38.500,1,22.000,40,209.000,41,210.000,16,364.000,1,775.000,1,0,0,0,0,
85226322000,0.000,0,195.000,21,194.000,20,191.000,10,84.000,3,38.500,1,209.000,41,210.000,16,364.000,1,775.000,1,0,0,0,0,
85226375000,0.000,0,194.000,20,191.000,10,84.000,3,38.500,1,22.000,40,209.000,20,210.000,16,364.000,1,775.000,1,0,0,0,0,
85226375000,0.000,0,194.000,41,191.000,10,84.000,3,38.500,1,22.000,40,209.000,41,210.000,16,364.000,1,775.000,1,0,0,0,0,
85227283000,0.000,0,194.000,41,191.000,10,84.000,3,38.500,1,22.000,40,209.000,41,210.000,10,364.000,1,775.000,1,0,0,0,0,
85227293000,0.000,0,194.000,41,191.000,10,84.000,3,38.500,1,22.000,40,209.000,47,210.000,10,364.000,1,775.000,1,0,0,0,0,
85229220000,0.000,0,194.000,41,191.000,10,190.000,1,84.000,3,38.500,1,209.000,47,210.000,10,364.000,1,775.000,1,0,0,0,0,
85231381000,0.000,0,194.000,20,191.000,10,190.000,1,84.000,3,38.500,1,209.000,26,210.000,10,364.000,1,775.000,1,0,0,0,0,
85231381000,0.000,0,195.000,21,194.000,20,191.000,10,190.000,1,84.000,3,209.000,47,210.000,10,364.000,1,775.000,1,0,0,0,0,
85241373000,0.000,0,194.000,20,191.000,10,190.000,1,84.000,3,38.500,1,209.000,26,210.000,10,364.000,1,775.000,1,0,0,0,0,
85241373000,0.000,0,194.000,41,191.000,10,190.000,1,84.000,3,38.500,1,209.000,47,210.000,10,364.000,1,775.000,1,0,0,0,0,
85255574000,0.000,0,194.000,41,191.000,10,190.000,1,84.000,3,38.500,1,209.000,47,364.000,1,775.000,1,0,0,0,0,0,0,
85255574000,0.000,0,194.000,41,191.000,10,190.000,1,84.000,3,38.500,1,208.000,10,209.000,47,364.000,1,775.000,1,0,0,0,0,
85256376000,0.000,0,194.000,20,191.000,10,190.000,1,84.000,3,38.500,1,208.000,10,209.000,26,364.000,1,775.000,1,0,0,0,0,
85256376000,0.000,0,194.000,41,191.000,10,190.000,1,84.000,3,38.500,1,207.000,21,208.000,10,209.000,26,364.000,1,775.000,1,0,0,
85256487000,0.000,0,194.000,21,191.000,10,190.000,1,84.000,3,38.500,1,207.000,21,208.000,10,209.000,6,364.000,1,775.000,1,0,0,
85256503000,0.000,0,194.000,21,192.000,20,191.000,10,190.000,1,84.000,3,207.000,41,208.000,10,209.000,6,364.000,1,775.000,1,0,0,
85257377000,0.000,0,192.000,20,191.000,10,190.000,1,84.000,3,38.500,1,207.000,20,208.000,10,209.000,6,364.000,1,775.000,1,0,0,
85257377000,0.000,0,193.000,21,192.000,20,191.000,10,190.000,1,84.000,3,207.000,41,208.000,10,209.000,6,364.000,1,775.000,1,0,0,
85301163000,0.000,0,193.000,21,192.000,20,190.000,1,84.000,3,38.500,1,207.000,41,208.000,10,209.000,6,364.000,1,775.000,1,0,0,
85301165000,0.000,0,193.000,21,192.000,20,190.000,1,84.000,3,38.500,1,207.000,41,208.000,10,364.000,1,775.000,1,0,0,0,0,
85301170000,0.000,0,193.000,21,192.000,20,190.000,1,84.000,3,38.500,1,207.000,41,208.000,16,364.000,1,775.000,1,0,0,0,0,
85301192000,0.000,0,193.000,21,192.000,20,190.000,1,84.000,3,38.500,1,207.000,41,208.000,10,364.000,1,775.000,1,0,0,0,0,
85301312000,0.000,0,193.000,21,192.000,20,190.000,1,84.000,3,38.500,1,206.000,6,207.000,41,208.000,10,364.000,1,775.000,1,0,0,
85301903000,0.000,0,192.000,20,190.000,1,84.000,3,38.500,1,22.000,40,206.000,6,207.000,20,208.000,10,364.000,1,775.000,1,0,0,
85301997000,0.000,0,190.000,1,84.000,3,38.500,1,22.000,40,1.800,400,206.000,6,208.000,10,364.000,1,775.000,1,0,0,0,0,
85302095000,0.000,0,190.000,1,84.000,3,38.500,1,22.000,40,1.800,400,208.000,10,364.000,1,775.000,1,0,0,0,0,0,0,
85302102000,0.000,0,190.000,1,84.000,3,38.500,1,22.000,40,1.800,400,207.000,6,208.000,10,364.000,1,775.000,1,0,0,0,0,
85302260000,0.000,0,190.000,1,187.000,10,84.000,3,38.500,1,22.000,40,207.000,6,208.000,10,364.000,1,775.000,1,0,0,0,0,
85304166000,0.000,0,191.000,21,190.000,1,187.000,10,84.000,3,38.500,1,206.000,21,207.000,6,208.000,10,364.000,1,775.000,1,0,0,
85304225000,0.000,0,191.000,21,190.000,1,187.000,10,84.000,3,38.500,1,206.000,21,208.000,10,364.000,1,775.000,1,0,0,0,0,
85304236000,0.000,0,191.000,21,190.000,1,187.000,10,84.000,3,38.500,1,206.000,27,208.000,10,364.000,1,775.000,1,0,0,0,0,
85304502000,0.000,0,191.000,41,190.000,1,187.000,10,84.000,3,38.500,1,206.000,47,208.000,10,364.000,1,775.000,1,0,0,0,0,
85305630000,0.000,0,191.000,41,190.000,1,187.000,10,84.000,3,38.500,1,206.000,41,208.000,10,364.000,1,775.000,1,0,0,0,0,
85305641000,0.000,0,191.000,41,190.000,1,187.000,10,84.000,3,38.500,1,205.000,6,206.000,41,208.000,10,364.000,1,775.000,1,0,0,
85306450000,0.000,0,191.000,20,190.000,1,187.000,10,84.000,3,38.500,1,205.000,6,206.000,20,208.000,10,364.000,1,775.000,1,0,0,
85306450000,0.000,0,191.000,41,190.000,1,187.000,10,84.000,3,38.500,1,204.000,21,205.000,6,206.000,20,208.000,10,364.000,1,0,0,
85306470000,0.000,0,191.000,21,190.000,1,187.000,10,84.000,3,38.500,1,204.000,21,205.000,6,208.000,10,364.000,1,775.000,1,0,0,
85306503000,0.000,0,191.000,21,190.000,1,189.000,20,187.000,10,84.000,3,204.000,41,205.000,6,208.000,10,364.000,1,775.000,1,0,0,
85307598000,0.000,0,190.000,1,189.000,20,187.000,10,84.000,3,38.500,1,204.000,20,205.000,6,208.000,10,364.000,1,775.000,1,0,0,
85307598000,0.000,0,190.000,22,189.000,20,187.000,10,84.000,3,38.500,1,204.000,41,205.000,6,208.000,10,364.000,1,775.000,1,0,0,
85309637000,0.000,0,190.000,22,189.000,20,187.000,10,84.000,3,38.500,1,204.000,41,208.000,10,364.000,1,775.000,1,0,0,0,0,
85309647000,0.000,0,190.000,22,189.000,20,187.000,10,84.000,3,38.500,1,204.000,47,208.000,10,364.000,1,775.000,1,0,0,0,0,
85309939000,0.000,0,190.000,1,189.000,20,187.000,10,84.000,3,38.500,1,204.000,26,208.000,10,364.000,1,775.000,1,0,0,0,0,
85309939000,0.000,0,190.000,1,189.000,41,187.000,10,84.000,3,38.500,1,204.000,47,208.000,10,364.000,1,775.000,1,0,0,0,0,
85311424000,0.000,0,189.000,41,187.000,10,84.000,3,38.500,1,22.000,40,204.000,47,208.000,10,364.000,1,775.000,1,0,0,0,0,
85315387000,0.000,0,189.000,20,187.000,10,84.000,3,38.500,1,22.000,40,204.000,26,208.000,10,364.000,1,775.000,1,0,0,0,0,
85315387000,0.000,0,190.000,21,189.000,20,187.000,10,84.000,3,38.500,1,204.000,47,208.000,10,364.000,1,775.000,1,0,0,0,0,
85317198000,0.000,0,189.000,20,187.000,10,84.000,3,38.500,1,22.000,40,204.000,26,208.000,10,364.000,1,775.000,1,0,0,0,0,
85317198000,0.000,0,189.000,41,187.000,10,84.000,3,38.500,1,22.000,40,204.000,47,208.000,10,364.000,1,775.000,1,0,0,0,0,
85319134000,0.000,0,190.000,1,189.000,41,187.000,10,84.000,3,38.500,1,204.000,47,208.000,10,364.000,1,775.000,1,0,0,0,0,
85320410000,0.000,0,190.000,1,189.000,20,187.000,10,84.000,3,38.500,1,204.000,26,208.000,10,364.000,1,775.000,1,0,0,0,0,
85320410000,0.000,0,190.000,22,189.000,20,187.000,10,84.000,3,38.500,1,204.000,47,208.000,10,364.000,1,775.000,1,0,0,0,0,
85321246000,0.000,0,190.000,22,189.000,20,187.000,10,84.000,3,38.500,1,204.000,41,208.000,10,364.000,1,775.000,1,0,0,0,0,
85321256000,0.000,0,190.000,22,189.000,20,187.000,10,84.000,3,38.500,1,204.000,41,205.000,6,208.000,10,364.000,1,775.000,1,0,0,
85324247000,0.000,0,190.000,1,189.000,20,187.000,10,84.000,3,38.500,1,204.000,20,205.000,6,208.000,10,364.000,1,775.000,1,0,0,
85324247000,0.000,0,191.000,21,190.000,1,189.000,20,187.000,10,84.000,3,204.000,41,205.000,6,208.000,10,364.000,1,775.000,1,0,0,
85328406000,0.000,0,191.000,21,190.000,1,189.000,20,187.000,10,84.000,3,204.000,41,208.000,10,364.000,1,775.000,1,0,0,0,0,
85329267000,0.000,0,191.000,21,190.000,1,189.000,20,187.000,10,84.000,3,204.000,41,205.000,6,208.000,10,364.000,1,775.000,1,0,0,
85329408000,0.000,0,190.000,1,189.000,20,187.000,10,84.000,3,38.500,1,204.000,20,205.000,6,208.000,10,364.000,1,775.000,1,0,0,
85329408000,0.000,0,190.000,22,189.000,20,187.000,10,84.000,3,38.500,1,204.000,41,205.000,6,208.000,10,364.000,1,775.000,1,0,0,
85331171000,0.000,0,190.000,22,189.000,20,187.000,10,84.000,3,38.500,1,204.000,41,205.000,6,364.000,1,775.000,1,0,0,0,0,
85331171000,0.000,0,190.000,22,189.000,20,187.000,10,84.000,3,38.500,1,203.000,10,204.000,41,205.000,6,364.000,1,775.000,1,0,0,
85331404000,0.000,0,190.000,1,189.000,20,187.000,10,84.000,3,38.500,1,203.000,10,204.000,20,205.000,6,364.000,1,775.000,1,0,0,
85331404000,0.000,0,190.000,22,189.000,20,187.000,10,84.000,3,38.500,1,202.000,21,203.000,10,204.000,20,205.000,6,364.000,1,0,0,
85331430000,0.000,0,190.000,22,187.000,10,84.000,3,38.500,1,22.000,40,202.000,21,203.000,10,205.000,6,364.000,1,775.000,1,0,0,
85331503000,0.000,0,190.000,22,187.000,30,84.000,3,38.500,1,22.000,40,202.000,41,203.000,10,205.000,6,364.000,1,775.000,1,0,0,
85337588000,0.000,0,190.000,1,187.000,30,84.000,3,38.500,1,22.000,40,202.000,20,203.000,10,205.000,6,364.000,1,775.000,1,0,0,
85337588000,0.000,0,190.000,1,189.000,21,187.000,30,84.000,3,38.500,1,202.000,41,203.000,10,205.000,6,364.000,1,775.000,1,0,0,
85339412000,0.000,0,190.000,1,187.000,30,84.000,3,38.500,1,22.000,40,202.000,20,203.000,10,205.000,6,364.000,1,775.000,1,0,0,
85339412000,0.000,0,190.000,22,187.000,30,84.000,3,38.500,1,22.000,40,202.000,41,203.000,10,205.000,6,364.000,1,775.000,1,0,0,
85341417000,0.000,0,190.000,1,187.000,30,84.000,3,38.500,1,22.000,40,202.000,20,203.000,10,205.000,6,364.000,1,775.000,1,0,0,
85341417000,0.000,0,190.000,1,189.000,21,187.000,30,84.000,3,38.500,1,202.000,41,203.000,10,205.000,6,364.000,1,775.000,1,0,0,
85344133000,0.000,0,190.000,1,189.000,21,187.000,30,84.000,3,38.500,1,202.000,41,203.000,10,364.000,1,775.000,1,0,0,0,0,
85345409000,0.000,0,190.000,1,187.000,30,84.000,3,38.500,1,22.000,40,202.000,20,203.000,10,364.000,1,775.000,1,0,0,0,0,
85345409000,0.000,0,190.000,22,187.000,30,84.000,3,38.500,1,22.000,40,202.000,41,203.000,10,364.000,1,775.000,1,0,0,0,0,
85347056000,0.000,0,190.000,1,187.000,30,84.000,3,38.500,1,22.000,40,202.000,20,203.000,10,364.000,1,775.000,1,0,0,0,0,
85347056000,0.000,0,190.000,1,189.000,21,187.000,30,84.000,3,38.500,1,202.000,41,203.000,10,364.000,1,775.000,1,0,0,0,0,
85353420000,0.000,0,190.000,1,187.000,30,84.000,3,38.500,1,22.000,40,202.000,20,203.000,10,364.000,1,775.000,1,0,0,0,0,
85353420000,0.000,0,190.000,22,187.000,30,84.000,3,38.500,1,22.000,40,202.000,41,203.000,10,364.000,1,775.000,1,0,0,0,0,
85408419000,0.000,0,190.000,22,187.000,30,84.000,3,38.500,1,22.000,40,202.000,41,364.000,1,775.000,1,0,0,0,0,0,0,
85408419000,0.000,0,190.000,1,187.000,30,84.000,3,38.500,1,22.000,40,202.000,20,364.000,1,775.000,1,0,0,0,0,0,0,
85408419000,0.000,0,190.000,1,189.000,21,187.000,30,84.000,3,38.500,1,202.000,41,364.000,1,775.000,1,0,0,0,0,0,0,
85408419000,0.000,0,190.000,1,189.000,21,187.000,30,84.000,3,38.500,1,201.000,10,202.000,41,364.000,1,775.000,1,0,0,0,0,
85409102000,0.000,0,190.000,1,189.000,21,187.000,20,84.000,3,38.500,1,201.000,10,202.000,41,364.000,1,775.000,1,0,0,0,0,
85409224000,0.000,0,190.000,1,189.000,21,187.000,20,184.000,10,84.000,3,201.000,10,202.000,41,364.000,1,775.000,1,0,0,0,0,
85409518000,0.000,0,190.000,1,187.000,20,184.000,10,84.000,3,38.500,1,201.000,10,202.000,20,364.000,1,775.000,1,0,0,0,0,
85409518000,0.000,0,190.000,1,188.000,21,187.000,20,184.000,10,84.000,3,200.000,21,201.000,10,202.000,20,364.000,1,775.000,1,0,0,
85409518000,0.000,0,190.000,1,188.000,21,184.000,10,84.000,3,38.500,1,200.000,21,201.000,10,364.000,1,775.000,1,0,0,0,0,
85410003000,0.000,0,190.000,1,188.000,21,185.000,20,184.000,10,84.000,3,200.000,41,201.000,10,364.000,1,775.000,1,0,0,0,0,
85410579000,0.000,0,190.000,1,185.000,20,184.000,10,84.000,3,38.500,1,200.000,20,201.000,10,364.000,1,775.000,1,0,0,0,0,
85410579000,0.000,0,190.000,1,189.000,21,185.000,20,184.000,10,84.000,3,200.000,41,201.000,10,364.000,1,775.000,1,0,0,0,0,
85413206000,0.000,0,190.000,1,189.000,21,185.000,20,84.000,3,38.500,1,200.000,41,201.000,10,364.000,1,775.000,1,0,0,0,0,
85413206000,0.000,0,190.000,1,189.000,21,186.000,10,185.000,20,84.000,3,200.000,41,201.000,10,364.000,1,775.000,1,0,0,0,0,
85414207000,0.000,0,190.000,1,186.000,10,185.000,20,84.000,3,38.500,1,200.000,20,201.000,10,364.000,1,775.000,1,0,0,0,0,
85414207000,0.000,0,191.000,21,190.000,1,186.000,10,185.000,20,84.000,3,200.000,41,201.000,10,364.000,1,775.000,1,0,0,0,0,
85415502000,0.000,0,191.000,21,190.000,1,186.000,10,84.000,3,38.500,1,200.000,21,201.000,10,364.000,1,775.000,1,0,0,0,0,
85415502000,0.000,0,191.000,21,190.000,1,187.000,20,186.000,10,84.000,3,200.000,21,201.000,10,202.000,20,364.000,1,775.000,1,0,0,
85424968000,0.000,0,191.000,21,190.000,1,187.000,20,186.000,10,84.000,3,200.000,21,202.000,20,364.000,1,775.000,1,0,0,0,0,
85424969000,0.000,0,191.000,21,190.000,1,187.000,20,84.000,3,38.500,1,200.000,21,202.000,20,364.000,1,775.000,1,0,0,0,0,
85424971000,0.000,0,191.000,21,190.000,1,188.000,10,187.000,20,84.000,3,200.000,21,202.000,20,364.000,1,775.000,1,0,0,0,0,
85425091000,0.000,0,191.000,21,190.000,1,188.000,10,187.000,20,84.000,3,200.000,21,202.000,20,204.000,10,364.000,1,775.000,1,0,0,
85426067000,0.000,0,190.000,1,188.000,10,187.000,20,84.000,3,38.500,1,202.000,20,204.000,10,364.000,1,775.000,1,0,0,0,0,
85426067000,0.000,0,191.000,21,190.000,1,188.000,10,187.000,20,84.000,3,201.000,21,202.000,20,204.000,10,364.000,1,775.000,1,0,0,
85426503000,0.000,0,191.000,21,190.000,1,188.000,10,84.000,3,38.500,1,201.000,21,204.000,10,364.000,1,775.000,1,0,0,0,0,
85426503000,0.000,0,191.000,21,190.000,1,189.000,20,188.000,10,84.000,3,201.000,21,204.000,30,364.000,1,775.000,1,0,0,0,0,
85427168000,0.000,0,190.000,1,189.000,20,188.000,10,84.000,3,38.500,1,204.000,30,364.000,1,775.000,1,0,0,0,0,0,0,
85427168000,0.000,0,191.000,21,190.000,1,189.000,20,188.000,10,84.000,3,203.000,21,204.000,30,364.000,1,775.000,1,0,0,0,0,
85428443000,0.000,0,191.000,21,190.000,1,189.000,20,84.000,3,38.500,1,203.000,21,204.000,30,364.000,1,775.000,1,0,0,0,0,
85428443000,0.000,0,191.000,21,190.000,11,189.000,20,84.000,3,38.500,1,203.000,21,204.000,30,364.000,1,775.000,1,0,0,0,0,
85441296000,0.000,0,191.000,21,190.000,10,189.000,20,84.000,3,38.500,1,203.000,21,204.000,30,364.000,1,775.000,1,0,0,0,0,
85444982000,0.000,0,193.000,1,191.000,21,190.000,10,189.000,20,84.000,3,203.000,21,204.000,30,364.000,1,775.000,1,0,0,0,0,
85445438000,0.000,0,193.000,1,190.000,10,189.000,20,84.000,3,38.500,1,204.000,30,364.000,1,775.000,1,0,0,0,0,0,0,
85445438000,0.000,0,194.000,21,193.000,1,190.000,10,189.000,20,84.000,3,203.000,21,204.000,30,364.000,1,775.000,1,0,0,0,0,
85446439000,0.000,0,193.000,1,190.000,10,189.000,20,84.000,3,38.500,1,204.000,30,364.000,1,775.000,1,0,0,0,0,0,0,
85446439000,0.000,0,193.000,22,190.000,10,189.000,20,84.000,3,38.500,1,203.000,21,204.000,30,364.000,1,775.000,1,0,0,0,0,
85447439000,0.000,0,193.000,1,190.000,10,189.000,20,84.000,3,38.500,1,204.000,30,364.000,1,775.000,1,0,0,0,0,0,0,
85447439000,0.000,0,194.000,21,193.000,1,190.000,10,189.000,20,84.000,3,203.000,21,204.000,30,364.000,1,775.000,1,0,0,0,0,
85448439000,0.000,0,193.000,1,190.000,10,189.000,20,84.000,3,38.500,1,204.000,30,364.000,1,775.000,1,0,0,0,0,0,0,
85448439000,0.000,0,193.000,22,190.000,10,189.000,20,84.000,3,38.500,1,203.000,21,204.000,30,364.000,1,775.000,1,0,0,0,0,
85449001000,0.000,0,193.000,21,190.000,10,189.000,20,84.000,3,38.500,1,203.000,21,204.000,30,364.000,1,775.000,1,0,0,0,0,
85449440000,0.000,0,190.000,10,189.000,20,84.000,3,38.500,1,22.000,40,204.000,30,364.000,1,775.000,1,0,0,0,0,0,0,
85449440000,0.000,0,191.000,21,190.000,10,189.000,20,84.000,3,38.500,1,203.000,21,204.000,30,364.000,1,775.000,1,0,0,0,0,
85453357000,0.000,0,195.000,1,191.000,21,190.000,10,189.000,20,84.000,3,203.000,21,204.000,30,364.000,1,775.000,1,0,0,0,0,
85453441000,0.000,0,195.000,1,190.000,10,189.000,20,84.000,3,38.500,1,204.000,30,364.000,1,775.000,1,0,0,0,0,0,0,
85453441000,0.000,0,195.000,1,194.000,21,190.000,10,189.000,20,84.000,3,203.000,21,204.000,30,364.000,1,775.000,1,0,0,0,0,
85456450000,0.000,0,195.000,1,190.000,10,189.000,20,84.000,3,38.500,1,204.000,30,364.000,1,775.000,1,0,0,0,0,0,0,
85456450000,0.000,0,195.000,1,193.000,21,190.000,10,189.000,20,84.000,3,203.000,21,204.000,30,364.000,1,775.000,1,0,0,0,0,
85458457000,0.000,0,195.000,1,190.000,10,189.000,20,84.000,3,38.500,1,204.000,30,364.000,1,775.000,1,0,0,0,0,0,0,
85458457000,0.000,0,195.000,1,194.000,21,190.000,10,189.000,20,84.000,3,203.000,21,204.000,30,364.000,1,775.000,1,0,0,0,0,
85459444000,0.000,0,195.000,1,190.000,10,189.000,20,84.000,3,38.500,1,204.000,30,364.000,1,775.000,1,0,0,0,0,0,0,
85459444000,0.000,0,195.000,1,193.000,21,190.000,10,189.000,20,84.000,3,203.000,21,204.000,30,364.000,1,775.000,1,0,0,0,0,
85514582000,0.000,0,195.000,1,190.000,10,189.000,20,84.000,3,38.500,1,204.000,30,364.000,1,775.000,1,0,0,0,0,0,0,
85514582000,0.000,0,195.000,1,194.000,21,190.000,10,189.000,20,84.000,3,203.000,21,204.000,30,364.000,1,775.000,1,0,0,0,0,
85520995000,0.000,0,195.000,1,194.000,21,190.000,10,189.000,20,84.000,3,203.000,21,204.000,20,364.000,1,775.000,1,0,0,0,0,
85521118000,0.000,0,195.000,1,194.000,21,190.000,10,189.000,20,84.000,3,203.000,21,204.000,20,206.000,10,364.000,1,775.000,1,0,0,
85521454000,0.000,0,195.000,1,190.000,10,189.000,20,84.000,3,38.500,1,204.000,20,206.000,10,364.000,1,775.000,1,0,0,0,0,
85521454000,0.000,0,195.000,22,190.000,10,189.000,20,84.000,3,38.500,1,203.000,21,204.000,20,206.000,10,364.000,1,775.000,1,0,0,
85527157000,0.000,0,195.000,1,190.000,10,189.000,20,84.000,3,38.500,1,204.000,20,206.000,10,364.000,1,775.000,1,0,0,0,0,
85527157000,0.000,0,195.000,1,194.000,21,190.000,10,189.000,20,84.000,3,203.000,21,204.000,20,206.000,10,364.000,1,775.000,1,0,0,
85541031000,0.000,0,195.000,1,190.000,10,189.000,20,84.000,3,38.500,1,204.000,20,206.000,10,364.000,1,775.000,1,0,0,0,0,
85541031000,0.000,0,195.000,1,193.000,21,190.000,10,189.000,20,84.000,3,203.000,21,204.000,20,206.000,10,364.000,1,775.000,1,0,0,
85542550000,0.000,0,195.000,1,193.000,21,190.000,10,189.000,20,84.000,3,203.000,21,204.000,20,364.000,1,775.000,1,0,0,0,0,
85542550000,0.000,0,195.000,1,193.000,21,190.000,10,189.000,20,84.000,3,203.000,21,204.000,30,364.000,1,775.000,1,0,0,0,0,
85545488000,0.000,0,195.000,1,190.000,10,189.000,20,84.000,3,38.500,1,204.000,30,364.000,1,775.000,1,0,0,0,0,0,0,
85545488000,0.000,0,195.000,1,192.000,21,190.000,10,189.000,20,84.000,3,203.000,21,204.000,30,364.000,1,775.000,1,0,0,0,0,
85551253000,0.000,0,192.000,21,190.000,10,189.000,20,84.000,3,38.500,1,203.000,21,204.000,30,364.000,1,775.000,1,0,0,0,0,
85551467000,0.000,0,190.000,10,189.000,20,84.000,3,38.500,1,22.500,20,204.000,30,364.000,1,775.000,1,0,0,0,0,0,0,
85551467000,0.000,0,191.000,21,190.000,10,189.000,20,84.000,3,38.500,1,203.000,21,204.000,30,364.000,1,775.000,1,0,0,0,0,
85553619000,0.000,0,191.000,21,190.000,11,189.000,20,84.000,3,38.500,1,203.000,21,204.000,30,364.000,1,775.000,1,0,0,0,0,
85554002000,0.000,0,191.000,21,190.000,1,189.000,20,84.000,3,38.500,1,203.000,21,204.000,30,364.000,1,775.000,1,0,0,0,0,
85554126000,0.000,0,191.000,21,190.000,1,189.000,20,187.000,10,84.000,3,203.000,21,204.000,30,364.000,1,775.000,1,0,0,0,0,
85557261000,0.000,0,190.000,1,189.000,20,187.000,10,84.000,3,38.500,1,204.000,30,364.000,1,775.000,1,0,0,0,0,0,0,
85557261000,0.000,0,190.000,22,189.000,20,187.000,10,84.000,3,38.500,1,203.000,21,204.000,30,364.000,1,775.000,1,0,0,0,0,
85558261000,0.000,0,190.000,1,189.000,20,187.000,10,84.000,3,38.500,1,204.000,30,364.000,1,775.000,1,0,0,0,0,0,0,
85558261000,0.000,0,191.000,21,190.000,1,189.000,20,187.000,10,84.000,3,203.000,21,204.000,30,364.000,1,775.000,1,0,0,0,0,
85614570000,0.000,0,191.000,21,189.000,20,187.000,10,84.000,3,38.500,1,203.000,21,204.000,30,364.000,1,775.000,1,0,0,0,0,
85615477000,0.000,0,189.000,20,187.000,10,84.000,3,38.500,1,22.500,20,204.000,30,364.000,1,775.000,1,0,0,0,0,0,0,
85615477000,0.000,0,190.000,21,189.000,20,187.000,10,84.000,3,38.500,1,203.000,21,204.000,30,364.000,1,775.000,1,0,0,0,0,
85624046000,0.000,0,190.000,21,189.000,20,84.000,3,38.500,1,22.500,20,203.000,21,204.000,30,364.000,1,775.000,1,0,0,0,0,
85624046000,0.000,0,190.000,21,189.000,30,84.000,3,38.500,1,22.500,20,203.000,21,204.000,30,364.000,1,775.000,1,0,0,0,0,
85656527000,0.000,0,190.000,21,189.000,20,84.000,3,38.500,1,22.500,20,203.000,21,204.000,30,364.000,1,775.000,1,0,0,0,0,
85656527000,0.000,0,190.000,21,189.000,20,84.000,3,38.500,1,22.500,20,203.000,21,204.000,20,364.000,1,775.000,1,0,0,0,0,
85656527000,0.000,0,190.000,21,189.000,20,187.000,10,84.000,3,38.500,1,203.000,21,204.000,20,364.000,1,775.000,1,0,0,0,0,
85703973000,0.000,0,190.000,21,189.000,20,187.000,10,84.000,3,38.500,1,203.000,21,204.000,30,364.000,1,775.000,1,0,0,0,0,
85712850000,0.000,0,190.000,21,189.000,20,84.000,3,38.500,1,22.500,20,203.000,21,204.000,30,364.000,1,775.000,1,0,0,0,0,
85712851000,0.000,0,190.000,21,189.000,30,84.000,3,38.500,1,22.500,20,203.000,21,204.000,30,364.000,1,775.000,1,0,0,0,0,
85725546000,0.000,0,190.000,21,189.000,30,84.000,3,38.500,1,22.500,20,203.000,21,204.000,20,364.000,1,775.000,1,0,0,0,0,
85725671000,0.000,0,190.000,21,189.000,30,84.000,3,38.500,1,22.500,20,203.000,21,204.000,20,206.000,10,364.000,1,775.000,1,0,0,
85802401000,0.000,0,190.000,21,189.000,36,84.000,3,38.500,1,22.500,20,203.000,21,204.000,20,206.000,10,364.000,1,775.000,1,0,0,
85809895000,0.000,0,190.000,21,189.000,30,84.000,3,38.500,1,22.500,20,203.000,21,204.000,20,206.000,10,364.000,1,775.000,1,0,0,
85812878000,0.000,0,190.000,21,189.000,36,84.000,3,38.500,1,22.500,20,203.000,21,204.000,20,206.000,10,364.000,1,775.000,1,0,0,
85814121000,0.000,0,190.000,21,189.000,30,84.000,3,38.500,1,22.500,20,203.000,21,204.000,20,206.000,10,364.000,1,775.000,1,0,0,
85814127000,0.000,0,190.000,21,189.000,30,84.000,3,38.500,1,22.500,20,203.000,21,204.000,20,364.000,1,775.000,1,0,0,0,0,
85814127000,0.000,0,190.000,21,189.000,30,84.000,3,38.500,1,22.500,20,203.000,21,204.000,30,364.000,1,775.000,1,0,0,0,0,
85918505000,0.000,0,190.000,21,189.000,20,84.000,3,38.500,1,22.500,20,203.000,21,204.000,30,364.000,1,775.000,1,0,0,0,0,
85918629000,0.000,0,190.000,21,189.000,20,187.000,10,84.000,3,38.500,1,203.000,21,204.000,30,364.000,1,775.000,1,0,0,0,0,
85932372000,0.000,0,190.000,21,189.000,20,84.000,3,38.500,1,22.500,20,203.000,21,204.000,30,364.000,1,775.000,1,0,0,0,0,
85932374000,0.000,0,190.000,21,189.000,30,84.000,3,38.500,1,22.500,20,203.000,21,204.000,30,364.000,1,775.000,1,0,0,0,0,
85943027000,0.000,0,190.000,21,189.000,20,84.000,3,38.500,1,22.500,20,203.000,21,204.000,30,364.000,1,775.000,1,0,0,0,0,
85943151000,0.000,0,190.000,21,189.000,20,186.000,10,84.000,3,38.500,1,203.000,21,204.000,30,364.000,1,775.000,1,0,0,0,0,
85945622000,0.000,0,189.000,20,186.000,10,84.000,3,38.500,1,22.500,20,204.000,30,364.000,1,775.000,1,0,0,0,0,0,0,
85945622000,0.000,0,189.000,41,186.000,10,84.000,3,38.500,1,22.500,20,203.000,21,204.000,30,364.000,1,775.000,1,0,0,0,0,
85946622000,0.000,0,189.000,20,186.000,10,84.000,3,38.500,1,22.500,20,204.000,30,364.000,1,775.000,1,0,0,0,0,0,0,
85946622000,0.000,0,190.000,21,189.000,20,186.000,10,84.000,3,38.500,1,203.000,21,204.000,30,364.000,1,775.000,1,0,0,0,0,
85948629000,0.000,0,189.000,20,186.000,10,84.000,3,38.500,1,22.500,20,204.000,30,364.000,1,775.000,1,0,0,0,0,0,0,
85948629000,0.000,0,189.000,41,186.000,10,84.000,3,38.500,1,22.500,20,203.000,21,204.000,30,364.000,1,775.000,1,0,0,0,0,
85949668000,0.000,0,189.000,20,186.000,10,84.000,3,38.500,1,22.500,20,204.000,30,364.000,1,775.000,1,0,0,0,0,0,0,
85949668000,0.000,0,190.000,21,189.000,20,186.000,10,84.000,3,38.500,1,203.000,21,204.000,30,364.000,1,775.000,1,0,0,0,0,
85951615000,0.000,0,189.000,20,186.000,10,84.000,3,38.500,1,22.500,20,204.000,30,364.000,1,775.000,1,0,0,0,0,0,0,
85951615000,0.000,0,189.000,41,186.000,10,84.000,3,38.500,1,22.500,20,203.000,21,204.000,30,364.000,1,775.000,1,0,0,0,0,
85952615000,0.000,0,189.000,20,186.000,10,84.000,3,38.500,1,22.500,20,204.000,30,364.000,1,775.000,1,0,0,0,0,0,0,
85952615000,0.000,0,190.000,21,189.000,20,186.000,10,84.000,3,38.500,1,203.000,21,204.000,30,364.000,1,775.000,1,0,0,0,0,
85953636000,0.000,0,189.000,20,186.000,10,84.000,3,38.500,1,22.500,20,204.000,30,364.000,1,775.000,1,0,0,0,0,0,0,
85953636000,0.000,0,189.000,41,186.000,10,84.000,3,38.500,1,22.500,20,203.000,21,204.000,30,364.000,1,775.000,1,0,0,0,0,
85955621000,0.000,0,189.000,20,186.000,10,84.000,3,38.500,1,22.500,20,204.000,30,364.000,1,775.000,1,0,0,0,0,0,0,
85955621000,0.000,0,190.000,21,189.000,20,186.000,10,84.000,3,38.500,1,203.000,21,204.000,30,364.000,1,775.000,1,0,0,0,0,
85957193000,0.000,0,189.000,20,186.000,10,84.000,3,38.500,1,22.500,20,204.000,30,364.000,1,775.000,1,0,0,0,0,0,0,
85957193000,0.000,0,189.000,41,186.000,10,84.000,3,38.500,1,22.500,20,203.000,21,204.000,30,364.000,1,775.000,1,0,0,0,0,
85957541000,0.000,0,189.000,41,186.000,10,84.000,3,38.500,1,22.500,20,203.000,21,204.000,36,364.000,1,775.000,1,0,0,0,0,
85959740000,0.000,0,189.000,20,186.000,10,84.000,3,38.500,1,22.500,20,204.000,36,364.000,1,775.000,1,0,0,0,0,0,0,
85959740000,0.000,0,189.000,20,188.000,21,186.000,10,84.000,3,38.500,1,203.000,21,204.000,36,364.000,1,775.000,1,0,0,0,0,
85959751000,0.000,0,188.000,21,186.000,10,84.000,3,38.500,1,22.500,20,203.000,21,204.000,16,364.000,1,775.000,1,0,0,0,0,
90000003000,0.000,0,188.000,41,186.000,10,84.000,3,38.500,1,22.500,20,203.000,41,204.000,16,364.000,1,775.000,1,0,0,0,0,
90000508000,0.000,0,188.000,41,84.000,3,38.500,1,22.500,20,22.000,40,203.000,41,204.000,16,364.000,1,775.000,1,0,0,0,0,
90000513000,0.000,0,188.000,41,84.000,3,38.500,1,22.500,20,22.000,40,203.000,41,204.000,10,364.000,1,775.000,1,0,0,0,0,
90000518000,0.000,0,188.000,41,84.000,3,38.500,1,22.500,20,22.000,40,203.000,47,204.000,10,364.000,1,775.000,1,0,0,0,0,
90001595000,0.000,0,188.000,41,183.000,10,84.000,3,38.500,1,22.500,20,203.000,47,204.000,10,364.000,1,775.000,1,0,0,0,0,
90001736000,0.000,0,188.000,20,183.000,10,84.000,3,38.500,1,22.500,20,203.000,26,204.000,10,364.000,1,775.000,1,0,0,0,0,
90001736000,0.000,0,188.000,20,187.000,21,183.000,10,84.000,3,38.500,1,202.000,21,203.000,26,204.000,10,364.000,1,775.000,1,0,0,
90001743000,0.000,0,187.000,21,183.000,10,84.000,3,38.500,1,22.500,20,202.000,21,203.000,6,204.000,10,364.000,1,775.000,1,0,0,
90002003000,0.000,0,187.000,41,183.000,10,84.000,3,38.500,1,22.500,20,202.000,41,203.000,6,204.000,10,364.000,1,775.000,1,0,0,
90002007000,0.000,0,187.000,41,183.000,10,84.000,3,38.500,1,22.500,20,202.000,41,204.000,10,364.000,1,775.000,1,0,0,0,0,
90002019000,0.000,0,187.000,41,183.000,10,84.000,3,38.500,1,22.500,20,202.000,47,204.000,10,364.000,1,775.000,1,0,0,0,0,
90006518000,0.000,0,187.000,41,183.000,10,84.000,3,38.500,1,22.500,20,202.000,41,204.000,10,364.000,1,775.000,1,0,0,0,0,
90006525000,0.000,0,187.000,41,183.000,10,84.000,3,38.500,1,22.500,20,202.000,41,203.000,6,204.000,10,364.000,1,775.000,1,0,0,
90007245000,0.000,0,187.000,41,183.000,10,84.000,3,38.500,1,22.500,20,202.000,41,204.000,10,364.000,1,775.000,1,0,0,0,0,
90007255000,0.000,0,187.000,41,183.000,10,84.000,3,38.500,1,22.500,20,202.000,47,204.000,10,364.000,1,775.000,1,0,0,0,0,
90008037000,0.000,0,187.000,41,183.000,10,84.000,3,38.500,1,22.500,20,202.000,41,204.000,10,364.000,1,775.000,1,0,0,0,0,
90008047000,0.000,0,187.000,41,183.000,10,84.000,3,38.500,1,22.500,20,202.000,41,203.000,6,204.000,10,364.000,1,775.000,1,0,0,
90012378000,0.000,0,187.000,41,183.000,10,84.000,3,38.500,1,22.500,20,202.000,41,204.000,10,364.000,1,775.000,1,0,0,0,0,
90018575000,0.000,0,187.000,41,84.000,3,38.500,1,22.500,20,22.000,40,202.000,41,204.000,10,364.000,1,775.000,1,0,0,0,0,
90018576000,0.000,0,187.000,41,185.000,10,84.000,3,38.500,1,22.500,20,202.000,41,204.000,10,364.000,1,775.000,1,0,0,0,0,
90019807000,0.000,0,187.000,41,186.000,6,185.000,10,84.000,3,38.500,1,202.000,41,204.000,10,364.000,1,775.000,1,0,0,0,0,
90020173000,0.000,0,187.000,41,185.000,10,84.000,3,38.500,1,22.500,20,202.000,41,204.000,10,364.000,1,775.000,1,0,0,0,0,
90022891000,0.000,0,187.000,41,186.000,6,185.000,10,84.000,3,38.500,1,202.000,41,204.000,10,364.000,1,775.000,1,0,0,0,0,
90026596000,0.000,0,187.000,41,185.000,10,84.000,3,38.500,1,22.500,20,202.000,41,204.000,10,364.000,1,775.000,1,0,0,0,0,
90028037000,0.000,0,187.000,41,186.000,6,185.000,10,84.000,3,38.500,1,202.000,41,204.000,10,364.000,1,775.000,1,0,0,0,0,
90030664000,0.000,0,187.000,41,186.000,6,185.000,10,84.000,3,38.500,1,202.000,41,364.000,1,775.000,1,0,0,0,0,0,0,
90030664000,0.000,0,187.000,41,186.000,6,185.000,10,84.000,3,38.500,1,202.000,51,364.000,1,775.000,1,0,0,0,0,0,0,
90031301000,0.000,0,187.000,41,185.000,10,84.000,3,38.500,1,22.500,20,202.000,51,364.000,1,775.000,1,0,0,0,0,0,0,
90031826000,0.000,0,187.000,41,186.000,6,185.000,10,84.000,3,38.500,1,202.000,51,364.000,1,775.000,1,0,0,0,0,0,0,
90037726000,0.000,0,187.000,41,185.000,10,84.000,3,38.500,1,22.500,20,202.000,51,364.000,1,775.000,1,0,0,0,0,0,0,
90038724000,0.000,0,187.000,41,186.000,6,185.000,10,84.000,3,38.500,1,202.000,51,364.000,1,775.000,1,0,0,0,0,0,0,
90040817000,0.000,0,187.000,41,185.000,10,84.000,3,38.500,1,22.500,20,202.000,51,364.000,1,775.000,1,0,0,0,0,0,0,
90044613000,0.000,0,187.000,41,186.000,6,185.000,10,84.000,3,38.500,1,202.000,51,364.000,1,775.000,1,0,0,0,0,0,0,
90051797000,0.000,0,187.000,41,186.000,6,185.000,10,84.000,3,38.500,1,202.000,41,364.000,1,775.000,1,0,0,0,0,0,0,
90051804000,0.000,0,187.000,41,186.000,6,185.000,10,84.000,3,38.500,1,202.000,41,204.000,10,364.000,1,775.000,1,0,0,0,0,
90051936000,0.000,0,187.000,41,185.000,10,84.000,3,38.500,1,22.500,20,202.000,41,204.000,10,364.000,1,775.000,1,0,0,0,0,
90051948000,0.000,0,187.000,47,185.000,10,84.000,3,38.500,1,22.500,20,202.000,41,204.000,10,364.000,1,775.000,1,0,0,0,0,
90053285000,0.000,0,187.000,41,185.000,10,84.000,3,38.500,1,22.500,20,202.000,41,204.000,10,364.000,1,775.000,1,0,0,0,0,
90053296000,0.000,0,188.000,6,187.000,41,185.000,10,84.000,3,38.500,1,202.000,41,204.000,10,364.000,1,775.000,1,0,0,0,0,
90053986000,0.000,0,188.000,6,187.000,20,185.000,10,84.000,3,38.500,1,202.000,20,204.000,10,364.000,1,775.000,1,0,0,0,0,
90053986000,0.000,0,189.000,21,188.000,6,187.000,20,185.000,10,84.000,3,202.000,41,204.000,10,364.000,1,775.000,1,0,0,0,0,
90053993000,0.000,0,189.000,21,188.000,6,185.000,10,84.000,3,38.500,1,202.000,21,204.000,10,364.000,1,775.000,1,0,0,0,0,
90054003000,0.000,0,189.000,41,188.000,6,185.000,10,84.000,3,38.500,1,202.000,21,204.000,30,364.000,1,775.000,1,0,0,0,0,
90055086000,0.000,0,189.000,20,188.000,6,185.000,10,84.000,3,38.500,1,204.000,30,364.000,1,775.000,1,0,0,0,0,0,0,
90055086000,0.000,0,189.000,41,188.000,6,185.000,10,84.000,3,38.500,1,203.000,21,204.000,30,364.000,1,775.000,1,0,0,0,0,
90056329000,0.000,0,189.000,41,185.000,10,84.000,3,38.500,1,22.500,20,203.000,21,204.000,30,364.000,1,775.000,1,0,0,0,0,
90100654000,0.000,0,189.000,41,84.000,3,38.500,1,22.500,20,22.000,40,203.000,21,204.000,30,364.000,1,775.000,1,0,0,0,0,
90100654000,0.000,0,189.000,41,188.000,10,84.000,3,38.500,1,22.500,20,203.000,21,204.000,30,364.000,1,775.000,1,0,0,0,0,
90105934000,0.000,0,189.000,41,188.000,16,84.000,3,38.500,1,22.500,20,203.000,21,204.000,30,364.000,1,775.000,1,0,0,0,0,
90107622000,0.000,0,189.000,41,188.000,16,84.000,3,38.500,1,22.500,20,203.000,21,204.000,20,364.000,1,775.000,1,0,0,0,0,
90107741000,0.000,0,189.000,41,188.000,10,84.000,3,38.500,1,22.500,20,203.000,21,204.000,20,364.000,1,775.000,1,0,0,0,0,
90107751000,0.000,0,189.000,47,188.000,10,84.000,3,38.500,1,22.500,20,203.000,21,204.000,20,364.000,1,775.000,1,0,0,0,0,
90107969000,0.000,0,189.000,47,188.000,10,84.000,3,38.500,1,22.500,20,203.000,21,204.000,20,206.000,10,364.000,1,775.000,1,0,0,
90111218000,0.000,0,189.000,41,188.000,10,84.000,3,38.500,1,22.500,20,203.000,21,204.000,20,206.000,10,364.000,1,775.000,1,0,0,
90111229000,0.000,0,190.000,6,189.000,41,188.000,10,84.000,3,38.500,1,203.000,21,204.000,20,206.000,10,364.000,1,775.000,1,0,0,
90111604000,0.000,0,190.000,6,189.000,20,188.000,10,84.000,3,38.500,1,204.000,20,206.000,10,364.000,1,775.000,1,0,0,0,0,
90111604000,0.000,0,191.000,21,190.000,6,189.000,20,188.000,10,84.000,3,203.000,21,204.000,20,206.000,10,364.000,1,775.000,1,0,0,
90111813000,0.000,0,191.000,21,190.000,6,188.000,10,84.000,3,38.500,1,203.000,21,206.000,10,364.000,1,775.000,1,0,0,0,0,
90112003000,0.000,0,191.000,41,190.000,6,188.000,10,84.000,3,38.500,1,203.000,21,206.000,30,364.000,1,775.000,1,0,0,0,0,
90112604000,0.000,0,191.000,20,190.000,6,188.000,10,84.000,3,38.500,1,206.000,30,364.000,1,775.000,1,0,0,0,0,0,0,
90112604000,0.000,0,191.000,41,190.000,6,188.000,10,84.000,3,38.500,1,205.000,21,206.000,30,364.000,1,775.000,1,0,0,0,0,
90114704000,0.000,0,191.000,41,188.000,10,84.000,3,38.500,1,22.500,20,205.000,21,206.000,30,364.000,1,775.000,1,0,0,0,0,
90115003000,0.000,0,191.000,47,188.000,10,84.000,3,38.500,1,22.500,20,205.000,21,206.000,30,364.000,1,775.000,1,0,0,0,0,
90116109000,0.000,0,191.000,41,188.000,10,84.000,3,38.500,1,22.500,20,205.000,21,206.000,30,364.000,1,775.000,1,0,0,0,0,
90116119000,0.000,0,191.000,41,190.000,6,188.000,10,84.000,3,38.500,1,205.000,21,206.000,30,364.000,1,775.000,1,0,0,0,0,
90118123000,0.000,0,191.000,41,188.000,10,84.000,3,38.500,1,22.500,20,205.000,21,206.000,30,364.000,1,775.000,1,0,0,0,0,
90118460000,0.000,0,191.000,41,84.000,3,38.500,1,22.500,20,22.000,40,205.000,21,206.000,30,364.000,1,775.000,1,0,0,0,0,
90118461000,0.000,0,191.000,41,190.000,10,84.000,3,38.500,1,22.500,20,205.000,21,206.000,30,364.000,1,775.000,1,0,0,0,0,
90119072000,0.000,0,191.000,41,190.000,16,84.000,3,38.500,1,22.500,20,205.000,21,206.000,30,364.000,1,775.000,1,0,0,0,0,
90120745000,0.000,0,191.000,41,190.000,10,84.000,3,38.500,1,22.500,20,205.000,21,206.000,30,364.000,1,775.000,1,0,0,0,0,
90121328000,0.000,0,191.000,41,190.000,16,84.000,3,38.500,1,22.500,20,205.000,21,206.000,30,364.000,1,775.000,1,0,0,0,0,
90121784000,0.000,0,191.000,41,190.000,10,84.000,3,38.500,1,22.500,20,205.000,21,206.000,30,364.000,1,775.000,1,0,0,0,0,
90153132000,0.000,0,191.000,41,190.000,16,84.000,3,38.500,1,22.500,20,205.000,21,206.000,30,364.000,1,775.000,1,0,0,0,0,
90153346000,0.000,0,191.000,41,190.000,10,84.000,3,38.500,1,22.500,20,205.000,21,206.000,30,364.000,1,775.000,1,0,0,0,0,
90155214000,0.000,0,191.000,41,190.000,16,84.000,3,38.500,1,22.500,20,205.000,21,206.000,30,364.000,1,775.000,1,0,0,0,0,
90155214000,0.000,0,191.000,41,190.000,6,84.000,3,38.500,1,22.500,20,205.000,21,206.000,30,364.000,1,775.000,1,0,0,0,0,
90155216000,0.000,0,192.000,10,191.000,41,190.000,6,84.000,3,38.500,1,205.000,21,206.000,30,364.000,1,775.000,1,0,0,0,0,
90155622000,0.000,0,192.000,10,191.000,20,190.000,6,84.000,3,38.500,1,206.000,30,364.000,1,775.000,1,0,0,0,0,0,0,
90155622000,0.000,0,193.000,21,192.000,10,191.000,20,190.000,6,84.000,3,205.000,21,206.000,30,364.000,1,775.000,1,0,0,0,0,
90158550000,0.000,0,193.000,21,192.000,10,191.000,20,84.000,3,38.500,1,205.000,21,206.000,30,364.000,1,775.000,1,0,0,0,0,
90158782000,0.000,0,193.000,21,192.000,10,191.000,20,84.000,3,38.500,1,205.000,21,206.000,20,364.000,1,775.000,1,0,0,0,0,
90158906000,0.000,0,193.000,21,192.000,10,191.000,20,84.000,3,38.500,1,205.000,21,206.000,20,208.000,10,364.000,1,775.000,1,0,0,
90159003000,0.000,0,193.000,21,192.000,10,84.000,3,38.500,1,22.500,20,205.000,21,208.000,10,364.000,1,775.000,1,0,0,0,0,
90159003000,0.000,0,193.000,41,192.000,10,84.000,3,38.500,1,22.500,20,205.000,21,208.000,30,364.000,1,775.000,1,0,0,0,0,
90159022000,0.000,0,193.000,41,192.000,16,84.000,3,38.500,1,22.500,20,205.000,21,208.000,30,364.000,1,775.000,1,0,0,0,0,
90159385000,0.000,0,193.000,41,192.000,10,84.000,3,38.500,1,22.500,20,205.000,21,208.000,30,364.000,1,775.000,1,0,0,0,0,
90159646000,0.000,0,193.000,20,192.000,10,84.000,3,38.500,1,22.500,20,208.000,30,364.000,1,775.000,1,0,0,0,0,0,0,
90159646000,0.000,0,193.000,41,192.000,10,84.000,3,38.500,1,22.500,20,207.000,21,208.000,30,364.000,1,775.000,1,0,0,0,0,
90219995000,0.000,0,193.000,41,84.000,3,38.500,1,22.500,20,22.000,40,207.000,21,208.000,30,364.000,1,775.000,1,0,0,0,0,
90220120000,0.000,0,193.000,41,190.000,10,84.000,3,38.500,1,22.500,20,207.000,21,208.000,30,364.000,1,775.000,1,0,0,0,0,
90224814000,0.000,0,193.000,41,190.000,10,84.000,3,38.500,1,22.500,20,207.000,21,208.000,36,364.000,1,775.000,1,0,0,0,0,
90225299000,0.000,0,193.000,41,190.000,10,84.000,3,38.500,1,22.500,20,207.000,21,208.000,30,364.000,1,775.000,1,0,0,0,0,
90226029000,0.000,0,193.000,41,190.000,10,84.000,3,38.500,1,22.500,20,207.000,21,208.000,36,364.000,1,775.000,1,0,0,0,0,
90228101000,0.000,0,193.000,41,190.000,10,84.000,3,38.500,1,22.500,20,207.000,21,208.000,30,364.000,1,775.000,1,0,0,0,0,
90243053000,0.000,0,193.000,41,190.000,10,84.000,3,38.500,1,22.500,20,207.000,21,208.000,36,364.000,1,775.000,1,0,0,0,0,
90243823000,0.000,0,193.000,20,190.000,10,84.000,3,38.500,1,22.500,20,208.000,36,364.000,1,775.000,1,0,0,0,0,0,0,
90243823000,0.000,0,193.000,20,192.000,21,190.000,10,84.000,3,38.500,1,207.000,21,208.000,36,364.000,1,775.000,1,0,0,0,0,
90243908000,0.000,0,192.000,21,190.000,10,84.000,3,38.500,1,22.500,20,207.000,21,208.000,16,364.000,1,775.000,1,0,0,0,0,
90244002000,0.000,0,192.000,41,190.000,10,84.000,3,38.500,1,22.500,20,207.000,41,208.000,16,364.000,1,775.000,1,0,0,0,0,
90245622000,0.000,0,192.000,41,190.000,10,84.000,3,38.500,1,22.500,20,207.000,41,208.000,10,364.000,1,775.000,1,0,0,0,0,
90248244000,0.000,0,192.000,41,190.000,10,84.000,3,38.500,1,22.500,20,207.000,41,208.000,16,364.000,1,775.000,1,0,0,0,0,
90249235000,0.000,0,192.000,41,190.000,10,84.000,3,38.500,1,22.500,20,207.000,41,208.000,10,364.000,1,775.000,1,0,0,0,0,
90250007000,0.000,0,192.000,41,190.000,10,84.000,3,38.500,1,22.500,20,207.000,41,364.000,1,775.000,1,0,0,0,0,0,0,
90250007000,0.000,0,192.000,41,190.000,10,84.000,3,38.500,1,22.500,20,206.000,10,207.000,41,364.000,1,775.000,1,0,0,0,0,
90250646000,0.000,0,192.000,20,190.000,10,84.000,3,38.500,1,22.500,20,206.000,10,207.000,20,364.000,1,775.000,1,0,0,0,0,
90250646000,0.000,0,192.000,41,190.000,10,84.000,3,38.500,1,22.500,20,205.000,21,206.000,10,207.000,20,364.000,1,775.000,1,0,0,
90250951000,0.000,0,192.000,21,190.000,10,84.000,3,38.500,1,22.500,20,205.000,21,206.000,10,364.000,1,775.000,1,0,0,0,0,
90251003000,0.000,0,192.000,21,190.000,30,84.000,3,38.500,1,22.500,20,205.000,41,206.000,10,364.000,1,775.000,1,0,0,0,0,
90251646000,0.000,0,190.000,30,84.000,3,38.500,1,22.500,20,22.000,40,205.000,20,206.000,10,364.000,1,775.000,1,0,0,0,0,
90251646000,0.000,0,191.000,21,190.000,30,84.000,3,38.500,1,22.500,20,205.000,41,206.000,10,364.000,1,775.000,1,0,0,0,0,
90253998000,0.000,0,191.000,21,190.000,36,84.000,3,38.500,1,22.500,20,205.000,41,206.000,10,364.000,1,775.000,1,0,0,0,0,
90254614000,0.000,0,191.000,21,190.000,30,84.000,3,38.500,1,22.500,20,205.000,41,206.000,10,364.000,1,775.000,1,0,0,0,0,
90300127000,0.000,0,191.000,21,190.000,36,84.000,3,38.500,1,22.500,20,205.000,41,206.000,10,364.000,1,775.000,1,0,0,0,0,
90313723000,0.000,0,191.000,21,190.000,30,84.000,3,38.500,1,22.500,20,205.000,41,206.000,10,364.000,1,775.000,1,0,0,0,0,
90320019000,0.000,0,191.000,21,190.000,30,84.000,3,38.500,1,22.500,20,205.000,41,364.000,1,775.000,1,0,0,0,0,0,0,
90320019000,0.000,0,191.000,21,190.000,30,84.000,3,38.500,1,22.500,20,204.000,10,205.000,41,364.000,1,775.000,1,0,0,0,0,
90320659000,0.000,0,190.000,30,84.000,3,38.500,1,22.500,20,22.000,40,204.000,10,205.000,20,364.000,1,775.000,1,0,0,0,0,
90320659000,0.000,0,191.000,21,190.000,30,84.000,3,38.500,1,22.500,20,203.000,21,204.000,10,205.000,20,364.000,1,775.000,1,0,0,
90323410000,0.000,0,191.000,21,190.000,10,84.000,3,38.500,1,22.500,20,203.000,21,204.000,10,364.000,1,775.000,1,0,0,0,0,
90323502000,0.000,0,191.000,21,190.000,10,188.000,20,84.000,3,38.500,1,203.000,41,204.000,10,364.000,1,775.000,1,0,0,0,0,
90324001000,0.000,0,191.000,21,188.000,20,84.000,3,38.500,1,22.500,20,203.000,41,204.000,10,364.000,1,775.000,1,0,0,0,0,
90324124000,0.000,0,191.000,21,188.000,30,84.000,3,38.500,1,22.500,20,203.000,41,204.000,10,364.000,1,775.000,1,0,0,0,0,
90324660000,0.000,0,188.000,30,84.000,3,38.500,1,22.500,20,22.000,40,203.000,20,204.000,10,364.000,1,775.000,1,0,0,0,0,
90324660000,0.000,0,189.000,21,188.000,30,84.000,3,38.500,1,22.500,20,203.000,41,204.000,10,364.000,1,775.000,1,0,0,0,0,
90324768000,0.000,0,189.000,21,188.000,36,84.000,3,38.500,1,22.500,20,203.000,41,204.000,10,364.000,1,775.000,1,0,0,0,0,
90327751000,0.000,0,189.000,21,188.000,30,84.000,3,38.500,1,22.500,20,203.000,41,204.000,10,364.000,1,775.000,1,0,0,0,0,
90330205000,0.000,0,189.000,21,188.000,20,84.000,3,38.500,1,22.500,20,203.000,41,204.000,10,364.000,1,775.000,1,0,0,0,0,
90330330000,0.000,0,189.000,21,188.000,20,186.000,10,84.000,3,38.500,1,203.000,41,204.000,10,364.000,1,775.000,1,0,0,0,0,
90340919000,0.000,0,189.000,21,188.000,20,186.000,10,84.000,3,38.500,1,203.000,41,204.000,16,364.000,1,775.000,1,0,0,0,0,
90341901000,0.000,0,188.000,20,186.000,10,84.000,3,38.500,1,22.500,20,203.000,20,204.000,16,364.000,1,775.000,1,0,0,0,0,
90341901000,0.000,0,188.000,41,186.000,10,84.000,3,38.500,1,22.500,20,203.000,41,204.000,16,364.000,1,775.000,1,0,0,0,0,
90343774000,0.000,0,188.000,20,186.000,10,84.000,3,38.500,1,22.500,20,203.000,20,204.000,16,364.000,1,775.000,1,0,0,0,0,
90343774000,0.000,0,189.000,21,188.000,20,186.000,10,84.000,3,38.500,1,203.000,41,204.000,16,364.000,1,775.000,1,0,0,0,0,
90344774000,0.000,0,188.000,20,186.000,10,84.000,3,38.500,1,22.500,20,203.000,20,204.000,16,364.000,1,775.000,1,0,0,0,0,
90344774000,0.000,0,188.000,41,186.000,10,84.000,3,38.500,1,22.500,20,203.000,41,204.000,16,364.000,1,775.000,1,0,0,0,0,
90346452000,0.000,0,188.000,41,84.000,3,38.500,1,22.500,20,22.000,40,203.000,41,204.000,16,364.000,1,775.000,1,0,0,0,0,
90346458000,0.000,0,188.000,41,84.000,3,38.500,1,22.500,20,22.000,40,203.000,41,204.000,10,364.000,1,775.000,1,0,0,0,0,
90346468000,0.000,0,188.000,41,84.000,3,38.500,1,22.500,20,22.000,40,203.000,47,204.000,10,364.000,1,775.000,1,0,0,0,0,
90346577000,0.000,0,188.000,41,184.000,10,84.000,3,38.500,1,22.500,20,203.000,47,204.000,10,364.000,1,775.000,1,0,0,0,0,
90348478000,0.000,0,188.000,41,184.000,10,84.000,3,38.500,1,22.500,20,203.000,41,204.000,10,364.000,1,775.000,1,0,0,0,0,
90348488000,0.000,0,188.000,41,184.000,10,84.000,3,38.500,1,22.500,20,203.000,41,204.000,16,364.000,1,775.000,1,0,0,0,0,
90348671000,0.000,0,188.000,20,184.000,10,84.000,3,38.500,1,22.500,20,203.000,20,204.000,16,364.000,1,775.000,1,0,0,0,0,
90348671000,0.000,0,189.000,21,188.000,20,184.000,10,84.000,3,38.500,1,203.000,41,204.000,16,364.000,1,775.000,1,0,0,0,0,
90349671000,0.000,0,188.000,20,184.000,10,84.000,3,38.500,1,22.500,20,203.000,20,204.000,16,364.000,1,775.000,1,0,0,0,0,
90349671000,0.000,0,188.000,41,184.000,10,84.000,3,38.500,1,22.500,20,203.000,41,204.000,16,364.000,1,775.000,1,0,0,0,0,
90350676000,0.000,0,188.000,20,184.000,10,84.000,3,38.500,1,22.500,20,203.000,20,204.000,16,364.000,1,775.000,1,0,0,0,0,
90350676000,0.000,0,189.000,21,188.000,20,184.000,10,84.000,3,38.500,1,203.000,41,204.000,16,364.000,1,775.000,1,0,0,0,0,
90351672000,0.000,0,188.000,20,184.000,10,84.000,3,38.500,1,22.500,20,203.000,20,204.000,16,364.000,1,775.000,1,0,0,0,0,
90351672000,0.000,0,188.000,41,184.000,10,84.000,3,38.500,1,22.500,20,203.000,41,204.000,16,364.000,1,775.000,1,0,0,0,0,
90353656000,0.000,0,188.000,41,184.000,10,84.000,3,38.500,1,22.500,20,203.000,41,204.000,10,364.000,1,775.000,1,0,0,0,0,
90353666000,0.000,0,188.000,41,184.000,10,84.000,3,38.500,1,22.500,20,203.000,47,204.000,10,364.000,1,775.000,1,0,0,0,0,
90354935000,0.000,0,188.000,41,184.000,10,84.000,3,38.500,1,22.500,20,203.000,41,204.000,10,364.000,1,775.000,1,0,0,0,0,
90354943000,0.000,0,188.000,41,184.000,10,84.000,3,38.500,1,22.500,20,203.000,41,204.000,16,364.000,1,775.000,1,0,0,0,0,
90356779000,0.000,0,188.000,41,184.000,10,84.000,3,38.500,1,22.500,20,203.000,41,204.000,10,364.000,1,775.000,1,0,0,0,0,
90356788000,0.000,0,188.000,41,184.000,10,84.000,3,38.500,1,22.500,20,203.000,47,204.000,10,364.000,1,775.000,1,0,0,0,0,
90403854000,0.000,0,188.000,41,184.000,10,84.000,3,38.500,1,22.500,20,203.000,41,204.000,10,364.000,1,775.000,1,0,0,0,0,
90403865000,0.000,0,188.000,41,184.000,10,84.000,3,38.500,1,22.500,20,203.000,41,204.000,16,364.000,1,775.000,1,0,0,0,0,
90407162000,0.000,0,188.000,41,184.000,10,84.000,3,38.500,1,22.500,20,203.000,41,204.000,10,364.000,1,775.000,1,0,0,0,0,
90407171000,0.000,0,188.000,41,184.000,10,84.000,3,38.500,1,22.500,20,203.000,47,204.000,10,364.000,1,775.000,1,0,0,0,0,
90409838000,0.000,0,188.000,41,184.000,10,84.000,3,38.500,1,22.500,20,203.000,41,204.000,10,364.000,1,775.000,1,0,0,0,0,
90409928000,0.000,0,188.000,41,184.000,10,84.000,3,38.500,1,22.500,20,203.000,41,204.000,16,364.000,1,775.000,1,0,0,0,0,
90412644000,0.000,0,188.000,20,184.000,10,84.000,3,38.500,1,22.500,20,203.000,20,204.000,16,364.000,1,775.000,1,0,0,0,0,
90412644000,0.000,0,189.000,21,188.000,20,184.000,10,84.000,3,38.500,1,203.000,41,204.000,16,364.000,1,775.000,1,0,0,0,0,
90412645000,0.000,0,189.000,21,188.000,20,184.000,10,84.000,3,38.500,1,203.000,41,204.000,10,364.000,1,775.000,1,0,0,0,0,
90413414000,0.000,0,189.000,21,188.000,20,84.000,3,38.500,1,22.500,20,203.000,41,204.000,10,364.000,1,775.000,1,0,0,0,0,
90413416000,0.000,0,189.000,21,188.000,20,186.000,10,84.000,3,38.500,1,203.000,41,204.000,10,364.000,1,775.000,1,0,0,0,0,
90414757000,0.000,0,189.000,21,188.000,20,186.000,10,84.000,3,38.500,1,203.000,41,204.000,16,364.000,1,775.000,1,0,0,0,0,
90416464000,0.000,0,189.000,21,188.000,20,186.000,10,84.000,3,38.500,1,203.000,41,204.000,6,364.000,1,775.000,1,0,0,0,0,
90416465000,0.000,0,189.000,21,188.000,20,186.000,10,84.000,3,38.500,1,202.000,10,203.000,41,204.000,6,364.000,1,775.000,1,0,0,
90416683000,0.000,0,188.000,20,186.000,10,84.000,3,38.500,1,22.500,20,202.000,10,203.000,20,204.000,6,364.000,1,775.000,1,0,0,
90416683000,0.000,0,189.000,21,188.000,20,186.000,10,84.000,3,38.500,1,201.000,21,202.000,10,203.000,20,204.000,6,364.000,1,0,0,
90416850000,0.000,0,189.000,21,186.000,10,84.000,3,38.500,1,22.500,20,201.000,21,202.000,10,204.000,6,364.000,1,775.000,1,0,0,
90417003000,0.000,0,189.000,21,186.000,30,84.000,3,38.500,1,22.500,20,201.000,41,202.000,10,204.000,6,364.000,1,775.000,1,0,0,
90417157000,0.000,0,189.000,21,186.000,30,84.000,3,38.500,1,22.500,20,201.000,41,202.000,10,364.000,1,775.000,1,0,0,0,0,
90417683000,0.000,0,186.000,30,84.000,3,38.500,1,22.500,20,22.000,40,201.000,20,202.000,10,364.000,1,775.000,1,0,0,0,0,
90417683000,0.000,0,187.000,21,186.000,30,84.000,3,38.500,1,22.500,20,201.000,41,202.000,10,364.000,1,775.000,1,0,0,0,0,
90418657000,0.000,0,187.000,21,186.000,20,84.000,3,38.500,1,22.500,20,201.000,41,202.000,10,364.000,1,775.000,1,0,0,0,0,
90418782000,0.000,0,187.000,21,186.000,20,184.000,10,84.000,3,38.500,1,201.000,41,202.000,10,364.000,1,775.000,1,0,0,0,0,
90420348000,0.000,0,187.000,21,186.000,20,184.000,10,84.000,3,38.500,1,201.000,41,202.000,16,364.000,1,775.000,1,0,0,0,0,
90421072000,0.000,0,186.000,20,184.000,10,84.000,3,38.500,1,22.500,20,201.000,20,202.000,16,364.000,1,775.000,1,0,0,0,0,
90421072000,0.000,0,186.000,41,184.000,10,84.000,3,38.500,1,22.500,20,201.000,41,202.000,16,364.000,1,775.000,1,0,0,0,0,
90422374000,0.000,0,186.000,41,184.000,10,84.000,3,38.500,1,22.500,20,201.000,41,202.000,10,364.000,1,775.000,1,0,0,0,0,
90422685000,0.000,0,186.000,20,184.000,10,84.000,3,38.500,1,22.500,20,201.000,20,202.000,10,364.000,1,775.000,1,0,0,0,0,
90422685000,0.000,0,187.000,21,186.000,20,184.000,10,84.000,3,38.500,1,201.000,41,202.000,10,364.000,1,775.000,1,0,0,0,0,
90426186000,0.000,0,187.000,21,186.000,20,184.000,10,84.000,3,38.500,1,201.000,41,202.000,16,364.000,1,775.000,1,0,0,0,0,
90427114000,0.000,0,187.000,21,186.000,20,184.000,10,84.000,3,38.500,1,201.000,41,202.000,10,364.000,1,775.000,1,0,0,0,0,
90429906000,0.000,0,187.000,21,186.000,20,184.000,10,84.000,3,38.500,1,201.000,41,202.000,16,364.000,1,775.000,1,0,0,0,0,
90430428000,0.000,0,187.000,21,186.000,20,184.000,10,84.000,3,38.500,1,201.000,41,202.000,10,364.000,1,775.000,1,0,0,0,0,
90444343000,0.000,0,187.000,21,186.000,26,184.000,10,84.000,3,38.500,1,201.000,41,202.000,10,364.000,1,775.000,1,0,0,0,0,
90444497000,0.000,0,187.000,21,186.000,26,84.000,3,38.500,1,22.500,20,201.000,41,202.000,10,364.000,1,775.000,1,0,0,0,0,
90444497000,0.000,0,187.000,21,186.000,36,84.000,3,38.500,1,22.500,20,201.000,41,202.000,10,364.000,1,775.000,1,0,0,0,0,
90445840000,0.000,0,187.000,21,186.000,30,84.000,3,38.500,1,22.500,20,201.000,41,202.000,10,364.000,1,775.000,1,0,0,0,0,
90446213000,0.000,0,187.000,21,186.000,30,84.000,3,38.500,1,22.500,20,201.000,41,202.000,10,205.000,3,364.000,1,775.000,1,0,0,
90449814000,0.000,0,187.000,21,186.000,30,84.000,3,38.500,1,22.500,20,201.000,41,205.000,3,364.000,1,775.000,1,0,0,0,0,
90449814000,0.000,0,187.000,21,186.000,30,84.000,3,38.500,1,22.500,20,200.000,10,201.000,41,205.000,3,364.000,1,775.000,1,0,0,
90449871000,0.000,0,186.000,30,84.000,3,38.500,1,22.500,20,22.000,40,200.000,10,201.000,20,205.000,3,364.000,1,775.000,1,0,0,
90449871000,0.000,0,187.000,21,186.000,30,84.000,3,38.500,1,22.500,20,199.000,21,200.000,10,201.000,20,205.000,3,364.000,1,0,0,
90450003000,0.000,0,187.000,21,186.000,10,84.000,3,38.500,1,22.500,20,199.000,21,200.000,10,205.000,3,364.000,1,775.000,1,0,0,
90450003000,0.000,0,187.000,21,186.000,10,184.000,20,84.000,3,38.500,1,199.000,41,200.000,10,205.000,3,364.000,1,775.000,1,0,0,
90450411000,0.000,0,187.000,21,184.000,20,84.000,3,38.500,1,22.500,20,199.000,41,200.000,10,205.000,3,364.000,1,775.000,1,0,0,
90450535000,0.000,0,187.000,21,184.000,30,84.000,3,38.500,1,22.500,20,199.000,41,200.000,10,205.000,3,364.000,1,775.000,1,0,0,
90450971000,0.000,0,184.000,30,84.000,3,38.500,1,22.500,20,22.000,40,199.000,20,200.000,10,205.000,3,364.000,1,775.000,1,0,0,
90450971000,0.000,0,185.000,21,184.000,30,84.000,3,38.500,1,22.500,20,199.000,41,200.000,10,205.000,3,364.000,1,775.000,1,0,0,
90451006000,0.000,0,185.000,21,184.000,36,84.000,3,38.500,1,22.500,20,199.000,41,200.000,10,205.000,3,364.000,1,775.000,1,0,0,
90456006000,0.000,0,185.000,21,184.000,30,84.000,3,38.500,1,22.500,20,199.000,41,200.000,10,205.000,3,364.000,1,775.000,1,0,0,
90457379000,0.000,0,185.000,21,184.000,36,84.000,3,38.500,1,22.500,20,199.000,41,200.000,10,205.000,3,364.000,1,775.000,1,0,0,
90459712000,0.000,0,185.000,21,184.000,30,84.000,3,38.500,1,22.500,20,199.000,41,200.000,10,205.000,3,364.000,1,775.000,1,0,0,
90505344000,0.000,0,185.000,21,184.000,20,84.000,3,38.500,1,22.500,20,199.000,41,200.000,10,205.000,3,364.000,1,775.000,1,0,0,
90505469000,0.000,0,185.000,21,184.000,20,181.000,10,84.000,3,38.500,1,199.000,41,200.000,10,205.000,3,364.000,1,775.000,1,0,0,
90507665000,0.000,0,185.000,21,184.000,20,181.000,10,84.000,3,38.500,1,199.000,41,200.000,16,205.000,3,364.000,1,775.000,1,0,0,
90508113000,0.000,0,184.000,20,181.000,10,84.000,3,38.500,1,22.500,20,199.000,20,200.000,16,205.000,3,364.000,1,775.000,1,0,0,
90508113000,0.000,0,184.000,41,181.000,10,84.000,3,38.500,1,22.500,20,199.000,41,200.000,16,205.000,3,364.000,1,775.000,1,0,0,
90508471000,0.000,0,184.000,41,181.000,10,84.000,3,38.500,1,22.500,20,199.000,41,200.000,10,205.000,3,364.000,1,775.000,1,0,0,
90508483000,0.000,0,184.000,41,181.000,10,84.000,3,38.500,1,22.500,20,199.000,47,200.000,10,205.000,3,364.000,1,775.000,1,0,0,
90509482000,0.000,0,184.000,41,181.000,10,84.000,3,38.500,1,22.500,20,199.000,41,200.000,10,205.000,3,364.000,1,775.000,1,0,0,
90509493000,0.000,0,184.000,41,181.000,10,84.000,3,38.500,1,22.500,20,199.000,41,200.000,16,205.000,3,364.000,1,775.000,1,0,0,
90510311000,0.000,0,184.000,20,181.000,10,84.000,3,38.500,1,22.500,20,199.000,20,200.000,16,205.000,3,364.000,1,775.000,1,0,0,
90510311000,0.000,0,185.000,21,184.000,20,181.000,10,84.000,3,38.500,1,199.000,41,200.000,16,205.000,3,364.000,1,775.000,1,0,0,
90510777000,0.000,0,185.000,21,184.000,20,181.000,10,84.000,3,38.500,1,199.000,41,200.000,10,205.000,3,364.000,1,775.000,1,0,0,
90511267000,0.000,0,185.000,21,184.000,20,181.000,10,84.000,3,38.500,1,199.000,41,200.000,16,205.000,3,364.000,1,775.000,1,0,0,
90512357000,0.000,0,184.000,20,181.000,10,84.000,3,38.500,1,22.500,20,199.000,20,200.000,16,205.000,3,364.000,1,775.000,1,0,0,
90512357000,0.000,0,184.000,41,181.000,10,84.000,3,38.500,1,22.500,20,199.000,41,200.000,16,205.000,3,364.000,1,775.000,1,0,0,
90515683000,0.000,0,184.000,41,181.000,10,84.000,3,38.500,1,22.500,20,199.000,41,200.000,10,205.000,3,364.000,1,775.000,1,0,0,
90515691000,0.000,0,184.000,41,181.000,10,84.000,3,38.500,1,22.500,20,199.000,47,200.000,10,205.000,3,364.000,1,775.000,1,0,0,
90515808000,0.000,0,184.000,20,181.000,10,84.000,3,38.500,1,22.500,20,199.000,26,200.000,10,205.000,3,364.000,1,775.000,1,0,0,
90515808000,0.000,0,184.000,20,182.000,21,181.000,10,84.000,3,38.500,1,197.000,21,199.000,26,200.000,10,205.000,3,364.000,1,0,0,
90515810000,0.000,0,182.000,21,181.000,10,84.000,3,38.500,1,22.500,20,197.000,21,199.000,6,200.000,10,205.000,3,364.000,1,0,0,
90515823000,0.000,0,182.000,21,84.000,3,38.500,1,22.500,20,22.000,40,197.000,21,199.000,6,200.000,10,205.000,3,364.000,1,0,0,
90515892000,0.000,0,182.000,21,84.000,3,38.500,1,22.500,20,22.000,40,197.000,21,200.000,10,205.000,3,364.000,1,775.000,1,0,0,
90515899000,0.000,0,182.000,21,84.000,3,38.500,1,22.500,20,22.000,40,197.000,21,198.000,6,200.000,10,205.000,3,364.000,1,0,0,
90516004000,0.000,0,182.000,41,84.000,3,38.500,1,22.500,20,22.000,40,197.000,41,198.000,6,200.000,10,205.000,3,364.000,1,0,0,
90516365000,0.000,0,182.000,41,84.000,3,38.500,1,22.500,20,22.000,40,197.000,41,200.000,10,205.000,3,364.000,1,775.000,1,0,0,
90516376000,0.000,0,182.000,41,84.000,3,38.500,1,22.500,20,22.000,40,197.000,47,200.000,10,205.000,3,364.000,1,775.000,1,0,0,
90516483000,0.000,0,182.000,41,84.000,3,38.500,1,22.500,20,22.000,40,197.000,41,200.000,10,205.000,3,364.000,1,775.000,1,0,0,
90516487000,0.000,0,182.000,41,84.000,3,38.500,1,22.500,20,22.000,40,196.000,6,197.000,41,200.000,10,205.000,3,364.000,1,0,0,
90516561000,0.000,0,182.000,20,84.000,3,38.500,1,22.500,20,22.000,40,196.000,6,197.000,20,200.000,10,205.000,3,364.000,1,0,0,
90516561000,0.000,0,84.000,3,38.500,1,22.500,20,22.000,40,1.800,400,196.000,6,200.000,10,205.000,3,364.000,1,775.000,1,0,0,
90516577000,0.000,0,84.000,9,38.500,1,22.500,20,22.000,40,1.800,400,196.000,6,200.000,10,205.000,3,364.000,1,775.000,1,0,0,
90516577000,0.000,0,84.000,9,38.500,1,22.500,20,22.000,40,1.800,400,200.000,10,205.000,3,364.000,1,775.000,1,0,0,0,0,
90516784000,0.000,0,84.000,9,38.500,1,22.500,20,22.000,40,1.800,400,199.000,6,200.000,10,205.000,3,364.000,1,775.000,1,0,0,
90518562000,0.000,0,178.000,21,84.000,9,38.500,1,22.500,20,22.000,40,193.000,21,199.000,6,200.000,10,205.000,3,364.000,1,0,0,
90518624000,0.000,0,178.000,21,84.000,9,38.500,1,22.500,20,22.000,40,193.000,21,200.000,10,205.000,3,364.000,1,775.000,1,0,0,
90518624000,0.000,0,178.000,21,84.000,3,38.500,1,22.500,20,22.000,40,193.000,21,200.000,10,205.000,3,364.000,1,775.000,1,0,0,
90518635000,0.000,0,178.000,21,177.000,6,84.000,3,38.500,1,22.500,20,193.000,21,200.000,10,205.000,3,364.000,1,775.000,1,0,0,
90519003000,0.000,0,178.000,41,177.000,6,84.000,3,38.500,1,22.500,20,193.000,41,200.000,10,205.000,3,364.000,1,775.000,1,0,0,
90519068000,0.000,0,178.000,41,177.000,16,84.000,3,38.500,1,22.500,20,193.000,41,200.000,10,205.000,3,364.000,1,775.000,1,0,0,
90519551000,0.000,0,178.000,41,177.000,10,84.000,3,38.500,1,22.500,20,193.000,41,200.000,10,205.000,3,364.000,1,775.000,1,0,0,
90522846000,0.000,0,178.000,41,177.000,16,84.000,3,38.500,1,22.500,20,193.000,41,200.000,10,205.000,3,364.000,1,775.000,1,0,0,
90529515000,0.000,0,178.000,41,177.000,10,84.000,3,38.500,1,22.500,20,193.000,41,200.000,10,205.000,3,364.000,1,775.000,1,0,0,
90529880000,0.000,0,178.000,41,177.000,16,84.000,3,38.500,1,22.500,20,193.000,41,200.000,10,205.000,3,364.000,1,775.000,1,0,0,
90534779000,0.000,0,178.000,41,177.000,10,84.000,3,38.500,1,22.500,20,193.000,41,200.000,10,205.000,3,364.000,1,775.000,1,0,0,
90535391000,0.000,0,178.000,41,177.000,16,84.000,3,38.500,1,22.500,20,193.000,41,200.000,10,205.000,3,364.000,1,775.000,1,0,0,
90535562000,0.000,0,178.000,41,177.000,16,84.000,3,38.500,1,22.500,20,193.000,41,205.000,3,364.000,1,775.000,1,0,0,0,0,
90535562000,0.000,0,178.000,41,177.000,16,84.000,3,38.500,1,22.500,20,193.000,41,194.000,10,205.000,3,364.000,1,775.000,1,0,0,
90536606000,0.000,0,178.000,41,177.000,10,84.000,3,38.500,1,22.500,20,193.000,41,194.000,10,205.000,3,364.000,1,775.000,1,0,0,
90536617000,0.000,0,178.000,47,177.000,10,84.000,3,38.500,1,22.500,20,193.000,41,194.000,10,205.000,3,364.000,1,775.000,1,0,0,
90543245000,0.000,0,178.000,41,177.000,10,84.000,3,38.500,1,22.500,20,193.000,41,194.000,10,205.000,3,364.000,1,775.000,1,0,0,
90543363000,0.000,0,178.000,41,177.000,16,84.000,3,38.500,1,22.500,20,193.000,41,194.000,10,205.000,3,364.000,1,775.000,1,0,0,
90544728000,0.000,0,178.000,41,177.000,10,84.000,3,38.500,1,22.500,20,193.000,41,194.000,10,205.000,3,364.000,1,775.000,1,0,0,
90544738000,0.000,0,178.000,47,177.000,10,84.000,3,38.500,1,22.500,20,193.000,41,194.000,10,205.000,3,364.000,1,775.000,1,0,0,
90547853000,0.000,0,178.000,47,84.000,3,38.500,1,22.500,20,22.000,40,193.000,41,194.000,10,205.000,3,364.000,1,775.000,1,0,0,
90547853000,0.000,0,179.000,10,178.000,47,84.000,3,38.500,1,22.500,20,193.000,41,194.000,10,205.000,3,364.000,1,775.000,1,0,0,
90547902000,0.000,0,179.000,10,178.000,41,84.000,3,38.500,1,22.500,20,193.000,41,194.000,10,205.000,3,364.000,1,775.000,1,0,0,
90547912000,0.000,0,179.000,16,178.000,41,84.000,3,38.500,1,22.500,20,193.000,41,194.000,10,205.000,3,364.000,1,775.000,1,0,0,
90548474000,0.000,0,179.000,16,178.000,20,84.000,3,38.500,1,22.500,20,193.000,20,194.000,10,205.000,3,364.000,1,775.000,1,0,0,
90548474000,0.000,0,180.000,21,179.000,16,178.000,20,84.000,3,38.500,1,193.000,41,194.000,10,205.000,3,364.000,1,775.000,1,0,0,
90548483000,0.000,0,180.000,21,179.000,16,84.000,3,38.500,1,22.500,20,193.000,21,194.000,10,205.000,3,364.000,1,775.000,1,0,0,
90548483000,0.000,0,180.000,41,179.000,16,84.000,3,38.500,1,22.500,20,193.000,21,194.000,10,195.000,20,205.000,3,364.000,1,0,0,
90555098000,0.000,0,180.000,41,179.000,10,84.000,3,38.500,1,22.500,20,193.000,21,194.000,10,195.000,20,205.000,3,364.000,1,0,0,
90556950000,0.000,0,180.000,41,179.000,16,84.000,3,38.500,1,22.500,20,193.000,21,194.000,10,195.000,20,205.000,3,364.000,1,0,0,
90558408000,0.000,0,180.000,41,179.000,10,84.000,3,38.500,1,22.500,20,193.000,21,194.000,10,195.000,20,205.000,3,364.000,1,0,0,
90558482000,0.000,0,180.000,21,179.000,10,84.000,3,38.500,1,22.500,20,193.000,21,194.000,10,205.000,3,364.000,1,775.000,1,0,0,
90558482000,0.000,0,180.000,21,179.000,10,178.000,20,84.000,3,38.500,1,193.000,41,194.000,10,205.000,3,364.000,1,775.000,1,0,0,
90600131000,0.000,0,180.000,21,178.000,20,84.000,3,38.500,1,22.500,20,193.000,41,194.000,10,205.000,3,364.000,1,775.000,1,0,0,
90600344000,0.000,0,180.000,21,178.000,20,177.000,10,84.000,3,38.500,1,193.000,41,194.000,10,205.000,3,364.000,1,775.000,1,0,0,
90600957000,0.000,0,178.000,20,177.000,10,84.000,3,38.500,1,22.500,20,193.000,20,194.000,10,205.000,3,364.000,1,775.000,1,0,0,
90600957000,0.000,0,179.000,21,178.000,20,177.000,10,84.000,3,38.500,1,193.000,41,194.000,10,205.000,3,364.000,1,775.000,1,0,0,
90602775000,0.000,0,179.000,21,178.000,20,177.000,10,84.000,3,38.500,1,193.000,41,194.000,16,205.000,3,364.000,1,775.000,1,0,0,
90603051000,0.000,0,179.000,21,178.000,20,177.000,10,84.000,3,38.500,1,193.000,41,194.000,10,205.000,3,364.000,1,775.000,1,0,0,
90615243000,0.000,0,179.000,21,178.000,26,177.000,10,84.000,3,38.500,1,193.000,41,194.000,10,205.000,3,364.000,1,775.000,1,0,0,
90619604000,0.000,0,179.000,21,178.000,20,177.000,10,84.000,3,38.500,1,193.000,41,194.000,10,205.000,3,364.000,1,775.000,1,0,0,
90619615000,0.000,0,179.000,27,178.000,20,177.000,10,84.000,3,38.500,1,193.000,41,194.000,10,205.000,3,364.000,1,775.000,1,0,0,
90620123000,0.000,0,179.000,27,178.000,20,177.000,10,84.000,3,38.500,1,193.000,41,205.000,3,364.000,1,775.000,1,0,0,0,0,
90620650000,0.000,0,179.000,27,178.000,20,177.000,10,84.000,3,38.500,1,193.000,41,196.000,10,205.000,3,364.000,1,775.000,1,0,0,
90626194000,0.000,0,179.000,21,178.000,20,177.000,10,84.000,3,38.500,1,193.000,41,196.000,10,205.000,3,364.000,1,775.000,1,0,0,
90626204000,0.000,0,179.000,21,178.000,26,177.000,10,84.000,3,38.500,1,193.000,41,196.000,10,205.000,3,364.000,1,775.000,1,0,0,
90627738000,0.000,0,179.000,21,178.000,20,177.000,10,84.000,3,38.500,1,193.000,41,196.000,10,205.000,3,364.000,1,775.000,1,0,0,
90627842000,0.000,0,179.000,21,178.000,20,177.000,10,84.000,3,38.500,1,193.000,41,205.000,3,364.000,1,775.000,1,0,0,0,0,
90627843000,0.000,0,179.000,21,178.000,20,177.000,10,84.000,3,38.500,1,193.000,41,194.000,10,205.000,3,364.000,1,775.000,1,0,0,
90627865000,0.000,0,179.000,21,178.000,26,177.000,10,84.000,3,38.500,1,193.000,41,194.000,10,205.000,3,364.000,1,775.000,1,0,0,
90629903000,0.000,0,179.000,21,178.000,20,177.000,10,84.000,3,38.500,1,193.000,41,194.000,10,205.000,3,364.000,1,775.000,1,0,0,
90631562000,0.000,0,179.000,21,178.000,26,177.000,10,84.000,3,38.500,1,193.000,41,194.000,10,205.000,3,364.000,1,775.000,1,0,0,
90631923000,0.000,0,179.000,21,178.000,20,177.000,10,84.000,3,38.500,1,193.000,41,194.000,10,205.000,3,364.000,1,775.000,1,0,0,
90642677000,0.000,0,179.000,21,178.000,20,177.000,10,84.000,3,38.500,1,193.000,41,194.000,16,205.000,3,364.000,1,775.000,1,0,0,
90643683000,0.000,0,179.000,21,178.000,20,177.000,10,84.000,3,38.500,1,193.000,41,194.000,10,205.000,3,364.000,1,775.000,1,0,0,
90644992000,0.000,0,179.000,21,178.000,20,177.000,10,84.000,3,38.500,1,193.000,41,194.000,16,205.000,3,364.000,1,775.000,1,0,0,
90648622000,0.000,0,179.000,21,178.000,20,177.000,10,84.000,3,38.500,1,193.000,41,194.000,10,205.000,3,364.000,1,775.000,1,0,0,
90651699000,0.000,0,179.000,21,178.000,20,177.000,10,84.000,3,50.000,1,193.000,41,194.000,10,205.000,3,364.000,1,775.000,1,0,0,
90652219000,0.000,0,179.000,21,178.000,20,177.000,10,84.000,3,50.000,1,193.000,41,205.000,3,364.000,1,775.000,1,0,0,0,0,
90652220000,0.000,0,179.000,21,178.000,20,177.000,10,84.000,3,50.000,1,192.000,10,193.000,41,205.000,3,364.000,1,775.000,1,0,0,
90652749000,0.000,0,178.000,20,177.000,10,84.000,3,50.000,1,38.500,1,192.000,10,193.000,20,205.000,3,364.000,1,775.000,1,0,0,
90652749000,0.000,0,179.000,21,178.000,20,177.000,10,84.000,3,50.000,1,191.000,21,192.000,10,193.000,20,205.000,3,364.000,1,0,0,
90653003000,0.000,0,179.000,21,177.000,10,84.000,3,50.000,1,38.500,1,191.000,21,192.000,10,205.000,3,364.000,1,775.000,1,0,0,
90653003000,0.000,0,179.000,21,177.000,10,176.000,20,84.000,3,50.000,1,191.000,41,192.000,10,205.000,3,364.000,1,775.000,1,0,0,
90653850000,0.000,0,177.000,10,176.000,20,84.000,3,50.000,1,38.500,1,191.000,20,192.000,10,205.000,3,364.000,1,775.000,1,0,0,
90653850000,0.000,0,178.000,21,177.000,10,176.000,20,84.000,3,50.000,1,191.000,41,192.000,10,205.000,3,364.000,1,775.000,1,0,0,
90653987000,0.000,0,178.000,21,177.000,16,176.000,20,84.000,3,50.000,1,191.000,41,192.000,10,205.000,3,364.000,1,775.000,1,0,0,
90654293000,0.000,0,178.000,21,177.000,10,176.000,20,84.000,3,50.000,1,191.000,41,192.000,10,205.000,3,364.000,1,775.000,1,0,0,
90708816000,0.000,0,178.000,21,177.000,10,176.000,20,84.000,3,50.000,1,191.000,41,205.000,3,364.000,1,775.000,1,0,0,0,0,
90708817000,0.000,0,178.000,21,177.000,16,176.000,20,84.000,3,50.000,1,191.000,41,205.000,3,364.000,1,775.000,1,0,0,0,0,
90709395000,0.000,0,178.000,21,177.000,16,176.000,20,84.000,3,50.000,1,191.000,41,194.000,10,205.000,3,364.000,1,775.000,1,0,0,
90710003000,0.000,0,178.000,21,177.000,16,84.000,3,50.000,1,38.500,1,191.000,21,194.000,10,205.000,3,364.000,1,775.000,1,0,0,
90710003000,0.000,0,178.000,41,177.000,16,84.000,3,50.000,1,38.500,1,191.000,21,193.000,20,194.000,10,205.000,3,364.000,1,0,0,
90710960000,0.000,0,178.000,20,177.000,16,84.000,3,50.000,1,38.500,1,193.000,20,194.000,10,205.000,3,364.000,1,775.000,1,0,0,
90710960000,0.000,0,178.000,41,177.000,16,84.000,3,50.000,1,38.500,1,192.000,21,193.000,20,194.000,10,205.000,3,364.000,1,0,0,
90714218000,0.000,0,178.000,41,177.000,10,84.000,3,50.000,1,38.500,1,192.000,21,193.000,20,194.000,10,205.000,3,364.000,1,0,0,
90714228000,0.000,0,178.000,47,177.000,10,84.000,3,50.000,1,38.500,1,192.000,21,193.000,20,194.000,10,205.000,3,364.000,1,0,0,
90714955000,0.000,0,178.000,41,177.000,10,84.000,3,50.000,1,38.500,1,192.000,21,193.000,20,194.000,10,205.000,3,364.000,1,0,0,
90714975000,0.000,0,178.000,41,177.000,16,84.000,3,50.000,1,38.500,1,192.000,21,193.000,20,194.000,10,205.000,3,364.000,1,0,0,
90715327000,0.000,0,178.000,41,177.000,10,84.000,3,50.000,1,38.500,1,192.000,21,193.000,20,194.000,10,205.000,3,364.000,1,0,0,
90717949000,0.000,0,178.000,41,177.000,16,84.000,3,50.000,1,38.500,1,192.000,21,193.000,20,194.000,10,205.000,3,364.000,1,0,0,
90722533000,0.000,0,178.000,41,177.000,10,84.000,3,50.000,1,38.500,1,192.000,21,193.000,20,194.000,10,205.000,3,364.000,1,0,0,
90723147000,0.000,0,178.000,41,177.000,16,84.000,3,50.000,1,38.500,1,192.000,21,193.000,20,194.000,10,205.000,3,364.000,1,0,0,
90724602000,0.000,0,178.000,41,177.000,10,84.000,3,50.000,1,38.500,1,192.000,21,193.000,20,194.000,10,205.000,3,364.000,1,0,0,
90724612000,0.000,0,178.000,47,177.000,10,84.000,3,50.000,1,38.500,1,192.000,21,193.000,20,194.000,10,205.000,3,364.000,1,0,0,
90726203000,0.000,0,178.000,41,177.000,10,84.000,3,50.000,1,38.500,1,192.000,21,193.000,20,194.000,10,205.000,3,364.000,1,0,0,
90726213000,0.000,0,178.000,41,177.000,16,84.000,3,50.000,1,38.500,1,192.000,21,193.000,20,194.000,10,205.000,3,364.000,1,0,0,
90727775000,0.000,0,178.000,41,177.000,10,84.000,3,50.000,1,38.500,1,192.000,21,193.000,20,194.000,10,205.000,3,364.000,1,0,0,
90730800000,0.000,0,178.000,41,177.000,16,84.000,3,50.000,1,38.500,1,192.000,21,193.000,20,194.000,10,205.000,3,364.000,1,0,0,
90738826000,0.000,0,178.000,41,177.000,6,84.000,3,50.000,1,38.500,1,192.000,21,193.000,20,194.000,10,205.000,3,364.000,1,0,0,
90738827000,0.000,0,179.000,10,178.000,41,177.000,6,84.000,3,50.000,1,192.000,21,193.000,20,194.000,10,205.000,3,364.000,1,0,0,
90738921000,0.000,0,179.000,10,178.000,41,84.000,3,50.000,1,38.500,1,192.000,21,193.000,20,194.000,10,205.000,3,364.000,1,0,0,
90738934000,0.000,0,179.000,10,178.000,47,84.000,3,50.000,1,38.500,1,192.000,21,193.000,20,194.000,10,205.000,3,364.000,1,0,0,
90738990000,0.000,0,179.000,10,178.000,26,84.000,3,50.000,1,38.500,1,193.000,20,194.000,10,205.000,3,364.000,1,775.000,1,0,0,
90738990000,0.000,0,180.000,21,179.000,10,178.000,26,84.000,3,50.000,1,192.000,21,193.000,20,194.000,10,205.000,3,364.000,1,0,0,
90742212000,0.000,0,180.000,21,179.000,10,178.000,26,84.000,3,50.000,1,192.000,21,193.000,20,205.000,3,364.000,1,775.000,1,0,0,
90742224000,0.000,0,179.000,10,178.000,26,84.000,3,50.000,1,38.500,1,193.000,20,205.000,3,364.000,1,775.000,1,0,0,0,0,
90742224000,0.000,0,180.000,21,179.000,10,178.000,26,84.000,3,50.000,1,193.000,41,205.000,3,364.000,1,775.000,1,0,0,0,0,
90742248000,0.000,0,180.000,21,179.000,10,178.000,20,84.000,3,50.000,1,193.000,41,205.000,3,364.000,1,775.000,1,0,0,0,0,
90742259000,0.000,0,180.000,21,179.000,16,178.000,20,84.000,3,50.000,1,193.000,41,205.000,3,364.000,1,775.000,1,0,0,0,0,
90742337000,0.000,0,180.000,21,179.000,16,178.000,20,84.000,3,50.000,1,193.000,41,197.000,10,205.000,3,364.000,1,775.000,1,0,0,
90742503000,0.000,0,180.000,21,179.000,16,84.000,3,50.000,1,38.500,1,193.000,21,197.000,10,205.000,3,364.000,1,775.000,1,0,0,
90742503000,0.000,0,180.000,41,179.000,16,84.000,3,50.000,1,38.500,1,193.000,21,195.000,20,197.000,10,205.000,3,364.000,1,0,0,
90743324000,0.000,0,180.000,20,179.000,16,84.000,3,50.000,1,38.500,1,195.000,20,197.000,10,205.000,3,364.000,1,775.000,1,0,0,
90743324000,0.000,0,180.000,41,179.000,16,84.000,3,50.000,1,38.500,1,194.000,21,195.000,20,197.000,10,205.000,3,364.000,1,0,0,
90743440000,0.000,0,180.000,41,179.000,10,84.000,3,50.000,1,38.500,1,194.000,21,195.000,20,197.000,10,205.000,3,364.000,1,0,0,
90743450000,0.000,0,180.000,47,179.000,10,84.000,3,50.000,1,38.500,1,194.000,21,195.000,20,197.000,10,205.000,3,364.000,1,0,0,
90746092000,0.000,0,180.000,41,179.000,10,84.000,3,50.000,1,38.500,1,194.000,21,195.000,20,197.000,10,205.000,3,364.000,1,0,0,
90746110000,0.000,0,180.000,41,179.000,16,84.000,3,50.000,1,38.500,1,194.000,21,195.000,20,197.000,10,205.000,3,364.000,1,0,0,
90747989000,0.000,0,180.000,41,179.000,10,84.000,3,50.000,1,38.500,1,194.000,21,195.000,20,197.000,10,205.000,3,364.000,1,0,0,
90748194000,0.000,0,180.000,47,179.000,10,84.000,3,50.000,1,38.500,1,194.000,21,195.000,20,197.000,10,205.000,3,364.000,1,0,0,
90754882000,0.000,0,180.000,41,179.000,10,84.000,3,50.000,1,38.500,1,194.000,21,195.000,20,197.000,10,205.000,3,364.000,1,0,0,
90754891000,0.000,0,181.000,6,180.000,41,179.000,10,84.000,3,50.000,1,194.000,21,195.000,20,197.000,10,205.000,3,364.000,1,0,0,
90754930000,0.000,0,181.000,6,180.000,20,179.000,10,84.000,3,50.000,1,195.000,20,197.000,10,205.000,3,364.000,1,775.000,1,0,0,
90754930000,0.000,0,182.000,21,181.000,6,180.000,20,179.000,10,84.000,3,194.000,21,195.000,20,197.000,10,205.000,3,364.000,1,0,0,
90755003000,0.000,0,182.000,21,181.000,6,179.000,10,84.000,3,50.000,1,194.000,21,197.000,10,205.000,3,364.000,1,775.000,1,0,0,
90755003000,0.000,0,182.000,41,181.000,6,179.000,10,84.000,3,50.000,1,194.000,21,197.000,30,205.000,3,364.000,1,775.000,1,0,0,
90756031000,0.000,0,182.000,20,181.000,6,179.000,10,84.000,3,50.000,1,197.000,30,205.000,3,364.000,1,775.000,1,0,0,0,0,
90756031000,0.000,0,182.000,41,181.000,6,179.000,10,84.000,3,50.000,1,196.000,21,197.000,30,205.000,3,364.000,1,775.000,1,0,0,
90756933000,0.000,0,182.000,41,179.000,10,84.000,3,50.000,1,38.500,1,196.000,21,197.000,30,205.000,3,364.000,1,775.000,1,0,0,
90757909000,0.000,0,182.000,41,84.000,3,50.000,1,38.500,1,22.500,20,196.000,21,197.000,30,205.000,3,364.000,1,775.000,1,0,0,
90757909000,0.000,0,182.000,41,181.000,10,84.000,3,50.000,1,38.500,1,196.000,21,197.000,30,205.000,3,364.000,1,775.000,1,0,0,
90800304000,0.000,0,182.000,41,181.000,10,84.000,3,38.500,1,22.500,20,196.000,21,197.000,30,205.000,3,364.000,1,775.000,1,0,0,
90806383000,0.000,0,182.000,41,181.000,16,84.000,3,38.500,1,22.500,20,196.000,21,197.000,30,205.000,3,364.000,1,775.000,1,0,0,
90809959000,0.000,0,182.000,41,181.000,16,84.000,3,38.500,1,22.500,20,196.000,21,197.000,20,205.000,3,364.000,1,775.000,1,0,0,
90809960000,0.000,0,182.000,41,181.000,10,84.000,3,38.500,1,22.500,20,196.000,21,197.000,20,205.000,3,364.000,1,775.000,1,0,0,
90810102000,0.000,0,182.000,47,181.000,10,84.000,3,38.500,1,22.500,20,196.000,21,197.000,20,205.000,3,364.000,1,775.000,1,0,0,
90810513000,0.000,0,182.000,47,181.000,10,84.000,3,38.500,1,22.500,20,196.000,21,197.000,20,200.000,10,205.000,3,364.000,1,0,0,
90811256000,0.000,0,182.000,41,181.000,10,84.000,3,38.500,1,22.500,20,196.000,21,197.000,20,200.000,10,205.000,3,364.000,1,0,0,
90811266000,0.000,0,183.000,6,182.000,41,181.000,10,84.000,3,38.500,1,196.000,21,197.000,20,200.000,10,205.000,3,364.000,1,0,0,
90811300000,0.000,0,183.000,6,182.000,20,181.000,10,84.000,3,38.500,1,197.000,20,200.000,10,205.000,3,364.000,1,775.000,1,0,0,
90811300000,0.000,0,184.000,21,183.000,6,182.000,20,181.000,10,84.000,3,197.000,41,200.000,10,205.000,3,364.000,1,775.000,1,0,0,
90811421000,0.000,0,184.000,21,183.000,6,181.000,10,84.000,3,38.500,1,197.000,21,200.000,10,205.000,3,364.000,1,775.000,1,0,0,
90811503000,0.000,0,184.000,41,183.000,6,181.000,10,84.000,3,38.500,1,197.000,21,199.000,20,200.000,10,205.000,3,364.000,1,0,0,
90812401000,0.000,0,184.000,20,183.000,6,181.000,10,84.000,3,38.500,1,199.000,20,200.000,10,205.000,3,364.000,1,775.000,1,0,0,
90812401000,0.000,0,184.000,41,183.000,6,181.000,10,84.000,3,38.500,1,198.000,21,199.000,20,200.000,10,205.000,3,364.000,1,0,0,
90813419000,0.000,0,184.000,41,181.000,10,84.000,3,38.500,1,22.500,20,198.000,21,199.000,20,200.000,10,205.000,3,364.000,1,0,0,
90813806000,0.000,0,184.000,41,183.000,6,181.000,10,84.000,3,38.500,1,198.000,21,199.000,20,200.000,10,205.000,3,364.000,1,0,0,
90819021000,0.000,0,184.000,41,181.000,10,84.000,3,38.500,1,22.500,20,198.000,21,199.000,20,200.000,10,205.000,3,364.000,1,0,0,
90819406000,0.000,0,184.000,41,183.000,6,181.000,10,84.000,3,38.500,1,198.000,21,199.000,20,200.000,10,205.000,3,364.000,1,0,0,
90830626000,0.000,0,184.000,41,181.000,10,84.000,3,38.500,1,22.500,20,198.000,21,199.000,20,200.000,10,205.000,3,364.000,1,0,0,
90830636000,0.000,0,184.000,47,181.000,10,84.000,3,38.500,1,22.500,20,198.000,21,199.000,20,200.000,10,205.000,3,364.000,1,0,0,
90834709000,0.000,0,184.000,41,181.000,10,84.000,3,38.500,1,22.500,20,198.000,21,199.000,20,200.000,10,205.000,3,364.000,1,0,0,
90834720000,0.000,0,184.000,41,183.000,6,181.000,10,84.000,3,38.500,1,198.000,21,199.000,20,200.000,10,205.000,3,364.000,1,0,0,
90839955000,0.000,0,184.000,41,183.000,6,84.000,3,38.500,1,22.500,20,198.000,21,199.000,20,200.000,10,205.000,3,364.000,1,0,0,
90839955000,0.000,0,185.000,10,184.000,41,183.000,6,84.000,3,38.500,1,198.000,21,199.000,20,200.000,10,205.000,3,364.000,1,0,0,
90840796000,0.000,0,185.000,10,184.000,20,183.000,6,84.000,3,38.500,1,199.000,20,200.000,10,205.000,3,364.000,1,775.000,1,0,0,
90840796000,0.000,0,186.000,21,185.000,10,184.000,20,183.000,6,84.000,3,198.000,21,199.000,20,200.000,10,205.000,3,364.000,1,0,0,
90848669000,0.000,0,186.000,21,185.000,10,184.000,20,84.000,3,38.500,1,198.000,21,199.000,20,200.000,10,205.000,3,364.000,1,0,0,
90853709000,0.000,0,186.000,21,184.000,20,84.000,3,38.500,1,22.500,20,198.000,21,199.000,20,200.000,10,205.000,3,364.000,1,0,0,
90853834000,0.000,0,186.000,21,184.000,20,183.000,10,84.000,3,38.500,1,198.000,21,199.000,20,200.000,10,205.000,3,364.000,1,0,0,
90853939000,0.000,0,186.000,21,184.000,20,183.000,10,84.000,3,38.500,1,198.000,21,199.000,26,200.000,10,205.000,3,364.000,1,0,0,
90854870000,0.000,0,184.000,20,183.000,10,84.000,3,38.500,1,22.500,20,199.000,26,200.000,10,205.000,3,364.000,1,775.000,1,0,0,
90854870000,0.000,0,185.000,21,184.000,20,183.000,10,84.000,3,38.500,1,198.000,21,199.000,26,200.000,10,205.000,3,364.000,1,0,0,
90856369000,0.000,0,185.000,21,184.000,20,183.000,10,84.000,3,38.500,1,198.000,21,199.000,20,200.000,10,205.000,3,364.000,1,0,0,
90858597000,0.000,0,185.000,21,184.000,20,183.000,10,84.000,3,38.500,1,198.000,21,199.000,26,200.000,10,205.000,3,364.000,1,0,0,
90859095000,0.000,0,185.000,21,184.000,20,183.000,10,84.000,3,38.500,1,198.000,21,199.000,20,200.000,10,205.000,3,364.000,1,0,0,
90900138000,0.000,0,185.000,21,184.000,20,183.000,10,84.000,3,38.500,1,198.000,21,199.000,26,200.000,10,205.000,3,364.000,1,0,0,
90900428000,0.000,0,185.000,21,184.000,20,84.000,3,38.500,1,22.500,20,198.000,21,199.000,26,200.000,10,205.000,3,364.000,1,0,0,
90900553000,0.000,0,185.000,21,184.000,20,181.000,10,84.000,3,38.500,1,198.000,21,199.000,26,200.000,10,205.000,3,364.000,1,0,0,
90900804000,0.000,0,184.000,20,181.000,10,84.000,3,38.500,1,22.500,20,199.000,26,200.000,10,205.000,3,364.000,1,775.000,1,0,0,
90900804000,0.000,0,184.000,41,181.000,10,84.000,3,38.500,1,22.500,20,198.000,21,199.000,26,200.000,10,205.000,3,364.000,1,0,0,
90901805000,0.000,0,184.000,20,181.000,10,84.000,3,38.500,1,22.500,20,199.000,26,200.000,10,205.000,3,364.000,1,775.000,1,0,0,
90901805000,0.000,0,185.000,21,184.000,20,181.000,10,84.000,3,38.500,1,198.000,21,199.000,26,200.000,10,205.000,3,364.000,1,0,0,
90907748000,0.000,0,185.000,21,184.000,20,181.000,10,84.000,3,38.500,1,198.000,21,199.000,20,200.000,10,205.000,3,364.000,1,0,0,
90909803000,0.000,0,185.000,21,184.000,20,84.000,3,38.500,1,22.500,20,198.000,21,199.000,20,200.000,10,205.000,3,364.000,1,0,0,
90909804000,0.000,0,185.000,21,184.000,20,183.000,10,84.000,3,38.500,1,198.000,21,199.000,20,200.000,10,205.000,3,364.000,1,0,0,
90915267000,0.000,0,185.000,21,184.000,20,183.000,10,84.000,3,38.500,1,198.000,21,199.000,26,200.000,10,205.000,3,364.000,1,0,0,
90915518000,0.000,0,185.000,21,184.000,20,84.000,3,38.500,1,22.500,20,198.000,21,199.000,26,200.000,10,205.000,3,364.000,1,0,0,
90915642000,0.000,0,185.000,21,184.000,20,181.000,10,84.000,3,38.500,1,198.000,21,199.000,26,200.000,10,205.000,3,364.000,1,0,0,
90917130000,0.000,0,185.000,21,184.000,20,181.000,10,84.000,3,38.500,1,198.000,21,199.000,20,200.000,10,205.000,3,364.000,1,0,0,
90917369000,0.000,0,185.000,21,184.000,20,181.000,10,84.000,3,38.500,1,198.000,21,199.000,26,200.000,10,205.000,3,364.000,1,0,0,
90918577000,0.000,0,185.000,21,184.000,20,181.000,10,84.000,3,38.500,1,198.000,21,199.000,20,200.000,10,205.000,3,364.000,1,0,0,
90919299000,0.000,0,185.000,21,184.000,20,181.000,10,84.000,3,38.500,1,198.000,21,199.000,26,200.000,10,205.000,3,364.000,1,0,0,
90919912000,0.000,0,184.000,20,181.000,10,84.000,3,38.500,1,22.500,20,199.000,26,200.000,10,205.000,3,364.000,1,775.000,1,0,0,
90919912000,0.000,0,184.000,41,181.000,10,84.000,3,38.500,1,22.500,20,198.000,21,199.000,26,200.000,10,205.000,3,364.000,1,0,0,
90922967000,0.000,0,184.000,20,181.000,10,84.000,3,38.500,1,22.500,20,199.000,26,200.000,10,205.000,3,364.000,1,775.000,1,0,0,
90922967000,0.000,0,185.000,21,184.000,20,181.000,10,84.000,3,38.500,1,198.000,21,199.000,26,200.000,10,205.000,3,364.000,1,0,0,
90923168000,0.000,0,185.000,21,184.000,20,181.000,10,84.000,3,38.500,1,198.000,21,199.000,20,200.000,10,205.000,3,364.000,1,0,0,
90929922000,0.000,0,184.000,20,181.000,10,84.000,3,38.500,1,22.500,20,199.000,20,200.000,10,205.000,3,364.000,1,775.000,1,0,0,
90929922000,0.000,0,184.000,41,181.000,10,84.000,3,38.500,1,22.500,20,198.000,21,199.000,20,200.000,10,205.000,3,364.000,1,0,0,
90930002000,0.000,0,184.000,41,181.000,10,84.000,3,38.500,1,22.500,20,198.000,21,199.000,26,200.000,10,205.000,3,364.000,1,0,0,
90934371000,0.000,0,184.000,41,181.000,10,84.000,3,38.500,1,22.500,20,198.000,21,199.000,20,200.000,10,205.000,3,364.000,1,0,0,
90934819000,0.000,0,184.000,20,181.000,10,84.000,3,38.500,1,22.500,20,199.000,20,200.000,10,205.000,3,364.000,1,775.000,1,0,0,
90934819000,0.000,0,185.000,21,184.000,20,181.000,10,84.000,3,38.500,1,198.000,21,199.000,20,200.000,10,205.000,3,364.000,1,0,0,
90945528000,0.000,0,185.000,21,184.000,20,181.000,10,84.000,3,38.500,1,198.000,21,199.000,20,205.000,3,364.000,1,775.000,1,0,0,
90945529000,0.000,0,185.000,21,184.000,20,181.000,10,84.000,3,38.500,1,198.000,31,199.000,20,205.000,3,364.000,1,775.000,1,0,0,
90946002000,0.000,0,185.000,21,184.000,20,84.000,3,38.500,1,22.500,20,198.000,31,199.000,20,205.000,3,364.000,1,775.000,1,0,0,
90946003000,0.000,0,185.000,21,184.000,20,183.000,10,84.000,3,38.500,1,198.000,31,199.000,20,205.000,3,364.000,1,775.000,1,0,0,
90954985000,0.000,0,185.000,21,184.000,20,183.000,10,84.000,3,38.500,1,198.000,21,199.000,20,205.000,3,364.000,1,775.000,1,0,0,
90954985000,0.000,0,185.000,21,184.000,20,183.000,10,84.000,3,38.500,1,198.000,21,199.000,20,200.000,10,205.000,3,364.000,1,0,0,
90958802000,0.000,0,185.000,21,184.000,26,183.000,10,84.000,3,38.500,1,198.000,21,199.000,20,200.000,10,205.000,3,364.000,1,0,0,
91003122000,0.000,0,185.000,21,184.000,20,183.000,10,84.000,3,38.500,1,198.000,21,199.000,20,200.000,10,205.000,3,364.000,1,0,0,
91003131000,0.000,0,185.000,27,184.000,20,183.000,10,84.000,3,38.500,1,198.000,21,199.000,20,200.000,10,205.000,3,364.000,1,0,0,
91004319000,0.000,0,185.000,27,184.000,20,183.000,10,84.000,3,38.500,1,198.000,21,199.000,20,205.000,3,364.000,1,775.000,1,0,0,
91004443000,0.000,0,185.000,27,184.000,20,183.000,10,84.000,3,38.500,1,198.000,21,199.000,20,203.000,10,205.000,3,364.000,1,0,0,
91004685000,0.000,0,185.000,21,184.000,20,183.000,10,84.000,3,38.500,1,198.000,21,199.000,20,203.000,10,205.000,3,364.000,1,0,0,
91004696000,0.000,0,186.000,6,185.000,21,184.000,20,183.000,10,84.000,3,198.000,21,199.000,20,203.000,10,205.000,3,364.000,1,0,0,
91004698000,0.000,0,186.000,6,185.000,21,183.000,10,84.000,3,38.500,1,198.000,21,203.000,10,205.000,3,364.000,1,775.000,1,0,0,
91004821000,0.000,0,186.000,6,183.000,10,84.000,3,38.500,1,22.500,20,203.000,10,205.000,3,364.000,1,775.000,1,0,0,0,0,
91004821000,0.000,0,187.000,21,186.000,6,183.000,10,84.000,3,38.500,1,202.000,21,203.000,10,205.000,3,364.000,1,775.000,1,0,0,
91005003000,0.000,0,187.000,41,186.000,6,183.000,10,84.000,3,38.500,1,202.000,41,203.000,10,205.000,3,364.000,1,775.000,1,0,0,
91005711000,0.000,0,187.000,41,186.000,6,183.000,10,84.000,3,38.500,1,202.000,41,203.000,10,205.000,3,364.000,1,400.000,1,0,0,
91007218000,0.000,0,187.000,41,183.000,10,84.000,3,38.500,1,22.500,20,202.000,41,203.000,10,205.000,3,364.000,1,400.000,1,0,0,
91007995000,0.000,0,187.000,41,84.000,3,38.500,1,22.500,20,22.000,40,202.000,41,203.000,10,205.000,3,364.000,1,400.000,1,0,0,
91007995000,0.000,0,187.000,41,186.000,10,84.000,3,38.500,1,22.500,20,202.000,41,203.000,10,205.000,3,364.000,1,400.000,1,0,0,
91009375000,0.000,0,187.000,41,186.000,16,84.000,3,38.500,1,22.500,20,202.000,41,203.000,10,205.000,3,364.000,1,400.000,1,0,0,
91015638000,0.000,0,187.000,41,186.000,10,84.000,3,38.500,1,22.500,20,202.000,41,203.000,10,205.000,3,364.000,1,400.000,1,0,0,
91015648000,0.000,0,187.000,47,186.000,10,84.000,3,38.500,1,22.500,20,202.000,41,203.000,10,205.000,3,364.000,1,400.000,1,0,0,
91025921000,0.000,0,187.000,41,186.000,10,84.000,3,38.500,1,22.500,20,202.000,41,203.000,10,205.000,3,364.000,1,400.000,1,0,0,
91025932000,0.000,0,187.000,41,186.000,16,84.000,3,38.500,1,22.500,20,202.000,41,203.000,10,205.000,3,364.000,1,400.000,1,0,0,
91030629000,0.000,0,187.000,41,186.000,10,84.000,3,38.500,1,22.500,20,202.000,41,203.000,10,205.000,3,364.000,1,400.000,1,0,0,
91030639000,0.000,0,187.000,47,186.000,10,84.000,3,38.500,1,22.500,20,202.000,41,203.000,10,205.000,3,364.000,1,400.000,1,0,0,
91031094000,0.000,0,187.000,41,186.000,10,84.000,3,38.500,1,22.500,20,202.000,41,203.000,10,205.000,3,364.000,1,400.000,1,0,0,
91031104000,0.000,0,188.000,6,187.000,41,186.000,10,84.000,3,38.500,1,202.000,41,203.000,10,205.000,3,364.000,1,400.000,1,0,0,
91032012000,0.000,0,188.000,6,187.000,20,186.000,10,84.000,3,38.500,1,202.000,20,203.000,10,205.000,3,364.000,1,400.000,1,0,0,
91032012000,0.000,0,189.000,21,188.000,6,187.000,20,186.000,10,84.000,3,202.000,41,203.000,10,205.000,3,364.000,1,400.000,1,0,0,
91032722000,0.000,0,189.000,21,187.000,20,186.000,10,84.000,3,38.500,1,202.000,41,203.000,10,205.000,3,364.000,1,400.000,1,0,0,
91033144000,0.000,0,187.000,20,186.000,10,84.000,3,38.500,1,22.500,20,202.000,20,203.000,10,205.000,3,364.000,1,400.000,1,0,0,
91033144000,0.000,0,188.000,21,187.000,20,186.000,10,84.000,3,38.500,1,202.000,41,203.000,10,205.000,3,364.000,1,400.000,1,0,0,
91033767000,0.000,0,188.000,21,187.000,26,186.000,10,84.000,3,38.500,1,202.000,41,203.000,10,205.000,3,364.000,1,400.000,1,0,0,
91034330000,0.000,0,188.000,21,187.000,26,84.000,3,38.500,1,22.500,20,202.000,41,203.000,10,205.000,3,364.000,1,400.000,1,0,0,
91034330000,0.000,0,188.000,31,187.000,26,84.000,3,38.500,1,22.500,20,202.000,41,203.000,10,205.000,3,364.000,1,400.000,1,0,0,
91036059000,0.000,0,188.000,31,187.000,20,84.000,3,38.500,1,22.500,20,202.000,41,203.000,10,205.000,3,364.000,1,400.000,1,0,0,
91041105000,0.000,0,188.000,31,187.000,26,84.000,3,38.500,1,22.500,20,202.000,41,203.000,10,205.000,3,364.000,1,400.000,1,0,0,
91047651000,0.000,0,188.000,31,187.000,20,84.000,3,38.500,1,22.500,20,202.000,41,203.000,10,205.000,3,364.000,1,400.000,1,0,0,
91047661000,0.000,0,188.000,37,187.000,20,84.000,3,38.500,1,22.500,20,202.000,41,203.000,10,205.000,3,364.000,1,400.000,1,0,0,
91050172000,0.000,0,188.000,37,187.000,20,84.000,3,38.500,1,22.500,20,202.000,41,205.000,3,364.000,1,400.000,1,775.000,1,0,0,
91050296000,0.000,0,188.000,37,187.000,20,84.000,3,38.500,1,22.500,20,202.000,41,205.000,13,364.000,1,400.000,1,775.000,1,0,0,
91056530000,0.000,0,188.000,31,187.000,20,84.000,3,38.500,1,22.500,20,202.000,41,205.000,13,364.000,1,400.000,1,775.000,1,0,0,
91056540000,0.000,0,189.000,6,188.000,31,187.000,20,84.000,3,38.500,1,202.000,41,205.000,13,364.000,1,400.000,1,775.000,1,0,0,
91056854000,0.000,0,189.000,6,188.000,10,187.000,20,84.000,3,38.500,1,202.000,20,205.000,13,364.000,1,400.000,1,775.000,1,0,0,
91056854000,0.000,0,190.000,21,189.000,6,188.000,10,187.000,20,84.000,3,202.000,41,205.000,13,364.000,1,400.000,1,775.000,1,0,0,
91057464000,0.000,0,190.000,21,189.000,6,188.000,10,187.000,20,84.000,3,202.000,41,205.000,3,364.000,1,400.000,1,775.000,1,0,0,
91057465000,0.000,0,189.000,6,188.000,10,187.000,20,84.000,3,38.500,1,202.000,20,205.000,3,364.000,1,400.000,1,775.000,1,0,0,
91057465000,0.000,0,190.000,21,189.000,6,188.000,10,187.000,20,84.000,3,202.000,20,203.000,21,205.000,3,364.000,1,400.000,1,0,0,
91057490000,0.000,0,190.000,21,189.000,6,188.000,10,84.000,3,38.500,1,203.000,21,205.000,3,364.000,1,400.000,1,775.000,1,0,0,
91057503000,0.000,0,190.000,41,189.000,6,188.000,10,84.000,3,38.500,1,203.000,21,205.000,23,364.000,1,400.000,1,775.000,1,0,0,
91057552000,0.000,0,190.000,41,188.000,10,84.000,3,38.500,1,22.500,20,203.000,21,205.000,23,364.000,1,400.000,1,775.000,1,0,0,
91057563000,0.000,0,190.000,47,188.000,10,84.000,3,38.500,1,22.500,20,203.000,21,205.000,23,364.000,1,400.000,1,775.000,1,0,0,
91057596000,0.000,0,190.000,26,188.000,10,84.000,3,38.500,1,22.500,20,205.000,23,364.000,1,400.000,1,775.000,1,0,0,0,0,
91057771000,0.000,0,190.000,20,188.000,10,84.000,3,38.500,1,22.500,20,205.000,23,364.000,1,400.000,1,775.000,1,0,0,0,0,
91057781000,0.000,0,188.000,10,84.000,3,38.500,1,22.500,20,22.000,40,205.000,3,364.000,1,400.000,1,775.000,1,0,0,0,0,
91057824000,0.000,0,189.000,6,188.000,10,84.000,3,38.500,1,22.500,20,205.000,3,364.000,1,400.000,1,775.000,1,0,0,0,0,
91059224000,0.000,0,189.000,6,188.000,10,84.000,3,38.500,1,22.500,20,205.000,3,209.000,10,364.000,1,400.000,1,775.000,1,0,0,
91100751000,0.000,0,190.000,21,189.000,6,188.000,10,84.000,3,38.500,1,204.000,21,205.000,3,209.000,10,364.000,1,400.000,1,0,0,
91100758000,0.000,0,190.000,21,188.000,10,84.000,3,38.500,1,22.500,20,204.000,21,205.000,3,209.000,10,364.000,1,400.000,1,0,0,
91100768000,0.000,0,191.000,6,190.000,21,188.000,10,84.000,3,38.500,1,204.000,21,205.000,3,209.000,10,364.000,1,400.000,1,0,0,
91101850000,0.000,0,191.000,6,188.000,10,84.000,3,38.500,1,22.500,20,205.000,3,209.000,10,364.000,1,400.000,1,775.000,1,0,0,
91101850000,0.000,0,192.000,21,191.000,6,188.000,10,84.000,3,38.500,1,204.000,21,205.000,3,209.000,10,364.000,1,400.000,1,0,0,
91102219000,0.000,0,192.000,21,191.000,6,188.000,10,84.000,3,38.500,1,204.000,21,205.000,3,364.000,1,400.000,1,775.000,1,0,0,
91102219000,0.000,0,192.000,21,191.000,6,188.000,10,84.000,3,38.500,1,204.000,21,205.000,3,207.000,10,364.000,1,400.000,1,0,0,
91102237000,0.000,0,192.000,21,188.000,10,84.000,3,38.500,1,22.500,20,204.000,21,205.000,3,207.000,10,364.000,1,400.000,1,0,0,
91102732000,0.000,0,192.000,21,191.000,6,188.000,10,84.000,3,38.500,1,204.000,21,205.000,3,207.000,10,364.000,1,400.000,1,0,0,
91103005000,0.000,0,192.000,21,188.000,10,84.000,3,38.500,1,22.500,20,204.000,21,205.000,3,207.000,10,364.000,1,400.000,1,0,0,
91103529000,0.000,0,188.000,10,84.000,3,38.500,1,22.500,20,22.000,40,205.000,3,207.000,10,364.000,1,400.000,1,775.000,1,0,0,
91103529000,0.000,0,189.000,21,188.000,10,84.000,3,38.500,1,22.500,20,204.000,21,205.000,3,207.000,10,364.000,1,400.000,1,0,0,
91103612000,0.000,0,190.000,6,189.000,21,188.000,10,84.000,3,38.500,1,204.000,21,205.000,3,207.000,10,364.000,1,400.000,1,0,0,
91104529000,0.000,0,190.000,6,188.000,10,84.000,3,38.500,1,22.500,20,205.000,3,207.000,10,364.000,1,400.000,1,775.000,1,0,0,
91104529000,0.000,0,191.000,21,190.000,6,188.000,10,84.000,3,38.500,1,204.000,21,205.000,3,207.000,10,364.000,1,400.000,1,0,0,
91107503000,0.000,0,191.000,21,190.000,26,188.000,10,84.000,3,38.500,1,204.000,21,205.000,23,207.000,10,364.000,1,400.000,1,0,0,
91111767000,0.000,0,191.000,21,190.000,20,188.000,10,84.000,3,38.500,1,204.000,21,205.000,23,207.000,10,364.000,1,400.000,1,0,0,
91111777000,0.000,0,191.000,27,190.000,20,188.000,10,84.000,3,38.500,1,204.000,21,205.000,23,207.000,10,364.000,1,400.000,1,0,0,
91113046000,0.000,0,191.000,6,190.000,20,188.000,10,84.000,3,38.500,1,205.000,23,207.000,10,364.000,1,400.000,1,775.000,1,0,0,
91113046000,0.000,0,191.000,27,190.000,20,188.000,10,84.000,3,38.500,1,205.000,44,207.000,10,364.000,1,400.000,1,775.000,1,0,0,
91113946000,0.000,0,191.000,27,190.000,20,188.000,10,84.000,3,38.500,1,205.000,44,364.000,1,400.000,1,775.000,1,0,0,0,0,
91113997000,0.000,0,191.000,21,190.000,20,188.000,10,84.000,3,38.500,1,205.000,44,364.000,1,400.000,1,775.000,1,0,0,0,0,
91114007000,0.000,0,192.000,6,191.000,21,190.000,20,188.000,10,84.000,3,205.000,44,364.000,1,400.000,1,775.000,1,0,0,0,0,
91114024000,0.000,0,192.000,6,191.000,21,188.000,10,84.000,3,38.500,1,205.000,24,364.000,1,400.000,1,775.000,1,0,0,0,0,
91114071000,0.000,0,192.000,6,191.000,21,188.000,10,84.000,3,38.500,1,205.000,24,209.000,10,364.000,1,400.000,1,775.000,1,0,0,
91114146000,0.000,0,192.000,6,188.000,10,84.000,3,38.500,1,22.500,20,205.000,3,209.000,10,364.000,1,400.000,1,775.000,1,0,0,
91114146000,0.000,0,193.000,21,192.000,6,188.000,10,84.000,3,38.500,1,205.000,3,206.000,21,209.000,10,364.000,1,400.000,1,0,0,
91114502000,0.000,0,193.000,21,192.000,26,188.000,10,84.000,3,38.500,1,205.000,3,206.000,21,207.000,20,209.000,10,364.000,1,0,0,
91116697000,0.000,0,193.000,21,192.000,20,188.000,10,84.000,3,38.500,1,205.000,3,206.000,21,207.000,20,209.000,10,364.000,1,0,0,
91116707000,0.000,0,193.000,27,192.000,20,188.000,10,84.000,3,38.500,1,205.000,3,206.000,21,207.000,20,209.000,10,364.000,1,0,0,
91118140000,0.000,0,193.000,6,192.000,20,188.000,10,84.000,3,38.500,1,205.000,3,207.000,20,209.000,10,364.000,1,400.000,1,0,0,
91118140000,0.000,0,193.000,27,192.000,20,188.000,10,84.000,3,38.500,1,205.000,3,207.000,41,209.000,10,364.000,1,400.000,1,0,0,
91118369000,0.000,0,193.000,21,192.000,20,188.000,10,84.000,3,38.500,1,205.000,3,207.000,41,209.000,10,364.000,1,400.000,1,0,0,
91118380000,0.000,0,194.000,6,193.000,21,192.000,20,188.000,10,84.000,3,205.000,3,207.000,41,209.000,10,364.000,1,400.000,1,0,0,
91119140000,0.000,0,194.000,6,192.000,20,188.000,10,84.000,3,38.500,1,205.000,3,207.000,20,209.000,10,364.000,1,400.000,1,0,0,
91119140000,0.000,0,195.000,21,194.000,6,192.000,20,188.000,10,84.000,3,205.000,3,207.000,41,209.000,10,364.000,1,400.000,1,0,0,
91119235000,0.000,0,195.000,21,192.000,20,188.000,10,84.000,3,38.500,1,205.000,3,207.000,41,209.000,10,364.000,1,400.000,1,0,0,
91120141000,0.000,0,192.000,20,188.000,10,84.000,3,38.500,1,22.500,20,205.000,3,207.000,20,209.000,10,364.000,1,400.000,1,0,0,
91120141000,0.000,0,193.000,21,192.000,20,188.000,10,84.000,3,38.500,1,205.000,3,207.000,41,209.000,10,364.000,1,400.000,1,0,0,
91120206000,0.000,0,193.000,27,192.000,20,188.000,10,84.000,3,38.500,1,205.000,3,207.000,41,209.000,10,364.000,1,400.000,1,0,0,
91122662000,0.000,0,193.000,27,192.000,20,188.000,10,84.000,3,38.500,1,205.000,3,207.000,41,364.000,1,400.000,1,775.000,1,0,0,
91122787000,0.000,0,193.000,27,192.000,20,188.000,10,84.000,3,38.500,1,205.000,3,207.000,41,211.000,10,364.000,1,400.000,1,0,0,
91122848000,0.000,0,193.000,21,192.000,20,188.000,10,84.000,3,38.500,1,205.000,3,207.000,41,211.000,10,364.000,1,400.000,1,0,0,
91122849000,0.000,0,194.000,6,193.000,21,192.000,20,188.000,10,84.000,3,205.000,3,207.000,41,211.000,10,364.000,1,400.000,1,0,0,
91122865000,0.000,0,194.000,6,192.000,20,188.000,10,84.000,3,38.500,1,205.000,3,207.000,20,211.000,10,364.000,1,400.000,1,0,0,
91122865000,0.000,0,195.000,21,194.000,6,192.000,20,188.000,10,84.000,3,205.000,3,207.000,20,208.000,21,211.000,10,364.000,1,0,0,
91122871000,0.000,0,195.000,21,194.000,6,188.000,10,84.000,3,38.500,1,205.000,3,208.000,21,211.000,10,364.000,1,400.000,1,0,0,
91123004000,0.000,0,195.000,21,194.000,26,188.000,10,84.000,3,38.500,1,205.000,3,208.000,21,209.000,20,211.000,10,364.000,1,0,0,
91123405000,0.000,0,195.000,21,194.000,20,188.000,10,84.000,3,38.500,1,205.000,3,208.000,21,209.000,20,211.000,10,364.000,1,0,0,
91123415000,0.000,0,195.000,27,194.000,20,188.000,10,84.000,3,38.500,1,205.000,3,208.000,21,209.000,20,211.000,10,364.000,1,0,0,
91124878000,0.000,0,195.000,27,194.000,20,188.000,10,84.000,3,38.500,1,205.000,3,208.000,21,209.000,20,364.000,1,400.000,1,0,0,
91124882000,0.000,0,195.000,21,194.000,20,188.000,10,84.000,3,38.500,1,205.000,3,208.000,21,209.000,20,364.000,1,400.000,1,0,0,
91125011000,0.000,0,196.000,6,195.000,21,194.000,20,188.000,10,84.000,3,205.000,3,208.000,21,209.000,20,364.000,1,400.000,1,0,0,
91125017000,0.000,0,196.000,6,195.000,21,188.000,10,84.000,3,38.500,1,205.000,3,208.000,21,364.000,1,400.000,1,775.000,1,0,0,
91125254000,0.000,0,196.000,6,188.000,10,84.000,3,38.500,1,22.500,20,205.000,3,364.000,1,400.000,1,775.000,1,0,0,0,0,
91125254000,0.000,0,197.000,21,196.000,6,188.000,10,84.000,3,38.500,1,205.000,3,210.000,21,364.000,1,400.000,1,775.000,1,0,0,
91125503000,0.000,0,197.000,21,196.000,26,188.000,10,84.000,3,38.500,1,205.000,3,210.000,21,211.000,20,364.000,1,400.000,1,0,0,
91125612000,0.000,0,197.000,21,196.000,20,188.000,10,84.000,3,38.500,1,205.000,3,210.000,21,211.000,20,364.000,1,400.000,1,0,0,
91125624000,0.000,0,197.000,27,196.000,20,188.000,10,84.000,3,38.500,1,205.000,3,210.000,21,211.000,20,364.000,1,400.000,1,0,0,
91125910000,0.000,0,197.000,21,196.000,20,188.000,10,84.000,3,38.500,1,205.000,3,210.000,21,211.000,20,364.000,1,400.000,1,0,0,
91126028000,0.000,0,197.000,21,196.000,26,188.000,10,84.000,3,38.500,1,205.000,3,210.000,21,211.000,20,364.000,1,400.000,1,0,0,
91126546000,0.000,0,197.000,21,196.000,26,188.000,10,84.000,3,38.500,1,205.000,3,210.000,21,211.000,20,214.000,10,364.000,1,0,0,
91126993000,0.000,0,197.000,21,196.000,20,188.000,10,84.000,3,38.500,1,205.000,3,210.000,21,211.000,20,214.000,10,364.000,1,0,0,
91127254000,0.000,0,196.000,20,188.000,10,84.000,3,38.500,1,22.500,20,205.000,3,211.000,20,214.000,10,364.000,1,400.000,1,0,0,
91127254000,0.000,0,197.000,21,196.000,20,188.000,10,84.000,3,38.500,1,205.000,3,208.000,21,211.000,20,214.000,10,364.000,1,0,0,
91128174000,0.000,0,196.000,20,188.000,10,84.000,3,38.500,1,22.500,20,205.000,3,211.000,20,214.000,10,364.000,1,400.000,1,0,0,
91128174000,0.000,0,197.000,21,196.000,20,188.000,10,84.000,3,38.500,1,205.000,3,209.000,21,211.000,20,214.000,10,364.000,1,0,0,
91128465000,0.000,0,197.000,21,196.000,20,188.000,10,84.000,3,38.500,1,205.000,3,209.000,21,211.000,20,364.000,1,400.000,1,0,0,
91128552000,0.000,0,197.000,21,196.000,20,188.000,10,84.000,3,38.500,1,205.000,3,209.000,21,211.000,20,212.000,10,364.000,1,0,0,
91128868000,0.000,0,196.000,20,188.000,10,84.000,3,38.500,1,22.500,20,205.000,3,211.000,20,212.000,10,364.000,1,400.000,1,0,0,
91128868000,0.000,0,197.000,21,196.000,20,188.000,10,84.000,3,38.500,1,205.000,3,208.000,21,211.000,20,212.000,10,364.000,1,0,0,
91129303000,0.000,0,197.000,21,196.000,20,84.000,3,38.500,1,22.500,20,205.000,3,208.000,21,211.000,20,212.000,10,364.000,1,0,0,
91129307000,0.000,0,197.000,21,196.000,30,84.000,3,38.500,1,22.500,20,205.000,3,208.000,21,211.000,20,212.000,10,364.000,1,0,0,
91129968000,0.000,0,196.000,30,84.000,3,38.500,1,22.500,20,22.000,40,205.000,3,211.000,20,212.000,10,364.000,1,400.000,1,0,0,
91129968000,0.000,0,197.000,21,196.000,30,84.000,3,38.500,1,22.500,20,205.000,3,207.000,21,211.000,20,212.000,10,364.000,1,0,0,
91130061000,0.000,0,196.000,30,84.000,3,38.500,1,22.500,20,22.000,40,205.000,3,211.000,20,212.000,10,364.000,1,400.000,1,0,0,
91130061000,0.000,0,197.000,21,196.000,30,84.000,3,38.500,1,22.500,20,205.000,3,208.000,21,211.000,20,212.000,10,364.000,1,0,0,
91130384000,0.000,0,196.000,30,84.000,3,38.500,1,22.500,20,22.000,40,205.000,3,211.000,20,212.000,10,364.000,1,400.000,1,0,0,
91130384000,0.000,0,197.000,21,196.000,30,84.000,3,38.500,1,22.500,20,205.000,3,207.000,21,211.000,20,212.000,10,364.000,1,0,0,
91130721000,0.000,0,197.000,21,196.000,10,84.000,3,38.500,1,22.500,20,205.000,3,207.000,21,212.000,10,364.000,1,400.000,1,0,0,
91131003000,0.000,0,197.000,21,196.000,10,194.000,20,84.000,3,38.500,1,205.000,3,207.000,21,209.000,20,212.000,10,364.000,1,0,0,
91132169000,0.000,0,196.000,10,194.000,20,84.000,3,38.500,1,22.500,20,205.000,3,209.000,20,212.000,10,364.000,1,400.000,1,0,0,
91132169000,0.000,0,197.000,21,196.000,10,194.000,20,84.000,3,38.500,1,205.000,3,208.000,21,209.000,20,212.000,10,364.000,1,0,0,
91133068000,0.000,0,196.000,10,194.000,20,84.000,3,38.500,1,22.500,20,205.000,3,209.000,20,212.000,10,364.000,1,400.000,1,0,0,
91133068000,0.000,0,197.000,21,196.000,10,194.000,20,84.000,3,38.500,1,205.000,3,207.000,21,209.000,20,212.000,10,364.000,1,0,0,
91135658000,0.000,0,196.000,10,194.000,20,84.000,3,38.500,1,22.500,20,205.000,3,209.000,20,212.000,10,364.000,1,400.000,1,0,0,
91135658000,0.000,0,197.000,21,196.000,10,194.000,20,84.000,3,38.500,1,205.000,3,208.000,21,209.000,20,212.000,10,364.000,1,0,0,
91136003000,0.000,0,197.000,21,196.000,10,84.000,3,38.500,1,22.500,20,205.000,3,208.000,21,212.000,10,364.000,1,400.000,1,0,0,
91136003000,0.000,0,197.000,21,196.000,30,84.000,3,38.500,1,22.500,20,205.000,3,208.000,21,211.000,20,212.000,10,364.000,1,0,0,
91138653000,0.000,0,196.000,30,84.000,3,38.500,1,22.500,20,22.000,40,205.000,3,211.000,20,212.000,10,364.000,1,400.000,1,0,0,
91138653000,0.000,0,197.000,21,196.000,30,84.000,3,38.500,1,22.500,20,205.000,3,207.000,21,211.000,20,212.000,10,364.000,1,0,0,
91138678000,0.000,0,197.000,21,196.000,10,84.000,3,38.500,1,22.500,20,205.000,3,207.000,21,212.000,10,364.000,1,400.000,1,0,0,
91138838000,0.000,0,197.000,21,196.000,10,84.000,3,38.500,1,22.500,20,205.000,3,207.000,21,364.000,1,400.000,1,775.000,1,0,0,
91138839000,0.000,0,197.000,21,196.000,10,84.000,3,38.500,1,22.500,20,205.000,3,207.000,21,210.000,10,364.000,1,400.000,1,0,0,
91139003000,0.000,0,197.000,21,196.000,10,194.000,20,84.000,3,38.500,1,205.000,3,207.000,21,209.000,20,210.000,10,364.000,1,0,0,
91139856000,0.000,0,196.000,10,194.000,20,84.000,3,38.500,1,22.500,20,205.000,3,209.000,20,210.000,10,364.000,1,400.000,1,0,0,
91139856000,0.000,0,197.000,21,196.000,10,194.000,20,84.000,3,38.500,1,205.000,3,206.000,21,209.000,20,210.000,10,364.000,1,0,0,
91140880000,0.000,0,197.000,21,194.000,20,84.000,3,38.500,1,22.500,20,205.000,3,206.000,21,209.000,20,210.000,10,364.000,1,0,0,
91141003000,0.000,0,197.000,21,84.000,3,38.500,1,22.500,20,22.000,40,205.000,3,206.000,21,210.000,10,364.000,1,400.000,1,0,0,
91141003000,0.000,0,197.000,21,192.000,20,84.000,3,38.500,1,22.500,20,205.000,3,206.000,21,207.000,20,210.000,10,364.000,1,0,0,
91141003000,0.000,0,197.000,21,194.000,10,192.000,20,84.000,3,38.500,1,205.000,3,206.000,21,207.000,20,210.000,10,364.000,1,0,0,
91141036000,0.000,0,194.000,10,192.000,20,84.000,3,38.500,1,22.500,20,205.000,3,207.000,20,210.000,10,364.000,1,400.000,1,0,0,
91141036000,0.000,0,195.000,21,194.000,10,192.000,20,84.000,3,38.500,1,205.000,24,207.000,20,210.000,10,364.000,1,400.000,1,0,0,
91144082000,0.000,0,194.000,10,192.000,20,84.000,3,38.500,1,22.500,20,205.000,3,207.000,20,210.000,10,364.000,1,400.000,1,0,0,
91144082000,0.000,0,195.000,21,194.000,10,192.000,20,84.000,3,38.500,1,204.000,21,205.000,3,207.000,20,210.000,10,364.000,1,0,0,
91144151000,0.000,0,195.000,21,194.000,10,192.000,20,84.000,3,38.500,1,204.000,21,205.000,3,207.000,20,364.000,1,400.000,1,0,0,
91144152000,0.000,0,195.000,21,194.000,10,192.000,20,84.000,3,38.500,1,204.000,21,205.000,3,207.000,20,208.000,10,364.000,1,0,0,
91144874000,0.000,0,194.000,10,192.000,20,84.000,3,38.500,1,22.500,20,205.000,3,207.000,20,208.000,10,364.000,1,400.000,1,0,0,
91144874000,0.000,0,195.000,21,194.000,10,192.000,20,84.000,3,38.500,1,205.000,24,207.000,20,208.000,10,364.000,1,400.000,1,0,0,
91145183000,0.000,0,194.000,10,192.000,20,84.000,3,38.500,1,22.500,20,205.000,3,207.000,20,208.000,10,364.000,1,400.000,1,0,0,
91145183000,0.000,0,195.000,21,194.000,10,192.000,20,84.000,3,38.500,1,205.000,3,206.000,21,207.000,20,208.000,10,364.000,1,0,0,
91146183000,0.000,0,194.000,10,192.000,20,84.000,3,38.500,1,22.500,20,205.000,3,207.000,20,208.000,10,364.000,1,400.000,1,0,0,
91146183000,0.000,0,195.000,21,194.000,10,192.000,20,84.000,3,38.500,1,205.000,24,207.000,20,208.000,10,364.000,1,400.000,1,0,0,
91146527000,0.000,0,194.000,10,192.000,20,84.000,3,38.500,1,22.500,20,205.000,3,207.000,20,208.000,10,364.000,1,400.000,1,0,0,
91146527000,0.000,0,195.000,21,194.000,10,192.000,20,84.000,3,38.500,1,205.000,3,206.000,21,207.000,20,208.000,10,364.000,1,0,0,
91147444000,0.000,0,195.000,21,194.000,10,192.000,20,84.000,3,38.500,1,205.000,3,206.000,21,207.000,20,364.000,1,400.000,1,0,0,
91147490000,0.000,0,195.000,21,194.000,16,192.000,20,84.000,3,38.500,1,205.000,3,206.000,21,207.000,20,364.000,1,400.000,1,0,0,
91147503000,0.000,0,195.000,21,194.000,16,84.000,3,38.500,1,22.500,20,205.000,3,206.000,21,364.000,1,400.000,1,775.000,1,0,0,
91147503000,0.000,0,195.000,21,194.000,36,84.000,3,38.500,1,22.500,20,205.000,3,206.000,21,209.000,20,364.000,1,400.000,1,0,0,
91147525000,0.000,0,194.000,36,84.000,3,38.500,1,22.500,20,22.000,40,205.000,3,209.000,20,364.000,1,400.000,1,775.000,1,0,0,
91147525000,0.000,0,195.000,21,194.000,36,84.000,3,38.500,1,22.500,20,205.000,3,207.000,21,209.000,20,364.000,1,400.000,1,0,0,
91147566000,0.000,0,195.000,21,194.000,36,84.000,3,38.500,1,22.500,20,205.000,3,207.000,21,209.000,20,210.000,10,364.000,1,0,0,
91148900000,0.000,0,195.000,21,194.000,30,84.000,3,38.500,1,22.500,20,205.000,3,207.000,21,209.000,20,210.000,10,364.000,1,0,0,
91149876000,0.000,0,194.000,30,84.000,3,38.500,1,22.500,20,22.000,40,205.000,3,209.000,20,210.000,10,364.000,1,400.000,1,0,0,
91149876000,0.000,0,195.000,21,194.000,30,84.000,3,38.500,1,22.500,20,205.000,3,206.000,21,209.000,20,210.000,10,364.000,1,0,0,
91150052000,0.000,0,195.000,21,194.000,36,84.000,3,38.500,1,22.500,20,205.000,3,206.000,21,209.000,20,210.000,10,364.000,1,0,0,
91150877000,0.000,0,194.000,36,84.000,3,38.500,1,22.500,20,22.000,40,205.000,3,209.000,20,210.000,10,364.000,1,400.000,1,0,0,
91150877000,0.000,0,195.000,21,194.000,36,84.000,3,38.500,1,22.500,20,205.000,3,207.000,21,209.000,20,210.000,10,364.000,1,0,0,
91152183000,0.000,0,194.000,36,84.000,3,38.500,1,22.500,20,22.000,40,205.000,3,209.000,20,210.000,10,364.000,1,400.000,1,0,0,
91152183000,0.000,0,195.000,21,194.000,36,84.000,3,38.500,1,22.500,20,205.000,3,208.000,21,209.000,20,210.000,10,364.000,1,0,0,
91153078000,0.000,0,194.000,36,84.000,3,38.500,1,22.500,20,22.000,40,205.000,3,209.000,20,210.000,10,364.000,1,400.000,1,0,0,
91153078000,0.000,0,195.000,21,194.000,36,84.000,3,38.500,1,22.500,20,205.000,3,207.000,21,209.000,20,210.000,10,364.000,1,0,0,
91154248000,0.000,0,194.000,36,84.000,3,38.500,1,22.500,20,22.000,40,205.000,3,209.000,20,210.000,10,364.000,1,400.000,1,0,0,
91154248000,0.000,0,195.000,21,194.000,36,84.000,3,38.500,1,22.500,20,205.000,3,206.000,21,209.000,20,210.000,10,364.000,1,0,0,
91154249000,0.000,0,195.000,21,194.000,30,84.000,3,38.500,1,22.500,20,205.000,3,206.000,21,209.000,20,210.000,10,364.000,1,0,0,
91159053000,0.000,0,194.000,30,84.000,3,38.500,1,22.500,20,22.000,40,205.000,3,209.000,20,210.000,10,364.000,1,400.000,1,0,0,
91159053000,0.000,0,195.000,21,194.000,30,84.000,3,38.500,1,22.500,20,205.000,24,209.000,20,210.000,10,364.000,1,400.000,1,0,0,
91159881000,0.000,0,194.000,30,84.000,3,38.500,1,22.500,20,22.000,40,205.000,3,209.000,20,210.000,10,364.000,1,400.000,1,0,0,
91159881000,0.000,0,195.000,21,194.000,30,84.000,3,38.500,1,22.500,20,205.000,3,206.000,21,209.000,20,210.000,10,364.000,1,0,0,
91200635000,0.000,0,195.000,21,194.000,36,84.000,3,38.500,1,22.500,20,205.000,3,206.000,21,209.000,20,210.000,10,364.000,1,0,0,
91201365000,0.000,0,195.000,21,194.000,30,84.000,3,38.500,1,22.500,20,205.000,3,206.000,21,209.000,20,210.000,10,364.000,1,0,0,
91201973000,0.000,0,195.000,21,194.000,36,84.000,3,38.500,1,22.500,20,205.000,3,206.000,21,209.000,20,210.000,10,364.000,1,0,0,
91202110000,0.000,0,194.000,36,84.000,3,38.500,1,22.500,20,22.000,40,205.000,3,209.000,20,210.000,10,364.000,1,400.000,1,0,0,
91202110000,0.000,0,195.000,21,194.000,36,84.000,3,38.500,1,22.500,20,205.000,3,207.000,21,209.000,20,210.000,10,364.000,1,0,0,
91203916000,0.000,0,195.000,21,194.000,30,84.000,3,38.500,1,22.500,20,205.000,3,207.000,21,209.000,20,210.000,10,364.000,1,0,0,
91204075000,0.000,0,194.000,30,84.000,3,38.500,1,22.500,20,22.000,40,205.000,3,209.000,20,210.000,10,364.000,1,400.000,1,0,0,
91204075000,0.000,0,195.000,21,194.000,30,84.000,3,38.500,1,22.500,20,205.000,3,206.000,21,209.000,20,210.000,10,364.000,1,0,0,
91204883000,0.000,0,194.000,30,84.000,3,38.500,1,22.500,20,22.000,40,205.000,3,209.000,20,210.000,10,364.000,1,400.000,1,0,0,
91204883000,0.000,0,195.000,21,194.000,30,84.000,3,38.500,1,22.500,20,205.000,3,207.000,21,209.000,20,210.000,10,364.000,1,0,0,
91204901000,0.000,0,195.000,21,194.000,36,84.000,3,38.500,1,22.500,20,205.000,3,207.000,21,209.000,20,210.000,10,364.000,1,0,0,
91205632000,0.000,0,195.000,21,194.000,30,84.000,3,38.500,1,22.500,20,205.000,3,207.000,21,209.000,20,210.000,10,364.000,1,0,0,
91205643000,0.000,0,195.000,27,194.000,30,84.000,3,38.500,1,22.500,20,205.000,3,207.000,21,209.000,20,210.000,10,364.000,1,0,0,
91206163000,0.000,0,195.000,6,194.000,30,84.000,3,38.500,1,22.500,20,205.000,3,209.000,20,210.000,10,364.000,1,400.000,1,0,0,
91206163000,0.000,0,195.000,27,194.000,30,84.000,3,38.500,1,22.500,20,205.000,3,208.000,21,209.000,20,210.000,10,364.000,1,0,0,
91206387000,0.000,0,195.000,21,194.000,30,84.000,3,38.500,1,22.500,20,205.000,3,208.000,21,209.000,20,210.000,10,364.000,1,0,0,
91206397000,0.000,0,195.000,21,194.000,36,84.000,3,38.500,1,22.500,20,205.000,3,208.000,21,209.000,20,210.000,10,364.000,1,0,0,
91206443000,0.000,0,194.000,36,84.000,3,38.500,1,22.500,20,22.000,40,205.000,3,209.000,20,210.000,10,364.000,1,400.000,1,0,0,
91206443000,0.000,0,195.000,21,194.000,36,84.000,3,38.500,1,22.500,20,205.000,3,207.000,21,209.000,20,210.000,10,364.000,1,0,0,
91208185000,0.000,0,194.000,36,84.000,3,38.500,1,22.500,20,22.000,40,205.000,3,209.000,20,210.000,10,364.000,1,400.000,1,0,0,
91208185000,0.000,0,195.000,21,194.000,36,84.000,3,38.500,1,22.500,20,205.000,3,206.000,21,209.000,20,210.000,10,364.000,1,0,0,
91208884000,0.000,0,194.000,36,84.000,3,38.500,1,22.500,20,22.000,40,205.000,3,209.000,20,210.000,10,364.000,1,400.000,1,0,0,
91208884000,0.000,0,195.000,21,194.000,36,84.000,3,38.500,1,22.500,20,205.000,3,207.000,21,209.000,20,210.000,10,364.000,1,0,0,
91209068000,0.000,0,194.000,36,84.000,3,38.500,1,22.500,20,22.000,40,205.000,3,209.000,20,210.000,10,364.000,1,400.000,1,0,0,
91209068000,0.000,0,195.000,21,194.000,36,84.000,3,38.500,1,22.500,20,205.000,3,206.000,21,209.000,20,210.000,10,364.000,1,0,0,
91209885000,0.000,0,194.000,36,84.000,3,38.500,1,22.500,20,22.000,40,205.000,3,209.000,20,210.000,10,364.000,1,400.000,1,0,0,
91209885000,0.000,0,195.000,21,194.000,36,84.000,3,38.500,1,22.500,20,205.000,3,207.000,21,209.000,20,210.000,10,364.000,1,0,0,
91212065000,0.000,0,194.000,36,84.000,3,38.500,1,22.500,20,22.000,40,205.000,3,209.000,20,210.000,10,364.000,1,400.000,1,0,0,
91212065000,0.000,0,195.000,21,194.000,36,84.000,3,38.500,1,22.500,20,205.000,3,206.000,21,209.000,20,210.000,10,364.000,1,0,0,
91212671000,0.000,0,195.000,21,194.000,30,84.000,3,38.500,1,22.500,20,205.000,3,206.000,21,209.000,20,210.000,10,364.000,1,0,0,
91213066000,0.000,0,194.000,30,84.000,3,38.500,1,22.500,20,22.000,40,205.000,3,209.000,20,210.000,10,364.000,1,400.000,1,0,0,
91213066000,0.000,0,195.000,21,194.000,30,84.000,3,38.500,1,22.500,20,205.000,24,209.000,20,210.000,10,364.000,1,400.000,1,0,0,
91213069000,0.000,0,194.000,30,84.000,3,38.500,1,22.500,20,22.000,40,205.000,3,209.000,20,210.000,10,364.000,1,400.000,1,0,0,
91213069000,0.000,0,195.000,21,194.000,30,84.000,3,38.500,1,22.500,20,205.000,3,206.000,21,209.000,20,210.000,10,364.000,1,0,0,
91213503000,0.000,0,195.000,21,194.000,10,84.000,3,38.500,1,22.500,20,205.000,3,206.000,21,210.000,10,364.000,1,400.000,1,0,0,
91213503000,0.000,0,195.000,21,194.000,10,192.000,20,84.000,3,38.500,1,205.000,3,206.000,21,207.000,20,210.000,10,364.000,1,0,0,
91213754000,0.000,0,195.000,21,194.000,10,192.000,20,84.000,3,38.500,1,205.000,3,206.000,21,207.000,20,364.000,1,400.000,1,0,0,
91213891000,0.000,0,195.000,21,194.000,10,192.000,20,84.000,3,38.500,1,205.000,3,206.000,21,207.000,20,208.000,10,364.000,1,0,0,
91214168000,0.000,0,194.000,10,192.000,20,84.000,3,38.500,1,22.500,20,205.000,3,207.000,20,208.000,10,364.000,1,400.000,1,0,0,
91214168000,0.000,0,195.000,21,194.000,10,192.000,20,84.000,3,38.500,1,204.000,21,205.000,3,207.000,20,208.000,10,364.000,1,0,0,
91215079000,0.000,0,194.000,10,192.000,20,84.000,3,38.500,1,22.500,20,205.000,3,207.000,20,208.000,10,364.000,1,400.000,1,0,0,
91215079000,0.000,0,195.000,21,194.000,10,192.000,20,84.000,3,38.500,1,205.000,24,207.000,20,208.000,10,364.000,1,400.000,1,0,0,
91217119000,0.000,0,195.000,21,194.000,10,192.000,20,84.000,3,38.500,1,205.000,21,207.000,20,208.000,10,364.000,1,400.000,1,0,0,
91217888000,0.000,0,194.000,10,192.000,20,84.000,3,38.500,1,22.500,20,207.000,20,208.000,10,364.000,1,400.000,1,775.000,1,0,0,
91217888000,0.000,0,195.000,21,194.000,10,192.000,20,84.000,3,38.500,1,206.000,21,207.000,20,208.000,10,364.000,1,400.000,1,0,0,
91225309000,0.000,0,195.000,21,192.000,20,84.000,3,38.500,1,22.500,20,206.000,21,207.000,20,208.000,10,364.000,1,400.000,1,0,0,
91225717000,0.000,0,195.000,21,192.000,30,84.000,3,38.500,1,22.500,20,206.000,21,207.000,20,208.000,10,364.000,1,400.000,1,0,0,
91226407000,0.000,0,192.000,30,84.000,3,38.500,1,22.500,20,22.000,40,207.000,20,208.000,10,364.000,1,400.000,1,775.000,1,0,0,
91226407000,0.000,0,193.000,21,192.000,30,84.000,3,38.500,1,22.500,20,206.000,21,207.000,20,208.000,10,364.000,1,400.000,1,0,0,
91228092000,0.000,0,193.000,21,192.000,30,84.000,3,38.500,1,22.500,20,206.000,21,207.000,26,208.000,10,364.000,1,400.000,1,0,0,
91228471000,0.000,0,193.000,21,192.000,20,84.000,3,38.500,1,22.500,20,206.000,21,207.000,26,208.000,10,364.000,1,400.000,1,0,0,
91228479000,0.000,0,193.000,21,192.000,20,190.000,10,84.000,3,38.500,1,206.000,21,207.000,26,208.000,10,364.000,1,400.000,1,0,0,
91228839000,0.000,0,193.000,21,192.000,20,190.000,10,84.000,3,38.500,1,206.000,21,207.000,20,208.000,10,364.000,1,400.000,1,0,0,
91231019000,0.000,0,193.000,21,192.000,20,84.000,3,38.500,1,22.500,20,206.000,21,207.000,20,208.000,10,364.000,1,400.000,1,0,0,
91231020000,0.000,0,193.000,21,192.000,30,84.000,3,38.500,1,22.500,20,206.000,21,207.000,20,208.000,10,364.000,1,400.000,1,0,0,
91234198000,0.000,0,193.000,21,192.000,30,84.000,3,38.500,1,22.500,20,206.000,21,207.000,26,208.000,10,364.000,1,400.000,1,0,0,
91234605000,0.000,0,193.000,21,192.000,30,84.000,3,38.500,1,22.500,20,206.000,21,207.000,20,208.000,10,364.000,1,400.000,1,0,0,
91248136000,0.000,0,193.000,21,192.000,36,84.000,3,38.500,1,22.500,20,206.000,21,207.000,20,208.000,10,364.000,1,400.000,1,0,0,
91250516000,0.000,0,193.000,21,192.000,36,84.000,3,38.500,1,22.500,20,206.000,21,207.000,20,364.000,1,400.000,1,775.000,1,0,0,
91250639000,0.000,0,193.000,21,192.000,36,84.000,3,38.500,1,22.500,20,206.000,21,207.000,20,210.000,10,364.000,1,400.000,1,0,0,
91251260000,0.000,0,193.000,21,192.000,30,84.000,3,38.500,1,22.500,20,206.000,21,207.000,20,210.000,10,364.000,1,400.000,1,0,0,
91251269000,0.000,0,193.000,27,192.000,30,84.000,3,38.500,1,22.500,20,206.000,21,207.000,20,210.000,10,364.000,1,400.000,1,0,0,
91252160000,0.000,0,193.000,6,192.000,30,84.000,3,38.500,1,22.500,20,207.000,20,210.000,10,364.000,1,400.000,1,775.000,1,0,0,
91252160000,0.000,0,193.000,27,192.000,30,84.000,3,38.500,1,22.500,20,207.000,41,210.000,10,364.000,1,400.000,1,775.000,1,0,0,
91252875000,0.000,0,193.000,21,192.000,30,84.000,3,38.500,1,22.500,20,207.000,41,210.000,10,364.000,1,400.000,1,775.000,1,0,0,
91252885000,0.000,0,193.000,21,192.000,36,84.000,3,38.500,1,22.500,20,207.000,41,210.000,10,364.000,1,400.000,1,775.000,1,0,0,
91253257000,0.000,0,192.000,36,84.000,3,38.500,1,22.500,20,22.000,40,207.000,20,210.000,10,364.000,1,400.000,1,775.000,1,0,0,
91253257000,0.000,0,193.000,21,192.000,36,84.000,3,38.500,1,22.500,20,206.000,21,207.000,20,210.000,10,364.000,1,400.000,1,0,0,
91254440000,0.000,0,193.000,21,192.000,30,84.000,3,38.500,1,22.500,20,206.000,21,207.000,20,210.000,10,364.000,1,400.000,1,0,0,
91254451000,0.000,0,193.000,27,192.000,30,84.000,3,38.500,1,22.500,20,206.000,21,207.000,20,210.000,10,364.000,1,400.000,1,0,0,
91254886000,0.000,0,193.000,6,192.000,30,84.000,3,38.500,1,22.500,20,207.000,20,210.000,10,364.000,1,400.000,1,775.000,1,0,0,
91254886000,0.000,0,193.000,27,192.000,30,84.000,3,38.500,1,22.500,20,207.000,41,210.000,10,364.000,1,400.000,1,775.000,1,0,0,
91255006000,0.000,0,193.000,21,192.000,30,84.000,3,38.500,1,22.500,20,207.000,41,210.000,10,364.000,1,400.000,1,775.000,1,0,0,
91255014000,0.000,0,194.000,6,193.000,21,192.000,30,84.000,3,38.500,1,207.000,41,210.000,10,364.000,1,400.000,1,775.000,1,0,0,
91255034000,0.000,0,194.000,6,193.000,21,192.000,10,84.000,3,38.500,1,207.000,21,210.000,10,364.000,1,400.000,1,775.000,1,0,0,
91255502000,0.000,0,194.000,26,193.000,21,192.000,10,84.000,3,38.500,1,207.000,21,209.000,20,210.000,10,364.000,1,400.000,1,0,0,
91255935000,0.000,0,194.000,26,192.000,10,84.000,3,38.500,1,22.500,20,209.000,20,210.000,10,364.000,1,400.000,1,775.000,1,0,0,
91255935000,0.000,0,195.000,21,194.000,26,192.000,10,84.000,3,38.500,1,208.000,21,209.000,20,210.000,10,364.000,1,400.000,1,0,0,
91258463000,0.000,0,195.000,21,194.000,20,192.000,10,84.000,3,38.500,1,208.000,21,209.000,20,210.000,10,364.000,1,400.000,1,0,0,
91300119000,0.000,0,195.000,21,194.000,26,192.000,10,84.000,3,38.500,1,208.000,21,209.000,20,210.000,10,364.000,1,400.000,1,0,0,
91300248000,0.000,0,195.000,21,194.000,20,192.000,10,84.000,3,38.500,1,208.000,21,209.000,20,210.000,10,364.000,1,400.000,1,0,0,
91300377000,0.000,0,195.000,21,194.000,26,192.000,10,84.000,3,38.500,1,208.000,21,209.000,20,210.000,10,364.000,1,400.000,1,0,0,
91301098000,0.000,0,195.000,21,194.000,26,192.000,10,84.000,3,38.500,1,208.000,21,209.000,20,364.000,1,400.000,1,775.000,1,0,0,
91301098000,0.000,0,195.000,21,194.000,26,192.000,10,84.000,3,38.500,1,208.000,21,209.000,20,212.000,10,364.000,1,400.000,1,0,0,
91301444000,0.000,0,194.000,26,192.000,10,84.000,3,38.500,1,22.500,20,209.000,20,212.000,10,364.000,1,400.000,1,775.000,1,0,0,
91301444000,0.000,0,195.000,21,194.000,26,192.000,10,84.000,3,38.500,1,209.000,41,212.000,10,364.000,1,400.000,1,775.000,1,0,0,
91301581000,0.000,0,195.000,21,194.000,20,192.000,10,84.000,3,38.500,1,209.000,41,212.000,10,364.000,1,400.000,1,775.000,1,0,0,
91302534000,0.000,0,194.000,20,192.000,10,84.000,3,38.500,1,22.500,20,209.000,20,212.000,10,364.000,1,400.000,1,775.000,1,0,0,
91302534000,0.000,0,195.000,21,194.000,20,192.000,10,84.000,3,38.500,1,208.000,21,209.000,20,212.000,10,364.000,1,400.000,1,0,0,
91304503000,0.000,0,195.000,21,194.000,20,192.000,10,84.000,3,38.500,1,208.000,21,209.000,20,364.000,1,400.000,1,775.000,1,0,0,
91304507000,0.000,0,195.000,21,194.000,20,84.000,3,38.500,1,22.500,20,208.000,21,209.000,20,364.000,1,400.000,1,775.000,1,0,0,
91304507000,0.000,0,195.000,21,194.000,20,84.000,3,38.500,1,22.500,20,208.000,21,209.000,20,210.000,10,364.000,1,400.000,1,0,0,
91304507000,0.000,0,195.000,21,194.000,30,84.000,3,38.500,1,22.500,20,208.000,21,209.000,20,210.000,10,364.000,1,400.000,1,0,0,
91311453000,0.000,0,195.000,21,194.000,36,84.000,3,38.500,1,22.500,20,208.000,21,209.000,20,210.000,10,364.000,1,400.000,1,0,0,
91311885000,0.000,0,195.000,21,194.000,36,84.000,3,38.500,1,22.500,20,208.000,21,209.000,20,364.000,1,400.000,1,775.000,1,0,0,
91312007000,0.000,0,195.000,21,194.000,36,84.000,3,38.500,1,22.500,20,208.000,21,209.000,20,212.000,10,364.000,1,400.000,1,0,0,
91312012000,0.000,0,194.000,36,84.000,3,38.500,1,22.500,20,22.000,40,209.000,20,212.000,10,364.000,1,400.000,1,775.000,1,0,0,
91312012000,0.000,0,195.000,21,194.000,36,84.000,3,38.500,1,22.500,20,209.000,41,212.000,10,364.000,1,400.000,1,775.000,1,0,0,
91313888000,0.000,0,194.000,36,84.000,3,38.500,1,22.500,20,22.000,40,209.000,20,212.000,10,364.000,1,400.000,1,775.000,1,0,0,
91313888000,0.000,0,195.000,21,194.000,36,84.000,3,38.500,1,22.500,20,208.000,21,209.000,20,212.000,10,364.000,1,400.000,1,0,0,
91315120000,0.000,0,195.000,21,194.000,30,84.000,3,38.500,1,22.500,20,208.000,21,209.000,20,212.000,10,364.000,1,400.000,1,0,0,
91316329000,0.000,0,195.000,21,194.000,36,84.000,3,38.500,1,22.500,20,208.000,21,209.000,20,212.000,10,364.000,1,400.000,1,0,0,
91320112000,0.000,0,194.000,36,84.000,3,38.500,1,22.500,20,22.000,40,209.000,20,212.000,10,364.000,1,400.000,1,775.000,1,0,0,
91320112000,0.000,0,195.000,21,194.000,36,84.000,3,38.500,1,22.500,20,209.000,41,212.000,10,364.000,1,400.000,1,775.000,1,0,0,
91323778000,0.000,0,195.000,21,194.000,30,84.000,3,38.500,1,22.500,20,209.000,41,212.000,10,364.000,1,400.000,1,775.000,1,0,0,
91324017000,0.000,0,194.000,30,84.000,3,38.500,1,22.500,20,22.000,40,209.000,20,212.000,10,364.000,1,400.000,1,775.000,1,0,0,
91324017000,0.000,0,195.000,21,194.000,30,84.000,3,38.500,1,22.500,20,208.000,21,209.000,20,212.000,10,364.000,1,400.000,1,0,0,
91329031000,0.000,0,195.000,21,194.000,30,84.000,3,38.500,1,22.500,20,208.000,21,209.000,20,364.000,1,400.000,1,775.000,1,0,0,
91329033000,0.000,0,195.000,21,194.000,30,84.000,3,38.500,1,22.500,20,208.000,21,209.000,20,210.000,10,364.000,1,400.000,1,0,0,
91332574000,0.000,0,195.000,21,194.000,30,84.000,3,38.500,1,22.500,20,208.000,21,209.000,20,364.000,1,400.000,1,775.000,1,0,0,
91332699000,0.000,0,195.000,21,194.000,30,84.000,3,38.500,1,22.500,20,208.000,21,209.000,20,212.000,10,364.000,1,400.000,1,0,0,
91332700000,0.000,0,195.000,21,194.000,36,84.000,3,38.500,1,22.500,20,208.000,21,209.000,20,212.000,10,364.000,1,400.000,1,0,0,
91333021000,0.000,0,194.000,36,84.000,3,38.500,1,22.500,20,22.000,40,209.000,20,212.000,10,364.000,1,400.000,1,775.000,1,0,0,
91333021000,0.000,0,195.000,21,194.000,36,84.000,3,38.500,1,22.500,20,209.000,41,212.000,10,364.000,1,400.000,1,775.000,1,0,0,
91333464000,0.000,0,195.000,21,194.000,30,84.000,3,38.500,1,22.500,20,209.000,41,212.000,10,364.000,1,400.000,1,775.000,1,0,0,
91334021000,0.000,0,194.000,30,84.000,3,38.500,1,22.500,20,22.000,40,209.000,20,212.000,10,364.000,1,400.000,1,775.000,1,0,0,
91334021000,0.000,0,195.000,21,194.000,30,84.000,3,38.500,1,22.500,20,208.000,21,209.000,20,212.000,10,364.000,1,400.000,1,0,0,
91335176000,0.000,0,195.000,21,194.000,36,84.000,3,38.500,1,22.500,20,208.000,21,209.000,20,212.000,10,364.000,1,400.000,1,0,0,
91335579000,0.000,0,194.000,36,84.000,3,38.500,1,22.500,20,22.000,40,209.000,20,212.000,10,364.000,1,400.000,1,775.000,1,0,0,
91335579000,0.000,0,195.000,21,194.000,36,84.000,3,38.500,1,22.500,20,209.000,41,212.000,10,364.000,1,400.000,1,775.000,1,0,0,
91342121000,0.000,0,194.000,36,84.000,3,38.500,1,22.500,20,22.000,40,209.000,20,212.000,10,364.000,1,400.000,1,775.000,1,0,0,
91342121000,0.000,0,195.000,21,194.000,36,84.000,3,38.500,1,22.500,20,208.000,21,209.000,20,212.000,10,364.000,1,400.000,1,0,0,
91343122000,0.000,0,194.000,36,84.000,3,38.500,1,22.500,20,22.000,40,209.000,20,212.000,10,364.000,1,400.000,1,775.000,1,0,0,
91343122000,0.000,0,195.000,21,194.000,36,84.000,3,38.500,1,22.500,20,209.000,41,212.000,10,364.000,1,400.000,1,775.000,1,0,0,
91343557000,0.000,0,195.000,21,194.000,30,84.000,3,38.500,1,22.500,20,209.000,41,212.000,10,364.000,1,400.000,1,775.000,1,0,0,
91344628000,0.000,0,194.000,30,84.000,3,38.500,1,22.500,20,22.000,40,209.000,20,212.000,10,364.000,1,400.000,1,775.000,1,0,0,
91344628000,0.000,0,195.000,21,194.000,30,84.000,3,38.500,1,22.500,20,208.000,21,209.000,20,212.000,10,364.000,1,400.000,1,0,0,
91345412000,0.000,0,195.000,21,194.000,36,84.000,3,38.500,1,22.500,20,208.000,21,209.000,20,212.000,10,364.000,1,400.000,1,0,0,
91345728000,0.000,0,194.000,36,84.000,3,38.500,1,22.500,20,22.000,40,209.000,20,212.000,10,364.000,1,400.000,1,775.000,1,0,0,
91345728000,0.000,0,195.000,21,194.000,36,84.000,3,38.500,1,22.500,20,209.000,41,212.000,10,364.000,1,400.000,1,775.000,1,0,0,
91348123000,0.000,0,194.000,36,84.000,3,38.500,1,22.500,20,22.000,40,209.000,20,212.000,10,364.000,1,400.000,1,775.000,1,0,0,
91348123000,0.000,0,195.000,21,194.000,36,84.000,3,38.500,1,22.500,20,208.000,21,209.000,20,212.000,10,364.000,1,400.000,1,0,0,
91350465000,0.000,0,194.000,36,84.000,3,38.500,1,22.500,20,22.000,40,209.000,20,212.000,10,364.000,1,400.000,1,775.000,1,0,0,
91350465000,0.000,0,195.000,21,194.000,36,84.000,3,38.500,1,22.500,20,209.000,41,212.000,10,364.000,1,400.000,1,775.000,1,0,0,
91351018000,0.000,0,195.000,21,194.000,30,84.000,3,38.500,1,22.500,20,209.000,41,212.000,10,364.000,1,400.000,1,775.000,1,0,0,
91351027000,0.000,0,195.000,27,194.000,30,84.000,3,38.500,1,22.500,20,209.000,41,212.000,10,364.000,1,400.000,1,775.000,1,0,0,
91351061000,0.000,0,195.000,27,194.000,30,84.000,3,38.500,1,22.500,20,209.000,41,364.000,1,400.000,1,775.000,1,0,0,0,0,
91351066000,0.000,0,195.000,21,194.000,30,84.000,3,38.500,1,22.500,20,209.000,41,364.000,1,400.000,1,775.000,1,0,0,0,0,
91351181000,0.000,0,196.000,6,195.000,21,194.000,30,84.000,3,38.500,1,209.000,41,364.000,1,400.000,1,775.000,1,0,0,0,0,
91351200000,0.000,0,196.000,6,195.000,21,194.000,10,84.000,3,38.500,1,209.000,21,364.000,1,400.000,1,775.000,1,0,0,0,0,
91351503000,0.000,0,196.000,26,195.000,21,194.000,10,84.000,3,38.500,1,209.000,21,211.000,20,364.000,1,400.000,1,775.000,1,0,0,
91351673000,0.000,0,196.000,26,194.000,10,84.000,3,38.500,1,22.500,20,211.000,20,364.000,1,400.000,1,775.000,1,0,0,0,0,
91351673000,0.000,0,197.000,21,196.000,26,194.000,10,84.000,3,38.500,1,210.000,21,211.000,20,364.000,1,400.000,1,775.000,1,0,0,
91351675000,0.000,0,197.000,21,196.000,20,194.000,10,84.000,3,38.500,1,210.000,21,211.000,20,364.000,1,400.000,1,775.000,1,0,0,
91351915000,0.000,0,197.000,21,196.000,20,195.000,6,194.000,10,84.000,3,210.000,21,211.000,20,364.000,1,400.000,1,775.000,1,0,0,
91352154000,0.000,0,197.000,21,196.000,20,195.000,6,194.000,10,84.000,3,210.000,21,211.000,20,213.000,10,364.000,1,400.000,1,0,0,
91356528000,0.000,0,197.000,21,196.000,20,194.000,10,84.000,3,38.500,1,210.000,21,211.000,20,213.000,10,364.000,1,400.000,1,0,0,
91359386000,0.000,0,197.000,21,196.000,26,194.000,10,84.000,3,38.500,1,210.000,21,211.000,20,213.000,10,364.000,1,400.000,1,0,0,
91400339000,0.000,0,197.000,21,196.000,20,194.000,10,84.000,3,38.500,1,210.000,21,211.000,20,213.000,10,364.000,1,400.000,1,0,0,
91401579000,0.000,0,197.000,21,196.000,26,194.000,10,84.000,3,38.500,1,210.000,21,211.000,20,213.000,10,364.000,1,400.000,1,0,0,
91402203000,0.000,0,197.000,21,196.000,20,194.000,10,84.000,3,38.500,1,210.000,21,211.000,20,213.000,10,364.000,1,400.000,1,0,0,
91406143000,0.000,0,197.000,21,196.000,20,84.000,3,38.500,1,22.500,20,210.000,21,211.000,20,213.000,10,364.000,1,400.000,1,0,0,
91406144000,0.000,0,197.000,21,196.000,30,84.000,3,38.500,1,22.500,20,210.000,21,211.000,20,213.000,10,364.000,1,400.000,1,0,0,
91409254000,0.000,0,197.000,21,196.000,30,84.000,3,38.500,1,22.500,20,210.000,21,211.000,20,364.000,1,400.000,1,450.000,1,0,0,
91409257000,0.000,0,197.000,21,196.000,30,84.000,3,38.500,1,22.500,20,210.000,21,211.000,30,364.000,1,400.000,1,450.000,1,0,0,
91427913000,0.000,0,197.000,21,196.000,30,84.000,3,38.500,1,22.500,20,210.000,21,211.000,36,364.000,1,400.000,1,450.000,1,0,0,
91428059000,0.000,0,197.000,21,196.000,20,84.000,3,38.500,1,22.500,20,210.000,21,211.000,36,364.000,1,400.000,1,450.000,1,0,0,
91428902000,0.000,0,197.000,21,196.000,20,194.000,10,84.000,3,38.500,1,210.000,21,211.000,36,364.000,1,400.000,1,450.000,1,0,0,
91429415000,0.000,0,197.000,21,196.000,20,194.000,10,84.000,3,38.500,1,210.000,21,211.000,30,364.000,1,400.000,1,450.000,1,0,0,
91429426000,0.000,0,197.000,21,196.000,20,194.000,10,84.000,3,38.500,1,210.000,27,211.000,30,364.000,1,400.000,1,450.000,1,0,0,
91430626000,0.000,0,197.000,21,196.000,20,194.000,10,84.000,3,38.500,1,210.000,21,211.000,30,364.000,1,400.000,1,450.000,1,0,0,
91430636000,0.000,0,197.000,21,196.000,20,194.000,10,84.000,3,38.500,1,210.000,21,211.000,36,364.000,1,400.000,1,450.000,1,0,0,
91432877000,0.000,0,197.000,21,196.000,20,194.000,10,84.000,3,38.500,1,210.000,21,211.000,30,364.000,1,400.000,1,450.000,1,0,0,
91432884000,0.000,0,197.000,21,196.000,20,194.000,10,84.000,3,38.500,1,210.000,27,211.000,30,364.000,1,400.000,1,450.000,1,0,0,
91434430000,0.000,0,197.000,21,196.000,20,194.000,10,84.000,3,38.500,1,210.000,21,211.000,30,364.000,1,400.000,1,450.000,1,0,0,
91434438000,0.000,0,197.000,21,196.000,20,194.000,10,84.000,3,38.500,1,210.000,21,211.000,36,364.000,1,400.000,1,450.000,1,0,0,
91436285000,0.000,0,197.000,21,196.000,20,194.000,10,84.000,3,38.500,1,210.000,21,211.000,30,364.000,1,400.000,1,450.000,1,0,0,
91437013000,0.000,0,197.000,21,196.000,20,194.000,10,84.000,3,38.500,1,210.000,21,211.000,36,364.000,1,400.000,1,450.000,1,0,0,
91440014000,0.000,0,197.000,21,196.000,20,194.000,10,84.000,3,38.500,1,210.000,21,211.000,30,364.000,1,400.000,1,450.000,1,0,0,
91440023000,0.000,0,197.000,21,196.000,20,194.000,10,84.000,3,38.500,1,210.000,27,211.000,30,364.000,1,400.000,1,450.000,1,0,0,
91445131000,0.000,0,196.000,20,194.000,10,84.000,3,38.500,1,22.500,20,210.000,6,211.000,30,364.000,1,400.000,1,450.000,1,0,0,
91445131000,0.000,0,196.000,41,194.000,10,84.000,3,38.500,1,22.500,20,210.000,27,211.000,30,364.000,1,400.000,1,450.000,1,0,0,
91445246000,0.000,0,196.000,41,194.000,10,84.000,3,38.500,1,22.500,20,210.000,21,211.000,30,364.000,1,400.000,1,450.000,1,0,0,
91445258000,0.000,0,196.000,41,194.000,10,84.000,3,38.500,1,22.500,20,209.000,6,210.000,21,211.000,30,364.000,1,400.000,1,0,0,
91445308000,0.000,0,196.000,21,194.000,10,84.000,3,38.500,1,22.500,20,209.000,6,210.000,21,211.000,10,364.000,1,400.000,1,0,0,
91445503000,0.000,0,196.000,21,194.000,30,84.000,3,38.500,1,22.500,20,209.000,26,210.000,21,211.000,10,364.000,1,400.000,1,0,0,
91445536000,0.000,0,196.000,21,194.000,30,84.000,3,38.500,1,22.500,20,209.000,20,210.000,21,211.000,10,364.000,1,400.000,1,0,0,
91445547000,0.000,0,196.000,21,194.000,30,84.000,3,38.500,1,22.500,20,209.000,20,210.000,27,211.000,10,364.000,1,400.000,1,0,0,
91445556000,0.000,0,196.000,21,194.000,10,84.000,3,38.500,1,22.500,20,210.000,27,211.000,10,364.000,1,400.000,1,450.000,1,0,0,
91445756000,0.000,0,196.000,21,195.000,20,194.000,10,84.000,3,38.500,1,210.000,47,211.000,10,364.000,1,400.000,1,450.000,1,0,0,
91458069000,0.000,0,196.000,21,195.000,20,194.000,10,84.000,3,38.500,1,210.000,47,364.000,1,400.000,1,450.000,1,775.000,1,0,0,
91458069000,0.000,0,196.000,21,195.000,20,194.000,10,84.000,3,38.500,1,209.000,10,210.000,47,364.000,1,400.000,1,450.000,1,0,0,
91458227000,0.000,0,196.000,21,195.000,20,194.000,10,84.000,3,38.500,1,209.000,10,210.000,41,364.000,1,400.000,1,450.000,1,0,0,
91458237000,0.000,0,196.000,21,195.000,20,194.000,10,84.000,3,38.500,1,209.000,16,210.000,41,364.000,1,400.000,1,450.000,1,0,0,
91458441000,0.000,0,196.000,21,195.000,20,84.000,3,38.500,1,22.500,20,209.000,16,210.000,41,364.000,1,400.000,1,450.000,1,0,0,
91458566000,0.000,0,196.000,21,195.000,20,192.000,10,84.000,3,38.500,1,209.000,16,210.000,41,364.000,1,400.000,1,450.000,1,0,0,
91458957000,0.000,0,195.000,20,192.000,10,84.000,3,38.500,1,22.500,20,209.000,16,210.000,20,364.000,1,400.000,1,450.000,1,0,0,
91458957000,0.000,0,195.000,41,192.000,10,84.000,3,38.500,1,22.500,20,208.000,21,209.000,16,210.000,20,364.000,1,400.000,1,0,0,
91459003000,0.000,0,195.000,21,192.000,10,84.000,3,38.500,1,22.500,20,208.000,21,209.000,16,364.000,1,400.000,1,450.000,1,0,0,
91459003000,0.000,0,195.000,21,193.000,20,192.000,10,84.000,3,38.500,1,208.000,41,209.000,16,364.000,1,400.000,1,450.000,1,0,0,
91459958000,0.000,0,193.000,20,192.000,10,84.000,3,38.500,1,22.500,20,208.000,20,209.000,16,364.000,1,400.000,1,450.000,1,0,0,
91459958000,0.000,0,194.000,21,193.000,20,192.000,10,84.000,3,38.500,1,208.000,41,209.000,16,364.000,1,400.000,1,450.000,1,0,0,
91501874000,0.000,0,194.000,21,193.000,20,192.000,10,84.000,3,38.500,1,208.000,41,209.000,10,364.000,1,400.000,1,450.000,1,0,0,
91501885000,0.000,0,194.000,21,193.000,20,192.000,10,84.000,3,38.500,1,208.000,47,209.000,10,364.000,1,400.000,1,450.000,1,0,0,
91504185000,0.000,0,194.000,21,193.000,20,192.000,10,84.000,3,38.500,1,208.000,41,209.000,10,364.000,1,400.000,1,450.000,1,0,0,
91504193000,0.000,0,194.000,21,193.000,20,192.000,10,84.000,3,38.500,1,207.000,6,208.000,41,209.000,10,364.000,1,400.000,1,0,0,
91504904000,0.000,0,194.000,21,193.000,20,192.000,10,84.000,3,38.500,1,208.000,41,209.000,10,364.000,1,400.000,1,450.000,1,0,0,
91504914000,0.000,0,194.000,21,193.000,20,192.000,10,84.000,3,38.500,1,208.000,47,209.000,10,364.000,1,400.000,1,450.000,1,0,0,
91506617000,0.000,0,194.000,21,193.000,20,192.000,10,84.000,3,38.500,1,208.000,41,209.000,10,364.000,1,400.000,1,450.000,1,0,0,
91506623000,0.000,0,194.000,21,193.000,20,192.000,10,84.000,3,38.500,1,208.000,41,209.000,16,364.000,1,400.000,1,450.000,1,0,0,
91511295000,0.000,0,194.000,21,193.000,20,192.000,10,84.000,3,38.500,1,208.000,41,209.000,10,364.000,1,400.000,1,450.000,1,0,0,
91517593000,0.000,0,194.000,21,193.000,20,192.000,10,84.000,3,38.500,1,208.000,41,364.000,1,400.000,1,450.000,1,775.000,1,0,0,
91517595000,0.000,0,194.000,21,193.000,26,192.000,10,84.000,3,38.500,1,208.000,41,364.000,1,400.000,1,450.000,1,775.000,1,0,0,
91518214000,0.000,0,194.000,21,193.000,26,192.000,10,84.000,3,38.500,1,208.000,41,211.000,10,364.000,1,400.000,1,450.000,1,0,0,
91518586000,0.000,0,194.000,21,193.000,20,192.000,10,84.000,3,38.500,1,208.000,41,211.000,10,364.000,1,400.000,1,450.000,1,0,0,
91528510000,0.000,0,194.000,21,193.000,20,192.000,10,84.000,3,38.500,1,208.000,41,364.000,1,400.000,1,450.000,1,775.000,1,0,0,
91528512000,0.000,0,194.000,21,193.000,20,192.000,10,84.000,3,38.500,1,208.000,41,209.000,10,364.000,1,400.000,1,450.000,1,0,0,
91529609000,0.000,0,194.000,21,193.000,26,192.000,10,84.000,3,38.500,1,208.000,41,209.000,10,364.000,1,400.000,1,450.000,1,0,0,
91530588000,0.000,0,194.000,21,193.000,20,192.000,10,84.000,3,38.500,1,208.000,41,209.000,10,364.000,1,400.000,1,450.000,1,0,0,
91533590000,0.000,0,194.000,21,193.000,20,192.000,10,84.000,3,38.500,1,208.000,41,364.000,1,400.000,1,450.000,1,775.000,1,0,0,
91533591000,0.000,0,194.000,21,193.000,26,192.000,10,84.000,3,38.500,1,208.000,41,364.000,1,400.000,1,450.000,1,775.000,1,0,0,
91533710000,0.000,0,194.000,21,193.000,26,192.000,10,84.000,3,38.500,1,208.000,41,211.000,10,364.000,1,400.000,1,450.000,1,0,0,
91536385000,0.000,0,194.000,21,193.000,20,192.000,10,84.000,3,38.500,1,208.000,41,211.000,10,364.000,1,400.000,1,450.000,1,0,0,
91536528000,0.000,0,194.000,27,193.000,20,192.000,10,84.000,3,38.500,1,208.000,41,211.000,10,364.000,1,400.000,1,450.000,1,0,0,
91536866000,0.000,0,194.000,21,193.000,20,192.000,10,84.000,3,38.500,1,208.000,41,211.000,10,364.000,1,400.000,1,450.000,1,0,0,
91536996000,0.000,0,194.000,21,193.000,26,192.000,10,84.000,3,38.500,1,208.000,41,211.000,10,364.000,1,400.000,1,450.000,1,0,0,
91539172000,0.000,0,193.000,26,192.000,10,84.000,3,38.500,1,22.500,20,208.000,20,211.000,10,364.000,1,400.000,1,450.000,1,0,0,
91539172000,0.000,0,194.000,21,193.000,26,192.000,10,84.000,3,38.500,1,208.000,20,209.000,21,211.000,10,364.000,1,400.000,1,0,0,
91539247000,0.000,0,194.000,21,193.000,6,192.000,10,84.000,3,38.500,1,209.000,21,211.000,10,364.000,1,400.000,1,450.000,1,0,0,
91539429000,0.000,0,194.000,21,192.000,10,84.000,3,38.500,1,22.500,20,209.000,21,211.000,10,364.000,1,400.000,1,450.000,1,0,0,
91539439000,0.000,0,194.000,27,192.000,10,84.000,3,38.500,1,22.500,20,209.000,21,211.000,10,364.000,1,400.000,1,450.000,1,0,0,
91539503000,0.000,0,194.000,47,192.000,10,84.000,3,38.500,1,22.500,20,209.000,41,211.000,10,364.000,1,400.000,1,450.000,1,0,0,
91541172000,0.000,0,194.000,41,192.000,10,84.000,3,38.500,1,22.500,20,209.000,41,211.000,10,364.000,1,400.000,1,450.000,1,0,0,
91541183000,0.000,0,194.000,41,193.000,6,192.000,10,84.000,3,38.500,1,209.000,41,211.000,10,364.000,1,400.000,1,450.000,1,0,0,
91546861000,0.000,0,194.000,41,192.000,10,84.000,3,38.500,1,22.500,20,209.000,41,211.000,10,364.000,1,400.000,1,450.000,1,0,0,
91546871000,0.000,0,194.000,47,192.000,10,84.000,3,38.500,1,22.500,20,209.000,41,211.000,10,364.000,1,400.000,1,450.000,1,0,0,
91548436000,0.000,0,194.000,41,192.000,10,84.000,3,38.500,1,22.500,20,209.000,41,211.000,10,364.000,1,400.000,1,450.000,1,0,0,
91548439000,0.000,0,194.000,41,193.000,6,192.000,10,84.000,3,38.500,1,209.000,41,211.000,10,364.000,1,400.000,1,450.000,1,0,0,
91552492000,0.000,0,194.000,41,192.000,10,84.000,3,38.500,1,22.500,20,209.000,41,211.000,10,364.000,1,400.000,1,450.000,1,0,0,
91552842000,0.000,0,194.000,41,193.000,6,192.000,10,84.000,3,38.500,1,209.000,41,211.000,10,364.000,1,400.000,1,450.000,1,0,0,
91553749000,0.000,0,194.000,41,192.000,10,84.000,3,38.500,1,22.500,20,209.000,41,211.000,10,364.000,1,400.000,1,450.000,1,0,0,
91553758000,0.000,0,194.000,47,192.000,10,84.000,3,38.500,1,22.500,20,209.000,41,211.000,10,364.000,1,400.000,1,450.000,1,0,0,
91553894000,0.000,0,194.000,47,192.000,10,84.000,3,38.500,1,22.500,20,209.000,41,364.000,1,400.000,1,450.000,1,775.000,1,0,0,
91554116000,0.000,0,194.000,41,192.000,10,84.000,3,38.500,1,22.500,20,209.000,41,364.000,1,400.000,1,450.000,1,775.000,1,0,0,
91554127000,0.000,0,195.000,6,194.000,41,192.000,10,84.000,3,38.500,1,209.000,41,364.000,1,400.000,1,450.000,1,775.000,1,0,0,
91554833000,0.000,0,195.000,6,194.000,20,192.000,10,84.000,3,38.500,1,209.000,20,364.000,1,400.000,1,450.000,1,775.000,1,0,0,
91554833000,0.000,0,196.000,21,195.000,6,194.000,20,192.000,10,84.000,3,209.000,20,210.000,21,364.000,1,400.000,1,450.000,1,0,0,
91554845000,0.000,0,196.000,21,195.000,6,194.000,20,192.000,10,84.000,3,209.000,20,210.000,21,214.000,10,364.000,1,400.000,1,0,0,
91554887000,0.000,0,196.000,21,195.000,6,192.000,10,84.000,3,38.500,1,210.000,21,214.000,10,364.000,1,400.000,1,450.000,1,0,0,
91555005000,0.000,0,196.000,41,195.000,6,192.000,10,84.000,3,38.500,1,210.000,21,211.000,20,214.000,10,364.000,1,400.000,1,0,0,
91556247000,0.000,0,196.000,41,192.000,10,84.000,3,38.500,1,22.500,20,210.000,21,211.000,20,214.000,10,364.000,1,400.000,1,0,0,
91556860000,0.000,0,196.000,41,195.000,6,192.000,10,84.000,3,38.500,1,210.000,21,211.000,20,214.000,10,364.000,1,400.000,1,0,0,
91557860000,0.000,0,196.000,41,192.000,10,84.000,3,38.500,1,22.500,20,210.000,21,211.000,20,214.000,10,364.000,1,400.000,1,0,0,
91559239000,0.000,0,196.000,41,195.000,6,192.000,10,84.000,3,38.500,1,210.000,21,211.000,20,214.000,10,364.000,1,400.000,1,0,0,
91600787000,0.000,0,196.000,41,192.000,10,84.000,3,38.500,1,22.500,20,210.000,21,211.000,20,214.000,10,364.000,1,400.000,1,0,0,
91600796000,0.000,0,196.000,47,192.000,10,84.000,3,38.500,1,22.500,20,210.000,21,211.000,20,214.000,10,364.000,1,400.000,1,0,0,
91601084000,0.000,0,196.000,26,192.000,10,84.000,3,38.500,1,22.500,20,211.000,20,214.000,10,364.000,1,400.000,1,450.000,1,0,0,
91601084000,0.000,0,196.000,47,192.000,10,84.000,3,38.500,1,22.500,20,211.000,41,214.000,10,364.000,1,400.000,1,450.000,1,0,0,
91605245000,0.000,0,196.000,26,192.000,10,84.000,3,38.500,1,22.500,20,211.000,20,214.000,10,364.000,1,400.000,1,450.000,1,0,0,
91605245000,0.000,0,196.000,47,192.000,10,84.000,3,38.500,1,22.500,20,210.000,21,211.000,20,214.000,10,364.000,1,400.000,1,0,0,
91606001000,0.000,0,196.000,41,192.000,10,84.000,3,38.500,1,22.500,20,210.000,21,211.000,20,214.000,10,364.000,1,400.000,1,0,0,
91606012000,0.000,0,196.000,41,195.000,6,192.000,10,84.000,3,38.500,1,210.000,21,211.000,20,214.000,10,364.000,1,400.000,1,0,0,
91608441000,0.000,0,196.000,41,192.000,10,84.000,3,38.500,1,22.500,20,210.000,21,211.000,20,214.000,10,364.000,1,400.000,1,0,0,
91609441000,0.000,0,196.000,41,195.000,6,192.000,10,84.000,3,38.500,1,210.000,21,211.000,20,214.000,10,364.000,1,400.000,1,0,0,
91610160000,0.000,0,196.000,41,192.000,10,84.000,3,38.500,1,22.500,20,210.000,21,211.000,20,214.000,10,364.000,1,400.000,1,0,0,
91611559000,0.000,0,196.000,41,195.000,6,192.000,10,84.000,3,38.500,1,210.000,21,211.000,20,214.000,10,364.000,1,400.000,1,0,0,
91614946000,0.000,0,196.000,41,192.000,10,84.000,3,38.500,1,22.500,20,210.000,21,211.000,20,214.000,10,364.000,1,400.000,1,0,0,
91615794000,0.000,0,196.000,41,195.000,6,192.000,10,84.000,3,38.500,1,210.000,21,211.000,20,214.000,10,364.000,1,400.000,1,0,0,
91616400000,0.000,0,196.000,41,192.000,10,84.000,3,38.500,1,22.500,20,210.000,21,211.000,20,214.000,10,364.000,1,400.000,1,0,0,
91616679000,0.000,0,196.000,41,192.000,10,84.000,3,38.500,1,22.500,20,210.000,21,211.000,20,364.000,1,400.000,1,450.000,1,0,0,
91616680000,0.000,0,196.000,41,192.000,10,84.000,3,38.500,1,22.500,20,210.000,21,211.000,20,212.000,10,364.000,1,400.000,1,0,0,
91618849000,0.000,0,196.000,41,84.000,3,38.500,1,22.500,20,22.000,40,210.000,21,211.000,20,212.000,10,364.000,1,400.000,1,0,0,
91618876000,0.000,0,196.000,41,195.000,10,84.000,3,38.500,1,22.500,20,210.000,21,211.000,20,212.000,10,364.000,1,400.000,1,0,0,
91618956000,0.000,0,196.000,41,195.000,10,84.000,3,38.500,1,22.500,20,210.000,21,211.000,26,212.000,10,364.000,1,400.000,1,0,0,
91620693000,0.000,0,196.000,41,195.000,10,84.000,3,38.500,1,22.500,20,210.000,21,211.000,20,212.000,10,364.000,1,400.000,1,0,0,
91621587000,0.000,0,196.000,41,195.000,10,84.000,3,38.500,1,22.500,20,210.000,21,211.000,26,212.000,10,364.000,1,400.000,1,0,0,
91622208000,0.000,0,196.000,41,195.000,10,84.000,3,38.500,1,22.500,20,210.000,21,211.000,20,212.000,10,364.000,1,400.000,1,0,0,
91622932000,0.000,0,196.000,41,195.000,10,84.000,3,38.500,1,22.500,20,210.000,21,211.000,26,212.000,10,364.000,1,400.000,1,0,0,
91623903000,0.000,0,196.000,41,195.000,10,84.000,3,38.500,1,22.500,20,210.000,21,211.000,26,364.000,1,400.000,1,450.000,1,0,0,
91623904000,0.000,0,196.000,41,195.000,10,84.000,3,38.500,1,22.500,20,210.000,31,211.000,26,364.000,1,400.000,1,450.000,1,0,0,
91624337000,0.000,0,196.000,41,195.000,10,84.000,3,38.500,1,22.500,20,210.000,31,211.000,20,364.000,1,400.000,1,450.000,1,0,0,
91627808000,0.000,0,196.000,41,195.000,10,84.000,3,38.500,1,22.500,20,210.000,21,211.000,20,364.000,1,400.000,1,450.000,1,0,0,
91627930000,0.000,0,196.000,41,195.000,10,84.000,3,38.500,1,22.500,20,210.000,21,211.000,20,212.000,10,364.000,1,400.000,1,0,0,
91638826000,0.000,0,196.000,41,195.000,10,84.000,3,38.500,1,22.500,20,210.000,21,211.000,26,212.000,10,364.000,1,400.000,1,0,0,
91640580000,0.000,0,196.000,41,195.000,10,84.000,3,38.500,1,22.500,20,210.000,21,211.000,20,212.000,10,364.000,1,400.000,1,0,0,
91641503000,0.000,0,196.000,41,195.000,10,84.000,3,38.500,1,22.500,20,210.000,21,211.000,26,212.000,10,364.000,1,400.000,1,0,0,
91642823000,0.000,0,196.000,41,195.000,10,84.000,3,38.500,1,22.500,20,210.000,21,211.000,20,212.000,10,364.000,1,400.000,1,0,0,
91644940000,0.000,0,196.000,41,195.000,10,84.000,3,38.500,1,22.500,20,210.000,21,211.000,26,212.000,10,364.000,1,400.000,1,0,0,
91645861000,0.000,0,196.000,41,84.000,3,38.500,1,22.500,20,22.000,40,210.000,21,211.000,26,212.000,10,364.000,1,400.000,1,0,0,
91645862000,0.000,0,196.000,41,84.000,3,38.500,1,22.500,20,22.000,40,210.000,21,211.000,20,212.000,10,364.000,1,400.000,1,0,0,
91645948000,0.000,0,196.000,41,84.000,3,38.500,1,22.500,20,22.000,40,210.000,27,211.000,20,212.000,10,364.000,1,400.000,1,0,0,
91646943000,0.000,0,196.000,41,193.000,10,84.000,3,38.500,1,22.500,20,210.000,27,211.000,20,212.000,10,364.000,1,400.000,1,0,0,
91654364000,0.000,0,196.000,41,193.000,10,84.000,3,38.500,1,22.500,20,210.000,21,211.000,20,212.000,10,364.000,1,400.000,1,0,0,
91654373000,0.000,0,196.000,41,193.000,10,84.000,3,38.500,1,22.500,20,209.000,6,210.000,21,211.000,20,212.000,10,364.000,1,0,0,
91654473000,0.000,0,196.000,21,193.000,10,84.000,3,38.500,1,22.500,20,209.000,6,210.000,21,212.000,10,364.000,1,400.000,1,0,0,
91654503000,0.000,0,196.000,21,194.000,20,193.000,10,84.000,3,38.500,1,209.000,26,210.000,21,212.000,10,364.000,1,400.000,1,0,0,
91655007000,0.000,0,194.000,20,193.000,10,84.000,3,38.500,1,22.500,20,209.000,26,212.000,10,364.000,1,400.000,1,450.000,1,0,0,
91655007000,0.000,0,195.000,21,194.000,20,193.000,10,84.000,3,38.500,1,208.000,21,209.000,26,212.000,10,364.000,1,400.000,1,0,0,
91702878000,0.000,0,195.000,21,194.000,20,193.000,10,84.000,3,38.500,1,208.000,21,209.000,20,212.000,10,364.000,1,400.000,1,0,0,
91703216000,0.000,0,195.000,21,194.000,20,193.000,10,84.000,3,38.500,1,208.000,21,209.000,20,364.000,1,400.000,1,450.000,1,0,0,
91703216000,0.000,0,195.000,21,194.000,20,193.000,10,84.000,3,38.500,1,208.000,21,209.000,30,364.000,1,400.000,1,450.000,1,0,0,
91708146000,0.000,0,195.000,21,194.000,20,193.000,10,84.000,3,38.500,1,208.000,21,209.000,36,364.000,1,400.000,1,450.000,1,0,0,
91716951000,0.000,0,195.000,21,194.000,20,193.000,10,84.000,3,38.500,1,208.000,21,209.000,30,364.000,1,400.000,1,450.000,1,0,0,
91721415000,0.000,0,195.000,21,194.000,20,193.000,10,84.000,3,38.500,1,208.000,21,209.000,36,364.000,1,400.000,1,450.000,1,0,0,
91730122000,0.000,0,195.000,21,194.000,20,193.000,10,84.000,3,38.500,1,208.000,21,209.000,30,364.000,1,400.000,1,450.000,1,0,0,
91730248000,0.000,0,195.000,21,194.000,20,193.000,10,84.000,3,38.500,1,208.000,21,209.000,36,364.000,1,400.000,1,450.000,1,0,0,
91734516000,0.000,0,195.000,21,194.000,20,193.000,10,84.000,3,38.500,1,208.000,21,209.000,30,364.000,1,400.000,1,450.000,1,0,0,
91736691000,0.000,0,195.000,21,194.000,20,193.000,10,84.000,3,38.500,1,208.000,21,209.000,20,364.000,1,400.000,1,450.000,1,0,0,
91736872000,0.000,0,195.000,21,194.000,20,193.000,10,84.000,3,38.500,1,208.000,21,209.000,20,211.000,10,364.000,1,400.000,1,0,0,
91744043000,0.000,0,195.000,21,194.000,26,193.000,10,84.000,3,38.500,1,208.000,21,209.000,20,211.000,10,364.000,1,400.000,1,0,0,
91745023000,0.000,0,194.000,26,193.000,10,84.000,3,38.500,1,22.500,20,209.000,20,211.000,10,364.000,1,400.000,1,450.000,1,0,0,
91745023000,0.000,0,195.000,21,194.000,26,193.000,10,84.000,3,38.500,1,209.000,41,211.000,10,364.000,1,400.000,1,450.000,1,0,0,
91745103000,0.000,0,195.000,21,194.000,20,193.000,10,84.000,3,38.500,1,209.000,41,211.000,10,364.000,1,400.000,1,450.000,1,0,0,
91746028000,0.000,0,194.000,20,193.000,10,84.000,3,38.500,1,22.500,20,209.000,20,211.000,10,364.000,1,400.000,1,450.000,1,0,0,
91746028000,0.000,0,195.000,21,194.000,20,193.000,10,84.000,3,38.500,1,208.000,21,209.000,20,211.000,10,364.000,1,400.000,1,0,0,
91746237000,0.000,0,194.000,20,193.000,10,84.000,3,38.500,1,22.500,20,209.000,20,211.000,10,364.000,1,400.000,1,450.000,1,0,0,
91746237000,0.000,0,195.000,21,194.000,20,193.000,10,84.000,3,38.500,1,209.000,41,211.000,10,364.000,1,400.000,1,450.000,1,0,0,
91746272000,0.000,0,195.000,21,194.000,26,193.000,10,84.000,3,38.500,1,209.000,41,211.000,10,364.000,1,400.000,1,450.000,1,0,0,
91746806000,0.000,0,195.000,21,194.000,20,193.000,10,84.000,3,38.500,1,209.000,41,211.000,10,364.000,1,400.000,1,450.000,1,0,0,
91747245000,0.000,0,194.000,20,193.000,10,84.000,3,38.500,1,22.500,20,209.000,20,211.000,10,364.000,1,400.000,1,450.000,1,0,0,
91747245000,0.000,0,195.000,21,194.000,20,193.000,10,84.000,3,38.500,1,208.000,21,209.000,20,211.000,10,364.000,1,400.000,1,0,0,
91748395000,0.000,0,195.000,21,194.000,26,193.000,10,84.000,3,38.500,1,208.000,21,209.000,20,211.000,10,364.000,1,400.000,1,0,0,
91748656000,0.000,0,194.000,26,193.000,10,84.000,3,38.500,1,22.500,20,209.000,20,211.000,10,364.000,1,400.000,1,450.000,1,0,0,
91748656000,0.000,0,195.000,21,194.000,26,193.000,10,84.000,3,38.500,1,209.000,41,211.000,10,364.000,1,400.000,1,450.000,1,0,0,
91750570000,0.000,0,195.000,21,194.000,20,193.000,10,84.000,3,38.500,1,209.000,41,211.000,10,364.000,1,400.000,1,450.000,1,0,0,
91752551000,0.000,0,195.000,21,194.000,26,193.000,10,84.000,3,38.500,1,209.000,41,211.000,10,364.000,1,400.000,1,450.000,1,0,0,
91752551000,0.000,0,195.000,21,194.000,26,193.000,10,84.000,3,38.500,1,209.000,41,364.000,1,400.000,1,450.000,1,775.000,1,0,0,
91752552000,0.000,0,194.000,26,193.000,10,84.000,3,38.500,1,22.500,20,209.000,20,364.000,1,400.000,1,450.000,1,775.000,1,0,0,
91752552000,0.000,0,195.000,21,194.000,26,193.000,10,84.000,3,38.500,1,209.000,20,210.000,21,364.000,1,400.000,1,450.000,1,0,0,
91752674000,0.000,0,195.000,21,194.000,26,193.000,10,84.000,3,38.500,1,209.000,20,210.000,21,213.000,10,364.000,1,400.000,1,0,0,
91752681000,0.000,0,195.000,21,194.000,6,193.000,10,84.000,3,38.500,1,210.000,21,213.000,10,364.000,1,400.000,1,450.000,1,0,0,
91752865000,0.000,0,195.000,41,194.000,6,193.000,10,84.000,3,38.500,1,210.000,41,213.000,10,364.000,1,400.000,1,450.000,1,0,0,
91758141000,0.000,0,195.000,41,193.000,10,84.000,3,38.500,1,22.500,20,210.000,41,213.000,10,364.000,1,400.000,1,450.000,1,0,0,
91802616000,0.000,0,195.000,41,193.000,10,84.000,3,38.500,1,22.500,20,210.000,41,364.000,1,400.000,1,450.000,1,775.000,1,0,0,
91802617000,0.000,0,195.000,41,193.000,10,84.000,3,38.500,1,22.500,20,210.000,41,211.000,10,364.000,1,400.000,1,450.000,1,0,0,
91802655000,0.000,0,195.000,41,193.000,10,84.000,3,38.500,1,22.500,20,210.000,41,211.000,16,364.000,1,400.000,1,450.000,1,0,0,
91806625000,0.000,0,195.000,41,193.000,10,84.000,3,38.500,1,22.500,20,210.000,41,211.000,10,364.000,1,400.000,1,450.000,1,0,0,
91808585000,0.000,0,195.000,41,194.000,6,193.000,10,84.000,3,38.500,1,210.000,41,211.000,10,364.000,1,400.000,1,450.000,1,0,0,
91808738000,0.000,0,195.000,41,193.000,10,84.000,3,38.500,1,22.500,20,210.000,41,211.000,10,364.000,1,400.000,1,450.000,1,0,0,
91812612000,0.000,0,195.000,41,193.000,10,84.000,3,38.500,1,22.500,20,210.000,41,211.000,16,364.000,1,400.000,1,450.000,1,0,0,
91819180000,0.000,0,195.000,41,193.000,10,84.000,3,38.500,1,22.500,20,210.000,41,211.000,10,364.000,1,400.000,1,450.000,1,0,0,
91822561000,0.000,0,195.000,41,84.000,3,38.500,1,22.500,20,22.000,40,210.000,41,211.000,10,364.000,1,400.000,1,450.000,1,0,0,
91822561000,0.000,0,196.000,10,195.000,41,84.000,3,38.500,1,22.500,20,210.000,41,211.000,10,364.000,1,400.000,1,450.000,1,0,0,
91822734000,0.000,0,196.000,10,195.000,20,84.000,3,38.500,1,22.500,20,210.000,20,211.000,10,364.000,1,400.000,1,450.000,1,0,0,
91822734000,0.000,0,197.000,21,196.000,10,195.000,20,84.000,3,38.500,1,210.000,41,211.000,10,364.000,1,400.000,1,450.000,1,0,0,
91823444000,0.000,0,197.000,21,196.000,10,195.000,20,84.000,3,38.500,1,210.000,41,211.000,16,364.000,1,400.000,1,450.000,1,0,0,
91825483000,0.000,0,197.000,21,196.000,10,195.000,20,84.000,3,38.500,1,210.000,41,211.000,10,364.000,1,400.000,1,450.000,1,0,0,
91825612000,0.000,0,197.000,21,196.000,10,195.000,20,84.000,3,38.500,1,210.000,47,211.000,10,364.000,1,400.000,1,450.000,1,0,0,
91833180000,0.000,0,197.000,21,195.000,20,84.000,3,38.500,1,22.500,20,210.000,47,211.000,10,364.000,1,400.000,1,450.000,1,0,0,
91833302000,0.000,0,197.000,21,195.000,20,194.000,10,84.000,3,38.500,1,210.000,47,211.000,10,364.000,1,400.000,1,450.000,1,0,0,
91834049000,0.000,0,195.000,20,194.000,10,84.000,3,38.500,1,22.500,20,210.000,26,211.000,10,364.000,1,400.000,1,450.000,1,0,0,
91834049000,0.000,0,196.000,21,195.000,20,194.000,10,84.000,3,38.500,1,210.000,47,211.000,10,364.000,1,400.000,1,450.000,1,0,0,
91834115000,0.000,0,196.000,21,195.000,20,194.000,10,84.000,3,38.500,1,210.000,41,211.000,10,364.000,1,400.000,1,450.000,1,0,0,
91834237000,0.000,0,196.000,21,195.000,20,194.000,10,84.000,3,38.500,1,209.000,6,210.000,41,211.000,10,364.000,1,400.000,1,0,0,
91835150000,0.000,0,195.000,20,194.000,10,84.000,3,38.500,1,22.500,20,209.000,6,210.000,20,211.000,10,364.000,1,400.000,1,0,0,
91835150000,0.000,0,196.000,21,195.000,20,194.000,10,84.000,3,38.500,1,208.000,21,209.000,6,210.000,20,211.000,10,364.000,1,0,0,
91835155000,0.000,0,196.000,21,194.000,10,84.000,3,38.500,1,22.500,20,208.000,21,209.000,6,211.000,10,364.000,1,400.000,1,0,0,
91835252000,0.000,0,196.000,21,194.000,10,84.000,3,38.500,1,22.500,20,208.000,21,211.000,10,364.000,1,400.000,1,450.000,1,0,0,
91835503000,0.000,0,196.000,21,194.000,10,193.000,20,84.000,3,38.500,1,208.000,41,211.000,10,364.000,1,400.000,1,450.000,1,0,0,
91836250000,0.000,0,194.000,10,193.000,20,84.000,3,38.500,1,22.500,20,208.000,20,211.000,10,364.000,1,400.000,1,450.000,1,0,0,
91836250000,0.000,0,195.000,21,194.000,10,193.000,20,84.000,3,38.500,1,208.000,41,211.000,10,364.000,1,400.000,1,450.000,1,0,0,
91836701000,0.000,0,195.000,21,194.000,10,193.000,20,84.000,3,38.500,1,208.000,41,364.000,1,400.000,1,450.000,1,775.000,1,0,0,
91836702000,0.000,0,195.000,21,194.000,10,193.000,20,84.000,3,38.500,1,208.000,41,209.000,10,364.000,1,400.000,1,450.000,1,0,0,
91836869000,0.000,0,195.000,21,194.000,10,193.000,20,84.000,3,38.500,1,208.000,41,209.000,16,364.000,1,400.000,1,450.000,1,0,0,
91855363000,0.000,0,195.000,21,194.000,10,193.000,20,84.000,3,38.500,1,208.000,41,209.000,10,364.000,1,400.000,1,450.000,1,0,0,
91855373000,0.000,0,195.000,21,194.000,10,193.000,20,84.000,3,38.500,1,208.000,47,209.000,10,364.000,1,400.000,1,450.000,1,0,0,
91903368000,0.000,0,195.000,21,194.000,10,193.000,20,84.000,3,38.500,1,208.000,41,209.000,10,364.000,1,400.000,1,450.000,1,0,0,
91903378000,0.000,0,195.000,21,194.000,10,193.000,20,84.000,3,38.500,1,208.000,41,209.000,16,364.000,1,400.000,1,450.000,1,0,0,
91904791000,0.000,0,195.000,21,194.000,10,193.000,20,84.000,3,38.500,1,208.000,41,209.000,10,364.000,1,400.000,1,450.000,1,0,0,
91904959000,0.000,0,195.000,21,194.000,10,193.000,20,84.000,3,38.500,1,208.000,41,209.000,16,364.000,1,400.000,1,450.000,1,0,0,
91908947000,0.000,0,195.000,21,194.000,10,193.000,20,84.000,3,38.500,1,208.000,41,209.000,10,364.000,1,400.000,1,450.000,1,0,0,
91908958000,0.000,0,195.000,21,194.000,10,193.000,20,84.000,3,38.500,1,208.000,47,209.000,10,364.000,1,400.000,1,450.000,1,0,0,
91910103000,0.000,0,195.000,21,194.000,10,193.000,20,84.000,3,38.500,1,208.000,47,364.000,1,400.000,1,450.000,1,775.000,1,0,0,
91910104000,0.000,0,195.000,21,194.000,10,193.000,20,84.000,3,38.500,1,207.000,10,208.000,47,364.000,1,400.000,1,450.000,1,0,0,
91910172000,0.000,0,195.000,21,193.000,20,84.000,3,38.500,1,22.500,20,207.000,10,208.000,47,364.000,1,400.000,1,450.000,1,0,0,
91910426000,0.000,0,195.000,21,193.000,20,84.000,3,38.500,1,22.500,20,207.000,10,208.000,41,364.000,1,400.000,1,450.000,1,0,0,
91910438000,0.000,0,195.000,21,193.000,20,84.000,3,38.500,1,22.500,20,207.000,16,208.000,41,364.000,1,400.000,1,450.000,1,0,0,
91910790000,0.000,0,195.000,21,193.000,20,191.000,10,84.000,3,38.500,1,207.000,16,208.000,41,364.000,1,400.000,1,450.000,1,0,0,
91911265000,0.000,0,193.000,20,191.000,10,84.000,3,38.500,1,22.500,20,207.000,16,208.000,20,364.000,1,400.000,1,450.000,1,0,0,
91911265000,0.000,0,194.000,21,193.000,20,191.000,10,84.000,3,38.500,1,206.000,21,207.000,16,208.000,20,364.000,1,400.000,1,0,0,
91911357000,0.000,0,194.000,21,191.000,10,84.000,3,38.500,1,22.500,20,206.000,21,207.000,16,364.000,1,400.000,1,450.000,1,0,0,
91911503000,0.000,0,194.000,21,191.000,30,84.000,3,38.500,1,22.500,20,206.000,41,207.000,16,364.000,1,400.000,1,450.000,1,0,0,
91912305000,0.000,0,191.000,30,84.000,3,38.500,1,22.500,20,22.000,40,206.000,20,207.000,16,364.000,1,400.000,1,450.000,1,0,0,
91912305000,0.000,0,192.000,21,191.000,30,84.000,3,38.500,1,22.500,20,206.000,41,207.000,16,364.000,1,400.000,1,450.000,1,0,0,
91912760000,0.000,0,192.000,21,191.000,30,84.000,3,38.500,1,22.500,20,206.000,41,207.000,10,364.000,1,400.000,1,450.000,1,0,0,
91912769000,0.000,0,192.000,21,191.000,30,84.000,3,38.500,1,22.500,20,206.000,47,207.000,10,364.000,1,400.000,1,450.000,1,0,0,
91915906000,0.000,0,192.000,21,191.000,30,84.000,3,38.500,1,22.500,20,206.000,41,207.000,10,364.000,1,400.000,1,450.000,1,0,0,
91915910000,0.000,0,192.000,21,191.000,30,84.000,3,38.500,1,22.500,20,206.000,41,207.000,16,364.000,1,400.000,1,450.000,1,0,0,
91923150000,0.000,0,192.000,21,191.000,30,84.000,3,38.500,1,22.500,20,206.000,41,207.000,10,364.000,1,400.000,1,450.000,1,0,0,
91923160000,0.000,0,192.000,21,191.000,30,84.000,3,38.500,1,22.500,20,206.000,47,207.000,10,364.000,1,400.000,1,450.000,1,0,0,
91923536000,0.000,0,192.000,21,191.000,30,84.000,3,38.500,1,22.500,20,206.000,41,207.000,10,364.000,1,400.000,1,450.000,1,0,0,
91923546000,0.000,0,192.000,21,191.000,30,84.000,3,38.500,1,22.500,20,206.000,41,207.000,16,364.000,1,400.000,1,450.000,1,0,0,
91925622000,0.000,0,192.000,21,191.000,30,84.000,3,38.500,1,22.500,20,206.000,41,207.000,10,364.000,1,400.000,1,450.000,1,0,0,
91925632000,0.000,0,192.000,21,191.000,30,84.000,3,38.500,1,22.500,20,206.000,47,207.000,10,364.000,1,400.000,1,450.000,1,0,0,
91930381000,0.000,0,192.000,21,191.000,30,84.000,3,38.500,1,22.500,20,206.000,41,207.000,10,364.000,1,400.000,1,450.000,1,0,0,
91930391000,0.000,0,192.000,21,191.000,30,84.000,3,38.500,1,22.500,20,205.000,6,206.000,41,207.000,10,364.000,1,400.000,1,0,0,
91930619000,0.000,0,191.000,30,84.000,3,38.500,1,22.500,20,22.000,40,205.000,6,206.000,20,207.000,10,364.000,1,400.000,1,0,0,
91930619000,0.000,0,192.000,21,191.000,30,84.000,3,38.500,1,22.500,20,204.000,21,205.000,6,206.000,20,207.000,10,364.000,1,0,0,
91930666000,0.000,0,192.000,21,191.000,10,84.000,3,38.500,1,22.500,20,204.000,21,205.000,6,207.000,10,364.000,1,400.000,1,0,0,
91930876000,0.000,0,192.000,21,191.000,10,189.000,20,84.000,3,38.500,1,204.000,41,205.000,6,207.000,10,364.000,1,400.000,1,0,0,
91932268000,0.000,0,192.000,21,191.000,10,189.000,20,84.000,3,38.500,1,204.000,41,205.000,6,364.000,1,400.000,1,450.000,1,0,0,
91932269000,0.000,0,192.000,21,191.000,10,189.000,20,84.000,3,38.500,1,204.000,41,205.000,16,364.000,1,400.000,1,450.000,1,0,0,
91957720000,0.000,0,192.000,21,191.000,10,189.000,20,84.000,3,38.500,1,204.000,41,205.000,10,364.000,1,400.000,1,450.000,1,0,0,
92000073000,0.000,0,192.000,21,191.000,10,189.000,20,84.000,3,38.500,1,204.000,41,205.000,16,364.000,1,400.000,1,450.000,1,0,0,
92002708000,0.000,0,192.000,21,191.000,10,189.000,20,84.000,3,38.500,1,204.000,41,205.000,10,364.000,1,400.000,1,450.000,1,0,0,
92003238000,0.000,0,192.000,21,191.000,10,189.000,20,84.000,3,38.500,1,204.000,41,205.000,16,364.000,1,400.000,1,450.000,1,0,0,
92012736000,0.000,0,192.000,21,191.000,10,189.000,20,84.000,3,38.500,1,204.000,41,205.000,10,364.000,1,400.000,1,450.000,1,0,0,
92012747000,0.000,0,192.000,21,191.000,10,189.000,20,84.000,3,38.500,1,204.000,47,205.000,10,364.000,1,400.000,1,450.000,1,0,0,
92012837000,0.000,0,192.000,21,189.000,20,84.000,3,38.500,1,22.500,20,204.000,47,205.000,10,364.000,1,400.000,1,450.000,1,0,0,
92012960000,0.000,0,192.000,21,189.000,30,84.000,3,38.500,1,22.500,20,204.000,47,205.000,10,364.000,1,400.000,1,450.000,1,0,0,
92013759000,0.000,0,189.000,30,84.000,3,38.500,1,22.500,20,22.000,40,204.000,26,205.000,10,364.000,1,400.000,1,450.000,1,0,0,
92013759000,0.000,0,190.000,21,189.000,30,84.000,3,38.500,1,22.500,20,204.000,47,205.000,10,364.000,1,400.000,1,450.000,1,0,0,
92016009000,0.000,0,190.000,21,189.000,30,84.000,3,38.500,1,22.500,20,204.000,41,205.000,10,364.000,1,400.000,1,450.000,1,0,0,
92016017000,0.000,0,190.000,21,189.000,30,84.000,3,38.500,1,22.500,20,203.000,6,204.000,41,205.000,10,364.000,1,400.000,1,0,0,
92016093000,0.000,0,189.000,30,84.000,3,38.500,1,22.500,20,22.000,40,203.000,6,204.000,20,205.000,10,364.000,1,400.000,1,0,0,
92016093000,0.000,0,190.000,21,189.000,30,84.000,3,38.500,1,22.500,20,202.000,21,203.000,6,204.000,20,205.000,10,364.000,1,0,0,
92016153000,0.000,0,190.000,21,189.000,10,84.000,3,38.500,1,22.500,20,202.000,21,203.000,6,205.000,10,364.000,1,400.000,1,0,0,
92016503000,0.000,0,190.000,21,189.000,10,187.000,20,84.000,3,38.500,1,202.000,41,203.000,6,205.000,10,364.000,1,400.000,1,0,0,
92018995000,0.000,0,190.000,21,189.000,10,187.000,20,84.000,3,38.500,1,202.000,41,205.000,10,364.000,1,400.000,1,450.000,1,0,0,
92025003000,0.000,0,190.000,21,189.000,10,187.000,20,84.000,3,38.500,1,202.000,41,203.000,6,205.000,10,364.000,1,400.000,1,0,0,
92028201000,0.000,0,190.000,21,189.000,10,187.000,20,84.000,3,38.500,1,202.000,41,205.000,10,364.000,1,400.000,1,450.000,1,0,0,
92041790000,0.000,0,190.000,21,189.000,10,187.000,20,84.000,3,38.500,1,202.000,41,203.000,6,205.000,10,364.000,1,400.000,1,0,0,
92042323000,0.000,0,190.000,21,189.000,10,187.000,20,84.000,3,38.500,1,202.000,41,203.000,6,364.000,1,400.000,1,450.000,1,0,0,
92042324000,0.000,0,190.000,21,189.000,10,187.000,20,84.000,3,38.500,1,202.000,41,203.000,16,364.000,1,400.000,1,450.000,1,0,0,
92043064000,0.000,0,190.000,21,189.000,10,187.000,20,84.000,3,38.500,1,202.000,41,203.000,10,364.000,1,400.000,1,450.000,1,0,0,
92048236000,0.000,0,190.000,21,189.000,10,187.000,20,84.000,3,38.500,1,202.000,41,203.000,16,364.000,1,400.000,1,450.000,1,0,0,
92059653000,0.000,0,190.000,21,187.000,20,84.000,3,38.500,1,22.500,20,202.000,41,203.000,16,364.000,1,400.000,1,450.000,1,0,0,
92059777000,0.000,0,190.000,21,187.000,30,84.000,3,38.500,1,22.500,20,202.000,41,203.000,16,364.000,1,400.000,1,450.000,1,0,0,
92059952000,0.000,0,187.000,30,84.000,3,38.500,1,22.500,20,22.000,40,202.000,20,203.000,16,364.000,1,400.000,1,450.000,1,0,0,
92059952000,0.000,0,188.000,21,187.000,30,84.000,3,38.500,1,22.500,20,202.000,41,203.000,16,364.000,1,400.000,1,450.000,1,0,0,
92100978000,0.000,0,188.000,21,187.000,30,84.000,3,38.500,1,22.500,20,202.000,41,203.000,10,364.000,1,400.000,1,450.000,1,0,0,
92100989000,0.000,0,188.000,21,187.000,30,84.000,3,38.500,1,22.500,20,202.000,47,203.000,10,364.000,1,400.000,1,450.000,1,0,0,
92102731000,0.000,0,188.000,21,187.000,30,84.000,3,38.500,1,22.500,20,202.000,41,203.000,10,364.000,1,400.000,1,450.000,1,0,0,
92102741000,0.000,0,188.000,21,187.000,30,84.000,3,38.500,1,22.500,20,201.000,6,202.000,41,203.000,10,364.000,1,400.000,1,0,0,
92103250000,0.000,0,187.000,30,84.000,3,38.500,1,22.500,20,22.000,40,201.000,6,202.000,20,203.000,10,364.000,1,400.000,1,0,0,
92103250000,0.000,0,188.000,21,187.000,30,84.000,3,38.500,1,22.500,20,200.000,21,201.000,6,202.000,20,203.000,10,364.000,1,0,0,
92103273000,0.000,0,188.000,21,187.000,10,84.000,3,38.500,1,22.500,20,200.000,21,201.000,6,203.000,10,364.000,1,400.000,1,0,0,
92103503000,0.000,0,188.000,21,187.000,10,185.000,20,84.000,3,38.500,1,200.000,41,201.000,6,203.000,10,364.000,1,400.000,1,0,0,
92104529000,0.000,0,188.000,21,187.000,10,185.000,20,84.000,3,38.500,1,200.000,41,203.000,10,364.000,1,400.000,1,450.000,1,0,0,
92104929000,0.000,0,188.000,21,187.000,10,185.000,20,84.000,3,38.500,1,200.000,41,364.000,1,400.000,1,450.000,1,775.000,1,0,0,
92104929000,0.000,0,188.000,21,187.000,10,185.000,20,84.000,3,38.500,1,200.000,41,201.000,10,364.000,1,400.000,1,450.000,1,0,0,
92112963000,0.000,0,188.000,21,187.000,10,84.000,3,38.500,1,22.500,20,200.000,21,201.000,10,364.000,1,400.000,1,450.000,1,0,0,
92113003000,0.000,0,188.000,21,187.000,30,84.000,3,38.500,1,22.500,20,200.000,21,201.000,10,202.000,20,364.000,1,400.000,1,0,0,
92113534000,0.000,0,188.000,21,187.000,30,84.000,3,38.500,1,22.500,20,200.000,21,202.000,20,364.000,1,400.000,1,450.000,1,0,0,
92113802000,0.000,0,188.000,21,187.000,30,84.000,3,38.500,1,22.500,20,200.000,21,202.000,20,204.000,10,364.000,1,400.000,1,0,0,
92113804000,0.000,0,187.000,30,84.000,3,38.500,1,22.500,20,22.000,40,202.000,20,204.000,10,364.000,1,400.000,1,450.000,1,0,0,
92113804000,0.000,0,188.000,21,187.000,30,84.000,3,38.500,1,22.500,20,201.000,21,202.000,20,204.000,10,364.000,1,400.000,1,0,0,
92123990000,0.000,0,188.000,21,187.000,30,84.000,3,38.500,1,22.500,20,201.000,21,202.000,20,364.000,1,400.000,1,450.000,1,0,0,
92123992000,0.000,0,188.000,21,187.000,30,84.000,3,38.500,1,22.500,20,201.000,21,202.000,30,364.000,1,400.000,1,450.000,1,0,0,
92135791000,0.000,0,188.000,21,187.000,30,84.000,3,38.500,1,22.500,20,201.000,21,202.000,20,364.000,1,400.000,1,450.000,1,0,0,
92135914000,0.000,0,188.000,21,187.000,30,84.000,3,38.500,1,22.500,20,201.000,21,202.000,20,205.000,10,364.000,1,400.000,1,0,0,
92141514000,0.000,0,188.000,21,187.000,30,84.000,3,38.500,1,22.500,20,201.000,21,202.000,20,364.000,1,400.000,1,450.000,1,0,0,
92141514000,0.000,0,188.000,21,187.000,30,84.000,3,38.500,1,22.500,20,201.000,21,202.000,20,203.000,10,364.000,1,400.000,1,0,0,
92142799000,0.000,0,188.000,21,187.000,30,84.000,3,38.500,1,22.500,20,201.000,21,202.000,26,203.000,10,364.000,1,400.000,1,0,0,
92144907000,0.000,0,188.000,21,187.000,30,84.000,3,38.500,1,22.500,20,201.000,21,202.000,20,203.000,10,364.000,1,400.000,1,0,0,
92145776000,0.000,0,188.000,21,187.000,30,84.000,3,38.500,1,22.500,20,201.000,21,202.000,26,203.000,10,364.000,1,400.000,1,0,0,
92148004000,0.000,0,188.000,21,187.000,30,84.000,3,38.500,1,22.500,20,201.000,21,202.000,20,203.000,10,364.000,1,400.000,1,0,0,
92149342000,0.000,0,188.000,21,187.000,30,84.000,3,38.500,1,22.500,20,201.000,21,202.000,26,203.000,10,364.000,1,400.000,1,0,0,
92150812000,0.000,0,188.000,21,187.000,30,84.000,3,38.500,1,22.500,20,201.000,21,202.000,20,203.000,10,364.000,1,400.000,1,0,0,
92152512000,0.000,0,188.000,21,187.000,30,84.000,3,38.500,1,22.500,20,201.000,21,202.000,26,203.000,10,364.000,1,400.000,1,0,0,
92153546000,0.000,0,188.000,21,187.000,30,84.000,3,38.500,1,22.500,20,201.000,21,202.000,20,203.000,10,364.000,1,400.000,1,0,0,
92154943000,0.000,0,188.000,21,187.000,30,84.000,3,38.500,1,22.500,20,201.000,21,202.000,26,203.000,10,364.000,1,400.000,1,0,0,
92205801000,0.000,0,188.000,21,187.000,30,84.000,3,38.500,1,22.500,20,201.000,21,202.000,26,364.000,1,400.000,1,450.000,1,0,0,
92205801000,0.000,0,188.000,21,187.000,30,84.000,3,38.500,1,22.500,20,201.000,31,202.000,26,364.000,1,400.000,1,450.000,1,0,0,
92208834000,0.000,0,188.000,21,187.000,30,84.000,3,38.500,1,22.500,20,201.000,31,202.000,20,364.000,1,400.000,1,450.000,1,0,0,
92209088000,0.000,0,188.000,21,187.000,30,84.000,3,38.500,1,22.500,20,201.000,21,202.000,20,364.000,1,400.000,1,450.000,1,0,0,
92209211000,0.000,0,188.000,21,187.000,30,84.000,3,38.500,1,22.500,20,201.000,21,202.000,20,203.000,10,364.000,1,400.000,1,0,0,
92211234000,0.000,0,188.000,21,187.000,30,182.000,1,84.000,3,38.500,1,201.000,21,202.000,20,203.000,10,364.000,1,400.000,1,0,0,
92224755000,0.000,0,188.000,21,187.000,30,182.000,1,84.000,3,38.500,1,201.000,21,202.000,26,203.000,10,364.000,1,400.000,1,0,0,
92225685000,0.000,0,188.000,21,187.000,30,182.000,1,84.000,3,38.500,1,201.000,21,202.000,20,203.000,10,364.000,1,400.000,1,0,0,
92227004000,0.000,0,188.000,21,187.000,30,182.000,1,84.000,3,38.500,1,201.000,21,202.000,26,203.000,10,364.000,1,400.000,1,0,0,
92227403000,0.000,0,188.000,21,187.000,30,182.000,1,84.000,3,38.500,1,201.000,21,202.000,20,203.000,10,364.000,1,400.000,1,0,0,
92227896000,0.000,0,188.000,21,187.000,30,182.000,1,84.000,3,38.500,1,201.000,21,202.000,26,203.000,10,364.000,1,400.000,1,0,0,
92228515000,0.000,0,188.000,21,187.000,30,182.000,1,84.000,3,38.500,1,201.000,21,202.000,20,203.000,10,364.000,1,400.000,1,0,0,
92247432000,0.000,0,188.000,21,187.000,20,182.000,1,84.000,3,38.500,1,201.000,21,202.000,20,203.000,10,364.000,1,400.000,1,0,0,
92247432000,0.000,0,189.000,10,188.000,21,187.000,20,182.000,1,84.000,3,201.000,21,202.000,20,203.000,10,364.000,1,400.000,1,0,0,
92248158000,0.000,0,189.000,10,187.000,20,182.000,1,84.000,3,38.500,1,202.000,20,203.000,10,364.000,1,400.000,1,450.000,1,0,0,
92248158000,0.000,0,190.000,21,189.000,10,187.000,20,182.000,1,84.000,3,201.000,21,202.000,20,203.000,10,364.000,1,400.000,1,0,0,
92249945000,0.000,0,190.000,21,189.000,10,187.000,20,182.000,1,84.000,3,201.000,21,202.000,20,364.000,1,400.000,1,450.000,1,0,0,
92250003000,0.000,0,190.000,21,189.000,10,182.000,1,84.000,3,38.500,1,201.000,21,364.000,1,400.000,1,450.000,1,775.000,1,0,0,
92250003000,0.000,0,190.000,21,189.000,30,182.000,1,84.000,3,38.500,1,201.000,21,204.000,20,364.000,1,400.000,1,450.000,1,0,0,
92250070000,0.000,0,190.000,21,189.000,30,182.000,1,84.000,3,38.500,1,201.000,21,204.000,20,205.000,10,364.000,1,400.000,1,0,0,
92250259000,0.000,0,189.000,30,182.000,1,84.000,3,38.500,1,22.500,20,204.000,20,205.000,10,364.000,1,400.000,1,450.000,1,0,0,
92250259000,0.000,0,190.000,21,189.000,30,182.000,1,84.000,3,38.500,1,203.000,21,204.000,20,205.000,10,364.000,1,400.000,1,0,0,
92255847000,0.000,0,190.000,21,189.000,30,182.000,1,84.000,3,39.000,20,203.000,21,204.000,20,205.000,10,364.000,1,400.000,1,0,0,
92258189000,0.000,0,190.000,21,189.000,30,182.000,1,84.000,3,39.000,20,203.000,21,204.000,20,364.000,1,400.000,1,450.000,1,0,0,
92258313000,0.000,0,190.000,21,189.000,30,182.000,1,84.000,3,39.000,20,203.000,21,204.000,20,207.000,10,364.000,1,400.000,1,0,0,
92302524000,0.000,0,189.000,30,182.000,1,84.000,3,39.000,20,38.500,1,204.000,20,207.000,10,364.000,1,400.000,1,450.000,1,0,0,
92302524000,0.000,0,190.000,21,189.000,30,182.000,1,84.000,3,39.000,20,204.000,41,207.000,10,364.000,1,400.000,1,450.000,1,0,0,
92304361000,0.000,0,190.000,21,189.000,36,182.000,1,84.000,3,39.000,20,204.000,41,207.000,10,364.000,1,400.000,1,450.000,1,0,0,
92306519000,0.000,0,190.000,21,189.000,36,182.000,1,84.000,3,39.000,20,204.000,41,364.000,1,400.000,1,450.000,1,775.000,1,0,0,
92306521000,0.000,0,190.000,21,189.000,30,182.000,1,84.000,3,39.000,20,204.000,41,364.000,1,400.000,1,450.000,1,775.000,1,0,0,
92306532000,0.000,0,190.000,27,189.000,30,182.000,1,84.000,3,39.000,20,204.000,41,364.000,1,400.000,1,450.000,1,775.000,1,0,0,
92306642000,0.000,0,190.000,6,189.000,30,182.000,1,84.000,3,39.000,20,204.000,20,364.000,1,400.000,1,450.000,1,775.000,1,0,0,
92306642000,0.000,0,190.000,27,189.000,30,182.000,1,84.000,3,39.000,20,204.000,20,205.000,21,364.000,1,400.000,1,450.000,1,0,0,
92306644000,0.000,0,190.000,27,189.000,30,182.000,1,84.000,3,39.000,20,204.000,20,205.000,21,209.000,10,364.000,1,400.000,1,0,0,
92306680000,0.000,0,190.000,27,189.000,10,182.000,1,84.000,3,39.000,20,205.000,21,209.000,10,364.000,1,400.000,1,450.000,1,0,0,
92306993000,0.000,0,190.000,47,189.000,10,182.000,1,84.000,3,39.000,20,205.000,41,209.000,10,364.000,1,400.000,1,450.000,1,0,0,
92308078000,0.000,0,190.000,26,189.000,10,182.000,1,84.000,3,39.000,20,205.000,20,209.000,10,364.000,1,400.000,1,450.000,1,0,0,
92308078000,0.000,0,191.000,21,190.000,26,189.000,10,182.000,1,84.000,3,205.000,20,206.000,21,209.000,10,364.000,1,400.000,1,0,0,
92308080000,0.000,0,191.000,21,190.000,6,189.000,10,182.000,1,84.000,3,206.000,21,209.000,10,364.000,1,400.000,1,450.000,1,0,0,
92308083000,0.000,0,191.000,41,190.000,6,189.000,10,182.000,1,84.000,3,206.000,41,209.000,10,364.000,1,400.000,1,450.000,1,0,0,
92308084000,0.000,0,191.000,41,189.000,10,182.000,1,84.000,3,39.000,20,206.000,41,209.000,10,364.000,1,400.000,1,450.000,1,0,0,
92308093000,0.000,0,191.000,47,189.000,10,182.000,1,84.000,3,39.000,20,206.000,41,209.000,10,364.000,1,400.000,1,450.000,1,0,0,
92308590000,0.000,0,191.000,47,189.000,10,182.000,1,84.000,3,39.000,20,206.000,41,364.000,1,400.000,1,450.000,1,775.000,1,0,0,
92308590000,0.000,0,191.000,41,189.000,10,182.000,1,84.000,3,39.000,20,206.000,41,364.000,1,400.000,1,450.000,1,775.000,1,0,0,
92308600000,0.000,0,192.000,6,191.000,41,189.000,10,182.000,1,84.000,3,206.000,41,364.000,1,400.000,1,450.000,1,775.000,1,0,0,
92309702000,0.000,0,192.000,6,191.000,20,189.000,10,182.000,1,84.000,3,206.000,20,364.000,1,400.000,1,450.000,1,775.000,1,0,0,
92309782000,0.000,0,192.000,6,189.000,10,182.000,1,84.000,3,39.000,20,364.000,1,400.000,1,450.000,1,775.000,1,0,0,0,0,
92309811000,0.000,0,189.000,10,182.000,1,84.000,3,39.000,20,38.500,1,364.000,1,400.000,1,450.000,1,775.000,1,0,0,0,0,
92309811000,0.000,0,189.000,10,182.000,1,84.000,3,39.000,20,38.500,1,364.000,7,400.000,1,450.000,1,775.000,1,0,0,0,0,
92309821000,0.000,0,190.000,6,189.000,10,182.000,1,84.000,3,39.000,20,364.000,7,400.000,1,450.000,1,775.000,1,0,0,0,0,
92310103000,0.000,0,190.000,6,189.000,10,182.000,1,84.000,3,39.000,20,345.000,10,364.000,7,400.000,1,450.000,1,775.000,1,0,0,
92310166000,0.000,0,190.000,6,189.000,10,182.000,1,84.000,3,39.000,20,345.000,10,364.000,1,400.000,1,450.000,1,775.000,1,0,0,
92310192000,0.000,0,190.000,6,189.000,10,182.000,1,84.000,3,39.000,20,344.000,6,345.000,10,364.000,1,400.000,1,450.000,1,0,0,
92312358000,0.000,0,197.000,21,190.000,6,189.000,10,182.000,1,84.000,3,212.000,21,344.000,6,345.000,10,364.000,1,400.000,1,0,0,
92312368000,0.000,0,197.000,21,189.000,10,182.000,1,84.000,3,39.000,20,212.000,21,344.000,6,345.000,10,364.000,1,400.000,1,0,0,
92312368000,0.000,0,197.000,21,189.000,10,182.000,1,84.000,3,39.000,20,212.000,21,345.000,10,364.000,1,400.000,1,450.000,1,0,0,
92312378000,0.000,0,197.000,21,189.000,10,182.000,1,84.000,3,39.000,20,212.000,21,213.000,6,345.000,10,364.000,1,400.000,1,0,0,
92312503000,0.000,0,197.000,41,189.000,10,182.000,1,84.000,3,39.000,20,212.000,41,213.000,6,345.000,10,364.000,1,400.000,1,0,0,
92313401000,0.000,0,197.000,41,189.000,10,182.000,1,84.000,3,39.000,20,212.000,41,345.000,10,364.000,1,400.000,1,450.000,1,0,0,
92313410000,0.000,0,197.000,41,189.000,10,182.000,1,84.000,3,39.000,20,212.000,47,345.000,10,364.000,1,400.000,1,450.000,1,0,0,
92313436000,0.000,0,197.000,41,182.000,1,84.000,3,39.000,20,38.500,1,212.000,47,345.000,10,364.000,1,400.000,1,450.000,1,0,0,
92313436000,0.000,0,197.000,41,196.000,10,182.000,1,84.000,3,39.000,20,212.000,47,345.000,10,364.000,1,400.000,1,450.000,1,0,0,
92317396000,0.000,0,197.000,41,196.000,10,182.000,1,84.000,3,39.000,20,212.000,41,345.000,10,364.000,1,400.000,1,450.000,1,0,0,
92317407000,0.000,0,197.000,41,196.000,10,182.000,1,84.000,3,39.000,20,211.000,6,212.000,41,345.000,10,364.000,1,400.000,1,0,0,
92317795000,0.000,0,197.000,20,196.000,10,182.000,1,84.000,3,39.000,20,211.000,6,212.000,20,345.000,10,364.000,1,400.000,1,0,0,
92317795000,0.000,0,197.000,41,196.000,10,182.000,1,84.000,3,39.000,20,210.000,21,211.000,6,212.000,20,345.000,10,364.000,1,0,0,
92317951000,0.000,0,197.000,21,196.000,10,182.000,1,84.000,3,39.000,20,210.000,21,211.000,6,345.000,10,364.000,1,400.000,1,0,0,
92317982000,0.000,0,197.000,21,196.000,10,182.000,1,84.000,3,39.000,20,210.000,21,211.000,6,364.000,1,400.000,1,450.000,1,0,0,
92317982000,0.000,0,197.000,21,196.000,10,182.000,1,84.000,3,39.000,20,210.000,21,211.000,16,364.000,1,400.000,1,450.000,1,0,0,
92318003000,0.000,0,197.000,21,196.000,10,195.000,20,182.000,1,84.000,3,210.000,41,211.000,16,364.000,1,400.000,1,450.000,1,0,0,
92324484000,0.000,0,197.000,21,196.000,10,195.000,20,182.000,1,84.000,3,210.000,41,211.000,10,364.000,1,400.000,1,450.000,1,0,0,
92328321000,0.000,0,197.000,21,196.000,10,195.000,20,182.000,1,84.000,3,210.000,41,211.000,16,364.000,1,400.000,1,450.000,1,0,0,
92328929000,0.000,0,197.000,21,196.000,10,195.000,20,182.000,1,84.000,3,210.000,41,211.000,10,364.000,1,400.000,1,450.000,1,0,0,
92329880000,0.000,0,197.000,21,196.000,10,195.000,20,182.000,1,84.000,3,210.000,41,211.000,16,364.000,1,400.000,1,450.000,1,0,0,
92332227000,0.000,0,197.000,21,196.000,10,195.000,20,182.000,1,84.000,3,210.000,41,211.000,10,364.000,1,400.000,1,450.000,1,0,0,
92333445000,0.000,0,197.000,21,196.000,10,195.000,20,182.000,1,84.000,3,210.000,41,211.000,16,364.000,1,400.000,1,450.000,1,0,0,
92333907000,0.000,0,197.000,21,196.000,10,195.000,20,182.000,1,84.000,3,210.000,41,211.000,10,364.000,1,400.000,1,450.000,1,0,0,
92344064000,0.000,0,197.000,21,196.000,10,195.000,20,182.000,1,84.000,3,210.000,41,211.000,16,364.000,1,400.000,1,450.000,1,0,0,
92344465000,0.000,0,197.000,21,196.000,10,195.000,20,182.000,1,84.000,3,210.000,41,211.000,10,364.000,1,400.000,1,450.000,1,0,0,
92350136000,0.000,0,197.000,21,196.000,10,195.000,20,182.000,1,84.000,3,210.000,41,211.000,16,364.000,1,400.000,1,450.000,1,0,0,
92352951000,0.000,0,197.000,21,196.000,10,195.000,20,182.000,1,84.000,3,210.000,41,211.000,6,364.000,1,400.000,1,450.000,1,0,0,
92352951000,0.000,0,197.000,21,196.000,10,195.000,20,182.000,1,84.000,3,209.000,10,210.000,41,211.000,6,364.000,1,400.000,1,0,0,
92352958000,0.000,0,197.000,21,196.000,10,195.000,20,182.000,1,84.000,3,209.000,10,210.000,41,364.000,1,400.000,1,450.000,1,0,0,
92352968000,0.000,0,197.000,21,196.000,10,195.000,20,182.000,1,84.000,3,209.000,10,210.000,47,364.000,1,400.000,1,450.000,1,0,0,
92352994000,0.000,0,197.000,21,195.000,20,182.000,1,84.000,3,39.000,20,209.000,10,210.000,47,364.000,1,400.000,1,450.000,1,0,0,
92353629000,0.000,0,195.000,20,182.000,1,84.000,3,39.000,20,38.500,1,209.000,10,210.000,26,364.000,1,400.000,1,450.000,1,0,0,
92353629000,0.000,0,196.000,21,195.000,20,182.000,1,84.000,3,39.000,20,208.000,21,209.000,10,210.000,26,364.000,1,400.000,1,0,0,
92353641000,0.000,0,196.000,21,195.000,20,182.000,1,84.000,3,39.000,20,208.000,21,209.000,10,210.000,20,364.000,1,400.000,1,0,0,
92353734000,0.000,0,196.000,21,195.000,30,182.000,1,84.000,3,39.000,20,208.000,21,209.000,10,210.000,20,364.000,1,400.000,1,0,0,
92353784000,0.000,0,196.000,21,195.000,10,182.000,1,84.000,3,39.000,20,208.000,21,209.000,10,364.000,1,400.000,1,450.000,1,0,0,
92354004000,0.000,0,196.000,21,195.000,10,193.000,20,182.000,1,84.000,3,208.000,41,209.000,10,364.000,1,400.000,1,450.000,1,0,0,
92356122000,0.000,0,196.000,21,195.000,10,193.000,20,182.000,1,84.000,3,208.000,41,209.000,16,364.000,1,400.000,1,450.000,1,0,0,
92402353000,0.000,0,196.000,21,193.000,20,182.000,1,84.000,3,39.000,20,208.000,41,209.000,16,364.000,1,400.000,1,450.000,1,0,0,
92402355000,0.000,0,196.000,21,193.000,20,182.000,1,84.000,3,39.000,20,208.000,41,209.000,10,364.000,1,400.000,1,450.000,1,0,0,
92402365000,0.000,0,196.000,21,193.000,20,182.000,1,84.000,3,39.000,20,208.000,47,209.000,10,364.000,1,400.000,1,450.000,1,0,0,
92402475000,0.000,0,196.000,21,193.000,30,182.000,1,84.000,3,39.000,20,208.000,47,209.000,10,364.000,1,400.000,1,450.000,1,0,0,
92403105000,0.000,0,193.000,30,182.000,1,84.000,3,39.000,20,38.500,1,208.000,26,209.000,10,364.000,1,400.000,1,450.000,1,0,0,
92403105000,0.000,0,194.000,21,193.000,30,182.000,1,84.000,3,39.000,20,208.000,47,209.000,10,364.000,1,400.000,1,450.000,1,0,0,
92406645000,0.000,0,194.000,21,193.000,30,182.000,1,84.000,3,39.000,20,208.000,41,209.000,10,364.000,1,400.000,1,450.000,1,0,0,
92406656000,0.000,0,194.000,21,193.000,30,182.000,1,84.000,3,39.000,20,207.000,6,208.000,41,209.000,10,364.000,1,400.000,1,0,0,
92407507000,0.000,0,193.000,30,182.000,1,84.000,3,39.000,20,38.500,1,207.000,6,208.000,20,209.000,10,364.000,1,400.000,1,0,0,
92407507000,0.000,0,194.000,21,193.000,30,182.000,1,84.000,3,39.000,20,206.000,21,207.000,6,208.000,20,209.000,10,364.000,1,0,0,
92407537000,0.000,0,194.000,21,193.000,10,182.000,1,84.000,3,39.000,20,206.000,21,207.000,6,209.000,10,364.000,1,400.000,1,0,0,
92408003000,0.000,0,194.000,21,193.000,10,191.000,20,182.000,1,84.000,3,206.000,41,207.000,6,209.000,10,364.000,1,400.000,1,0,0,
92409002000,0.000,0,194.000,21,193.000,10,191.000,20,182.000,1,84.000,3,206.000,41,207.000,6,364.000,1,400.000,1,450.000,1,0,0,
92409002000,0.000,0,194.000,21,193.000,10,191.000,20,182.000,1,84.000,3,206.000,41,207.000,16,364.000,1,400.000,1,450.000,1,0,0,
92411277000,0.000,0,194.000,21,191.000,20,182.000,1,84.000,3,39.000,20,206.000,41,207.000,16,364.000,1,400.000,1,450.000,1,0,0,
92411279000,0.000,0,194.000,21,191.000,20,182.000,1,84.000,3,39.000,20,206.000,41,207.000,10,364.000,1,400.000,1,450.000,1,0,0,
92411289000,0.000,0,194.000,21,191.000,20,182.000,1,84.000,3,39.000,20,206.000,47,207.000,10,364.000,1,400.000,1,450.000,1,0,0,
92411401000,0.000,0,194.000,21,191.000,30,182.000,1,84.000,3,39.000,20,206.000,47,207.000,10,364.000,1,400.000,1,450.000,1,0,0,
92411549000,0.000,0,191.000,30,182.000,1,84.000,3,39.000,20,38.500,1,206.000,26,207.000,10,364.000,1,400.000,1,450.000,1,0,0,
92411549000,0.000,0,192.000,21,191.000,30,182.000,1,84.000,3,39.000,20,206.000,47,207.000,10,364.000,1,400.000,1,450.000,1,0,0,
92414094000,0.000,0,192.000,21,191.000,30,182.000,1,84.000,3,39.000,20,206.000,41,207.000,10,364.000,1,400.000,1,450.000,1,0,0,
92414104000,0.000,0,192.000,21,191.000,30,182.000,1,84.000,3,39.000,20,206.000,41,207.000,16,364.000,1,400.000,1,450.000,1,0,0,
92417861000,0.000,0,192.000,21,191.000,30,182.000,1,84.000,3,39.000,20,206.000,41,207.000,10,364.000,1,400.000,1,450.000,1,0,0,
92417872000,0.000,0,192.000,21,191.000,30,182.000,1,84.000,3,39.000,20,206.000,47,207.000,10,364.000,1,400.000,1,450.000,1,0,0,
92418482000,0.000,0,192.000,21,191.000,30,182.000,1,84.000,3,39.000,20,206.000,41,207.000,10,364.000,1,400.000,1,450.000,1,0,0,
92418490000,0.000,0,192.000,21,191.000,30,182.000,1,84.000,3,39.000,20,206.000,41,207.000,16,364.000,1,400.000,1,450.000,1,0,0,
92421873000,0.000,0,192.000,21,191.000,30,182.000,1,84.000,3,39.000,20,206.000,41,207.000,10,364.000,1,400.000,1,450.000,1,0,0,
92421881000,0.000,0,192.000,21,191.000,30,182.000,1,84.000,3,39.000,20,206.000,47,207.000,10,364.000,1,400.000,1,450.000,1,0,0,
92423556000,0.000,0,192.000,21,191.000,30,182.000,1,84.000,3,39.000,20,206.000,41,207.000,10,364.000,1,400.000,1,450.000,1,0,0,
92423566000,0.000,0,192.000,21,191.000,30,182.000,1,84.000,3,39.000,20,205.000,6,206.000,41,207.000,10,364.000,1,400.000,1,0,0,
92424399000,0.000,0,191.000,30,182.000,1,84.000,3,39.000,20,38.500,1,205.000,6,206.000,20,207.000,10,364.000,1,400.000,1,0,0,
92424399000,0.000,0,192.000,21,191.000,30,182.000,1,84.000,3,39.000,20,204.000,21,205.000,6,206.000,20,207.000,10,364.000,1,0,0,
92424409000,0.000,0,192.000,21,191.000,10,182.000,1,84.000,3,39.000,20,204.000,21,205.000,6,207.000,10,364.000,1,400.000,1,0,0,
92424503000,0.000,0,192.000,21,191.000,10,189.000,20,182.000,1,84.000,3,204.000,41,205.000,6,207.000,10,364.000,1,400.000,1,0,0,
92424507000,0.000,0,192.000,21,191.000,10,189.000,20,182.000,1,84.000,3,204.000,41,205.000,6,364.000,1,400.000,1,450.000,1,0,0,
92424507000,0.000,0,192.000,21,191.000,10,189.000,20,182.000,1,84.000,3,204.000,41,205.000,16,364.000,1,400.000,1,450.000,1,0,0,
92428255000,0.000,0,192.000,21,191.000,10,189.000,20,182.000,1,84.000,3,204.000,41,205.000,10,364.000,1,400.000,1,450.000,1,0,0,
92433872000,0.000,0,192.000,21,191.000,10,189.000,20,182.000,1,84.000,3,204.000,41,205.000,16,364.000,1,400.000,1,450.000,1,0,0,
92446965000,0.000,0,192.000,21,191.000,10,189.000,20,182.000,1,84.000,3,204.000,41,205.000,10,364.000,1,400.000,1,450.000,1,0,0,
92448983000,0.000,0,192.000,21,191.000,10,189.000,20,182.000,1,84.000,3,204.000,41,364.000,1,400.000,1,450.000,1,775.000,1,0,0,
92449004000,0.000,0,192.000,21,191.000,10,182.000,1,84.000,3,39.000,20,204.000,21,364.000,1,400.000,1,450.000,1,775.000,1,0,0,
92449004000,0.000,0,192.000,21,191.000,30,182.000,1,84.000,3,39.000,20,204.000,21,206.000,20,364.000,1,400.000,1,450.000,1,0,0,
92449105000,0.000,0,192.000,21,191.000,30,182.000,1,84.000,3,39.000,20,204.000,21,206.000,20,207.000,10,364.000,1,400.000,1,0,0,
92449164000,0.000,0,191.000,30,182.000,1,84.000,3,39.000,20,38.500,1,206.000,20,207.000,10,364.000,1,400.000,1,450.000,1,0,0,
92449164000,0.000,0,192.000,21,191.000,30,182.000,1,84.000,3,39.000,20,205.000,21,206.000,20,207.000,10,364.000,1,400.000,1,0,0,
92505860000,0.000,0,192.000,21,191.000,30,182.000,1,84.000,3,39.000,20,205.000,21,206.000,20,364.000,1,400.000,1,450.000,1,0,0,
92505983000,0.000,0,192.000,21,191.000,30,182.000,1,84.000,3,39.000,20,205.000,21,206.000,20,209.000,10,364.000,1,400.000,1,0,0,
92508499000,0.000,0,191.000,30,182.000,1,84.000,3,39.000,20,38.500,1,206.000,20,209.000,10,364.000,1,400.000,1,450.000,1,0,0,
92508499000,0.000,0,192.000,21,191.000,30,182.000,1,84.000,3,39.000,20,206.000,41,209.000,10,364.000,1,400.000,1,450.000,1,0,0,
92510606000,0.000,0,191.000,30,182.000,1,84.000,3,39.000,20,38.500,1,206.000,20,209.000,10,364.000,1,400.000,1,450.000,1,0,0,
92510606000,0.000,0,192.000,21,191.000,30,182.000,1,84.000,3,39.000,20,206.000,20,207.000,21,209.000,10,364.000,1,400.000,1,0,0,
92510678000,0.000,0,192.000,21,191.000,10,182.000,1,84.000,3,39.000,20,207.000,21,209.000,10,364.000,1,400.000,1,450.000,1,0,0,
92510802000,0.000,0,192.000,21,191.000,16,182.000,1,84.000,3,39.000,20,207.000,21,209.000,10,364.000,1,400.000,1,450.000,1,0,0,
92511003000,0.000,0,192.000,41,191.000,16,182.000,1,84.000,3,39.000,20,207.000,41,209.000,10,364.000,1,400.000,1,450.000,1,0,0,
92511177000,0.000,0,192.000,41,191.000,10,182.000,1,84.000,3,39.000,20,207.000,41,209.000,10,364.000,1,400.000,1,450.000,1,0,0,
92512249000,0.000,0,192.000,41,191.000,16,182.000,1,84.000,3,39.000,20,207.000,41,209.000,10,364.000,1,400.000,1,450.000,1,0,0,
92513459000,0.000,0,192.000,41,191.000,16,182.000,1,84.000,3,39.000,20,207.000,41,364.000,1,400.000,1,450.000,1,775.000,1,0,0,
92513583000,0.000,0,192.000,41,191.000,16,182.000,1,84.000,3,39.000,20,207.000,41,211.000,10,364.000,1,400.000,1,450.000,1,0,0,
92514652000,0.000,0,192.000,41,191.000,10,182.000,1,84.000,3,39.000,20,207.000,41,211.000,10,364.000,1,400.000,1,450.000,1,0,0,
92516796000,0.000,0,192.000,41,191.000,10,182.000,1,84.000,3,39.000,20,207.000,41,364.000,1,400.000,1,450.000,1,775.000,1,0,0,
92516796000,0.000,0,192.000,41,191.000,10,182.000,1,84.000,3,39.000,20,207.000,41,209.000,10,364.000,1,400.000,1,450.000,1,0,0,
92516802000,0.000,0,192.000,41,191.000,10,182.000,1,84.000,3,39.000,20,207.000,41,208.000,6,209.000,10,364.000,1,400.000,1,0,0,
92517052000,0.000,0,192.000,41,191.000,10,182.000,1,84.000,3,39.000,20,207.000,41,209.000,10,364.000,1,400.000,1,450.000,1,0,0,
92536139000,0.000,0,192.000,41,191.000,10,182.000,1,84.000,3,39.000,20,207.000,41,208.000,6,209.000,10,364.000,1,400.000,1,0,0,
92537966000,0.000,0,192.000,41,191.000,10,182.000,1,84.000,3,39.000,20,207.000,41,209.000,10,364.000,1,400.000,1,450.000,1,0,0,
92537975000,0.000,0,192.000,41,191.000,10,182.000,1,84.000,3,39.000,20,207.000,47,209.000,10,364.000,1,400.000,1,450.000,1,0,0,
92539172000,0.000,0,192.000,41,191.000,10,182.000,1,84.000,3,39.000,20,207.000,41,209.000,10,364.000,1,400.000,1,450.000,1,0,0,
92539181000,0.000,0,192.000,41,191.000,10,182.000,1,84.000,3,39.000,20,206.000,6,207.000,41,209.000,10,364.000,1,400.000,1,0,0,
92539709000,0.000,0,192.000,20,191.000,10,182.000,1,84.000,3,39.000,20,206.000,6,207.000,20,209.000,10,364.000,1,400.000,1,0,0,
92539709000,0.000,0,192.000,41,191.000,10,182.000,1,84.000,3,39.000,20,205.000,21,206.000,6,207.000,20,209.000,10,364.000,1,0,0,
92539744000,0.000,0,192.000,21,191.000,10,182.000,1,84.000,3,39.000,20,205.000,21,206.000,6,209.000,10,364.000,1,400.000,1,0,0,
92540003000,0.000,0,192.000,21,191.000,10,190.000,20,182.000,1,84.000,3,205.000,41,206.000,6,209.000,10,364.000,1,400.000,1,0,0,
92540038000,0.000,0,192.000,21,191.000,10,190.000,20,182.000,1,84.000,3,205.000,41,206.000,6,364.000,1,400.000,1,450.000,1,0,0,
92540099000,0.000,0,192.000,21,191.000,10,190.000,20,182.000,1,84.000,3,205.000,41,206.000,6,207.000,10,364.000,1,400.000,1,0,0,
92548132000,0.000,0,192.000,21,191.000,10,190.000,20,182.000,1,84.000,3,205.000,41,207.000,10,364.000,1,400.000,1,450.000,1,0,0,
92548778000,0.000,0,192.000,21,191.000,10,190.000,20,182.000,1,84.000,3,205.000,41,206.000,6,207.000,10,364.000,1,400.000,1,0,0,
92600164000,0.000,0,192.000,21,191.000,10,190.000,20,182.000,1,84.000,3,205.000,41,206.000,6,364.000,1,400.000,1,450.000,1,0,0,
92600166000,0.000,0,192.000,21,191.000,10,190.000,20,182.000,1,84.000,3,205.000,51,206.000,6,364.000,1,400.000,1,450.000,1,0,0,
92600244000,0.000,0,192.000,21,191.000,10,190.000,20,182.000,1,84.000,3,205.000,51,364.000,1,400.000,1,450.000,1,775.000,1,0,0,
92600254000,0.000,0,192.000,21,191.000,10,190.000,20,182.000,1,84.000,3,205.000,57,364.000,1,400.000,1,450.000,1,775.000,1,0,0,
92611688000,0.000,0,192.000,21,191.000,10,190.000,20,182.000,1,84.000,3,205.000,51,364.000,1,400.000,1,450.000,1,775.000,1,0,0,
92611698000,0.000,0,192.000,21,191.000,10,190.000,20,182.000,1,84.000,3,205.000,51,206.000,6,364.000,1,400.000,1,450.000,1,0,0,
92623581000,0.000,0,192.000,21,191.000,10,190.000,20,182.000,1,84.000,3,205.000,51,364.000,1,400.000,1,450.000,1,775.000,1,0,0,
92623592000,0.000,0,192.000,21,191.000,10,190.000,20,182.000,1,84.000,3,205.000,57,364.000,1,400.000,1,450.000,1,775.000,1,0,0,
92624322000,0.000,0,192.000,21,191.000,10,190.000,20,182.000,1,84.000,3,205.000,51,364.000,1,400.000,1,450.000,1,775.000,1,0,0,
92624332000,0.000,0,192.000,21,191.000,10,190.000,20,182.000,1,84.000,3,205.000,51,206.000,6,364.000,1,400.000,1,450.000,1,0,0,
92626697000,0.000,0,192.000,21,191.000,10,190.000,20,182.000,1,84.000,3,205.000,51,364.000,1,400.000,1,450.000,1,775.000,1,0,0,
92626708000,0.000,0,192.000,21,191.000,10,190.000,20,182.000,1,84.000,3,205.000,57,364.000,1,400.000,1,450.000,1,775.000,1,0,0,
92629354000,0.000,0,192.000,21,191.000,10,190.000,20,182.000,1,84.000,3,205.000,51,364.000,1,400.000,1,450.000,1,775.000,1,0,0,
92629364000,0.000,0,192.000,21,191.000,10,190.000,20,182.000,1,84.000,3,205.000,51,206.000,6,364.000,1,400.000,1,450.000,1,0,0,
92632990000,0.000,0,192.000,21,191.000,10,190.000,20,182.000,1,84.000,3,205.000,51,364.000,1,400.000,1,450.000,1,775.000,1,0,0,
92633000000,0.000,0,192.000,21,191.000,10,190.000,20,182.000,1,84.000,3,205.000,57,364.000,1,400.000,1,450.000,1,775.000,1,0,0,
92633721000,0.000,0,192.000,21,190.000,20,182.000,1,84.000,3,39.000,20,205.000,57,364.000,1,400.000,1,450.000,1,775.000,1,0,0,
92633821000,0.000,0,192.000,21,190.000,20,182.000,1,84.000,3,39.000,20,205.000,51,364.000,1,400.000,1,450.000,1,775.000,1,0,0,
92633831000,0.000,0,192.000,21,190.000,20,182.000,1,84.000,3,39.000,20,204.000,6,205.000,51,364.000,1,400.000,1,450.000,1,0,0,
92634108000,0.000,0,190.000,20,182.000,1,84.000,3,39.000,20,38.500,1,204.000,6,205.000,30,364.000,1,400.000,1,450.000,1,0,0,
92634108000,0.000,0,191.000,21,190.000,20,182.000,1,84.000,3,39.000,20,203.000,21,204.000,6,205.000,30,364.000,1,400.000,1,0,0,
92634200000,0.000,0,191.000,21,182.000,1,84.000,3,39.000,20,38.500,1,203.000,21,204.000,6,205.000,10,364.000,1,400.000,1,0,0,
92634200000,0.000,0,191.000,21,188.000,20,182.000,1,84.000,3,39.000,20,203.000,41,204.000,6,205.000,10,364.000,1,400.000,1,0,0,
92634685000,0.000,0,191.000,21,188.000,30,182.000,1,84.000,3,39.000,20,203.000,41,204.000,6,205.000,10,364.000,1,400.000,1,0,0,
92635171000,0.000,0,188.000,30,182.000,1,84.000,3,39.000,20,38.500,1,203.000,20,204.000,6,205.000,10,364.000,1,400.000,1,0,0,
92635171000,0.000,0,189.000,21,188.000,30,182.000,1,84.000,3,39.000,20,203.000,41,204.000,6,205.000,10,364.000,1,400.000,1,0,0,
92638689000,0.000,0,189.000,21,188.000,30,182.000,1,84.000,3,39.000,20,203.000,41,205.000,10,364.000,1,400.000,1,450.000,1,0,0,
92638700000,0.000,0,189.000,21,188.000,30,182.000,1,84.000,3,39.000,20,203.000,47,205.000,10,364.000,1,400.000,1,450.000,1,0,0,
92645465000,0.000,0,189.000,21,188.000,30,182.000,1,84.000,3,39.000,20,203.000,41,205.000,10,364.000,1,400.000,1,450.000,1,0,0,
92645470000,0.000,0,189.000,21,188.000,30,182.000,1,84.000,3,39.000,20,203.000,41,204.000,6,205.000,10,364.000,1,400.000,1,0,0,
92646600000,0.000,0,189.000,21,188.000,30,182.000,1,84.000,3,39.000,20,203.000,41,205.000,10,364.000,1,400.000,1,450.000,1,0,0,
92647609000,0.000,0,189.000,21,188.000,30,182.000,1,84.000,3,39.000,20,203.000,41,204.000,6,205.000,10,364.000,1,400.000,1,0,0,
92651929000,0.000,0,189.000,21,188.000,30,182.000,1,84.000,3,39.000,20,203.000,41,205.000,10,364.000,1,400.000,1,450.000,1,0,0,
92656356000,0.000,0,189.000,21,188.000,30,182.000,1,84.000,3,39.000,20,203.000,41,204.000,6,205.000,10,364.000,1,400.000,1,0,0,
92700221000,0.000,0,189.000,21,188.000,30,182.000,1,84.000,3,39.000,20,203.000,41,205.000,10,364.000,1,400.000,1,450.000,1,0,0,
92701941000,0.000,0,189.000,21,188.000,30,182.000,1,84.000,3,39.000,20,203.000,41,204.000,6,205.000,10,364.000,1,400.000,1,0,0,
92701978000,0.000,0,189.000,21,188.000,30,182.000,1,84.000,3,39.000,20,203.000,41,205.000,10,364.000,1,400.000,1,450.000,1,0,0,
92703731000,0.000,0,189.000,21,188.000,20,182.000,1,84.000,3,39.000,20,203.000,41,205.000,10,364.000,1,400.000,1,450.000,1,0,0,
92703731000,0.000,0,190.000,10,189.000,21,188.000,20,182.000,1,84.000,3,203.000,41,205.000,10,364.000,1,400.000,1,450.000,1,0,0,
92704004000,0.000,0,190.000,10,189.000,21,182.000,1,84.000,3,39.000,20,203.000,21,205.000,10,364.000,1,400.000,1,450.000,1,0,0,
92704004000,0.000,0,190.000,30,189.000,21,182.000,1,84.000,3,39.000,20,203.000,21,205.000,30,364.000,1,400.000,1,450.000,1,0,0,
92704567000,0.000,0,190.000,30,182.000,1,84.000,3,39.000,20,38.500,1,205.000,30,364.000,1,400.000,1,450.000,1,775.000,1,0,0,
92704567000,0.000,0,191.000,21,190.000,30,182.000,1,84.000,3,39.000,20,204.000,21,205.000,30,364.000,1,400.000,1,450.000,1,0,0,
92708179000,0.000,0,191.000,21,190.000,30,182.000,1,84.000,3,39.000,20,204.000,21,205.000,20,364.000,1,400.000,1,450.000,1,0,0,
92708298000,0.000,0,191.000,21,190.000,30,182.000,1,84.000,3,39.000,20,204.000,21,205.000,20,207.000,10,364.000,1,400.000,1,0,0,
92718986000,0.000,0,191.000,21,190.000,30,182.000,1,84.000,3,39.000,20,204.000,21,205.000,20,364.000,1,400.000,1,450.000,1,0,0,
92718987000,0.000,0,191.000,21,190.000,30,182.000,1,84.000,3,39.000,20,204.000,21,205.000,30,364.000,1,400.000,1,450.000,1,0,0,
92719234000,0.000,0,191.000,21,190.000,30,182.000,1,84.000,3,39.000,20,204.000,21,205.000,36,364.000,1,400.000,1,450.000,1,0,0,
92722121000,0.000,0,191.000,21,190.000,20,182.000,1,84.000,3,39.000,20,204.000,21,205.000,36,364.000,1,400.000,1,450.000,1,0,0,
92722122000,0.000,0,191.000,21,190.000,20,188.000,10,182.000,1,84.000,3,204.000,21,205.000,36,364.000,1,400.000,1,450.000,1,0,0,
92728085000,0.000,0,191.000,21,190.000,20,188.000,10,182.000,1,84.000,3,204.000,21,205.000,30,364.000,1,400.000,1,450.000,1,0,0,
92728096000,0.000,0,191.000,21,190.000,20,188.000,10,182.000,1,84.000,3,204.000,27,205.000,30,364.000,1,400.000,1,450.000,1,0,0,
92729809000,0.000,0,191.000,21,190.000,20,188.000,10,182.000,1,84.000,3,204.000,21,205.000,30,364.000,1,400.000,1,450.000,1,0,0,
92729820000,0.000,0,191.000,21,190.000,20,188.000,10,182.000,1,84.000,3,204.000,21,205.000,36,364.000,1,400.000,1,450.000,1,0,0,
92731173000,0.000,0,191.000,21,190.000,20,188.000,10,182.000,1,84.000,3,204.000,21,205.000,30,364.000,1,400.000,1,450.000,1,0,0,
92731184000,0.000,0,191.000,21,190.000,20,188.000,10,182.000,1,84.000,3,204.000,27,205.000,30,364.000,1,400.000,1,450.000,1,0,0,
92732156000,0.000,0,191.000,21,190.000,20,188.000,10,182.000,1,84.000,3,204.000,21,205.000,30,364.000,1,400.000,1,450.000,1,0,0,
92732167000,0.000,0,191.000,21,190.000,20,188.000,10,182.000,1,84.000,3,203.000,6,204.000,21,205.000,30,364.000,1,400.000,1,0,0,
92732168000,0.000,0,191.000,21,188.000,10,182.000,1,84.000,3,39.000,20,203.000,6,204.000,21,205.000,10,364.000,1,400.000,1,0,0,
92732214000,0.000,0,191.000,21,188.000,30,182.000,1,84.000,3,39.000,20,203.000,26,204.000,21,205.000,10,364.000,1,400.000,1,0,0,
92732554000,0.000,0,188.000,30,182.000,1,84.000,3,39.000,20,38.500,1,203.000,26,205.000,10,364.000,1,400.000,1,450.000,1,0,0,
92732554000,0.000,0,189.000,21,188.000,30,182.000,1,84.000,3,39.000,20,202.000,21,203.000,26,205.000,10,364.000,1,400.000,1,0,0,
92735364000,0.000,0,189.000,21,188.000,30,182.000,1,84.000,3,39.000,20,202.000,21,203.000,20,205.000,10,364.000,1,400.000,1,0,0,
92735976000,0.000,0,189.000,21,188.000,30,182.000,1,84.000,3,39.000,20,202.000,21,203.000,26,205.000,10,364.000,1,400.000,1,0,0,
92746452000,0.000,0,189.000,21,188.000,20,182.000,1,84.000,3,39.000,20,202.000,21,203.000,26,205.000,10,364.000,1,400.000,1,0,0,
92746576000,0.000,0,189.000,21,188.000,20,186.000,10,182.000,1,84.000,3,202.000,21,203.000,26,205.000,10,364.000,1,400.000,1,0,0,
92746655000,0.000,0,189.000,21,188.000,20,186.000,10,182.000,1,84.000,3,202.000,21,203.000,20,205.000,10,364.000,1,400.000,1,0,0,
92746661000,0.000,0,189.000,21,188.000,20,186.000,10,182.000,1,84.000,3,202.000,27,203.000,20,205.000,10,364.000,1,400.000,1,0,0,
92747563000,0.000,0,189.000,21,188.000,20,186.000,10,182.000,1,84.000,3,202.000,21,203.000,20,205.000,10,364.000,1,400.000,1,0,0,
92747690000,0.000,0,189.000,21,188.000,20,186.000,10,182.000,1,84.000,3,202.000,21,203.000,26,205.000,10,364.000,1,400.000,1,0,0,
92748497000,0.000,0,189.000,21,188.000,20,186.000,10,182.000,1,84.000,3,202.000,21,203.000,20,205.000,10,364.000,1,400.000,1,0,0,
92748506000,0.000,0,189.000,21,188.000,20,186.000,10,182.000,1,84.000,3,202.000,27,203.000,20,205.000,10,364.000,1,400.000,1,0,0,
92749667000,0.000,0,189.000,21,188.000,20,186.000,10,182.000,1,84.000,3,202.000,21,203.000,20,205.000,10,364.000,1,400.000,1,0,0,
92749677000,0.000,0,189.000,21,188.000,20,186.000,10,182.000,1,84.000,3,201.000,6,202.000,21,203.000,20,205.000,10,364.000,1,0,0,
92749678000,0.000,0,189.000,21,186.000,10,182.000,1,84.000,3,39.000,20,201.000,6,202.000,21,205.000,10,364.000,1,400.000,1,0,0,
92750004000,0.000,0,189.000,21,186.000,30,182.000,1,84.000,3,39.000,20,201.000,26,202.000,21,205.000,10,364.000,1,400.000,1,0,0,
92750075000,0.000,0,189.000,21,186.000,20,182.000,1,84.000,3,39.000,20,201.000,26,202.000,21,205.000,10,364.000,1,400.000,1,0,0,
92750223000,0.000,0,189.000,21,186.000,20,184.000,10,182.000,1,84.000,3,201.000,26,202.000,21,205.000,10,364.000,1,400.000,1,0,0,
92750418000,0.000,0,189.000,21,186.000,20,184.000,10,182.000,1,84.000,3,201.000,20,202.000,21,205.000,10,364.000,1,400.000,1,0,0,
92750419000,0.000,0,189.000,21,184.000,10,182.000,1,84.000,3,39.000,20,202.000,21,205.000,10,364.000,1,400.000,1,450.000,1,0,0,
92750429000,0.000,0,189.000,21,184.000,10,182.000,1,84.000,3,39.000,20,200.000,6,202.000,21,205.000,10,364.000,1,400.000,1,0,0,
92750503000,0.000,0,189.000,21,185.000,20,184.000,10,182.000,1,84.000,3,200.000,26,202.000,21,205.000,10,364.000,1,400.000,1,0,0,
92750950000,0.000,0,185.000,20,184.000,10,182.000,1,84.000,3,39.000,20,200.000,26,205.000,10,364.000,1,400.000,1,450.000,1,0,0,
92750950000,0.000,0,186.000,21,185.000,20,184.000,10,182.000,1,84.000,3,199.000,21,200.000,26,205.000,10,364.000,1,400.000,1,0,0,
92752216000,0.000,0,186.000,21,185.000,20,184.000,10,182.000,1,84.000,3,199.000,21,200.000,26,364.000,1,400.000,1,450.000,1,0,0,
92752216000,0.000,0,186.000,21,185.000,20,184.000,10,182.000,1,84.000,3,199.000,21,200.000,36,364.000,1,400.000,1,450.000,1,0,0,
92752725000,0.000,0,186.000,21,185.000,20,184.000,10,182.000,1,84.000,3,199.000,21,200.000,30,364.000,1,400.000,1,450.000,1,0,0,
92759503000,0.000,0,186.000,21,184.000,10,182.000,1,84.000,3,39.000,20,199.000,21,200.000,10,364.000,1,400.000,1,450.000,1,0,0,
92759519000,0.000,0,186.000,21,184.000,10,182.000,1,84.000,3,39.000,20,199.000,21,200.000,16,364.000,1,400.000,1,450.000,1,0,0,
92759581000,0.000,0,184.000,10,182.000,1,84.000,3,39.000,20,38.500,1,200.000,16,364.000,1,400.000,1,450.000,1,775.000,1,0,0,
92759581000,0.000,0,185.000,21,184.000,10,182.000,1,84.000,3,39.000,20,199.000,21,200.000,16,364.000,1,400.000,1,450.000,1,0,0,
92800662000,0.000,0,185.000,21,184.000,10,182.000,1,84.000,3,39.000,20,199.000,21,200.000,10,364.000,1,400.000,1,450.000,1,0,0,
92803004000,0.000,0,185.000,41,184.000,10,182.000,1,84.000,3,39.000,20,199.000,21,200.000,30,364.000,1,400.000,1,450.000,1,0,0,
92809369000,0.000,0,185.000,41,184.000,10,182.000,1,84.000,3,39.000,20,199.000,21,200.000,36,364.000,1,400.000,1,450.000,1,0,0,
92810622000,0.000,0,185.000,41,184.000,10,182.000,1,84.000,3,39.000,20,199.000,21,200.000,30,364.000,1,400.000,1,450.000,1,0,0,
92826612000,0.000,0,185.000,41,182.000,1,84.000,3,39.000,20,38.500,1,199.000,21,200.000,30,364.000,1,400.000,1,450.000,1,0,0,
92826612000,0.000,0,186.000,10,185.000,41,182.000,1,84.000,3,39.000,20,199.000,21,200.000,30,364.000,1,400.000,1,450.000,1,0,0,
92827594000,0.000,0,186.000,10,185.000,41,182.000,1,84.000,3,39.000,20,199.000,21,200.000,20,364.000,1,400.000,1,450.000,1,0,0,
92827709000,0.000,0,186.000,10,185.000,20,182.000,1,84.000,3,39.000,20,200.000,20,364.000,1,400.000,1,450.000,1,775.000,1,0,0,
92827709000,0.000,0,187.000,21,186.000,10,185.000,20,182.000,1,84.000,3,199.000,21,200.000,20,364.000,1,400.000,1,450.000,1,0,0,
92827719000,0.000,0,187.000,21,186.000,10,185.000,20,182.000,1,84.000,3,199.000,21,200.000,20,202.000,10,364.000,1,400.000,1,0,0,
92828812000,0.000,0,186.000,10,185.000,20,182.000,1,84.000,3,39.000,20,200.000,20,202.000,10,364.000,1,400.000,1,450.000,1,0,0,
92828812000,0.000,0,187.000,21,186.000,10,185.000,20,182.000,1,84.000,3,200.000,41,202.000,10,364.000,1,400.000,1,450.000,1,0,0,
92828834000,0.000,0,187.000,21,186.000,10,182.000,1,84.000,3,39.000,20,200.000,21,202.000,10,364.000,1,400.000,1,450.000,1,0,0,
92829003000,0.000,0,187.000,41,186.000,10,182.000,1,84.000,3,39.000,20,200.000,21,202.000,30,364.000,1,400.000,1,450.000,1,0,0,
92829190000,0.000,0,187.000,41,186.000,10,182.000,1,84.000,3,39.000,20,200.000,21,202.000,20,364.000,1,400.000,1,450.000,1,0,0,
92829827000,0.000,0,187.000,41,186.000,10,182.000,1,84.000,3,39.000,20,200.000,21,202.000,20,203.000,10,364.000,1,400.000,1,0,0,
92829910000,0.000,0,187.000,20,186.000,10,182.000,1,84.000,3,39.000,20,202.000,20,203.000,10,364.000,1,400.000,1,450.000,1,0,0,
92829910000,0.000,0,187.000,41,186.000,10,182.000,1,84.000,3,39.000,20,201.000,21,202.000,20,203.000,10,364.000,1,400.000,1,0,0,
92848137000,0.000,0,187.000,41,186.000,10,182.000,1,84.000,3,39.000,20,201.000,21,202.000,26,203.000,10,364.000,1,400.000,1,0,0,
92848473000,0.000,0,187.000,41,186.000,10,182.000,1,84.000,3,39.000,20,201.000,21,202.000,20,203.000,10,364.000,1,400.000,1,0,0,
92859201000,0.000,0,187.000,41,182.000,1,84.000,3,39.000,20,38.500,1,201.000,21,202.000,20,203.000,10,364.000,1,400.000,1,0,0,
92859201000,0.000,0,188.000,10,187.000,41,182.000,1,84.000,3,39.000,20,201.000,21,202.000,20,203.000,10,364.000,1,400.000,1,0,0,
92859316000,0.000,0,188.000,10,187.000,20,182.000,1,84.000,3,39.000,20,202.000,20,203.000,10,364.000,1,400.000,1,450.000,1,0,0,
92859316000,0.000,0,189.000,21,188.000,10,187.000,20,182.000,1,84.000,3,201.000,21,202.000,20,203.000,10,364.000,1,400.000,1,0,0,
92903855000,0.000,0,189.000,21,188.000,10,187.000,20,182.000,1,84.000,3,201.000,21,202.000,20,364.000,1,400.000,1,450.000,1,0,0,
92903975000,0.000,0,189.000,21,188.000,10,187.000,20,182.000,1,84.000,3,201.000,21,202.000,20,205.000,10,364.000,1,400.000,1,0,0,
92903991000,0.000,0,188.000,10,187.000,20,182.000,1,84.000,3,39.000,20,202.000,20,205.000,10,364.000,1,400.000,1,450.000,1,0,0,
92903991000,0.000,0,189.000,21,188.000,10,187.000,20,182.000,1,84.000,3,202.000,41,205.000,10,364.000,1,400.000,1,450.000,1,0,0,
92905074000,0.000,0,188.000,10,187.000,20,182.000,1,84.000,3,39.000,20,202.000,20,205.000,10,364.000,1,400.000,1,450.000,1,0,0,
92905074000,0.000,0,189.000,21,188.000,10,187.000,20,182.000,1,84.000,3,202.000,20,203.000,21,205.000,10,364.000,1,400.000,1,0,0,
92905217000,0.000,0,189.000,21,188.000,10,182.000,1,84.000,3,39.000,20,203.000,21,205.000,10,364.000,1,400.000,1,450.000,1,0,0,
92905273000,0.000,0,189.000,21,188.000,30,182.000,1,84.000,3,39.000,20,203.000,41,205.000,10,364.000,1,400.000,1,450.000,1,0,0,
92907234000,0.000,0,189.000,21,188.000,30,182.000,1,84.000,3,39.000,20,203.000,41,364.000,1,400.000,1,450.000,1,775.000,1,0,0,
92907357000,0.000,0,189.000,21,188.000,30,182.000,1,84.000,3,39.000,20,203.000,41,207.000,10,364.000,1,400.000,1,450.000,1,0,0,
92907523000,0.000,0,189.000,21,188.000,36,182.000,1,84.000,3,39.000,20,203.000,41,207.000,10,364.000,1,400.000,1,450.000,1,0,0,
92908060000,0.000,0,189.000,21,188.000,30,182.000,1,84.000,3,39.000,20,203.000,41,207.000,10,364.000,1,400.000,1,450.000,1,0,0,
92908289000,0.000,0,188.000,30,182.000,1,84.000,3,39.000,20,38.500,1,203.000,20,207.000,10,364.000,1,400.000,1,450.000,1,0,0,
92908289000,0.000,0,189.000,21,188.000,30,182.000,1,84.000,3,39.000,20,203.000,20,204.000,21,207.000,10,364.000,1,400.000,1,0,0,
92908290000,0.000,0,189.000,21,188.000,36,182.000,1,84.000,3,39.000,20,203.000,20,204.000,21,207.000,10,364.000,1,400.000,1,0,0,
92908292000,0.000,0,189.000,21,188.000,16,182.000,1,84.000,3,39.000,20,204.000,21,207.000,10,364.000,1,400.000,1,450.000,1,0,0,
92908503000,0.000,0,189.000,41,188.000,16,182.000,1,84.000,3,39.000,20,204.000,41,207.000,10,364.000,1,400.000,1,450.000,1,0,0,
92913102000,0.000,0,189.000,41,188.000,10,182.000,1,84.000,3,39.000,20,204.000,41,207.000,10,364.000,1,400.000,1,450.000,1,0,0,
92913112000,0.000,0,189.000,47,188.000,10,182.000,1,84.000,3,39.000,20,204.000,41,207.000,10,364.000,1,400.000,1,450.000,1,0,0,
92917087000,0.000,0,189.000,41,188.000,10,182.000,1,84.000,3,39.000,20,204.000,41,207.000,10,364.000,1,400.000,1,450.000,1,0,0,
92917202000,0.000,0,189.000,41,188.000,16,182.000,1,84.000,3,39.000,20,204.000,41,207.000,10,364.000,1,400.000,1,450.000,1,0,0,
92917773000,0.000,0,189.000,41,188.000,10,182.000,1,84.000,3,39.000,20,204.000,41,207.000,10,364.000,1,400.000,1,450.000,1,0,0,
92918117000,0.000,0,189.000,41,188.000,16,182.000,1,84.000,3,39.000,20,204.000,41,207.000,10,364.000,1,400.000,1,450.000,1,0,0,
92930880000,0.000,0,189.000,41,188.000,10,182.000,1,84.000,3,39.000,20,204.000,41,207.000,10,364.000,1,400.000,1,450.000,1,0,0,
92931749000,0.000,0,189.000,41,188.000,16,182.000,1,84.000,3,39.000,20,204.000,41,207.000,10,364.000,1,400.000,1,450.000,1,0,0,
92935985000,0.000,0,189.000,41,188.000,10,182.000,1,84.000,3,39.000,20,204.000,41,207.000,10,364.000,1,400.000,1,450.000,1,0,0,
92935992000,0.000,0,189.000,47,188.000,10,182.000,1,84.000,3,39.000,20,204.000,41,207.000,10,364.000,1,400.000,1,450.000,1,0,0,
92936096000,0.000,0,189.000,26,188.000,10,182.000,1,84.000,3,39.000,20,204.000,20,207.000,10,364.000,1,400.000,1,450.000,1,0,0,
92936096000,0.000,0,190.000,21,189.000,26,188.000,10,182.000,1,84.000,3,204.000,20,205.000,21,207.000,10,364.000,1,400.000,1,0,0,
92936119000,0.000,0,190.000,21,189.000,6,188.000,10,182.000,1,84.000,3,205.000,21,207.000,10,364.000,1,400.000,1,450.000,1,0,0,
92936260000,0.000,0,190.000,41,189.000,6,188.000,10,182.000,1,84.000,3,205.000,41,207.000,10,364.000,1,400.000,1,450.000,1,0,0,
92937244000,0.000,0,190.000,41,189.000,6,182.000,1,84.000,3,39.000,20,205.000,41,207.000,10,364.000,1,400.000,1,450.000,1,0,0,
92937244000,0.000,0,191.000,10,190.000,41,189.000,6,182.000,1,84.000,3,205.000,41,207.000,10,364.000,1,400.000,1,450.000,1,0,0,
92937257000,0.000,0,191.000,10,190.000,20,189.000,6,182.000,1,84.000,3,205.000,20,207.000,10,364.000,1,400.000,1,450.000,1,0,0,
92937257000,0.000,0,192.000,21,191.000,10,190.000,20,189.000,6,182.000,1,205.000,41,207.000,10,364.000,1,400.000,1,450.000,1,0,0,
92939313000,0.000,0,192.000,21,191.000,10,190.000,20,189.000,6,182.000,1,205.000,41,364.000,1,400.000,1,450.000,1,775.000,1,0,0,
92939333000,0.000,0,191.000,10,190.000,20,189.000,6,182.000,1,84.000,3,205.000,20,364.000,1,400.000,1,450.000,1,775.000,1,0,0,
92939333000,0.000,0,192.000,21,191.000,10,190.000,20,189.000,6,182.000,1,205.000,20,206.000,21,364.000,1,400.000,1,450.000,1,0,0,
92939338000,0.000,0,192.000,21,191.000,10,189.000,6,182.000,1,84.000,3,206.000,21,364.000,1,400.000,1,450.000,1,775.000,1,0,0,
92939435000,0.000,0,192.000,21,191.000,10,189.000,6,182.000,1,84.000,3,206.000,21,209.000,10,364.000,1,400.000,1,450.000,1,0,0,
92939503000,0.000,0,192.000,21,191.000,30,189.000,6,182.000,1,84.000,3,206.000,41,209.000,10,364.000,1,400.000,1,450.000,1,0,0,
92946187000,0.000,0,192.000,21,191.000,30,182.000,1,84.000,3,39.000,20,206.000,41,209.000,10,364.000,1,400.000,1,450.000,1,0,0,
92946193000,0.000,0,192.000,21,191.000,30,182.000,1,84.000,3,39.000,20,206.000,41,364.000,1,400.000,1,450.000,1,775.000,1,0,0,
92946196000,0.000,0,192.000,21,191.000,30,182.000,1,84.000,3,39.000,20,206.000,41,207.000,10,364.000,1,400.000,1,450.000,1,0,0,
92946336000,0.000,0,192.000,21,191.000,30,182.000,1,84.000,3,39.000,20,206.000,41,207.000,16,364.000,1,400.000,1,450.000,1,0,0,
92948386000,0.000,0,192.000,21,191.000,30,182.000,1,84.000,3,39.000,20,206.000,41,207.000,10,364.000,1,400.000,1,450.000,1,0,0,
92954857000,0.000,0,192.000,21,191.000,30,182.000,1,84.000,3,39.000,20,206.000,41,207.000,16,364.000,1,400.000,1,450.000,1,0,0,
92955241000,0.000,0,192.000,21,191.000,30,182.000,1,84.000,3,39.000,20,206.000,41,207.000,10,364.000,1,400.000,1,450.000,1,0,0,
92955252000,0.000,0,192.000,21,191.000,30,182.000,1,84.000,3,39.000,20,206.000,47,207.000,10,364.000,1,400.000,1,450.000,1,0,0,
92958263000,0.000,0,192.000,21,191.000,30,182.000,1,84.000,3,39.000,20,206.000,41,207.000,10,364.000,1,400.000,1,450.000,1,0,0,
92958273000,0.000,0,192.000,21,191.000,30,182.000,1,84.000,3,39.000,20,205.000,6,206.000,41,207.000,10,364.000,1,400.000,1,0,0,
92958354000,0.000,0,191.000,30,182.000,1,84.000,3,39.000,20,38.500,1,205.000,6,206.000,20,207.000,10,364.000,1,400.000,1,0,0,
92958354000,0.000,0,192.000,21,191.000,30,182.000,1,84.000,3,39.000,20,204.000,21,205.000,6,206.000,20,207.000,10,364.000,1,0,0,
92958360000,0.000,0,192.000,21,191.000,10,182.000,1,84.000,3,39.000,20,204.000,21,205.000,6,207.000,10,364.000,1,400.000,1,0,0,
92958504000,0.000,0,192.000,21,191.000,10,189.000,20,182.000,1,84.000,3,204.000,41,205.000,6,207.000,10,364.000,1,400.000,1,0,0,
92959138000,0.000,0,192.000,21,189.000,20,182.000,1,84.000,3,39.000,20,204.000,41,205.000,6,207.000,10,364.000,1,400.000,1,0,0,
92959261000,0.000,0,192.000,21,189.000,20,182.000,1,84.000,3,39.000,20,204.000,41,207.000,10,364.000,1,400.000,1,450.000,1,0,0,
92959272000,0.000,0,192.000,21,189.000,20,182.000,1,84.000,3,39.000,20,204.000,47,207.000,10,364.000,1,400.000,1,450.000,1,0,0,
92959442000,0.000,0,189.000,20,182.000,1,84.000,3,39.000,20,38.500,1,204.000,26,207.000,10,364.000,1,400.000,1,450.000,1,0,0,
92959442000,0.000,0,190.000,21,189.000,20,182.000,1,84.000,3,39.000,20,204.000,47,207.000,10,364.000,1,400.000,1,450.000,1,0,0,
92959584000,0.000,0,190.000,21,189.000,20,188.000,10,182.000,1,84.000,3,204.000,47,207.000,10,364.000,1,400.000,1,450.000,1,0,0,
93000806000,0.000,0,190.000,21,189.000,20,188.000,10,182.000,1,84.000,3,204.000,41,207.000,10,364.000,1,400.000,1,450.000,1,0,0,
93000827000,0.000,0,190.000,21,189.000,20,188.000,10,182.000,1,84.000,3,203.000,6,204.000,41,207.000,10,364.000,1,400.000,1,0,0,
93001729000,0.000,0,189.000,20,188.000,10,182.000,1,84.000,3,39.000,20,203.000,6,204.000,20,207.000,10,364.000,1,400.000,1,0,0,
93001729000,0.000,0,190.000,21,189.000,20,188.000,10,182.000,1,84.000,3,202.000,21,203.000,6,204.000,20,207.000,10,364.000,1,0,0,
93001779000,0.000,0,190.000,21,189.000,20,188.000,10,182.000,1,84.000,3,202.000,21,204.000,20,207.000,10,364.000,1,400.000,1,0,0,
93001789000,0.000,0,190.000,21,189.000,20,188.000,10,182.000,1,84.000,3,202.000,27,204.000,20,207.000,10,364.000,1,400.000,1,0,0,
93001814000,0.000,0,190.000,21,188.000,10,182.000,1,84.000,3,39.000,20,202.000,27,207.000,10,364.000,1,400.000,1,450.000,1,0,0,
93002004000,0.000,0,190.000,21,188.000,10,187.000,20,182.000,1,84.000,3,202.000,47,207.000,10,364.000,1,400.000,1,450.000,1,0,0,
93002728000,0.000,0,190.000,21,188.000,10,187.000,20,182.000,1,84.000,3,202.000,41,207.000,10,364.000,1,400.000,1,450.000,1,0,0,
93002738000,0.000,0,190.000,21,188.000,10,187.000,20,182.000,1,84.000,3,202.000,41,203.000,6,207.000,10,364.000,1,400.000,1,0,0,
93002744000,0.000,0,188.000,10,187.000,20,182.000,1,84.000,3,39.000,20,202.000,20,203.000,6,207.000,10,364.000,1,400.000,1,0,0,
93002744000,0.000,0,189.000,21,188.000,10,187.000,20,182.000,1,84.000,3,202.000,41,203.000,6,207.000,10,364.000,1,400.000,1,0,0,
93003155000,0.000,0,189.000,21,188.000,10,187.000,20,182.000,1,84.000,3,202.000,41,207.000,10,364.000,1,400.000,1,450.000,1,0,0,
93003163000,0.000,0,189.000,21,188.000,10,187.000,20,182.000,1,84.000,3,202.000,47,207.000,10,364.000,1,400.000,1,450.000,1,0,0,
93005592000,0.000,0,189.000,21,187.000,20,182.000,1,84.000,3,39.000,20,202.000,47,207.000,10,364.000,1,400.000,1,450.000,1,0,0,
93005665000,0.000,0,189.000,21,187.000,20,182.000,1,84.000,3,39.000,20,202.000,41,207.000,10,364.000,1,400.000,1,450.000,1,0,0,
93005676000,0.000,0,189.000,21,187.000,20,182.000,1,84.000,3,39.000,20,201.000,6,202.000,41,207.000,10,364.000,1,400.000,1,0,0,
93006124000,0.000,0,189.000,21,187.000,20,186.000,10,182.000,1,84.000,3,201.000,6,202.000,41,207.000,10,364.000,1,400.000,1,0,0,
93006783000,0.000,0,187.000,20,186.000,10,182.000,1,84.000,3,39.000,20,201.000,6,202.000,20,207.000,10,364.000,1,400.000,1,0,0,
93006783000,0.000,0,188.000,21,187.000,20,186.000,10,182.000,1,84.000,3,200.000,21,201.000,6,202.000,20,207.000,10,364.000,1,0,0,
93006961000,0.000,0,188.000,21,186.000,10,182.000,1,84.000,3,39.000,20,200.000,21,201.000,6,207.000,10,364.000,1,400.000,1,0,0,
93006992000,0.000,0,188.000,21,186.000,10,182.000,1,84.000,3,39.000,20,200.000,21,201.000,6,364.000,1,400.000,1,450.000,1,0,0,
93006993000,0.000,0,188.000,21,186.000,10,182.000,1,84.000,3,39.000,20,200.000,21,201.000,6,202.000,10,364.000,1,400.000,1,0,0,
93007004000,0.000,0,188.000,21,186.000,10,185.000,20,182.000,1,84.000,3,200.000,41,201.000,6,202.000,10,364.000,1,400.000,1,0,0,
93007598000,0.000,0,188.000,21,186.000,10,185.000,20,182.000,1,84.000,3,200.000,41,202.000,10,364.000,1,400.000,1,450.000,1,0,0,
93007783000,0.000,0,186.000,10,185.000,20,182.000,1,84.000,3,39.000,20,200.000,20,202.000,10,364.000,1,400.000,1,450.000,1,0,0,
93007783000,0.000,0,187.000,21,186.000,10,185.000,20,182.000,1,84.000,3,200.000,41,202.000,10,364.000,1,400.000,1,450.000,1,0,0,
93010866000,0.000,0,187.000,21,186.000,10,185.000,20,182.000,1,84.000,3,200.000,41,201.000,6,202.000,10,364.000,1,400.000,1,0,0,
93014155000,0.000,0,187.000,21,186.000,10,185.000,20,182.000,1,84.000,3,200.000,41,202.000,10,364.000,1,400.000,1,450.000,1,0,0,
93014276000,0.000,0,187.000,21,186.000,10,185.000,20,182.000,1,84.000,3,200.000,47,202.000,10,364.000,1,400.000,1,450.000,1,0,0,
93014352000,0.000,0,187.000,21,185.000,20,182.000,1,84.000,3,39.000,20,200.000,47,202.000,10,364.000,1,400.000,1,450.000,1,0,0,
93014371000,0.000,0,187.000,21,185.000,20,182.000,1,84.000,3,39.000,20,200.000,41,202.000,10,364.000,1,400.000,1,450.000,1,0,0,
93014382000,0.000,0,187.000,21,185.000,20,182.000,1,84.000,3,39.000,20,199.000,6,200.000,41,202.000,10,364.000,1,400.000,1,0,0,
93014603000,0.000,0,187.000,21,185.000,20,182.000,1,84.000,3,39.000,20,200.000,41,202.000,10,364.000,1,400.000,1,450.000,1,0,0,
93014667000,0.000,0,185.000,20,182.000,1,84.000,3,39.000,20,38.500,1,200.000,20,202.000,10,364.000,1,400.000,1,450.000,1,0,0,
93014675000,0.000,0,182.000,1,84.000,3,39.000,20,38.500,1,22.500,20,202.000,10,364.000,1,400.000,1,450.000,1,775.000,1,0,0,
93015733000,0.000,0,182.000,1,84.000,3,39.000,20,38.500,1,22.500,20,202.000,16,364.000,1,400.000,1,450.000,1,775.000,1,0,0,
93015841000,0.000,0,182.000,1,84.000,3,39.000,20,38.500,1,22.500,20,202.000,10,364.000,1,400.000,1,450.000,1,775.000,1,0,0,
93015853000,0.000,0,182.000,1,84.000,3,39.000,20,38.500,1,22.500,20,201.000,6,202.000,10,364.000,1,400.000,1,450.000,1,0,0,
93016347000,0.000,0,182.000,1,179.000,10,84.000,3,39.000,20,38.500,1,201.000,6,202.000,10,364.000,1,400.000,1,450.000,1,0,0,
93019181000,0.000,0,182.000,22,179.000,10,84.000,3,39.000,20,38.500,1,197.000,21,201.000,6,202.000,10,364.000,1,400.000,1,0,0,
93019288000,0.000,0,182.000,22,179.000,10,84.000,3,39.000,20,38.500,1,197.000,21,202.000,10,364.000,1,400.000,1,450.000,1,0,0,
93019299000,0.000,0,182.000,22,179.000,10,84.000,3,39.000,20,38.500,1,196.000,6,197.000,21,202.000,10,364.000,1,400.000,1,0,0,
93020279000,0.000,0,182.000,1,179.000,10,84.000,3,39.000,20,38.500,1,196.000,6,202.000,10,364.000,1,400.000,1,450.000,1,0,0,
93020279000,0.000,0,182.000,22,179.000,10,84.000,3,39.000,20,38.500,1,195.000,21,196.000,6,202.000,10,364.000,1,400.000,1,0,0,
93020330000,0.000,0,182.000,22,179.000,10,84.000,3,39.000,20,38.500,1,195.000,21,202.000,10,364.000,1,400.000,1,450.000,1,0,0,
93020341000,0.000,0,182.000,22,179.000,10,84.000,3,39.000,20,38.500,1,194.000,6,195.000,21,202.000,10,364.000,1,400.000,1,0,0,
93021381000,0.000,0,182.000,1,179.000,10,84.000,3,39.000,20,38.500,1,194.000,6,202.000,10,364.000,1,400.000,1,450.000,1,0,0,
93021381000,0.000,0,182.000,22,179.000,10,84.000,3,39.000,20,38.500,1,193.000,21,194.000,6,202.000,10,364.000,1,400.000,1,0,0,
93021516000,0.000,0,182.000,22,179.000,10,84.000,3,39.000,20,38.500,1,193.000,21,202.000,10,364.000,1,400.000,1,450.000,1,0,0,
93021526000,0.000,0,182.000,22,179.000,10,84.000,3,39.000,20,38.500,1,193.000,27,202.000,10,364.000,1,400.000,1,450.000,1,0,0,
93022193000,0.000,0,182.000,22,179.000,10,84.000,3,39.000,20,38.500,1,193.000,21,202.000,10,364.000,1,400.000,1,450.000,1,0,0,
93022203000,0.000,0,182.000,22,179.000,10,84.000,3,39.000,20,38.500,1,193.000,21,194.000,6,202.000,10,364.000,1,400.000,1,0,0,
93023583000,0.000,0,182.000,1,179.000,10,84.000,3,39.000,20,38.500,1,194.000,6,202.000,10,364.000,1,400.000,1,450.000,1,0,0,
93023583000,0.000,0,182.000,1,181.000,21,179.000,10,84.000,3,39.000,20,193.000,21,194.000,6,202.000,10,364.000,1,400.000,1,0,0,
93024923000,0.000,0,182.000,1,181.000,21,179.000,10,84.000,3,39.000,20,193.000,21,202.000,10,364.000,1,400.000,1,450.000,1,0,0,
93024934000,0.000,0,182.000,1,181.000,21,179.000,10,84.000,3,39.000,20,193.000,27,202.000,10,364.000,1,400.000,1,450.000,1,0,0,
93025150000,0.000,0,182.000,1,181.000,21,84.000,3,39.000,20,38.500,1,193.000,27,202.000,10,364.000,1,400.000,1,450.000,1,0,0,
93025151000,0.000,0,182.000,1,181.000,21,177.000,10,84.000,3,39.000,20,193.000,27,202.000,10,364.000,1,400.000,1,450.000,1,0,0,
93025784000,0.000,0,182.000,1,177.000,10,84.000,3,39.000,20,38.500,1,193.000,6,202.000,10,364.000,1,400.000,1,450.000,1,0,0,
93025784000,0.000,0,182.000,1,180.000,21,177.000,10,84.000,3,39.000,20,193.000,27,202.000,10,364.000,1,400.000,1,450.000,1,0,0,
93026421000,0.000,0,182.000,1,177.000,10,84.000,3,39.000,20,38.500,1,193.000,6,202.000,10,364.000,1,400.000,1,450.000,1,0,0,
93026421000,0.000,0,182.000,1,181.000,21,177.000,10,84.000,3,39.000,20,193.000,27,202.000,10,364.000,1,400.000,1,450.000,1,0,0,
93027076000,0.000,0,182.000,1,177.000,10,84.000,3,39.000,20,38.500,1,193.000,6,202.000,10,364.000,1,400.000,1,450.000,1,0,0,
93027076000,0.000,0,182.000,1,180.000,21,177.000,10,84.000,3,39.000,20,193.000,27,202.000,10,364.000,1,400.000,1,450.000,1,0,0,
93028687000,0.000,0,182.000,1,177.000,10,84.000,3,39.000,20,38.500,1,193.000,6,202.000,10,364.000,1,400.000,1,450.000,1,0,0,
93028687000,0.000,0,182.000,1,181.000,21,177.000,10,84.000,3,39.000,20,193.000,27,202.000,10,364.000,1,400.000,1,450.000,1,0,0,
93032967000,0.000,0,182.000,1,181.000,21,177.000,10,84.000,3,39.000,20,193.000,21,202.000,10,364.000,1,400.000,1,450.000,1,0,0,
93032978000,0.000,0,182.000,1,181.000,21,177.000,10,84.000,3,39.000,20,193.000,21,194.000,6,202.000,10,364.000,1,400.000,1,0,0,
93033356000,0.000,0,182.000,1,177.000,10,84.000,3,39.000,20,38.500,1,194.000,6,202.000,10,364.000,1,400.000,1,450.000,1,0,0,
93033356000,0.000,0,182.000,22,177.000,10,84.000,3,39.000,20,38.500,1,193.000,21,194.000,6,202.000,10,364.000,1,400.000,1,0,0,
93034154000,0.000,0,182.000,22,177.000,10,84.000,3,39.000,20,38.500,1,193.000,21,194.000,6,364.000,1,400.000,1,450.000,1,0,0,
93034154000,0.000,0,182.000,22,177.000,10,84.000,3,39.000,20,38.500,1,193.000,21,194.000,16,364.000,1,400.000,1,450.000,1,0,0,
93034263000,0.000,0,182.000,22,177.000,10,84.000,3,39.000,20,38.500,1,193.000,21,194.000,10,364.000,1,400.000,1,450.000,1,0,0,
93034460000,0.000,0,182.000,22,84.000,3,39.000,20,38.500,1,22.500,20,193.000,21,194.000,10,364.000,1,400.000,1,450.000,1,0,0,
93034462000,0.000,0,182.000,22,179.000,10,84.000,3,39.000,20,38.500,1,193.000,21,194.000,10,364.000,1,400.000,1,450.000,1,0,0,
93034797000,0.000,0,182.000,1,179.000,10,84.000,3,39.000,20,38.500,1,194.000,10,364.000,1,400.000,1,450.000,1,775.000,1,0,0,
93034797000,0.000,0,183.000,21,182.000,1,179.000,10,84.000,3,39.000,20,193.000,21,194.000,10,364.000,1,400.000,1,450.000,1,0,0,
93038570000,0.000,0,183.000,21,182.000,1,84.000,3,39.000,20,38.500,1,193.000,21,194.000,10,364.000,1,400.000,1,450.000,1,0,0,
93038570000,0.000,0,183.000,21,182.000,1,84.000,3,39.000,20,38.500,1,193.000,21,364.000,1,400.000,1,450.000,1,775.000,1,0,0,
93038571000,0.000,0,183.000,21,182.000,1,181.000,10,84.000,3,39.000,20,193.000,21,364.000,1,400.000,1,450.000,1,775.000,1,0,0,
93038682000,0.000,0,182.000,1,181.000,10,84.000,3,39.000,20,38.500,1,364.000,1,400.000,1,450.000,1,775.000,1,0,0,0,0,
93038682000,0.000,0,183.000,21,182.000,1,181.000,10,84.000,3,39.000,20,198.000,21,364.000,1,400.000,1,450.000,1,775.000,1,0,0,
93038703000,0.000,0,183.000,21,182.000,1,181.000,10,84.000,3,39.000,20,197.000,6,198.000,21,364.000,1,400.000,1,450.000,1,0,0,
93039960000,0.000,0,182.000,1,181.000,10,84.000,3,39.000,20,38.500,1,197.000,6,364.000,1,400.000,1,450.000,1,775.000,1,0,0,
93039960000,0.000,0,183.000,21,182.000,1,181.000,10,84.000,3,39.000,20,196.000,21,197.000,6,364.000,1,400.000,1,450.000,1,0,0,
93040692000,0.000,0,183.000,21,182.000,1,181.000,10,84.000,3,39.000,20,196.000,21,197.000,16,364.000,1,400.000,1,450.000,1,0,0,
93041317000,0.000,0,183.000,21,182.000,1,181.000,10,84.000,3,39.000,20,196.000,21,197.000,10,364.000,1,400.000,1,450.000,1,0,0,
93042752000,0.000,0,183.000,21,182.000,1,181.000,10,84.000,3,39.000,20,196.000,21,197.000,16,364.000,1,400.000,1,450.000,1,0,0,
93047069000,0.000,0,183.000,21,182.000,1,181.000,10,84.000,3,39.000,20,196.000,21,197.000,10,364.000,1,400.000,1,450.000,1,0,0,
93047078000,0.000,0,183.000,21,182.000,1,181.000,10,84.000,3,39.000,20,196.000,27,197.000,10,364.000,1,400.000,1,450.000,1,0,0,
93049010000,0.000,0,183.000,21,182.000,1,181.000,10,170.000,20,84.000,3,196.000,27,197.000,10,364.000,1,400.000,1,450.000,1,0,0,
93049010000,0.000,0,183.000,21,182.000,1,181.000,10,170.000,20,84.000,3,196.000,27,197.000,10,200.000,20,364.000,1,400.000,1,0,0,
93049013000,0.000,0,183.000,21,182.000,1,170.000,20,84.000,3,39.000,20,196.000,27,197.000,10,200.000,20,364.000,1,400.000,1,0,0,
93049013000,0.000,0,183.000,21,182.000,1,179.000,10,170.000,20,84.000,3,196.000,27,197.000,10,200.000,20,364.000,1,400.000,1,0,0,
93049716000,0.000,0,183.000,21,182.000,1,179.000,10,170.000,20,84.000,3,196.000,21,197.000,10,200.000,20,364.000,1,400.000,1,0,0,
93049838000,0.000,0,183.000,21,182.000,1,179.000,10,170.000,20,84.000,3,196.000,21,197.000,16,200.000,20,364.000,1,400.000,1,0,0,
93050016000,0.000,0,183.000,21,182.000,1,179.000,10,170.000,20,84.000,3,196.000,21,197.000,16,364.000,1,400.000,1,450.000,1,0,0,
93050016000,0.000,0,183.000,21,182.000,1,179.000,10,84.000,3,39.000,20,196.000,21,197.000,16,364.000,1,400.000,1,450.000,1,0,0,
93050324000,0.000,0,182.000,1,179.000,10,84.000,3,39.000,20,38.500,1,197.000,16,364.000,1,400.000,1,450.000,1,775.000,1,0,0,
93050324000,0.000,0,182.000,22,179.000,10,84.000,3,39.000,20,38.500,1,196.000,21,197.000,16,364.000,1,400.000,1,450.000,1,0,0,
93051485000,0.000,0,182.000,22,179.000,10,84.000,3,39.000,20,38.500,1,196.000,21,197.000,10,364.000,1,400.000,1,450.000,1,0,0,
93052320000,0.000,0,182.000,1,179.000,10,84.000,3,39.000,20,38.500,1,197.000,10,364.000,1,400.000,1,450.000,1,775.000,1,0,0,
93052320000,0.000,0,183.000,21,182.000,1,179.000,10,84.000,3,39.000,20,196.000,21,197.000,10,364.000,1,400.000,1,450.000,1,0,0,
93052483000,0.000,0,183.000,21,182.000,1,179.000,10,84.000,3,39.000,20,196.000,21,197.000,16,364.000,1,400.000,1,450.000,1,0,0,
93053223000,0.000,0,182.000,1,179.000,10,84.000,3,39.000,20,38.500,1,197.000,16,364.000,1,400.000,1,450.000,1,775.000,1,0,0,
93053223000,0.000,0,182.000,22,179.000,10,84.000,3,39.000,20,38.500,1,196.000,21,197.000,16,364.000,1,400.000,1,450.000,1,0,0,
93055711000,0.000,0,182.000,1,179.000,10,84.000,3,39.000,20,38.500,1,197.000,16,364.000,1,400.000,1,450.000,1,775.000,1,0,0,
93055711000,0.000,0,183.000,21,182.000,1,179.000,10,84.000,3,39.000,20,196.000,21,197.000,16,364.000,1,400.000,1,450.000,1,0,0,
93055954000,0.000,0,182.000,1,179.000,10,84.000,3,39.000,20,38.500,1,197.000,16,364.000,1,400.000,1,450.000,1,775.000,1,0,0,
93055954000,0.000,0,182.000,22,179.000,10,84.000,3,39.000,20,38.500,1,196.000,21,197.000,16,364.000,1,400.000,1,450.000,1,0,0,
93057573000,0.000,0,182.000,1,179.000,10,84.000,3,39.000,20,38.500,1,197.000,16,364.000,1,400.000,1,450.000,1,775.000,1,0,0,
93057573000,0.000,0,182.000,1,181.000,21,179.000,10,84.000,3,39.000,20,196.000,21,197.000,16,364.000,1,400.000,1,450.000,1,0,0,
93059705000,0.000,0,182.000,1,179.000,10,84.000,3,39.000,20,38.500,1,197.000,16,364.000,1,400.000,1,450.000,1,775.000,1,0,0,
93059705000,0.000,0,182.000,22,179.000,10,84.000,3,39.000,20,38.500,1,196.000,21,197.000,16,364.000,1,400.000,1,450.000,1,0,0,
93101198000,0.000,0,182.000,1,179.000,10,84.000,3,39.000,20,38.500,1,197.000,16,364.000,1,400.000,1,450.000,1,775.000,1,0,0,
93101198000,0.000,0,182.000,1,181.000,21,179.000,10,84.000,3,39.000,20,196.000,21,197.000,16,364.000,1,400.000,1,450.000,1,0,0,
93102360000,0.000,0,182.000,1,181.000,21,179.000,10,84.000,3,39.000,20,196.000,21,197.000,10,364.000,1,400.000,1,450.000,1,0,0,
93102371000,0.000,0,182.000,1,181.000,21,179.000,10,84.000,3,39.000,20,196.000,27,197.000,10,364.000,1,400.000,1,450.000,1,0,0,
93102684000,0.000,0,182.000,1,181.000,21,84.000,3,39.000,20,38.500,1,196.000,27,197.000,10,364.000,1,400.000,1,450.000,1,0,0,
93102806000,0.000,0,182.000,1,181.000,21,176.000,10,84.000,3,39.000,20,196.000,27,197.000,10,364.000,1,400.000,1,450.000,1,0,0,
93103530000,0.000,0,182.000,1,181.000,21,176.000,10,84.000,3,39.000,20,196.000,21,197.000,10,364.000,1,400.000,1,450.000,1,0,0,
93103541000,0.000,0,182.000,1,181.000,21,176.000,10,84.000,3,39.000,20,195.000,6,196.000,21,197.000,10,364.000,1,400.000,1,0,0,
93104990000,0.000,0,182.000,1,176.000,10,84.000,3,39.000,20,38.500,1,195.000,6,197.000,10,364.000,1,400.000,1,450.000,1,0,0,
93104990000,0.000,0,182.000,1,178.000,21,176.000,10,84.000,3,39.000,20,193.000,21,195.000,6,197.000,10,364.000,1,400.000,1,0,0,
93105570000,0.000,0,182.000,1,176.000,10,84.000,3,39.000,20,38.500,1,195.000,6,197.000,10,364.000,1,400.000,1,450.000,1,0,0,
93105570000,0.000,0,182.000,1,179.000,21,176.000,10,84.000,3,39.000,20,193.000,21,195.000,6,197.000,10,364.000,1,400.000,1,0,0,
93105862000,0.000,0,182.000,1,179.000,21,176.000,10,84.000,3,39.000,20,193.000,21,197.000,10,364.000,1,400.000,1,450.000,1,0,0,
93106090000,0.000,0,182.000,1,176.000,10,84.000,3,39.000,20,38.500,1,197.000,10,364.000,1,400.000,1,450.000,1,775.000,1,0,0,
93106090000,0.000,0,182.000,1,180.000,21,176.000,10,84.000,3,39.000,20,193.000,21,197.000,10,364.000,1,400.000,1,450.000,1,0,0,
93108812000,0.000,0,182.000,1,180.000,21,176.000,10,84.000,3,39.000,20,193.000,21,194.000,6,197.000,10,364.000,1,400.000,1,0,0,
93109224000,0.000,0,182.000,1,176.000,10,84.000,3,39.000,20,38.500,1,194.000,6,197.000,10,364.000,1,400.000,1,450.000,1,0,0,
93109224000,0.000,0,182.000,1,179.000,21,176.000,10,84.000,3,39.000,20,193.000,21,194.000,6,197.000,10,364.000,1,400.000,1,0,0,
93110497000,0.000,0,182.000,1,176.000,10,84.000,3,39.000,20,38.500,1,194.000,6,197.000,10,364.000,1,400.000,1,450.000,1,0,0,
93110497000,0.000,0,182.000,1,178.000,21,176.000,10,84.000,3,39.000,20,193.000,21,194.000,6,197.000,10,364.000,1,400.000,1,0,0,
93111373000,0.000,0,182.000,1,176.000,10,84.000,3,39.000,20,38.500,1,194.000,6,197.000,10,364.000,1,400.000,1,450.000,1,0,0,
93111373000,0.000,0,182.000,1,179.000,21,176.000,10,84.000,3,39.000,20,193.000,21,194.000,6,197.000,10,364.000,1,400.000,1,0,0,
93112373000,0.000,0,182.000,1,176.000,10,84.000,3,39.000,20,38.500,1,194.000,6,197.000,10,364.000,1,400.000,1,450.000,1,0,0,
93112373000,0.000,0,182.000,1,178.000,21,176.000,10,84.000,3,39.000,20,193.000,21,194.000,6,197.000,10,364.000,1,400.000,1,0,0,
93112805000,0.000,0,182.000,1,176.000,10,84.000,3,39.000,20,38.500,1,194.000,6,197.000,10,364.000,1,400.000,1,450.000,1,0,0,
93112805000,0.000,0,182.000,1,179.000,21,176.000,10,84.000,3,39.000,20,193.000,21,194.000,6,197.000,10,364.000,1,400.000,1,0,0,
93115979000,0.000,0,182.000,1,179.000,21,176.000,10,84.000,3,39.000,20,193.000,21,197.000,10,364.000,1,400.000,1,450.000,1,0,0,
93115989000,0.000,0,182.000,1,179.000,21,176.000,10,84.000,3,39.000,20,193.000,27,197.000,10,364.000,1,400.000,1,450.000,1,0,0,
93116032000,0.000,0,182.000,1,176.000,10,84.000,3,39.000,20,38.500,1,193.000,6,197.000,10,364.000,1,400.000,1,450.000,1,0,0,
93116032000,0.000,0,182.000,1,178.000,21,176.000,10,84.000,3,39.000,20,193.000,27,197.000,10,364.000,1,400.000,1,450.000,1,0,0,
93117148000,0.000,0,182.000,1,178.000,21,176.000,10,84.000,3,39.000,20,193.000,21,197.000,10,364.000,1,400.000,1,450.000,1,0,0,
93117158000,0.000,0,182.000,1,178.000,21,176.000,10,84.000,3,39.000,20,193.000,21,194.000,6,197.000,10,364.000,1,400.000,1,0,0,
93117375000,0.000,0,182.000,1,176.000,10,84.000,3,39.000,20,38.500,1,194.000,6,197.000,10,364.000,1,400.000,1,450.000,1,0,0,
93117375000,0.000,0,182.000,1,179.000,21,176.000,10,84.000,3,39.000,20,193.000,21,194.000,6,197.000,10,364.000,1,400.000,1,0,0,
93120472000,0.000,0,182.000,1,179.000,21,176.000,10,84.000,3,39.000,20,193.000,21,197.000,10,364.000,1,400.000,1,450.000,1,0,0,
93120483000,0.000,0,182.000,1,179.000,21,176.000,10,84.000,3,39.000,20,193.000,27,197.000,10,364.000,1,400.000,1,450.000,1,0,0,
93120985000,0.000,0,182.000,1,179.000,21,84.000,3,39.000,20,38.500,1,193.000,27,197.000,10,364.000,1,400.000,1,450.000,1,0,0,
93120986000,0.000,0,182.000,1,179.000,21,84.000,3,39.000,20,38.500,1,193.000,21,197.000,10,364.000,1,400.000,1,450.000,1,0,0,
93120991000,0.000,0,182.000,1,179.000,21,84.000,3,39.000,20,38.500,1,192.000,6,193.000,21,197.000,10,364.000,1,400.000,1,0,0,
93121123000,0.000,0,182.000,1,84.000,3,39.000,20,38.500,1,22.500,20,192.000,6,197.000,10,364.000,1,400.000,1,450.000,1,0,0,
93121135000,182.000,1,182.000,1,84.000,3,39.000,20,38.500,1,22.500,20,192.000,6,197.000,10,364.000,1,400.000,1,450.000,1,1,1,93121135000
93121135000,182.000,1,84.000,3,39.000,20,38.500,1,22.500,20,22.000,40,192.000,6,197.000,10,364.000,1,400.000,1,450.000,1,0,1,
93121139000,182.000,1,84.000,3,39.000,20,38.500,1,22.500,20,22.000,40,197.000,10,364.000,1,400.000,1,450.000,1,775.000,1,0,1,
93121144000,182.000,1,84.000,3,39.000,20,38.500,1,22.500,20,22.000,40,192.000,6,197.000,10,364.000,1,400.000,1,450.000,1,0,1,
93121145000,182.000,1,84.000,3,39.000,20,38.500,1,22.500,20,22.000,40,197.000,10,364.000,1,400.000,1,450.000,1,775.000,1,0,1,
93121267000,182.000,1,84.000,9,39.000,20,38.500,1,22.500,20,22.000,40,197.000,10,364.000,1,400.000,1,450.000,1,775.000,1,0,1,
93121267000,182.000,1,84.000,9,39.000,20,38.500,1,22.500,20,22.000,40,196.000,6,197.000,10,364.000,1,400.000,1,450.000,1,0,1,
93123338000,182.000,1,177.000,21,84.000,9,39.000,20,38.500,1,22.500,20,192.000,21,196.000,6,197.000,10,364.000,1,400.000,1,0,1,
93123405000,182.000,1,177.000,21,84.000,3,39.000,20,38.500,1,22.500,20,192.000,21,196.000,6,197.000,10,364.000,1,400.000,1,0,1,
93123405000,182.000,1,177.000,21,84.000,3,39.000,20,38.500,1,22.500,20,192.000,21,197.000,10,364.000,1,400.000,1,450.000,1,0,1,
93123815000,182.000,1,177.000,21,175.000,10,84.000,3,39.000,20,38.500,1,192.000,21,197.000,10,364.000,1,400.000,1,450.000,1,0,1,
93123885000,182.000,1,177.000,21,175.000,10,84.000,3,39.000,20,38.500,1,192.000,21,193.000,6,197.000,10,364.000,1,400.000,1,0,1,
93124135000,182.000,1,177.000,21,175.000,10,84.000,3,39.000,20,38.500,1,192.000,21,197.000,10,364.000,1,400.000,1,450.000,1,0,1,
93124886000,182.000,1,177.000,21,175.000,10,84.000,3,39.000,20,38.500,1,192.000,21,193.000,6,197.000,10,364.000,1,400.000,1,0,1,
93125879000,182.000,1,175.000,10,84.000,3,39.000,20,38.500,1,22.500,20,193.000,6,197.000,10,364.000,1,400.000,1,450.000,1,0,1,
93125879000,182.000,1,176.000,21,175.000,10,84.000,3,39.000,20,38.500,1,191.000,21,193.000,6,197.000,10,364.000,1,400.000,1,0,1,
93126355000,182.000,1,176.000,21,175.000,10,84.000,3,39.000,20,38.500,1,191.000,21,197.000,10,364.000,1,400.000,1,450.000,1,0,1,
93126365000,182.000,1,176.000,21,175.000,10,84.000,3,39.000,20,38.500,1,191.000,21,192.000,6,197.000,10,364.000,1,400.000,1,0,1,
93127297000,182.000,1,176.000,21,175.000,10,84.000,3,39.000,20,38.500,1,191.000,21,197.000,10,364.000,1,400.000,1,450.000,1,0,1,
93128216000,182.000,1,176.000,21,175.000,10,84.000,3,39.000,20,38.500,1,191.000,21,192.000,6,197.000,10,364.000,1,400.000,1,0,1,
93131802000,182.000,1,176.000,21,175.000,10,84.000,3,39.000,20,38.500,1,191.000,21,197.000,10,364.000,1,400.000,1,450.000,1,0,1,
93138429000,182.000,1,176.000,21,175.000,10,84.000,3,39.000,20,38.500,1,191.000,21,192.000,6,197.000,10,364.000,1,400.000,1,0,1,
93141315000,182.000,1,176.000,21,175.000,10,84.000,3,39.000,20,38.500,1,191.000,21,197.000,10,364.000,1,400.000,1,450.000,1,0,1,
93141586000,182.000,1,176.000,21,175.000,10,84.000,3,39.000,20,38.500,1,191.000,21,192.000,6,197.000,10,364.000,1,400.000,1,0,1,
93143012000,182.000,1,176.000,21,175.000,10,84.000,3,39.000,20,38.500,1,191.000,21,197.000,10,364.000,1,400.000,1,450.000,1,0,1,
93144569000,182.000,1,176.000,21,175.000,10,84.000,3,39.000,20,38.500,1,191.000,21,192.000,6,197.000,10,364.000,1,400.000,1,0,1,
93145710000,182.000,1,176.000,21,175.000,10,84.000,3,39.000,20,38.500,1,191.000,21,197.000,10,364.000,1,400.000,1,450.000,1,0,1,
93150988000,182.000,1,176.000,21,175.000,10,84.000,3,39.000,20,38.500,1,191.000,21,364.000,1,400.000,1,450.000,1,775.000,1,0,1,
93150989000,182.000,1,176.000,21,175.000,10,84.000,3,39.000,20,38.500,1,190.000,10,191.000,21,364.000,1,400.000,1,450.000,1,0,1,
93151390000,182.000,1,175.000,10,84.000,3,39.000,20,38.500,1,22.500,20,190.000,10,364.000,1,400.000,1,450.000,1,775.000,1,0,1,
93151390000,182.000,1,176.000,21,175.000,10,84.000,3,39.000,20,38.500,1,189.000,21,190.000,10,364.000,1,400.000,1,450.000,1,0,1,
93159544000,182.000,1,176.000,21,84.000,3,39.000,20,38.500,1,22.500,20,189.000,21,190.000,10,364.000,1,400.000,1,450.000,1,0,1,
93159666000,182.000,1,176.000,21,173.000,10,84.000,3,39.000,20,38.500,1,189.000,21,190.000,10,364.000,1,400.000,1,450.000,1,0,1,
93159738000,182.000,1,173.000,10,84.000,3,39.000,20,38.500,1,22.500,20,190.000,10,364.000,1,400.000,1,450.000,1,775.000,1,0,1,
93159738000,182.000,1,174.000,21,173.000,10,84.000,3,39.000,20,38.500,1,189.000,21,190.000,10,364.000,1,400.000,1,450.000,1,0,1,
93159888000,182.000,1,174.000,21,173.000,16,84.000,3,39.000,20,38.500,1,189.000,21,190.000,10,364.000,1,400.000,1,450.000,1,0,1,
93200560000,182.000,1,174.000,21,173.000,10,84.000,3,39.000,20,38.500,1,189.000,21,190.000,10,364.000,1,400.000,1,450.000,1,0,1,
93200913000,182.000,1,174.000,21,173.000,16,84.000,3,39.000,20,38.500,1,189.000,21,190.000,10,364.000,1,400.000,1,450.000,1,0,1,
93201552000,182.000,1,174.000,21,173.000,10,84.000,3,39.000,20,38.500,1,189.000,21,190.000,10,364.000,1,400.000,1,450.000,1,0,1,
93202868000,182.000,1,174.000,21,173.000,16,84.000,3,39.000,20,38.500,1,189.000,21,190.000,10,364.000,1,400.000,1,450.000,1,0,1,
93203352000,182.000,1,174.000,21,173.000,10,84.000,3,39.000,20,38.500,1,189.000,21,190.000,10,364.000,1,400.000,1,450.000,1,0,1,
93203363000,182.000,1,174.000,27,173.000,10,84.000,3,39.000,20,38.500,1,189.000,21,190.000,10,364.000,1,400.000,1,450.000,1,0,1,
93205226000,182.000,1,174.000,21,173.000,10,84.000,3,39.000,20,38.500,1,189.000,21,190.000,10,364.000,1,400.000,1,450.000,1,0,1,
93205233000,182.000,1,175.000,6,174.000,21,173.000,10,84.000,3,39.000,20,189.000,21,190.000,10,364.000,1,400.000,1,450.000,1,0,1,
93205326000,182.000,1,175.000,6,173.000,10,84.000,3,39.000,20,38.500,1,190.000,10,364.000,1,400.000,1,450.000,1,775.000,1,0,1,
93205326000,182.000,1,176.000,21,175.000,6,173.000,10,84.000,3,39.000,20,189.000,21,190.000,10,364.000,1,400.000,1,450.000,1,0,1,
93206125000,182.000,1,176.000,21,173.000,10,84.000,3,39.000,20,38.500,1,189.000,21,190.000,10,364.000,1,400.000,1,450.000,1,0,1,
93206135000,182.000,1,176.000,27,173.000,10,84.000,3,39.000,20,38.500,1,189.000,21,190.000,10,364.000,1,400.000,1,450.000,1,0,1,
93206637000,182.000,1,176.000,27,84.000,3,39.000,20,38.500,1,22.500,20,189.000,21,190.000,10,364.000,1,400.000,1,450.000,1,0,1,
93206638000,182.000,1,176.000,27,175.000,10,84.000,3,39.000,20,38.500,1,189.000,21,190.000,10,364.000,1,400.000,1,450.000,1,0,1,
93210247000,182.000,1,176.000,21,175.000,10,84.000,3,39.000,20,38.500,1,189.000,21,190.000,10,364.000,1,400.000,1,450.000,1,0,1,
93210257000,182.000,1,176.000,21,175.000,16,84.000,3,39.000,20,38.500,1,189.000,21,190.000,10,364.000,1,400.000,1,450.000,1,0,1,
93217707000,182.000,1,176.000,21,175.000,10,84.000,3,39.000,20,38.500,1,189.000,21,190.000,10,364.000,1,400.000,1,450.000,1,0,1,
93218895000,182.000,1,176.000,21,84.000,3,39.000,20,38.500,1,22.500,20,189.000,21,190.000,10,364.000,1,400.000,1,450.000,1,0,1,
93218949000,182.000,1,84.000,3,39.000,20,38.500,1,22.500,20,22.000,40,190.000,10,364.000,1,400.000,1,450.000,1,775.000,1,0,1,
93218949000,182.000,1,173.000,21,84.000,3,39.000,20,38.500,1,22.500,20,188.000,21,190.000,10,364.000,1,400.000,1,450.000,1,0,1,
93219044000,182.000,1,173.000,21,172.000,6,84.000,3,39.000,20,38.500,1,188.000,21,190.000,10,364.000,1,400.000,1,450.000,1,0,1,
93221752000,182.000,1,173.000,21,172.000,16,84.000,3,39.000,20,38.500,1,188.000,21,190.000,10,364.000,1,400.000,1,450.000,1,0,1,
93221781000,182.000,1,173.000,21,172.000,10,84.000,3,39.000,20,38.500,1,188.000,21,190.000,10,364.000,1,400.000,1,450.000,1,0,1,
93223222000,182.000,1,173.000,21,172.000,16,84.000,3,39.000,20,38.500,1,188.000,21,190.000,10,364.000,1,400.000,1,450.000,1,0,1,
93223819000,182.000,1,173.000,21,172.000,10,84.000,3,39.000,20,38.500,1,188.000,21,190.000,10,364.000,1,400.000,1,450.000,1,0,1,
93224195000,182.000,1,173.000,21,172.000,16,84.000,3,39.000,20,38.500,1,188.000,21,190.000,10,364.000,1,400.000,1,450.000,1,0,1,
93229374000,182.000,1,173.000,21,172.000,10,84.000,3,39.000,20,38.500,1,188.000,21,190.000,10,364.000,1,400.000,1,450.000,1,0,1,
93229382000,182.000,1,173.000,27,172.000,10,84.000,3,39.000,20,38.500,1,188.000,21,190.000,10,364.000,1,400.000,1,450.000,1,0,1,
93229406000,182.000,1,173.000,6,172.000,10,84.000,3,39.000,20,38.500,1,190.000,10,364.000,1,400.000,1,450.000,1,775.000,1,0,1,
93229406000,182.000,1,174.000,21,173.000,6,172.000,10,84.000,3,39.000,20,189.000,21,190.000,10,364.000,1,400.000,1,450.000,1,0,1,
93229954000,182.000,1,174.000,21,172.000,10,84.000,3,39.000,20,38.500,1,189.000,21,190.000,10,364.000,1,400.000,1,450.000,1,0,1,
93233483000,182.000,1,174.000,21,172.000,10,84.000,3,39.000,20,38.500,1,189.000,21,190.000,16,364.000,1,400.000,1,450.000,1,0,1,
93233849000,182.000,1,172.000,10,84.000,3,39.000,20,38.500,1,22.500,20,190.000,16,364.000,1,400.000,1,450.000,1,775.000,1,0,1,
93233849000,182.000,1,173.000,21,172.000,10,84.000,3,39.000,20,38.500,1,188.000,21,190.000,16,364.000,1,400.000,1,450.000,1,0,1,
93234355000,182.000,1,173.000,21,172.000,10,84.000,3,39.000,20,38.500,1,188.000,21,190.000,10,364.000,1,400.000,1,450.000,1,0,1,
93238311000,182.000,1,173.000,21,172.000,10,84.000,3,39.000,20,38.500,1,183.000,1,188.000,21,190.000,10,364.000,1,400.000,1,0,1,
93238410000,182.000,1,172.000,10,84.000,3,39.000,20,38.500,1,22.500,20,183.000,1,190.000,10,364.000,1,400.000,1,450.000,1,0,1,
93238410000,182.000,1,173.000,21,172.000,10,84.000,3,39.000,20,38.500,1,183.000,1,184.000,21,190.000,10,364.000,1,400.000,1,0,1,
93238747000,182.000,1,173.000,21,172.000,10,84.000,3,39.000,20,38.500,1,183.000,1,184.000,21,364.000,1,400.000,1,450.000,1,0,1,
93238747000,182.000,1,173.000,21,172.000,10,84.000,3,39.000,20,38.500,1,183.000,1,184.000,21,187.000,10,364.000,1,400.000,1,0,1,
93240759000,182.000,1,172.000,10,84.000,3,39.000,20,38.500,1,22.500,20,183.000,1,187.000,10,364.000,1,400.000,1,450.000,1,0,1,
93240759000,182.000,1,173.000,21,172.000,10,84.000,3,39.000,20,38.500,1,183.000,22,187.000,10,364.000,1,400.000,1,450.000,1,0,1,
93241150000,182.000,1,172.000,10,84.000,3,39.000,20,38.500,1,22.500,20,183.000,1,187.000,10,364.000,1,400.000,1,450.000,1,0,1,
93241150000,182.000,1,173.000,21,172.000,10,84.000,3,39.000,20,38.500,1,183.000,1,184.000,21,187.000,10,364.000,1,400.000,1,0,1,
93241284000,182.000,1,173.000,21,172.000,16,84.000,3,39.000,20,38.500,1,183.000,1,184.000,21,187.000,10,364.000,1,400.000,1,0,1,
93242628000,182.000,1,173.000,21,172.000,10,84.000,3,39.000,20,38.500,1,183.000,1,184.000,21,187.000,10,364.000,1,400.000,1,0,1,
93243016000,182.000,1,173.000,21,172.000,16,84.000,3,39.000,20,38.500,1,183.000,1,184.000,21,187.000,10,364.000,1,400.000,1,0,1,
93243412000,182.000,1,172.000,16,84.000,3,39.000,20,38.500,1,22.500,20,183.000,1,187.000,10,364.000,1,400.000,1,450.000,1,0,1,
93243412000,182.000,1,173.000,21,172.000,16,84.000,3,39.000,20,38.500,1,183.000,1,185.000,21,187.000,10,364.000,1,400.000,1,0,1,
93244190000,182.000,1,173.000,21,172.000,10,84.000,3,39.000,20,38.500,1,183.000,1,185.000,21,187.000,10,364.000,1,400.000,1,0,1,
93244412000,182.000,1,172.000,10,84.000,3,39.000,20,38.500,1,22.500,20,183.000,1,187.000,10,364.000,1,400.000,1,450.000,1,0,1,
93244412000,182.000,1,173.000,21,172.000,10,84.000,3,39.000,20,38.500,1,183.000,1,184.000,21,187.000,10,364.000,1,400.000,1,0,1,
93247531000,182.000,1,173.000,21,172.000,16,84.000,3,39.000,20,38.500,1,183.000,1,184.000,21,187.000,10,364.000,1,400.000,1,0,1,
93248135000,182.000,1,173.000,21,172.000,10,84.000,3,39.000,20,38.500,1,183.000,1,184.000,21,187.000,10,364.000,1,400.000,1,0,1,
93249080000,182.000,1,173.000,21,172.000,16,84.000,3,39.000,20,38.500,1,183.000,1,184.000,21,187.000,10,364.000,1,400.000,1,0,1,
93249415000,182.000,1,172.000,16,84.000,3,39.000,20,38.500,1,22.500,20,183.000,1,187.000,10,364.000,1,400.000,1,450.000,1,0,1,
93249415000,182.000,1,173.000,21,172.000,16,84.000,3,39.000,20,38.500,1,183.000,1,185.000,21,187.000,10,364.000,1,400.000,1,0,1,
93249711000,182.000,1,173.000,21,172.000,16,84.000,3,39.000,20,38.500,1,183.000,1,185.000,21,364.000,1,400.000,1,450.000,1,0,1,
93249834000,182.000,1,173.000,21,172.000,16,84.000,3,39.000,20,38.500,1,183.000,1,185.000,21,189.000,10,364.000,1,400.000,1,0,1,
93249966000,182.000,1,173.000,21,172.000,10,84.000,3,39.000,20,38.500,1,183.000,1,185.000,21,189.000,10,364.000,1,400.000,1,0,1,
93249976000,182.000,1,173.000,27,172.000,10,84.000,3,39.000,20,38.500,1,183.000,1,185.000,21,189.000,10,364.000,1,400.000,1,0,1,
93250188000,182.000,1,173.000,6,172.000,10,84.000,3,39.000,20,38.500,1,183.000,1,189.000,10,364.000,1,400.000,1,450.000,1,0,1,
93250188000,182.000,1,173.000,27,172.000,10,84.000,3,39.000,20,38.500,1,183.000,1,186.000,21,189.000,10,364.000,1,400.000,1,0,1,
93250199000,182.000,1,173.000,21,172.000,10,84.000,3,39.000,20,38.500,1,183.000,1,186.000,21,189.000,10,364.000,1,400.000,1,0,1,
93250209000,182.000,1,173.000,21,172.000,16,84.000,3,39.000,20,38.500,1,183.000,1,186.000,21,189.000,10,364.000,1,400.000,1,0,1,
93251041000,182.000,1,173.000,21,172.000,10,84.000,3,39.000,20,38.500,1,183.000,1,186.000,21,189.000,10,364.000,1,400.000,1,0,1,
93251049000,182.000,1,173.000,27,172.000,10,84.000,3,39.000,20,38.500,1,183.000,1,186.000,21,189.000,10,364.000,1,400.000,1,0,1,
93253773000,182.000,1,173.000,21,172.000,10,84.000,3,39.000,20,38.500,1,183.000,1,186.000,21,189.000,10,364.000,1,400.000,1,0,1,
93253784000,182.000,1,174.000,6,173.000,21,172.000,10,84.000,3,39.000,20,183.000,1,186.000,21,189.000,10,364.000,1,400.000,1,0,1,
93254002000,182.000,1,174.000,6,172.000,10,84.000,3,39.000,20,38.500,1,183.000,1,189.000,10,364.000,1,400.000,1,450.000,1,0,1,
93254002000,182.000,1,175.000,21,174.000,6,172.000,10,84.000,3,39.000,20,183.000,1,187.000,21,189.000,10,364.000,1,400.000,1,0,1,
93257775000,182.000,1,175.000,21,172.000,10,84.000,3,39.000,20,38.500,1,183.000,1,187.000,21,189.000,10,364.000,1,400.000,1,0,1,
93258418000,182.000,1,172.000,10,84.000,3,39.000,20,38.500,1,22.500,20,183.000,1,189.000,10,364.000,1,400.000,1,450.000,1,0,1,
93258418000,182.000,1,173.000,21,172.000,10,84.000,3,39.000,20,38.500,1,183.000,1,186.000,21,189.000,10,364.000,1,400.000,1,0,1,
93258438000,182.000,1,173.000,27,172.000,10,84.000,3,39.000,20,38.500,1,183.000,1,186.000,21,189.000,10,364.000,1,400.000,1,0,1,
93259335000,182.000,1,173.000,21,172.000,10,84.000,3,39.000,20,38.500,1,183.000,1,186.000,21,189.000,10,364.000,1,400.000,1,0,1,
93259345000,182.000,1,173.000,21,172.000,16,84.000,3,39.000,20,38.500,1,183.000,1,186.000,21,189.000,10,364.000,1,400.000,1,0,1,
93259682000,182.000,1,172.000,16,84.000,3,39.000,20,38.500,1,22.500,20,183.000,1,189.000,10,364.000,1,400.000,1,450.000,1,0,1,
93259682000,182.000,1,173.000,21,172.000,16,84.000,3,39.000,20,38.500,1,183.000,1,185.000,21,189.000,10,364.000,1,400.000,1,0,1,
93300362000,182.000,1,173.000,21,172.000,10,84.000,3,39.000,20,38.500,1,183.000,1,185.000,21,189.000,10,364.000,1,400.000,1,0,1,
93300417000,182.000,1,173.000,21,172.000,10,84.000,3,39.000,20,38.500,1,183.000,1,185.000,21,364.000,1,400.000,1,450.000,1,0,1,
93300433000,182.000,1,173.000,21,172.000,10,84.000,3,39.000,20,38.500,1,183.000,1,185.000,21,187.000,10,364.000,1,400.000,1,0,1,
93301094000,182.000,1,172.000,10,84.000,3,39.000,20,38.500,1,22.500,20,183.000,1,187.000,10,364.000,1,400.000,1,450.000,1,0,1,
93301094000,182.000,1,173.000,21,172.000,10,84.000,3,39.000,20,38.500,1,183.000,1,184.000,21,187.000,10,364.000,1,400.000,1,0,1,
93301364000,182.000,1,173.000,21,172.000,16,84.000,3,39.000,20,38.500,1,183.000,1,184.000,21,187.000,10,364.000,1,400.000,1,0,1,
93301725000,182.000,1,173.000,21,172.000,10,84.000,3,39.000,20,38.500,1,183.000,1,184.000,21,187.000,10,364.000,1,400.000,1,0,1,
93302168000,182.000,1,172.000,10,84.000,3,39.000,20,38.500,1,22.500,20,183.000,1,187.000,10,364.000,1,400.000,1,450.000,1,0,1,
93302168000,182.000,1,173.000,21,172.000,10,84.000,3,39.000,20,38.500,1,183.000,22,187.000,10,364.000,1,400.000,1,450.000,1,0,1,
93302290000,182.000,1,172.000,10,84.000,3,39.000,20,38.500,1,22.500,20,183.000,1,187.000,10,364.000,1,400.000,1,450.000,1,0,1,
93302290000,182.000,1,173.000,21,172.000,10,84.000,3,39.000,20,38.500,1,183.000,1,184.000,21,187.000,10,364.000,1,400.000,1,0,1,
93303670000,182.000,1,173.000,21,172.000,16,84.000,3,39.000,20,38.500,1,183.000,1,184.000,21,187.000,10,364.000,1,400.000,1,0,1,
93304777000,182.000,1,172.000,16,84.000,3,39.000,20,38.500,1,22.500,20,183.000,1,187.000,10,364.000,1,400.000,1,450.000,1,0,1,
93304777000,182.000,1,173.000,21,172.000,16,84.000,3,39.000,20,38.500,1,183.000,1,185.000,21,187.000,10,364.000,1,400.000,1,0,1,
93306997000,182.000,1,173.000,21,172.000,16,84.000,3,39.000,20,38.500,1,183.000,1,185.000,21,364.000,1,400.000,1,450.000,1,0,1,
93307119000,182.000,1,173.000,21,172.000,16,84.000,3,39.000,20,38.500,1,183.000,1,185.000,21,189.000,10,364.000,1,400.000,1,0,1,
93307422000,182.000,1,172.000,16,84.000,3,39.000,20,38.500,1,22.500,20,183.000,1,189.000,10,364.000,1,400.000,1,450.000,1,0,1,
93307422000,182.000,1,173.000,21,172.000,16,84.000,3,39.000,20,38.500,1,183.000,1,186.000,21,189.000,10,364.000,1,400.000,1,0,1,
93307704000,182.000,1,173.000,21,172.000,10,84.000,3,39.000,20,38.500,1,183.000,1,186.000,21,189.000,10,364.000,1,400.000,1,0,1,
93307711000,182.000,1,173.000,27,172.000,10,84.000,3,39.000,20,38.500,1,183.000,1,186.000,21,189.000,10,364.000,1,400.000,1,0,1,
93308208000,182.000,1,173.000,6,172.000,10,84.000,3,39.000,20,38.500,1,183.000,1,189.000,10,364.000,1,400.000,1,450.000,1,0,1,
93308208000,182.000,1,173.000,27,172.000,10,84.000,3,39.000,20,38.500,1,183.000,1,185.000,21,189.000,10,364.000,1,400.000,1,0,1,
93308454000,182.000,1,173.000,6,172.000,10,84.000,3,39.000,20,38.500,1,183.000,1,189.000,10,364.000,1,400.000,1,450.000,1,0,1,
93308454000,182.000,1,173.000,27,172.000,10,84.000,3,39.000,20,38.500,1,183.000,1,186.000,21,189.000,10,364.000,1,400.000,1,0,1,
93308590000,182.000,1,173.000,21,172.000,10,84.000,3,39.000,20,38.500,1,183.000,1,186.000,21,189.000,10,364.000,1,400.000,1,0,1,
93308600000,182.000,1,173.000,21,172.000,16,84.000,3,39.000,20,38.500,1,183.000,1,186.000,21,189.000,10,364.000,1,400.000,1,0,1,
93308799000,182.000,1,172.000,16,84.000,3,39.000,20,38.500,1,22.500,20,183.000,1,189.000,10,364.000,1,400.000,1,450.000,1,0,1,
93308799000,182.000,1,173.000,21,172.000,16,84.000,3,39.000,20,38.500,1,183.000,1,185.000,21,189.000,10,364.000,1,400.000,1,0,1,
93309555000,182.000,1,172.000,16,84.000,3,39.000,20,38.500,1,22.500,20,183.000,1,189.000,10,364.000,1,400.000,1,450.000,1,0,1,
93309555000,182.000,1,173.000,21,172.000,16,84.000,3,39.000,20,38.500,1,183.000,1,184.000,21,189.000,10,364.000,1,400.000,1,0,1,
93309625000,182.000,1,173.000,21,172.000,10,84.000,3,39.000,20,38.500,1,183.000,1,184.000,21,189.000,10,364.000,1,400.000,1,0,1,
93310120000,182.000,1,173.000,21,172.000,10,84.000,3,39.000,20,38.500,1,183.000,1,184.000,21,364.000,1,400.000,1,450.000,1,0,1,
93310120000,182.000,1,173.000,21,172.000,10,84.000,3,39.000,20,38.500,1,183.000,1,184.000,21,187.000,10,364.000,1,400.000,1,0,1,
93310655000,182.000,1,172.000,10,84.000,3,39.000,20,38.500,1,22.500,20,183.000,1,187.000,10,364.000,1,400.000,1,450.000,1,0,1,
93310655000,182.000,1,173.000,21,172.000,10,84.000,3,39.000,20,38.500,1,183.000,22,187.000,10,364.000,1,400.000,1,450.000,1,0,1,
93312788000,182.000,1,172.000,10,84.000,3,39.000,20,38.500,1,22.500,20,183.000,1,187.000,10,364.000,1,400.000,1,450.000,1,0,1,
93312788000,182.000,1,173.000,21,172.000,10,84.000,3,39.000,20,38.500,1,183.000,1,184.000,21,187.000,10,364.000,1,400.000,1,0,1,
93315787000,182.000,1,172.000,10,84.000,3,39.000,20,38.500,1,22.500,20,183.000,1,187.000,10,364.000,1,400.000,1,450.000,1,0,1,
93315787000,182.000,1,173.000,21,172.000,10,84.000,3,39.000,20,38.500,1,183.000,22,187.000,10,364.000,1,400.000,1,450.000,1,0,1,
93319791000,182.000,1,172.000,10,84.000,3,39.000,20,38.500,1,22.500,20,183.000,1,187.000,10,364.000,1,400.000,1,450.000,1,0,1,
93319791000,182.000,1,173.000,21,172.000,10,84.000,3,39.000,20,38.500,1,183.000,1,184.000,21,187.000,10,364.000,1,400.000,1,0,1,
93320791000,182.000,1,172.000,10,84.000,3,39.000,20,38.500,1,22.500,20,183.000,1,187.000,10,364.000,1,400.000,1,450.000,1,0,1,
93320791000,182.000,1,173.000,21,172.000,10,84.000,3,39.000,20,38.500,1,183.000,22,187.000,10,364.000,1,400.000,1,450.000,1,0,1,
93324788000,182.000,1,172.000,10,84.000,3,39.000,20,38.500,1,22.500,20,183.000,1,187.000,10,364.000,1,400.000,1,450.000,1,0,1,
93324788000,182.000,1,173.000,21,172.000,10,84.000,3,39.000,20,38.500,1,183.000,1,184.000,21,187.000,10,364.000,1,400.000,1,0,1,
93325789000,182.000,1,172.000,10,84.000,3,39.000,20,38.500,1,22.500,20,183.000,1,187.000,10,364.000,1,400.000,1,450.000,1,0,1,
93325789000,182.000,1,173.000,21,172.000,10,84.000,3,39.000,20,38.500,1,183.000,1,185.000,21,187.000,10,364.000,1,400.000,1,0,1,
93326615000,182.000,1,173.000,21,172.000,10,84.000,3,39.000,20,38.500,1,182.000,3,183.000,1,185.000,21,187.000,10,364.000,1,0,1,
93327431000,182.000,1,172.000,10,84.000,3,39.000,20,38.500,1,22.500,20,182.000,3,183.000,1,187.000,10,364.000,1,400.000,1,0,1,
93327431000,182.000,1,173.000,21,172.000,10,84.000,3,39.000,20,38.500,1,182.000,3,183.000,1,184.000,21,187.000,10,364.000,1,0,1,
93328074000,182.000,1,172.000,10,84.000,3,39.000,20,38.500,1,22.500,20,182.000,3,183.000,1,187.000,10,364.000,1,400.000,1,0,1,
93328074000,182.000,1,173.000,21,172.000,10,84.000,3,39.000,20,38.500,1,182.000,3,183.000,1,185.000,21,187.000,10,364.000,1,0,1,
93328078000,182.000,1,172.000,10,84.000,3,39.000,20,38.500,1,22.500,20,182.000,3,183.000,1,187.000,10,364.000,1,400.000,1,0,1,
93328078000,182.000,1,173.000,21,172.000,10,84.000,3,39.000,20,38.500,1,182.000,3,183.000,1,184.000,21,187.000,10,364.000,1,0,1,
93330904000,182.000,1,172.000,10,84.000,3,39.000,20,38.500,1,22.500,20,182.000,3,183.000,1,187.000,10,364.000,1,400.000,1,0,1,
93330904000,182.000,1,173.000,21,172.000,10,84.000,3,39.000,20,38.500,1,182.000,3,183.000,22,187.000,10,364.000,1,400.000,1,0,1,
93333782000,182.000,1,172.000,10,84.000,3,39.000,20,38.500,1,22.500,20,182.000,3,183.000,1,187.000,10,364.000,1,400.000,1,0,1,
93333782000,182.000,1,173.000,21,172.000,10,84.000,3,39.000,20,38.500,1,182.000,3,183.000,1,184.000,21,187.000,10,364.000,1,0,1,
93336929000,182.000,1,172.000,10,84.000,3,39.000,20,38.500,1,22.500,20,182.000,3,183.000,1,187.000,10,364.000,1,400.000,1,0,1,
93336929000,182.000,1,173.000,21,172.000,10,84.000,3,39.000,20,38.500,1,182.000,3,183.000,22,187.000,10,364.000,1,400.000,1,0,1,
93340498000,182.000,1,172.000,10,84.000,3,39.000,20,38.500,1,22.500,20,182.000,3,183.000,1,187.000,10,364.000,1,400.000,1,0,1,
93340498000,182.000,1,173.000,21,172.000,10,84.000,3,39.000,20,38.500,1,182.000,3,183.000,1,184.000,21,187.000,10,364.000,1,0,1,
93340502000,182.000,1,173.000,21,172.000,16,84.000,3,39.000,20,38.500,1,182.000,3,183.000,1,184.000,21,187.000,10,364.000,1,0,1,
93340638000,182.000,1,173.000,21,172.000,10,84.000,3,39.000,20,38.500,1,182.000,3,183.000,1,184.000,21,187.000,10,364.000,1,0,1,
93340756000,182.000,1,173.000,21,172.000,16,84.000,3,39.000,20,38.500,1,182.000,3,183.000,1,184.000,21,187.000,10,364.000,1,0,1,
93341045000,182.000,1,173.000,21,172.000,16,84.000,3,39.000,20,38.500,1,182.000,3,183.000,1,184.000,21,364.000,1,400.000,1,0,1,
93341597000,182.000,1,172.000,16,84.000,3,39.000,20,38.500,1,22.500,20,182.000,3,183.000,1,364.000,1,400.000,1,450.000,1,0,1,
93341597000,182.000,1,173.000,21,172.000,16,84.000,3,39.000,20,38.500,1,182.000,3,183.000,1,185.000,21,364.000,1,400.000,1,0,1,
93341696000,182.000,1,173.000,21,172.000,16,84.000,3,39.000,20,38.500,1,182.000,3,183.000,1,185.000,21,189.000,10,364.000,1,0,1,
93342564000,182.000,1,173.000,21,172.000,10,84.000,3,39.000,20,38.500,1,182.000,3,183.000,1,185.000,21,189.000,10,364.000,1,0,1,
93342698000,182.000,1,172.000,10,84.000,3,39.000,20,38.500,1,22.500,20,182.000,3,183.000,1,189.000,10,364.000,1,400.000,1,0,1,
93342698000,182.000,1,173.000,21,172.000,10,84.000,3,39.000,20,38.500,1,182.000,3,183.000,1,184.000,21,189.000,10,364.000,1,0,1,
93346399000,182.000,1,173.000,21,172.000,16,84.000,3,39.000,20,38.500,1,182.000,3,183.000,1,184.000,21,189.000,10,364.000,1,0,1,
93346649000,182.000,1,173.000,21,172.000,10,84.000,3,39.000,20,38.500,1,182.000,3,183.000,1,184.000,21,189.000,10,364.000,1,0,1,
93347719000,182.000,1,173.000,21,172.000,10,84.000,3,39.000,20,38.500,1,182.000,3,183.000,1,184.000,21,364.000,1,400.000,1,0,1,
93347721000,182.000,1,173.000,21,172.000,10,84.000,3,39.000,20,38.500,1,182.000,3,183.000,1,184.000,21,187.000,10,364.000,1,0,1,
93347886000,182.000,1,172.000,10,84.000,3,39.000,20,38.500,1,22.500,20,182.000,3,183.000,1,187.000,10,364.000,1,400.000,1,0,1,
93347886000,182.000,1,173.000,21,172.000,10,84.000,3,39.000,20,38.500,1,182.000,3,183.000,22,187.000,10,364.000,1,400.000,1,0,1,
93348540000,182.000,1,172.000,10,84.000,3,39.000,20,38.500,1,22.500,20,182.000,3,183.000,1,187.000,10,364.000,1,400.000,1,0,1,
93348540000,182.000,1,173.000,21,172.000,10,84.000,3,39.000,20,38.500,1,182.000,3,183.000,1,184.000,21,187.000,10,364.000,1,0,1,
93348815000,182.000,1,172.000,10,84.000,3,39.000,20,38.500,1,22.500,20,182.000,3,183.000,1,187.000,10,364.000,1,400.000,1,0,1,
93348815000,182.000,1,173.000,21,172.000,10,84.000,3,39.000,20,38.500,1,182.000,3,183.000,22,187.000,10,364.000,1,400.000,1,0,1,
93349440000,182.000,1,172.000,10,84.000,3,39.000,20,38.500,1,22.500,20,182.000,3,183.000,1,187.000,10,364.000,1,400.000,1,0,1,
93349440000,182.000,1,173.000,21,172.000,10,84.000,3,39.000,20,38.500,1,182.000,3,183.000,1,184.000,21,187.000,10,364.000,1,0,1,
93350318000,182.000,1,173.000,21,172.000,16,84.000,3,39.000,20,38.500,1,182.000,3,183.000,1,184.000,21,187.000,10,364.000,1,0,1,
93351280000,182.000,1,172.000,16,84.000,3,39.000,20,38.500,1,22.500,20,182.000,3,183.000,1,187.000,10,364.000,1,400.000,1,0,1,
93351280000,182.000,1,173.000,21,172.000,16,84.000,3,39.000,20,38.500,1,182.000,3,183.000,1,185.000,21,187.000,10,364.000,1,0,1,
93354200000,182.000,1,173.000,21,172.000,10,84.000,3,39.000,20,38.500,1,182.000,3,183.000,1,185.000,21,187.000,10,364.000,1,0,1,
93354481000,182.000,1,173.000,21,172.000,16,84.000,3,39.000,20,38.500,1,182.000,3,183.000,1,185.000,21,187.000,10,364.000,1,0,1,
93357051000,182.000,1,173.000,21,172.000,10,84.000,3,39.000,20,38.500,1,182.000,3,183.000,1,185.000,21,187.000,10,364.000,1,0,1,
93357796000,182.000,1,172.000,10,84.000,3,39.000,20,38.500,1,22.500,20,182.000,3,183.000,1,187.000,10,364.000,1,400.000,1,0,1,
93357796000,182.000,1,173.000,21,172.000,10,84.000,3,39.000,20,38.500,1,182.000,3,183.000,1,184.000,21,187.000,10,364.000,1,0,1,
93359076000,182.000,1,172.000,10,84.000,3,39.000,20,38.500,1,22.500,20,182.000,3,183.000,1,187.000,10,364.000,1,400.000,1,0,1,
93359076000,182.000,1,173.000,21,172.000,10,84.000,3,39.000,20,38.500,1,182.000,3,183.000,1,185.000,21,187.000,10,364.000,1,0,1,
93359076000,182.000,1,173.000,21,172.000,16,84.000,3,39.000,20,38.500,1,182.000,3,183.000,1,185.000,21,187.000,10,364.000,1,0,1,
93400705000,182.000,1,173.000,21,172.000,10,84.000,3,39.000,20,38.500,1,182.000,3,183.000,1,185.000,21,187.000,10,364.000,1,0,1,
93400901000,182.000,1,172.000,10,84.000,3,39.000,20,38.500,1,22.500,20,182.000,3,183.000,1,187.000,10,364.000,1,400.000,1,0,1,
93400901000,182.000,1,173.000,21,172.000,10,84.000,3,39.000,20,38.500,1,182.000,3,183.000,1,184.000,21,187.000,10,364.000,1,0,1,
93402372000,182.000,1,172.000,10,84.000,3,39.000,20,38.500,1,22.500,20,182.000,3,183.000,1,187.000,10,364.000,1,400.000,1,0,1,
93402372000,182.000,1,173.000,21,172.000,10,84.000,3,39.000,20,38.500,1,182.000,3,183.000,1,185.000,21,187.000,10,364.000,1,0,1,
93402404000,182.000,1,173.000,21,172.000,16,84.000,3,39.000,20,38.500,1,182.000,3,183.000,1,185.000,21,187.000,10,364.000,1,0,1,
93403472000,182.000,1,172.000,16,84.000,3,39.000,20,38.500,1,22.500,20,182.000,3,183.000,1,187.000,10,364.000,1,400.000,1,0,1,
93403472000,182.000,1,173.000,21,172.000,16,84.000,3,39.000,20,38.500,1,182.000,3,183.000,1,184.000,21,187.000,10,364.000,1,0,1,
93405593000,182.000,1,173.000,21,172.000,10,84.000,3,39.000,20,38.500,1,182.000,3,183.000,1,184.000,21,187.000,10,364.000,1,0,1,
93406014000,182.000,1,173.000,21,172.000,16,84.000,3,39.000,20,38.500,1,182.000,3,183.000,1,184.000,21,187.000,10,364.000,1,0,1,
93407377000,182.000,1,173.000,21,172.000,10,84.000,3,39.000,20,38.500,1,182.000,3,183.000,1,184.000,21,187.000,10,364.000,1,0,1,
93409245000,182.000,1,173.000,21,172.000,16,84.000,3,39.000,20,38.500,1,182.000,3,183.000,1,184.000,21,187.000,10,364.000,1,0,1,
93410245000,182.000,1,173.000,21,172.000,10,84.000,3,39.000,20,38.500,1,182.000,3,183.000,1,184.000,21,187.000,10,364.000,1,0,1,
93410862000,182.000,1,173.000,21,172.000,16,84.000,3,39.000,20,38.500,1,182.000,3,183.000,1,184.000,21,187.000,10,364.000,1,0,1,
93411808000,182.000,1,172.000,16,84.000,3,39.000,20,38.500,1,22.500,20,182.000,3,183.000,1,187.000,10,364.000,1,400.000,1,0,1,
93411808000,182.000,1,173.000,21,172.000,16,84.000,3,39.000,20,38.500,1,182.000,3,183.000,1,185.000,21,187.000,10,364.000,1,0,1,
93412785000,182.000,1,173.000,21,172.000,10,84.000,3,39.000,20,38.500,1,182.000,3,183.000,1,185.000,21,187.000,10,364.000,1,0,1,
93412795000,182.000,1,173.000,27,172.000,10,84.000,3,39.000,20,38.500,1,182.000,3,183.000,1,185.000,21,187.000,10,364.000,1,0,1,
93412908000,182.000,1,173.000,6,172.000,10,84.000,3,39.000,20,38.500,1,182.000,3,183.000,1,187.000,10,364.000,1,400.000,1,0,1,
93412908000,182.000,1,173.000,27,172.000,10,84.000,3,39.000,20,38.500,1,182.000,3,183.000,1,186.000,21,187.000,10,364.000,1,0,1,
93413041000,182.000,1,173.000,27,172.000,10,84.000,3,39.000,20,38.500,1,182.000,3,183.000,1,186.000,21,364.000,1,400.000,1,0,1,
93413166000,182.000,1,173.000,27,172.000,10,84.000,3,39.000,20,38.500,1,182.000,3,183.000,1,186.000,21,189.000,10,364.000,1,0,1,
93415344000,182.000,1,173.000,21,172.000,10,84.000,3,39.000,20,38.500,1,182.000,3,183.000,1,186.000,21,189.000,10,364.000,1,0,1,
93415352000,182.000,1,173.000,21,172.000,16,84.000,3,39.000,20,38.500,1,182.000,3,183.000,1,186.000,21,189.000,10,364.000,1,0,1,
93415451000,182.000,1,172.000,16,84.000,3,39.000,20,38.500,1,22.500,20,182.000,3,183.000,1,189.000,10,364.000,1,400.000,1,0,1,
93415451000,182.000,1,173.000,21,172.000,16,84.000,3,39.000,20,38.500,1,182.000,3,183.000,1,185.000,21,189.000,10,364.000,1,0,1,
93418371000,182.000,1,173.000,21,172.000,10,84.000,3,39.000,20,38.500,1,182.000,3,183.000,1,185.000,21,189.000,10,364.000,1,0,1,
93418381000,182.000,1,173.000,27,172.000,10,84.000,3,39.000,20,38.500,1,182.000,3,183.000,1,185.000,21,189.000,10,364.000,1,0,1,
93418453000,182.000,1,173.000,6,172.000,10,84.000,3,39.000,20,38.500,1,182.000,3,183.000,1,189.000,10,364.000,1,400.000,1,0,1,
93418453000,182.000,1,173.000,27,172.000,10,84.000,3,39.000,20,38.500,1,182.000,3,183.000,1,186.000,21,189.000,10,364.000,1,0,1,
93420715000,182.000,1,173.000,27,172.000,10,84.000,3,39.000,20,38.500,1,182.000,3,183.000,1,186.000,21,189.000,10,364.000,1,1,2,93420715000
93420715000,182.000,1,173.000,27,172.000,10,84.000,3,39.000,20,38.500,1,182.000,2,183.000,1,186.000,21,189.000,10,364.000,1,0,2,
93423361000,182.000,1,173.000,21,172.000,10,84.000,3,39.000,20,38.500,1,182.000,2,183.000,1,186.000,21,189.000,10,364.000,1,0,2,
93423373000,182.000,1,174.000,6,173.000,21,172.000,10,84.000,3,39.000,20,182.000,2,183.000,1,186.000,21,189.000,10,364.000,1,0,2,
93424015000,182.000,2,174.000,6,173.000,21,172.000,10,84.000,3,39.000,20,182.000,2,183.000,1,186.000,21,189.000,10,364.000,1,1,4,93424015000
93424015000,182.000,2,174.000,6,173.000,21,172.000,10,84.000,3,39.000,20,183.000,1,186.000,21,189.000,10,364.000,1,400.000,1,0,4,
93424395000,182.000,2,174.000,6,172.000,10,84.000,3,39.000,20,38.500,1,183.000,1,189.000,10,364.000,1,400.000,1,450.000,1,0,4,
93424395000,182.000,2,175.000,21,174.000,6,172.000,10,84.000,3,39.000,20,183.000,1,187.000,21,189.000,10,364.000,1,400.000,1,0,4,
93428410000,182.000,2,175.000,21,174.000,6,172.000,10,84.000,3,39.000,20,183.000,1,187.000,21,364.000,1,400.000,1,450.000,1,0,4,
93428457000,182.000,2,174.000,6,172.000,10,84.000,3,39.000,20,38.500,1,183.000,1,364.000,1,400.000,1,450.000,1,775.000,1,0,4,
93428457000,182.000,2,175.000,21,174.000,6,172.000,10,84.000,3,39.000,20,183.000,1,188.000,21,364.000,1,400.000,1,450.000,1,0,4,
93428529000,182.000,2,175.000,21,174.000,6,172.000,10,84.000,3,39.000,20,183.000,1,188.000,21,191.000,10,364.000,1,400.000,1,0,4,
93428534000,182.000,2,175.000,21,172.000,10,84.000,3,39.000,20,38.500,1,183.000,1,188.000,21,191.000,10,364.000,1,400.000,1,0,4,
93428544000,182.000,2,175.000,27,172.000,10,84.000,3,39.000,20,38.500,1,183.000,1,188.000,21,191.000,10,364.000,1,400.000,1,0,4,
93429285000,182.000,2,175.000,6,172.000,10,84.000,3,39.000,20,38.500,1,183.000,1,191.000,10,364.000,1,400.000,1,450.000,1,0,4,
93429285000,182.000,2,175.000,27,172.000,10,84.000,3,39.000,20,38.500,1,183.000,1,187.000,21,191.000,10,364.000,1,400.000,1,0,4,
93430407000,182.000,2,175.000,21,172.000,10,84.000,3,39.000,20,38.500,1,183.000,1,187.000,21,191.000,10,364.000,1,400.000,1,0,4,
93430412000,182.000,2,175.000,21,174.000,6,172.000,10,84.000,3,39.000,20,183.000,1,187.000,21,191.000,10,364.000,1,400.000,1,0,4,
93430611000,182.000,2,174.000,6,172.000,10,84.000,3,39.000,20,38.500,1,183.000,1,191.000,10,364.000,1,400.000,1,450.000,1,0,4,
93430611000,182.000,2,175.000,21,174.000,6,172.000,10,84.000,3,39.000,20,183.000,1,186.000,21,191.000,10,364.000,1,400.000,1,0,4,
93430818000,182.000,2,175.000,21,174.000,6,84.000,3,39.000,20,38.500,1,183.000,1,186.000,21,191.000,10,364.000,1,400.000,1,0,4,
93430819000,182.000,2,175.000,21,174.000,16,84.000,3,39.000,20,38.500,1,183.000,1,186.000,21,191.000,10,364.000,1,400.000,1,0,4,
93431258000,182.000,2,175.000,21,174.000,10,84.000,3,39.000,20,38.500,1,183.000,1,186.000,21,191.000,10,364.000,1,400.000,1,0,4,
93432006000,182.000,2,175.000,21,174.000,10,84.000,3,39.000,20,38.500,1,183.000,1,186.000,21,364.000,1,400.000,1,450.000,1,0,4,
93432006000,182.000,2,175.000,21,174.000,10,84.000,3,39.000,20,38.500,1,183.000,1,186.000,21,189.000,10,364.000,1,400.000,1,0,4,
93432473000,182.000,2,175.000,21,174.000,16,84.000,3,39.000,20,38.500,1,183.000,1,186.000,21,189.000,10,364.000,1,400.000,1,0,4,
93433575000,182.000,2,174.000,16,84.000,3,39.000,20,38.500,1,22.500,20,183.000,1,189.000,10,364.000,1,400.000,1,450.000,1,0,4,
93433575000,182.000,2,175.000,21,174.000,16,84.000,3,39.000,20,38.500,1,183.000,1,187.000,21,189.000,10,364.000,1,400.000,1,0,4,
93438325000,182.000,2,174.000,16,84.000,3,39.000,20,38.500,1,22.500,20,183.000,1,189.000,10,364.000,1,400.000,1,450.000,1,0,4,
93438325000,182.000,2,175.000,21,174.000,16,84.000,3,39.000,20,38.500,1,183.000,1,186.000,21,189.000,10,364.000,1,400.000,1,0,4,
93439425000,182.000,2,174.000,16,84.000,3,39.000,20,38.500,1,22.500,20,183.000,1,189.000,10,364.000,1,400.000,1,450.000,1,0,4,
93439425000,182.000,2,175.000,21,174.000,16,84.000,3,39.000,20,38.500,1,183.000,1,187.000,21,189.000,10,364.000,1,400.000,1,0,4,
93440672000,182.000,2,175.000,21,174.000,16,84.000,3,39.000,20,38.500,1,183.000,1,187.000,21,364.000,1,400.000,1,450.000,1,0,4,
93440673000,182.000,2,174.000,16,84.000,3,39.000,20,38.500,1,22.500,20,183.000,1,364.000,1,400.000,1,450.000,1,775.000,1,0,4,
93440673000,182.000,2,175.000,21,174.000,16,84.000,3,39.000,20,38.500,1,183.000,1,188.000,21,364.000,1,400.000,1,450.000,1,0,4,
93440797000,182.000,2,175.000,21,174.000,16,84.000,3,39.000,20,38.500,1,183.000,1,188.000,21,191.000,10,364.000,1,400.000,1,0,4,
93441158000,182.000,2,175.000,21,174.000,10,84.000,3,39.000,20,38.500,1,183.000,1,188.000,21,191.000,10,364.000,1,400.000,1,0,4,
93441166000,182.000,2,175.000,27,174.000,10,84.000,3,39.000,20,38.500,1,183.000,1,188.000,21,191.000,10,364.000,1,400.000,1,0,4,
93443047000,182.000,2,175.000,6,174.000,10,84.000,3,39.000,20,38.500,1,183.000,1,191.000,10,364.000,1,400.000,1,450.000,1,0,4,
93443047000,182.000,2,175.000,27,174.000,10,84.000,3,39.000,20,38.500,1,183.000,1,189.000,21,191.000,10,364.000,1,400.000,1,0,4,
93446847000,182.000,2,175.000,6,174.000,10,84.000,3,39.000,20,38.500,1,183.000,1,191.000,10,364.000,1,400.000,1,450.000,1,0,4,
93446847000,182.000,2,175.000,27,174.000,10,84.000,3,39.000,20,38.500,1,183.000,1,188.000,21,191.000,10,364.000,1,400.000,1,0,4,
93448076000,182.000,2,175.000,21,174.000,10,84.000,3,39.000,20,38.500,1,183.000,1,188.000,21,191.000,10,364.000,1,400.000,1,0,4,
93448082000,182.000,2,175.000,21,174.000,16,84.000,3,39.000,20,38.500,1,183.000,1,188.000,21,191.000,10,364.000,1,400.000,1,0,4,
93450369000,182.000,2,175.000,21,174.000,10,84.000,3,39.000,20,38.500,1,183.000,1,188.000,21,191.000,10,364.000,1,400.000,1,0,4,
93450375000,182.000,2,175.000,27,174.000,10,84.000,3,39.000,20,38.500,1,183.000,1,188.000,21,191.000,10,364.000,1,400.000,1,0,4,
93451052000,182.000,2,175.000,21,174.000,10,84.000,3,39.000,20,38.500,1,183.000,1,188.000,21,191.000,10,364.000,1,400.000,1,0,4,
93451060000,182.000,2,176.000,6,175.000,21,174.000,10,84.000,3,39.000,20,183.000,1,188.000,21,191.000,10,364.000,1,400.000,1,0,4,
93451147000,183.000,1,176.000,6,175.000,21,174.000,10,84.000,3,39.000,20,183.000,1,188.000,21,191.000,10,364.000,1,400.000,1,1,5,93451147000
93451147000,183.000,1,176.000,6,175.000,21,174.000,10,84.000,3,39.000,20,188.000,21,191.000,10,364.000,1,400.000,1,450.000,1,0,5,
93451152000,183.000,1,176.000,6,175.000,21,174.000,10,84.000,3,39.000,20,188.000,21,364.000,1,400.000,1,450.000,1,775.000,1,0,5,
93451466000,183.000,1,176.000,6,174.000,10,84.000,3,39.000,20,38.500,1,364.000,1,400.000,1,450.000,1,775.000,1,0,0,0,5,
93451466000,183.000,1,179.000,21,176.000,6,174.000,10,84.000,3,39.000,20,194.000,21,364.000,1,400.000,1,450.000,1,775.000,1,0,5,
93451513000,183.000,1,179.000,21,174.000,10,84.000,3,39.000,20,38.500,1,194.000,21,364.000,1,400.000,1,450.000,1,775.000,1,0,5,
93452147000,183.000,1,179.000,21,84.000,3,39.000,20,38.500,1,22.500,20,194.000,21,364.000,1,400.000,1,450.000,1,775.000,1,0,5,
93452154000,183.000,1,179.000,21,178.000,10,84.000,3,39.000,20,38.500,1,194.000,21,364.000,1,400.000,1,450.000,1,775.000,1,0,5,
93453834000,183.000,1,179.000,21,178.000,10,84.000,3,39.000,20,38.500,1,194.000,21,195.000,6,364.000,1,400.000,1,450.000,1,0,5,
93457244000,183.000,1,179.000,21,178.000,10,84.000,3,39.000,20,38.500,1,194.000,21,364.000,1,400.000,1,450.000,1,775.000,1,0,5,
93500459000,183.000,1,179.000,21,178.000,10,84.000,3,39.000,20,38.500,1,194.000,21,195.000,6,364.000,1,400.000,1,450.000,1,0,5,
93500704000,183.000,1,179.000,21,178.000,10,84.000,3,39.000,20,38.500,1,194.000,21,364.000,1,400.000,1,450.000,1,775.000,1,0,5,
93506907000,183.000,1,179.000,21,178.000,16,84.000,3,39.000,20,38.500,1,194.000,21,364.000,1,400.000,1,450.000,1,775.000,1,0,5,
93510440000,183.000,1,179.000,21,178.000,10,84.000,3,39.000,20,38.500,1,194.000,21,364.000,1,400.000,1,450.000,1,775.000,1,0,5,
93511157000,183.000,1,179.000,21,178.000,16,84.000,3,39.000,20,38.500,1,194.000,21,364.000,1,400.000,1,450.000,1,775.000,1,0,5,
93512190000,183.000,1,179.000,21,178.000,16,84.000,3,39.000,20,38.500,1,194.000,21,195.000,10,364.000,1,400.000,1,450.000,1,0,5,
93513882000,183.000,1,179.000,21,178.000,10,84.000,3,39.000,20,38.500,1,194.000,21,195.000,10,364.000,1,400.000,1,450.000,1,0,5,
93513894000,183.000,1,179.000,27,178.000,10,84.000,3,39.000,20,38.500,1,194.000,21,195.000,10,364.000,1,400.000,1,450.000,1,0,5,
93517249000,183.000,1,179.000,21,178.000,10,84.000,3,39.000,20,38.500,1,194.000,21,195.000,10,364.000,1,400.000,1,450.000,1,0,5,
93517258000,183.000,1,179.000,21,178.000,16,84.000,3,39.000,20,38.500,1,194.000,21,195.000,10,364.000,1,400.000,1,450.000,1,0,5,
93521179000,183.000,1,179.000,21,178.000,10,84.000,3,39.000,20,38.500,1,194.000,21,195.000,10,364.000,1,400.000,1,450.000,1,0,5,
93521833000,183.000,1,179.000,21,178.000,10,84.000,3,39.000,20,38.500,1,194.000,21,364.000,1,400.000,1,450.000,1,775.000,1,0,5,
93521834000,183.000,1,179.000,21,178.000,10,84.000,3,39.000,20,38.500,1,193.000,10,194.000,21,364.000,1,400.000,1,450.000,1,0,5,
93522082000,183.000,1,180.000,1,179.000,21,178.000,10,84.000,3,39.000,20,193.000,10,194.000,21,364.000,1,400.000,1,450.000,1,0,5,
93522580000,183.000,1,180.000,1,178.000,10,84.000,3,39.000,20,38.500,1,193.000,10,364.000,1,400.000,1,450.000,1,775.000,1,0,5,
93522580000,183.000,1,180.000,22,178.000,10,84.000,3,39.000,20,38.500,1,192.000,21,193.000,10,364.000,1,400.000,1,450.000,1,0,5,
93528464000,183.000,1,180.000,22,84.000,3,39.000,20,38.500,1,22.500,20,192.000,21,193.000,10,364.000,1,400.000,1,450.000,1,0,5,
93528483000,183.000,1,180.000,1,84.000,3,39.000,20,38.500,1,22.500,20,193.000,10,364.000,1,400.000,1,450.000,1,775.000,1,0,5,
93528483000,183.000,1,180.000,1,179.000,21,84.000,3,39.000,20,38.500,1,192.000,21,193.000,10,364.000,1,400.000,1,450.000,1,0,5,
93528589000,183.000,1,180.000,1,179.000,21,176.000,10,84.000,3,39.000,20,192.000,21,193.000,10,364.000,1,400.000,1,450.000,1,0,5,
93529954000,183.000,1,180.000,1,176.000,10,84.000,3,39.000,20,38.500,1,193.000,10,364.000,1,400.000,1,450.000,1,775.000,1,0,5,
93529954000,183.000,1,180.000,22,176.000,10,84.000,3,39.000,20,38.500,1,192.000,21,193.000,10,364.000,1,400.000,1,450.000,1,0,5,
93530483000,183.000,1,180.000,1,176.000,10,84.000,3,39.000,20,38.500,1,193.000,10,364.000,1,400.000,1,450.000,1,775.000,1,0,5,
93530483000,183.000,1,180.000,1,179.000,21,176.000,10,84.000,3,39.000,20,192.000,21,193.000,10,364.000,1,400.000,1,450.000,1,0,5,
93531484000,183.000,1,180.000,1,176.000,10,84.000,3,39.000,20,38.500,1,193.000,10,364.000,1,400.000,1,450.000,1,775.000,1,0,5,
93531484000,183.000,1,180.000,22,176.000,10,84.000,3,39.000,20,38.500,1,192.000,21,193.000,10,364.000,1,400.000,1,450.000,1,0,5,
93533853000,183.000,1,180.000,1,176.000,10,84.000,3,39.000,20,38.500,1,193.000,10,364.000,1,400.000,1,450.000,1,775.000,1,0,5,
93533853000,183.000,1,180.000,1,179.000,21,176.000,10,84.000,3,39.000,20,192.000,21,193.000,10,364.000,1,400.000,1,450.000,1,0,5,
93534853000,183.000,1,180.000,1,176.000,10,84.000,3,39.000,20,38.500,1,193.000,10,364.000,1,400.000,1,450.000,1,775.000,1,0,5,
93534853000,183.000,1,180.000,22,176.000,10,84.000,3,39.000,20,38.500,1,192.000,21,193.000,10,364.000,1,400.000,1,450.000,1,0,5,
93537729000,183.000,1,180.000,22,176.000,10,84.000,3,39.000,20,38.500,1,192.000,21,193.000,16,364.000,1,400.000,1,450.000,1,0,5,
93538094000,183.000,1,180.000,22,176.000,10,84.000,3,39.000,20,38.500,1,192.000,21,193.000,10,364.000,1,400.000,1,450.000,1,0,5,
93538103000,183.000,1,180.000,22,176.000,10,84.000,3,39.000,20,38.500,1,192.000,27,193.000,10,364.000,1,400.000,1,450.000,1,0,5,
93538704000,183.000,1,180.000,1,176.000,10,84.000,3,39.000,20,38.500,1,192.000,6,193.000,10,364.000,1,400.000,1,450.000,1,0,5,
93538704000,183.000,1,180.000,1,178.000,21,176.000,10,84.000,3,39.000,20,192.000,27,193.000,10,364.000,1,400.000,1,450.000,1,0,5,
93539224000,183.000,1,180.000,1,178.000,21,176.000,10,84.000,3,39.000,20,192.000,21,193.000,10,364.000,1,400.000,1,450.000,1,0,5,
93539234000,183.000,1,180.000,1,178.000,21,176.000,10,84.000,3,39.000,20,192.000,21,193.000,16,364.000,1,400.000,1,450.000,1,0,5,
93540621000,183.000,1,180.000,1,178.000,21,176.000,10,84.000,3,39.000,20,192.000,21,193.000,10,364.000,1,400.000,1,450.000,1,0,5,
93540630000,183.000,1,180.000,1,178.000,21,176.000,10,84.000,3,39.000,20,192.000,27,193.000,10,364.000,1,400.000,1,450.000,1,0,5,
93543421000,183.000,1,180.000,1,178.000,21,176.000,10,84.000,3,39.000,20,192.000,21,193.000,10,364.000,1,400.000,1,450.000,1,0,5,
93543429000,183.000,1,180.000,1,178.000,21,176.000,10,84.000,3,39.000,20,192.000,21,193.000,16,364.000,1,400.000,1,450.000,1,0,5,
93543490000,183.000,1,180.000,1,176.000,10,84.000,3,39.000,20,38.500,1,193.000,16,364.000,1,400.000,1,450.000,1,775.000,1,0,5,
93543490000,183.000,1,180.000,1,179.000,21,176.000,10,84.000,3,39.000,20,192.000,21,193.000,16,364.000,1,400.000,1,450.000,1,0,5,
93543823000,183.000,1,180.000,1,179.000,21,176.000,10,84.000,3,39.000,20,192.000,21,193.000,10,364.000,1,400.000,1,450.000,1,0,5,
93544589000,183.000,1,180.000,1,176.000,10,84.000,3,39.000,20,38.500,1,193.000,10,364.000,1,400.000,1,450.000,1,775.000,1,0,5,
93544589000,183.000,1,180.000,22,176.000,10,84.000,3,39.000,20,38.500,1,192.000,21,193.000,10,364.000,1,400.000,1,450.000,1,0,5,
93546855000,183.000,1,180.000,1,176.000,10,84.000,3,39.000,20,38.500,1,193.000,10,364.000,1,400.000,1,450.000,1,775.000,1,0,5,
93546855000,183.000,1,181.000,21,180.000,1,176.000,10,84.000,3,39.000,20,192.000,21,193.000,10,364.000,1,400.000,1,450.000,1,0,5,
93547491000,183.000,1,180.000,1,176.000,10,84.000,3,39.000,20,38.500,1,193.000,10,364.000,1,400.000,1,450.000,1,775.000,1,0,5,
93547491000,183.000,1,180.000,22,176.000,10,84.000,3,39.000,20,38.500,1,192.000,21,193.000,10,364.000,1,400.000,1,450.000,1,0,5,
93548491000,183.000,1,180.000,1,176.000,10,84.000,3,39.000,20,38.500,1,193.000,10,364.000,1,400.000,1,450.000,1,775.000,1,0,5,
93548491000,183.000,1,181.000,21,180.000,1,176.000,10,84.000,3,39.000,20,192.000,21,193.000,10,364.000,1,400.000,1,450.000,1,0,5,
93548968000,183.000,1,180.000,1,176.000,10,84.000,3,39.000,20,38.500,1,193.000,10,364.000,1,400.000,1,450.000,1,775.000,1,0,5,
93548968000,183.000,1,180.000,22,176.000,10,84.000,3,39.000,20,38.500,1,192.000,21,193.000,10,364.000,1,400.000,1,450.000,1,0,5,
93549845000,183.000,1,180.000,1,176.000,10,84.000,3,39.000,20,38.500,1,193.000,10,364.000,1,400.000,1,450.000,1,775.000,1,0,5,
93549845000,183.000,1,180.000,1,179.000,21,176.000,10,84.000,3,39.000,20,192.000,21,193.000,10,364.000,1,400.000,1,450.000,1,0,5,
93551880000,183.000,1,180.000,1,176.000,10,84.000,3,39.000,20,38.500,1,193.000,10,364.000,1,400.000,1,450.000,1,775.000,1,0,5,
93551880000,183.000,1,180.000,22,176.000,10,84.000,3,39.000,20,38.500,1,192.000,21,193.000,10,364.000,1,400.000,1,450.000,1,0,5,
93553866000,183.000,1,180.000,1,176.000,10,84.000,3,39.000,20,38.500,1,193.000,10,364.000,1,400.000,1,450.000,1,775.000,1,0,5,
93553866000,183.000,1,180.000,1,179.000,21,176.000,10,84.000,3,39.000,20,192.000,21,193.000,10,364.000,1,400.000,1,450.000,1,0,5,
93559934000,183.000,1,180.000,1,176.000,10,84.000,3,39.000,20,38.500,1,193.000,10,364.000,1,400.000,1,450.000,1,775.000,1,0,5,
93559934000,183.000,1,180.000,22,176.000,10,84.000,3,39.000,20,38.500,1,192.000,21,193.000,10,364.000,1,400.000,1,450.000,1,0,5,
93601896000,183.000,1,180.000,1,176.000,10,84.000,3,39.000,20,38.500,1,193.000,10,364.000,1,400.000,1,450.000,1,775.000,1,0,5,
93601896000,183.000,1,180.000,1,179.000,21,176.000,10,84.000,3,39.000,20,192.000,21,193.000,10,364.000,1,400.000,1,450.000,1,0,5,
93602996000,183.000,1,180.000,1,176.000,10,84.000,3,39.000,20,38.500,1,193.000,10,364.000,1,400.000,1,450.000,1,775.000,1,0,5,
93602996000,183.000,1,180.000,22,176.000,10,84.000,3,39.000,20,38.500,1,192.000,21,193.000,10,364.000,1,400.000,1,450.000,1,0,5,
93605879000,183.000,1,180.000,1,176.000,10,84.000,3,39.000,20,38.500,1,193.000,10,364.000,1,400.000,1,450.000,1,775.000,1,0,5,
93605879000,183.000,1,180.000,1,179.000,21,176.000,10,84.000,3,39.000,20,192.000,21,193.000,10,364.000,1,400.000,1,450.000,1,0,5,
93606928000,183.000,1,180.000,1,179.000,21,176.000,10,84.000,3,39.000,20,192.000,21,364.000,1,400.000,1,450.000,1,775.000,1,0,5,
93606928000,183.000,1,180.000,1,179.000,21,176.000,10,84.000,3,39.000,20,191.000,10,192.000,21,364.000,1,400.000,1,450.000,1,0,5,
93607053000,183.000,1,180.000,1,176.000,10,84.000,3,39.000,20,38.500,1,191.000,10,364.000,1,400.000,1,450.000,1,775.000,1,0,5,
93607053000,183.000,1,180.000,1,178.000,21,176.000,10,84.000,3,39.000,20,190.000,21,191.000,10,364.000,1,400.000,1,450.000,1,0,5,
93612302000,183.000,1,180.000,1,176.000,10,84.000,3,39.000,20,38.500,1,191.000,10,364.000,1,400.000,1,450.000,1,775.000,1,0,5,
93612302000,183.000,1,180.000,1,179.000,21,176.000,10,84.000,3,39.000,20,190.000,21,191.000,10,364.000,1,400.000,1,450.000,1,0,5,
93612501000,183.000,1,180.000,1,176.000,10,84.000,3,39.000,20,38.500,1,191.000,10,364.000,1,400.000,1,450.000,1,775.000,1,0,5,
93612501000,183.000,1,180.000,1,178.000,21,176.000,10,84.000,3,39.000,20,190.000,21,191.000,10,364.000,1,400.000,1,450.000,1,0,5,
93614884000,183.000,1,180.000,1,176.000,10,84.000,3,39.000,20,38.500,1,191.000,10,364.000,1,400.000,1,450.000,1,775.000,1,0,5,
93614884000,183.000,1,180.000,1,179.000,21,176.000,10,84.000,3,39.000,20,190.000,21,191.000,10,364.000,1,400.000,1,450.000,1,0,5,
93616885000,183.000,1,180.000,1,176.000,10,84.000,3,39.000,20,38.500,1,191.000,10,364.000,1,400.000,1,450.000,1,775.000,1,0,5,
93616885000,183.000,1,180.000,22,176.000,10,84.000,3,39.000,20,38.500,1,190.000,21,191.000,10,364.000,1,400.000,1,450.000,1,0,5,
93617742000,183.000,1,180.000,1,176.000,10,84.000,3,39.000,20,38.500,1,191.000,10,364.000,1,400.000,1,450.000,1,775.000,1,0,5,
93617742000,183.000,1,180.000,1,179.000,21,176.000,10,84.000,3,39.000,20,190.000,21,191.000,10,364.000,1,400.000,1,450.000,1,0,5,
93620902000,183.000,1,180.000,1,176.000,10,84.000,3,39.000,20,38.500,1,191.000,10,364.000,1,400.000,1,450.000,1,775.000,1,0,5,
93620902000,183.000,1,180.000,1,178.000,21,176.000,10,84.000,3,39.000,20,190.000,21,191.000,10,364.000,1,400.000,1,450.000,1,0,5,
93625888000,183.000,1,180.000,1,176.000,10,84.000,3,39.000,20,38.500,1,191.000,10,364.000,1,400.000,1,450.000,1,775.000,1,0,5,
93625888000,183.000,1,180.000,1,179.000,21,176.000,10,84.000,3,39.000,20,190.000,21,191.000,10,364.000,1,400.000,1,450.000,1,0,5,
93626888000,183.000,1,180.000,1,176.000,10,84.000,3,39.000,20,38.500,1,191.000,10,364.000,1,400.000,1,450.000,1,775.000,1,0,5,
93626888000,183.000,1,180.000,1,178.000,21,176.000,10,84.000,3,39.000,20,190.000,21,191.000,10,364.000,1,400.000,1,450.000,1,0,5,
93629790000,183.000,1,180.000,1,178.000,21,84.000,3,39.000,20,38.500,1,190.000,21,191.000,10,364.000,1,400.000,1,450.000,1,0,5,
93629909000,183.000,1,180.000,1,178.000,21,174.000,10,84.000,3,39.000,20,190.000,21,191.000,10,364.000,1,400.000,1,450.000,1,0,5,
93630883000,183.000,1,180.000,1,174.000,10,84.000,3,39.000,20,38.500,1,191.000,10,364.000,1,400.000,1,450.000,1,775.000,1,0,5,
93630883000,183.000,1,180.000,1,177.000,21,174.000,10,84.000,3,39.000,20,190.000,21,191.000,10,364.000,1,400.000,1,450.000,1,0,5,
93631989000,183.000,1,180.000,1,174.000,10,84.000,3,39.000,20,38.500,1,191.000,10,364.000,1,400.000,1,450.000,1,775.000,1,0,5,
93631989000,183.000,1,180.000,1,178.000,21,174.000,10,84.000,3,39.000,20,190.000,21,191.000,10,364.000,1,400.000,1,450.000,1,0,5,
93635134000,183.000,1,180.000,1,174.000,10,84.000,3,39.000,20,38.500,1,191.000,10,364.000,1,400.000,1,450.000,1,775.000,1,0,5,
93635134000,183.000,1,180.000,1,177.000,21,174.000,10,84.000,3,39.000,20,190.000,21,191.000,10,364.000,1,400.000,1,450.000,1,0,5,
93636230000,183.000,1,180.000,1,174.000,10,84.000,3,39.000,20,38.500,1,191.000,10,364.000,1,400.000,1,450.000,1,775.000,1,0,5,
93636230000,183.000,1,180.000,1,178.000,21,174.000,10,84.000,3,39.000,20,190.000,21,191.000,10,364.000,1,400.000,1,450.000,1,0,5,
93636612000,183.000,1,180.000,1,174.000,10,84.000,3,39.000,20,38.500,1,191.000,10,364.000,1,400.000,1,450.000,1,775.000,1,0,5,
93636612000,183.000,1,180.000,1,177.000,21,174.000,10,84.000,3,39.000,20,190.000,21,191.000,10,364.000,1,400.000,1,450.000,1,0,5,
93638010000,183.000,1,180.000,1,174.000,10,84.000,3,39.000,20,38.500,1,191.000,10,364.000,1,400.000,1,450.000,1,775.000,1,0,5,
93638010000,183.000,1,180.000,1,176.000,21,174.000,10,84.000,3,39.000,20,190.000,21,191.000,10,364.000,1,400.000,1,450.000,1,0,5,
93640383000,183.000,1,180.000,1,176.000,21,84.000,3,39.000,20,38.500,1,190.000,21,191.000,10,364.000,1,400.000,1,450.000,1,0,5,
93640438000,183.000,1,180.000,1,176.000,21,84.000,3,39.000,20,38.500,1,190.000,21,191.000,16,364.000,1,400.000,1,450.000,1,0,5,
93640927000,183.000,1,180.000,1,176.000,21,84.000,3,39.000,20,38.500,1,190.000,21,191.000,10,364.000,1,400.000,1,450.000,1,0,5,
93641048000,183.000,1,180.000,1,176.000,21,172.000,10,84.000,3,39.000,20,190.000,21,191.000,10,364.000,1,400.000,1,450.000,1,0,5,
93642153000,183.000,1,180.000,1,172.000,10,84.000,3,39.000,20,38.500,1,191.000,10,364.000,1,400.000,1,450.000,1,775.000,1,0,5,
93642153000,183.000,1,180.000,1,177.000,21,172.000,10,84.000,3,39.000,20,190.000,21,191.000,10,364.000,1,400.000,1,450.000,1,0,5,
93644770000,183.000,1,180.000,1,177.000,21,84.000,3,39.000,20,38.500,1,190.000,21,191.000,10,364.000,1,400.000,1,450.000,1,0,5,
93644771000,183.000,1,180.000,1,177.000,21,174.000,10,84.000,3,39.000,20,190.000,21,191.000,10,364.000,1,400.000,1,450.000,1,0,5,
93645665000,183.000,1,180.000,1,174.000,10,84.000,3,39.000,20,38.500,1,191.000,10,364.000,1,400.000,1,450.000,1,775.000,1,0,5,
93645665000,183.000,1,180.000,1,178.000,21,174.000,10,84.000,3,39.000,20,190.000,21,191.000,10,364.000,1,400.000,1,450.000,1,0,5,
93648008000,183.000,1,180.000,1,174.000,10,84.000,3,39.000,20,38.500,1,191.000,10,364.000,1,400.000,1,450.000,1,775.000,1,0,5,
93648008000,183.000,1,180.000,1,179.000,21,174.000,10,84.000,3,39.000,20,190.000,21,191.000,10,364.000,1,400.000,1,450.000,1,0,5,
93650890000,183.000,1,180.000,1,174.000,10,84.000,3,39.000,20,38.500,1,191.000,10,364.000,1,400.000,1,450.000,1,775.000,1,0,5,
93650890000,183.000,1,180.000,1,178.000,21,174.000,10,84.000,3,39.000,20,190.000,21,191.000,10,364.000,1,400.000,1,450.000,1,0,5,
93652792000,183.000,1,180.000,1,174.000,10,84.000,3,39.000,20,38.500,1,191.000,10,364.000,1,400.000,1,450.000,1,775.000,1,0,5,
93652792000,183.000,1,180.000,1,177.000,21,174.000,10,84.000,3,39.000,20,190.000,21,191.000,10,364.000,1,400.000,1,450.000,1,0,5,
93659831000,183.000,1,180.000,1,174.000,10,84.000,3,39.000,20,38.500,1,191.000,10,364.000,1,400.000,1,450.000,1,775.000,1,0,5,
93659831000,183.000,1,180.000,1,179.000,21,174.000,10,84.000,3,39.000,20,190.000,21,191.000,10,364.000,1,400.000,1,450.000,1,0,5,
93700474000,183.000,1,180.000,1,179.000,21,175.000,20,174.000,10,84.000,3,190.000,41,191.000,10,364.000,1,400.000,1,450.000,1,0,5,
93700821000,183.000,1,180.000,1,175.000,20,174.000,10,84.000,3,39.000,20,190.000,20,191.000,10,364.000,1,400.000,1,450.000,1,0,5,
93700821000,183.000,1,180.000,1,177.000,21,175.000,20,174.000,10,84.000,3,190.000,41,191.000,10,364.000,1,400.000,1,450.000,1,0,5,
93703130000,183.000,1,180.000,1,175.000,20,174.000,10,84.000,3,39.000,20,190.000,20,191.000,10,364.000,1,400.000,1,450.000,1,0,5,
93703130000,183.000,1,180.000,1,176.000,21,175.000,20,174.000,10,84.000,3,190.000,41,191.000,10,364.000,1,400.000,1,450.000,1,0,5,
93704361000,183.000,1,180.000,1,176.000,21,175.000,20,84.000,3,39.000,20,190.000,41,191.000,10,364.000,1,400.000,1,450.000,1,0,5,
93704486000,183.000,1,180.000,1,176.000,21,175.000,20,172.000,10,84.000,3,190.000,41,191.000,10,364.000,1,400.000,1,450.000,1,0,5,
93705226000,183.000,1,180.000,1,175.000,20,172.000,10,84.000,3,39.000,20,190.000,20,191.000,10,364.000,1,400.000,1,450.000,1,0,5,
93705226000,183.000,1,180.000,1,175.000,41,172.000,10,84.000,3,39.000,20,190.000,41,191.000,10,364.000,1,400.000,1,450.000,1,0,5,
93705332000,183.000,1,180.000,1,175.000,41,172.000,10,84.000,3,39.000,20,190.000,41,191.000,16,364.000,1,400.000,1,450.000,1,0,5,
93705717000,180.000,1,180.000,1,175.000,41,172.000,10,84.000,3,39.000,20,190.000,41,191.000,16,364.000,1,400.000,1,450.000,1,1,6,93705717000
93705717000,180.000,1,175.000,41,172.000,10,84.000,3,39.000,20,38.500,1,190.000,41,191.000,16,364.000,1,400.000,1,450.000,1,0,6,
93705766000,180.000,1,175.000,41,172.000,10,84.000,3,39.000,20,38.500,1,190.000,41,191.000,10,364.000,1,400.000,1,450.000,1,0,6,
93705772000,180.000,1,175.000,41,172.000,10,84.000,3,39.000,20,38.500,1,190.000,47,191.000,10,364.000,1,400.000,1,450.000,1,0,6,
93706145000,180.000,1,175.000,41,172.000,10,84.000,3,39.000,20,38.500,1,190.000,41,191.000,10,364.000,1,400.000,1,450.000,1,0,6,
93706156000,180.000,1,175.000,41,172.000,10,84.000,3,39.000,20,38.500,1,190.000,41,191.000,16,364.000,1,400.000,1,450.000,1,0,6,
93706830000,180.000,1,175.000,41,172.000,10,84.000,3,39.000,20,38.500,1,190.000,41,191.000,10,364.000,1,400.000,1,450.000,1,0,6,
93707407000,180.000,1,175.000,20,172.000,10,84.000,3,39.000,20,38.500,1,190.000,20,191.000,10,364.000,1,400.000,1,450.000,1,0,6,
93707407000,180.000,1,176.000,21,175.000,20,172.000,10,84.000,3,39.000,20,190.000,41,191.000,10,364.000,1,400.000,1,450.000,1,0,6,
93708234000,180.000,1,176.000,21,175.000,20,172.000,10,84.000,3,39.000,20,190.000,41,191.000,16,364.000,1,400.000,1,450.000,1,0,6,
93709501000,180.000,1,176.000,21,175.000,20,172.000,10,84.000,3,39.000,20,190.000,41,191.000,10,364.000,1,400.000,1,450.000,1,0,6,
93719801000,180.000,1,176.000,21,175.000,20,84.000,3,39.000,20,38.500,1,190.000,41,191.000,10,364.000,1,400.000,1,450.000,1,0,6,
93720130000,180.000,1,176.000,21,175.000,20,174.000,10,84.000,3,39.000,20,190.000,41,191.000,10,364.000,1,400.000,1,450.000,1,0,6,
93729497000,180.000,1,176.000,21,175.000,20,84.000,3,39.000,20,38.500,1,190.000,41,191.000,10,364.000,1,400.000,1,450.000,1,0,6,
93729621000,180.000,1,176.000,21,175.000,20,172.000,10,84.000,3,39.000,20,190.000,41,191.000,10,364.000,1,400.000,1,450.000,1,0,6,
93730137000,180.000,1,175.000,20,172.000,10,84.000,3,39.000,20,38.500,1,190.000,20,191.000,10,364.000,1,400.000,1,450.000,1,0,6,
93730137000,180.000,1,175.000,41,172.000,10,84.000,3,39.000,20,38.500,1,190.000,41,191.000,10,364.000,1,400.000,1,450.000,1,0,6,
93730244000,180.000,1,175.000,41,172.000,10,84.000,3,39.000,20,38.500,1,190.000,41,191.000,16,364.000,1,400.000,1,450.000,1,0,6,
93731580000,180.000,1,175.000,41,172.000,10,84.000,3,39.000,20,38.500,1,190.000,41,191.000,10,364.000,1,400.000,1,450.000,1,0,6,
93733502000,180.000,1,175.000,41,172.000,10,84.000,3,39.000,20,38.500,1,190.000,41,191.000,16,364.000,1,400.000,1,450.000,1,0,6,
93735985000,180.000,1,175.000,41,172.000,10,84.000,3,39.000,20,38.500,1,190.000,41,191.000,10,364.000,1,400.000,1,450.000,1,0,6,
93737638000,180.000,1,175.000,20,172.000,10,84.000,3,39.000,20,38.500,1,190.000,20,191.000,10,364.000,1,400.000,1,450.000,1,0,6,
93737638000,180.000,1,176.000,21,175.000,20,172.000,10,84.000,3,39.000,20,190.000,41,191.000,10,364.000,1,400.000,1,450.000,1,0,6,
93739567000,180.000,1,176.000,21,175.000,20,84.000,3,39.000,20,38.500,1,190.000,41,191.000,10,364.000,1,400.000,1,450.000,1,0,6,
93739568000,180.000,1,176.000,21,175.000,20,174.000,10,84.000,3,39.000,20,190.000,41,191.000,10,364.000,1,400.000,1,450.000,1,0,6,
93739795000,180.000,1,176.000,21,175.000,26,174.000,10,84.000,3,39.000,20,190.000,41,191.000,10,364.000,1,400.000,1,450.000,1,0,6,
93742446000,180.000,1,176.000,21,175.000,20,174.000,10,84.000,3,39.000,20,190.000,41,191.000,10,364.000,1,400.000,1,450.000,1,0,6,
93742643000,180.000,1,176.000,21,175.000,26,174.000,10,84.000,3,39.000,20,190.000,41,191.000,10,364.000,1,400.000,1,450.000,1,0,6,
93743992000,180.000,1,176.000,21,175.000,20,174.000,10,84.000,3,39.000,20,190.000,41,191.000,10,364.000,1,400.000,1,450.000,1,0,6,
93745397000,180.000,1,176.000,21,175.000,26,174.000,10,84.000,3,39.000,20,190.000,41,191.000,10,364.000,1,400.000,1,450.000,1,0,6,
93746022000,180.000,1,176.000,21,175.000,20,174.000,10,84.000,3,39.000,20,190.000,41,191.000,10,364.000,1,400.000,1,450.000,1,0,6,
93803517000,180.000,1,176.000,21,175.000,26,174.000,10,84.000,3,39.000,20,190.000,41,191.000,10,364.000,1,400.000,1,450.000,1,0,6,
93805714000,180.000,1,176.000,21,175.000,20,174.000,10,84.000,3,39.000,20,190.000,41,191.000,10,364.000,1,400.000,1,450.000,1,0,6,
93806587000,180.000,1,176.000,21,175.000,26,174.000,10,84.000,3,39.000,20,190.000,41,191.000,10,364.000,1,400.000,1,450.000,1,0,6,
93810046000,180.000,1,176.000,21,175.000,20,174.000,10,84.000,3,39.000,20,190.000,41,191.000,10,364.000,1,400.000,1,450.000,1,0,6,
93810961000,180.000,1,176.000,21,175.000,20,174.000,10,84.000,3,39.000,20,190.000,41,364.000,1,400.000,1,450.000,1,775.000,1,0,6,
93810961000,180.000,1,176.000,21,175.000,20,174.000,10,84.000,3,39.000,20,189.000,10,190.000,41,364.000,1,400.000,1,450.000,1,0,6,
93811343000,180.000,1,175.000,20,174.000,10,84.000,3,39.000,20,38.500,1,189.000,10,190.000,20,364.000,1,400.000,1,450.000,1,0,6,
93811343000,180.000,1,176.000,21,175.000,20,174.000,10,84.000,3,39.000,20,188.000,21,189.000,10,190.000,20,364.000,1,400.000,1,0,6,
93811459000,180.000,1,176.000,21,174.000,10,84.000,3,39.000,20,38.500,1,188.000,21,189.000,10,364.000,1,400.000,1,450.000,1,0,6,
93811504000,180.000,1,176.000,21,174.000,10,173.000,20,84.000,3,39.000,20,188.000,41,189.000,10,364.000,1,400.000,1,450.000,1,0,6,
93812443000,180.000,1,174.000,10,173.000,20,84.000,3,39.000,20,38.500,1,188.000,20,189.000,10,364.000,1,400.000,1,450.000,1,0,6,
93812443000,180.000,1,175.000,21,174.000,10,173.000,20,84.000,3,39.000,20,188.000,41,189.000,10,364.000,1,400.000,1,450.000,1,0,6,
93812986000,180.000,1,175.000,21,174.000,16,173.000,20,84.000,3,39.000,20,188.000,41,189.000,10,364.000,1,400.000,1,450.000,1,0,6,
93822798000,180.000,1,175.000,21,174.000,10,173.000,20,84.000,3,39.000,20,188.000,41,189.000,10,364.000,1,400.000,1,450.000,1,0,6,
93836822000,180.000,1,175.000,21,173.000,20,84.000,3,39.000,20,38.500,1,188.000,41,189.000,10,364.000,1,400.000,1,450.000,1,0,6,
93836944000,180.000,1,175.000,21,173.000,20,171.000,10,84.000,3,39.000,20,188.000,41,189.000,10,364.000,1,400.000,1,450.000,1,0,6,
93837407000,180.000,1,173.000,20,171.000,10,84.000,3,39.000,20,38.500,1,188.000,20,189.000,10,364.000,1,400.000,1,450.000,1,0,6,
93837407000,180.000,1,174.000,21,173.000,20,171.000,10,84.000,3,39.000,20,188.000,41,189.000,10,364.000,1,400.000,1,450.000,1,0,6,
93838699000,180.000,1,174.000,21,173.000,26,171.000,10,84.000,3,39.000,20,188.000,41,189.000,10,364.000,1,400.000,1,450.000,1,0,6,
93840084000,180.000,1,174.000,21,173.000,20,171.000,10,84.000,3,39.000,20,188.000,41,189.000,10,364.000,1,400.000,1,450.000,1,0,6,
93848030000,180.000,1,174.000,21,173.000,26,171.000,10,84.000,3,39.000,20,188.000,41,189.000,10,364.000,1,400.000,1,450.000,1,0,6,
93851856000,180.000,1,174.000,21,173.000,20,171.000,10,84.000,3,39.000,20,188.000,41,189.000,10,364.000,1,400.000,1,450.000,1,0,6,
93852314000,180.000,1,174.000,21,173.000,26,171.000,10,84.000,3,39.000,20,188.000,41,189.000,10,364.000,1,400.000,1,450.000,1,0,6,
93854490000,180.000,1,174.000,21,173.000,20,171.000,10,84.000,3,39.000,20,188.000,41,189.000,10,364.000,1,400.000,1,450.000,1,0,6,
93855842000,180.000,1,174.000,21,173.000,26,171.000,10,84.000,3,39.000,20,188.000,41,189.000,10,364.000,1,400.000,1,450.000,1,0,6,
93857050000,180.000,1,174.000,21,173.000,26,84.000,3,39.000,20,38.500,1,188.000,41,189.000,10,364.000,1,400.000,1,450.000,1,0,6,
93857051000,180.000,1,174.000,21,173.000,36,84.000,3,39.000,20,38.500,1,188.000,41,189.000,10,364.000,1,400.000,1,450.000,1,0,6,
93858150000,180.000,1,174.000,21,173.000,30,84.000,3,39.000,20,38.500,1,188.000,41,189.000,10,364.000,1,400.000,1,450.000,1,0,6,
93902014000,180.000,1,174.000,21,173.000,36,84.000,3,39.000,20,38.500,1,188.000,41,189.000,10,364.000,1,400.000,1,450.000,1,0,6,
93902587000,180.000,1,174.000,21,173.000,30,84.000,3,39.000,20,38.500,1,188.000,41,189.000,10,364.000,1,400.000,1,450.000,1,0,6,
93902596000,180.000,1,174.000,27,173.000,30,84.000,3,39.000,20,38.500,1,188.000,41,189.000,10,364.000,1,400.000,1,450.000,1,0,6,
93902728000,180.000,1,174.000,21,173.000,30,84.000,3,39.000,20,38.500,1,188.000,41,189.000,10,364.000,1,400.000,1,450.000,1,0,6,
93902739000,180.000,1,175.000,6,174.000,21,173.000,30,84.000,3,39.000,20,188.000,41,189.000,10,364.000,1,400.000,1,450.000,1,0,6,
93903115000,180.000,1,175.000,6,173.000,30,84.000,3,39.000,20,38.500,1,188.000,20,189.000,10,364.000,1,400.000,1,450.000,1,0,6,
93903115000,180.000,1,176.000,21,175.000,6,173.000,30,84.000,3,39.000,20,188.000,41,189.000,10,364.000,1,400.000,1,450.000,1,0,6,
93903120000,180.000,1,176.000,21,173.000,30,84.000,3,39.000,20,38.500,1,188.000,41,189.000,10,364.000,1,400.000,1,450.000,1,0,6,
93904185000,180.000,1,173.000,30,84.000,3,39.000,20,38.500,1,22.500,20,188.000,20,189.000,10,364.000,1,400.000,1,450.000,1,0,6,
93904185000,180.000,1,174.000,21,173.000,30,84.000,3,39.000,20,38.500,1,188.000,41,189.000,10,364.000,1,400.000,1,450.000,1,0,6,
93904251000,180.000,1,174.000,27,173.000,30,84.000,3,39.000,20,38.500,1,188.000,41,189.000,10,364.000,1,400.000,1,450.000,1,0,6,
93923416000,180.000,1,174.000,21,173.000,30,84.000,3,39.000,20,38.500,1,188.000,41,189.000,10,364.000,1,400.000,1,450.000,1,0,6,
93923426000,180.000,1,175.000,6,174.000,21,173.000,30,84.000,3,39.000,20,188.000,41,189.000,10,364.000,1,400.000,1,450.000,1,0,6,
93923455000,180.000,1,175.000,6,174.000,21,173.000,20,84.000,3,39.000,20,188.000,41,189.000,10,364.000,1,400.000,1,450.000,1,0,6,
93923463000,180.000,1,176.000,10,175.000,6,174.000,21,173.000,20,84.000,3,188.000,41,189.000,10,364.000,1,400.000,1,450.000,1,0,6,
93923645000,180.000,1,176.000,10,175.000,6,174.000,21,173.000,20,84.000,3,188.000,41,364.000,1,400.000,1,450.000,1,775.000,1,0,6,
93923674000,180.000,1,176.000,10,174.000,21,173.000,20,84.000,3,39.000,20,188.000,41,364.000,1,400.000,1,450.000,1,775.000,1,0,6,
93923677000,180.000,1,176.000,16,174.000,21,173.000,20,84.000,3,39.000,20,188.000,41,364.000,1,400.000,1,450.000,1,775.000,1,0,6,
93924545000,180.000,1,176.000,16,174.000,21,173.000,20,84.000,3,39.000,20,188.000,41,191.000,10,364.000,1,400.000,1,450.000,1,0,6,
93924546000,180.000,1,176.000,16,173.000,20,84.000,3,39.000,20,38.500,1,188.000,20,191.000,10,364.000,1,400.000,1,450.000,1,0,6,
93924546000,180.000,1,177.000,21,176.000,16,173.000,20,84.000,3,39.000,20,188.000,41,191.000,10,364.000,1,400.000,1,450.000,1,0,6,
93928010000,180.000,1,177.000,21,176.000,10,173.000,20,84.000,3,39.000,20,188.000,41,191.000,10,364.000,1,400.000,1,450.000,1,0,6,
93928995000,180.000,1,177.000,21,176.000,16,173.000,20,84.000,3,39.000,20,188.000,41,191.000,10,364.000,1,400.000,1,450.000,1,0,6,
93930004000,180.000,1,177.000,21,176.000,16,84.000,3,39.000,20,38.500,1,188.000,21,191.000,10,364.000,1,400.000,1,450.000,1,0,6,
93930004000,180.000,1,177.000,21,176.000,16,175.000,20,84.000,3,39.000,20,188.000,21,190.000,20,191.000,10,364.000,1,400.000,1,0,6,
93930097000,180.000,1,176.000,16,175.000,20,84.000,3,39.000,20,38.500,1,190.000,20,191.000,10,364.000,1,400.000,1,450.000,1,0,6,
93930097000,180.000,1,177.000,21,176.000,16,175.000,20,84.000,3,39.000,20,189.000,21,190.000,20,191.000,10,364.000,1,400.000,1,0,6,
93936123000,180.000,1,177.000,21,176.000,10,175.000,20,84.000,3,39.000,20,189.000,21,190.000,20,191.000,10,364.000,1,400.000,1,0,6,
93936979000,180.000,1,177.000,21,176.000,16,175.000,20,84.000,3,39.000,20,189.000,21,190.000,20,191.000,10,364.000,1,400.000,1,0,6,
93937951000,180.000,1,177.000,21,176.000,10,175.000,20,84.000,3,39.000,20,189.000,21,190.000,20,191.000,10,364.000,1,400.000,1,0,6,
93937958000,180.000,1,177.000,27,176.000,10,175.000,20,84.000,3,39.000,20,189.000,21,190.000,20,191.000,10,364.000,1,400.000,1,0,6,
93939251000,180.000,1,177.000,21,176.000,10,175.000,20,84.000,3,39.000,20,189.000,21,190.000,20,191.000,10,364.000,1,400.000,1,0,6,
93939261000,180.000,1,177.000,21,176.000,16,175.000,20,84.000,3,39.000,20,189.000,21,190.000,20,191.000,10,364.000,1,400.000,1,0,6,
93940092000,180.000,1,177.000,21,176.000,10,175.000,20,84.000,3,39.000,20,189.000,21,190.000,20,191.000,10,364.000,1,400.000,1,0,6,
93940712000,180.000,1,177.000,21,176.000,16,175.000,20,84.000,3,39.000,20,189.000,21,190.000,20,191.000,10,364.000,1,400.000,1,0,6,
93944939000,180.000,1,177.000,21,176.000,10,175.000,20,84.000,3,39.000,20,189.000,21,190.000,20,191.000,10,364.000,1,400.000,1,0,6,
93945003000,180.000,1,177.000,21,176.000,16,175.000,20,84.000,3,39.000,20,189.000,21,190.000,20,191.000,10,364.000,1,400.000,1,0,6,
93957005000,180.000,1,177.000,21,176.000,10,175.000,20,84.000,3,39.000,20,189.000,21,190.000,20,191.000,10,364.000,1,400.000,1,0,6,
93957015000,180.000,1,177.000,27,176.000,10,175.000,20,84.000,3,39.000,20,189.000,21,190.000,20,191.000,10,364.000,1,400.000,1,0,6,
93958227000,180.000,1,177.000,27,176.000,10,175.000,20,84.000,3,39.000,20,189.000,21,190.000,20,364.000,1,400.000,1,450.000,1,0,6,
93958850000,180.000,1,177.000,6,176.000,10,175.000,20,84.000,3,39.000,20,190.000,20,364.000,1,400.000,1,450.000,1,775.000,1,0,6,
93958850000,180.000,1,177.000,27,176.000,10,175.000,20,84.000,3,39.000,20,190.000,41,364.000,1,400.000,1,450.000,1,775.000,1,0,6,
93959025000,180.000,1,177.000,27,176.000,10,175.000,20,84.000,3,39.000,20,190.000,41,194.000,10,364.000,1,400.000,1,450.000,1,0,6,
93959043000,180.000,1,177.000,21,176.000,10,175.000,20,84.000,3,39.000,20,190.000,41,194.000,10,364.000,1,400.000,1,450.000,1,0,6,
93959049000,180.000,1,178.000,6,177.000,21,176.000,10,175.000,20,84.000,3,190.000,41,194.000,10,364.000,1,400.000,1,450.000,1,0,6,
93959504000,180.000,1,178.000,6,177.000,21,176.000,10,84.000,3,39.000,20,190.000,21,194.000,10,364.000,1,400.000,1,450.000,1,0,6,
93959504000,180.000,1,178.000,6,177.000,41,176.000,10,84.000,3,39.000,20,190.000,21,192.000,20,194.000,10,364.000,1,400.000,1,0,6,
93959826000,180.000,1,177.000,41,176.000,10,84.000,3,39.000,20,38.500,1,190.000,21,192.000,20,194.000,10,364.000,1,400.000,1,0,6,
93959837000,180.000,1,177.000,47,176.000,10,84.000,3,39.000,20,38.500,1,190.000,21,192.000,20,194.000,10,364.000,1,400.000,1,0,6,
93959950000,180.000,1,177.000,26,176.000,10,84.000,3,39.000,20,38.500,1,192.000,20,194.000,10,364.000,1,400.000,1,450.000,1,0,6,
93959950000,180.000,1,177.000,47,176.000,10,84.000,3,39.000,20,38.500,1,191.000,21,192.000,20,194.000,10,364.000,1,400.000,1,0,6,
94000856000,180.000,1,177.000,47,176.000,10,84.000,3,39.000,20,38.500,1,191.000,21,192.000,20,364.000,1,400.000,1,450.000,1,0,6,
94000859000,180.000,1,177.000,47,176.000,10,84.000,3,39.000,20,38.500,1,191.000,21,192.000,30,364.000,1,400.000,1,450.000,1,0,6,
94000859000,180.000,1,177.000,41,176.000,10,84.000,3,39.000,20,38.500,1,191.000,21,192.000,30,364.000,1,400.000,1,450.000,1,0,6,
94000864000,180.000,1,177.000,41,176.000,16,84.000,3,39.000,20,38.500,1,191.000,21,192.000,30,364.000,1,400.000,1,450.000,1,0,6,
94001593000,180.000,1,177.000,41,176.000,10,84.000,3,39.000,20,38.500,1,191.000,21,192.000,30,364.000,1,400.000,1,450.000,1,0,6,
94001603000,180.000,1,177.000,47,176.000,10,84.000,3,39.000,20,38.500,1,191.000,21,192.000,30,364.000,1,400.000,1,450.000,1,0,6,
94005226000,180.000,1,177.000,41,176.000,10,84.000,3,39.000,20,38.500,1,191.000,21,192.000,30,364.000,1,400.000,1,450.000,1,0,6,
94005236000,180.000,1,177.000,41,176.000,16,84.000,3,39.000,20,38.500,1,191.000,21,192.000,30,364.000,1,400.000,1,450.000,1,0,6,
94010985000,180.000,1,177.000,41,176.000,10,84.000,3,39.000,20,38.500,1,191.000,21,192.000,30,364.000,1,400.000,1,450.000,1,0,6,
94010996000,180.000,1,177.000,47,176.000,10,84.000,3,39.000,20,38.500,1,191.000,21,192.000,30,364.000,1,400.000,1,450.000,1,0,6,
94021796000,180.000,1,177.000,41,176.000,10,84.000,3,39.000,20,38.500,1,191.000,21,192.000,30,364.000,1,400.000,1,450.000,1,0,6,
94021804000,180.000,1,178.000,6,177.000,41,176.000,10,84.000,3,39.000,20,191.000,21,192.000,30,364.000,1,400.000,1,450.000,1,0,6,
94022187000,180.000,1,178.000,6,177.000,41,176.000,10,84.000,3,39.000,20,191.000,21,192.000,20,364.000,1,400.000,1,450.000,1,0,6,
94022311000,180.000,1,178.000,6,177.000,41,176.000,10,84.000,3,39.000,20,191.000,21,192.000,20,194.000,10,364.000,1,400.000,1,0,6,
94022895000,180.000,1,178.000,6,177.000,20,176.000,10,84.000,3,39.000,20,192.000,20,194.000,10,364.000,1,400.000,1,450.000,1,0,6,
94022895000,180.000,1,179.000,21,178.000,6,177.000,20,176.000,10,84.000,3,191.000,21,192.000,20,194.000,10,364.000,1,400.000,1,0,6,
94023581000,180.000,1,179.000,21,177.000,20,176.000,10,84.000,3,39.000,20,191.000,21,192.000,20,194.000,10,364.000,1,400.000,1,0,6,
94023591000,180.000,1,179.000,27,177.000,20,176.000,10,84.000,3,39.000,20,191.000,21,192.000,20,194.000,10,364.000,1,400.000,1,0,6,
94023605000,180.000,1,179.000,21,177.000,20,176.000,10,84.000,3,39.000,20,191.000,21,192.000,20,194.000,10,364.000,1,400.000,1,0,6,
94023610000,180.000,1,179.000,21,178.000,6,177.000,20,176.000,10,84.000,3,191.000,21,192.000,20,194.000,10,364.000,1,400.000,1,0,6,
94024014000,180.000,1,179.000,21,178.000,6,177.000,20,84.000,3,39.000,20,191.000,21,192.000,20,194.000,10,364.000,1,400.000,1,0,6,
94024014000,180.000,1,179.000,21,178.000,16,177.000,20,84.000,3,39.000,20,191.000,21,192.000,20,194.000,10,364.000,1,400.000,1,0,6,
94025633000,180.000,1,179.000,21,178.000,10,177.000,20,84.000,3,39.000,20,191.000,21,192.000,20,194.000,10,364.000,1,400.000,1,0,6,
94025643000,180.000,1,179.000,27,178.000,10,177.000,20,84.000,3,39.000,20,191.000,21,192.000,20,194.000,10,364.000,1,400.000,1,0,6,
94025807000,180.000,1,179.000,21,178.000,10,177.000,20,84.000,3,39.000,20,191.000,21,192.000,20,194.000,10,364.000,1,400.000,1,0,6,
94025818000,180.000,1,180.000,6,179.000,21,178.000,10,177.000,20,84.000,3,191.000,21,192.000,20,194.000,10,364.000,1,400.000,1,0,6,
94025917000,180.000,1,180.000,6,178.000,10,177.000,20,84.000,3,39.000,20,192.000,20,194.000,10,364.000,1,400.000,1,450.000,1,0,6,
94025917000,180.000,1,181.000,21,180.000,6,178.000,10,177.000,20,84.000,3,192.000,41,194.000,10,364.000,1,400.000,1,450.000,1,0,6,
94026004000,180.000,1,181.000,21,180.000,6,178.000,10,84.000,3,39.000,20,192.000,21,194.000,10,364.000,1,400.000,1,450.000,1,0,6,
94026004000,180.000,1,181.000,21,180.000,6,179.000,20,178.000,10,84.000,3,192.000,21,194.000,30,364.000,1,400.000,1,450.000,1,0,6,
94026961000,180.000,1,180.000,6,179.000,20,178.000,10,84.000,3,39.000,20,194.000,30,364.000,1,400.000,1,450.000,1,775.000,1,0,6,
94026961000,180.000,1,181.000,21,180.000,6,179.000,20,178.000,10,84.000,3,193.000,21,194.000,30,364.000,1,400.000,1,450.000,1,0,6,
94028474000,180.000,1,181.000,21,180.000,6,179.000,20,84.000,3,39.000,20,193.000,21,194.000,30,364.000,1,400.000,1,450.000,1,0,6,
94028477000,180.000,1,181.000,21,180.000,16,179.000,20,84.000,3,39.000,20,193.000,21,194.000,30,364.000,1,400.000,1,450.000,1,0,6,
94029051000,180.000,1,181.000,21,180.000,16,179.000,20,84.000,3,39.000,20,193.000,21,194.000,20,364.000,1,400.000,1,450.000,1,0,6,
94029491000,180.000,1,181.000,21,180.000,16,179.000,20,84.000,3,39.000,20,193.000,21,194.000,20,196.000,10,364.000,1,400.000,1,0,6,
94030738000,180.000,1,181.000,21,180.000,10,179.000,20,84.000,3,39.000,20,193.000,21,194.000,20,196.000,10,364.000,1,400.000,1,0,6,
94030750000,180.000,1,181.000,27,180.000,10,179.000,20,84.000,3,39.000,20,193.000,21,194.000,20,196.000,10,364.000,1,400.000,1,0,6,
94034166000,180.000,1,181.000,6,180.000,10,179.000,20,84.000,3,39.000,20,194.000,20,196.000,10,364.000,1,400.000,1,450.000,1,0,6,
94034166000,180.000,1,181.000,27,180.000,10,179.000,20,84.000,3,39.000,20,194.000,41,196.000,10,364.000,1,400.000,1,450.000,1,0,6,
94034905000,180.000,1,181.000,21,180.000,10,179.000,20,84.000,3,39.000,20,194.000,41,196.000,10,364.000,1,400.000,1,450.000,1,0,6,
94034916000,180.000,1,182.000,6,181.000,21,180.000,10,179.000,20,84.000,3,194.000,41,196.000,10,364.000,1,400.000,1,450.000,1,0,6,
94034925000,180.000,1,182.000,6,181.000,21,180.000,10,84.000,3,39.000,20,194.000,21,196.000,10,364.000,1,400.000,1,450.000,1,0,6,
94035003000,180.000,1,182.000,6,181.000,41,180.000,10,84.000,3,39.000,20,194.000,21,196.000,30,364.000,1,400.000,1,450.000,1,0,6,
94035040000,180.000,1,182.000,6,181.000,41,180.000,10,84.000,3,39.000,20,194.000,21,196.000,20,364.000,1,400.000,1,450.000,1,0,6,
94035330000,180.000,1,182.000,6,181.000,20,180.000,10,84.000,3,39.000,20,196.000,20,364.000,1,400.000,1,450.000,1,775.000,1,0,6,
94035347000,180.000,1,182.000,6,180.000,10,84.000,3,39.000,20,38.500,1,364.000,1,400.000,1,450.000,1,775.000,1,0,0,0,6,
94035414000,180.000,1,180.000,10,84.000,3,39.000,20,38.500,1,22.500,20,364.000,1,400.000,1,450.000,1,775.000,1,0,0,0,6,
94035414000,180.000,1,180.000,10,84.000,3,39.000,20,38.500,1,22.500,20,354.000,6,364.000,1,400.000,1,450.000,1,775.000,1,0,6,
94035425000,180.000,1,181.000,6,180.000,10,84.000,3,39.000,20,38.500,1,354.000,6,364.000,1,400.000,1,450.000,1,775.000,1,0,6,
94035591000,180.000,1,181.000,6,180.000,10,84.000,3,39.000,20,38.500,1,364.000,1,400.000,1,450.000,1,775.000,1,0,0,0,6,
94035598000,180.000,1,181.000,6,180.000,10,84.000,3,39.000,20,38.500,1,353.000,6,364.000,1,400.000,1,450.000,1,775.000,1,0,6,
94035610000,180.000,1,181.000,6,180.000,10,84.000,3,39.000,20,38.500,1,364.000,1,400.000,1,450.000,1,775.000,1,0,0,0,6,
94035621000,180.000,1,181.000,6,180.000,10,84.000,3,39.000,20,38.500,1,354.000,6,364.000,1,400.000,1,450.000,1,775.000,1,0,6,
94036004000,180.000,1,181.000,6,180.000,10,84.000,3,39.000,20,38.500,1,364.000,1,400.000,1,450.000,1,775.000,1,0,0,0,6,
94036110000,180.000,1,181.000,6,180.000,10,84.000,3,39.000,20,38.500,1,354.000,6,364.000,1,400.000,1,450.000,1,775.000,1,0,6,
94036366000,180.000,1,181.000,6,180.000,10,84.000,3,39.000,20,38.500,1,333.000,10,354.000,6,364.000,1,400.000,1,450.000,1,0,6,
94036464000,180.000,1,181.000,6,180.000,10,84.000,3,39.000,20,38.500,1,333.000,10,364.000,1,400.000,1,450.000,1,775.000,1,0,6,
94036475000,180.000,1,181.000,6,180.000,10,84.000,3,39.000,20,38.500,1,332.000,6,333.000,10,364.000,1,400.000,1,450.000,1,0,6,
94040217000,180.000,1,185.000,21,181.000,6,180.000,10,84.000,3,39.000,20,200.000,21,332.000,6,333.000,10,364.000,1,400.000,1,0,6,
94040261000,180.000,1,185.000,21,180.000,10,84.000,3,39.000,20,38.500,1,200.000,21,332.000,6,333.000,10,364.000,1,400.000,1,0,6,
94040261000,180.000,1,185.000,21,180.000,10,84.000,3,39.000,20,38.500,1,200.000,21,333.000,10,364.000,1,400.000,1,450.000,1,0,6,
94040394000,180.000,1,185.000,21,84.000,3,39.000,20,38.500,1,22.500,20,200.000,21,333.000,10,364.000,1,400.000,1,450.000,1,0,6,
94040394000,180.000,1,185.000,21,184.000,10,84.000,3,39.000,20,38.500,1,200.000,21,333.000,10,364.000,1,400.000,1,450.000,1,0,6,
94040503000,180.000,1,185.000,41,184.000,10,84.000,3,39.000,20,38.500,1,200.000,41,333.000,10,364.000,1,400.000,1,450.000,1,0,6,
94040733000,180.000,1,185.000,41,184.000,16,84.000,3,39.000,20,38.500,1,200.000,41,333.000,10,364.000,1,400.000,1,450.000,1,0,6,
94041029000,180.000,1,185.000,41,184.000,16,84.000,3,39.000,20,38.500,1,200.000,41,364.000,1,400.000,1,450.000,1,775.000,1,0,6,
94041029000,180.000,1,185.000,41,184.000,16,84.000,3,39.000,20,38.500,1,200.000,41,201.000,10,364.000,1,400.000,1,450.000,1,0,6,
94046959000,180.000,1,185.000,41,184.000,10,84.000,3,39.000,20,38.500,1,200.000,41,201.000,10,364.000,1,400.000,1,450.000,1,0,6,
94048250000,180.000,1,185.000,41,184.000,16,84.000,3,39.000,20,38.500,1,200.000,41,201.000,10,364.000,1,400.000,1,450.000,1,0,6,
94048747000,180.000,1,185.000,41,184.000,10,84.000,3,39.000,20,38.500,1,200.000,41,201.000,10,364.000,1,400.000,1,450.000,1,0,6,
94049585000,180.000,1,185.000,41,184.000,16,84.000,3,39.000,20,38.500,1,200.000,41,201.000,10,364.000,1,400.000,1,450.000,1,0,6,
94050693000,180.000,1,185.000,41,184.000,10,84.000,3,39.000,20,38.500,1,200.000,41,201.000,10,364.000,1,400.000,1,450.000,1,0,6,
94050993000,180.000,1,185.000,41,184.000,16,84.000,3,39.000,20,38.500,1,200.000,41,201.000,10,364.000,1,400.000,1,450.000,1,0,6,
94051969000,180.000,1,185.000,41,184.000,10,84.000,3,39.000,20,38.500,1,200.000,41,201.000,10,364.000,1,400.000,1,450.000,1,0,6,
94054643000,180.000,1,185.000,41,184.000,16,84.000,3,39.000,20,38.500,1,200.000,41,201.000,10,364.000,1,400.000,1,450.000,1,0,6,
94055129000,180.000,1,185.000,41,184.000,10,84.000,3,39.000,20,38.500,1,200.000,41,201.000,10,364.000,1,400.000,1,450.000,1,0,6,
94056462000,180.000,1,185.000,41,184.000,16,84.000,3,39.000,20,38.500,1,200.000,41,201.000,10,364.000,1,400.000,1,450.000,1,0,6,
94100357000,180.000,1,185.000,41,184.000,10,84.000,3,39.000,20,38.500,1,200.000,41,201.000,10,364.000,1,400.000,1,450.000,1,0,6,
94100364000,180.000,1,185.000,47,184.000,10,84.000,3,39.000,20,38.500,1,200.000,41,201.000,10,364.000,1,400.000,1,450.000,1,0,6,
94104163000,180.000,1,185.000,41,184.000,10,84.000,3,39.000,20,38.500,1,200.000,41,201.000,10,364.000,1,400.000,1,450.000,1,0,6,
94104174000,180.000,1,185.000,41,184.000,16,84.000,3,39.000,20,38.500,1,200.000,41,201.000,10,364.000,1,400.000,1,450.000,1,0,6,
94105766000,180.000,1,185.000,41,184.000,10,84.000,3,39.000,20,38.500,1,200.000,41,201.000,10,364.000,1,400.000,1,450.000,1,0,6,
94105776000,180.000,1,185.000,47,184.000,10,84.000,3,39.000,20,38.500,1,200.000,41,201.000,10,364.000,1,400.000,1,450.000,1,0,6,
94106027000,180.000,1,185.000,47,84.000,3,39.000,20,38.500,1,22.500,20,200.000,41,201.000,10,364.000,1,400.000,1,450.000,1,0,6,
94106028000,180.000,1,186.000,10,185.000,47,84.000,3,39.000,20,38.500,1,200.000,41,201.000,10,364.000,1,400.000,1,450.000,1,0,6,
94106093000,180.000,1,186.000,10,185.000,26,84.000,3,39.000,20,38.500,1,200.000,20,201.000,10,364.000,1,400.000,1,450.000,1,0,6,
94106093000,180.000,1,187.000,21,186.000,10,185.000,26,84.000,3,39.000,20,200.000,41,201.000,10,364.000,1,400.000,1,450.000,1,0,6,
94110472000,180.000,1,187.000,21,186.000,10,185.000,20,84.000,3,39.000,20,200.000,41,201.000,10,364.000,1,400.000,1,450.000,1,0,6,
94115119000,180.000,1,187.000,21,186.000,16,185.000,20,84.000,3,39.000,20,200.000,41,201.000,10,364.000,1,400.000,1,450.000,1,0,6,
94115690000,180.000,1,187.000,21,186.000,10,185.000,20,84.000,3,39.000,20,200.000,41,201.000,10,364.000,1,400.000,1,450.000,1,0,6,
94117798000,180.000,1,187.000,21,186.000,10,185.000,20,84.000,3,39.000,20,200.000,41,364.000,1,400.000,1,450.000,1,775.000,1,0,6,
94117800000,180.000,1,187.000,21,186.000,16,185.000,20,84.000,3,39.000,20,200.000,41,364.000,1,400.000,1,450.000,1,775.000,1,0,6,
94119013000,180.000,1,186.000,16,185.000,20,84.000,3,39.000,20,38.500,1,200.000,20,364.000,1,400.000,1,450.000,1,775.000,1,0,6,
94119013000,180.000,1,187.000,21,186.000,16,185.000,20,84.000,3,39.000,20,200.000,20,201.000,21,364.000,1,400.000,1,450.000,1,0,6,
94119015000,180.000,1,187.000,21,186.000,16,185.000,20,84.000,3,39.000,20,200.000,20,201.000,21,205.000,10,364.000,1,400.000,1,0,6,
94119111000,180.000,1,187.000,21,186.000,16,84.000,3,39.000,20,38.500,1,201.000,21,205.000,10,364.000,1,400.000,1,450.000,1,0,6,
94119503000,180.000,1,187.000,41,186.000,16,84.000,3,39.000,20,38.500,1,201.000,21,202.000,20,205.000,10,364.000,1,400.000,1,0,6,
94122599000,180.000,1,187.000,41,186.000,10,84.000,3,39.000,20,38.500,1,201.000,21,202.000,20,205.000,10,364.000,1,400.000,1,0,6,
94122610000,180.000,1,187.000,47,186.000,10,84.000,3,39.000,20,38.500,1,201.000,21,202.000,20,205.000,10,364.000,1,400.000,1,0,6,
94123588000,180.000,1,187.000,26,186.000,10,84.000,3,39.000,20,38.500,1,202.000,20,205.000,10,364.000,1,400.000,1,450.000,1,0,6,
94123588000,180.000,1,187.000,47,186.000,10,84.000,3,39.000,20,38.500,1,202.000,41,205.000,10,364.000,1,400.000,1,450.000,1,0,6,
94125137000,180.000,1,187.000,41,186.000,10,84.000,3,39.000,20,38.500,1,202.000,41,205.000,10,364.000,1,400.000,1,450.000,1,0,6,
94125144000,180.000,1,188.000,6,187.000,41,186.000,10,84.000,3,39.000,20,202.000,41,205.000,10,364.000,1,400.000,1,450.000,1,0,6,
94125377000,180.000,1,188.000,6,187.000,20,186.000,10,84.000,3,39.000,20,202.000,20,205.000,10,364.000,1,400.000,1,450.000,1,0,6,
94125377000,180.000,1,189.000,21,188.000,6,187.000,20,186.000,10,84.000,3,202.000,20,203.000,21,205.000,10,364.000,1,400.000,1,0,6,
94125404000,180.000,1,189.000,21,188.000,6,186.000,10,84.000,3,39.000,20,203.000,21,205.000,10,364.000,1,400.000,1,450.000,1,0,6,
94125504000,180.000,1,189.000,21,188.000,26,186.000,10,84.000,3,39.000,20,203.000,41,205.000,10,364.000,1,400.000,1,450.000,1,0,6,
94125885000,180.000,1,189.000,21,188.000,26,186.000,10,84.000,3,39.000,20,203.000,41,364.000,1,400.000,1,450.000,1,775.000,1,0,6,
94126164000,180.000,1,189.000,21,188.000,26,186.000,10,84.000,3,39.000,20,203.000,41,207.000,10,364.000,1,400.000,1,450.000,1,0,6,
94126165000,180.000,1,188.000,26,186.000,10,84.000,3,39.000,20,38.500,1,203.000,20,207.000,10,364.000,1,400.000,1,450.000,1,0,6,
94126165000,180.000,1,189.000,21,188.000,26,186.000,10,84.000,3,39.000,20,203.000,20,204.000,21,207.000,10,364.000,1,400.000,1,0,6,
94126315000,180.000,1,189.000,21,188.000,6,186.000,10,84.000,3,39.000,20,204.000,21,207.000,10,364.000,1,400.000,1,450.000,1,0,6,
94126426000,180.000,1,189.000,21,186.000,10,84.000,3,39.000,20,38.500,1,204.000,21,207.000,10,364.000,1,400.000,1,450.000,1,0,6,
94126437000,180.000,1,189.000,27,186.000,10,84.000,3,39.000,20,38.500,1,204.000,21,207.000,10,364.000,1,400.000,1,450.000,1,0,6,
94126503000,180.000,1,189.000,47,186.000,10,84.000,3,39.000,20,38.500,1,204.000,41,207.000,10,364.000,1,400.000,1,450.000,1,0,6,
94127619000,180.000,1,189.000,41,186.000,10,84.000,3,39.000,20,38.500,1,204.000,41,207.000,10,364.000,1,400.000,1,450.000,1,0,6,
94127629000,180.000,1,189.000,41,188.000,6,186.000,10,84.000,3,39.000,20,204.000,41,207.000,10,364.000,1,400.000,1,450.000,1,0,6,
94140252000,180.000,1,189.000,41,186.000,10,84.000,3,39.000,20,38.500,1,204.000,41,207.000,10,364.000,1,400.000,1,450.000,1,0,6,
94140262000,180.000,1,189.000,47,186.000,10,84.000,3,39.000,20,38.500,1,204.000,41,207.000,10,364.000,1,400.000,1,450.000,1,0,6,
94140736000,180.000,1,189.000,41,186.000,10,84.000,3,39.000,20,38.500,1,204.000,41,207.000,10,364.000,1,400.000,1,450.000,1,0,6,
94140747000,180.000,1,190.000,6,189.000,41,186.000,10,84.000,3,39.000,20,204.000,41,207.000,10,364.000,1,400.000,1,450.000,1,0,6,
94141181000,180.000,1,190.000,6,189.000,20,186.000,10,84.000,3,39.000,20,204.000,20,207.000,10,364.000,1,400.000,1,450.000,1,0,6,
94141181000,180.000,1,191.000,21,190.000,6,189.000,20,186.000,10,84.000,3,204.000,41,207.000,10,364.000,1,400.000,1,450.000,1,0,6,
94141184000,180.000,1,191.000,21,190.000,6,186.000,10,84.000,3,39.000,20,204.000,21,207.000,10,364.000,1,400.000,1,450.000,1,0,6,
94141503000,180.000,1,191.000,41,190.000,6,186.000,10,84.000,3,39.000,20,204.000,21,206.000,20,207.000,10,364.000,1,400.000,1,0,6,
94142249000,180.000,1,191.000,20,190.000,6,186.000,10,84.000,3,39.000,20,206.000,20,207.000,10,364.000,1,400.000,1,450.000,1,0,6,
94142249000,180.000,1,191.000,41,190.000,6,186.000,10,84.000,3,39.000,20,205.000,21,206.000,20,207.000,10,364.000,1,400.000,1,0,6,
94145501000,180.000,1,191.000,41,186.000,10,84.000,3,39.000,20,38.500,1,205.000,21,206.000,20,207.000,10,364.000,1,400.000,1,0,6,
94146240000,180.000,1,191.000,41,190.000,6,186.000,10,84.000,3,39.000,20,205.000,21,206.000,20,207.000,10,364.000,1,400.000,1,0,6,
94147340000,180.000,1,191.000,41,186.000,10,84.000,3,39.000,20,38.500,1,205.000,21,206.000,20,207.000,10,364.000,1,400.000,1,0,6,
94151069000,180.000,1,191.000,41,84.000,3,39.000,20,38.500,1,22.500,20,205.000,21,206.000,20,207.000,10,364.000,1,400.000,1,0,6,
94151069000,180.000,1,191.000,41,190.000,10,84.000,3,39.000,20,38.500,1,205.000,21,206.000,20,207.000,10,364.000,1,400.000,1,0,6,
94203252000,180.000,1,191.000,41,190.000,16,84.000,3,39.000,20,38.500,1,205.000,21,206.000,20,207.000,10,364.000,1,400.000,1,0,6,
94203426000,180.000,1,191.000,41,190.000,6,84.000,3,39.000,20,38.500,1,205.000,21,206.000,20,207.000,10,364.000,1,400.000,1,0,6,
94203427000,180.000,1,192.000,10,191.000,41,190.000,6,84.000,3,39.000,20,205.000,21,206.000,20,207.000,10,364.000,1,400.000,1,0,6,
94203651000,180.000,1,192.000,10,191.000,20,190.000,6,84.000,3,39.000,20,206.000,20,207.000,10,364.000,1,400.000,1,450.000,1,0,6,
94203651000,180.000,1,193.000,21,192.000,10,191.000,20,190.000,6,84.000,3,205.000,21,206.000,20,207.000,10,364.000,1,400.000,1,0,6,
94204840000,180.000,1,193.000,21,192.000,10,191.000,20,84.000,3,39.000,20,205.000,21,206.000,20,207.000,10,364.000,1,400.000,1,0,6,
94224372000,180.000,1,193.000,21,192.000,16,191.000,20,84.000,3,39.000,20,205.000,21,206.000,20,207.000,10,364.000,1,400.000,1,0,6,
94225003000,180.000,1,193.000,21,192.000,16,191.000,20,84.000,3,39.000,20,205.000,21,206.000,20,364.000,1,400.000,1,450.000,1,0,6,
94225218000,180.000,1,192.000,16,191.000,20,84.000,3,39.000,20,38.500,1,206.000,20,364.000,1,400.000,1,450.000,1,775.000,1,0,6,
94225218000,180.000,1,193.000,21,192.000,16,191.000,20,84.000,3,39.000,20,206.000,41,364.000,1,400.000,1,450.000,1,775.000,1,0,6,
94225401000,180.000,1,193.000,21,192.000,10,191.000,20,84.000,3,39.000,20,206.000,41,364.000,1,400.000,1,450.000,1,775.000,1,0,6,
94225411000,180.000,1,193.000,27,192.000,10,191.000,20,84.000,3,39.000,20,206.000,41,364.000,1,400.000,1,450.000,1,775.000,1,0,6,
94225504000,180.000,1,193.000,27,192.000,10,84.000,3,39.000,20,38.500,1,206.000,21,364.000,1,400.000,1,450.000,1,775.000,1,0,6,
94225504000,180.000,1,193.000,47,192.000,10,84.000,3,39.000,20,38.500,1,206.000,21,208.000,20,364.000,1,400.000,1,450.000,1,0,6,
94225569000,180.000,1,193.000,26,192.000,10,84.000,3,39.000,20,38.500,1,208.000,20,364.000,1,400.000,1,450.000,1,775.000,1,0,6,
94225569000,180.000,1,193.000,47,192.000,10,84.000,3,39.000,20,38.500,1,207.000,21,208.000,20,364.000,1,400.000,1,450.000,1,0,6,
94225630000,180.000,1,193.000,41,192.000,10,84.000,3,39.000,20,38.500,1,207.000,21,208.000,20,364.000,1,400.000,1,450.000,1,0,6,
94225642000,180.000,1,194.000,6,193.000,41,192.000,10,84.000,3,39.000,20,207.000,21,208.000,20,364.000,1,400.000,1,450.000,1,0,6,
94226173000,180.000,1,193.000,41,192.000,10,84.000,3,39.000,20,38.500,1,207.000,21,208.000,20,364.000,1,400.000,1,450.000,1,0,6,
94226177000,180.000,1,193.000,47,192.000,10,84.000,3,39.000,20,38.500,1,207.000,21,208.000,20,364.000,1,400.000,1,450.000,1,0,6,
94226282000,180.000,1,193.000,47,192.000,10,84.000,3,39.000,20,38.500,1,207.000,21,208.000,20,210.000,10,364.000,1,400.000,1,0,6,
94227377000,180.000,1,193.000,41,192.000,10,84.000,3,39.000,20,38.500,1,207.000,21,208.000,20,210.000,10,364.000,1,400.000,1,0,6,
94227387000,180.000,1,194.000,6,193.000,41,192.000,10,84.000,3,39.000,20,207.000,21,208.000,20,210.000,10,364.000,1,400.000,1,0,6,
94227669000,180.000,1,194.000,6,193.000,21,192.000,10,84.000,3,39.000,20,207.000,21,210.000,10,364.000,1,400.000,1,450.000,1,0,6,
94227768000,180.000,1,194.000,6,192.000,10,84.000,3,39.000,20,38.500,1,210.000,10,364.000,1,400.000,1,450.000,1,775.000,1,0,6,
94227768000,180.000,1,195.000,21,194.000,6,192.000,10,84.000,3,39.000,20,209.000,21,210.000,10,364.000,1,400.000,1,450.000,1,0,6,
94228038000,180.000,1,195.000,21,192.000,10,84.000,3,39.000,20,38.500,1,209.000,21,210.000,10,364.000,1,400.000,1,450.000,1,0,6,
94228903000,180.000,1,192.000,10,84.000,3,39.000,20,38.500,1,22.500,20,210.000,10,364.000,1,400.000,1,450.000,1,775.000,1,0,6,
94228903000,180.000,1,194.000,21,192.000,10,84.000,3,39.000,20,38.500,1,209.000,21,210.000,10,364.000,1,400.000,1,450.000,1,0,6,
94228981000,180.000,1,194.000,21,193.000,6,192.000,10,84.000,3,39.000,20,209.000,21,210.000,10,364.000,1,400.000,1,450.000,1,0,6,
94230669000,180.000,1,194.000,21,192.000,10,84.000,3,39.000,20,38.500,1,209.000,21,210.000,10,364.000,1,400.000,1,450.000,1,0,6,
94230680000,180.000,1,194.000,27,192.000,10,84.000,3,39.000,20,38.500,1,209.000,21,210.000,10,364.000,1,400.000,1,450.000,1,0,6,
94232252000,180.000,1,194.000,21,192.000,10,84.000,3,39.000,20,38.500,1,209.000,21,210.000,10,364.000,1,400.000,1,450.000,1,0,6,
94232259000,180.000,1,194.000,21,193.000,6,192.000,10,84.000,3,39.000,20,209.000,21,210.000,10,364.000,1,400.000,1,450.000,1,0,6,
94233284000,180.000,1,194.000,21,192.000,10,84.000,3,39.000,20,38.500,1,209.000,21,210.000,10,364.000,1,400.000,1,450.000,1,0,6,
94233292000,180.000,1,194.000,27,192.000,10,84.000,3,39.000,20,38.500,1,209.000,21,210.000,10,364.000,1,400.000,1,450.000,1,0,6,
94236504000,180.000,1,194.000,47,192.000,10,84.000,3,39.000,20,38.500,1,209.000,41,210.000,10,364.000,1,400.000,1,450.000,1,0,6,
94237957000,180.000,1,194.000,47,192.000,10,84.000,3,39.000,20,38.500,1,209.000,41,364.000,1,400.000,1,450.000,1,775.000,1,0,6,
94238080000,180.000,1,194.000,47,192.000,10,84.000,3,39.000,20,38.500,1,209.000,41,212.000,10,364.000,1,400.000,1,450.000,1,0,6,
94241401000,180.000,1,194.000,41,192.000,10,84.000,3,39.000,20,38.500,1,209.000,41,212.000,10,364.000,1,400.000,1,450.000,1,0,6,
94241717000,180.000,1,195.000,6,194.000,41,192.000,10,84.000,3,39.000,20,209.000,41,212.000,10,364.000,1,400.000,1,450.000,1,0,6,
94242092000,180.000,1,195.000,6,194.000,20,192.000,10,84.000,3,39.000,20,209.000,20,212.000,10,364.000,1,400.000,1,450.000,1,0,6,
94242092000,180.000,1,196.000,21,195.000,6,194.000,20,192.000,10,84.000,3,209.000,41,212.000,10,364.000,1,400.000,1,450.000,1,0,6,
94243218000,180.000,1,196.000,21,194.000,20,192.000,10,84.000,3,39.000,20,209.000,41,212.000,10,364.000,1,400.000,1,450.000,1,0,6,
94243228000,180.000,1,196.000,27,194.000,20,192.000,10,84.000,3,39.000,20,209.000,41,212.000,10,364.000,1,400.000,1,450.000,1,0,6,
94249124000,180.000,1,196.000,27,194.000,20,84.000,3,39.000,20,38.500,1,209.000,41,212.000,10,364.000,1,400.000,1,450.000,1,0,6,
94249125000,180.000,1,196.000,21,194.000,20,84.000,3,39.000,20,38.500,1,209.000,41,212.000,10,364.000,1,400.000,1,450.000,1,0,6,
94249125000,180.000,1,196.000,21,195.000,10,194.000,20,84.000,3,39.000,20,209.000,41,212.000,10,364.000,1,400.000,1,450.000,1,0,6,
94249132000,180.000,1,196.000,21,195.000,16,194.000,20,84.000,3,39.000,20,209.000,41,212.000,10,364.000,1,400.000,1,450.000,1,0,6,
94254954000,180.000,1,196.000,21,195.000,10,194.000,20,84.000,3,39.000,20,209.000,41,212.000,10,364.000,1,400.000,1,450.000,1,0,6,
94259965000,180.000,1,196.000,21,195.000,16,194.000,20,84.000,3,39.000,20,209.000,41,212.000,10,364.000,1,400.000,1,450.000,1,0,6,
94300857000,180.000,1,196.000,21,195.000,10,194.000,20,84.000,3,39.000,20,209.000,41,212.000,10,364.000,1,400.000,1,450.000,1,0,6,
94304417000,180.000,1,196.000,21,195.000,16,194.000,20,84.000,3,39.000,20,209.000,41,212.000,10,364.000,1,400.000,1,450.000,1,0,6,
94306985000,180.000,1,196.000,21,195.000,10,194.000,20,84.000,3,39.000,20,209.000,41,212.000,10,364.000,1,400.000,1,450.000,1,0,6,
94307974000,180.000,1,196.000,21,195.000,16,194.000,20,84.000,3,39.000,20,209.000,41,212.000,10,364.000,1,400.000,1,450.000,1,0,6,
94309196000,180.000,1,196.000,21,195.000,10,194.000,20,84.000,3,39.000,20,209.000,41,212.000,10,364.000,1,400.000,1,450.000,1,0,6,
94309572000,180.000,1,196.000,21,195.000,16,194.000,20,84.000,3,39.000,20,209.000,41,212.000,10,364.000,1,400.000,1,450.000,1,0,6,
94309746000,180.000,1,196.000,21,195.000,16,194.000,20,84.000,3,39.000,20,209.000,41,364.000,1,400.000,1,450.000,1,775.000,1,0,6,
94309749000,180.000,1,196.000,21,195.000,16,194.000,20,84.000,3,39.000,20,209.000,41,210.000,10,364.000,1,400.000,1,450.000,1,0,6,
94310141000,180.000,1,196.000,21,195.000,10,194.000,20,84.000,3,39.000,20,209.000,41,210.000,10,364.000,1,400.000,1,450.000,1,0,6,
94313029000,180.000,1,196.000,21,195.000,16,194.000,20,84.000,3,39.000,20,209.000,41,210.000,10,364.000,1,400.000,1,450.000,1,0,6,
94316501000,180.000,1,196.000,21,195.000,10,194.000,20,84.000,3,39.000,20,209.000,41,210.000,10,364.000,1,400.000,1,450.000,1,0,6,
94322228000,180.000,1,196.000,21,195.000,16,194.000,20,84.000,3,39.000,20,209.000,41,210.000,10,364.000,1,400.000,1,450.000,1,0,6,
94323349000,180.000,1,196.000,21,195.000,10,194.000,20,84.000,3,39.000,20,209.000,41,210.000,10,364.000,1,400.000,1,450.000,1,0,6,
94431569000,180.000,1,196.000,21,195.000,16,194.000,20,84.000,3,39.000,20,209.000,41,210.000,10,364.000,1,400.000,1,450.000,1,0,6,
94436001000,180.000,1,196.000,21,195.000,10,194.000,20,84.000,3,39.000,20,209.000,41,210.000,10,364.000,1,400.000,1,450.000,1,0,6,
94438307000,180.000,1,196.000,21,195.000,16,194.000,20,84.000,3,39.000,20,209.000,41,210.000,10,364.000,1,400.000,1,450.000,1,0,6,
94444880000,180.000,1,196.000,21,195.000,10,194.000,20,84.000,3,39.000,20,209.000,41,210.000,10,364.000,1,400.000,1,450.000,1,0,6,
94450938000,180.000,1,196.000,21,195.000,16,194.000,20,84.000,3,39.000,20,209.000,41,210.000,10,364.000,1,400.000,1,450.000,1,0,6,
94452097000,180.000,1,196.000,21,195.000,16,194.000,20,84.000,3,39.000,20,209.000,41,364.000,1,400.000,1,450.000,1,775.000,1,0,6,
94452221000,180.000,1,196.000,21,195.000,16,194.000,20,84.000,3,39.000,20,209.000,41,212.000,10,364.000,1,400.000,1,450.000,1,0,6,
94501550000,180.000,1,196.000,21,195.000,10,194.000,20,84.000,3,39.000,20,209.000,41,212.000,10,364.000,1,400.000,1,450.000,1,0,6,
94502766000,180.000,1,196.000,21,195.000,16,194.000,20,84.000,3,39.000,20,209.000,41,212.000,10,364.000,1,400.000,1,450.000,1,0,6,
94503124000,180.000,1,196.000,21,195.000,10,194.000,20,84.000,3,39.000,20,209.000,41,212.000,10,364.000,1,400.000,1,450.000,1,0,6,
94503135000,180.000,1,196.000,27,195.000,10,194.000,20,84.000,3,39.000,20,209.000,41,212.000,10,364.000,1,400.000,1,450.000,1,0,6,
94503504000,180.000,1,196.000,27,195.000,10,84.000,3,39.000,20,38.500,1,209.000,21,212.000,10,364.000,1,400.000,1,450.000,1,0,6,
94503504000,180.000,1,196.000,47,195.000,10,84.000,3,39.000,20,38.500,1,209.000,21,211.000,20,212.000,10,364.000,1,400.000,1,0,6,
94503893000,180.000,1,196.000,26,195.000,10,84.000,3,39.000,20,38.500,1,211.000,20,212.000,10,364.000,1,400.000,1,450.000,1,0,6,
94503893000,180.000,1,196.000,47,195.000,10,84.000,3,39.000,20,38.500,1,210.000,21,211.000,20,212.000,10,364.000,1,400.000,1,0,6,
94504574000,180.000,1,196.000,41,195.000,10,84.000,3,39.000,20,38.500,1,210.000,21,211.000,20,212.000,10,364.000,1,400.000,1,0,6,
94504584000,180.000,1,196.000,41,195.000,16,84.000,3,39.000,20,38.500,1,210.000,21,211.000,20,212.000,10,364.000,1,400.000,1,0,6,
94505346000,180.000,1,196.000,41,195.000,10,84.000,3,39.000,20,38.500,1,210.000,21,211.000,20,212.000,10,364.000,1,400.000,1,0,6,
94505355000,180.000,1,196.000,47,195.000,10,84.000,3,39.000,20,38.500,1,210.000,21,211.000,20,212.000,10,364.000,1,400.000,1,0,6,
94507997000,180.000,1,196.000,47,195.000,10,84.000,3,39.000,20,38.500,1,210.000,21,211.000,20,364.000,1,400.000,1,450.000,1,0,6,
94508122000,180.000,1,196.000,47,195.000,10,84.000,3,39.000,20,38.500,1,210.000,21,211.000,20,214.000,10,364.000,1,400.000,1,0,6,
94508233000,180.000,1,196.000,26,195.000,10,84.000,3,39.000,20,38.500,1,211.000,20,214.000,10,364.000,1,400.000,1,450.000,1,0,6,
94508233000,180.000,1,196.000,47,195.000,10,84.000,3,39.000,20,38.500,1,211.000,41,214.000,10,364.000,1,400.000,1,450.000,1,0,6,
94509002000,180.000,1,196.000,41,195.000,10,84.000,3,39.000,20,38.500,1,211.000,41,214.000,10,364.000,1,400.000,1,450.000,1,0,6,
94509011000,180.000,1,197.000,6,196.000,41,195.000,10,84.000,3,39.000,20,211.000,41,214.000,10,364.000,1,400.000,1,450.000,1,0,6,
94509331000,180.000,1,197.000,6,196.000,20,195.000,10,84.000,3,39.000,20,211.000,20,214.000,10,364.000,1,400.000,1,450.000,1,0,6,
94509331000,180.000,1,198.000,21,197.000,6,196.000,20,195.000,10,84.000,3,211.000,41,214.000,10,364.000,1,400.000,1,450.000,1,0,6,
94510373000,180.000,1,198.000,21,196.000,20,195.000,10,84.000,3,39.000,20,211.000,41,214.000,10,364.000,1,400.000,1,450.000,1,0,6,
94510434000,180.000,1,196.000,20,195.000,10,84.000,3,39.000,20,38.500,1,211.000,20,214.000,10,364.000,1,400.000,1,450.000,1,0,6,
94510434000,180.000,1,197.000,21,196.000,20,195.000,10,84.000,3,39.000,20,211.000,41,214.000,10,364.000,1,400.000,1,450.000,1,0,6,
94510512000,180.000,1,197.000,21,196.000,26,195.000,10,84.000,3,39.000,20,211.000,41,214.000,10,364.000,1,400.000,1,450.000,1,0,6,
94512183000,180.000,1,196.000,26,195.000,10,84.000,3,39.000,20,38.500,1,211.000,20,214.000,10,364.000,1,400.000,1,450.000,1,0,6,
94512183000,180.000,1,197.000,21,196.000,26,195.000,10,84.000,3,39.000,20,210.000,21,211.000,20,214.000,10,364.000,1,400.000,1,0,6,
94521541000,180.000,1,197.000,21,196.000,26,195.000,10,84.000,3,39.000,20,210.000,21,211.000,20,364.000,1,400.000,1,450.000,1,0,6,
94521543000,180.000,1,197.000,21,196.000,26,195.000,10,84.000,3,39.000,20,210.000,21,211.000,20,212.000,10,364.000,1,400.000,1,0,6,
94521792000,180.000,1,197.000,21,196.000,20,195.000,10,84.000,3,39.000,20,210.000,21,211.000,20,212.000,10,364.000,1,400.000,1,0,6,
94522475000,180.000,1,197.000,21,196.000,26,195.000,10,84.000,3,39.000,20,210.000,21,211.000,20,212.000,10,364.000,1,400.000,1,0,6,
94531136000,180.000,1,197.000,21,196.000,20,195.000,10,84.000,3,39.000,20,210.000,21,211.000,20,212.000,10,364.000,1,400.000,1,0,6,
94531147000,180.000,1,197.000,27,196.000,20,195.000,10,84.000,3,39.000,20,210.000,21,211.000,20,212.000,10,364.000,1,400.000,1,0,6,
94535696000,180.000,1,197.000,27,196.000,20,195.000,10,84.000,3,39.000,20,210.000,21,211.000,20,364.000,1,400.000,1,450.000,1,0,6,
94535742000,180.000,1,197.000,6,196.000,20,195.000,10,84.000,3,39.000,20,211.000,20,364.000,1,400.000,1,450.000,1,775.000,1,0,6,
94535742000,180.000,1,197.000,27,196.000,20,195.000,10,84.000,3,39.000,20,211.000,41,364.000,1,400.000,1,450.000,1,775.000,1,0,6,
94535819000,180.000,1,197.000,27,196.000,20,195.000,10,84.000,3,39.000,20,211.000,41,215.000,10,364.000,1,400.000,1,450.000,1,0,6,
94535857000,180.000,1,197.000,21,196.000,20,195.000,10,84.000,3,39.000,20,211.000,41,215.000,10,364.000,1,400.000,1,450.000,1,0,6,
94535865000,180.000,1,198.000,6,197.000,21,196.000,20,195.000,10,84.000,3,211.000,41,215.000,10,364.000,1,400.000,1,450.000,1,0,6,
94536400000,180.000,1,198.000,6,196.000,20,195.000,10,84.000,3,39.000,20,211.000,20,215.000,10,364.000,1,400.000,1,450.000,1,0,6,
94536402000,180.000,1,198.000,6,195.000,10,84.000,3,39.000,20,38.500,1,215.000,10,364.000,1,400.000,1,450.000,1,775.000,1,0,6,
94536513000,180.000,1,195.000,10,84.000,3,39.000,20,38.500,1,22.500,20,215.000,10,364.000,1,400.000,1,450.000,1,775.000,1,0,6,
94536524000,180.000,1,196.000,6,195.000,10,84.000,3,39.000,20,38.500,1,215.000,10,364.000,1,400.000,1,450.000,1,775.000,1,0,6,
94536728000,180.000,1,196.000,6,195.000,10,84.000,3,39.000,20,38.500,1,364.000,1,400.000,1,450.000,1,775.000,1,0,0,0,6,
94536849000,180.000,1,196.000,6,195.000,10,84.000,3,39.000,20,38.500,1,364.000,7,400.000,1,450.000,1,775.000,1,0,0,0,6,
94537982000,180.000,1,196.000,6,195.000,10,84.000,3,39.000,20,38.500,1,348.000,10,364.000,7,400.000,1,450.000,1,775.000,1,0,6,
94538005000,180.000,1,196.000,6,195.000,10,84.000,3,39.000,20,38.500,1,348.000,10,364.000,1,400.000,1,450.000,1,775.000,1,0,6,
94538017000,180.000,1,196.000,6,195.000,10,84.000,3,39.000,20,38.500,1,347.000,6,348.000,10,364.000,1,400.000,1,450.000,1,0,6,
94540221000,180.000,1,199.000,21,196.000,6,195.000,10,84.000,3,39.000,20,214.000,21,347.000,6,348.000,10,364.000,1,400.000,1,0,6,
94540248000,180.000,1,199.000,21,195.000,10,84.000,3,39.000,20,38.500,1,214.000,21,347.000,6,348.000,10,364.000,1,400.000,1,0,6,
94540248000,180.000,1,199.000,21,195.000,10,84.000,3,39.000,20,38.500,1,214.000,21,348.000,10,364.000,1,400.000,1,450.000,1,0,6,
94540512000,180.000,1,199.000,21,84.000,3,39.000,20,38.500,1,22.500,20,214.000,21,348.000,10,364.000,1,400.000,1,450.000,1,0,6,
94540512000,180.000,1,199.000,21,198.000,10,84.000,3,39.000,20,38.500,1,214.000,21,348.000,10,364.000,1,400.000,1,450.000,1,0,6,
94540783000,180.000,1,199.000,27,198.000,10,84.000,3,39.000,20,38.500,1,214.000,21,348.000,10,364.000,1,400.000,1,450.000,1,0,6,
94541446000,180.000,1,199.000,21,198.000,10,84.000,3,39.000,20,38.500,1,214.000,21,348.000,10,364.000,1,400.000,1,450.000,1,0,6,
94541453000,180.000,1,200.000,6,199.000,21,198.000,10,84.000,3,39.000,20,214.000,21,348.000,10,364.000,1,400.000,1,450.000,1,0,6,
94541513000,180.000,1,200.000,6,199.000,21,198.000,10,84.000,3,39.000,20,214.000,21,364.000,1,400.000,1,450.000,1,775.000,1,0,6,
94541513000,180.000,1,200.000,6,199.000,21,198.000,10,84.000,3,39.000,20,214.000,21,215.000,10,364.000,1,400.000,1,450.000,1,0,6,
94542001000,180.000,1,199.000,21,198.000,10,84.000,3,39.000,20,38.500,1,214.000,21,215.000,10,364.000,1,400.000,1,450.000,1,0,6,
94542012000,180.000,1,199.000,27,198.000,10,84.000,3,39.000,20,38.500,1,214.000,21,215.000,10,364.000,1,400.000,1,450.000,1,0,6,
94547294000,180.000,1,199.000,21,198.000,10,84.000,3,39.000,20,38.500,1,214.000,21,215.000,10,364.000,1,400.000,1,450.000,1,0,6,
94547305000,180.000,1,200.000,6,199.000,21,198.000,10,84.000,3,39.000,20,214.000,21,215.000,10,364.000,1,400.000,1,450.000,1,0,6,
94547413000,180.000,1,200.000,6,198.000,10,84.000,3,39.000,20,38.500,1,215.000,10,364.000,1,400.000,1,450.000,1,775.000,1,0,6,
94547413000,180.000,1,201.000,21,200.000,6,198.000,10,84.000,3,39.000,20,214.000,21,215.000,10,364.000,1,400.000,1,450.000,1,0,6,
94548534000,180.000,1,201.000,21,200.000,6,84.000,3,39.000,20,38.500,1,214.000,21,215.000,10,364.000,1,400.000,1,450.000,1,0,6,
94548534000,180.000,1,201.000,21,200.000,16,84.000,3,39.000,20,38.500,1,214.000,21,215.000,10,364.000,1,400.000,1,450.000,1,0,6,
94549410000,180.000,1,201.000,21,200.000,36,84.000,3,39.000,20,38.500,1,214.000,21,215.000,30,364.000,1,400.000,1,450.000,1,0,6,
94549772000,180.000,1,201.000,21,200.000,16,84.000,3,39.000,20,38.500,1,214.000,21,215.000,10,364.000,1,400.000,1,450.000,1,0,6,
94549827000,180.000,1,201.000,21,200.000,36,84.000,3,39.000,20,38.500,1,214.000,21,215.000,30,364.000,1,400.000,1,450.000,1,0,6,
94552503000,180.000,1,201.000,21,200.000,30,84.000,3,39.000,20,38.500,1,214.000,21,215.000,30,364.000,1,400.000,1,450.000,1,0,6,
94552513000,180.000,1,201.000,27,200.000,30,84.000,3,39.000,20,38.500,1,214.000,21,215.000,30,364.000,1,400.000,1,450.000,1,0,6,
94553507000,180.000,1,201.000,27,200.000,30,84.000,3,39.000,20,38.500,1,214.000,21,215.000,20,364.000,1,400.000,1,450.000,1,0,6,
94553631000,180.000,1,201.000,27,200.000,30,84.000,3,39.000,20,38.500,1,214.000,21,215.000,20,217.000,10,364.000,1,400.000,1,0,6,
94556458000,180.000,1,201.000,27,200.000,50,84.000,3,39.000,20,38.500,1,214.000,21,215.000,40,217.000,10,364.000,1,400.000,1,0,6,
94558039000,180.000,1,201.000,27,200.000,30,84.000,3,39.000,20,38.500,1,214.000,21,215.000,20,217.000,10,364.000,1,400.000,1,0,6,
94600579000,180.000,1,201.000,21,200.000,30,84.000,3,39.000,20,38.500,1,214.000,21,215.000,20,217.000,10,364.000,1,400.000,1,0,6,
94600590000,180.000,1,202.000,6,201.000,21,200.000,30,84.000,3,39.000,20,214.000,21,215.000,20,217.000,10,364.000,1,400.000,1,0,6,
94600753000,180.000,1,202.000,6,200.000,30,84.000,3,39.000,20,38.500,1,215.000,20,217.000,10,364.000,1,400.000,1,450.000,1,0,6,
94600753000,180.000,1,203.000,21,202.000,6,200.000,30,84.000,3,39.000,20,214.000,21,215.000,20,217.000,10,364.000,1,400.000,1,0,6,
94600946000,180.000,1,203.000,21,200.000,30,84.000,3,39.000,20,38.500,1,214.000,21,215.000,20,217.000,10,364.000,1,400.000,1,0,6,
94600950000,180.000,1,203.000,27,200.000,30,84.000,3,39.000,20,38.500,1,214.000,21,215.000,20,217.000,10,364.000,1,400.000,1,0,6,
94601004000,180.000,1,203.000,27,200.000,10,84.000,3,39.000,20,38.500,1,214.000,21,217.000,10,364.000,1,400.000,1,450.000,1,0,6,
94601004000,180.000,1,203.000,27,202.000,20,200.000,10,84.000,3,39.000,20,214.000,21,217.000,30,364.000,1,400.000,1,450.000,1,0,6,
94601029000,180.000,1,203.000,27,202.000,20,200.000,10,84.000,3,39.000,20,214.000,21,217.000,20,364.000,1,400.000,1,450.000,1,0,6,
94601072000,180.000,1,203.000,21,202.000,20,200.000,10,84.000,3,39.000,20,214.000,21,217.000,20,364.000,1,400.000,1,450.000,1,0,6,
94601116000,180.000,1,202.000,20,200.000,10,84.000,3,39.000,20,38.500,1,217.000,20,364.000,1,400.000,1,450.000,1,775.000,1,0,6,
94601117000,180.000,1,200.000,10,84.000,3,39.000,20,38.500,1,22.500,20,364.000,1,400.000,1,450.000,1,775.000,1,0,0,0,6,
94601123000,180.000,1,202.000,6,200.000,10,84.000,3,39.000,20,38.500,1,364.000,1,400.000,1,450.000,1,775.000,1,0,0,0,6,
94601144000,180.000,1,200.000,10,84.000,3,39.000,20,38.500,1,22.500,20,364.000,1,400.000,1,450.000,1,775.000,1,0,0,0,6,
94601144000,180.000,1,200.000,10,84.000,3,39.000,20,38.500,1,22.500,20,364.000,7,400.000,1,450.000,1,775.000,1,0,0,0,6,
94601155000,180.000,1,200.000,10,199.000,6,84.000,3,39.000,20,38.500,1,364.000,7,400.000,1,450.000,1,775.000,1,0,0,0,6,
94601157000,180.000,1,200.000,10,84.000,3,39.000,20,38.500,1,22.500,20,364.000,7,400.000,1,450.000,1,775.000,1,0,0,0,6,
94601166000,180.000,1,201.000,6,200.000,10,84.000,3,39.000,20,38.500,1,364.000,7,400.000,1,450.000,1,775.000,1,0,0,0,6,
94601397000,180.000,1,200.000,10,84.000,3,39.000,20,38.500,1,22.500,20,364.000,7,400.000,1,450.000,1,775.000,1,0,0,0,6,
94601401000,180.000,1,200.000,10,199.000,6,84.000,3,39.000,20,38.500,1,364.000,7,400.000,1,450.000,1,775.000,1,0,0,0,6,
94601513000,180.000,1,200.000,10,84.000,3,39.000,20,38.500,1,22.500,20,364.000,7,400.000,1,450.000,1,775.000,1,0,0,0,6,
94601524000,180.000,1,201.000,6,200.000,10,84.000,3,39.000,20,38.500,1,364.000,7,400.000,1,450.000,1,775.000,1,0,0,0,6,
94602582000,180.000,1,201.000,6,200.000,10,84.000,3,39.000,20,38.500,1,351.000,10,364.000,7,400.000,1,450.000,1,775.000,1,0,6,
94602633000,180.000,1,201.000,6,200.000,10,84.000,3,39.000,20,38.500,1,351.000,10,364.000,1,400.000,1,450.000,1,775.000,1,0,6,
94602642000,180.000,1,201.000,6,200.000,10,84.000,3,39.000,20,38.500,1,350.000,6,351.000,10,364.000,1,400.000,1,450.000,1,0,6,
94603674000,180.000,1,203.000,21,201.000,6,200.000,10,84.000,3,39.000,20,218.000,21,350.000,6,351.000,10,364.000,1,400.000,1,0,6,
94603743000,180.000,1,203.000,21,201.000,6,200.000,10,84.000,3,39.000,20,218.000,21,351.000,10,364.000,1,400.000,1,450.000,1,0,6,
94603743000,180.000,1,203.000,21,200.000,10,84.000,3,39.000,20,38.500,1,218.000,21,351.000,10,364.000,1,400.000,1,450.000,1,0,6,
94603754000,180.000,1,203.000,27,200.000,10,84.000,3,39.000,20,38.500,1,218.000,21,351.000,10,364.000,1,400.000,1,450.000,1,0,6,
94603786000,180.000,1,203.000,47,200.000,10,84.000,3,39.000,20,38.500,1,218.000,41,351.000,10,364.000,1,400.000,1,450.000,1,0,6,
94605204000,180.000,1,203.000,47,200.000,10,84.000,3,39.000,20,38.500,1,218.000,41,364.000,1,400.000,1,450.000,1,775.000,1,0,6,
94605204000,180.000,1,203.000,47,200.000,10,84.000,3,39.000,20,38.500,1,218.000,41,219.000,10,364.000,1,400.000,1,450.000,1,0,6,
94606653000,180.000,1,203.000,47,84.000,3,39.000,20,38.500,1,22.500,20,218.000,41,219.000,10,364.000,1,400.000,1,450.000,1,0,6,
94606654000,180.000,1,203.000,47,202.000,10,84.000,3,39.000,20,38.500,1,218.000,41,219.000,10,364.000,1,400.000,1,450.000,1,0,6,
94610799000,180.000,1,203.000,41,202.000,10,84.000,3,39.000,20,38.500,1,218.000,41,219.000,10,364.000,1,400.000,1,450.000,1,0,6,
94610809000,180.000,1,204.000,6,203.000,41,202.000,10,84.000,3,39.000,20,218.000,41,219.000,10,364.000,1,400.000,1,450.000,1,0,6,
94611308000,180.000,1,204.000,6,203.000,20,202.000,10,84.000,3,39.000,20,218.000,20,219.000,10,364.000,1,400.000,1,450.000,1,0,6,
94611308000,180.000,1,205.000,21,204.000,6,203.000,20,202.000,10,84.000,3,218.000,41,219.000,10,364.000,1,400.000,1,450.000,1,0,6,
94611996000,180.000,1,205.000,21,204.000,6,203.000,20,202.000,10,84.000,3,218.000,41,364.000,1,400.000,1,450.000,1,775.000,1,0,6,
94612121000,180.000,1,205.000,21,203.000,20,202.000,10,84.000,3,39.000,20,218.000,41,364.000,1,400.000,1,450.000,1,775.000,1,0,6,
94612130000,180.000,1,205.000,27,203.000,20,202.000,10,84.000,3,39.000,20,218.000,41,364.000,1,400.000,1,450.000,1,775.000,1,0,6,
94612310000,180.000,1,205.000,21,203.000,20,202.000,10,84.000,3,39.000,20,218.000,41,364.000,1,400.000,1,450.000,1,775.000,1,0,6,
94612321000,180.000,1,206.000,6,205.000,21,203.000,20,202.000,10,84.000,3,218.000,41,364.000,1,400.000,1,450.000,1,775.000,1,0,6,
94612402000,180.000,1,206.000,6,205.000,21,202.000,10,84.000,3,39.000,20,218.000,21,364.000,1,400.000,1,450.000,1,775.000,1,0,6,
94612456000,180.000,1,206.000,6,202.000,10,84.000,3,39.000,20,38.500,1,364.000,1,400.000,1,450.000,1,775.000,1,0,0,0,6,
94612483000,180.000,1,202.000,10,84.000,3,39.000,20,38.500,1,22.500,20,364.000,1,400.000,1,450.000,1,775.000,1,0,0,0,6,
94612483000,180.000,1,202.000,10,84.000,3,39.000,20,38.500,1,22.500,20,364.000,7,400.000,1,450.000,1,775.000,1,0,0,0,6,
94612495000,180.000,1,203.000,6,202.000,10,84.000,3,39.000,20,38.500,1,364.000,7,400.000,1,450.000,1,775.000,1,0,0,0,6,
94612825000,180.000,1,202.000,10,84.000,3,39.000,20,38.500,1,22.500,20,364.000,7,400.000,1,450.000,1,775.000,1,0,0,0,6,
94612999000,180.000,1,203.000,6,202.000,10,84.000,3,39.000,20,38.500,1,364.000,7,400.000,1,450.000,1,775.000,1,0,0,0,6,
94614048000,180.000,1,203.000,6,202.000,10,84.000,3,39.000,20,38.500,1,354.000,10,364.000,7,400.000,1,450.000,1,775.000,1,0,6,
94614103000,180.000,1,203.000,6,202.000,10,84.000,3,39.000,20,38.500,1,354.000,10,364.000,1,400.000,1,450.000,1,775.000,1,0,6,
94614115000,180.000,1,203.000,6,202.000,10,84.000,3,39.000,20,38.500,1,353.000,6,354.000,10,364.000,1,400.000,1,450.000,1,0,6,
94616860000,180.000,1,207.000,21,203.000,6,202.000,10,84.000,3,39.000,20,222.000,21,353.000,6,354.000,10,364.000,1,400.000,1,0,6,
94616941000,180.000,1,207.000,21,202.000,10,84.000,3,39.000,20,38.500,1,222.000,21,353.000,6,354.000,10,364.000,1,400.000,1,0,6,
94616941000,180.000,1,207.000,21,202.000,10,84.000,3,39.000,20,38.500,1,222.000,21,354.000,10,364.000,1,400.000,1,450.000,1,0,6,
94617004000,180.000,1,207.000,41,202.000,10,84.000,3,39.000,20,38.500,1,222.000,41,354.000,10,364.000,1,400.000,1,450.000,1,0,6,
94617348000,180.000,1,207.000,41,84.000,3,39.000,20,38.500,1,22.500,20,222.000,41,354.000,10,364.000,1,400.000,1,450.000,1,0,6,
94617348000,180.000,1,207.000,41,206.000,10,84.000,3,39.000,20,38.500,1,222.000,41,354.000,10,364.000,1,400.000,1,450.000,1,0,6,
94617387000,180.000,1,207.000,41,84.000,3,39.000,20,38.500,1,22.500,20,222.000,41,354.000,10,364.000,1,400.000,1,450.000,1,0,6,
94617804000,180.000,1,207.000,41,205.000,10,84.000,3,39.000,20,38.500,1,222.000,41,354.000,10,364.000,1,400.000,1,450.000,1,0,6,
94618576000,180.000,1,207.000,51,205.000,10,84.000,3,39.000,20,38.500,1,222.000,41,354.000,10,364.000,1,400.000,1,450.000,1,0,6,
94618576000,180.000,1,207.000,51,205.000,10,84.000,3,39.000,20,38.500,1,222.000,51,354.000,10,364.000,1,400.000,1,450.000,1,0,6,
94619219000,180.000,1,207.000,51,205.000,10,84.000,3,39.000,20,38.500,1,222.000,57,354.000,10,364.000,1,400.000,1,450.000,1,0,6,
94619222000,180.000,1,207.000,51,205.000,10,84.000,3,39.000,20,38.500,1,222.000,51,354.000,10,364.000,1,400.000,1,450.000,1,0,6,
94619603000,180.000,1,207.000,51,205.000,10,84.000,3,39.000,20,38.500,1,222.000,51,223.000,6,354.000,10,364.000,1,400.000,1,0,6,
94619965000,180.000,1,207.000,51,205.000,10,84.000,3,39.000,20,38.500,1,222.000,51,354.000,10,364.000,1,400.000,1,450.000,1,0,6,
94620806000,180.000,1,207.000,51,205.000,10,84.000,3,39.000,20,38.500,1,222.000,57,354.000,10,364.000,1,400.000,1,450.000,1,0,6,
94621874000,180.000,1,207.000,51,84.000,3,39.000,20,38.500,1,22.500,20,222.000,57,354.000,10,364.000,1,400.000,1,450.000,1,0,6,
94621993000,180.000,1,207.000,51,84.000,3,39.000,20,38.500,1,22.500,20,222.000,51,354.000,10,364.000,1,400.000,1,450.000,1,0,6,
94621996000,180.000,1,207.000,51,204.000,10,84.000,3,39.000,20,38.500,1,222.000,51,354.000,10,364.000,1,400.000,1,450.000,1,0,6,
94621999000,180.000,1,207.000,51,204.000,10,84.000,3,39.000,20,38.500,1,222.000,51,223.000,6,354.000,10,364.000,1,400.000,1,0,6,
94622116000,180.000,1,207.000,51,204.000,10,84.000,3,39.000,20,38.500,1,222.000,51,354.000,10,364.000,1,400.000,1,450.000,1,0,6,
94622956000,180.000,1,207.000,51,204.000,10,84.000,3,39.000,20,38.500,1,222.000,51,223.000,6,354.000,10,364.000,1,400.000,1,0,6,
94624652000,180.000,1,207.000,51,204.000,10,84.000,3,39.000,20,38.500,1,222.000,51,354.000,10,364.000,1,400.000,1,450.000,1,0,6,
94624663000,180.000,1,207.000,51,204.000,10,84.000,3,39.000,20,38.500,1,222.000,57,354.000,10,364.000,1,400.000,1,450.000,1,0,6,
94625037000,180.000,1,207.000,51,84.000,3,39.000,20,38.500,1,22.500,20,222.000,57,354.000,10,364.000,1,400.000,1,450.000,1,0,6,
94625037000,180.000,1,207.000,51,202.000,10,84.000,3,39.000,20,38.500,1,222.000,57,354.000,10,364.000,1,400.000,1,450.000,1,0,6,
94625377000,180.000,1,207.000,30,202.000,10,84.000,3,39.000,20,38.500,1,222.000,36,354.000,10,364.000,1,400.000,1,450.000,1,0,6,
94625377000,180.000,1,207.000,30,206.000,21,202.000,10,84.000,3,39.000,20,221.000,21,222.000,36,354.000,10,364.000,1,400.000,1,0,6,
94625377000,180.000,1,207.000,30,206.000,21,202.000,10,84.000,3,39.000,20,221.000,31,222.000,36,354.000,10,364.000,1,400.000,1,0,6,
94626013000,180.000,1,207.000,30,206.000,21,202.000,10,84.000,3,39.000,20,221.000,31,222.000,30,354.000,10,364.000,1,400.000,1,0,6,
94626477000,180.000,1,207.000,30,202.000,10,84.000,3,39.000,20,38.500,1,221.000,10,222.000,30,354.000,10,364.000,1,400.000,1,0,6,
94626477000,180.000,1,207.000,51,202.000,10,84.000,3,39.000,20,38.500,1,221.000,31,222.000,30,354.000,10,364.000,1,400.000,1,0,6,
94626477000,180.000,1,207.000,51,202.000,10,84.000,3,39.000,20,38.500,1,221.000,21,222.000,30,354.000,10,364.000,1,400.000,1,0,6,
94626478000,180.000,1,207.000,51,202.000,10,84.000,3,39.000,20,38.500,1,221.000,31,222.000,30,354.000,10,364.000,1,400.000,1,0,6,
94626776000,180.000,1,207.000,30,202.000,10,84.000,3,39.000,20,38.500,1,221.000,10,222.000,30,354.000,10,364.000,1,400.000,1,0,6,
94626776000,180.000,1,207.000,30,206.000,21,202.000,10,84.000,3,39.000,20,221.000,31,222.000,30,354.000,10,364.000,1,400.000,1,0,6,
94626776000,180.000,1,207.000,30,206.000,21,202.000,10,84.000,3,39.000,20,221.000,21,222.000,30,354.000,10,364.000,1,400.000,1,0,6,
94626776000,180.000,1,207.000,30,206.000,21,202.000,10,84.000,3,39.000,20,221.000,31,222.000,30,354.000,10,364.000,1,400.000,1,0,6,
94627776000,180.000,1,207.000,30,202.000,10,84.000,3,39.000,20,38.500,1,221.000,10,222.000,30,354.000,10,364.000,1,400.000,1,0,6,
94627776000,180.000,1,207.000,51,202.000,10,84.000,3,39.000,20,38.500,1,221.000,31,222.000,30,354.000,10,364.000,1,400.000,1,0,6,
94627776000,180.000,1,207.000,51,202.000,10,84.000,3,39.000,20,38.500,1,221.000,21,222.000,30,354.000,10,364.000,1,400.000,1,0,6,
94627803000,180.000,1,207.000,51,202.000,10,84.000,3,39.000,20,38.500,1,221.000,31,222.000,30,354.000,10,364.000,1,400.000,1,0,6,
94628221000,180.000,1,207.000,30,202.000,10,84.000,3,39.000,20,38.500,1,221.000,10,222.000,30,354.000,10,364.000,1,400.000,1,0,6,
94628221000,180.000,1,207.000,30,206.000,21,202.000,10,84.000,3,39.000,20,221.000,31,222.000,30,354.000,10,364.000,1,400.000,1,0,6,
94629221000,180.000,1,207.000,30,202.000,10,84.000,3,39.000,20,38.500,1,221.000,10,222.000,30,354.000,10,364.000,1,400.000,1,0,6,
94629221000,180.000,1,208.000,21,207.000,30,202.000,10,84.000,3,39.000,20,221.000,31,222.000,30,354.000,10,364.000,1,400.000,1,0,6,
94629221000,180.000,1,208.000,21,207.000,30,202.000,10,84.000,3,39.000,20,221.000,21,222.000,30,354.000,10,364.000,1,400.000,1,0,6,
94629221000,180.000,1,208.000,31,207.000,30,202.000,10,84.000,3,39.000,20,221.000,21,222.000,30,354.000,10,364.000,1,400.000,1,0,6,
94629222000,180.000,1,208.000,31,207.000,30,202.000,10,84.000,3,39.000,20,221.000,31,222.000,30,354.000,10,364.000,1,400.000,1,0,6,
94629278000,180.000,1,208.000,31,207.000,50,202.000,10,84.000,3,39.000,20,221.000,31,222.000,50,354.000,10,364.000,1,400.000,1,0,6,
94630029000,180.000,1,208.000,10,207.000,50,202.000,10,84.000,3,39.000,20,221.000,10,222.000,50,354.000,10,364.000,1,400.000,1,0,6,
94630029000,180.000,1,208.000,10,207.000,71,202.000,10,84.000,3,39.000,20,221.000,31,222.000,50,354.000,10,364.000,1,400.000,1,0,6,
94630029000,180.000,1,207.000,71,202.000,10,84.000,3,39.000,20,38.500,1,221.000,31,222.000,50,354.000,10,364.000,1,400.000,1,0,6,
94630029000,180.000,1,207.000,71,202.000,10,84.000,3,39.000,20,38.500,1,221.000,21,222.000,50,354.000,10,364.000,1,400.000,1,0,6,
94630029000,180.000,1,207.000,71,202.000,10,84.000,3,39.000,20,38.500,1,221.000,31,222.000,50,354.000,10,364.000,1,400.000,1,0,6,
94630821000,180.000,1,207.000,51,202.000,10,84.000,3,39.000,20,38.500,1,221.000,31,222.000,30,354.000,10,364.000,1,400.000,1,0,6,
94631359000,180.000,1,207.000,30,202.000,10,84.000,3,39.000,20,38.500,1,221.000,10,222.000,30,354.000,10,364.000,1,400.000,1,0,6,
94631359000,180.000,1,207.000,30,206.000,21,202.000,10,84.000,3,39.000,20,221.000,31,222.000,30,354.000,10,364.000,1,400.000,1,0,6,
94631359000,180.000,1,207.000,30,206.000,21,202.000,10,84.000,3,39.000,20,221.000,21,222.000,30,354.000,10,364.000,1,400.000,1,0,6,
94631587000,180.000,1,207.000,30,206.000,21,202.000,10,84.000,3,39.000,20,221.000,31,222.000,30,354.000,10,364.000,1,400.000,1,0,6,
94632505000,180.000,1,207.000,30,202.000,10,84.000,3,39.000,20,38.500,1,221.000,10,222.000,30,354.000,10,364.000,1,400.000,1,0,6,
94632505000,180.000,1,207.000,51,202.000,10,84.000,3,39.000,20,38.500,1,221.000,31,222.000,30,354.000,10,364.000,1,400.000,1,0,6,
94632505000,180.000,1,207.000,51,202.000,10,84.000,3,39.000,20,38.500,1,221.000,21,222.000,30,354.000,10,364.000,1,400.000,1,0,6,
94632505000,180.000,1,207.000,51,202.000,10,84.000,3,39.000,20,38.500,1,221.000,31,222.000,30,354.000,10,364.000,1,400.000,1,0,6,
94633505000,180.000,1,207.000,30,202.000,10,84.000,3,39.000,20,38.500,1,221.000,10,222.000,30,354.000,10,364.000,1,400.000,1,0,6,
94633505000,180.000,1,208.000,21,207.000,30,202.000,10,84.000,3,39.000,20,221.000,31,222.000,30,354.000,10,364.000,1,400.000,1,0,6,
94633506000,180.000,1,208.000,21,207.000,30,202.000,10,84.000,3,39.000,20,221.000,21,222.000,30,354.000,10,364.000,1,400.000,1,0,6,
94633506000,180.000,1,208.000,31,207.000,30,202.000,10,84.000,3,39.000,20,221.000,21,222.000,30,354.000,10,364.000,1,400.000,1,0,6,
94633506000,180.000,1,208.000,31,207.000,30,202.000,10,84.000,3,39.000,20,221.000,31,222.000,30,354.000,10,364.000,1,400.000,1,0,6,
94633628000,180.000,1,208.000,31,207.000,50,202.000,10,84.000,3,39.000,20,221.000,31,222.000,50,354.000,10,364.000,1,400.000,1,0,6,
94633916000,180.000,1,208.000,31,207.000,30,202.000,10,84.000,3,39.000,20,221.000,31,222.000,30,354.000,10,364.000,1,400.000,1,0,6,
94634249000,180.000,1,208.000,10,207.000,30,202.000,10,84.000,3,39.000,20,221.000,10,222.000,30,354.000,10,364.000,1,400.000,1,0,6,
94634249000,180.000,1,208.000,10,207.000,51,202.000,10,84.000,3,39.000,20,221.000,31,222.000,30,354.000,10,364.000,1,400.000,1,0,6,
94634249000,180.000,1,208.000,10,207.000,51,202.000,10,84.000,3,39.000,20,221.000,21,222.000,30,354.000,10,364.000,1,400.000,1,0,6,
94634249000,180.000,1,207.000,51,202.000,10,84.000,3,39.000,20,38.500,1,221.000,21,222.000,30,354.000,10,364.000,1,400.000,1,0,6,
94634249000,180.000,1,207.000,51,202.000,10,84.000,3,39.000,20,38.500,1,221.000,31,222.000,30,354.000,10,364.000,1,400.000,1,0,6,
94637233000,180.000,1,207.000,30,202.000,10,84.000,3,39.000,20,38.500,1,221.000,10,222.000,30,354.000,10,364.000,1,400.000,1,0,6,
94637233000,180.000,1,208.000,21,207.000,30,202.000,10,84.000,3,39.000,20,221.000,31,222.000,30,354.000,10,364.000,1,400.000,1,0,6,
94637234000,180.000,1,208.000,21,207.000,30,202.000,10,84.000,3,39.000,20,221.000,21,222.000,30,354.000,10,364.000,1,400.000,1,0,6,
94637234000,180.000,1,208.000,31,207.000,30,202.000,10,84.000,3,39.000,20,221.000,21,222.000,30,354.000,10,364.000,1,400.000,1,0,6,
94637234000,180.000,1,208.000,31,207.000,30,202.000,10,84.000,3,39.000,20,221.000,31,222.000,30,354.000,10,364.000,1,400.000,1,0,6,
94637301000,180.000,1,208.000,10,207.000,30,202.000,10,84.000,3,39.000,20,221.000,10,222.000,30,354.000,10,364.000,1,400.000,1,0,6,
94637301000,180.000,1,208.000,10,207.000,51,202.000,10,84.000,3,39.000,20,221.000,31,222.000,30,354.000,10,364.000,1,400.000,1,0,6,
94637301000,180.000,1,208.000,10,207.000,51,202.000,10,84.000,3,39.000,20,221.000,21,222.000,30,354.000,10,364.000,1,400.000,1,0,6,
94637301000,180.000,1,207.000,51,202.000,10,84.000,3,39.000,20,38.500,1,221.000,21,222.000,30,354.000,10,364.000,1,400.000,1,0,6,
94637301000,180.000,1,208.000,10,207.000,51,202.000,10,84.000,3,39.000,20,221.000,21,222.000,30,354.000,10,364.000,1,400.000,1,0,6,
94637301000,180.000,1,208.000,10,207.000,51,202.000,10,84.000,3,39.000,20,221.000,31,222.000,30,354.000,10,364.000,1,400.000,1,0,6,
94637302000,180.000,1,207.000,51,202.000,10,84.000,3,39.000,20,38.500,1,221.000,31,222.000,30,354.000,10,364.000,1,400.000,1,0,6,
94640140000,180.000,1,207.000,51,84.000,3,39.000,20,38.500,1,22.500,20,221.000,31,222.000,30,354.000,10,364.000,1,400.000,1,0,6,
94640142000,180.000,1,207.000,51,205.000,10,84.000,3,39.000,20,38.500,1,221.000,31,222.000,30,354.000,10,364.000,1,400.000,1,0,6,
94640269000,180.000,1,207.000,30,205.000,10,84.000,3,39.000,20,38.500,1,221.000,10,222.000,30,354.000,10,364.000,1,400.000,1,0,6,
94640269000,180.000,1,208.000,21,207.000,30,205.000,10,84.000,3,39.000,20,221.000,31,222.000,30,354.000,10,364.000,1,400.000,1,0,6,
94640270000,180.000,1,208.000,31,207.000,30,205.000,10,84.000,3,39.000,20,221.000,31,222.000,30,354.000,10,364.000,1,400.000,1,0,6,
94640270000,180.000,1,208.000,31,207.000,30,205.000,10,84.000,3,39.000,20,221.000,21,222.000,30,354.000,10,364.000,1,400.000,1,0,6,
94640270000,180.000,1,208.000,31,207.000,30,205.000,10,84.000,3,39.000,20,221.000,31,222.000,30,354.000,10,364.000,1,400.000,1,0,6,
94641484000,180.000,1,208.000,10,207.000,30,205.000,10,84.000,3,39.000,20,221.000,10,222.000,30,354.000,10,364.000,1,400.000,1,0,6,
94641484000,180.000,1,208.000,10,207.000,51,205.000,10,84.000,3,39.000,20,221.000,31,222.000,30,354.000,10,364.000,1,400.000,1,0,6,
94641484000,180.000,1,207.000,51,205.000,10,84.000,3,39.000,20,38.500,1,221.000,31,222.000,30,354.000,10,364.000,1,400.000,1,0,6,
94641484000,180.000,1,207.000,51,205.000,10,84.000,3,39.000,20,38.500,1,221.000,21,222.000,30,354.000,10,364.000,1,400.000,1,0,6,
94641484000,180.000,1,207.000,51,205.000,10,84.000,3,39.000,20,38.500,1,221.000,31,222.000,30,354.000,10,364.000,1,400.000,1,0,6,
94646238000,180.000,1,207.000,30,205.000,10,84.000,3,39.000,20,38.500,1,221.000,10,222.000,30,354.000,10,364.000,1,400.000,1,0,6,
94646238000,180.000,1,208.000,21,207.000,30,205.000,10,84.000,3,39.000,20,221.000,31,222.000,30,354.000,10,364.000,1,400.000,1,0,6,
94646238000,180.000,1,208.000,21,207.000,30,205.000,10,84.000,3,39.000,20,221.000,21,222.000,30,354.000,10,364.000,1,400.000,1,0,6,
94646238000,180.000,1,208.000,31,207.000,30,205.000,10,84.000,3,39.000,20,221.000,21,222.000,30,354.000,10,364.000,1,400.000,1,0,6,
94646238000,180.000,1,208.000,31,207.000,30,205.000,10,84.000,3,39.000,20,221.000,31,222.000,30,354.000,10,364.000,1,400.000,1,0,6,
94647238000,180.000,1,208.000,10,207.000,30,205.000,10,84.000,3,39.000,20,221.000,10,222.000,30,354.000,10,364.000,1,400.000,1,0,6,
94647238000,180.000,1,208.000,10,207.000,51,205.000,10,84.000,3,39.000,20,221.000,31,222.000,30,354.000,10,364.000,1,400.000,1,0,6,
94647238000,180.000,1,207.000,51,205.000,10,84.000,3,39.000,20,38.500,1,221.000,31,222.000,30,354.000,10,364.000,1,400.000,1,0,6,
94647238000,180.000,1,207.000,51,205.000,10,84.000,3,39.000,20,38.500,1,221.000,21,222.000,30,354.000,10,364.000,1,400.000,1,0,6,
94647239000,180.000,1,207.000,51,205.000,10,84.000,3,39.000,20,38.500,1,221.000,31,222.000,30,354.000,10,364.000,1,400.000,1,0,6,
94648681000,180.000,1,207.000,51,84.000,3,39.000,20,38.500,1,22.500,20,221.000,31,222.000,30,354.000,10,364.000,1,400.000,1,0,6,
94648804000,180.000,1,207.000,51,202.000,10,84.000,3,39.000,20,38.500,1,221.000,31,222.000,30,354.000,10,364.000,1,400.000,1,0,6,
94649069000,180.000,1,207.000,30,202.000,10,84.000,3,39.000,20,38.500,1,221.000,10,222.000,30,354.000,10,364.000,1,400.000,1,0,6,
94649069000,180.000,1,207.000,30,206.000,21,202.000,10,84.000,3,39.000,20,221.000,31,222.000,30,354.000,10,364.000,1,400.000,1,0,6,
94649069000,180.000,1,207.000,30,206.000,21,202.000,10,84.000,3,39.000,20,221.000,21,222.000,30,354.000,10,364.000,1,400.000,1,0,6,
94649069000,180.000,1,207.000,30,206.000,21,202.000,10,84.000,3,39.000,20,221.000,31,222.000,30,354.000,10,364.000,1,400.000,1,0,6,
94650168000,180.000,1,207.000,30,202.000,10,84.000,3,39.000,20,38.500,1,221.000,10,222.000,30,354.000,10,364.000,1,400.000,1,0,6,
94650168000,180.000,1,207.000,51,202.000,10,84.000,3,39.000,20,38.500,1,221.000,31,222.000,30,354.000,10,364.000,1,400.000,1,0,6,
94650168000,180.000,1,207.000,51,202.000,10,84.000,3,39.000,20,38.500,1,221.000,21,222.000,30,354.000,10,364.000,1,400.000,1,0,6,
94650168000,180.000,1,207.000,51,202.000,10,84.000,3,39.000,20,38.500,1,221.000,31,222.000,30,354.000,10,364.000,1,400.000,1,0,6,
94650359000,180.000,1,207.000,30,202.000,10,84.000,3,39.000,20,38.500,1,221.000,10,222.000,30,354.000,10,364.000,1,400.000,1,0,6,
94650359000,180.000,1,207.000,30,206.000,21,202.000,10,84.000,3,39.000,20,221.000,31,222.000,30,354.000,10,364.000,1,400.000,1,0,6,
94650359000,180.000,1,207.000,30,206.000,21,202.000,10,84.000,3,39.000,20,221.000,21,222.000,30,354.000,10,364.000,1,400.000,1,0,6,
94650359000,180.000,1,207.000,30,206.000,21,202.000,10,84.000,3,39.000,20,221.000,31,222.000,30,354.000,10,364.000,1,400.000,1,0,6,
94652014000,180.000,1,207.000,30,202.000,10,84.000,3,39.000,20,38.500,1,221.000,10,222.000,30,354.000,10,364.000,1,400.000,1,0,6,
94652014000,180.000,1,207.000,51,202.000,10,84.000,3,39.000,20,38.500,1,221.000,31,222.000,30,354.000,10,364.000,1,400.000,1,0,6,
94652014000,180.000,1,207.000,51,202.000,10,84.000,3,39.000,20,38.500,1,221.000,21,222.000,30,354.000,10,364.000,1,400.000,1,0,6,
94652207000,180.000,1,207.000,51,202.000,10,84.000,3,39.000,20,38.500,1,221.000,31,222.000,30,354.000,10,364.000,1,400.000,1,0,6,
94657316000,180.000,1,207.000,30,202.000,10,84.000,3,39.000,20,38.500,1,221.000,10,222.000,30,354.000,10,364.000,1,400.000,1,0,6,
94657316000,180.000,1,208.000,21,207.000,30,202.000,10,84.000,3,39.000,20,221.000,31,222.000,30,354.000,10,364.000,1,400.000,1,0,6,
94657316000,180.000,1,208.000,21,207.000,30,202.000,10,84.000,3,39.000,20,221.000,21,222.000,30,354.000,10,364.000,1,400.000,1,0,6,
94657316000,180.000,1,208.000,31,207.000,30,202.000,10,84.000,3,39.000,20,221.000,21,222.000,30,354.000,10,364.000,1,400.000,1,0,6,
94657366000,180.000,1,208.000,31,207.000,30,202.000,10,84.000,3,39.000,20,221.000,31,222.000,30,354.000,10,364.000,1,400.000,1,0,6,
94657777000,180.000,1,208.000,10,207.000,30,202.000,10,84.000,3,39.000,20,221.000,10,222.000,30,354.000,10,364.000,1,400.000,1,0,6,
94657777000,180.000,1,208.000,10,207.000,51,202.000,10,84.000,3,39.000,20,221.000,31,222.000,30,354.000,10,364.000,1,400.000,1,0,6,
94657777000,180.000,1,207.000,51,202.000,10,84.000,3,39.000,20,38.500,1,221.000,31,222.000,30,354.000,10,364.000,1,400.000,1,0,6,
94657777000,180.000,1,207.000,51,202.000,10,84.000,3,39.000,20,38.500,1,221.000,21,222.000,30,354.000,10,364.000,1,400.000,1,0,6,
94657803000,180.000,1,207.000,51,202.000,10,84.000,3,39.000,20,38.500,1,221.000,31,222.000,30,354.000,10,364.000,1,400.000,1,0,6,
94700326000,180.000,1,207.000,51,84.000,3,39.000,20,38.500,1,22.500,20,221.000,31,222.000,30,354.000,10,364.000,1,400.000,1,0,6,
94700328000,180.000,1,207.000,51,204.000,10,84.000,3,39.000,20,38.500,1,221.000,31,222.000,30,354.000,10,364.000,1,400.000,1,0,6,
94700487000,180.000,1,207.000,51,206.000,6,204.000,10,84.000,3,39.000,20,221.000,31,222.000,30,354.000,10,364.000,1,400.000,1,0,6,
94700498000,180.000,1,207.000,30,206.000,6,204.000,10,84.000,3,39.000,20,221.000,10,222.000,30,354.000,10,364.000,1,400.000,1,0,6,
94700498000,180.000,1,208.000,21,207.000,30,206.000,6,204.000,10,84.000,3,221.000,31,222.000,30,354.000,10,364.000,1,400.000,1,0,6,
94700504000,180.000,1,208.000,21,207.000,30,206.000,6,204.000,10,84.000,3,221.000,21,222.000,30,354.000,10,364.000,1,400.000,1,0,6,
94700762000,180.000,1,208.000,21,207.000,30,206.000,6,204.000,10,84.000,3,221.000,31,222.000,30,354.000,10,364.000,1,400.000,1,0,6,
94700762000,180.000,1,208.000,31,207.000,30,206.000,6,204.000,10,84.000,3,221.000,31,222.000,30,354.000,10,364.000,1,400.000,1,0,6,
94703182000,180.000,1,208.000,31,207.000,30,204.000,10,84.000,3,39.000,20,221.000,31,222.000,30,354.000,10,364.000,1,400.000,1,0,6,
94709361000,180.000,1,208.000,31,207.000,36,204.000,10,84.000,3,39.000,20,221.000,31,222.000,30,354.000,10,364.000,1,400.000,1,0,6,
94709547000,180.000,1,208.000,31,207.000,36,204.000,10,84.000,3,39.000,20,221.000,31,222.000,30,364.000,1,400.000,1,450.000,1,0,6,
94709548000,180.000,1,208.000,31,207.000,36,204.000,10,84.000,3,39.000,20,221.000,31,222.000,40,364.000,1,400.000,1,450.000,1,0,6,
94709718000,180.000,1,208.000,31,207.000,30,204.000,10,84.000,3,39.000,20,221.000,31,222.000,40,364.000,1,400.000,1,450.000,1,0,6,
94718691000,180.000,1,208.000,31,207.000,30,204.000,10,84.000,3,39.000,20,221.000,31,222.000,30,364.000,1,400.000,1,450.000,1,0,6,
94718691000,180.000,1,208.000,31,207.000,30,204.000,10,84.000,3,39.000,20,220.000,10,221.000,31,222.000,30,364.000,1,400.000,1,0,6,
94718692000,180.000,1,208.000,31,207.000,30,204.000,10,84.000,3,39.000,20,220.000,20,221.000,31,222.000,30,364.000,1,400.000,1,0,6,
94718745000,180.000,1,208.000,31,207.000,10,204.000,10,84.000,3,39.000,20,220.000,20,221.000,31,222.000,10,364.000,1,400.000,1,0,6,
94718828000,180.000,1,208.000,31,207.000,10,205.000,20,204.000,10,84.000,3,220.000,40,221.000,31,222.000,10,364.000,1,400.000,1,0,6,
94719004000,180.000,1,208.000,31,207.000,10,205.000,20,204.000,10,84.000,3,220.000,40,221.000,31,364.000,1,400.000,1,450.000,1,0,6,
94719370000,180.000,1,208.000,10,207.000,10,205.000,20,204.000,10,84.000,3,220.000,40,221.000,10,364.000,1,400.000,1,450.000,1,0,6,
94719370000,180.000,1,208.000,31,207.000,10,205.000,20,204.000,10,84.000,3,219.000,21,220.000,40,221.000,10,364.000,1,400.000,1,0,6,
94719371000,180.000,1,208.000,31,207.000,10,205.000,20,204.000,10,84.000,3,219.000,31,220.000,40,221.000,10,364.000,1,400.000,1,0,6,
94719372000,180.000,1,208.000,31,207.000,10,205.000,30,204.000,10,84.000,3,219.000,31,220.000,40,221.000,10,364.000,1,400.000,1,0,6,
94719372000,180.000,1,208.000,21,207.000,10,205.000,30,204.000,10,84.000,3,219.000,31,220.000,40,221.000,10,364.000,1,400.000,1,0,6,
94719504000,180.000,1,208.000,21,207.000,10,205.000,30,204.000,10,84.000,3,219.000,31,220.000,40,364.000,1,400.000,1,450.000,1,0,6,
94721854000,180.000,1,208.000,31,207.000,10,205.000,30,204.000,10,84.000,3,219.000,31,220.000,40,364.000,1,400.000,1,450.000,1,0,6,
94722004000,180.000,1,208.000,31,207.000,10,205.000,20,204.000,10,84.000,3,219.000,31,220.000,40,364.000,1,400.000,1,450.000,1,0,6,
94722930000,180.000,1,208.000,31,207.000,10,205.000,20,84.000,3,39.000,20,219.000,31,220.000,40,364.000,1,400.000,1,450.000,1,0,6,
94722931000,180.000,1,208.000,31,207.000,10,206.000,10,205.000,20,84.000,3,219.000,31,220.000,40,364.000,1,400.000,1,450.000,1,0,6,
94723556000,180.000,1,208.000,31,207.000,10,206.000,10,205.000,20,84.000,3,219.000,31,220.000,30,364.000,1,400.000,1,450.000,1,0,6,
94723679000,180.000,1,208.000,31,207.000,10,206.000,10,205.000,20,84.000,3,219.000,31,220.000,30,222.000,10,364.000,1,400.000,1,0,6,
94723805000,180.000,1,208.000,31,207.000,16,206.000,10,205.000,20,84.000,3,219.000,31,220.000,30,222.000,10,364.000,1,400.000,1,0,6,
94724499000,180.000,1,208.000,31,207.000,10,206.000,10,205.000,20,84.000,3,219.000,31,220.000,30,222.000,10,364.000,1,400.000,1,0,6,
94726106000,180.000,1,208.000,31,207.000,10,206.000,30,205.000,20,84.000,3,219.000,31,220.000,30,221.000,20,222.000,10,364.000,1,0,6,
94730371000,180.000,1,208.000,31,207.000,16,206.000,30,205.000,20,84.000,3,219.000,31,220.000,30,221.000,20,222.000,10,364.000,1,0,6,
94731571000,180.000,1,208.000,31,207.000,10,206.000,30,205.000,20,84.000,3,219.000,31,220.000,30,221.000,20,222.000,10,364.000,1,0,6,
94745121000,180.000,1,208.000,31,207.000,16,206.000,30,205.000,20,84.000,3,219.000,31,220.000,30,221.000,20,222.000,10,364.000,1,0,6,
94746200000,180.000,1,208.000,31,207.000,16,206.000,10,205.000,20,84.000,3,219.000,31,220.000,30,222.000,10,364.000,1,400.000,1,0,6,
94746290000,180.000,1,208.000,31,207.000,36,206.000,10,205.000,20,84.000,3,219.000,31,220.000,30,222.000,30,364.000,1,400.000,1,0,6,
94747100000,180.000,1,208.000,31,207.000,30,206.000,10,205.000,20,84.000,3,219.000,31,220.000,30,222.000,30,364.000,1,400.000,1,0,6,
94750938000,180.000,1,208.000,31,207.000,36,206.000,10,205.000,20,84.000,3,219.000,31,220.000,30,222.000,30,364.000,1,400.000,1,0,6,
94755662000,180.000,1,208.000,31,207.000,16,206.000,10,205.000,20,84.000,3,219.000,31,220.000,30,222.000,10,364.000,1,400.000,1,0,6,
94755802000,180.000,1,208.000,10,207.000,16,206.000,10,205.000,20,84.000,3,219.000,10,220.000,30,222.000,10,364.000,1,400.000,1,0,6,
94755802000,180.000,1,208.000,31,207.000,16,206.000,10,205.000,20,84.000,3,219.000,10,220.000,51,222.000,10,364.000,1,400.000,1,0,6,
94755802000,180.000,1,208.000,31,207.000,16,206.000,10,205.000,20,84.000,3,220.000,51,222.000,10,364.000,1,400.000,1,450.000,1,0,6,
94755897000,180.000,1,208.000,31,207.000,36,206.000,10,205.000,20,84.000,3,220.000,51,222.000,30,364.000,1,400.000,1,450.000,1,0,6,
94756802000,180.000,1,208.000,10,207.000,36,206.000,10,205.000,20,84.000,3,220.000,30,222.000,30,364.000,1,400.000,1,450.000,1,0,6,
94756802000,180.000,1,208.000,31,207.000,36,206.000,10,205.000,20,84.000,3,219.000,21,220.000,30,222.000,30,364.000,1,400.000,1,0,6,
94756802000,180.000,1,208.000,21,207.000,36,206.000,10,205.000,20,84.000,3,219.000,21,220.000,30,222.000,30,364.000,1,400.000,1,0,6,
94756802000,180.000,1,208.000,21,207.000,36,206.000,10,205.000,20,84.000,3,219.000,31,220.000,30,222.000,30,364.000,1,400.000,1,0,6,
94756803000,180.000,1,208.000,31,207.000,36,206.000,10,205.000,20,84.000,3,219.000,31,220.000,30,222.000,30,364.000,1,400.000,1,0,6,
94757803000,180.000,1,208.000,10,207.000,36,206.000,10,205.000,20,84.000,3,219.000,10,220.000,30,222.000,30,364.000,1,400.000,1,0,6,
94757803000,180.000,1,208.000,31,207.000,36,206.000,10,205.000,20,84.000,3,219.000,10,220.000,51,222.000,30,364.000,1,400.000,1,0,6,
94757803000,180.000,1,208.000,21,207.000,36,206.000,10,205.000,20,84.000,3,219.000,10,220.000,51,222.000,30,364.000,1,400.000,1,0,6,
94757803000,180.000,1,208.000,21,207.000,36,206.000,10,205.000,20,84.000,3,220.000,51,222.000,30,364.000,1,400.000,1,450.000,1,0,6,
94757803000,180.000,1,208.000,31,207.000,36,206.000,10,205.000,20,84.000,3,220.000,51,222.000,30,364.000,1,400.000,1,450.000,1,0,6,
94758803000,180.000,1,208.000,10,207.000,36,206.000,10,205.000,20,84.000,3,220.000,30,222.000,30,364.000,1,400.000,1,450.000,1,0,6,
94758803000,180.000,1,208.000,31,207.000,36,206.000,10,205.000,20,84.000,3,219.000,21,220.000,30,222.000,30,364.000,1,400.000,1,0,6,
94758803000,180.000,1,208.000,21,207.000,36,206.000,10,205.000,20,84.000,3,219.000,21,220.000,30,222.000,30,364.000,1,400.000,1,0,6,
94758803000,180.000,1,208.000,21,207.000,36,206.000,10,205.000,20,84.000,3,219.000,31,220.000,30,222.000,30,364.000,1,400.000,1,0,6,
94758804000,180.000,1,208.000,31,207.000,36,206.000,10,205.000,20,84.000,3,219.000,31,220.000,30,222.000,30,364.000,1,400.000,1,0,6,
94801296000,180.000,1,208.000,10,207.000,36,206.000,10,205.000,20,84.000,3,219.000,10,220.000,30,222.000,30,364.000,1,400.000,1,0,6,
94801296000,180.000,1,208.000,31,207.000,36,206.000,10,205.000,20,84.000,3,219.000,10,220.000,51,222.000,30,364.000,1,400.000,1,0,6,
94801296000,180.000,1,208.000,21,207.000,36,206.000,10,205.000,20,84.000,3,219.000,10,220.000,51,222.000,30,364.000,1,400.000,1,0,6,
94801296000,180.000,1,208.000,21,207.000,36,206.000,10,205.000,20,84.000,3,220.000,51,222.000,30,364.000,1,400.000,1,450.000,1,0,6,
94801297000,180.000,1,208.000,31,207.000,36,206.000,10,205.000,20,84.000,3,220.000,51,222.000,30,364.000,1,400.000,1,450.000,1,0,6,
94801523000,180.000,1,208.000,31,207.000,30,206.000,10,205.000,20,84.000,3,220.000,51,222.000,30,364.000,1,400.000,1,450.000,1,0,6,
94801533000,180.000,1,208.000,37,207.000,30,206.000,10,205.000,20,84.000,3,220.000,51,222.000,30,364.000,1,400.000,1,450.000,1,0,6,
94801895000,180.000,1,208.000,31,207.000,30,206.000,10,205.000,20,84.000,3,220.000,51,222.000,30,364.000,1,400.000,1,450.000,1,0,6,
94801905000,180.000,1,208.000,31,207.000,36,206.000,10,205.000,20,84.000,3,220.000,51,222.000,30,364.000,1,400.000,1,450.000,1,0,6,
94802395000,180.000,1,208.000,10,207.000,36,206.000,10,205.000,20,84.000,3,220.000,30,222.000,30,364.000,1,400.000,1,450.000,1,0,6,
94802395000,180.000,1,208.000,31,207.000,36,206.000,10,205.000,20,84.000,3,219.000,21,220.000,30,222.000,30,364.000,1,400.000,1,0,6,
94802396000,180.000,1,208.000,21,207.000,36,206.000,10,205.000,20,84.000,3,219.000,21,220.000,30,222.000,30,364.000,1,400.000,1,0,6,
94802853000,180.000,1,208.000,31,207.000,36,206.000,10,205.000,20,84.000,3,219.000,21,220.000,30,222.000,30,364.000,1,400.000,1,0,6,
94802853000,180.000,1,208.000,31,207.000,36,206.000,10,205.000,20,84.000,3,219.000,31,220.000,30,222.000,30,364.000,1,400.000,1,0,6,
94804437000,180.000,1,208.000,31,207.000,30,206.000,10,205.000,20,84.000,3,219.000,31,220.000,30,222.000,30,364.000,1,400.000,1,0,6,
94804484000,180.000,1,208.000,31,207.000,10,206.000,10,205.000,20,84.000,3,219.000,31,220.000,30,222.000,10,364.000,1,400.000,1,0,6,
94808463000,180.000,1,208.000,31,207.000,10,206.000,30,205.000,20,84.000,3,219.000,31,220.000,30,221.000,20,222.000,10,364.000,1,0,6,
94812304000,180.000,1,208.000,31,207.000,16,206.000,30,205.000,20,84.000,3,219.000,31,220.000,30,221.000,20,222.000,10,364.000,1,0,6,
94814033000,180.000,1,208.000,31,207.000,10,206.000,30,205.000,20,84.000,3,219.000,31,220.000,30,221.000,20,222.000,10,364.000,1,0,6,
94822957000,180.000,1,208.000,31,207.000,10,206.000,10,205.000,20,84.000,3,219.000,31,220.000,30,222.000,10,364.000,1,400.000,1,0,6,
94823028000,180.000,1,208.000,31,207.000,10,206.000,10,205.000,20,84.000,3,219.000,31,220.000,30,364.000,1,400.000,1,450.000,1,0,6,
94823030000,180.000,1,208.000,31,207.000,10,206.000,10,205.000,20,84.000,3,219.000,31,220.000,40,364.000,1,400.000,1,450.000,1,0,6,
94826383000,180.000,1,208.000,10,207.000,10,206.000,10,205.000,20,84.000,3,219.000,10,220.000,40,364.000,1,400.000,1,450.000,1,0,6,
94826383000,180.000,1,208.000,10,207.000,31,206.000,10,205.000,20,84.000,3,219.000,31,220.000,40,364.000,1,400.000,1,450.000,1,0,6,
94826383000,180.000,1,207.000,31,206.000,10,205.000,20,84.000,3,39.000,20,219.000,31,220.000,40,364.000,1,400.000,1,450.000,1,0,6,
94826383000,180.000,1,207.000,31,206.000,20,205.000,20,84.000,3,39.000,20,219.000,31,220.000,40,364.000,1,400.000,1,450.000,1,0,6,
94826383000,180.000,1,207.000,31,206.000,20,205.000,20,84.000,3,39.000,20,219.000,21,220.000,40,364.000,1,400.000,1,450.000,1,0,6,
94826383000,180.000,1,207.000,31,206.000,20,205.000,20,84.000,3,39.000,20,219.000,31,220.000,40,364.000,1,400.000,1,450.000,1,0,6,
94827009000,180.000,1,207.000,31,206.000,10,205.000,20,84.000,3,39.000,20,219.000,31,220.000,40,364.000,1,400.000,1,450.000,1,0,6,
94827128000,180.000,1,207.000,31,206.000,10,205.000,20,204.000,10,84.000,3,219.000,31,220.000,40,364.000,1,400.000,1,450.000,1,0,6,
94829287000,180.000,1,207.000,10,206.000,10,205.000,20,204.000,10,84.000,3,219.000,10,220.000,40,364.000,1,400.000,1,450.000,1,0,6,
94829287000,180.000,1,208.000,21,207.000,10,206.000,10,205.000,20,204.000,10,219.000,31,220.000,40,364.000,1,400.000,1,450.000,1,0,6,
94829287000,180.000,1,208.000,21,207.000,10,206.000,10,205.000,30,204.000,10,219.000,31,220.000,40,364.000,1,400.000,1,450.000,1,0,6,
94829287000,180.000,1,208.000,21,206.000,10,205.000,30,204.000,10,84.000,3,219.000,31,220.000,40,364.000,1,400.000,1,450.000,1,0,6,
94829287000,180.000,1,208.000,21,206.000,10,205.000,30,204.000,10,84.000,3,219.000,21,220.000,40,364.000,1,400.000,1,450.000,1,0,6,
94829287000,180.000,1,208.000,31,206.000,10,205.000,30,204.000,10,84.000,3,219.000,21,220.000,40,364.000,1,400.000,1,450.000,1,0,6,
94829288000,180.000,1,208.000,31,206.000,10,205.000,30,204.000,10,84.000,3,219.000,31,220.000,40,364.000,1,400.000,1,450.000,1,0,6,
94829398000,180.000,1,208.000,31,206.000,30,205.000,30,204.000,10,84.000,3,219.000,31,220.000,40,221.000,20,364.000,1,400.000,1,0,6,
94829503000,180.000,1,208.000,31,206.000,30,205.000,20,204.000,10,84.000,3,219.000,31,220.000,40,221.000,20,364.000,1,400.000,1,0,6,
94829688000,180.000,1,208.000,31,206.000,10,205.000,20,204.000,10,84.000,3,219.000,31,220.000,40,364.000,1,400.000,1,450.000,1,0,6,
94830653000,180.000,1,208.000,31,206.000,30,205.000,20,204.000,10,84.000,3,219.000,31,220.000,40,221.000,20,364.000,1,400.000,1,0,6,
94833943000,180.000,1,208.000,31,207.000,6,206.000,30,205.000,20,204.000,10,219.000,31,220.000,40,221.000,20,364.000,1,400.000,1,0,6,
94834609000,180.000,1,208.000,31,206.000,30,205.000,20,204.000,10,84.000,3,219.000,31,220.000,40,221.000,20,364.000,1,400.000,1,0,6,
94836487000,180.000,1,208.000,31,207.000,6,206.000,30,205.000,20,204.000,10,219.000,31,220.000,40,221.000,20,364.000,1,400.000,1,0,6,
94837121000,180.000,1,208.000,31,207.000,6,206.000,10,205.000,20,204.000,10,219.000,31,220.000,40,364.000,1,400.000,1,450.000,1,0,6,
94837683000,180.000,1,208.000,31,207.000,6,206.000,30,205.000,20,204.000,10,219.000,31,220.000,40,221.000,20,364.000,1,400.000,1,0,6,
94839462000,180.000,1,208.000,31,206.000,30,205.000,20,204.000,10,84.000,3,219.000,31,220.000,40,221.000,20,364.000,1,400.000,1,0,6,
94843310000,180.000,1,208.000,31,207.000,6,206.000,30,205.000,20,204.000,10,219.000,31,220.000,40,221.000,20,364.000,1,400.000,1,0,6,
94844474000,180.000,1,208.000,31,206.000,30,205.000,20,204.000,10,84.000,3,219.000,31,220.000,40,221.000,20,364.000,1,400.000,1,0,6,
94848925000,180.000,1,208.000,10,206.000,30,205.000,20,204.000,10,84.000,3,219.000,10,220.000,40,221.000,20,364.000,1,400.000,1,0,6,
94848925000,180.000,1,208.000,10,207.000,21,206.000,30,205.000,20,204.000,10,219.000,31,220.000,40,221.000,20,364.000,1,400.000,1,0,6,
94848925000,180.000,1,207.000,21,206.000,30,205.000,20,204.000,10,84.000,3,219.000,31,220.000,40,221.000,20,364.000,1,400.000,1,0,6,
94848925000,180.000,1,207.000,21,206.000,30,205.000,20,204.000,10,84.000,3,219.000,21,220.000,40,221.000,20,364.000,1,400.000,1,0,6,
94849230000,180.000,1,207.000,21,206.000,30,205.000,20,204.000,10,84.000,3,219.000,31,220.000,40,221.000,20,364.000,1,400.000,1,0,6,
94849230000,180.000,1,207.000,31,206.000,30,205.000,20,204.000,10,84.000,3,219.000,31,220.000,40,221.000,20,364.000,1,400.000,1,0,6,
94851342000,180.000,1,207.000,31,206.000,10,205.000,20,204.000,10,84.000,3,219.000,31,220.000,40,364.000,1,400.000,1,450.000,1,0,6,
94851514000,180.000,1,207.000,31,206.000,16,205.000,20,204.000,10,84.000,3,219.000,31,220.000,40,364.000,1,400.000,1,450.000,1,0,6,
94852175000,180.000,1,207.000,31,206.000,10,205.000,20,204.000,10,84.000,3,219.000,31,220.000,40,364.000,1,400.000,1,450.000,1,0,6,
94853545000,180.000,1,207.000,31,206.000,16,205.000,20,204.000,10,84.000,3,219.000,31,220.000,40,364.000,1,400.000,1,450.000,1,0,6,
94855230000,180.000,1,207.000,31,206.000,16,205.000,40,204.000,10,84.000,3,219.000,31,220.000,60,364.000,1,400.000,1,450.000,1,0,6,
94857132000,180.000,1,207.000,31,206.000,10,205.000,40,204.000,10,84.000,3,219.000,31,220.000,60,364.000,1,400.000,1,450.000,1,0,6,
94859482000,180.000,1,207.000,31,206.000,16,205.000,40,204.000,10,84.000,3,219.000,31,220.000,60,364.000,1,400.000,1,450.000,1,0,6,
94901649000,180.000,1,207.000,31,206.000,10,205.000,40,204.000,10,84.000,3,219.000,31,220.000,60,364.000,1,400.000,1,450.000,1,0,6,
94901770000,180.000,1,207.000,37,206.000,10,205.000,40,204.000,10,84.000,3,219.000,31,220.000,60,364.000,1,400.000,1,450.000,1,0,6,
94902247000,180.000,1,207.000,37,206.000,10,205.000,20,204.000,10,84.000,3,219.000,31,220.000,40,364.000,1,400.000,1,450.000,1,0,6,
94902390000,180.000,1,207.000,37,206.000,10,205.000,20,204.000,10,84.000,3,219.000,31,220.000,30,364.000,1,400.000,1,450.000,1,0,6,
94902692000,180.000,1,207.000,37,206.000,10,205.000,20,204.000,10,84.000,3,219.000,31,220.000,30,221.000,10,364.000,1,400.000,1,0,6,
94905293000,180.000,1,207.000,37,206.000,30,205.000,20,204.000,10,84.000,3,219.000,31,220.000,30,221.000,30,364.000,1,400.000,1,0,6,
94905797000,180.000,1,207.000,37,206.000,30,205.000,20,84.000,3,39.000,20,219.000,31,220.000,30,221.000,30,364.000,1,400.000,1,0,6,
94905800000,180.000,1,207.000,37,206.000,40,205.000,20,84.000,3,39.000,20,219.000,31,220.000,30,221.000,30,364.000,1,400.000,1,0,6,
94906867000,180.000,1,207.000,31,206.000,40,205.000,20,84.000,3,39.000,20,219.000,31,220.000,30,221.000,30,364.000,1,400.000,1,0,6,
94906878000,180.000,1,208.000,6,207.000,31,206.000,40,205.000,20,84.000,3,219.000,31,220.000,30,221.000,30,364.000,1,400.000,1,0,6,
94906878000,180.000,1,208.000,16,207.000,31,206.000,40,205.000,20,84.000,3,219.000,31,220.000,30,221.000,30,364.000,1,400.000,1,0,6,
94907004000,180.000,1,208.000,16,207.000,31,206.000,30,205.000,20,84.000,3,219.000,31,220.000,30,221.000,30,364.000,1,400.000,1,0,6,
94907324000,180.000,1,208.000,16,207.000,10,206.000,30,205.000,20,84.000,3,219.000,10,220.000,30,221.000,30,364.000,1,400.000,1,0,6,
94907324000,180.000,1,209.000,21,208.000,16,207.000,10,206.000,30,205.000,20,219.000,31,220.000,30,221.000,30,364.000,1,400.000,1,0,6,
94907324000,180.000,1,209.000,31,208.000,16,207.000,10,206.000,30,205.000,20,219.000,31,220.000,30,221.000,30,364.000,1,400.000,1,0,6,
94907504000,180.000,1,209.000,31,208.000,16,206.000,30,205.000,20,84.000,3,219.000,31,220.000,30,221.000,30,364.000,1,400.000,1,0,6,
94909609000,180.000,1,209.000,31,208.000,16,206.000,10,205.000,20,84.000,3,219.000,31,220.000,30,221.000,10,364.000,1,400.000,1,0,6,
94909833000,180.000,1,209.000,10,208.000,16,206.000,10,205.000,20,84.000,3,219.000,10,220.000,30,221.000,10,364.000,1,400.000,1,0,6,
94909833000,180.000,1,209.000,31,208.000,16,206.000,10,205.000,20,84.000,3,219.000,10,220.000,51,221.000,10,364.000,1,400.000,1,0,6,
94909834000,180.000,1,209.000,31,208.000,16,206.000,10,205.000,20,84.000,3,220.000,51,221.000,10,364.000,1,400.000,1,450.000,1,0,6,
94909887000,180.000,1,209.000,31,208.000,16,207.000,20,206.000,10,205.000,20,220.000,51,221.000,10,222.000,20,364.000,1,400.000,1,0,6,
94910834000,180.000,1,209.000,10,208.000,16,207.000,20,206.000,10,205.000,20,220.000,30,221.000,10,222.000,20,364.000,1,400.000,1,0,6,
94910834000,180.000,1,209.000,31,208.000,16,207.000,20,206.000,10,205.000,20,219.000,21,220.000,30,221.000,10,222.000,20,364.000,1,0,6,
94910834000,180.000,1,209.000,21,208.000,16,207.000,20,206.000,10,205.000,20,219.000,21,220.000,30,221.000,10,222.000,20,364.000,1,0,6,
94910834000,180.000,1,209.000,21,208.000,16,207.000,20,206.000,10,205.000,20,219.000,31,220.000,30,221.000,10,222.000,20,364.000,1,0,6,
94910834000,180.000,1,209.000,31,208.000,16,207.000,20,206.000,10,205.000,20,219.000,31,220.000,30,221.000,10,222.000,20,364.000,1,0,6,
94914281000,180.000,1,209.000,31,208.000,16,207.000,20,206.000,10,205.000,20,219.000,31,220.000,30,222.000,20,364.000,1,400.000,1,0,6,
94914399000,180.000,1,209.000,31,208.000,16,207.000,20,206.000,10,205.000,20,219.000,31,220.000,30,222.000,20,223.000,10,364.000,1,0,6,
94914714000,180.000,1,209.000,10,208.000,16,207.000,20,206.000,10,205.000,20,219.000,10,220.000,30,222.000,20,223.000,10,364.000,1,0,6,
94914714000,180.000,1,209.000,31,208.000,16,207.000,20,206.000,10,205.000,20,219.000,10,220.000,51,222.000,20,223.000,10,364.000,1,0,6,
94914714000,180.000,1,209.000,31,208.000,16,207.000,20,205.000,20,84.000,3,219.000,10,220.000,51,222.000,20,223.000,10,364.000,1,0,6,
94914716000,180.000,1,209.000,31,208.000,16,207.000,20,205.000,20,84.000,3,220.000,51,222.000,20,223.000,10,364.000,1,400.000,1,0,6,
94914716000,180.000,1,209.000,31,208.000,26,207.000,20,205.000,20,84.000,3,220.000,51,222.000,20,223.000,10,364.000,1,400.000,1,0,6,
94914754000,180.000,1,209.000,31,208.000,20,207.000,20,205.000,20,84.000,3,220.000,51,222.000,20,223.000,10,364.000,1,400.000,1,0,6,
94914764000,180.000,1,209.000,37,208.000,20,207.000,20,205.000,20,84.000,3,220.000,51,222.000,20,223.000,10,364.000,1,400.000,1,0,6,
94915192000,180.000,1,209.000,37,208.000,20,205.000,20,84.000,3,39.000,20,220.000,51,223.000,10,364.000,1,400.000,1,450.000,1,0,6,
94918328000,180.000,1,209.000,37,208.000,20,207.000,20,205.000,20,84.000,3,220.000,51,222.000,20,223.000,10,364.000,1,400.000,1,0,6,
94918545000,180.000,1,209.000,37,208.000,20,205.000,20,84.000,3,39.000,20,220.000,51,223.000,10,364.000,1,400.000,1,450.000,1,0,6,
94919339000,180.000,1,209.000,37,208.000,40,205.000,20,84.000,3,39.000,20,220.000,51,223.000,30,364.000,1,400.000,1,450.000,1,0,6,
94920812000,180.000,1,209.000,37,208.000,20,205.000,20,84.000,3,39.000,20,220.000,51,223.000,10,364.000,1,400.000,1,450.000,1,0,6,
94920921000,180.000,1,209.000,31,208.000,20,205.000,20,84.000,3,39.000,20,220.000,51,223.000,10,364.000,1,400.000,1,450.000,1,0,6,
94920932000,180.000,1,209.000,31,208.000,26,205.000,20,84.000,3,39.000,20,220.000,51,223.000,10,364.000,1,400.000,1,450.000,1,0,6,
94921023000,180.000,1,209.000,31,208.000,26,206.000,20,205.000,20,84.000,3,220.000,51,221.000,20,223.000,10,364.000,1,400.000,1,0,6,
94921349000,180.000,1,209.000,31,208.000,20,206.000,20,205.000,20,84.000,3,220.000,51,221.000,20,223.000,10,364.000,1,400.000,1,0,6,
94921482000,180.000,1,209.000,31,208.000,10,206.000,20,205.000,20,84.000,3,220.000,51,221.000,20,223.000,10,364.000,1,400.000,1,0,6,
94921607000,180.000,1,209.000,31,208.000,10,206.000,30,205.000,20,84.000,3,220.000,51,221.000,20,223.000,10,364.000,1,400.000,1,0,6,
94922062000,180.000,1,209.000,10,208.000,10,206.000,30,205.000,20,84.000,3,220.000,30,221.000,20,223.000,10,364.000,1,400.000,1,0,6,
94922062000,180.000,1,209.000,31,208.000,10,206.000,30,205.000,20,84.000,3,219.000,21,220.000,30,221.000,20,223.000,10,364.000,1,0,6,
94922062000,180.000,1,209.000,21,208.000,10,206.000,30,205.000,20,84.000,3,219.000,21,220.000,30,221.000,20,223.000,10,364.000,1,0,6,
94922495000,180.000,1,209.000,21,208.000,10,206.000,30,205.000,20,84.000,3,219.000,21,220.000,30,221.000,20,364.000,1,400.000,1,0,6,
94922497000,180.000,1,209.000,21,208.000,10,206.000,30,205.000,20,84.000,3,219.000,21,220.000,30,221.000,30,364.000,1,400.000,1,0,6,
94922873000,180.000,1,209.000,31,208.000,10,206.000,30,205.000,20,84.000,3,219.000,21,220.000,30,221.000,30,364.000,1,400.000,1,0,6,
94922873000,180.000,1,209.000,31,208.000,10,206.000,30,205.000,20,84.000,3,219.000,31,220.000,30,221.000,30,364.000,1,400.000,1,0,6,
94923051000,180.000,1,209.000,31,208.000,16,206.000,30,205.000,20,84.000,3,219.000,31,220.000,30,221.000,30,364.000,1,400.000,1,0,6,
94923642000,180.000,1,209.000,31,208.000,10,206.000,30,205.000,20,84.000,3,219.000,31,220.000,30,221.000,30,364.000,1,400.000,1,0,6,
94924478000,180.000,1,209.000,31,208.000,10,206.000,10,205.000,20,84.000,3,219.000,31,220.000,30,221.000,10,364.000,1,400.000,1,0,6,
94925135000,180.000,1,209.000,31,208.000,16,206.000,10,205.000,20,84.000,3,219.000,31,220.000,30,221.000,10,364.000,1,400.000,1,0,6,
94925357000,180.000,1,209.000,31,208.000,36,206.000,10,205.000,20,84.000,3,219.000,31,220.000,30,221.000,10,223.000,20,364.000,1,0,6,
94926214000,180.000,1,209.000,31,208.000,16,206.000,10,205.000,20,84.000,3,219.000,31,220.000,30,221.000,10,364.000,1,400.000,1,0,6,
94926362000,180.000,1,209.000,31,208.000,16,207.000,20,206.000,10,205.000,20,219.000,31,220.000,30,221.000,10,222.000,20,364.000,1,0,6,
94930404000,180.000,1,209.000,31,208.000,10,207.000,20,206.000,10,205.000,20,219.000,31,220.000,30,221.000,10,222.000,20,364.000,1,0,6,
94930883000,180.000,1,209.000,31,208.000,10,206.000,10,205.000,20,84.000,3,219.000,31,220.000,30,221.000,10,364.000,1,400.000,1,0,6,
94931406000,180.000,1,209.000,31,208.000,10,207.000,20,206.000,10,205.000,20,219.000,31,220.000,30,221.000,10,222.000,20,364.000,1,0,6,
94933121000,180.000,1,209.000,31,208.000,10,206.000,10,205.000,20,84.000,3,219.000,31,220.000,30,221.000,10,364.000,1,400.000,1,0,6,
94933410000,180.000,1,209.000,10,208.000,10,206.000,10,205.000,20,84.000,3,219.000,10,220.000,30,221.000,10,364.000,1,400.000,1,0,6,
94933410000,180.000,1,209.000,10,208.000,31,206.000,10,205.000,20,84.000,3,219.000,31,220.000,30,221.000,10,364.000,1,400.000,1,0,6,
94933410000,180.000,1,209.000,10,208.000,31,206.000,10,205.000,20,84.000,3,219.000,21,220.000,30,221.000,10,364.000,1,400.000,1,0,6,
94933410000,180.000,1,208.000,31,206.000,10,205.000,20,84.000,3,39.000,20,219.000,21,220.000,30,221.000,10,364.000,1,400.000,1,0,6,
94934250000,180.000,1,208.000,31,207.000,6,206.000,10,205.000,20,84.000,3,219.000,21,220.000,30,221.000,10,364.000,1,400.000,1,0,6,
94934420000,180.000,1,208.000,10,207.000,6,206.000,10,205.000,20,84.000,3,220.000,30,221.000,10,364.000,1,400.000,1,450.000,1,0,6,
94934420000,180.000,1,209.000,21,208.000,10,207.000,6,206.000,10,205.000,20,219.000,21,220.000,30,221.000,10,364.000,1,400.000,1,0,6,
94934420000,180.000,1,209.000,21,207.000,6,206.000,10,205.000,20,84.000,3,219.000,21,220.000,30,221.000,10,364.000,1,400.000,1,0,6,
94934674000,180.000,1,209.000,21,206.000,10,205.000,20,84.000,3,39.000,20,219.000,21,220.000,30,221.000,10,364.000,1,400.000,1,0,6,
94934820000,180.000,1,209.000,21,206.000,10,205.000,20,84.000,3,39.000,20,219.000,31,220.000,30,221.000,10,364.000,1,400.000,1,0,6,
94934820000,180.000,1,209.000,31,206.000,10,205.000,20,84.000,3,39.000,20,219.000,31,220.000,30,221.000,10,364.000,1,400.000,1,0,6,
94937440000,180.000,1,209.000,31,207.000,20,206.000,10,205.000,20,84.000,3,219.000,31,220.000,30,221.000,10,222.000,20,364.000,1,0,6,
94942756000,180.000,1,209.000,31,206.000,10,205.000,20,84.000,3,39.000,20,219.000,31,220.000,30,221.000,10,364.000,1,400.000,1,0,6,
94942864000,180.000,1,209.000,31,208.000,6,206.000,10,205.000,20,84.000,3,219.000,31,220.000,30,221.000,10,364.000,1,400.000,1,0,6,
94943525000,180.000,1,209.000,31,208.000,6,207.000,20,206.000,10,205.000,20,219.000,31,220.000,30,221.000,10,222.000,20,364.000,1,0,6,
94946661000,180.000,1,209.000,31,208.000,6,207.000,20,206.000,10,205.000,20,219.000,31,220.000,30,222.000,20,364.000,1,400.000,1,0,6,
94946786000,180.000,1,209.000,31,208.000,6,207.000,20,206.000,10,205.000,20,219.000,31,220.000,30,222.000,20,223.000,10,364.000,1,0,6,
94946849000,180.000,1,209.000,10,208.000,6,207.000,20,206.000,10,205.000,20,219.000,10,220.000,30,222.000,20,223.000,10,364.000,1,0,6,
94946849000,180.000,1,209.000,31,208.000,6,207.000,20,206.000,10,205.000,20,219.000,10,220.000,51,222.000,20,223.000,10,364.000,1,0,6,
94946850000,180.000,1,209.000,31,208.000,6,207.000,20,206.000,10,205.000,20,220.000,51,222.000,20,223.000,10,364.000,1,400.000,1,0,6,
94947160000,180.000,1,209.000,31,208.000,6,206.000,10,205.000,20,84.000,3,220.000,51,223.000,10,364.000,1,400.000,1,450.000,1,0,6,
94947558000,180.000,1,209.000,31,208.000,26,206.000,10,205.000,20,84.000,3,220.000,51,223.000,30,364.000,1,400.000,1,450.000,1,0,6,
94948465000,180.000,1,209.000,31,208.000,20,206.000,10,205.000,20,84.000,3,220.000,51,223.000,30,364.000,1,400.000,1,450.000,1,0,6,
94948475000,180.000,1,209.000,37,208.000,20,206.000,10,205.000,20,84.000,3,220.000,51,223.000,30,364.000,1,400.000,1,450.000,1,0,6,
94950057000,180.000,1,209.000,31,208.000,20,206.000,10,205.000,20,84.000,3,220.000,51,223.000,30,364.000,1,400.000,1,450.000,1,0,6,
94950067000,180.000,1,209.000,31,208.000,26,206.000,10,205.000,20,84.000,3,220.000,51,223.000,30,364.000,1,400.000,1,450.000,1,0,6,
94950113000,180.000,1,209.000,31,208.000,6,206.000,10,205.000,20,84.000,3,220.000,51,223.000,10,364.000,1,400.000,1,450.000,1,0,6,
94950150000,180.000,1,209.000,31,208.000,6,207.000,20,206.000,10,205.000,20,220.000,51,222.000,20,223.000,10,364.000,1,400.000,1,0,6,
94950337000,180.000,1,209.000,10,208.000,6,207.000,20,206.000,10,205.000,20,220.000,30,222.000,20,223.000,10,364.000,1,400.000,1,0,6,
94950337000,180.000,1,209.000,31,208.000,6,207.000,20,206.000,10,205.000,20,219.000,21,220.000,30,222.000,20,223.000,10,364.000,1,0,6,
94950337000,180.000,1,209.000,31,208.000,16,207.000,20,206.000,10,205.000,20,219.000,21,220.000,30,222.000,20,223.000,10,364.000,1,0,6,
94950337000,180.000,1,209.000,21,208.000,16,207.000,20,206.000,10,205.000,20,219.000,21,220.000,30,222.000,20,223.000,10,364.000,1,0,6,
94950337000,180.000,1,209.000,21,208.000,16,207.000,20,206.000,10,205.000,20,219.000,31,220.000,30,222.000,20,223.000,10,364.000,1,0,6,
94950338000,180.000,1,209.000,31,208.000,16,207.000,20,206.000,10,205.000,20,219.000,31,220.000,30,222.000,20,223.000,10,364.000,1,0,6,
94955382000,180.000,1,209.000,10,208.000,16,207.000,20,206.000,10,205.000,20,219.000,10,220.000,30,222.000,20,223.000,10,364.000,1,0,6,
94955382000,180.000,1,209.000,31,208.000,16,207.000,20,206.000,10,205.000,20,219.000,10,220.000,51,222.000,20,223.000,10,364.000,1,0,6,
94955382000,180.000,1,209.000,21,208.000,16,207.000,20,206.000,10,205.000,20,219.000,10,220.000,51,222.000,20,223.000,10,364.000,1,0,6,
94955382000,180.000,1,209.000,21,208.000,16,207.000,20,206.000,10,205.000,20,220.000,51,222.000,20,223.000,10,364.000,1,400.000,1,0,6,
94955383000,180.000,1,209.000,31,208.000,16,207.000,20,206.000,10,205.000,20,220.000,51,222.000,20,223.000,10,364.000,1,400.000,1,0,6,
94955696000,180.000,1,209.000,31,208.000,10,207.000,20,206.000,10,205.000,20,220.000,51,222.000,20,223.000,10,364.000,1,400.000,1,0,6,
94955706000,180.000,1,209.000,37,208.000,10,207.000,20,206.000,10,205.000,20,220.000,51,222.000,20,223.000,10,364.000,1,400.000,1,0,6,
94956291000,180.000,1,209.000,37,208.000,10,207.000,20,205.000,20,84.000,3,220.000,51,222.000,20,223.000,10,364.000,1,400.000,1,0,6,
94956904000,180.000,1,209.000,16,208.000,10,207.000,20,205.000,20,84.000,3,220.000,30,222.000,20,223.000,10,364.000,1,400.000,1,0,6,
94956904000,180.000,1,209.000,37,208.000,10,207.000,20,205.000,20,84.000,3,220.000,30,221.000,21,222.000,20,223.000,10,364.000,1,0,6,
94957246000,180.000,1,209.000,31,208.000,10,207.000,20,205.000,20,84.000,3,220.000,30,221.000,21,222.000,20,223.000,10,364.000,1,0,6,
94957257000,180.000,1,210.000,6,209.000,31,208.000,10,207.000,20,205.000,20,220.000,30,221.000,21,222.000,20,223.000,10,364.000,1,0,6,
94957257000,180.000,1,210.000,16,209.000,31,208.000,10,207.000,20,205.000,20,220.000,30,221.000,21,222.000,20,223.000,10,364.000,1,0,6,
94957258000,180.000,1,210.000,16,209.000,31,208.000,10,207.000,20,84.000,3,220.000,10,221.000,21,222.000,20,223.000,10,364.000,1,0,6,
94957259000,180.000,1,210.000,16,209.000,31,208.000,10,207.000,20,84.000,3,221.000,21,222.000,20,223.000,10,364.000,1,400.000,1,0,6,
94957259000,180.000,1,210.000,16,209.000,31,208.000,10,207.000,20,84.000,3,221.000,31,222.000,20,223.000,10,364.000,1,400.000,1,0,6,
94957383000,180.000,1,210.000,16,209.000,31,208.000,20,207.000,20,84.000,3,221.000,31,222.000,20,223.000,10,364.000,1,400.000,1,0,6,
94957504000,180.000,1,210.000,16,209.000,31,208.000,20,207.000,40,84.000,3,221.000,31,222.000,40,223.000,10,364.000,1,400.000,1,0,6,
94957504000,180.000,1,210.000,16,209.000,31,208.000,10,207.000,40,84.000,3,221.000,31,222.000,40,223.000,10,364.000,1,400.000,1,0,6,
94957905000,180.000,1,210.000,16,209.000,10,208.000,10,207.000,40,84.000,3,221.000,10,222.000,40,223.000,10,364.000,1,400.000,1,0,6,
94957905000,180.000,1,211.000,21,210.000,16,209.000,10,208.000,10,207.000,40,221.000,31,222.000,40,223.000,10,364.000,1,400.000,1,0,6,
94957905000,180.000,1,211.000,21,210.000,16,209.000,10,208.000,10,207.000,40,221.000,21,222.000,40,223.000,10,364.000,1,400.000,1,0,6,
94957954000,180.000,1,211.000,31,210.000,16,209.000,10,208.000,10,207.000,40,221.000,21,222.000,40,223.000,10,364.000,1,400.000,1,0,6,
94957955000,180.000,1,211.000,31,210.000,16,209.000,10,208.000,10,207.000,40,221.000,31,222.000,40,223.000,10,364.000,1,400.000,1,0,6,
94958004000,180.000,1,211.000,31,210.000,16,208.000,10,207.000,40,84.000,3,221.000,31,222.000,40,223.000,10,364.000,1,400.000,1,0,6,
94959331000,180.000,1,211.000,31,210.000,10,208.000,10,207.000,40,84.000,3,221.000,31,222.000,40,223.000,10,364.000,1,400.000,1,0,6,
95007904000,180.000,1,211.000,31,210.000,10,208.000,10,207.000,20,84.000,3,221.000,31,222.000,20,223.000,10,364.000,1,400.000,1,0,6,
95008006000,180.000,1,211.000,31,210.000,10,208.000,30,207.000,20,84.000,3,221.000,31,222.000,20,223.000,30,364.000,1,400.000,1,0,6,
95019370000,180.000,1,211.000,10,210.000,10,208.000,30,207.000,20,84.000,3,221.000,10,222.000,20,223.000,30,364.000,1,400.000,1,0,6,
95019370000,180.000,1,211.000,10,210.000,31,208.000,30,207.000,20,84.000,3,221.000,31,222.000,20,223.000,30,364.000,1,400.000,1,0,6,
95019370000,180.000,1,211.000,10,210.000,31,208.000,30,207.000,20,84.000,3,221.000,31,222.000,30,223.000,30,364.000,1,400.000,1,0,6,
95019370000,180.000,1,211.000,10,210.000,31,208.000,40,207.000,20,84.000,3,221.000,31,222.000,30,223.000,30,364.000,1,400.000,1,0,6,
95019370000,180.000,1,210.000,31,208.000,40,207.000,20,84.000,3,39.000,20,221.000,31,222.000,30,223.000,30,364.000,1,400.000,1,0,6,
95019370000,180.000,1,210.000,31,208.000,40,207.000,20,84.000,3,39.000,20,221.000,21,222.000,30,223.000,30,364.000,1,400.000,1,0,6,
95019371000,180.000,1,210.000,31,208.000,40,207.000,20,84.000,3,39.000,20,221.000,31,222.000,30,223.000,30,364.000,1,400.000,1,0,6,
95019509000,180.000,1,210.000,31,208.000,20,207.000,20,84.000,3,39.000,20,221.000,31,222.000,30,223.000,10,364.000,1,400.000,1,0,6,
95020062000,180.000,1,210.000,31,208.000,20,207.000,40,84.000,3,39.000,20,221.000,31,222.000,50,223.000,10,364.000,1,400.000,1,0,6,
95021224000,180.000,1,210.000,31,208.000,20,207.000,20,84.000,3,39.000,20,221.000,31,222.000,30,223.000,10,364.000,1,400.000,1,0,6,
95021482000,180.000,1,210.000,10,208.000,20,207.000,20,84.000,3,39.000,20,221.000,10,222.000,30,223.000,10,364.000,1,400.000,1,0,6,
95021482000,180.000,1,211.000,21,210.000,10,208.000,20,207.000,20,84.000,3,221.000,31,222.000,30,223.000,10,364.000,1,400.000,1,0,6,
95021482000,180.000,1,211.000,21,208.000,20,207.000,20,84.000,3,39.000,20,221.000,31,222.000,30,223.000,10,364.000,1,400.000,1,0,6,
95021482000,180.000,1,211.000,21,208.000,20,207.000,20,84.000,3,39.000,20,221.000,21,222.000,30,223.000,10,364.000,1,400.000,1,0,6,
95021514000,180.000,1,211.000,21,208.000,40,207.000,20,84.000,3,39.000,20,221.000,21,222.000,30,223.000,30,364.000,1,400.000,1,0,6,
95021822000,180.000,1,211.000,21,208.000,40,207.000,20,84.000,3,39.000,20,221.000,31,222.000,30,223.000,30,364.000,1,400.000,1,0,6,
95021823000,180.000,1,211.000,31,208.000,40,207.000,20,84.000,3,39.000,20,221.000,31,222.000,30,223.000,30,364.000,1,400.000,1,0,6,
95035778000,180.000,1,211.000,31,208.000,20,207.000,20,84.000,3,39.000,20,221.000,31,222.000,30,223.000,10,364.000,1,400.000,1,0,6,
95036189000,180.000,1,211.000,31,208.000,40,207.000,20,84.000,3,39.000,20,221.000,31,222.000,30,223.000,30,364.000,1,400.000,1,0,6,
95039353000,180.000,1,211.000,10,208.000,40,207.000,20,84.000,3,39.000,20,221.000,10,222.000,30,223.000,30,364.000,1,400.000,1,0,6,
95039353000,180.000,1,211.000,10,210.000,21,208.000,40,207.000,20,84.000,3,221.000,31,222.000,30,223.000,30,364.000,1,400.000,1,0,6,
95039353000,180.000,1,210.000,21,208.000,40,207.000,20,84.000,3,39.000,20,221.000,31,222.000,30,223.000,30,364.000,1,400.000,1,0,6,
95039354000,180.000,1,210.000,21,208.000,40,207.000,20,84.000,3,39.000,20,221.000,21,222.000,30,223.000,30,364.000,1,400.000,1,0,6,
95039354000,180.000,1,210.000,31,208.000,40,207.000,20,84.000,3,39.000,20,221.000,21,222.000,30,223.000,30,364.000,1,400.000,1,0,6,
95039354000,180.000,1,210.000,31,208.000,40,207.000,20,84.000,3,39.000,20,221.000,31,222.000,30,223.000,30,364.000,1,400.000,1,0,6,
95041062000,180.000,1,210.000,31,208.000,20,207.000,20,84.000,3,39.000,20,221.000,31,222.000,30,223.000,10,364.000,1,400.000,1,0,6,
95041221000,180.000,1,210.000,31,208.000,40,207.000,20,84.000,3,39.000,20,221.000,31,222.000,30,223.000,30,364.000,1,400.000,1,0,6,
95048401000,180.000,1,210.000,31,208.000,20,207.000,20,84.000,3,39.000,20,221.000,31,222.000,30,223.000,10,364.000,1,400.000,1,0,6,
95048402000,180.000,1,210.000,31,209.000,6,208.000,20,207.000,20,84.000,3,221.000,31,222.000,30,223.000,10,364.000,1,400.000,1,0,6,
95052285000,180.000,1,210.000,31,209.000,26,208.000,20,207.000,20,84.000,3,221.000,31,222.000,30,223.000,10,224.000,20,364.000,1,0,6,
95052349000,180.000,1,210.000,31,209.000,26,208.000,20,207.000,20,84.000,3,221.000,31,222.000,30,224.000,20,364.000,1,400.000,1,0,6,
95053264000,180.000,1,210.000,31,209.000,26,208.000,20,207.000,20,84.000,3,221.000,31,222.000,30,224.000,20,225.000,10,364.000,1,0,6,
95053306000,180.000,1,210.000,10,209.000,26,208.000,20,207.000,20,84.000,3,221.000,10,222.000,30,224.000,20,225.000,10,364.000,1,0,6,
95053306000,180.000,1,210.000,31,209.000,26,208.000,20,207.000,20,84.000,3,221.000,10,222.000,51,224.000,20,225.000,10,364.000,1,0,6,
95053307000,180.000,1,210.000,31,209.000,26,208.000,20,207.000,20,84.000,3,222.000,51,224.000,20,225.000,10,364.000,1,400.000,1,0,6,
95053307000,180.000,1,210.000,31,209.000,36,208.000,20,207.000,20,84.000,3,222.000,51,224.000,20,225.000,10,364.000,1,400.000,1,0,6,
95053307000,180.000,1,210.000,21,209.000,36,208.000,20,207.000,20,84.000,3,222.000,51,224.000,20,225.000,10,364.000,1,400.000,1,0,6,
95053307000,180.000,1,210.000,31,209.000,36,208.000,20,207.000,20,84.000,3,222.000,51,224.000,20,225.000,10,364.000,1,400.000,1,0,6,
95053503000,180.000,1,210.000,31,209.000,36,208.000,10,207.000,20,84.000,3,222.000,51,224.000,20,225.000,10,364.000,1,400.000,1,0,6,
95056954000,180.000,1,210.000,31,209.000,30,208.000,10,207.000,20,84.000,3,222.000,51,224.000,20,225.000,10,364.000,1,400.000,1,0,6,
95056964000,180.000,1,210.000,37,209.000,30,208.000,10,207.000,20,84.000,3,222.000,51,224.000,20,225.000,10,364.000,1,400.000,1,0,6,
95057266000,180.000,1,210.000,16,209.000,30,208.000,10,207.000,20,84.000,3,222.000,30,224.000,20,225.000,10,364.000,1,400.000,1,0,6,
95057266000,180.000,1,210.000,37,209.000,30,208.000,10,207.000,20,84.000,3,222.000,30,223.000,21,224.000,20,225.000,10,364.000,1,0,6,
95058145000,180.000,1,210.000,37,209.000,10,208.000,10,207.000,20,84.000,3,222.000,30,223.000,21,225.000,10,364.000,1,400.000,1,0,6,
95058320000,180.000,1,210.000,37,209.000,10,208.000,30,207.000,20,84.000,3,222.000,30,223.000,41,225.000,10,364.000,1,400.000,1,0,6,
95058363000,180.000,1,210.000,16,209.000,10,208.000,30,207.000,20,84.000,3,222.000,30,223.000,20,225.000,10,364.000,1,400.000,1,0,6,
95058363000,180.000,1,210.000,37,209.000,10,208.000,30,207.000,20,84.000,3,222.000,51,223.000,20,225.000,10,364.000,1,400.000,1,0,6,
95058457000,180.000,1,210.000,31,209.000,10,208.000,30,207.000,20,84.000,3,222.000,51,223.000,20,225.000,10,364.000,1,400.000,1,0,6,
95058701000,180.000,1,210.000,31,209.000,16,208.000,30,207.000,20,84.000,3,222.000,51,223.000,20,225.000,10,364.000,1,400.000,1,0,6,
95100400000,180.000,1,210.000,31,209.000,16,208.000,10,207.000,20,84.000,3,222.000,51,225.000,10,364.000,1,400.000,1,450.000,1,0,6,
95100451000,180.000,1,210.000,31,209.000,36,208.000,10,207.000,20,84.000,3,222.000,51,224.000,20,225.000,10,364.000,1,400.000,1,0,6,
95101132000,180.000,1,210.000,31,209.000,30,208.000,10,207.000,20,84.000,3,222.000,51,224.000,20,225.000,10,364.000,1,400.000,1,0,6,
95101143000,180.000,1,210.000,37,209.000,30,208.000,10,207.000,20,84.000,3,222.000,51,224.000,20,225.000,10,364.000,1,400.000,1,0,6,
95101509000,180.000,1,210.000,16,209.000,30,208.000,10,207.000,20,84.000,3,222.000,30,224.000,20,225.000,10,364.000,1,400.000,1,0,6,
95101509000,180.000,1,210.000,37,209.000,30,208.000,10,207.000,20,84.000,3,222.000,30,223.000,21,224.000,20,225.000,10,364.000,1,0,6,
95103026000,180.000,1,210.000,37,209.000,30,208.000,10,84.000,3,39.000,20,222.000,10,223.000,21,224.000,20,225.000,10,364.000,1,0,6,
95103026000,180.000,1,210.000,37,209.000,30,208.000,10,84.000,3,39.000,20,223.000,21,224.000,20,225.000,10,364.000,1,400.000,1,0,6,
95103026000,180.000,1,210.000,37,209.000,30,208.000,10,84.000,3,39.000,20,223.000,31,224.000,20,225.000,10,364.000,1,400.000,1,0,6,
95103504000,180.000,1,210.000,37,209.000,50,208.000,10,84.000,3,39.000,20,223.000,31,224.000,40,225.000,10,364.000,1,400.000,1,0,6,
95117166000,180.000,1,210.000,37,209.000,50,208.000,10,84.000,3,39.000,20,223.000,31,224.000,40,364.000,1,400.000,1,450.000,1,0,6,
95117173000,180.000,1,210.000,37,209.000,30,208.000,10,84.000,3,39.000,20,223.000,31,224.000,20,364.000,1,400.000,1,450.000,1,0,6,
95117280000,180.000,1,210.000,16,209.000,30,208.000,10,84.000,3,39.000,20,223.000,10,224.000,20,364.000,1,400.000,1,450.000,1,0,6,
95117280000,180.000,1,210.000,37,209.000,30,208.000,10,84.000,3,39.000,20,223.000,10,224.000,41,364.000,1,400.000,1,450.000,1,0,6,
95117280000,180.000,1,210.000,37,209.000,30,208.000,10,84.000,3,39.000,20,223.000,10,224.000,51,364.000,1,400.000,1,450.000,1,0,6,
95117280000,180.000,1,210.000,37,209.000,30,208.000,10,84.000,3,39.000,20,224.000,51,364.000,1,400.000,1,450.000,1,775.000,1,0,6,
95117288000,180.000,1,210.000,37,209.000,30,208.000,10,84.000,3,39.000,20,224.000,51,228.000,10,364.000,1,400.000,1,450.000,1,0,6,
95117320000,180.000,1,210.000,31,209.000,30,208.000,10,84.000,3,39.000,20,224.000,51,228.000,10,364.000,1,400.000,1,450.000,1,0,6,
95117331000,180.000,1,211.000,6,210.000,31,209.000,30,208.000,10,84.000,3,224.000,51,228.000,10,364.000,1,400.000,1,450.000,1,0,6,
95117331000,180.000,1,211.000,16,210.000,31,209.000,30,208.000,10,84.000,3,224.000,51,228.000,10,364.000,1,400.000,1,450.000,1,0,6,
95117439000,180.000,1,211.000,16,210.000,51,209.000,30,208.000,10,84.000,3,224.000,51,225.000,20,228.000,10,364.000,1,400.000,1,0,6,
95117504000,180.000,1,211.000,16,210.000,51,209.000,20,208.000,10,84.000,3,224.000,51,225.000,20,228.000,10,364.000,1,400.000,1,0,6,
95117971000,180.000,1,211.000,16,210.000,31,209.000,20,208.000,10,84.000,3,224.000,51,228.000,10,364.000,1,400.000,1,450.000,1,0,6,
95118381000,180.000,1,211.000,16,210.000,10,209.000,20,208.000,10,84.000,3,224.000,30,228.000,10,364.000,1,400.000,1,450.000,1,0,6,
95118381000,180.000,1,212.000,21,211.000,16,210.000,10,209.000,20,208.000,10,224.000,51,228.000,10,364.000,1,400.000,1,450.000,1,0,6,
95118953000,180.000,1,212.000,30,211.000,16,210.000,10,209.000,20,208.000,10,224.000,51,228.000,10,364.000,1,400.000,1,450.000,1,0,6,
95119004000,180.000,1,212.000,30,211.000,16,209.000,20,208.000,10,84.000,3,224.000,51,228.000,10,364.000,1,400.000,1,450.000,1,0,6,
95120389000,180.000,1,212.000,30,211.000,16,209.000,20,84.000,3,39.000,20,224.000,51,228.000,10,364.000,1,400.000,1,450.000,1,0,6,
95120389000,180.000,1,212.000,30,211.000,26,209.000,20,84.000,3,39.000,20,224.000,51,228.000,10,364.000,1,400.000,1,450.000,1,0,6,
95120889000,180.000,1,212.000,9,211.000,26,209.000,20,84.000,3,39.000,20,224.000,30,228.000,10,364.000,1,400.000,1,450.000,1,0,6,
95120889000,180.000,1,212.000,30,211.000,26,209.000,20,84.000,3,39.000,20,223.000,21,224.000,30,228.000,10,364.000,1,400.000,1,0,6,
95120890000,180.000,1,212.000,21,211.000,26,209.000,20,84.000,3,39.000,20,223.000,21,224.000,30,228.000,10,364.000,1,400.000,1,0,6,
95120890000,180.000,1,212.000,21,211.000,26,209.000,20,84.000,3,39.000,20,223.000,30,224.000,30,228.000,10,364.000,1,400.000,1,0,6,
95120890000,180.000,1,212.000,30,211.000,26,209.000,20,84.000,3,39.000,20,223.000,30,224.000,30,228.000,10,364.000,1,400.000,1,0,6,
95121655000,180.000,1,212.000,30,211.000,26,210.000,20,209.000,20,84.000,3,223.000,30,224.000,30,225.000,20,228.000,10,364.000,1,0,6,
95121863000,180.000,1,212.000,30,211.000,20,210.000,20,209.000,20,84.000,3,223.000,30,224.000,30,225.000,20,228.000,10,364.000,1,0,6,
95124392000,180.000,1,212.000,9,211.000,20,210.000,20,209.000,20,84.000,3,223.000,9,224.000,30,225.000,20,228.000,10,364.000,1,0,6,
95124392000,180.000,1,212.000,30,211.000,20,210.000,20,209.000,20,84.000,3,223.000,9,224.000,51,225.000,20,228.000,10,364.000,1,0,6,
95124392000,180.000,1,212.000,21,211.000,20,210.000,20,209.000,20,84.000,3,223.000,9,224.000,51,225.000,20,228.000,10,364.000,1,0,6,
95124392000,180.000,1,212.000,21,211.000,20,210.000,20,209.000,20,84.000,3,224.000,51,225.000,20,228.000,10,364.000,1,400.000,1,0,6,
95124393000,180.000,1,212.000,31,211.000,20,210.000,20,209.000,20,84.000,3,224.000,51,225.000,20,228.000,10,364.000,1,400.000,1,0,6,
95125393000,180.000,1,212.000,10,211.000,20,210.000,20,209.000,20,84.000,3,224.000,30,225.000,20,228.000,10,364.000,1,400.000,1,0,6,
95125393000,180.000,1,212.000,31,211.000,20,210.000,20,209.000,20,84.000,3,223.000,21,224.000,30,225.000,20,228.000,10,364.000,1,0,6,
95125393000,180.000,1,212.000,21,211.000,20,210.000,20,209.000,20,84.000,3,223.000,21,224.000,30,225.000,20,228.000,10,364.000,1,0,6,
95125393000,180.000,1,212.000,21,211.000,20,210.000,20,209.000,20,84.000,3,223.000,31,224.000,30,225.000,20,228.000,10,364.000,1,0,6,
95125393000,180.000,1,212.000,31,211.000,20,210.000,20,209.000,20,84.000,3,223.000,31,224.000,30,225.000,20,228.000,10,364.000,1,0,6,
95125853000,180.000,1,212.000,31,211.000,20,210.000,20,209.000,20,84.000,3,223.000,31,224.000,30,225.000,20,364.000,1,400.000,1,0,6,
95125855000,180.000,1,212.000,31,211.000,20,210.000,20,209.000,20,84.000,3,223.000,31,224.000,30,225.000,20,226.000,10,364.000,1,0,6,
95130148000,180.000,1,212.000,31,211.000,20,209.000,20,84.000,3,39.000,20,223.000,31,224.000,30,226.000,10,364.000,1,400.000,1,0,6,
95130736000,180.000,1,212.000,31,211.000,40,209.000,20,84.000,3,39.000,20,223.000,31,224.000,30,226.000,30,364.000,1,400.000,1,0,6,
95141599000,180.000,1,212.000,31,211.000,20,209.000,20,84.000,3,39.000,20,223.000,31,224.000,30,226.000,10,364.000,1,400.000,1,0,6,
95142831000,180.000,1,212.000,31,211.000,20,210.000,20,209.000,20,84.000,3,223.000,31,224.000,30,225.000,20,226.000,10,364.000,1,0,6,
95158134000,180.000,1,212.000,31,211.000,20,209.000,20,84.000,3,39.000,20,223.000,31,224.000,30,226.000,10,364.000,1,400.000,1,0,6,
95159051000,180.000,1,212.000,31,211.000,20,210.000,20,209.000,20,84.000,3,223.000,31,224.000,30,225.000,20,226.000,10,364.000,1,0,6,
95202111000,180.000,1,212.000,10,211.000,20,210.000,20,209.000,20,84.000,3,223.000,10,224.000,30,225.000,20,226.000,10,364.000,1,0,6,
95202111000,180.000,1,212.000,31,211.000,20,210.000,20,209.000,20,84.000,3,223.000,10,224.000,51,225.000,20,226.000,10,364.000,1,0,6,
95202112000,180.000,1,212.000,21,211.000,20,210.000,20,209.000,20,84.000,3,223.000,10,224.000,51,225.000,20,226.000,10,364.000,1,0,6,
95202112000,180.000,1,212.000,21,211.000,20,210.000,20,209.000,20,84.000,3,224.000,51,225.000,20,226.000,10,364.000,1,400.000,1,0,6,
95202112000,180.000,1,212.000,30,211.000,20,210.000,20,209.000,20,84.000,3,224.000,51,225.000,20,226.000,10,364.000,1,400.000,1,0,6,
95202535000,180.000,1,212.000,30,211.000,20,210.000,20,209.000,20,84.000,3,224.000,51,225.000,20,364.000,1,400.000,1,450.000,1,0,6,
95202536000,180.000,1,212.000,30,211.000,20,210.000,20,84.000,3,39.000,20,224.000,31,225.000,20,364.000,1,400.000,1,450.000,1,0,6,
95202538000,180.000,1,212.000,30,211.000,20,84.000,3,39.000,20,38.500,1,224.000,31,364.000,1,400.000,1,450.000,1,775.000,1,0,6,
95202539000,180.000,1,212.000,30,211.000,26,84.000,3,39.000,20,38.500,1,224.000,31,364.000,1,400.000,1,450.000,1,775.000,1,0,6,
95202657000,180.000,1,212.000,30,211.000,26,84.000,3,39.000,20,38.500,1,224.000,31,228.000,10,364.000,1,400.000,1,450.000,1,0,6,
95202958000,180.000,1,212.000,30,211.000,46,84.000,3,39.000,20,38.500,1,224.000,31,226.000,20,228.000,10,364.000,1,400.000,1,0,6,
95203212000,180.000,1,212.000,9,211.000,46,84.000,3,39.000,20,38.500,1,224.000,10,226.000,20,228.000,10,364.000,1,400.000,1,0,6,
95203212000,180.000,1,212.000,30,211.000,46,84.000,3,39.000,20,38.500,1,224.000,10,225.000,21,226.000,20,228.000,10,364.000,1,0,6,
95203212000,180.000,1,212.000,30,211.000,46,84.000,3,39.000,20,38.500,1,224.000,10,225.000,21,226.000,29,228.000,10,364.000,1,0,6,
95203212000,180.000,1,212.000,30,211.000,46,84.000,3,39.000,20,38.500,1,224.000,10,225.000,30,226.000,29,228.000,10,364.000,1,0,6,
95203212000,180.000,1,212.000,21,211.000,46,84.000,3,39.000,20,38.500,1,224.000,10,225.000,30,226.000,29,228.000,10,364.000,1,0,6,
95203212000,180.000,1,212.000,21,211.000,46,84.000,3,39.000,20,38.500,1,225.000,30,226.000,29,228.000,10,364.000,1,400.000,1,0,6,
95203212000,180.000,1,212.000,30,211.000,46,84.000,3,39.000,20,38.500,1,225.000,30,226.000,29,228.000,10,364.000,1,400.000,1,0,6,
95204425000,180.000,1,212.000,30,211.000,40,84.000,3,39.000,20,38.500,1,225.000,30,226.000,29,228.000,10,364.000,1,400.000,1,0,6,
95208194000,180.000,1,212.000,30,211.000,46,84.000,3,39.000,20,38.500,1,225.000,30,226.000,29,228.000,10,364.000,1,400.000,1,0,6,
95209000000,180.000,1,212.000,30,211.000,40,84.000,3,39.000,20,38.500,1,225.000,30,226.000,29,228.000,10,364.000,1,400.000,1,0,6,
95209080000,180.000,1,212.000,30,211.000,60,84.000,3,39.000,20,38.500,1,225.000,30,226.000,49,228.000,10,364.000,1,400.000,1,0,6,
95210121000,180.000,1,212.000,30,211.000,40,84.000,3,39.000,20,38.500,1,225.000,30,226.000,29,228.000,10,364.000,1,400.000,1,0,6,
95211115000,180.000,1,212.000,30,211.000,60,84.000,3,39.000,20,38.500,1,225.000,30,226.000,49,228.000,10,364.000,1,400.000,1,0,6,
95215957000,180.000,1,212.000,30,211.000,40,84.000,3,39.000,20,38.500,1,225.000,30,226.000,29,228.000,10,364.000,1,400.000,1,0,6,
95216169000,180.000,1,212.000,30,211.000,60,84.000,3,39.000,20,38.500,1,225.000,30,226.000,49,228.000,10,364.000,1,400.000,1,0,6,
95218671000,180.000,1,212.000,30,211.000,40,84.000,3,39.000,20,38.500,1,225.000,30,226.000,29,228.000,10,364.000,1,400.000,1,0,6,
95219179000,180.000,1,212.000,30,211.000,60,84.000,3,39.000,20,38.500,1,225.000,30,226.000,49,228.000,10,364.000,1,400.000,1,0,6,
95219726000,180.000,1,212.000,30,211.000,40,84.000,3,39.000,20,38.500,1,225.000,30,226.000,29,228.000,10,364.000,1,400.000,1,0,6,
95221200000,180.000,1,212.000,30,211.000,60,84.000,3,39.000,20,38.500,1,225.000,30,226.000,49,228.000,10,364.000,1,400.000,1,0,6,
95225187000,180.000,1,212.000,30,211.000,60,84.000,3,39.000,20,38.500,1,225.000,30,226.000,49,364.000,1,400.000,1,450.000,1,0,6,
95225188000,180.000,1,212.000,30,211.000,60,84.000,3,39.000,20,38.500,1,225.000,30,226.000,59,364.000,1,400.000,1,450.000,1,0,6,
95225764000,180.000,1,212.000,30,211.000,40,84.000,3,39.000,20,38.500,1,225.000,30,226.000,39,364.000,1,400.000,1,450.000,1,0,6,
95226213000,180.000,1,212.000,30,211.000,60,84.000,3,39.000,20,38.500,1,225.000,30,226.000,59,364.000,1,400.000,1,450.000,1,0,6,
95245449000,180.000,1,212.000,30,211.000,40,84.000,3,39.000,20,38.500,1,225.000,30,226.000,39,364.000,1,400.000,1,450.000,1,0,6,
95251798000,180.000,1,212.000,30,211.000,30,84.000,3,39.000,20,38.500,1,225.000,30,226.000,39,364.000,1,400.000,1,450.000,1,0,6,
95251921000,180.000,1,212.000,30,211.000,30,209.000,10,84.000,3,39.000,20,225.000,30,226.000,39,364.000,1,400.000,1,450.000,1,0,6,
95252255000,180.000,1,212.000,30,211.000,30,209.000,10,84.000,3,39.000,20,225.000,30,226.000,45,364.000,1,400.000,1,450.000,1,0,6,
95258493000,180.000,1,212.000,30,211.000,30,209.000,10,84.000,3,39.000,20,225.000,30,226.000,39,364.000,1,400.000,1,450.000,1,0,6,
95303493000,180.000,1,212.000,30,211.000,30,84.000,3,39.000,20,38.500,1,225.000,30,226.000,39,364.000,1,400.000,1,450.000,1,0,6,
95303495000,180.000,1,212.000,30,211.000,40,84.000,3,39.000,20,38.500,1,225.000,30,226.000,39,364.000,1,400.000,1,450.000,1,0,6,
95304744000,180.000,1,212.000,30,211.000,60,84.000,3,39.000,20,38.500,1,225.000,30,226.000,59,364.000,1,400.000,1,450.000,1,0,6,
95307350000,180.000,1,212.000,30,211.000,40,84.000,3,39.000,20,38.500,1,225.000,30,226.000,39,364.000,1,400.000,1,450.000,1,0,6,
95307784000,180.000,1,212.000,30,211.000,60,84.000,3,39.000,20,38.500,1,225.000,30,226.000,59,364.000,1,400.000,1,450.000,1,0,6,
95317953000,180.000,1,212.000,30,211.000,40,84.000,3,39.000,20,38.500,1,225.000,30,226.000,39,364.000,1,400.000,1,450.000,1,0,6,
95318957000,180.000,1,212.000,30,211.000,60,84.000,3,39.000,20,38.500,1,225.000,30,226.000,59,364.000,1,400.000,1,450.000,1,0,6,
95325775000,180.000,1,212.000,30,211.000,40,84.000,3,39.000,20,38.500,1,225.000,30,226.000,39,364.000,1,400.000,1,450.000,1,0,6,
95326597000,180.000,1,212.000,30,211.000,40,84.000,3,39.000,20,38.500,1,225.000,30,226.000,45,364.000,1,400.000,1,450.000,1,0,6,
95329456000,180.000,1,212.000,30,211.000,40,84.000,3,39.000,20,38.500,1,225.000,30,226.000,39,364.000,1,400.000,1,450.000,1,0,6,
95330084000,180.000,1,212.000,30,211.000,60,84.000,3,39.000,20,38.500,1,225.000,30,226.000,59,364.000,1,400.000,1,450.000,1,0,6,
95341961000,180.000,1,212.000,30,211.000,60,84.000,3,39.000,20,38.500,1,225.000,30,226.000,65,364.000,1,400.000,1,450.000,1,0,6,
95343326000,180.000,1,212.000,30,211.000,50,84.000,3,39.000,20,38.500,1,225.000,30,226.000,65,364.000,1,400.000,1,450.000,1,0,6,
95343343000,180.000,1,212.000,30,211.000,30,84.000,3,39.000,20,38.500,1,225.000,30,226.000,45,364.000,1,400.000,1,450.000,1,0,6,
95343442000,180.000,1,212.000,30,211.000,30,209.000,10,84.000,3,39.000,20,225.000,30,226.000,45,364.000,1,400.000,1,450.000,1,0,6,
95345125000,180.000,1,212.000,30,211.000,30,209.000,10,84.000,3,39.000,20,225.000,30,226.000,39,364.000,1,400.000,1,450.000,1,0,6,
95347432000,180.000,1,212.000,30,211.000,50,209.000,10,84.000,3,39.000,20,225.000,30,226.000,59,364.000,1,400.000,1,450.000,1,0,6,
95347931000,180.000,1,212.000,30,211.000,30,209.000,10,84.000,3,39.000,20,225.000,30,226.000,39,364.000,1,400.000,1,450.000,1,0,6,
95349828000,180.000,1,212.000,30,211.000,30,209.000,10,84.000,3,39.000,20,225.000,30,226.000,45,364.000,1,400.000,1,450.000,1,0,6,
95352488000,180.000,1,212.000,30,211.000,50,209.000,10,84.000,3,39.000,20,225.000,30,226.000,65,364.000,1,400.000,1,450.000,1,0,6,
95354399000,180.000,1,212.000,30,211.000,30,209.000,10,84.000,3,39.000,20,225.000,30,226.000,45,364.000,1,400.000,1,450.000,1,0,6,
95400671000,180.000,1,212.000,30,211.000,30,209.000,10,84.000,3,39.000,20,225.000,30,226.000,39,364.000,1,400.000,1,450.000,1,0,6,
95404562000,180.000,1,212.000,30,211.000,50,209.000,10,84.000,3,39.000,20,225.000,30,226.000,59,364.000,1,400.000,1,450.000,1,0,6,
95407675000,180.000,1,212.000,30,211.000,50,209.000,10,84.000,3,39.000,20,225.000,30,226.000,65,364.000,1,400.000,1,450.000,1,0,6,
95408387000,180.000,1,212.000,30,211.000,30,209.000,10,84.000,3,39.000,20,225.000,30,226.000,45,364.000,1,400.000,1,450.000,1,0,6,
95416915000,180.000,1,212.000,30,211.000,30,209.000,10,84.000,3,39.000,20,225.000,30,226.000,39,364.000,1,400.000,1,450.000,1,0,6,
95416916000,180.000,1,212.000,30,211.000,50,209.000,10,84.000,3,39.000,20,225.000,30,226.000,59,364.000,1,400.000,1,450.000,1,0,6,
95418001000,180.000,1,212.000,30,211.000,50,209.000,10,84.000,3,39.000,20,225.000,30,226.000,65,364.000,1,400.000,1,450.000,1,0,6,
95418037000,180.000,1,212.000,30,211.000,30,209.000,10,84.000,3,39.000,20,225.000,30,226.000,45,364.000,1,400.000,1,450.000,1,0,6,
95422306000,180.000,1,212.000,30,211.000,30,209.000,10,84.000,3,39.000,20,225.000,30,226.000,35,364.000,1,400.000,1,450.000,1,0,6,
95422306000,180.000,1,212.000,30,211.000,30,209.000,10,84.000,3,39.000,20,224.000,10,225.000,30,226.000,35,364.000,1,400.000,1,0,6,
95422307000,180.000,1,212.000,30,211.000,30,209.000,10,84.000,3,39.000,20,224.000,20,225.000,30,226.000,35,364.000,1,400.000,1,0,6,
95422403000,180.000,1,212.000,9,211.000,30,209.000,10,84.000,3,39.000,20,224.000,20,225.000,9,226.000,35,364.000,1,400.000,1,0,6,
95422403000,180.000,1,212.000,30,211.000,30,209.000,10,84.000,3,39.000,20,223.000,21,224.000,20,225.000,9,226.000,35,364.000,1,0,6,
95422403000,180.000,1,212.000,21,211.000,30,209.000,10,84.000,3,39.000,20,223.000,21,224.000,20,225.000,9,226.000,35,364.000,1,0,6,
95422403000,180.000,1,212.000,21,211.000,30,209.000,10,84.000,3,39.000,20,223.000,31,224.000,20,225.000,9,226.000,35,364.000,1,0,6,
95422404000,180.000,1,212.000,31,211.000,30,209.000,10,84.000,3,39.000,20,223.000,31,224.000,20,225.000,9,226.000,35,364.000,1,0,6,
95422503000,180.000,1,212.000,31,211.000,10,209.000,10,84.000,3,39.000,20,223.000,31,224.000,20,225.000,9,226.000,15,364.000,1,0,6,
95422504000,180.000,1,212.000,31,211.000,10,209.000,10,208.000,20,84.000,3,223.000,51,224.000,20,225.000,9,226.000,15,364.000,1,0,6,
95422504000,180.000,1,212.000,31,211.000,10,209.000,10,208.000,20,84.000,3,223.000,51,224.000,20,225.000,9,226.000,6,364.000,1,0,6,
95422504000,180.000,1,212.000,31,211.000,10,209.000,10,208.000,20,84.000,3,223.000,51,224.000,20,226.000,6,364.000,1,400.000,1,0,6,
95422520000,180.000,1,212.000,31,211.000,10,209.000,30,208.000,20,84.000,3,223.000,51,224.000,40,226.000,6,364.000,1,400.000,1,0,6,
95431334000,180.000,1,212.000,10,211.000,10,209.000,30,208.000,20,84.000,3,223.000,30,224.000,40,226.000,6,364.000,1,400.000,1,0,6,
95431334000,180.000,1,212.000,10,211.000,31,209.000,30,208.000,20,84.000,3,223.000,51,224.000,40,226.000,6,364.000,1,400.000,1,0,6,
95431334000,180.000,1,212.000,10,211.000,31,209.000,40,208.000,20,84.000,3,223.000,51,224.000,40,226.000,6,364.000,1,400.000,1,0,6,
95431334000,180.000,1,211.000,31,209.000,40,208.000,20,84.000,3,39.000,20,223.000,51,224.000,40,226.000,6,364.000,1,400.000,1,0,6,
95433961000,180.000,1,211.000,31,209.000,20,208.000,20,84.000,3,39.000,20,223.000,51,224.000,20,226.000,6,364.000,1,400.000,1,0,6,
95433972000,180.000,1,211.000,10,209.000,20,208.000,20,84.000,3,39.000,20,223.000,30,224.000,20,226.000,6,364.000,1,400.000,1,0,6,
95433972000,180.000,1,212.000,21,211.000,10,209.000,20,208.000,20,84.000,3,223.000,51,224.000,20,226.000,6,364.000,1,400.000,1,0,6,
95433972000,180.000,1,212.000,21,209.000,20,208.000,20,84.000,3,39.000,20,223.000,51,224.000,20,226.000,6,364.000,1,400.000,1,0,6,
95433972000,180.000,1,212.000,31,209.000,20,208.000,20,84.000,3,39.000,20,223.000,51,224.000,20,226.000,6,364.000,1,400.000,1,0,6,
95434031000,180.000,1,212.000,31,210.000,20,209.000,20,208.000,20,84.000,3,223.000,51,224.000,20,225.000,20,226.000,6,364.000,1,0,6,
95434815000,180.000,1,212.000,31,210.000,20,209.000,20,208.000,20,84.000,3,223.000,51,224.000,20,225.000,20,364.000,1,400.000,1,0,6,
95439632000,180.000,1,212.000,31,209.000,20,208.000,20,84.000,3,39.000,20,223.000,51,224.000,20,364.000,1,400.000,1,450.000,1,0,6,
95440174000,180.000,1,212.000,31,209.000,40,208.000,20,84.000,3,39.000,20,223.000,51,224.000,40,364.000,1,400.000,1,450.000,1,0,6,
95442171000,180.000,1,212.000,31,209.000,20,208.000,20,84.000,3,39.000,20,223.000,51,224.000,20,364.000,1,400.000,1,450.000,1,0,6,
95442212000,180.000,1,212.000,31,209.000,40,208.000,20,84.000,3,39.000,20,223.000,51,224.000,40,364.000,1,400.000,1,450.000,1,0,6,
95442274000,180.000,1,212.000,10,209.000,40,208.000,20,84.000,3,39.000,20,223.000,30,224.000,40,364.000,1,400.000,1,450.000,1,0,6,
95442274000,180.000,1,212.000,10,211.000,21,209.000,40,208.000,20,84.000,3,223.000,51,224.000,40,364.000,1,400.000,1,450.000,1,0,6,
95442274000,180.000,1,211.000,21,209.000,40,208.000,20,84.000,3,39.000,20,223.000,51,224.000,40,364.000,1,400.000,1,450.000,1,0,6,
95442274000,180.000,1,211.000,31,209.000,40,208.000,20,84.000,3,39.000,20,223.000,51,224.000,40,364.000,1,400.000,1,450.000,1,0,6,
95448218000,180.000,1,211.000,10,209.000,40,208.000,20,84.000,3,39.000,20,223.000,30,224.000,40,364.000,1,400.000,1,450.000,1,0,6,
95448218000,180.000,1,211.000,10,210.000,21,209.000,40,208.000,20,84.000,3,223.000,51,224.000,40,364.000,1,400.000,1,450.000,1,0,6,
95448218000,180.000,1,210.000,21,209.000,40,208.000,20,84.000,3,39.000,20,223.000,51,224.000,40,364.000,1,400.000,1,450.000,1,0,6,
95448218000,180.000,1,210.000,31,209.000,40,208.000,20,84.000,3,39.000,20,223.000,51,224.000,40,364.000,1,400.000,1,450.000,1,0,6,
95500637000,180.000,1,210.000,31,209.000,20,208.000,20,84.000,3,39.000,20,223.000,51,224.000,20,364.000,1,400.000,1,450.000,1,0,6,
95505399000,180.000,1,210.000,31,209.000,26,208.000,20,84.000,3,39.000,20,223.000,51,224.000,20,364.000,1,400.000,1,450.000,1,0,6,
95505423000,180.000,1,210.000,31,209.000,26,84.000,3,39.000,20,38.500,1,223.000,31,224.000,20,364.000,1,400.000,1,450.000,1,0,6,
95505433000,180.000,1,210.000,31,209.000,26,84.000,3,39.000,20,38.500,1,223.000,31,224.000,10,364.000,1,400.000,1,450.000,1,0,6,
95505504000,180.000,1,210.000,51,209.000,26,84.000,3,39.000,20,38.500,1,223.000,31,224.000,10,225.000,20,364.000,1,400.000,1,0,6,
95505557000,180.000,1,210.000,51,209.000,26,84.000,3,39.000,20,38.500,1,223.000,31,224.000,10,225.000,20,226.000,10,364.000,1,0,6,
95509315000,180.000,1,210.000,51,209.000,46,84.000,3,39.000,20,38.500,1,223.000,31,224.000,30,225.000,20,226.000,10,364.000,1,0,6,
95509579000,180.000,1,210.000,51,209.000,26,84.000,3,39.000,20,38.500,1,223.000,31,224.000,10,225.000,20,226.000,10,364.000,1,0,6,
95511337000,180.000,1,210.000,30,209.000,26,84.000,3,39.000,20,38.500,1,223.000,10,224.000,10,225.000,20,226.000,10,364.000,1,0,6,
95511337000,180.000,1,210.000,51,209.000,26,84.000,3,39.000,20,38.500,1,223.000,10,224.000,31,225.000,20,226.000,10,364.000,1,0,6,
95511338000,180.000,1,210.000,51,209.000,26,84.000,3,39.000,20,38.500,1,223.000,10,224.000,31,225.000,30,226.000,10,364.000,1,0,6,
95511338000,180.000,1,210.000,51,209.000,26,84.000,3,39.000,20,38.500,1,224.000,31,225.000,30,226.000,10,364.000,1,400.000,1,0,6,
95511349000,180.000,1,210.000,51,209.000,20,84.000,3,39.000,20,38.500,1,224.000,31,225.000,30,226.000,10,364.000,1,400.000,1,0,6,
95511361000,180.000,1,210.000,57,209.000,20,84.000,3,39.000,20,38.500,1,224.000,31,225.000,30,226.000,10,364.000,1,400.000,1,0,6,
95514777000,180.000,1,210.000,51,209.000,20,84.000,3,39.000,20,38.500,1,224.000,31,225.000,30,226.000,10,364.000,1,400.000,1,0,6,
95514784000,180.000,1,210.000,51,209.000,26,84.000,3,39.000,20,38.500,1,224.000,31,225.000,30,226.000,10,364.000,1,400.000,1,0,6,
95514989000,180.000,1,210.000,30,209.000,26,84.000,3,39.000,20,38.500,1,224.000,10,225.000,30,226.000,10,364.000,1,400.000,1,0,6,
95514990000,180.000,1,210.000,51,209.000,26,84.000,3,39.000,20,38.500,1,223.000,21,224.000,10,225.000,30,226.000,10,364.000,1,0,6,
95514990000,180.000,1,210.000,51,209.000,26,84.000,3,39.000,20,38.500,1,223.000,21,225.000,30,226.000,10,364.000,1,400.000,1,0,6,
95515990000,180.000,1,210.000,30,209.000,26,84.000,3,39.000,20,38.500,1,225.000,30,226.000,10,364.000,1,400.000,1,450.000,1,0,6,
95515990000,180.000,1,210.000,51,209.000,26,84.000,3,39.000,20,38.500,1,224.000,21,225.000,30,226.000,10,364.000,1,400.000,1,0,6,
95515990000,180.000,1,210.000,51,209.000,26,84.000,3,39.000,20,38.500,1,224.000,31,225.000,30,226.000,10,364.000,1,400.000,1,0,6,
95517085000,180.000,1,210.000,51,209.000,20,84.000,3,39.000,20,38.500,1,224.000,31,225.000,30,226.000,10,364.000,1,400.000,1,0,6,
95520674000,180.000,1,210.000,51,209.000,26,84.000,3,39.000,20,38.500,1,224.000,31,225.000,30,226.000,10,364.000,1,400.000,1,0,6,
95522272000,180.000,1,210.000,51,209.000,20,84.000,3,39.000,20,38.500,1,224.000,31,225.000,30,226.000,10,364.000,1,400.000,1,0,6,
95525349000,180.000,1,210.000,51,209.000,26,84.000,3,39.000,20,38.500,1,224.000,31,225.000,30,226.000,10,364.000,1,400.000,1,0,6,
95539810000,180.000,1,210.000,51,209.000,16,84.000,3,39.000,20,38.500,1,224.000,31,225.000,30,226.000,10,364.000,1,400.000,1,0,6,
95539811000,180.000,1,211.000,10,210.000,51,209.000,16,84.000,3,39.000,20,224.000,31,225.000,30,226.000,10,364.000,1,400.000,1,0,6,
95539811000,180.000,1,211.000,20,210.000,51,209.000,16,84.000,3,39.000,20,224.000,31,225.000,30,226.000,10,364.000,1,400.000,1,0,6,
95539859000,180.000,1,211.000,20,210.000,51,209.000,10,84.000,3,39.000,20,224.000,31,225.000,30,226.000,10,364.000,1,400.000,1,0,6,
95539870000,180.000,1,211.000,20,210.000,57,209.000,10,84.000,3,39.000,20,224.000,31,225.000,30,226.000,10,364.000,1,400.000,1,0,6,
95539924000,180.000,1,211.000,20,210.000,77,209.000,10,84.000,3,39.000,20,224.000,31,225.000,50,226.000,10,364.000,1,400.000,1,0,6,
95540001000,180.000,1,211.000,20,210.000,56,209.000,10,84.000,3,39.000,20,224.000,10,225.000,50,226.000,10,364.000,1,400.000,1,0,6,
95540001000,180.000,1,212.000,21,211.000,20,210.000,56,209.000,10,84.000,3,224.000,31,225.000,50,226.000,10,364.000,1,400.000,1,0,6,
95540001000,180.000,1,212.000,21,211.000,20,210.000,56,209.000,10,84.000,3,224.000,21,225.000,50,226.000,10,364.000,1,400.000,1,0,6,
95540001000,180.000,1,212.000,31,211.000,20,210.000,56,209.000,10,84.000,3,224.000,21,225.000,50,226.000,10,364.000,1,400.000,1,0,6,
95540001000,180.000,1,212.000,31,211.000,20,210.000,56,209.000,10,84.000,3,224.000,31,225.000,50,226.000,10,364.000,1,400.000,1,0,6,
95540004000,180.000,1,212.000,31,211.000,20,210.000,46,209.000,10,84.000,3,224.000,31,225.000,50,226.000,10,364.000,1,400.000,1,0,6,
95540004000,180.000,1,212.000,31,211.000,20,210.000,46,84.000,3,39.000,20,224.000,31,225.000,50,226.000,10,364.000,1,400.000,1,0,6,
95545823000,180.000,1,212.000,31,211.000,20,210.000,40,84.000,3,39.000,20,224.000,31,225.000,50,226.000,10,364.000,1,400.000,1,0,6,
95545884000,180.000,1,212.000,31,211.000,20,210.000,20,84.000,3,39.000,20,224.000,31,225.000,30,226.000,10,364.000,1,400.000,1,0,6,
95550954000,180.000,1,212.000,31,211.000,40,210.000,20,84.000,3,39.000,20,224.000,31,225.000,30,226.000,30,364.000,1,400.000,1,0,6,
95554308000,180.000,1,212.000,31,211.000,30,210.000,20,84.000,3,39.000,20,224.000,31,225.000,30,226.000,30,364.000,1,400.000,1,0,6,
95554370000,180.000,1,212.000,31,211.000,10,210.000,20,84.000,3,39.000,20,224.000,31,225.000,30,226.000,10,364.000,1,400.000,1,0,6,
95554433000,180.000,1,212.000,31,211.000,10,210.000,20,208.000,10,84.000,3,224.000,31,225.000,30,226.000,10,364.000,1,400.000,1,0,6,
95556467000,180.000,1,212.000,10,211.000,10,210.000,20,208.000,10,84.000,3,224.000,10,225.000,30,226.000,10,364.000,1,400.000,1,0,6,
95556468000,180.000,1,212.000,10,211.000,31,210.000,20,208.000,10,84.000,3,224.000,31,225.000,30,226.000,10,364.000,1,400.000,1,0,6,
95556468000,180.000,1,212.000,10,211.000,31,210.000,30,208.000,10,84.000,3,224.000,31,225.000,30,226.000,10,364.000,1,400.000,1,0,6,
95556468000,180.000,1,211.000,31,210.000,30,208.000,10,84.000,3,39.000,20,224.000,31,225.000,30,226.000,10,364.000,1,400.000,1,0,6,
95556468000,180.000,1,211.000,31,210.000,30,208.000,10,84.000,3,39.000,20,224.000,21,225.000,30,226.000,10,364.000,1,400.000,1,0,6,
95556494000,180.000,1,211.000,31,210.000,30,208.000,10,84.000,3,39.000,20,224.000,31,225.000,30,226.000,10,364.000,1,400.000,1,0,6,
95556528000,180.000,1,211.000,10,210.000,30,208.000,10,84.000,3,39.000,20,224.000,10,225.000,30,226.000,10,364.000,1,400.000,1,0,6,
95556528000,180.000,1,211.000,10,210.000,51,208.000,10,84.000,3,39.000,20,224.000,31,225.000,30,226.000,10,364.000,1,400.000,1,0,6,
95556528000,180.000,1,210.000,51,208.000,10,84.000,3,39.000,20,38.500,1,224.000,31,225.000,30,226.000,10,364.000,1,400.000,1,0,6,
95556528000,180.000,1,210.000,51,208.000,10,84.000,3,39.000,20,38.500,1,224.000,21,225.000,30,226.000,10,364.000,1,400.000,1,0,6,
95556644000,180.000,1,210.000,51,208.000,10,84.000,3,39.000,20,38.500,1,224.000,31,225.000,30,226.000,10,364.000,1,400.000,1,0,6,
95557569000,180.000,1,210.000,30,208.000,10,84.000,3,39.000,20,38.500,1,224.000,10,225.000,30,226.000,10,364.000,1,400.000,1,0,6,
95557569000,180.000,1,211.000,21,210.000,30,208.000,10,84.000,3,39.000,20,224.000,31,225.000,30,226.000,10,364.000,1,400.000,1,0,6,
95557569000,180.000,1,211.000,21,210.000,30,208.000,10,84.000,3,39.000,20,224.000,21,225.000,30,226.000,10,364.000,1,400.000,1,0,6,
95557569000,180.000,1,211.000,31,210.000,30,208.000,10,84.000,3,39.000,20,224.000,21,225.000,30,226.000,10,364.000,1,400.000,1,0,6,
95557569000,180.000,1,211.000,31,210.000,30,208.000,10,84.000,3,39.000,20,224.000,31,225.000,30,226.000,10,364.000,1,400.000,1,0,6,
95605548000,180.000,1,211.000,10,210.000,30,208.000,10,84.000,3,39.000,20,224.000,10,225.000,30,226.000,10,364.000,1,400.000,1,0,6,
95605548000,180.000,1,211.000,10,210.000,51,208.000,10,84.000,3,39.000,20,224.000,31,225.000,30,226.000,10,364.000,1,400.000,1,0,6,
95605548000,180.000,1,210.000,51,208.000,10,84.000,3,39.000,20,38.500,1,224.000,31,225.000,30,226.000,10,364.000,1,400.000,1,0,6,
95605548000,180.000,1,210.000,51,208.000,10,84.000,3,39.000,20,38.500,1,224.000,21,225.000,30,226.000,10,364.000,1,400.000,1,0,6,
95605548000,180.000,1,210.000,51,208.000,10,84.000,3,39.000,20,38.500,1,224.000,31,225.000,30,226.000,10,364.000,1,400.000,1,0,6,
95606548000,180.000,1,210.000,30,208.000,10,84.000,3,39.000,20,38.500,1,224.000,10,225.000,30,226.000,10,364.000,1,400.000,1,0,6,
95606548000,180.000,1,211.000,21,210.000,30,208.000,10,84.000,3,39.000,20,224.000,31,225.000,30,226.000,10,364.000,1,400.000,1,0,6,
95606549000,180.000,1,211.000,21,210.000,30,208.000,10,84.000,3,39.000,20,224.000,21,225.000,30,226.000,10,364.000,1,400.000,1,0,6,
95606549000,180.000,1,211.000,31,210.000,30,208.000,10,84.000,3,39.000,20,224.000,21,225.000,30,226.000,10,364.000,1,400.000,1,0,6,
95606549000,180.000,1,211.000,31,210.000,30,208.000,10,84.000,3,39.000,20,224.000,31,225.000,30,226.000,10,364.000,1,400.000,1,0,6,
95610029000,180.000,1,211.000,31,210.000,50,208.000,10,84.000,3,39.000,20,224.000,31,225.000,50,226.000,10,364.000,1,400.000,1,0,6,
95613814000,180.000,1,211.000,31,210.000,30,208.000,10,84.000,3,39.000,20,224.000,31,225.000,30,226.000,10,364.000,1,400.000,1,0,6,
95618149000,180.000,1,211.000,31,210.000,50,208.000,10,84.000,3,39.000,20,224.000,31,225.000,50,226.000,10,364.000,1,400.000,1,0,6,
95624604000,180.000,1,211.000,31,210.000,50,208.000,10,84.000,3,39.000,20,220.000,1,224.000,31,225.000,50,226.000,10,364.000,1,0,6,
95624604000,180.000,1,211.000,31,210.000,50,208.000,10,84.000,3,39.000,20,220.000,1,221.000,10,224.000,31,225.000,50,226.000,10,0,6,
95625004000,180.000,1,211.000,31,210.000,50,208.000,10,84.000,3,39.000,20,220.000,1,221.000,10,224.000,31,225.000,40,226.000,10,0,6,
95625020000,180.000,1,211.000,10,210.000,50,208.000,10,84.000,3,39.000,20,220.000,1,221.000,10,224.000,10,225.000,40,226.000,10,0,6,
95625020000,180.000,1,211.000,31,210.000,50,208.000,10,84.000,3,39.000,20,220.000,1,221.000,31,224.000,10,225.000,40,226.000,10,0,6,
95625020000,180.000,1,211.000,21,210.000,50,208.000,10,84.000,3,39.000,20,220.000,1,221.000,31,224.000,10,225.000,40,226.000,10,0,6,
95625021000,180.000,1,211.000,31,210.000,50,208.000,10,84.000,3,39.000,20,220.000,1,221.000,31,224.000,10,225.000,40,226.000,10,0,6,
95626385000,180.000,1,211.000,31,210.000,50,208.000,10,84.000,3,39.000,20,220.000,8,221.000,31,224.000,10,225.000,40,226.000,10,0,6,
95626504000,180.000,1,211.000,31,210.000,50,208.000,10,84.000,3,39.000,20,220.000,8,221.000,31,225.000,40,226.000,10,364.000,1,0,6,
95626823000,180.000,1,211.000,31,210.000,50,208.000,10,84.000,3,39.000,20,220.000,8,221.000,31,225.000,40,364.000,1,400.000,1,0,6,
95626825000,180.000,1,211.000,31,210.000,30,208.000,10,84.000,3,39.000,20,220.000,8,221.000,31,225.000,20,364.000,1,400.000,1,0,6,
95626826000,180.000,1,211.000,31,210.000,30,208.000,10,84.000,3,39.000,20,220.000,8,221.000,31,224.000,10,225.000,20,364.000,1,0,6,
95630239000,180.000,1,211.000,31,210.000,30,209.000,20,208.000,10,84.000,3,220.000,8,221.000,31,224.000,30,225.000,20,364.000,1,0,6,
95633540000,180.000,1,211.000,10,210.000,30,209.000,20,208.000,10,84.000,3,220.000,8,221.000,10,224.000,30,225.000,20,364.000,1,0,6,
95633540000,180.000,1,211.000,31,210.000,30,209.000,20,208.000,10,84.000,3,220.000,8,221.000,10,222.000,21,224.000,30,225.000,20,0,6,
95633540000,180.000,1,211.000,21,210.000,30,209.000,20,208.000,10,84.000,3,220.000,8,221.000,10,222.000,21,224.000,30,225.000,20,0,6,
95633541000,180.000,1,211.000,31,210.000,30,209.000,20,208.000,10,84.000,3,220.000,8,221.000,10,222.000,21,224.000,30,225.000,20,0,6,
95634091000,180.000,1,211.000,10,210.000,30,209.000,20,208.000,10,84.000,3,220.000,8,221.000,10,224.000,30,225.000,20,364.000,1,0,6,
95634091000,180.000,1,211.000,31,210.000,30,209.000,20,208.000,10,84.000,3,220.000,8,221.000,31,224.000,30,225.000,20,364.000,1,0,6,
95634092000,180.000,1,211.000,21,210.000,30,209.000,20,208.000,10,84.000,3,220.000,8,221.000,31,224.000,30,225.000,20,364.000,1,0,6,
95634711000,180.000,1,211.000,31,210.000,30,209.000,20,208.000,10,84.000,3,220.000,8,221.000,31,224.000,30,225.000,20,364.000,1,0,6,
95639002000,180.000,1,211.000,31,210.000,30,208.000,10,84.000,3,39.000,20,220.000,8,221.000,31,224.000,10,225.000,20,364.000,1,0,6,
95639540000,180.000,1,211.000,31,210.000,30,209.000,20,208.000,10,84.000,3,220.000,8,221.000,31,224.000,30,225.000,20,364.000,1,0,6,
95640515000,180.000,1,211.000,31,210.000,30,208.000,10,84.000,3,39.000,20,220.000,8,221.000,31,224.000,10,225.000,20,364.000,1,0,6,
95640549000,180.000,1,211.000,31,210.000,30,208.000,30,84.000,3,39.000,20,220.000,8,221.000,31,223.000,20,224.000,10,225.000,20,0,6,
95648665000,180.000,1,211.000,31,210.000,30,208.000,30,84.000,3,39.000,20,215.000,1,220.000,7,221.000,31,223.000,20,224.000,10,0,6,
95649003000,180.000,1,211.000,31,210.000,10,208.000,30,84.000,3,39.000,20,215.000,1,220.000,7,221.000,31,223.000,20,224.000,10,0,6,
95649003000,215.000,1,211.000,31,210.000,10,208.000,30,84.000,3,39.000,20,215.000,1,220.000,7,221.000,31,223.000,20,224.000,10,1,7,95649003000
95649003000,215.000,1,215.000,19,211.000,31,210.000,10,208.000,30,84.000,3,220.000,7,221.000,31,223.000,20,224.000,10,230.000,20,0,7,
95649004000,215.000,1,215.000,29,211.000,31,210.000,10,208.000,30,84.000,3,220.000,7,221.000,31,223.000,20,224.000,10,230.000,20,0,7,
95649004000,215.000,1,215.000,29,211.000,31,210.000,10,208.000,30,84.000,3,221.000,31,223.000,20,224.000,10,230.000,20,364.000,1,0,7,
95649004000,215.000,1,215.000,10,211.000,31,210.000,10,208.000,30,84.000,3,221.000,31,223.000,20,224.000,10,364.000,1,400.000,1,0,7,
95649004000,215.000,1,211.000,31,210.000,10,208.000,30,84.000,3,39.000,20,221.000,31,223.000,20,224.000,10,364.000,1,400.000,1,0,7,
95649167000,215.000,1,211.000,31,210.000,30,208.000,30,84.000,3,39.000,20,221.000,31,223.000,20,224.000,10,225.000,20,364.000,1,0,7,
95657870000,215.000,1,211.000,10,210.000,30,208.000,30,84.000,3,39.000,20,221.000,10,223.000,20,224.000,10,225.000,20,364.000,1,0,7,
95657870000,215.000,1,211.000,31,210.000,30,208.000,30,84.000,3,39.000,20,220.000,21,221.000,10,223.000,20,224.000,10,225.000,20,0,7,
95657874000,215.000,1,211.000,21,210.000,30,208.000,30,84.000,3,39.000,20,220.000,21,221.000,10,223.000,20,224.000,10,225.000,20,0,7,
95657874000,215.000,1,211.000,21,210.000,30,208.000,30,84.000,3,39.000,20,220.000,21,223.000,20,224.000,10,225.000,20,364.000,1,0,7,
95658620000,215.000,1,211.000,31,210.000,30,208.000,30,84.000,3,39.000,20,220.000,21,223.000,20,224.000,10,225.000,20,364.000,1,0,7,
95658620000,215.000,1,211.000,31,210.000,30,208.000,30,84.000,3,39.000,20,220.000,31,223.000,20,224.000,10,225.000,20,364.000,1,0,7,
95700600000,215.000,1,211.000,31,210.000,30,208.000,10,84.000,3,39.000,20,220.000,31,224.000,10,225.000,20,364.000,1,400.000,1,0,7,
95700996000,215.000,1,211.000,31,210.000,30,209.000,20,208.000,10,84.000,3,220.000,31,224.000,30,225.000,20,364.000,1,400.000,1,0,7,
95701035000,215.000,1,211.000,10,210.000,30,209.000,20,208.000,10,84.000,3,220.000,10,224.000,30,225.000,20,364.000,1,400.000,1,0,7,
95701035000,215.000,1,211.000,31,210.000,30,209.000,20,208.000,10,84.000,3,220.000,10,221.000,21,224.000,30,225.000,20,364.000,1,0,7,
95701036000,215.000,1,211.000,21,210.000,30,209.000,20,208.000,10,84.000,3,220.000,10,221.000,21,224.000,30,225.000,20,364.000,1,0,7,
95701036000,215.000,1,211.000,21,210.000,30,209.000,20,208.000,10,84.000,3,220.000,10,221.000,21,224.000,40,225.000,20,364.000,1,0,7,
95701036000,215.000,1,211.000,21,210.000,30,209.000,20,208.000,10,84.000,3,220.000,10,221.000,31,224.000,40,225.000,20,364.000,1,0,7,
95701036000,215.000,1,211.000,21,210.000,30,209.000,20,208.000,10,84.000,3,221.000,31,224.000,40,225.000,20,364.000,1,400.000,1,0,7,
95701036000,215.000,1,211.000,31,210.000,30,209.000,20,208.000,10,84.000,3,221.000,31,224.000,40,225.000,20,364.000,1,400.000,1,0,7,
95704566000,215.000,1,211.000,10,210.000,30,209.000,20,208.000,10,84.000,3,221.000,10,224.000,40,225.000,20,364.000,1,400.000,1,0,7,
95704566000,215.000,1,211.000,31,210.000,30,209.000,20,208.000,10,84.000,3,221.000,10,222.000,21,224.000,40,225.000,20,364.000,1,0,7,
95704566000,215.000,1,211.000,31,210.000,30,209.000,20,208.000,10,84.000,3,222.000,21,224.000,40,225.000,20,364.000,1,400.000,1,0,7,
95704566000,215.000,1,211.000,21,210.000,30,209.000,20,208.000,10,84.000,3,222.000,21,224.000,40,225.000,20,364.000,1,400.000,1,0,7,
95704566000,215.000,1,211.000,21,210.000,30,209.000,20,208.000,10,84.000,3,222.000,31,224.000,40,225.000,20,364.000,1,400.000,1,0,7,
95704566000,215.000,1,211.000,31,210.000,30,209.000,20,208.000,10,84.000,3,222.000,31,224.000,40,225.000,20,364.000,1,400.000,1,0,7,
95711101000,215.000,1,211.000,31,210.000,30,208.000,10,84.000,3,39.000,20,222.000,31,224.000,20,225.000,20,364.000,1,400.000,1,0,7,
95712394000,215.000,1,211.000,31,210.000,30,209.000,20,208.000,10,84.000,3,222.000,31,224.000,40,225.000,20,364.000,1,400.000,1,0,7,
95729289000,215.000,1,211.000,31,210.000,30,208.000,10,84.000,3,39.000,20,222.000,31,224.000,20,225.000,20,364.000,1,400.000,1,0,7,
95729523000,215.000,1,211.000,31,210.000,30,208.000,30,84.000,3,39.000,20,222.000,31,223.000,20,224.000,20,225.000,20,364.000,1,0,7,
95737453000,215.000,1,211.000,31,210.000,30,208.000,10,84.000,3,39.000,20,222.000,31,224.000,20,225.000,20,364.000,1,400.000,1,0,7,
95737585000,215.000,1,211.000,31,210.000,30,208.000,10,84.000,3,39.000,20,222.000,31,224.000,10,225.000,20,364.000,1,400.000,1,0,7,
95737585000,215.000,1,211.000,31,210.000,30,208.000,10,84.000,3,39.000,20,222.000,41,224.000,10,225.000,20,364.000,1,400.000,1,0,7,
95738406000,215.000,1,211.000,10,210.000,30,208.000,10,84.000,3,39.000,20,222.000,20,224.000,10,225.000,20,364.000,1,400.000,1,0,7,
95738406000,215.000,1,211.000,10,210.000,51,208.000,10,84.000,3,39.000,20,222.000,41,224.000,10,225.000,20,364.000,1,400.000,1,0,7,
95738406000,215.000,1,210.000,51,208.000,10,84.000,3,39.000,20,38.500,1,222.000,41,224.000,10,225.000,20,364.000,1,400.000,1,0,7,
95739045000,215.000,1,210.000,51,84.000,3,39.000,20,38.500,1,22.500,20,222.000,41,224.000,10,225.000,20,364.000,1,400.000,1,0,7,
95739045000,215.000,1,210.000,30,84.000,3,39.000,20,38.500,1,22.500,20,222.000,20,224.000,10,225.000,20,364.000,1,400.000,1,0,7,
95739045000,215.000,1,210.000,30,208.000,21,84.000,3,39.000,20,38.500,1,222.000,41,224.000,10,225.000,20,364.000,1,400.000,1,0,7,
95739150000,215.000,1,210.000,30,208.000,41,84.000,3,39.000,20,38.500,1,222.000,41,223.000,20,224.000,10,225.000,20,364.000,1,0,7,
95739170000,215.000,1,210.000,30,208.000,41,205.000,10,84.000,3,39.000,20,222.000,41,223.000,20,224.000,10,225.000,20,364.000,1,0,7,
95739231000,215.000,1,210.000,30,208.000,20,205.000,10,84.000,3,39.000,20,222.000,20,223.000,20,224.000,10,225.000,20,364.000,1,0,7,
95739231000,215.000,1,210.000,30,209.000,21,208.000,20,205.000,10,84.000,3,222.000,41,223.000,20,224.000,10,225.000,20,364.000,1,0,7,
95746312000,215.000,1,210.000,10,209.000,21,208.000,20,205.000,10,84.000,3,222.000,41,223.000,20,224.000,10,364.000,1,400.000,1,0,7,
95746313000,215.000,1,210.000,10,209.000,31,208.000,20,205.000,10,84.000,3,222.000,41,223.000,20,224.000,10,364.000,1,400.000,1,0,7,
95746313000,215.000,1,209.000,31,208.000,20,205.000,10,84.000,3,39.000,20,222.000,41,223.000,20,224.000,10,364.000,1,400.000,1,0,7,
95746504000,215.000,1,209.000,31,208.000,40,205.000,10,84.000,3,39.000,20,222.000,41,223.000,40,224.000,10,364.000,1,400.000,1,0,7,
95746620000,215.000,1,209.000,10,208.000,40,205.000,10,84.000,3,39.000,20,222.000,20,223.000,40,224.000,10,364.000,1,400.000,1,0,7,
95746620000,215.000,1,209.000,10,208.000,61,205.000,10,84.000,3,39.000,20,222.000,41,223.000,40,224.000,10,364.000,1,400.000,1,0,7,
95746621000,215.000,1,208.000,61,205.000,10,84.000,3,39.000,20,38.500,1,222.000,41,223.000,40,224.000,10,364.000,1,400.000,1,0,7,
95746621000,215.000,1,208.000,71,205.000,10,84.000,3,39.000,20,38.500,1,222.000,41,223.000,40,224.000,10,364.000,1,400.000,1,0,7,
95746760000,215.000,1,208.000,51,205.000,10,84.000,3,39.000,20,38.500,1,222.000,41,223.000,20,224.000,10,364.000,1,400.000,1,0,7,
95748593000,215.000,1,208.000,30,205.000,10,84.000,3,39.000,20,38.500,1,222.000,20,223.000,20,224.000,10,364.000,1,400.000,1,0,7,
95748593000,215.000,1,208.000,30,207.000,21,205.000,10,84.000,3,39.000,20,222.000,41,223.000,20,224.000,10,364.000,1,400.000,1,0,7,
95749598000,215.000,1,208.000,30,205.000,10,84.000,3,39.000,20,38.500,1,222.000,20,223.000,20,224.000,10,364.000,1,400.000,1,0,7,
95749598000,215.000,1,208.000,51,205.000,10,84.000,3,39.000,20,38.500,1,222.000,41,223.000,20,224.000,10,364.000,1,400.000,1,0,7,
95750056000,215.000,1,208.000,30,205.000,10,84.000,3,39.000,20,38.500,1,222.000,20,223.000,20,224.000,10,364.000,1,400.000,1,0,7,
95750056000,215.000,1,208.000,30,207.000,21,205.000,10,84.000,3,39.000,20,222.000,41,223.000,20,224.000,10,364.000,1,400.000,1,0,7,
95752220000,215.000,1,208.000,30,205.000,10,84.000,3,39.000,20,38.500,1,222.000,20,223.000,20,224.000,10,364.000,1,400.000,1,0,7,
95752220000,215.000,1,208.000,51,205.000,10,84.000,3,39.000,20,38.500,1,222.000,41,223.000,20,224.000,10,364.000,1,400.000,1,0,7,
95753058000,215.000,1,208.000,30,205.000,10,84.000,3,39.000,20,38.500,1,222.000,20,223.000,20,224.000,10,364.000,1,400.000,1,0,7,
95753058000,215.000,1,208.000,30,207.000,21,205.000,10,84.000,3,39.000,20,222.000,41,223.000,20,224.000,10,364.000,1,400.000,1,0,7,
95754058000,215.000,1,208.000,30,205.000,10,84.000,3,39.000,20,38.500,1,222.000,20,223.000,20,224.000,10,364.000,1,400.000,1,0,7,
95754058000,215.000,1,208.000,51,205.000,10,84.000,3,39.000,20,38.500,1,222.000,41,223.000,20,224.000,10,364.000,1,400.000,1,0,7,
95759591000,215.000,1,208.000,30,205.000,10,84.000,3,39.000,20,38.500,1,222.000,20,223.000,20,224.000,10,364.000,1,400.000,1,0,7,
95759591000,215.000,1,208.000,30,207.000,21,205.000,10,84.000,3,39.000,20,222.000,41,223.000,20,224.000,10,364.000,1,400.000,1,0,7,
95800591000,215.000,1,208.000,30,205.000,10,84.000,3,39.000,20,38.500,1,222.000,20,223.000,20,224.000,10,364.000,1,400.000,1,0,7,
95800591000,215.000,1,208.000,51,205.000,10,84.000,3,39.000,20,38.500,1,222.000,41,223.000,20,224.000,10,364.000,1,400.000,1,0,7,
95802596000,215.000,1,208.000,30,205.000,10,84.000,3,39.000,20,38.500,1,222.000,20,223.000,20,224.000,10,364.000,1,400.000,1,0,7,
95802596000,215.000,1,208.000,30,207.000,21,205.000,10,84.000,3,39.000,20,222.000,41,223.000,20,224.000,10,364.000,1,400.000,1,0,7,
95803979000,215.000,1,208.000,30,205.000,10,84.000,3,39.000,20,38.500,1,222.000,20,223.000,20,224.000,10,364.000,1,400.000,1,0,7,
95803979000,215.000,1,208.000,51,205.000,10,84.000,3,39.000,20,38.500,1,222.000,41,223.000,20,224.000,10,364.000,1,400.000,1,0,7,
95804601000,215.000,1,208.000,30,205.000,10,84.000,3,39.000,20,38.500,1,222.000,20,223.000,20,224.000,10,364.000,1,400.000,1,0,7,
95804601000,215.000,1,208.000,30,207.000,21,205.000,10,84.000,3,39.000,20,222.000,41,223.000,20,224.000,10,364.000,1,400.000,1,0,7,
95809056000,215.000,1,208.000,30,207.000,21,205.000,10,84.000,3,39.000,20,222.000,31,223.000,20,224.000,10,364.000,1,400.000,1,0,7,
95809057000,215.000,1,208.000,30,207.000,21,205.000,10,84.000,3,39.000,20,221.000,10,222.000,31,223.000,20,224.000,10,364.000,1,0,7,
95809057000,215.000,1,208.000,30,207.000,21,205.000,10,84.000,3,39.000,20,221.000,20,222.000,31,223.000,20,224.000,10,364.000,1,0,7,
95809064000,215.000,1,208.000,30,205.000,10,84.000,3,39.000,20,38.500,1,221.000,20,222.000,10,223.000,20,224.000,10,364.000,1,0,7,
95809064000,215.000,1,208.000,30,207.000,21,205.000,10,84.000,3,39.000,20,220.000,21,221.000,20,222.000,10,223.000,20,224.000,10,0,7,
95809065000,215.000,1,208.000,30,207.000,21,205.000,10,84.000,3,39.000,20,220.000,31,221.000,20,222.000,10,223.000,20,224.000,10,0,7,
95809108000,215.000,1,208.000,10,207.000,21,205.000,10,84.000,3,39.000,20,220.000,31,221.000,20,222.000,10,224.000,10,364.000,1,0,7,
95809108000,215.000,1,207.000,21,205.000,10,84.000,3,39.000,20,38.500,1,220.000,31,221.000,20,222.000,10,224.000,10,364.000,1,0,7,
95809108000,215.000,1,207.000,31,205.000,10,84.000,3,39.000,20,38.500,1,220.000,31,221.000,20,222.000,10,224.000,10,364.000,1,0,7,
95809133000,215.000,1,207.000,31,206.000,20,205.000,10,84.000,3,39.000,20,220.000,31,221.000,40,222.000,10,224.000,10,364.000,1,0,7,
95809160000,215.000,1,207.000,31,206.000,40,205.000,10,84.000,3,39.000,20,220.000,31,221.000,60,222.000,10,224.000,10,364.000,1,0,7,
95809503000,215.000,1,207.000,31,206.000,40,205.000,10,84.000,3,39.000,20,220.000,31,221.000,60,222.000,10,364.000,1,400.000,1,0,7,
95809503000,215.000,1,207.000,31,206.000,40,205.000,10,84.000,3,39.000,20,220.000,31,221.000,60,364.000,1,400.000,1,450.000,1,0,7,
95816479000,215.000,1,207.000,31,206.000,40,205.000,10,84.000,3,39.000,20,220.000,31,221.000,60,320.000,1,364.000,1,400.000,1,0,7,
95828828000,215.000,1,207.000,31,206.000,20,205.000,10,84.000,3,39.000,20,220.000,31,221.000,40,320.000,1,364.000,1,400.000,1,0,7,
95829073000,215.000,1,207.000,10,206.000,20,205.000,10,84.000,3,39.000,20,220.000,10,221.000,40,320.000,1,364.000,1,400.000,1,0,7,
95829073000,215.000,1,207.000,10,206.000,41,205.000,10,84.000,3,39.000,20,220.000,31,221.000,40,320.000,1,364.000,1,400.000,1,0,7,
95829073000,215.000,1,207.000,10,206.000,41,205.000,10,84.000,3,39.000,20,220.000,21,221.000,40,320.000,1,364.000,1,400.000,1,0,7,
95829073000,215.000,1,207.000,10,206.000,51,205.000,10,84.000,3,39.000,20,220.000,21,221.000,40,320.000,1,364.000,1,400.000,1,0,7,
95829073000,215.000,1,206.000,51,205.000,10,84.000,3,39.000,20,38.500,1,220.000,21,221.000,40,320.000,1,364.000,1,400.000,1,0,7,
95829074000,215.000,1,206.000,51,205.000,10,84.000,3,39.000,20,38.500,1,220.000,31,221.000,40,320.000,1,364.000,1,400.000,1,0,7,
95831123000,215.000,1,206.000,51,84.000,3,39.000,20,38.500,1,22.500,20,220.000,31,221.000,40,320.000,1,364.000,1,400.000,1,0,7,
95831247000,215.000,1,206.000,51,203.000,10,84.000,3,39.000,20,38.500,1,220.000,31,221.000,40,320.000,1,364.000,1,400.000,1,0,7,
95832998000,215.000,1,206.000,51,84.000,3,39.000,20,38.500,1,22.500,20,220.000,31,221.000,40,320.000,1,364.000,1,400.000,1,0,7,
95832998000,215.000,1,206.000,30,84.000,3,39.000,20,38.500,1,22.500,20,220.000,10,221.000,40,320.000,1,364.000,1,400.000,1,0,7,
95832998000,215.000,1,206.000,30,204.000,21,84.000,3,39.000,20,38.500,1,219.000,21,220.000,10,221.000,40,320.000,1,364.000,1,0,7,
95832999000,215.000,1,206.000,30,204.000,21,84.000,3,39.000,20,38.500,1,219.000,31,220.000,10,221.000,40,320.000,1,364.000,1,0,7,
95833003000,215.000,1,206.000,10,204.000,21,84.000,3,39.000,20,38.500,1,219.000,31,220.000,10,221.000,20,320.000,1,364.000,1,0,7,
95833004000,215.000,1,206.000,10,204.000,41,84.000,3,39.000,20,38.500,1,219.000,51,220.000,10,221.000,20,320.000,1,364.000,1,0,7,
95833004000,215.000,1,206.000,10,204.000,41,84.000,3,39.000,20,38.500,1,219.000,51,220.000,10,221.000,10,320.000,1,364.000,1,0,7,
95833004000,215.000,1,204.000,41,84.000,3,39.000,20,38.500,1,22.500,20,219.000,51,220.000,10,221.000,10,320.000,1,364.000,1,0,7,
95833004000,215.000,1,204.000,51,84.000,3,39.000,20,38.500,1,22.500,20,219.000,51,220.000,10,221.000,10,320.000,1,364.000,1,0,7,
95833723000,215.000,1,204.000,51,201.000,10,84.000,3,39.000,20,38.500,1,219.000,51,220.000,10,221.000,10,320.000,1,364.000,1,0,7,
95903006000,215.000,1,204.000,51,201.000,10,84.000,3,39.000,20,38.500,1,219.000,51,220.000,10,320.000,1,364.000,1,400.000,1,0,7,
95903006000,215.000,1,204.000,51,201.000,10,84.000,3,39.000,20,38.500,1,218.000,10,219.000,51,220.000,10,320.000,1,364.000,1,0,7,
95903007000,215.000,1,204.000,51,201.000,10,84.000,3,39.000,20,38.500,1,218.000,20,219.000,51,220.000,10,320.000,1,364.000,1,0,7,
95903088000,215.000,1,204.000,30,201.000,10,84.000,3,39.000,20,38.500,1,218.000,20,219.000,30,220.000,10,320.000,1,364.000,1,0,7,
95903088000,215.000,1,204.000,51,201.000,10,84.000,3,39.000,20,38.500,1,217.000,21,218.000,20,219.000,30,220.000,10,320.000,1,0,7,
95903088000,215.000,1,204.000,51,201.000,10,84.000,3,39.000,20,38.500,1,217.000,31,218.000,20,219.000,30,220.000,10,320.000,1,0,7,
95903132000,215.000,1,204.000,51,203.000,20,201.000,10,84.000,3,39.000,20,217.000,31,218.000,40,219.000,30,220.000,10,320.000,1,0,7,
95903504000,215.000,1,204.000,51,203.000,20,201.000,10,84.000,3,39.000,20,217.000,31,218.000,40,219.000,30,320.000,1,364.000,1,0,7,
95903504000,215.000,1,204.000,51,203.000,20,201.000,10,84.000,3,39.000,20,217.000,31,218.000,40,219.000,20,320.000,1,364.000,1,0,7,
95923200000,215.000,1,204.000,51,201.000,10,84.000,3,39.000,20,38.500,1,217.000,31,218.000,20,219.000,20,320.000,1,364.000,1,0,7,
95923749000,215.000,1,204.000,51,203.000,20,201.000,10,84.000,3,39.000,20,217.000,31,218.000,40,219.000,20,320.000,1,364.000,1,0,7,
95930379000,215.000,1,204.000,30,203.000,20,201.000,10,84.000,3,39.000,20,217.000,10,218.000,40,219.000,20,320.000,1,364.000,1,0,7,
95930379000,215.000,1,204.000,30,203.000,41,201.000,10,84.000,3,39.000,20,217.000,31,218.000,40,219.000,20,320.000,1,364.000,1,0,7,
95930379000,215.000,1,204.000,30,203.000,41,201.000,10,84.000,3,39.000,20,217.000,21,218.000,40,219.000,20,320.000,1,364.000,1,0,7,
95930380000,215.000,1,204.000,30,203.000,41,201.000,10,84.000,3,39.000,20,217.000,31,218.000,40,219.000,20,320.000,1,364.000,1,0,7,
95930396000,215.000,1,204.000,30,203.000,21,201.000,10,84.000,3,39.000,20,217.000,31,218.000,20,219.000,20,320.000,1,364.000,1,0,7,
95930504000,215.000,1,204.000,10,203.000,21,201.000,10,84.000,3,39.000,20,217.000,31,218.000,20,320.000,1,364.000,1,400.000,1,0,7,
95930504000,215.000,1,204.000,10,203.000,21,202.000,20,201.000,10,84.000,3,217.000,51,218.000,20,320.000,1,364.000,1,400.000,1,0,7,
95930504000,215.000,1,203.000,21,202.000,20,201.000,10,84.000,3,39.000,20,217.000,51,218.000,20,320.000,1,364.000,1,400.000,1,0,7,
95930504000,215.000,1,203.000,31,202.000,20,201.000,10,84.000,3,39.000,20,217.000,51,218.000,20,320.000,1,364.000,1,400.000,1,0,7,
95932129000,215.000,1,203.000,31,202.000,20,84.000,3,39.000,20,38.500,1,217.000,51,218.000,20,320.000,1,364.000,1,400.000,1,0,7,
95932450000,215.000,1,203.000,10,202.000,20,84.000,3,39.000,20,38.500,1,217.000,30,218.000,20,320.000,1,364.000,1,400.000,1,0,7,
95932450000,215.000,1,203.000,10,202.000,41,84.000,3,39.000,20,38.500,1,217.000,51,218.000,20,320.000,1,364.000,1,400.000,1,0,7,
95932450000,215.000,1,203.000,10,202.000,51,84.000,3,39.000,20,38.500,1,217.000,51,218.000,20,320.000,1,364.000,1,400.000,1,0,7,
95932450000,215.000,1,202.000,51,84.000,3,39.000,20,38.500,1,22.500,20,217.000,51,218.000,20,320.000,1,364.000,1,400.000,1,0,7,
95932968000,215.000,1,202.000,51,199.000,10,84.000,3,39.000,20,38.500,1,217.000,51,218.000,20,320.000,1,364.000,1,400.000,1,0,7,
95941652000,215.000,1,202.000,30,199.000,10,84.000,3,39.000,20,38.500,1,217.000,30,218.000,20,320.000,1,364.000,1,400.000,1,0,7,
95941652000,215.000,1,203.000,21,202.000,30,199.000,10,84.000,3,39.000,20,217.000,51,218.000,20,320.000,1,364.000,1,400.000,1,0,7,
95941652000,215.000,1,203.000,31,202.000,30,199.000,10,84.000,3,39.000,20,217.000,51,218.000,20,320.000,1,364.000,1,400.000,1,0,7,
95942750000,215.000,1,203.000,10,202.000,30,199.000,10,84.000,3,39.000,20,217.000,30,218.000,20,320.000,1,364.000,1,400.000,1,0,7,
95942750000,215.000,1,203.000,10,202.000,51,199.000,10,84.000,3,39.000,20,217.000,51,218.000,20,320.000,1,364.000,1,400.000,1,0,7,
95942750000,215.000,1,202.000,51,199.000,10,84.000,3,39.000,20,38.500,1,217.000,51,218.000,20,320.000,1,364.000,1,400.000,1,0,7,
95944474000,217.000,2,202.000,51,199.000,10,84.000,3,39.000,20,38.500,1,217.000,51,218.000,20,320.000,1,364.000,1,400.000,1,1,9,95944474000
95944474000,217.000,2,202.000,51,199.000,10,84.000,3,39.000,20,38.500,1,217.000,49,218.000,20,320.000,1,364.000,1,400.000,1,0,9,
95944656000,217.000,2,202.000,51,199.000,10,84.000,3,39.000,20,38.500,1,217.000,73,218.000,20,320.000,1,364.000,1,400.000,1,0,9,
95945105000,217.000,2,202.000,30,199.000,10,84.000,3,39.000,20,38.500,1,217.000,52,218.000,20,320.000,1,364.000,1,400.000,1,0,9,
95945105000,217.000,2,203.000,21,202.000,30,199.000,10,84.000,3,39.000,20,217.000,73,218.000,20,320.000,1,364.000,1,400.000,1,0,9,
95945878000,217.000,2,203.000,31,202.000,30,199.000,10,84.000,3,39.000,20,217.000,73,218.000,20,320.000,1,364.000,1,400.000,1,0,9,
95957280000,217.000,2,203.000,31,202.000,30,84.000,3,39.000,20,38.500,1,217.000,73,218.000,20,320.000,1,364.000,1,400.000,1,0,9,
95957280000,217.000,2,203.000,31,202.000,30,201.000,10,84.000,3,39.000,20,217.000,73,218.000,20,320.000,1,364.000,1,400.000,1,0,9,
100008368000,217.000,2,203.000,31,202.000,30,201.000,10,84.000,3,39.000,20,217.000,73,218.000,10,320.000,1,364.000,1,400.000,1,0,9,
100008368000,217.000,2,203.000,31,202.000,30,201.000,10,84.000,3,39.000,20,216.000,10,217.000,73,218.000,10,320.000,1,364.000,1,0,9,
100008369000,217.000,2,203.000,31,202.000,30,201.000,10,84.000,3,39.000,20,216.000,20,217.000,73,218.000,10,320.000,1,364.000,1,0,9,
100008504000,217.000,2,203.000,31,202.000,30,201.000,10,84.000,3,39.000,20,216.000,20,217.000,73,320.000,1,364.000,1,400.000,1,0,9,
100008530000,217.000,2,203.000,31,202.000,30,201.000,10,84.000,3,39.000,20,215.000,24,216.000,20,217.000,49,320.000,1,364.000,1,0,9,
100008531000,217.000,2,203.000,31,202.000,30,201.000,10,84.000,3,39.000,20,215.000,34,216.000,20,217.000,49,320.000,1,364.000,1,0,9,
100008631000,217.000,2,203.000,31,202.000,30,201.000,30,84.000,3,39.000,20,215.000,34,216.000,40,217.000,49,320.000,1,364.000,1,0,9,
100008683000,217.000,2,203.000,10,202.000,30,201.000,30,84.000,3,39.000,20,215.000,34,216.000,40,217.000,28,320.000,1,364.000,1,0,9,
100008683000,217.000,2,203.000,31,202.000,30,201.000,30,84.000,3,39.000,20,214.000,21,215.000,34,216.000,40,217.000,28,320.000,1,0,9,
100008683000,217.000,2,203.000,21,202.000,30,201.000,30,84.000,3,39.000,20,214.000,21,215.000,34,216.000,40,217.000,28,320.000,1,0,9,
100008683000,217.000,2,203.000,21,202.000,30,201.000,30,84.000,3,39.000,20,214.000,31,215.000,34,216.000,40,217.000,28,320.000,1,0,9,
100008683000,217.000,2,203.000,31,202.000,30,201.000,30,84.000,3,39.000,20,214.000,31,215.000,34,216.000,40,217.000,28,320.000,1,0,9,
100009004000,217.000,2,203.000,31,202.000,30,201.000,30,84.000,3,39.000,20,214.000,31,215.000,34,216.000,30,217.000,28,320.000,1,0,9,
100009004000,217.000,2,203.000,31,202.000,30,201.000,30,84.000,3,39.000,20,214.000,31,215.000,34,216.000,30,217.000,20,320.000,1,0,9,
100014326000,217.000,2,203.000,31,202.000,30,201.000,10,84.000,3,39.000,20,214.000,31,215.000,34,216.000,10,217.000,20,320.000,1,0,9,
100014581000,217.000,2,203.000,31,202.000,30,201.000,10,200.000,20,84.000,3,214.000,31,215.000,54,216.000,10,217.000,20,320.000,1,0,9,
100014598000,217.000,2,203.000,31,202.000,10,201.000,10,200.000,20,84.000,3,214.000,31,215.000,54,216.000,10,320.000,1,364.000,1,0,9,
100014649000,217.000,2,203.000,31,202.000,10,201.000,10,200.000,20,84.000,3,213.000,24,214.000,31,215.000,30,216.000,10,320.000,1,0,9,
100014896000,217.000,2,203.000,10,202.000,10,201.000,10,200.000,20,84.000,3,213.000,24,214.000,10,215.000,30,216.000,10,320.000,1,0,9,
100014896000,217.000,2,203.000,10,202.000,31,201.000,10,200.000,20,84.000,3,212.000,21,213.000,24,214.000,10,215.000,30,216.000,10,0,9,
100014897000,217.000,2,202.000,31,201.000,10,200.000,20,84.000,3,39.000,20,212.000,21,213.000,24,214.000,10,215.000,30,216.000,10,0,9,
100015004000,217.000,2,202.000,31,201.000,10,200.000,40,84.000,3,39.000,20,212.000,21,213.000,24,214.000,10,215.000,50,216.000,10,0,9,
100015253000,217.000,2,202.000,31,201.000,10,200.000,40,84.000,3,39.000,20,212.000,31,213.000,24,214.000,10,215.000,50,216.000,10,0,9,
100015503000,217.000,2,202.000,31,201.000,10,200.000,40,84.000,3,39.000,20,212.000,31,213.000,24,214.000,10,215.000,40,216.000,10,0,9,
100019039000,217.000,2,202.000,31,200.000,40,84.000,3,39.000,20,38.500,1,212.000,31,213.000,24,214.000,10,215.000,40,216.000,10,0,9,
100019154000,217.000,2,202.000,31,200.000,40,84.000,3,39.000,20,38.500,1,212.000,31,213.000,24,214.000,10,215.000,40,320.000,1,0,9,
100019154000,217.000,2,202.000,31,200.000,40,84.000,3,39.000,20,38.500,1,212.000,31,213.000,24,214.000,20,215.000,40,320.000,1,0,9,
100019159000,217.000,2,202.000,31,200.000,40,198.000,10,84.000,3,39.000,20,212.000,31,213.000,24,214.000,20,215.000,40,320.000,1,0,9,
100019163000,217.000,2,202.000,31,200.000,20,198.000,10,84.000,3,39.000,20,212.000,31,213.000,24,214.000,20,215.000,20,320.000,1,0,9,
100019674000,217.000,2,202.000,31,200.000,40,198.000,10,84.000,3,39.000,20,212.000,31,213.000,24,214.000,20,215.000,40,320.000,1,0,9,
100032524000,217.000,2,202.000,31,200.000,40,198.000,10,84.000,3,39.000,20,212.000,31,214.000,20,215.000,40,320.000,1,364.000,1,0,9,
100032671000,217.000,2,202.000,10,200.000,40,198.000,10,84.000,3,39.000,20,212.000,10,214.000,20,215.000,40,320.000,1,364.000,1,0,9,
100032671000,217.000,2,203.000,21,202.000,10,200.000,40,198.000,10,84.000,3,212.000,31,214.000,20,215.000,40,320.000,1,364.000,1,0,9,
100032671000,217.000,2,203.000,31,202.000,10,200.000,40,198.000,10,84.000,3,212.000,31,214.000,20,215.000,40,320.000,1,364.000,1,0,9,
100033135000,217.000,2,203.000,31,202.000,10,200.000,40,84.000,3,39.000,20,212.000,31,214.000,20,215.000,40,320.000,1,364.000,1,0,9,
100033136000,217.000,2,203.000,31,202.000,10,200.000,50,84.000,3,39.000,20,212.000,31,214.000,20,215.000,40,320.000,1,364.000,1,0,9,
100033882000,217.000,2,203.000,31,202.000,10,200.000,50,84.000,3,39.000,20,212.000,31,214.000,10,215.000,40,320.000,1,364.000,1,0,9,
100033894000,217.000,2,203.000,31,202.000,10,200.000,30,84.000,3,39.000,20,212.000,31,214.000,10,215.000,20,320.000,1,364.000,1,0,9,
100034007000,217.000,2,203.000,31,202.000,10,200.000,30,84.000,3,39.000,20,212.000,31,214.000,10,215.000,20,216.000,10,320.000,1,0,9,
100034779000,217.000,2,203.000,31,202.000,10,201.000,20,200.000,30,84.000,3,212.000,31,214.000,10,215.000,20,216.000,30,320.000,1,0,9,
100042172000,217.000,2,203.000,10,202.000,10,201.000,20,200.000,30,84.000,3,212.000,10,214.000,10,215.000,20,216.000,30,320.000,1,0,9,
100042172000,217.000,2,203.000,31,202.000,10,201.000,20,200.000,30,84.000,3,212.000,10,213.000,21,214.000,10,215.000,20,216.000,30,0,9,
100042172000,217.000,2,203.000,31,202.000,10,201.000,20,200.000,30,84.000,3,212.000,10,213.000,21,214.000,10,215.000,30,216.000,30,0,9,
100042172000,217.000,2,203.000,31,202.000,10,201.000,30,200.000,30,84.000,3,212.000,10,213.000,21,214.000,10,215.000,30,216.000,30,0,9,
100042172000,217.000,2,203.000,31,202.000,10,201.000,30,200.000,30,84.000,3,213.000,21,214.000,10,215.000,30,216.000,30,320.000,1,0,9,
100042172000,217.000,2,203.000,21,202.000,10,201.000,30,200.000,30,84.000,3,213.000,21,214.000,10,215.000,30,216.000,30,320.000,1,0,9,
100042172000,217.000,2,203.000,21,202.000,10,201.000,30,200.000,30,84.000,3,213.000,31,214.000,10,215.000,30,216.000,30,320.000,1,0,9,
100042172000,217.000,2,203.000,31,202.000,10,201.000,30,200.000,30,84.000,3,213.000,31,214.000,10,215.000,30,216.000,30,320.000,1,0,9,
100042503000,217.000,2,203.000,31,202.000,10,201.000,20,200.000,30,84.000,3,213.000,31,214.000,10,215.000,30,216.000,30,320.000,1,0,9,
100042503000,217.000,2,203.000,31,202.000,10,201.000,20,200.000,30,84.000,3,213.000,31,214.000,10,215.000,20,216.000,30,320.000,1,0,9,
100043971000,217.000,2,203.000,10,202.000,10,201.000,20,200.000,30,84.000,3,213.000,10,214.000,10,215.000,20,216.000,30,320.000,1,0,9,
100043971000,217.000,2,203.000,31,202.000,10,201.000,20,200.000,30,84.000,3,213.000,10,214.000,31,215.000,20,216.000,30,320.000,1,0,9,
100043971000,217.000,2,203.000,31,202.000,10,201.000,20,200.000,30,84.000,3,214.000,31,215.000,20,216.000,30,320.000,1,364.000,1,0,9,
100044482000,217.000,2,203.000,31,202.000,10,201.000,20,200.000,10,84.000,3,214.000,31,216.000,30,320.000,1,364.000,1,400.000,1,0,9,
100044504000,217.000,2,203.000,31,202.000,30,201.000,20,200.000,10,84.000,3,214.000,31,216.000,30,217.000,20,320.000,1,364.000,1,0,9,
100045689000,217.000,2,203.000,31,202.000,30,201.000,20,84.000,3,39.000,20,214.000,31,216.000,30,217.000,20,320.000,1,364.000,1,0,9,
100045689000,217.000,2,203.000,31,202.000,40,201.000,20,84.000,3,39.000,20,214.000,31,216.000,30,217.000,20,320.000,1,364.000,1,0,9,
100050670000,217.000,2,203.000,10,202.000,40,201.000,20,84.000,3,39.000,20,214.000,10,216.000,30,217.000,20,320.000,1,364.000,1,0,9,
100050670000,217.000,2,203.000,31,202.000,40,201.000,20,84.000,3,39.000,20,213.000,21,214.000,10,216.000,30,217.000,20,320.000,1,0,9,
100050670000,217.000,2,203.000,31,202.000,40,201.000,20,84.000,3,39.000,20,213.000,31,214.000,10,216.000,30,217.000,20,320.000,1,0,9,
100051707000,217.000,2,203.000,10,202.000,40,201.000,20,84.000,3,39.000,20,213.000,10,214.000,10,216.000,30,217.000,20,320.000,1,0,9,
100051707000,217.000,2,203.000,31,202.000,40,201.000,20,84.000,3,39.000,20,213.000,10,214.000,31,216.000,30,217.000,20,320.000,1,0,9,
100051707000,217.000,2,203.000,21,202.000,40,201.000,20,84.000,3,39.000,20,213.000,10,214.000,31,216.000,30,217.000,20,320.000,1,0,9,
100051707000,217.000,2,203.000,21,202.000,40,201.000,20,84.000,3,39.000,20,214.000,31,216.000,30,217.000,20,320.000,1,364.000,1,0,9,
100051907000,217.000,2,203.000,31,202.000,40,201.000,20,84.000,3,39.000,20,214.000,31,216.000,30,217.000,20,320.000,1,364.000,1,0,9,
100054800000,217.000,2,203.000,31,202.000,40,84.000,3,39.000,20,38.500,1,214.000,31,216.000,10,217.000,20,320.000,1,364.000,1,0,9,
100055442000,217.000,2,203.000,31,202.000,60,84.000,3,39.000,20,38.500,1,214.000,31,216.000,10,217.000,40,320.000,1,364.000,1,0,9,
100057974000,217.000,2,203.000,31,202.000,40,84.000,3,39.000,20,38.500,1,214.000,31,216.000,10,217.000,20,320.000,1,364.000,1,0,9,
100058496000,217.000,2,203.000,31,202.000,60,84.000,3,39.000,20,38.500,1,214.000,31,216.000,10,217.000,40,320.000,1,364.000,1,0,9,
100104672000,217.000,2,203.000,31,202.000,60,84.000,3,39.000,20,38.500,1,214.000,31,217.000,40,320.000,1,364.000,1,400.000,1,0,9,
100104704000,217.000,2,203.000,10,202.000,60,84.000,3,39.000,20,38.500,1,214.000,10,217.000,40,320.000,1,364.000,1,400.000,1,0,9,
100104704000,217.000,2,203.000,31,202.000,60,84.000,3,39.000,20,38.500,1,214.000,10,215.000,21,217.000,40,320.000,1,364.000,1,0,9,
100104705000,217.000,2,203.000,21,202.000,60,84.000,3,39.000,20,38.500,1,214.000,10,215.000,21,217.000,40,320.000,1,364.000,1,0,9,
100104705000,217.000,2,203.000,21,202.000,60,84.000,3,39.000,20,38.500,1,214.000,10,215.000,21,217.000,50,320.000,1,364.000,1,0,9,
100104705000,217.000,2,203.000,21,202.000,60,84.000,3,39.000,20,38.500,1,215.000,21,217.000,50,320.000,1,364.000,1,400.000,1,0,9,
100104705000,217.000,2,203.000,21,202.000,60,84.000,3,39.000,20,38.500,1,215.000,31,217.000,50,320.000,1,364.000,1,400.000,1,0,9,
100104705000,217.000,2,203.000,31,202.000,60,84.000,3,39.000,20,38.500,1,215.000,31,217.000,50,320.000,1,364.000,1,400.000,1,0,9,
100104797000,217.000,2,203.000,31,202.000,60,84.000,3,39.000,20,38.500,1,215.000,31,217.000,50,218.000,10,320.000,1,364.000,1,0,9,
100113177000,217.000,2,203.000,31,202.000,40,84.000,3,39.000,20,38.500,1,215.000,31,217.000,30,218.000,10,320.000,1,364.000,1,0,9,
100116855000,217.000,2,203.000,31,202.000,60,84.000,3,39.000,20,38.500,1,215.000,31,217.000,50,218.000,10,320.000,1,364.000,1,0,9,
100126789000,217.000,2,203.000,31,202.000,40,84.000,3,39.000,20,38.500,1,215.000,31,217.000,30,218.000,10,320.000,1,364.000,1,0,9,
100127215000,217.000,2,203.000,31,202.000,60,84.000,3,39.000,20,38.500,1,215.000,31,217.000,50,218.000,10,320.000,1,364.000,1,0,9,
100130720000,217.000,2,203.000,31,202.000,60,84.000,3,39.000,20,38.500,1,215.000,31,217.000,50,320.000,1,364.000,1,400.000,1,0,9,
100130720000,217.000,2,203.000,31,202.000,60,84.000,3,39.000,20,38.500,1,215.000,31,216.000,10,217.000,50,320.000,1,364.000,1,0,9,
100131516000,217.000,2,203.000,31,202.000,40,84.000,3,39.000,20,38.500,1,215.000,31,216.000,10,217.000,30,320.000,1,364.000,1,0,9,
100131516000,217.000,2,203.000,31,202.000,30,84.000,3,39.000,20,38.500,1,215.000,31,216.000,10,217.000,30,320.000,1,364.000,1,0,9,
100131518000,217.000,2,203.000,31,202.000,10,84.000,3,39.000,20,38.500,1,215.000,31,216.000,10,217.000,10,320.000,1,364.000,1,0,9,
100131833000,217.000,2,203.000,10,202.000,10,84.000,3,39.000,20,38.500,1,215.000,10,216.000,10,217.000,10,320.000,1,364.000,1,0,9,
100131833000,217.000,2,203.000,10,202.000,10,201.000,21,84.000,3,39.000,20,215.000,31,216.000,10,217.000,10,320.000,1,364.000,1,0,9,
100131833000,217.000,2,203.000,10,202.000,10,201.000,21,84.000,3,39.000,20,215.000,31,216.000,20,217.000,10,320.000,1,364.000,1,0,9,
100131833000,217.000,2,203.000,10,202.000,10,201.000,21,84.000,3,39.000,20,215.000,21,216.000,20,217.000,10,320.000,1,364.000,1,0,9,
100131833000,217.000,2,202.000,10,201.000,21,84.000,3,39.000,20,38.500,1,215.000,21,216.000,20,217.000,10,320.000,1,364.000,1,0,9,
100131833000,217.000,2,202.000,10,201.000,31,84.000,3,39.000,20,38.500,1,215.000,21,216.000,20,217.000,10,320.000,1,364.000,1,0,9,
100131833000,217.000,2,202.000,10,201.000,31,84.000,3,39.000,20,38.500,1,215.000,31,216.000,20,217.000,10,320.000,1,364.000,1,0,9,
100131833000,217.000,2,201.000,31,84.000,3,39.000,20,38.500,1,22.500,20,215.000,31,216.000,20,217.000,10,320.000,1,364.000,1,0,9,
100132004000,217.000,2,201.000,31,84.000,3,39.000,20,38.500,1,22.500,20,215.000,31,216.000,20,320.000,1,364.000,1,400.000,1,0,9,
100132330000,217.000,2,201.000,31,198.000,10,84.000,3,39.000,20,38.500,1,215.000,31,216.000,20,320.000,1,364.000,1,400.000,1,0,9,
100142306000,217.000,2,201.000,31,200.000,20,198.000,10,84.000,3,39.000,20,215.000,51,216.000,20,320.000,1,364.000,1,400.000,1,0,9,
100144836000,217.000,2,205.000,2,201.000,31,200.000,20,198.000,10,84.000,3,215.000,51,216.000,20,320.000,1,364.000,1,400.000,1,0,9,
100144836000,217.000,2,205.000,12,201.000,31,200.000,20,198.000,10,84.000,3,215.000,51,216.000,20,320.000,1,364.000,1,400.000,1,0,9,
100145157000,217.000,2,205.000,12,201.000,10,200.000,20,198.000,10,84.000,3,215.000,30,216.000,20,320.000,1,364.000,1,400.000,1,0,9,
100145157000,217.000,2,205.000,12,202.000,21,201.000,10,200.000,20,198.000,10,215.000,51,216.000,20,320.000,1,364.000,1,400.000,1,0,9,
100149643000,217.000,2,205.000,12,202.000,21,201.000,30,200.000,20,198.000,10,215.000,51,216.000,40,320.000,1,364.000,1,400.000,1,0,9,
100153730000,217.000,2,205.000,12,201.000,30,200.000,20,198.000,10,84.000,3,215.000,30,216.000,40,320.000,1,364.000,1,400.000,1,0,9,
100153730000,217.000,2,205.000,12,201.000,51,200.000,20,198.000,10,84.000,3,215.000,51,216.000,40,320.000,1,364.000,1,400.000,1,0,9,
100154161000,217.000,2,205.000,12,201.000,30,200.000,20,198.000,10,84.000,3,215.000,30,216.000,40,320.000,1,364.000,1,400.000,1,0,9,
100154161000,217.000,2,205.000,12,202.000,21,201.000,30,200.000,20,198.000,10,215.000,51,216.000,40,320.000,1,364.000,1,400.000,1,0,9,
100157513000,217.000,2,205.000,12,201.000,30,200.000,20,198.000,10,84.000,3,215.000,30,216.000,40,320.000,1,364.000,1,400.000,1,0,9,
100157513000,217.000,2,205.000,12,203.000,21,201.000,30,200.000,20,198.000,10,215.000,51,216.000,40,320.000,1,364.000,1,400.000,1,0,9,
100159714000,217.000,2,205.000,12,201.000,30,200.000,20,198.000,10,84.000,3,215.000,30,216.000,40,320.000,1,364.000,1,400.000,1,0,9,
100159714000,217.000,2,205.000,12,202.000,21,201.000,30,200.000,20,198.000,10,215.000,51,216.000,40,320.000,1,364.000,1,400.000,1,0,9,
100208736000,217.000,2,205.000,12,202.000,21,201.000,30,200.000,20,198.000,10,215.000,51,216.000,30,320.000,1,364.000,1,400.000,1,0,9,
100208736000,217.000,2,205.000,12,202.000,21,201.000,30,200.000,20,198.000,10,214.000,10,215.000,51,216.000,30,320.000,1,364.000,1,0,9,
100208736000,217.000,2,205.000,12,202.000,21,201.000,30,200.000,20,198.000,10,214.000,20,215.000,51,216.000,30,320.000,1,364.000,1,0,9,
100208815000,217.000,2,205.000,12,202.000,21,201.000,10,200.000,20,198.000,10,214.000,20,215.000,51,216.000,10,320.000,1,364.000,1,0,9,
100209004000,217.000,2,205.000,12,202.000,21,201.000,10,200.000,20,198.000,10,214.000,20,215.000,51,320.000,1,364.000,1,400.000,1,0,9,
100209167000,217.000,2,205.000,12,201.000,10,200.000,20,198.000,10,84.000,3,214.000,20,215.000,30,320.000,1,364.000,1,400.000,1,0,9,
100209167000,217.000,2,205.000,12,201.000,31,200.000,20,198.000,10,84.000,3,213.000,21,214.000,20,215.000,30,320.000,1,364.000,1,0,9,
100209167000,217.000,2,205.000,12,201.000,31,200.000,20,198.000,10,84.000,3,213.000,31,214.000,20,215.000,30,320.000,1,364.000,1,0,9,
100209254000,217.000,2,205.000,12,201.000,31,200.000,20,199.000,20,198.000,10,213.000,31,214.000,40,215.000,30,320.000,1,364.000,1,0,9,
100209504000,217.000,2,205.000,12,201.000,31,200.000,20,199.000,20,198.000,10,213.000,31,214.000,40,215.000,20,320.000,1,364.000,1,0,9,
100212722000,217.000,2,205.000,12,201.000,10,200.000,20,199.000,20,198.000,10,213.000,10,214.000,40,215.000,20,320.000,1,364.000,1,0,9,
100212722000,217.000,2,205.000,12,202.000,21,201.000,10,200.000,20,199.000,20,213.000,31,214.000,40,215.000,20,320.000,1,364.000,1,0,9,
100212723000,217.000,2,205.000,12,202.000,21,201.000,10,200.000,20,199.000,20,213.000,21,214.000,40,215.000,20,320.000,1,364.000,1,0,9,
100212723000,217.000,2,205.000,12,202.000,21,201.000,10,200.000,20,199.000,20,213.000,31,214.000,40,215.000,20,320.000,1,364.000,1,0,9,
100214913000,217.000,2,205.000,12,202.000,21,201.000,10,200.000,20,198.000,10,213.000,31,214.000,20,215.000,20,320.000,1,364.000,1,0,9,
100215170000,217.000,2,205.000,12,201.000,10,200.000,20,198.000,10,84.000,3,213.000,10,214.000,20,215.000,20,320.000,1,364.000,1,0,9,
100215170000,217.000,2,205.000,12,203.000,21,201.000,10,200.000,20,198.000,10,213.000,31,214.000,20,215.000,20,320.000,1,364.000,1,0,9,
100215257000,217.000,2,205.000,12,203.000,21,201.000,30,200.000,20,198.000,10,213.000,31,214.000,20,215.000,20,216.000,20,320.000,1,0,9,
100215732000,217.000,2,205.000,12,201.000,30,200.000,20,198.000,10,84.000,3,213.000,10,214.000,20,215.000,20,216.000,20,320.000,1,0,9,
100215732000,217.000,2,205.000,12,202.000,21,201.000,30,200.000,20,198.000,10,213.000,31,214.000,20,215.000,20,216.000,20,320.000,1,0,9,
100215732000,217.000,2,205.000,12,202.000,21,201.000,30,200.000,20,198.000,10,213.000,21,214.000,20,215.000,20,216.000,20,320.000,1,0,9,
100215733000,217.000,2,205.000,12,202.000,21,201.000,30,200.000,20,198.000,10,213.000,31,214.000,20,215.000,20,216.000,20,320.000,1,0,9,
100221107000,217.000,2,205.000,12,202.000,21,201.000,10,200.000,20,198.000,10,213.000,31,214.000,20,215.000,20,320.000,1,364.000,1,0,9,
100221470000,217.000,2,205.000,12,202.000,21,201.000,10,200.000,20,199.000,20,213.000,31,214.000,40,215.000,20,320.000,1,364.000,1,0,9,
100224773000,217.000,2,205.000,12,201.000,10,200.000,20,199.000,20,198.000,10,213.000,10,214.000,40,215.000,20,320.000,1,364.000,1,0,9,
100224773000,217.000,2,205.000,12,203.000,21,201.000,10,200.000,20,199.000,20,213.000,31,214.000,40,215.000,20,320.000,1,364.000,1,0,9,
100225726000,217.000,2,205.000,12,201.000,10,200.000,20,199.000,20,198.000,10,213.000,10,214.000,40,215.000,20,320.000,1,364.000,1,0,9,
100225726000,217.000,2,205.000,12,202.000,21,201.000,10,200.000,20,199.000,20,213.000,31,214.000,40,215.000,20,320.000,1,364.000,1,0,9,
100226174000,217.000,2,205.000,12,201.000,10,200.000,20,199.000,20,198.000,10,213.000,10,214.000,40,215.000,20,320.000,1,364.000,1,0,9,
100226174000,217.000,2,205.000,12,203.000,21,201.000,10,200.000,20,199.000,20,213.000,31,214.000,40,215.000,20,320.000,1,364.000,1,0,9,
100226175000,217.000,2,205.000,12,203.000,21,201.000,10,200.000,20,199.000,20,213.000,21,214.000,40,215.000,20,320.000,1,364.000,1,0,9,
100226175000,217.000,2,205.000,12,203.000,21,201.000,10,200.000,20,199.000,20,213.000,31,214.000,40,215.000,20,320.000,1,364.000,1,0,9,
100226728000,217.000,2,205.000,12,201.000,10,200.000,20,199.000,20,198.000,10,213.000,10,214.000,40,215.000,20,320.000,1,364.000,1,0,9,
100226728000,217.000,2,205.000,12,202.000,21,201.000,10,200.000,20,199.000,20,213.000,31,214.000,40,215.000,20,320.000,1,364.000,1,0,9,
100226728000,217.000,2,205.000,12,202.000,21,201.000,10,200.000,20,199.000,20,213.000,21,214.000,40,215.000,20,320.000,1,364.000,1,0,9,
100227292000,217.000,2,205.000,12,202.000,21,201.000,10,200.000,20,199.000,20,213.000,31,214.000,40,215.000,20,320.000,1,364.000,1,0,9,
100229215000,217.000,2,205.000,12,202.000,21,201.000,10,200.000,20,198.000,10,213.000,31,214.000,20,215.000,20,320.000,1,364.000,1,0,9,
100229613000,217.000,2,205.000,12,202.000,21,201.000,30,200.000,20,198.000,10,213.000,31,214.000,20,215.000,20,216.000,20,320.000,1,0,9,
100229727000,217.000,2,205.000,12,201.000,30,200.000,20,198.000,10,84.000,3,213.000,10,214.000,20,215.000,20,216.000,20,320.000,1,0,9,
100229727000,217.000,2,205.000,12,203.000,21,201.000,30,200.000,20,198.000,10,213.000,31,214.000,20,215.000,20,216.000,20,320.000,1,0,9,
100229727000,217.000,2,205.000,12,203.000,21,201.000,30,200.000,20,198.000,10,213.000,21,214.000,20,215.000,20,216.000,20,320.000,1,0,9,
100229727000,217.000,2,205.000,12,203.000,21,201.000,30,200.000,20,198.000,10,213.000,31,214.000,20,215.000,20,216.000,20,320.000,1,0,9,
100235256000,217.000,2,205.000,12,203.000,21,201.000,30,200.000,20,84.000,3,213.000,31,214.000,20,215.000,20,216.000,20,320.000,1,0,9,
100235256000,217.000,2,205.000,12,203.000,21,201.000,40,200.000,20,84.000,3,213.000,31,214.000,20,215.000,20,216.000,20,320.000,1,0,9,
100236540000,217.000,2,205.000,12,203.000,21,201.000,40,200.000,20,84.000,3,213.000,31,214.000,10,215.000,20,216.000,20,320.000,1,0,9,
100236545000,217.000,2,205.000,12,203.000,21,201.000,40,84.000,3,39.000,20,213.000,31,214.000,10,216.000,20,320.000,1,364.000,1,0,9,
100236557000,217.000,2,205.000,12,201.000,40,84.000,3,39.000,20,38.500,1,213.000,10,214.000,10,216.000,20,320.000,1,364.000,1,0,9,
100236557000,217.000,2,205.000,12,204.000,21,201.000,40,84.000,3,39.000,20,213.000,31,214.000,10,216.000,20,320.000,1,364.000,1,0,9,
100236558000,217.000,2,205.000,12,204.000,21,201.000,40,84.000,3,39.000,20,213.000,21,214.000,10,216.000,20,320.000,1,364.000,1,0,9,
100236558000,217.000,2,205.000,12,204.000,21,201.000,40,84.000,3,39.000,20,213.000,21,214.000,10,216.000,30,320.000,1,364.000,1,0,9,
100236558000,217.000,2,205.000,12,204.000,21,201.000,40,84.000,3,39.000,20,213.000,31,214.000,10,216.000,30,320.000,1,364.000,1,0,9,
100236663000,217.000,2,205.000,12,204.000,21,201.000,40,84.000,3,39.000,20,213.000,31,214.000,10,216.000,30,217.000,10,320.000,1,0,9,
100237004000,217.000,2,205.000,12,204.000,21,202.000,20,201.000,40,84.000,3,213.000,31,214.000,10,216.000,30,217.000,30,320.000,1,0,9,
100237004000,217.000,2,205.000,12,204.000,21,202.000,20,201.000,40,84.000,3,213.000,31,214.000,10,216.000,20,217.000,30,320.000,1,0,9,
100238061000,217.000,2,205.000,12,204.000,21,202.000,20,201.000,20,84.000,3,213.000,31,214.000,10,217.000,30,320.000,1,364.000,1,0,9,
100239689000,217.000,2,205.000,12,204.000,21,202.000,20,201.000,40,84.000,3,213.000,31,214.000,10,216.000,20,217.000,30,320.000,1,0,9,
100243521000,217.000,2,205.000,12,202.000,20,201.000,40,84.000,3,39.000,20,213.000,10,214.000,10,216.000,20,217.000,30,320.000,1,0,9,
100243521000,217.000,2,205.000,33,202.000,20,201.000,40,84.000,3,39.000,20,213.000,10,214.000,31,216.000,20,217.000,30,320.000,1,0,9,
100243521000,217.000,2,205.000,33,202.000,20,201.000,40,84.000,3,39.000,20,213.000,10,214.000,31,216.000,30,217.000,30,320.000,1,0,9,
100243521000,217.000,2,205.000,33,202.000,20,201.000,40,84.000,3,39.000,20,214.000,31,216.000,30,217.000,30,320.000,1,364.000,1,0,9,
100252772000,217.000,2,205.000,12,202.000,20,201.000,40,84.000,3,39.000,20,214.000,10,216.000,30,217.000,30,320.000,1,364.000,1,0,9,
100252772000,217.000,2,206.000,21,205.000,12,202.000,20,201.000,40,84.000,3,214.000,31,216.000,30,217.000,30,320.000,1,364.000,1,0,9,
100252772000,217.000,2,206.000,21,205.000,12,202.000,20,201.000,40,84.000,3,214.000,21,216.000,30,217.000,30,320.000,1,364.000,1,0,9,
100253353000,217.000,2,206.000,31,205.000,12,202.000,20,201.000,40,84.000,3,214.000,21,216.000,30,217.000,30,320.000,1,364.000,1,0,9,
100253353000,217.000,2,206.000,31,205.000,12,202.000,20,201.000,40,84.000,3,214.000,31,216.000,30,217.000,30,320.000,1,364.000,1,0,9,
100253503000,217.000,2,206.000,31,205.000,12,202.000,20,201.000,30,84.000,3,214.000,31,216.000,30,217.000,30,320.000,1,364.000,1,0,9,
100253772000,217.000,2,206.000,10,205.000,12,202.000,20,201.000,30,84.000,3,214.000,10,216.000,30,217.000,30,320.000,1,364.000,1,0,9,
100253772000,217.000,2,206.000,10,205.000,33,202.000,20,201.000,30,84.000,3,214.000,31,216.000,30,217.000,30,320.000,1,364.000,1,0,9,
100253772000,217.000,2,205.000,33,202.000,20,201.000,30,84.000,3,39.000,20,214.000,31,216.000,30,217.000,30,320.000,1,364.000,1,0,9,
100253772000,217.000,2,205.000,33,202.000,20,201.000,30,84.000,3,39.000,20,214.000,21,216.000,30,217.000,30,320.000,1,364.000,1,0,9,
100253773000,217.000,2,205.000,33,202.000,20,201.000,30,84.000,3,39.000,20,214.000,31,216.000,30,217.000,30,320.000,1,364.000,1,0,9,
100254134000,217.000,2,205.000,33,202.000,20,201.000,10,84.000,3,39.000,20,214.000,31,216.000,10,217.000,30,320.000,1,364.000,1,0,9,
100254873000,217.000,2,205.000,12,202.000,20,201.000,10,84.000,3,39.000,20,214.000,10,216.000,10,217.000,30,320.000,1,364.000,1,0,9,
100254873000,217.000,2,205.000,33,202.000,20,201.000,10,84.000,3,39.000,20,213.000,21,214.000,10,216.000,10,217.000,30,320.000,1,0,9,
100254873000,217.000,2,205.000,33,202.000,20,201.000,10,84.000,3,39.000,20,213.000,21,216.000,10,217.000,30,320.000,1,364.000,1,0,9,
100255187000,217.000,2,205.000,12,202.000,20,201.000,10,84.000,3,39.000,20,216.000,10,217.000,30,320.000,1,364.000,1,400.000,1,0,9,
100255187000,217.000,2,205.000,33,202.000,20,201.000,10,84.000,3,39.000,20,214.000,21,216.000,10,217.000,30,320.000,1,364.000,1,0,9,
100255188000,217.000,2,205.000,33,202.000,20,201.000,10,84.000,3,39.000,20,214.000,21,216.000,10,217.000,40,320.000,1,364.000,1,0,9,
100255188000,217.000,2,205.000,33,202.000,20,201.000,10,84.000,3,39.000,20,214.000,31,216.000,10,217.000,40,320.000,1,364.000,1,0,9,
100255188000,217.000,2,205.000,33,202.000,20,201.000,10,84.000,3,39.000,20,214.000,31,217.000,40,320.000,1,364.000,1,400.000,1,0,9,
100256754000,217.000,2,205.000,12,202.000,20,201.000,10,84.000,3,39.000,20,214.000,10,217.000,40,320.000,1,364.000,1,400.000,1,0,9,
100256754000,217.000,2,205.000,12,204.000,21,202.000,20,201.000,10,84.000,3,214.000,31,217.000,40,320.000,1,364.000,1,400.000,1,0,9,
100256755000,217.000,2,205.000,12,204.000,21,202.000,20,201.000,10,84.000,3,214.000,21,217.000,40,320.000,1,364.000,1,400.000,1,0,9,
100256755000,217.000,2,205.000,12,204.000,21,202.000,20,201.000,10,84.000,3,214.000,31,217.000,40,320.000,1,364.000,1,400.000,1,0,9,
100258824000,217.000,2,205.000,12,204.000,21,202.000,20,201.000,30,84.000,3,214.000,31,216.000,20,217.000,40,320.000,1,364.000,1,0,9,
100303212000,217.000,2,205.000,12,202.000,20,201.000,30,84.000,3,39.000,20,214.000,10,216.000,20,217.000,40,320.000,1,364.000,1,0,9,
100303212000,217.000,2,205.000,33,202.000,20,201.000,30,84.000,3,39.000,20,214.000,31,216.000,20,217.000,40,320.000,1,364.000,1,0,9,
100303213000,217.000,2,205.000,33,202.000,20,201.000,30,84.000,3,39.000,20,214.000,31,216.000,30,217.000,40,320.000,1,364.000,1,0,9,
100303213000,217.000,2,205.000,33,202.000,20,201.000,30,84.000,3,39.000,20,214.000,21,216.000,30,217.000,40,320.000,1,364.000,1,0,9,
100303213000,217.000,2,205.000,33,202.000,20,201.000,30,84.000,3,39.000,20,214.000,31,216.000,30,217.000,40,320.000,1,364.000,1,0,9,
100303504000,217.000,2,205.000,33,202.000,20,201.000,30,84.000,3,39.000,20,214.000,31,216.000,30,217.000,30,320.000,1,364.000,1,0,9,
100307245000,217.000,2,205.000,12,202.000,20,201.000,30,84.000,3,39.000,20,214.000,10,216.000,30,217.000,30,320.000,1,364.000,1,0,9,
100307245000,217.000,2,205.000,12,204.000,21,202.000,20,201.000,30,84.000,3,214.000,31,216.000,30,217.000,30,320.000,1,364.000,1,0,9,
100307246000,217.000,2,205.000,12,204.000,21,202.000,20,201.000,30,84.000,3,214.000,21,216.000,30,217.000,30,320.000,1,364.000,1,0,9,
100307354000,217.000,2,205.000,12,204.000,21,202.000,20,201.000,30,84.000,3,214.000,31,216.000,30,217.000,30,320.000,1,364.000,1,0,9,
100312845000,217.000,2,205.000,12,204.000,21,202.000,20,201.000,10,84.000,3,214.000,31,216.000,10,217.000,30,320.000,1,364.000,1,0,9,
100312926000,217.000,2,205.000,12,204.000,21,202.000,40,201.000,10,84.000,3,214.000,31,216.000,10,217.000,50,320.000,1,364.000,1,0,9,
100313787000,217.000,2,205.000,12,202.000,40,201.000,10,84.000,3,39.000,20,214.000,10,216.000,10,217.000,50,320.000,1,364.000,1,0,9,
100313787000,217.000,2,205.000,33,202.000,40,201.000,10,84.000,3,39.000,20,214.000,31,216.000,10,217.000,50,320.000,1,364.000,1,0,9,
100313787000,217.000,2,205.000,33,202.000,40,201.000,10,84.000,3,39.000,20,214.000,21,216.000,10,217.000,50,320.000,1,364.000,1,0,9,
100313787000,217.000,2,205.000,33,202.000,40,201.000,10,84.000,3,39.000,20,214.000,21,216.000,10,217.000,60,320.000,1,364.000,1,0,9,
100314293000,217.000,2,205.000,33,202.000,40,201.000,10,84.000,3,39.000,20,214.000,31,216.000,10,217.000,60,320.000,1,364.000,1,0,9,
100314504000,217.000,2,205.000,33,202.000,40,201.000,10,84.000,3,39.000,20,214.000,31,216.000,10,217.000,50,320.000,1,364.000,1,0,9,
100317231000,217.000,2,205.000,33,202.000,20,201.000,10,84.000,3,39.000,20,214.000,31,216.000,10,217.000,30,320.000,1,364.000,1,0,9,
100317971000,217.000,2,205.000,33,202.000,20,201.000,30,84.000,3,39.000,20,214.000,31,216.000,30,217.000,30,320.000,1,364.000,1,0,9,
100335131000,217.000,2,205.000,33,202.000,20,201.000,10,84.000,3,39.000,20,214.000,31,216.000,10,217.000,30,320.000,1,364.000,1,0,9,
100335461000,217.000,2,205.000,33,202.000,40,201.000,10,84.000,3,39.000,20,214.000,31,216.000,10,217.000,50,320.000,1,364.000,1,0,9,
100336731000,217.000,2,208.000,2,205.000,31,202.000,40,201.000,10,84.000,3,214.000,31,216.000,10,217.000,50,320.000,1,364.000,1,0,9,
100336731000,217.000,2,208.000,12,205.000,31,202.000,40,201.000,10,84.000,3,214.000,31,216.000,10,217.000,50,320.000,1,364.000,1,0,9,
100342662000,217.000,2,208.000,12,205.000,31,202.000,20,201.000,10,84.000,3,214.000,31,216.000,10,217.000,30,320.000,1,364.000,1,0,9,
100343565000,217.000,2,208.000,12,205.000,31,202.000,40,201.000,10,84.000,3,214.000,31,216.000,10,217.000,50,320.000,1,364.000,1,0,9,
100343667000,217.000,2,208.000,2,205.000,31,202.000,40,201.000,10,84.000,3,214.000,31,216.000,10,217.000,50,320.000,1,364.000,1,0,9,
100343667000,217.000,2,208.000,2,207.000,10,205.000,31,202.000,40,201.000,10,214.000,31,216.000,10,217.000,50,320.000,1,364.000,1,0,9,
100344105000,217.000,2,208.000,2,207.000,10,205.000,10,202.000,40,201.000,10,214.000,10,216.000,10,217.000,50,320.000,1,364.000,1,0,9,
100344105000,217.000,2,208.000,2,207.000,10,205.000,10,204.000,21,202.000,40,214.000,31,216.000,10,217.000,50,320.000,1,364.000,1,0,9,
100346753000,217.000,2,208.000,9,207.000,10,205.000,10,204.000,21,202.000,40,214.000,31,216.000,10,217.000,50,320.000,1,364.000,1,0,9,
100347004000,217.000,2,208.000,9,207.000,10,204.000,21,202.000,40,201.000,10,214.000,31,216.000,10,217.000,50,320.000,1,364.000,1,0,9,
100354401000,217.000,2,208.000,9,207.000,10,202.000,40,201.000,10,84.000,3,214.000,10,216.000,10,217.000,50,320.000,1,364.000,1,0,9,
100354401000,217.000,2,208.000,9,207.000,10,206.000,21,202.000,40,201.000,10,214.000,31,216.000,10,217.000,50,320.000,1,364.000,1,0,9,
100354403000,217.000,2,208.000,9,207.000,10,206.000,21,202.000,40,201.000,10,214.000,21,216.000,10,217.000,50,320.000,1,364.000,1,0,9,
100354403000,217.000,2,208.000,9,207.000,10,206.000,21,202.000,40,201.000,10,214.000,21,216.000,10,217.000,60,320.000,1,364.000,1,0,9,
100354404000,217.000,2,208.000,9,207.000,10,206.000,21,202.000,40,201.000,10,214.000,31,216.000,10,217.000,60,320.000,1,364.000,1,0,9,
100354504000,217.000,2,208.000,9,207.000,10,206.000,21,202.000,40,201.000,10,214.000,31,216.000,10,217.000,50,320.000,1,364.000,1,0,9,
100403600000,217.000,2,208.000,9,207.000,10,206.000,21,202.000,20,201.000,10,214.000,31,216.000,10,217.000,30,320.000,1,364.000,1,0,9,
100405695000,217.000,2,208.000,9,207.000,10,206.000,21,202.000,20,201.000,30,214.000,31,216.000,30,217.000,30,320.000,1,364.000,1,0,9,
100412652000,217.000,2,208.000,9,207.000,10,206.000,21,202.000,20,201.000,10,214.000,31,216.000,10,217.000,30,320.000,1,364.000,1,0,9,
100412796000,217.000,2,208.000,9,207.000,10,206.000,21,201.000,10,84.000,3,214.000,31,216.000,10,217.000,10,320.000,1,364.000,1,0,9,
100412830000,217.000,2,208.000,9,207.000,10,206.000,21,84.000,3,39.000,20,214.000,31,216.000,10,217.000,10,320.000,1,364.000,1,0,9,
100412842000,217.000,2,208.000,9,207.000,10,206.000,21,203.000,10,84.000,3,214.000,31,216.000,10,217.000,10,320.000,1,364.000,1,0,9,
100412935000,217.000,2,208.000,9,207.000,10,206.000,21,203.000,10,84.000,3,214.000,31,216.000,10,320.000,1,364.000,1,400.000,1,0,9,
100413004000,217.000,2,208.000,9,207.000,10,206.000,21,204.000,20,203.000,10,214.000,31,216.000,10,219.000,20,320.000,1,364.000,1,0,9,
100413321000,217.000,2,208.000,9,207.000,10,204.000,20,203.000,10,84.000,3,214.000,10,216.000,10,219.000,20,320.000,1,364.000,1,0,9,
100413321000,217.000,2,208.000,9,207.000,31,204.000,20,203.000,10,84.000,3,214.000,10,216.000,31,219.000,20,320.000,1,364.000,1,0,9,
100413321000,217.000,2,208.000,9,207.000,31,204.000,20,203.000,10,84.000,3,216.000,31,219.000,20,320.000,1,364.000,1,400.000,1,0,9,
100413321000,217.000,2,208.000,9,207.000,31,204.000,20,203.000,10,84.000,3,216.000,31,219.000,30,320.000,1,364.000,1,400.000,1,0,9,
100413938000,217.000,2,208.000,9,207.000,31,204.000,20,203.000,10,84.000,3,216.000,31,219.000,30,220.000,10,320.000,1,364.000,1,0,9,
100415488000,217.000,2,208.000,9,207.000,10,204.000,20,203.000,10,84.000,3,216.000,10,219.000,30,220.000,10,320.000,1,364.000,1,0,9,
100415488000,217.000,2,209.000,21,208.000,9,207.000,10,204.000,20,203.000,10,216.000,10,217.000,21,219.000,30,220.000,10,320.000,1,0,9,
100415489000,217.000,2,209.000,31,208.000,9,207.000,10,204.000,20,203.000,10,216.000,10,217.000,21,219.000,30,220.000,10,320.000,1,0,9,
100415489000,217.000,2,209.000,31,208.000,9,207.000,10,204.000,20,203.000,10,217.000,21,219.000,30,220.000,10,320.000,1,364.000,1,0,9,
100415489000,217.000,2,209.000,31,208.000,9,207.000,10,204.000,20,203.000,10,217.000,31,219.000,30,220.000,10,320.000,1,364.000,1,0,9,
100415504000,217.000,2,209.000,31,208.000,9,204.000,20,203.000,10,84.000,3,217.000,31,219.000,30,220.000,10,320.000,1,364.000,1,0,9,
100416214000,217.000,2,209.000,31,208.000,9,204.000,20,84.000,3,39.000,20,217.000,31,219.000,30,220.000,10,320.000,1,364.000,1,0,9,
100416214000,217.000,2,209.000,31,208.000,9,205.000,10,204.000,20,84.000,3,217.000,31,219.000,30,220.000,10,320.000,1,364.000,1,0,9,
100417034000,217.000,2,209.000,31,208.000,9,205.000,10,204.000,40,84.000,3,217.000,31,219.000,50,220.000,10,320.000,1,364.000,1,0,9,
100418233000,217.000,2,209.000,31,208.000,9,205.000,10,204.000,20,84.000,3,217.000,31,219.000,30,220.000,10,320.000,1,364.000,1,0,9,
100418430000,217.000,2,209.000,31,208.000,9,206.000,20,205.000,10,204.000,20,217.000,31,219.000,30,220.000,10,221.000,20,320.000,1,0,9,
100421538000,217.000,2,209.000,31,208.000,9,206.000,20,205.000,10,204.000,20,217.000,31,219.000,30,221.000,20,320.000,1,364.000,1,0,9,
100421540000,217.000,2,209.000,10,208.000,9,206.000,20,205.000,10,204.000,20,217.000,10,219.000,30,221.000,20,320.000,1,364.000,1,0,9,
100421540000,217.000,2,209.000,31,208.000,9,206.000,20,205.000,10,204.000,20,217.000,10,219.000,51,221.000,20,320.000,1,364.000,1,0,9,
100421541000,217.000,2,209.000,21,208.000,9,206.000,20,205.000,10,204.000,20,217.000,10,219.000,51,221.000,20,320.000,1,364.000,1,0,9,
100421541000,217.000,2,209.000,21,208.000,9,206.000,20,205.000,10,204.000,20,219.000,51,221.000,20,320.000,1,364.000,1,400.000,1,0,9,
100421542000,217.000,2,209.000,21,208.000,9,206.000,20,205.000,10,84.000,3,219.000,31,221.000,20,320.000,1,364.000,1,400.000,1,0,9,
100421542000,217.000,2,209.000,31,208.000,9,206.000,20,205.000,10,84.000,3,219.000,31,221.000,20,320.000,1,364.000,1,400.000,1,0,9,
100421662000,217.000,2,209.000,31,208.000,9,206.000,20,205.000,10,84.000,3,219.000,31,221.000,20,223.000,10,320.000,1,364.000,1,0,9,
100424265000,217.000,2,209.000,31,208.000,9,206.000,20,84.000,3,39.000,20,219.000,31,221.000,20,223.000,10,320.000,1,364.000,1,0,9,
100424265000,217.000,2,209.000,31,208.000,9,207.000,10,206.000,20,84.000,3,219.000,31,221.000,20,223.000,10,320.000,1,364.000,1,0,9,
100424289000,217.000,2,209.000,31,208.000,9,207.000,10,84.000,3,39.000,20,219.000,31,223.000,10,320.000,1,364.000,1,400.000,1,0,9,
100424447000,217.000,2,209.000,10,208.000,9,207.000,10,84.000,3,39.000,20,219.000,10,223.000,10,320.000,1,364.000,1,400.000,1,0,9,
100424447000,217.000,2,209.000,31,208.000,9,207.000,10,84.000,3,39.000,20,219.000,10,220.000,21,223.000,10,320.000,1,364.000,1,0,9,
100424451000,217.000,2,209.000,31,208.000,9,207.000,10,84.000,3,39.000,20,219.000,10,220.000,31,223.000,10,320.000,1,364.000,1,0,9,
100424451000,217.000,2,209.000,31,208.000,9,207.000,10,84.000,3,39.000,20,219.000,10,220.000,31,223.000,20,320.000,1,364.000,1,0,9,
100424451000,217.000,2,209.000,21,208.000,9,207.000,10,84.000,3,39.000,20,219.000,10,220.000,31,223.000,20,320.000,1,364.000,1,0,9,
100424451000,217.000,2,209.000,21,208.000,9,207.000,10,84.000,3,39.000,20,220.000,31,223.000,20,320.000,1,364.000,1,400.000,1,0,9,
100424458000,217.000,2,209.000,31,208.000,9,207.000,10,84.000,3,39.000,20,220.000,31,223.000,20,320.000,1,364.000,1,400.000,1,0,9,
100424469000,217.000,2,209.000,31,208.000,29,207.000,10,84.000,3,39.000,20,220.000,31,223.000,40,320.000,1,364.000,1,400.000,1,0,9,
100425081000,217.000,2,209.000,31,208.000,29,207.000,30,84.000,3,39.000,20,220.000,31,222.000,20,223.000,40,320.000,1,364.000,1,0,9,
100425492000,217.000,2,209.000,10,208.000,29,207.000,30,84.000,3,39.000,20,220.000,10,222.000,20,223.000,40,320.000,1,364.000,1,0,9,
100425492000,217.000,2,209.000,31,208.000,29,207.000,30,84.000,3,39.000,20,220.000,10,221.000,21,222.000,20,223.000,40,320.000,1,0,9,
100425492000,217.000,2,209.000,31,208.000,29,207.000,30,84.000,3,39.000,20,220.000,10,221.000,21,222.000,30,223.000,40,320.000,1,0,9,
100425492000,217.000,2,209.000,31,208.000,29,207.000,30,84.000,3,39.000,20,221.000,21,222.000,30,223.000,40,320.000,1,364.000,1,0,9,
100425492000,217.000,2,209.000,21,208.000,29,207.000,30,84.000,3,39.000,20,221.000,21,222.000,30,223.000,40,320.000,1,364.000,1,0,9,
100425492000,217.000,2,209.000,21,208.000,29,207.000,30,84.000,3,39.000,20,221.000,31,222.000,30,223.000,40,320.000,1,364.000,1,0,9,
100425492000,217.000,2,209.000,31,208.000,29,207.000,30,84.000,3,39.000,20,221.000,31,222.000,30,223.000,40,320.000,1,364.000,1,0,9,
100426004000,217.000,2,209.000,31,208.000,29,207.000,30,84.000,3,39.000,20,221.000,31,222.000,30,223.000,30,320.000,1,364.000,1,0,9,
100431399000,217.000,2,209.000,31,208.000,29,207.000,10,84.000,3,39.000,20,221.000,31,222.000,10,223.000,30,320.000,1,364.000,1,0,9,
100433145000,217.000,2,209.000,31,208.000,29,207.000,30,84.000,3,39.000,20,221.000,31,222.000,30,223.000,30,320.000,1,364.000,1,0,9,
100451052000,217.000,2,209.000,31,208.000,29,207.000,10,84.000,3,39.000,20,221.000,31,222.000,10,223.000,30,320.000,1,364.000,1,0,9,
100451268000,217.000,2,209.000,31,208.000,29,207.000,30,84.000,3,39.000,20,221.000,31,222.000,30,223.000,30,320.000,1,364.000,1,0,9,
100457554000,217.000,2,209.000,31,208.000,29,207.000,20,84.000,3,39.000,20,221.000,31,222.000,30,223.000,30,320.000,1,364.000,1,0,9,
100457554000,217.000,2,209.000,41,208.000,29,207.000,20,84.000,3,39.000,20,221.000,31,222.000,30,223.000,30,320.000,1,364.000,1,0,9,
100500419000,217.000,2,209.000,41,208.000,29,207.000,20,84.000,3,39.000,20,221.000,31,222.000,30,223.000,20,320.000,1,364.000,1,0,9,
100500512000,217.000,2,209.000,20,208.000,29,207.000,20,84.000,3,39.000,20,221.000,10,222.000,30,223.000,20,320.000,1,364.000,1,0,9,
100500512000,217.000,2,209.000,41,208.000,29,207.000,20,84.000,3,39.000,20,221.000,10,222.000,51,223.000,20,320.000,1,364.000,1,0,9,
100500515000,217.000,2,209.000,41,208.000,29,207.000,20,84.000,3,39.000,20,222.000,51,223.000,20,320.000,1,364.000,1,400.000,1,0,9,
100500516000,217.000,2,209.000,41,208.000,29,84.000,3,39.000,20,38.500,1,222.000,31,223.000,20,320.000,1,364.000,1,400.000,1,0,9,
100501540000,217.000,2,209.000,41,208.000,29,84.000,3,39.000,20,38.500,1,222.000,31,223.000,20,226.000,10,320.000,1,364.000,1,0,9,
100501566000,217.000,2,209.000,20,208.000,29,84.000,3,39.000,20,38.500,1,222.000,10,223.000,20,226.000,10,320.000,1,364.000,1,0,9,
100501566000,217.000,2,209.000,41,208.000,29,84.000,3,39.000,20,38.500,1,222.000,10,223.000,41,226.000,10,320.000,1,364.000,1,0,9,
100501567000,217.000,2,209.000,41,208.000,29,84.000,3,39.000,20,38.500,1,223.000,41,226.000,10,320.000,1,364.000,1,400.000,1,0,9,
100502210000,217.000,2,209.000,41,208.000,29,84.000,3,39.000,20,38.500,1,223.000,51,226.000,10,320.000,1,364.000,1,400.000,1,0,9,
100502614000,217.000,2,209.000,20,208.000,29,84.000,3,39.000,20,38.500,1,223.000,30,226.000,10,320.000,1,364.000,1,400.000,1,0,9,
100502614000,217.000,2,209.000,41,208.000,29,84.000,3,39.000,20,38.500,1,222.000,21,223.000,30,226.000,10,320.000,1,364.000,1,0,9,
100503338000,217.000,2,209.000,41,208.000,29,84.000,3,39.000,20,38.500,1,222.000,31,223.000,30,226.000,10,320.000,1,364.000,1,0,9,
100504298000,217.000,2,209.000,41,208.000,49,84.000,3,39.000,20,38.500,1,222.000,31,223.000,50,226.000,10,320.000,1,364.000,1,0,9,
100504815000,217.000,2,209.000,20,208.000,49,84.000,3,39.000,20,38.500,1,222.000,10,223.000,50,226.000,10,320.000,1,364.000,1,0,9,
100504815000,217.000,2,209.000,41,208.000,49,84.000,3,39.000,20,38.500,1,222.000,10,223.000,71,226.000,10,320.000,1,364.000,1,0,9,
100504816000,217.000,2,209.000,41,208.000,49,84.000,3,39.000,20,38.500,1,223.000,71,226.000,10,320.000,1,364.000,1,400.000,1,0,9,
100505671000,217.000,2,209.000,41,208.000,29,84.000,3,39.000,20,38.500,1,223.000,51,226.000,10,320.000,1,364.000,1,400.000,1,0,9,
100505744000,217.000,2,209.000,41,208.000,35,84.000,3,39.000,20,38.500,1,223.000,51,226.000,10,320.000,1,364.000,1,400.000,1,0,9,
100506989000,217.000,2,209.000,41,208.000,29,84.000,3,39.000,20,38.500,1,223.000,51,226.000,10,320.000,1,364.000,1,400.000,1,0,9,
100507001000,217.000,2,209.000,41,208.000,29,84.000,3,39.000,20,38.500,1,223.000,51,320.000,1,364.000,1,400.000,1,450.000,1,0,9,
100507002000,217.000,2,209.000,47,208.000,29,84.000,3,39.000,20,38.500,1,223.000,51,320.000,1,364.000,1,400.000,1,450.000,1,0,9,
100507091000,217.000,2,209.000,26,208.000,29,84.000,3,39.000,20,38.500,1,223.000,30,320.000,1,364.000,1,400.000,1,450.000,1,0,9,
100507092000,217.000,2,209.000,20,208.000,29,84.000,3,39.000,20,38.500,1,223.000,30,320.000,1,364.000,1,400.000,1,450.000,1,0,9,
100507102000,217.000,2,210.000,6,209.000,20,208.000,29,84.000,3,39.000,20,223.000,30,320.000,1,364.000,1,400.000,1,450.000,1,0,9,
100507103000,217.000,2,210.000,16,209.000,20,208.000,29,84.000,3,39.000,20,223.000,30,320.000,1,364.000,1,400.000,1,450.000,1,0,9,
100507120000,217.000,2,210.000,16,209.000,20,208.000,9,84.000,3,39.000,20,223.000,10,320.000,1,364.000,1,400.000,1,450.000,1,0,9,
100507121000,217.000,2,210.000,16,209.000,20,208.000,9,84.000,3,39.000,20,320.000,1,364.000,1,400.000,1,450.000,1,775.000,1,0,9,
100507126000,217.000,2,210.000,10,209.000,20,208.000,9,84.000,3,39.000,20,320.000,1,364.000,1,400.000,1,450.000,1,775.000,1,0,9,
100507126000,217.000,2,210.000,10,209.000,20,208.000,9,84.000,3,39.000,20,320.000,7,364.000,1,400.000,1,450.000,1,775.000,1,0,9,
100507127000,217.000,2,209.000,20,208.000,9,84.000,3,39.000,20,38.500,1,320.000,7,364.000,1,400.000,1,450.000,1,775.000,1,0,9,
100507136000,217.000,2,209.000,20,208.000,9,84.000,3,39.000,20,38.500,1,320.000,17,364.000,1,400.000,1,450.000,1,775.000,1,0,9,
100507137000,217.000,2,209.000,26,208.000,9,84.000,3,39.000,20,38.500,1,320.000,17,364.000,1,400.000,1,450.000,1,775.000,1,0,9,
100507153000,217.000,2,209.000,20,208.000,9,84.000,3,39.000,20,38.500,1,320.000,17,364.000,1,400.000,1,450.000,1,775.000,1,0,9,
100507153000,217.000,2,209.000,20,208.000,9,84.000,3,39.000,20,38.500,1,320.000,11,364.000,1,400.000,1,450.000,1,775.000,1,0,9,
100507163000,217.000,2,209.000,20,208.000,9,84.000,3,39.000,20,38.500,1,319.000,6,320.000,11,364.000,1,400.000,1,450.000,1,0,9,
100507164000,217.000,2,209.000,20,208.000,9,84.000,3,39.000,20,38.500,1,319.000,16,320.000,11,364.000,1,400.000,1,450.000,1,0,9,
100507252000,217.000,2,209.000,20,208.000,9,84.000,3,39.000,20,38.500,1,319.000,10,320.000,11,364.000,1,400.000,1,450.000,1,0,9,
100507252000,217.000,2,209.000,20,208.000,9,84.000,3,39.000,20,38.500,1,320.000,11,364.000,1,400.000,1,450.000,1,775.000,1,0,9,
100507263000,217.000,2,209.000,20,208.000,9,84.000,3,39.000,20,38.500,1,318.000,6,320.000,11,364.000,1,400.000,1,450.000,1,0,9,
100507263000,217.000,2,209.000,20,208.000,9,84.000,3,39.000,20,38.500,1,318.000,16,320.000,11,364.000,1,400.000,1,450.000,1,0,9,
100507361000,217.000,2,209.000,20,208.000,9,84.000,3,39.000,20,38.500,1,318.000,10,320.000,11,364.000,1,400.000,1,450.000,1,0,9,
100507361000,217.000,2,209.000,20,208.000,9,84.000,3,39.000,20,38.500,1,320.000,11,364.000,1,400.000,1,450.000,1,775.000,1,0,9,
100507372000,217.000,2,209.000,20,208.000,9,84.000,3,39.000,20,38.500,1,319.000,6,320.000,11,364.000,1,400.000,1,450.000,1,0,9,
100507561000,217.000,2,209.000,20,208.000,15,84.000,3,39.000,20,38.500,1,319.000,6,320.000,11,364.000,1,400.000,1,450.000,1,0,9,
100507732000,217.000,2,209.000,20,208.000,9,84.000,3,39.000,20,38.500,1,319.000,6,320.000,11,364.000,1,400.000,1,450.000,1,0,9,
100507742000,217.000,2,209.000,26,208.000,9,84.000,3,39.000,20,38.500,1,319.000,6,320.000,11,364.000,1,400.000,1,450.000,1,0,9,
100507912000,217.000,2,209.000,20,208.000,9,84.000,3,39.000,20,38.500,1,319.000,6,320.000,11,364.000,1,400.000,1,450.000,1,0,9,
100507923000,217.000,2,210.000,6,209.000,20,208.000,9,84.000,3,39.000,20,319.000,6,320.000,11,364.000,1,400.000,1,450.000,1,0,9,
100508242000,217.000,2,210.000,6,209.000,20,208.000,9,84.000,3,39.000,20,319.000,16,320.000,11,364.000,1,400.000,1,450.000,1,0,9,
100508242000,217.000,2,210.000,16,209.000,20,208.000,9,84.000,3,39.000,20,319.000,16,320.000,11,364.000,1,400.000,1,450.000,1,0,9,
100508261000,217.000,2,210.000,16,209.000,20,208.000,9,84.000,3,39.000,20,319.000,10,320.000,11,364.000,1,400.000,1,450.000,1,0,9,
100508261000,217.000,2,210.000,16,209.000,20,208.000,9,84.000,3,39.000,20,320.000,11,364.000,1,400.000,1,450.000,1,775.000,1,0,9,
100508273000,217.000,2,210.000,16,209.000,20,208.000,9,84.000,3,39.000,20,318.000,6,320.000,11,364.000,1,400.000,1,450.000,1,0,9,
100508274000,217.000,2,210.000,16,209.000,20,208.000,9,84.000,3,39.000,20,318.000,16,320.000,11,364.000,1,400.000,1,450.000,1,0,9,
100508354000,217.000,2,210.000,6,209.000,20,208.000,9,84.000,3,39.000,20,318.000,16,320.000,11,364.000,1,400.000,1,450.000,1,0,9,
100508354000,217.000,2,210.000,6,209.000,20,208.000,9,84.000,3,39.000,20,318.000,6,320.000,11,364.000,1,400.000,1,450.000,1,0,9,
100508354000,217.000,2,210.000,6,209.000,20,208.000,2,84.000,3,39.000,20,318.000,6,320.000,11,364.000,1,400.000,1,450.000,1,0,9,
100508354000,217.000,2,210.000,6,209.000,10,208.000,2,84.000,3,39.000,20,318.000,6,320.000,11,364.000,1,400.000,1,450.000,1,0,9,
100508354000,217.000,2,210.000,6,209.000,10,208.000,2,84.000,3,39.000,20,318.000,6,320.000,1,364.000,1,400.000,1,450.000,1,0,9,
100508380000,217.000,2,210.000,6,209.000,10,208.000,2,84.000,3,39.000,20,320.000,1,364.000,1,400.000,1,450.000,1,775.000,1,0,9,
100508392000,217.000,2,210.000,6,209.000,10,208.000,2,84.000,3,39.000,20,320.000,7,364.000,1,400.000,1,450.000,1,775.000,1,0,9,
100509291000,217.000,2,213.000,21,210.000,6,209.000,10,208.000,2,84.000,3,228.000,21,320.000,7,364.000,1,400.000,1,450.000,1,0,9,
100509369000,217.000,2,213.000,21,210.000,6,209.000,10,208.000,2,84.000,3,228.000,21,320.000,1,364.000,1,400.000,1,450.000,1,0,9,
100511760000,217.000,2,213.000,21,209.000,10,208.000,2,84.000,3,39.000,20,228.000,21,320.000,1,364.000,1,400.000,1,450.000,1,0,9,
100511852000,217.000,2,213.000,21,209.000,10,208.000,2,84.000,3,39.000,20,228.000,21,229.000,10,320.000,1,364.000,1,400.000,1,0,9,
100522277000,217.000,2,213.000,21,212.000,6,209.000,10,208.000,2,84.000,3,228.000,21,229.000,10,320.000,1,364.000,1,400.000,1,0,9,
100522385000,217.000,2,213.000,41,212.000,6,209.000,10,208.000,2,84.000,3,228.000,41,229.000,10,320.000,1,364.000,1,400.000,1,0,9,
100523311000,217.000,2,213.000,41,212.000,6,209.000,10,208.000,2,84.000,3,228.000,50,229.000,10,320.000,1,364.000,1,400.000,1,0,9,
100523311000,217.000,2,213.000,50,212.000,6,209.000,10,208.000,2,84.000,3,228.000,50,229.000,10,320.000,1,364.000,1,400.000,1,0,9,
100524295000,217.000,2,213.000,50,209.000,10,208.000,2,84.000,3,39.000,20,228.000,50,229.000,10,320.000,1,364.000,1,400.000,1,0,9,
100527320000,217.000,2,213.000,50,212.000,6,209.000,10,208.000,2,84.000,3,228.000,50,229.000,10,320.000,1,364.000,1,400.000,1,0,9,
100527401000,217.000,2,213.000,50,212.000,6,209.000,10,208.000,2,84.000,3,228.000,50,320.000,1,364.000,1,400.000,1,450.000,1,0,9,
100527414000,217.000,2,213.000,50,209.000,10,208.000,2,84.000,3,39.000,20,228.000,50,320.000,1,364.000,1,400.000,1,450.000,1,0,9,
100528014000,217.000,2,213.000,56,209.000,10,208.000,2,84.000,3,39.000,20,228.000,50,320.000,1,364.000,1,400.000,1,450.000,1,0,9,
100528428000,217.000,2,213.000,50,209.000,10,208.000,2,84.000,3,39.000,20,228.000,50,320.000,1,364.000,1,400.000,1,450.000,1,0,9,
100528431000,217.000,2,213.000,50,209.000,10,208.000,2,84.000,3,39.000,20,228.000,50,231.000,10,320.000,1,364.000,1,400.000,1,0,9,
100528457000,217.000,2,213.000,50,212.000,6,209.000,10,208.000,2,84.000,3,228.000,50,231.000,10,320.000,1,364.000,1,400.000,1,0,9,
100530757000,217.000,2,213.000,50,209.000,10,208.000,2,84.000,3,39.000,20,228.000,50,231.000,10,320.000,1,364.000,1,400.000,1,0,9,
100530771000,217.000,2,213.000,56,209.000,10,208.000,2,84.000,3,39.000,20,228.000,50,231.000,10,320.000,1,364.000,1,400.000,1,0,9,
100541491000,217.000,2,213.000,50,209.000,10,208.000,2,84.000,3,39.000,20,228.000,50,231.000,10,320.000,1,364.000,1,400.000,1,0,9,
100541502000,217.000,2,214.000,6,213.000,50,209.000,10,208.000,2,84.000,3,228.000,50,231.000,10,320.000,1,364.000,1,400.000,1,0,9,
100541502000,217.000,2,214.000,15,213.000,50,209.000,10,208.000,2,84.000,3,228.000,50,231.000,10,320.000,1,364.000,1,400.000,1,0,9,
100541861000,217.000,2,214.000,15,213.000,29,209.000,10,208.000,2,84.000,3,228.000,29,231.000,10,320.000,1,364.000,1,400.000,1,0,9,
100541861000,217.000,2,215.000,21,214.000,15,213.000,29,209.000,10,208.000,2,228.000,50,231.000,10,320.000,1,364.000,1,400.000,1,0,9,
100541861000,217.000,2,215.000,30,214.000,15,213.000,29,209.000,10,208.000,2,228.000,50,231.000,10,320.000,1,364.000,1,400.000,1,0,9,
100541990000,217.000,2,215.000,30,214.000,15,213.000,9,209.000,10,208.000,2,228.000,30,231.000,10,320.000,1,364.000,1,400.000,1,0,9,
100542004000,217.000,2,215.000,30,214.000,15,209.000,10,208.000,2,84.000,3,228.000,30,231.000,10,320.000,1,364.000,1,400.000,1,0,9,
100542004000,217.000,2,215.000,50,214.000,15,209.000,10,208.000,2,84.000,3,228.000,30,230.000,20,231.000,10,320.000,1,364.000,1,0,9,
100542014000,217.000,2,215.000,50,214.000,35,209.000,10,208.000,2,84.000,3,228.000,30,229.000,20,230.000,20,231.000,10,320.000,1,0,9,
100542093000,217.000,2,215.000,50,214.000,15,209.000,10,208.000,2,84.000,3,228.000,30,230.000,20,231.000,10,320.000,1,364.000,1,0,9,
100543632000,217.000,2,215.000,50,214.000,35,209.000,10,208.000,2,84.000,3,228.000,30,229.000,20,230.000,20,231.000,10,320.000,1,0,9,
100543714000,217.000,2,215.000,50,214.000,29,209.000,10,208.000,2,84.000,3,228.000,30,229.000,20,230.000,20,231.000,10,320.000,1,0,9,
100543743000,217.000,2,215.000,50,214.000,9,209.000,10,208.000,2,84.000,3,228.000,30,230.000,20,231.000,10,320.000,1,364.000,1,0,9,
100543743000,217.000,2,215.000,50,214.000,15,209.000,10,208.000,2,84.000,3,228.000,30,230.000,20,231.000,10,320.000,1,364.000,1,0,9,
100544435000,217.000,2,215.000,50,214.000,15,208.000,2,84.000,3,39.000,20,228.000,30,230.000,20,231.000,10,320.000,1,364.000,1,0,9,
100544435000,217.000,2,215.000,50,214.000,9,208.000,2,84.000,3,39.000,20,228.000,30,230.000,20,231.000,10,320.000,1,364.000,1,0,9,
100544439000,217.000,2,215.000,50,214.000,19,208.000,2,84.000,3,39.000,20,228.000,30,230.000,20,231.000,10,320.000,1,364.000,1,0,9,
100545515000,217.000,2,215.000,50,214.000,19,208.000,2,84.000,3,39.000,20,228.000,30,230.000,20,320.000,1,364.000,1,400.000,1,0,9,
100545518000,217.000,2,215.000,50,214.000,19,208.000,2,84.000,3,39.000,20,228.000,30,229.000,10,230.000,20,320.000,1,364.000,1,0,9,
100547654000,217.000,2,215.000,50,214.000,39,208.000,2,84.000,3,39.000,20,228.000,30,229.000,30,230.000,20,320.000,1,364.000,1,0,9,
100549195000,217.000,2,215.000,50,214.000,29,208.000,2,84.000,3,39.000,20,228.000,30,229.000,30,230.000,20,320.000,1,364.000,1,0,9,
100549198000,217.000,2,215.000,50,214.000,9,208.000,2,84.000,3,39.000,20,228.000,30,229.000,10,230.000,20,320.000,1,364.000,1,0,9,
100549308000,217.000,2,215.000,50,214.000,9,212.000,10,208.000,2,84.000,3,228.000,30,229.000,10,230.000,20,320.000,1,364.000,1,0,9,
100553673000,217.000,2,215.000,50,214.000,29,212.000,10,208.000,2,84.000,3,228.000,30,229.000,30,230.000,20,320.000,1,364.000,1,0,9,
100553940000,217.000,2,215.000,50,214.000,9,212.000,10,208.000,2,84.000,3,228.000,30,229.000,10,230.000,20,320.000,1,364.000,1,0,9,
100557689000,217.000,2,215.000,50,214.000,29,212.000,10,208.000,2,84.000,3,228.000,30,229.000,30,230.000,20,320.000,1,364.000,1,0,9,
100600297000,217.000,2,215.000,50,214.000,9,212.000,10,208.000,2,84.000,3,228.000,30,229.000,10,230.000,20,320.000,1,364.000,1,0,9,
100600738000,217.000,2,215.000,50,214.000,29,212.000,10,208.000,2,84.000,3,228.000,30,229.000,30,230.000,20,320.000,1,364.000,1,0,9,
100600893000,217.000,2,215.000,50,214.000,9,212.000,10,208.000,2,84.000,3,228.000,30,229.000,10,230.000,20,320.000,1,364.000,1,0,9,
100601065000,217.000,2,215.000,50,214.000,9,208.000,2,84.000,3,39.000,20,228.000,30,229.000,10,230.000,20,320.000,1,364.000,1,0,9,
100601066000,217.000,2,215.000,50,214.000,19,208.000,2,84.000,3,39.000,20,228.000,30,229.000,10,230.000,20,320.000,1,364.000,1,0,9,
100601497000,217.000,2,215.000,50,214.000,25,208.000,2,84.000,3,39.000,20,228.000,30,229.000,10,230.000,20,320.000,1,364.000,1,0,9,
100602438000,217.000,2,215.000,50,214.000,19,208.000,2,84.000,3,39.000,20,228.000,30,229.000,10,230.000,20,320.000,1,364.000,1,0,9,
100603789000,217.000,2,215.000,50,214.000,39,208.000,2,84.000,3,39.000,20,228.000,30,229.000,30,230.000,20,320.000,1,364.000,1,0,9,
100607157000,217.000,2,215.000,50,214.000,19,208.000,2,84.000,3,39.000,20,228.000,30,229.000,10,230.000,20,320.000,1,364.000,1,0,9,
100607821000,217.000,2,215.000,50,214.000,39,208.000,2,84.000,3,39.000,20,228.000,30,229.000,30,230.000,20,320.000,1,364.000,1,0,9,
100607839000,217.000,2,215.000,50,214.000,19,208.000,2,84.000,3,39.000,20,228.000,30,229.000,10,230.000,20,320.000,1,364.000,1,0,9,
100608042000,217.000,2,220.000,4,215.000,50,214.000,19,208.000,2,84.000,3,228.000,30,229.000,10,230.000,20,320.000,1,364.000,1,0,9,
100608269000,217.000,2,220.000,4,215.000,29,214.000,19,208.000,2,84.000,3,228.000,9,229.000,10,230.000,20,320.000,1,364.000,1,0,9,
100608269000,217.000,2,220.000,4,218.000,21,215.000,29,214.000,19,208.000,2,228.000,30,229.000,10,230.000,20,320.000,1,364.000,1,0,9,
100608270000,217.000,2,220.000,13,218.000,21,215.000,29,214.000,19,208.000,2,228.000,30,229.000,10,230.000,20,320.000,1,364.000,1,0,9,
100608270000,217.000,2,220.000,13,218.000,21,215.000,29,214.000,19,208.000,2,228.000,30,229.000,19,230.000,20,320.000,1,364.000,1,0,9,
100608270000,217.000,2,220.000,13,218.000,21,215.000,29,214.000,19,208.000,2,228.000,21,229.000,19,230.000,20,320.000,1,364.000,1,0,9,
100608270000,217.000,2,220.000,13,218.000,21,215.000,29,214.000,19,208.000,2,228.000,30,229.000,19,230.000,20,320.000,1,364.000,1,0,9,
100608503000,217.000,2,220.000,13,218.000,21,215.000,29,214.000,10,208.000,2,228.000,30,229.000,19,230.000,20,320.000,1,364.000,1,0,9,
100608831000,217.000,2,220.000,13,218.000,21,215.000,49,214.000,10,208.000,2,228.000,30,229.000,19,230.000,40,320.000,1,364.000,1,0,9,
100612885000,217.000,2,220.000,13,215.000,49,214.000,10,208.000,2,84.000,3,228.000,9,229.000,19,230.000,40,320.000,1,364.000,1,0,9,
100612885000,217.000,2,220.000,13,217.000,21,215.000,49,214.000,10,208.000,2,228.000,30,229.000,19,230.000,40,320.000,1,364.000,1,0,9,
100613470000,217.000,2,220.000,13,217.000,21,215.000,29,214.000,10,208.000,2,228.000,30,229.000,19,230.000,20,320.000,1,364.000,1,0,9,
100613882000,217.000,2,220.000,13,217.000,21,215.000,29,214.000,30,208.000,2,228.000,30,229.000,39,230.000,20,320.000,1,364.000,1,0,9,
100615853000,217.000,2,220.000,13,215.000,29,214.000,30,208.000,2,84.000,3,228.000,9,229.000,39,230.000,20,320.000,1,364.000,1,0,9,
100615853000,217.000,2,220.000,13,218.000,21,215.000,29,214.000,30,208.000,2,228.000,30,229.000,39,230.000,20,320.000,1,364.000,1,0,9,
100615853000,217.000,2,220.000,13,218.000,21,215.000,29,214.000,30,208.000,2,228.000,21,229.000,39,230.000,20,320.000,1,364.000,1,0,9,
100615853000,217.000,2,220.000,13,218.000,21,215.000,29,214.000,30,208.000,2,228.000,30,229.000,39,230.000,20,320.000,1,364.000,1,0,9,
100617128000,217.000,2,220.000,13,218.000,21,215.000,29,214.000,10,208.000,2,228.000,30,229.000,19,230.000,20,320.000,1,364.000,1,0,9,
100617942000,217.000,2,220.000,13,218.000,21,215.000,49,214.000,10,208.000,2,228.000,30,229.000,19,230.000,40,320.000,1,364.000,1,0,9,
100619864000,217.000,2,220.000,13,218.000,21,215.000,49,214.000,10,208.000,2,228.000,30,229.000,9,230.000,40,320.000,1,364.000,1,0,9,
100619989000,217.000,2,220.000,13,218.000,21,215.000,49,214.000,10,208.000,2,228.000,30,229.000,9,230.000,40,231.000,10,320.000,1,0,9,
100622006000,217.000,2,220.000,13,218.000,21,215.000,29,214.000,10,208.000,2,228.000,30,229.000,9,230.000,20,231.000,10,320.000,1,0,9,
100622781000,217.000,2,220.000,13,215.000,29,214.000,10,208.000,2,84.000,3,228.000,9,229.000,9,230.000,20,231.000,10,320.000,1,0,9,
100622781000,217.000,2,220.000,13,217.000,21,215.000,29,214.000,10,208.000,2,228.000,30,229.000,9,230.000,20,231.000,10,320.000,1,0,9,
100622782000,217.000,2,220.000,13,217.000,21,215.000,29,214.000,10,208.000,2,228.000,30,229.000,9,230.000,29,231.000,10,320.000,1,0,9,
100622782000,217.000,2,220.000,13,217.000,21,215.000,29,214.000,10,208.000,2,228.000,21,229.000,9,230.000,29,231.000,10,320.000,1,0,9,
100622782000,217.000,2,220.000,13,217.000,21,215.000,29,214.000,10,208.000,2,228.000,30,229.000,9,230.000,29,231.000,10,320.000,1,0,9,
100623004000,217.000,2,220.000,13,217.000,21,215.000,29,214.000,10,208.000,2,228.000,30,229.000,9,230.000,20,231.000,10,320.000,1,0,9,
100623009000,217.000,2,220.000,13,217.000,21,215.000,29,214.000,30,208.000,2,228.000,30,229.000,29,230.000,20,231.000,10,320.000,1,0,9,
100623878000,217.000,2,220.000,13,215.000,29,214.000,30,208.000,2,84.000,3,228.000,9,229.000,29,230.000,20,231.000,10,320.000,1,0,9,
100623878000,217.000,2,220.000,13,218.000,21,215.000,29,214.000,30,208.000,2,228.000,30,229.000,29,230.000,20,231.000,10,320.000,1,0,9,
100623878000,217.000,2,220.000,13,218.000,21,215.000,29,214.000,30,208.000,2,228.000,21,229.000,29,230.000,20,231.000,10,320.000,1,0,9,
100623878000,217.000,2,220.000,13,218.000,21,215.000,29,214.000,30,208.000,2,228.000,30,229.000,29,230.000,20,231.000,10,320.000,1,0,9,
100623979000,217.000,2,220.000,13,218.000,21,215.000,29,214.000,10,208.000,2,228.000,30,229.000,9,230.000,20,231.000,10,320.000,1,0,9,
100624017000,217.000,2,220.000,13,218.000,21,215.000,49,214.000,10,208.000,2,228.000,30,229.000,9,230.000,40,231.000,10,320.000,1,0,9,
100624276000,217.000,2,220.000,13,215.000,49,214.000,10,208.000,2,84.000,3,228.000,9,229.000,9,230.000,40,231.000,10,320.000,1,0,9,
100624276000,217.000,2,220.000,13,217.000,21,215.000,49,214.000,10,208.000,2,228.000,30,229.000,9,230.000,40,231.000,10,320.000,1,0,9,
100624276000,217.000,2,220.000,13,217.000,21,215.000,49,214.000,10,208.000,2,228.000,21,229.000,9,230.000,40,231.000,10,320.000,1,0,9,
100625454000,217.000,2,220.000,13,217.000,21,215.000,49,214.000,10,208.000,2,228.000,30,229.000,9,230.000,40,231.000,10,320.000,1,0,9,
100627881000,217.000,2,220.000,13,215.000,49,214.000,10,208.000,2,84.000,3,228.000,9,229.000,9,230.000,40,231.000,10,320.000,1,0,9,
100627881000,217.000,2,220.000,13,218.000,21,215.000,49,214.000,10,208.000,2,228.000,30,229.000,9,230.000,40,231.000,10,320.000,1,0,9,
100627881000,217.000,2,220.000,13,218.000,21,215.000,49,214.000,10,208.000,2,228.000,30,229.000,9,230.000,49,231.000,10,320.000,1,0,9,
100627881000,217.000,2,220.000,13,218.000,21,215.000,49,214.000,10,208.000,2,228.000,21,229.000,9,230.000,49,231.000,10,320.000,1,0,9,
100627881000,217.000,2,220.000,13,218.000,21,215.000,49,214.000,10,208.000,2,228.000,30,229.000,9,230.000,49,231.000,10,320.000,1,0,9,
100628004000,217.000,2,220.000,13,218.000,21,215.000,49,214.000,10,208.000,2,228.000,30,229.000,9,230.000,40,231.000,10,320.000,1,0,9,
100640471000,217.000,2,220.000,13,215.000,49,214.000,10,208.000,2,84.000,3,228.000,9,229.000,9,230.000,40,231.000,10,320.000,1,0,9,
100640471000,217.000,2,220.000,13,217.000,21,215.000,49,214.000,10,208.000,2,228.000,30,229.000,9,230.000,40,231.000,10,320.000,1,0,9,
100640822000,217.000,2,220.000,13,215.000,49,214.000,10,208.000,2,84.000,3,228.000,9,229.000,9,230.000,40,231.000,10,320.000,1,0,9,
100640822000,217.000,2,220.000,13,218.000,21,215.000,49,214.000,10,208.000,2,228.000,30,229.000,9,230.000,40,231.000,10,320.000,1,0,9,
100640822000,217.000,2,220.000,13,218.000,21,215.000,49,214.000,10,208.000,2,228.000,21,229.000,9,230.000,40,231.000,10,320.000,1,0,9,
100640822000,217.000,2,220.000,13,218.000,21,215.000,49,214.000,10,208.000,2,228.000,21,229.000,9,230.000,49,231.000,10,320.000,1,0,9,
100640823000,217.000,2,220.000,13,218.000,21,215.000,49,214.000,10,208.000,2,228.000,30,229.000,9,230.000,49,231.000,10,320.000,1,0,9,
100641004000,217.000,2,220.000,13,218.000,21,215.000,49,214.000,10,208.000,2,228.000,30,229.000,9,230.000,40,231.000,10,320.000,1,0,9,
100641283000,217.000,2,220.000,13,215.000,49,214.000,10,208.000,2,84.000,3,228.000,9,229.000,9,230.000,40,231.000,10,320.000,1,0,9,
100641283000,217.000,2,220.000,13,217.000,21,215.000,49,214.000,10,208.000,2,228.000,30,229.000,9,230.000,40,231.000,10,320.000,1,0,9,
100641882000,217.000,2,220.000,13,215.000,49,214.000,10,208.000,2,84.000,3,228.000,9,229.000,9,230.000,40,231.000,10,320.000,1,0,9,
100641882000,217.000,2,220.000,13,218.000,21,215.000,49,214.000,10,208.000,2,228.000,30,229.000,9,230.000,40,231.000,10,320.000,1,0,9,
100641883000,217.000,2,220.000,13,218.000,21,215.000,49,214.000,10,208.000,2,228.000,21,229.000,9,230.000,40,231.000,10,320.000,1,0,9,
100641883000,217.000,2,220.000,13,218.000,21,215.000,49,214.000,10,208.000,2,228.000,21,229.000,9,230.000,49,231.000,10,320.000,1,0,9,
100641883000,217.000,2,220.000,13,218.000,21,215.000,49,214.000,10,208.000,2,228.000,30,229.000,9,230.000,49,231.000,10,320.000,1,0,9,
100642004000,217.000,2,220.000,13,218.000,21,215.000,49,214.000,10,208.000,2,228.000,30,229.000,9,230.000,40,231.000,10,320.000,1,0,9,
100644100000,217.000,2,220.000,13,218.000,21,215.000,29,214.000,10,208.000,2,228.000,30,229.000,9,230.000,20,231.000,10,320.000,1,0,9,
100644180000,217.000,2,220.000,13,218.000,21,216.000,20,215.000,29,214.000,10,228.000,30,229.000,9,230.000,20,231.000,30,320.000,1,0,9,
100644184000,217.000,2,220.000,9,218.000,21,216.000,20,215.000,29,214.000,10,228.000,30,229.000,9,230.000,20,231.000,30,320.000,1,0,9,
100644184000,217.000,2,218.000,21,216.000,20,215.000,29,214.000,10,208.000,2,228.000,30,229.000,9,230.000,20,231.000,30,320.000,1,0,9,
100644184000,217.000,2,218.000,30,216.000,20,215.000,29,214.000,10,208.000,2,228.000,30,229.000,9,230.000,20,231.000,30,320.000,1,0,9,
100650081000,217.000,2,218.000,30,216.000,20,215.000,29,214.000,10,208.000,2,228.000,31,229.000,9,230.000,20,231.000,30,320.000,1,0,9,
100651874000,217.000,2,218.000,9,216.000,20,215.000,29,214.000,10,208.000,2,228.000,10,229.000,9,230.000,20,231.000,30,320.000,1,0,9,
100651874000,217.000,2,218.000,30,216.000,20,215.000,29,214.000,10,208.000,2,228.000,10,229.000,30,230.000,20,231.000,30,320.000,1,0,9,
100651876000,217.000,2,218.000,30,216.000,20,215.000,29,208.000,2,84.000,3,228.000,10,229.000,30,230.000,20,231.000,30,320.000,1,0,9,
100651879000,217.000,2,218.000,30,216.000,20,215.000,9,208.000,2,84.000,3,228.000,10,229.000,30,231.000,30,320.000,1,364.000,1,0,9,
100651883000,217.000,2,218.000,21,216.000,20,215.000,9,208.000,2,84.000,3,228.000,10,229.000,30,231.000,30,320.000,1,364.000,1,0,9,
100651883000,217.000,2,218.000,21,216.000,29,215.000,9,208.000,2,84.000,3,228.000,10,229.000,30,231.000,30,320.000,1,364.000,1,0,9,
100651883000,217.000,2,218.000,21,216.000,29,215.000,9,208.000,2,84.000,3,228.000,10,229.000,30,231.000,20,320.000,1,364.000,1,0,9,
100651883000,217.000,2,216.000,29,215.000,9,208.000,2,84.000,3,39.000,20,228.000,10,229.000,9,231.000,20,320.000,1,364.000,1,0,9,
100651883000,217.000,2,218.000,21,216.000,29,215.000,9,208.000,2,84.000,3,228.000,10,229.000,9,230.000,21,231.000,20,320.000,1,0,9,
100651886000,217.000,2,218.000,30,216.000,29,215.000,9,208.000,2,84.000,3,228.000,10,229.000,9,230.000,21,231.000,20,320.000,1,0,9,
100651887000,217.000,2,218.000,21,216.000,29,215.000,9,208.000,2,84.000,3,228.000,10,229.000,9,230.000,21,231.000,20,320.000,1,0,9,
100651889000,217.000,2,218.000,30,216.000,29,215.000,9,208.000,2,84.000,3,228.000,10,229.000,9,230.000,21,231.000,20,320.000,1,0,9,
100652005000,217.000,2,218.000,30,217.000,20,216.000,29,215.000,9,208.000,2,228.000,10,229.000,9,230.000,21,231.000,20,232.000,20,0,9,
100652005000,217.000,2,218.000,30,217.000,20,216.000,29,208.000,2,84.000,3,228.000,10,229.000,9,230.000,21,231.000,20,232.000,20,0,9,
100652672000,217.000,2,218.000,30,217.000,20,216.000,9,208.000,2,84.000,3,228.000,10,229.000,9,230.000,21,232.000,20,320.000,1,0,9,
100652973000,217.000,2,218.000,30,217.000,30,216.000,9,208.000,2,84.000,3,228.000,10,229.000,9,230.000,21,232.000,20,320.000,1,0,9,
100652976000,217.000,2,218.000,30,217.000,30,216.000,9,208.000,2,84.000,3,228.000,10,229.000,9,230.000,21,232.000,20,233.000,10,0,9,
100654068000,217.000,2,218.000,9,217.000,30,216.000,9,208.000,2,84.000,3,228.000,10,229.000,9,232.000,20,233.000,10,320.000,1,0,9,
100654068000,217.000,2,218.000,30,217.000,30,216.000,9,208.000,2,84.000,3,228.000,10,229.000,30,232.000,20,233.000,10,320.000,1,0,9,
100657393000,217.000,2,218.000,30,217.000,30,216.000,9,208.000,2,84.000,3,227.000,1,228.000,10,229.000,30,232.000,20,233.000,10,0,9,
100657393000,217.000,2,218.000,30,217.000,30,216.000,9,208.000,2,84.000,3,227.000,10,228.000,10,229.000,30,232.000,20,233.000,10,0,9,
100657504000,217.000,2,218.000,30,217.000,30,216.000,9,208.000,2,84.000,3,227.000,10,228.000,10,229.000,21,232.000,20,233.000,10,0,9,
100657895000,217.000,2,218.000,9,217.000,30,216.000,9,208.000,2,84.000,3,227.000,10,228.000,10,232.000,20,233.000,10,320.000,1,0,9,
100657895000,217.000,2,218.000,30,217.000,30,216.000,9,208.000,2,84.000,3,227.000,10,228.000,31,232.000,20,233.000,10,320.000,1,0,9,
100657895000,217.000,2,218.000,30,217.000,39,216.000,9,208.000,2,84.000,3,227.000,10,228.000,31,232.000,20,233.000,10,320.000,1,0,9,
100657895000,217.000,2,218.000,21,217.000,39,216.000,9,208.000,2,84.000,3,227.000,10,228.000,31,232.000,20,233.000,10,320.000,1,0,9,
100657896000,217.000,2,218.000,30,217.000,39,216.000,9,208.000,2,84.000,3,227.000,10,228.000,31,232.000,20,233.000,10,320.000,1,0,9,
100658004000,217.000,2,218.000,30,217.000,39,208.000,2,84.000,3,39.000,20,227.000,10,228.000,31,232.000,20,233.000,10,320.000,1,0,9,
100659280000,217.000,2,218.000,30,217.000,59,208.000,2,84.000,3,39.000,20,227.000,10,228.000,31,232.000,40,233.000,10,320.000,1,0,9,
100659291000,217.000,2,218.000,9,217.000,59,208.000,2,84.000,3,39.000,20,227.000,10,228.000,10,232.000,40,233.000,10,320.000,1,0,9,
100659291000,217.000,2,218.000,30,217.000,59,208.000,2,84.000,3,39.000,20,227.000,10,228.000,10,229.000,21,232.000,40,233.000,10,0,9,
100659291000,217.000,2,218.000,21,217.000,59,208.000,2,84.000,3,39.000,20,227.000,10,228.000,10,229.000,21,232.000,40,233.000,10,0,9,
100659966000,217.000,2,218.000,30,217.000,59,208.000,2,84.000,3,39.000,20,227.000,10,228.000,10,229.000,21,232.000,40,233.000,10,0,9,
100703675000,217.000,2,218.000,30,217.000,39,208.000,2,84.000,3,39.000,20,227.000,10,228.000,10,229.000,21,232.000,20,233.000,10,0,9,
100703907000,217.000,2,218.000,9,217.000,39,208.000,2,84.000,3,39.000,20,227.000,10,228.000,10,232.000,20,233.000,10,320.000,1,0,9,
100703907000,217.000,2,218.000,30,217.000,39,208.000,2,84.000,3,39.000,20,227.000,10,228.000,10,230.000,21,232.000,20,233.000,10,0,9,
100703907000,217.000,2,218.000,21,217.000,39,208.000,2,84.000,3,39.000,20,227.000,10,228.000,10,230.000,21,232.000,20,233.000,10,0,9,
100703907000,217.000,2,218.000,30,217.000,39,208.000,2,84.000,3,39.000,20,227.000,10,228.000,10,230.000,21,232.000,20,233.000,10,0,9,
100704337000,217.000,2,218.000,30,217.000,59,208.000,2,84.000,3,39.000,20,227.000,10,228.000,10,230.000,21,232.000,40,233.000,10,0,9,
100704483000,217.000,2,218.000,30,217.000,39,208.000,2,84.000,3,39.000,20,227.000,10,228.000,10,230.000,21,232.000,20,233.000,10,0,9,
100705347000,217.000,2,218.000,30,217.000,59,208.000,2,84.000,3,39.000,20,227.000,10,228.000,10,230.000,21,232.000,40,233.000,10,0,9,
100707570000,217.000,2,226.000,4,218.000,30,217.000,59,208.000,2,84.000,3,227.000,10,228.000,10,230.000,21,232.000,40,233.000,10,0,9,
100707570000,217.000,2,226.000,4,224.000,9,218.000,30,217.000,59,208.000,2,227.000,10,228.000,10,230.000,21,232.000,40,233.000,10,0,9,
100707871000,217.000,2,226.000,4,224.000,9,218.000,30,217.000,39,208.000,2,227.000,10,228.000,10,230.000,21,232.000,20,233.000,10,0,9,
100707871000,226.000,4,226.000,4,224.000,9,218.000,30,217.000,39,208.000,2,227.000,10,228.000,10,230.000,21,232.000,20,233.000,10,1,13,100707871000
100707871000,226.000,4,224.000,9,218.000,30,217.000,39,211.000,20,208.000,2,226.000,16,227.000,10,228.000,10,230.000,21,232.000,20,0,13,
100707873000,226.000,4,224.000,9,218.000,30,217.000,39,211.000,20,208.000,2,226.000,24,227.000,10,228.000,10,230.000,21,232.000,20,0,13,
100707873000,226.000,4,218.000,30,217.000,39,211.000,20,208.000,2,84.000,3,226.000,24,227.000,10,228.000,10,230.000,21,232.000,20,0,13,
100707873000,226.000,4,218.000,30,217.000,39,208.000,2,84.000,3,39.000,20,226.000,8,227.000,10,228.000,10,230.000,21,232.000,20,0,13,
100707874000,226.000,4,224.000,9,218.000,30,217.000,39,208.000,2,84.000,3,226.000,8,227.000,10,228.000,10,230.000,21,232.000,20,0,13,
100707874000,226.000,4,224.000,9,218.000,30,217.000,39,208.000,2,84.000,3,227.000,10,228.000,10,230.000,21,232.000,20,233.000,10,0,13,
100707874000,226.000,4,218.000,30,217.000,39,208.000,2,84.000,3,39.000,20,227.000,10,228.000,10,230.000,21,232.000,20,233.000,10,0,13,
100707906000,226.000,4,218.000,9,217.000,39,208.000,2,84.000,3,39.000,20,227.000,10,228.000,10,232.000,20,233.000,10,320.000,1,0,13,
100707906000,226.000,4,218.000,30,217.000,39,208.000,2,84.000,3,39.000,20,227.000,10,228.000,10,229.000,21,232.000,20,233.000,10,0,13,
100707906000,226.000,4,218.000,21,217.000,39,208.000,2,84.000,3,39.000,20,227.000,10,228.000,10,229.000,21,232.000,20,233.000,10,0,13,
100707906000,226.000,4,218.000,30,217.000,39,208.000,2,84.000,3,39.000,20,227.000,10,228.000,10,229.000,21,232.000,20,233.000,10,0,13,
100708004000,226.000,4,218.000,30,217.000,59,208.000,2,84.000,3,39.000,20,227.000,10,228.000,10,229.000,21,232.000,40,233.000,10,0,13,
100708968000,226.000,4,218.000,9,217.000,59,208.000,2,84.000,3,39.000,20,227.000,10,228.000,10,232.000,40,233.000,10,320.000,1,0,13,
100708968000,226.000,4,218.000,30,217.000,59,208.000,2,84.000,3,39.000,20,227.000,10,228.000,10,230.000,21,232.000,40,233.000,10,0,13,
100708968000,226.000,4,218.000,21,217.000,59,208.000,2,84.000,3,39.000,20,227.000,10,228.000,10,230.000,21,232.000,40,233.000,10,0,13,
100708969000,226.000,4,218.000,30,217.000,59,208.000,2,84.000,3,39.000,20,227.000,10,228.000,10,230.000,21,232.000,40,233.000,10,0,13,
100712902000,226.000,4,218.000,9,217.000,59,208.000,2,84.000,3,39.000,20,227.000,10,228.000,10,232.000,40,233.000,10,320.000,1,0,13,
100712902000,226.000,4,218.000,30,217.000,59,208.000,2,84.000,3,39.000,20,227.000,10,228.000,10,229.000,21,232.000,40,233.000,10,0,13,
100712902000,226.000,4,218.000,21,217.000,59,208.000,2,84.000,3,39.000,20,227.000,10,228.000,10,229.000,21,232.000,40,233.000,10,0,13,
100712903000,226.000,4,218.000,30,217.000,59,208.000,2,84.000,3,39.000,20,227.000,10,228.000,10,229.000,21,232.000,40,233.000,10,0,13,
100713618000,226.000,4,218.000,30,217.000,39,208.000,2,84.000,3,39.000,20,227.000,10,228.000,10,229.000,21,232.000,20,233.000,10,0,13,
100713650000,226.000,4,218.000,30,217.000,39,216.000,20,208.000,2,84.000,3,227.000,10,228.000,10,229.000,21,231.000,20,232.000,20,0,13,
100714620000,226.000,4,218.000,30,217.000,39,208.000,2,84.000,3,39.000,20,227.000,10,228.000,10,229.000,21,232.000,20,233.000,10,0,13,
100714668000,226.000,4,218.000,30,217.000,39,215.000,20,208.000,2,84.000,3,227.000,10,228.000,10,229.000,21,230.000,20,232.000,20,0,13,
100715369000,226.000,4,218.000,9,217.000,39,215.000,20,208.000,2,84.000,3,227.000,10,228.000,10,230.000,20,232.000,20,233.000,10,0,13,
100715369000,226.000,4,218.000,30,217.000,39,215.000,20,208.000,2,84.000,3,227.000,10,228.000,31,230.000,20,232.000,20,233.000,10,0,13,
100715674000,226.000,4,218.000,30,217.000,39,215.000,20,208.000,2,84.000,3,227.000,10,228.000,31,230.000,20,232.000,20,320.000,1,0,13,
100715675000,226.000,4,218.000,30,217.000,39,215.000,20,208.000,2,84.000,3,227.000,10,228.000,31,230.000,20,231.000,10,232.000,20,0,13,
100717291000,226.000,4,218.000,9,217.000,39,215.000,20,208.000,2,84.000,3,227.000,10,228.000,10,230.000,20,231.000,10,232.000,20,0,13,
100717291000,226.000,4,218.000,30,217.000,39,215.000,20,208.000,2,84.000,3,227.000,10,228.000,10,229.000,21,230.000,20,231.000,10,0,13,
100717292000,226.000,4,218.000,21,217.000,39,215.000,20,208.000,2,84.000,3,227.000,10,228.000,10,229.000,21,230.000,20,231.000,10,0,13,
100717292000,226.000,4,218.000,30,217.000,39,215.000,20,208.000,2,84.000,3,227.000,10,228.000,10,229.000,21,230.000,20,231.000,10,0,13,
100717989000,226.000,4,218.000,9,217.000,39,215.000,20,208.000,2,84.000,3,227.000,10,228.000,10,230.000,20,231.000,10,232.000,20,0,13,
100717989000,226.000,4,218.000,30,217.000,39,215.000,20,208.000,2,84.000,3,227.000,10,228.000,31,230.000,20,231.000,10,232.000,20,0,13,
100717989000,226.000,4,218.000,21,217.000,39,215.000,20,208.000,2,84.000,3,227.000,10,228.000,31,230.000,20,231.000,10,232.000,20,0,13,
100717989000,226.000,4,218.000,30,217.000,39,215.000,20,208.000,2,84.000,3,227.000,10,228.000,31,230.000,20,231.000,10,232.000,20,0,13,
100720908000,226.000,4,218.000,9,217.000,39,215.000,20,208.000,2,84.000,3,227.000,10,228.000,10,230.000,20,231.000,10,232.000,20,0,13,
100720908000,226.000,4,218.000,30,217.000,39,215.000,20,208.000,2,84.000,3,227.000,10,228.000,10,229.000,21,230.000,20,231.000,10,0,13,
100726051000,226.000,4,218.000,9,217.000,39,215.000,20,208.000,2,84.000,3,227.000,10,228.000,10,230.000,20,231.000,10,232.000,20,0,13,
100726051000,226.000,4,218.000,30,217.000,39,215.000,20,208.000,2,84.000,3,227.000,10,228.000,31,230.000,20,231.000,10,232.000,20,0,13,
100726051000,226.000,4,218.000,21,217.000,39,215.000,20,208.000,2,84.000,3,227.000,10,228.000,31,230.000,20,231.000,10,232.000,20,0,13,
100726051000,226.000,4,218.000,30,217.000,39,215.000,20,208.000,2,84.000,3,227.000,10,228.000,31,230.000,20,231.000,10,232.000,20,0,13,
100727317000,226.000,4,218.000,9,217.000,39,215.000,20,208.000,2,84.000,3,227.000,10,228.000,10,230.000,20,231.000,10,232.000,20,0,13,
100727317000,226.000,4,218.000,30,217.000,39,215.000,20,208.000,2,84.000,3,227.000,10,228.000,10,229.000,21,230.000,20,231.000,10,0,13,
100727317000,226.000,4,218.000,21,217.000,39,215.000,20,208.000,2,84.000,3,227.000,10,228.000,10,229.000,21,230.000,20,231.000,10,0,13,
100727909000,226.000,4,217.000,39,215.000,20,208.000,2,84.000,3,39.000,20,227.000,10,228.000,10,230.000,20,231.000,10,232.000,20,0,13,
100727909000,226.000,4,218.000,21,217.000,39,215.000,20,208.000,2,84.000,3,227.000,10,228.000,31,230.000,20,231.000,10,232.000,20,0,13,
100727909000,226.000,4,218.000,30,217.000,39,215.000,20,208.000,2,84.000,3,227.000,10,228.000,31,230.000,20,231.000,10,232.000,20,0,13,
100730612000,226.000,4,218.000,30,217.000,39,208.000,2,84.000,3,39.000,20,227.000,10,228.000,31,231.000,10,232.000,20,320.000,1,0,13,
100730850000,226.000,4,218.000,30,217.000,39,216.000,20,208.000,2,84.000,3,227.000,10,228.000,31,231.000,30,232.000,20,320.000,1,0,13,
100730913000,226.000,4,218.000,9,217.000,39,216.000,20,208.000,2,84.000,3,227.000,10,228.000,10,231.000,30,232.000,20,320.000,1,0,13,
100730913000,226.000,4,218.000,30,217.000,39,216.000,20,208.000,2,84.000,3,227.000,10,228.000,10,229.000,21,231.000,30,232.000,20,0,13,
100730914000,226.000,4,218.000,21,217.000,39,216.000,20,208.000,2,84.000,3,227.000,10,228.000,10,229.000,21,231.000,30,232.000,20,0,13,
100730914000,226.000,4,218.000,30,217.000,39,216.000,20,208.000,2,84.000,3,227.000,10,228.000,10,229.000,21,231.000,30,232.000,20,0,13,
100732929000,226.000,4,218.000,9,217.000,39,216.000,20,208.000,2,84.000,3,227.000,10,228.000,10,231.000,30,232.000,20,320.000,1,0,13,
100732929000,226.000,4,218.000,30,217.000,39,216.000,20,208.000,2,84.000,3,227.000,10,228.000,31,231.000,30,232.000,20,320.000,1,0,13,
100732930000,226.000,4,218.000,21,217.000,39,216.000,20,208.000,2,84.000,3,227.000,10,228.000,31,231.000,30,232.000,20,320.000,1,0,13,
100732930000,226.000,4,218.000,30,217.000,39,216.000,20,208.000,2,84.000,3,227.000,10,228.000,31,231.000,30,232.000,20,320.000,1,0,13,
100733306000,226.000,4,218.000,9,217.000,39,216.000,20,208.000,2,84.000,3,227.000,10,228.000,10,231.000,30,232.000,20,320.000,1,0,13,
100733306000,226.000,4,218.000,30,217.000,39,216.000,20,208.000,2,84.000,3,227.000,10,228.000,10,229.000,21,231.000,30,232.000,20,0,13,
100733306000,226.000,4,218.000,21,217.000,39,216.000,20,208.000,2,84.000,3,227.000,10,228.000,10,229.000,21,231.000,30,232.000,20,0,13,
100733306000,226.000,4,218.000,30,217.000,39,216.000,20,208.000,2,84.000,3,227.000,10,228.000,10,229.000,21,231.000,30,232.000,20,0,13,
100738551000,226.000,4,218.000,9,217.000,39,216.000,20,208.000,2,84.000,3,227.000,10,228.000,10,231.000,30,232.000,20,320.000,1,0,13,
100738551000,226.000,4,218.000,30,217.000,39,216.000,20,208.000,2,84.000,3,227.000,10,228.000,31,231.000,30,232.000,20,320.000,1,0,13,
100738552000,226.000,4,218.000,21,217.000,39,216.000,20,208.000,2,84.000,3,227.000,10,228.000,31,231.000,30,232.000,20,320.000,1,0,13,
100738552000,226.000,4,218.000,30,217.000,39,216.000,20,208.000,2,84.000,3,227.000,10,228.000,31,231.000,30,232.000,20,320.000,1,0,13,
100740500000,226.000,4,218.000,30,217.000,39,208.000,2,84.000,3,39.000,20,227.000,10,228.000,31,231.000,10,232.000,20,320.000,1,0,13,
100741937000,226.000,4,218.000,30,217.000,39,216.000,20,208.000,2,84.000,3,227.000,10,228.000,31,231.000,30,232.000,20,320.000,1,0,13,
100747409000,226.000,4,218.000,30,217.000,29,216.000,20,208.000,2,84.000,3,227.000,10,228.000,31,231.000,30,232.000,20,320.000,1,0,13,
100747409000,226.000,4,218.000,30,217.000,9,216.000,20,208.000,2,84.000,3,227.000,10,228.000,31,231.000,30,320.000,1,364.000,1,0,13,
100747493000,226.000,4,218.000,9,217.000,9,216.000,20,208.000,2,84.000,3,227.000,10,228.000,10,231.000,30,320.000,1,364.000,1,0,13,
100747493000,226.000,4,218.000,30,217.000,9,216.000,20,208.000,2,84.000,3,227.000,31,228.000,10,231.000,30,320.000,1,364.000,1,0,13,
100747498000,226.000,4,218.000,30,217.000,9,216.000,29,208.000,2,84.000,3,227.000,31,228.000,10,231.000,30,320.000,1,364.000,1,0,13,
100747498000,226.000,4,218.000,21,217.000,9,216.000,29,208.000,2,84.000,3,227.000,31,228.000,10,231.000,30,320.000,1,364.000,1,0,13,
100747500000,226.000,4,218.000,30,217.000,9,216.000,29,208.000,2,84.000,3,227.000,31,228.000,10,231.000,30,320.000,1,364.000,1,0,13,
100747504000,226.000,4,218.000,30,217.000,9,216.000,29,215.000,20,208.000,2,227.000,31,228.000,10,230.000,20,231.000,30,320.000,1,0,13,
100747504000,226.000,4,218.000,30,217.000,9,216.000,20,215.000,20,208.000,2,227.000,31,228.000,10,230.000,20,231.000,30,320.000,1,0,13,
100747534000,226.000,4,218.000,30,217.000,9,216.000,20,215.000,20,214.000,10,227.000,31,228.000,10,230.000,20,231.000,30,320.000,1,0,13,
100755858000,226.000,4,218.000,9,217.000,9,216.000,20,215.000,20,214.000,10,227.000,10,228.000,10,230.000,20,231.000,30,320.000,1,0,13,
100755858000,226.000,4,218.000,30,217.000,9,216.000,20,215.000,20,214.000,10,227.000,10,228.000,31,230.000,20,231.000,30,320.000,1,0,13,
100755859000,226.000,4,218.000,30,217.000,9,216.000,20,215.000,20,208.000,2,227.000,10,228.000,31,230.000,20,231.000,30,320.000,1,0,13,
100755859000,226.000,4,218.000,30,217.000,9,216.000,29,215.000,20,208.000,2,227.000,10,228.000,31,230.000,20,231.000,30,320.000,1,0,13,
100755859000,226.000,4,218.000,21,217.000,9,216.000,29,215.000,20,208.000,2,227.000,10,228.000,31,230.000,20,231.000,30,320.000,1,0,13,
100755859000,226.000,4,218.000,21,217.000,9,216.000,39,215.000,20,208.000,2,227.000,10,228.000,31,230.000,20,231.000,30,320.000,1,0,13,
100755860000,226.000,4,218.000,30,217.000,9,216.000,39,215.000,20,208.000,2,227.000,10,228.000,31,230.000,20,231.000,30,320.000,1,0,13,
100755874000,226.000,4,218.000,30,217.000,9,216.000,19,215.000,20,208.000,2,227.000,10,228.000,31,230.000,20,231.000,10,320.000,1,0,13,
100755915000,226.000,4,218.000,30,217.000,29,216.000,19,215.000,20,208.000,2,227.000,10,228.000,31,230.000,20,231.000,10,232.000,20,0,13,
100755917000,226.000,4,218.000,9,217.000,29,216.000,19,215.000,20,208.000,2,227.000,10,228.000,10,230.000,20,231.000,10,232.000,20,0,13,
100755918000,226.000,4,218.000,30,217.000,29,216.000,19,215.000,20,208.000,2,227.000,10,228.000,10,229.000,21,230.000,20,231.000,10,0,13,
100755918000,226.000,4,218.000,21,217.000,29,216.000,19,215.000,20,208.000,2,227.000,10,228.000,10,229.000,21,230.000,20,231.000,10,0,13,
100755918000,226.000,4,218.000,30,217.000,29,216.000,19,215.000,20,208.000,2,227.000,10,228.000,10,229.000,21,230.000,20,231.000,10,0,13,
100756004000,226.000,4,218.000,30,217.000,29,216.000,10,215.000,20,208.000,2,227.000,10,228.000,10,229.000,21,230.000,20,231.000,10,0,13,
100756315000,226.000,4,218.000,9,217.000,29,216.000,10,215.000,20,208.000,2,227.000,10,228.000,10,230.000,20,231.000,10,232.000,20,0,13,
100756315000,226.000,4,218.000,30,217.000,29,216.000,10,215.000,20,208.000,2,227.000,10,228.000,31,230.000,20,231.000,10,232.000,20,0,13,
100756806000,226.000,4,218.000,30,217.000,29,216.000,10,208.000,2,84.000,3,227.000,10,228.000,31,231.000,10,232.000,20,320.000,1,0,13,
100756955000,226.000,4,218.000,9,217.000,29,216.000,10,208.000,2,84.000,3,227.000,10,228.000,10,231.000,10,232.000,20,320.000,1,0,13,
100756955000,226.000,4,218.000,30,217.000,29,216.000,10,208.000,2,84.000,3,227.000,10,228.000,10,229.000,21,231.000,10,232.000,20,0,13,
100756955000,226.000,4,218.000,21,217.000,29,216.000,10,208.000,2,84.000,3,227.000,10,228.000,10,229.000,21,231.000,10,232.000,20,0,13,
100756955000,226.000,4,218.000,30,217.000,29,216.000,10,208.000,2,84.000,3,227.000,10,228.000,10,229.000,21,231.000,10,232.000,20,0,13,
100757004000,226.000,4,218.000,30,217.000,49,216.000,10,208.000,2,84.000,3,227.000,10,228.000,10,229.000,21,231.000,10,232.000,40,0,13,
100759695000,226.000,4,218.000,30,217.000,49,216.000,10,208.000,2,84.000,3,227.000,10,228.000,10,229.000,21,232.000,40,320.000,1,0,13,
100759819000,226.000,4,218.000,30,217.000,49,216.000,10,208.000,2,84.000,3,227.000,10,228.000,10,229.000,21,232.000,40,233.000,10,0,13,
100800031000,226.000,4,218.000,9,217.000,49,216.000,10,208.000,2,84.000,3,227.000,10,228.000,10,232.000,40,233.000,10,320.000,1,0,13,
100800031000,226.000,4,218.000,30,217.000,49,216.000,10,208.000,2,84.000,3,227.000,10,228.000,10,230.000,21,232.000,40,233.000,10,0,13,
100800032000,226.000,4,218.000,21,217.000,49,216.000,10,208.000,2,84.000,3,227.000,10,228.000,10,230.000,21,232.000,40,233.000,10,0,13,
100800032000,226.000,4,218.000,30,217.000,49,216.000,10,208.000,2,84.000,3,227.000,10,228.000,10,230.000,21,232.000,40,233.000,10,0,13,
100800471000,226.000,4,218.000,9,217.000,49,216.000,10,208.000,2,84.000,3,227.000,10,228.000,10,232.000,40,233.000,10,320.000,1,0,13,
100800471000,226.000,4,218.000,30,217.000,49,216.000,10,208.000,2,84.000,3,227.000,10,228.000,10,229.000,21,232.000,40,233.000,10,0,13,
100800472000,226.000,4,218.000,21,217.000,49,216.000,10,208.000,2,84.000,3,227.000,10,228.000,10,229.000,21,232.000,40,233.000,10,0,13,
100800472000,226.000,4,218.000,30,217.000,49,216.000,10,208.000,2,84.000,3,227.000,10,228.000,10,229.000,21,232.000,40,233.000,10,0,13,
100805293000,226.000,4,218.000,30,217.000,29,216.000,10,208.000,2,84.000,3,227.000,10,228.000,10,229.000,21,232.000,20,233.000,10,0,13,
100805319000,226.000,4,218.000,9,217.000,29,216.000,10,208.000,2,84.000,3,227.000,10,228.000,10,232.000,20,233.000,10,320.000,1,0,13,
100805319000,226.000,4,218.000,30,217.000,29,216.000,10,208.000,2,84.000,3,227.000,10,228.000,31,232.000,20,233.000,10,320.000,1,0,13,
100805319000,226.000,4,218.000,21,217.000,29,216.000,10,208.000,2,84.000,3,227.000,10,228.000,31,232.000,20,233.000,10,320.000,1,0,13,
100805320000,226.000,4,218.000,30,217.000,29,216.000,10,208.000,2,84.000,3,227.000,10,228.000,31,232.000,20,233.000,10,320.000,1,0,13,
100806212000,226.000,4,218.000,30,217.000,29,216.000,10,215.000,20,208.000,2,227.000,10,228.000,31,230.000,20,232.000,20,233.000,10,0,13,
100806836000,226.000,4,218.000,30,217.000,29,216.000,10,208.000,2,84.000,3,227.000,10,228.000,31,232.000,20,233.000,10,320.000,1,0,13,
100806920000,226.000,4,218.000,9,217.000,29,216.000,10,208.000,2,84.000,3,227.000,10,228.000,10,232.000,20,233.000,10,320.000,1,0,13,
100806920000,226.000,4,218.000,30,217.000,29,216.000,10,208.000,2,84.000,3,227.000,10,228.000,10,229.000,21,232.000,20,233.000,10,0,13,
100806920000,226.000,4,218.000,21,217.000,29,216.000,10,208.000,2,84.000,3,227.000,10,228.000,10,229.000,21,232.000,20,233.000,10,0,13,
100807220000,226.000,4,218.000,21,217.000,29,216.000,30,208.000,2,84.000,3,227.000,10,228.000,10,229.000,21,231.000,20,232.000,20,0,13,
100807504000,226.000,4,218.000,30,217.000,29,216.000,30,208.000,2,84.000,3,227.000,10,228.000,10,229.000,21,231.000,20,232.000,20,0,13,
100808948000,226.000,4,218.000,9,217.000,29,216.000,30,208.000,2,84.000,3,227.000,10,228.000,10,231.000,20,232.000,20,233.000,10,0,13,
100808948000,226.000,4,218.000,30,217.000,29,216.000,30,208.000,2,84.000,3,227.000,10,228.000,31,231.000,20,232.000,20,233.000,10,0,13,
100808948000,226.000,4,218.000,21,217.000,29,216.000,30,208.000,2,84.000,3,227.000,10,228.000,31,231.000,20,232.000,20,233.000,10,0,13,
100808949000,226.000,4,218.000,30,217.000,29,216.000,30,208.000,2,84.000,3,227.000,10,228.000,31,231.000,20,232.000,20,233.000,10,0,13,
100811936000,226.000,4,218.000,9,217.000,29,216.000,30,208.000,2,84.000,3,227.000,10,228.000,10,231.000,20,232.000,20,233.000,10,0,13,
100811937000,226.000,4,218.000,30,217.000,29,216.000,30,208.000,2,84.000,3,227.000,10,228.000,10,229.000,21,231.000,20,232.000,20,0,13,
100811937000,226.000,4,218.000,21,217.000,29,216.000,30,208.000,2,84.000,3,227.000,10,228.000,10,229.000,21,231.000,20,232.000,20,0,13,
100811937000,226.000,4,218.000,30,217.000,29,216.000,30,208.000,2,84.000,3,227.000,10,228.000,10,229.000,21,231.000,20,232.000,20,0,13,
100820275000,226.000,4,218.000,30,217.000,29,216.000,10,208.000,2,84.000,3,227.000,10,228.000,10,229.000,21,232.000,20,233.000,10,0,13,
100820326000,226.000,4,218.000,9,217.000,29,216.000,10,208.000,2,84.000,3,227.000,10,228.000,10,232.000,20,233.000,10,320.000,1,0,13,
100820326000,226.000,4,218.000,30,217.000,29,216.000,10,208.000,2,84.000,3,227.000,10,228.000,10,230.000,21,232.000,20,233.000,10,0,13,
100820326000,226.000,4,218.000,21,217.000,29,216.000,10,208.000,2,84.000,3,227.000,10,228.000,10,230.000,21,232.000,20,233.000,10,0,13,
100820326000,226.000,4,218.000,30,217.000,29,216.000,10,208.000,2,84.000,3,227.000,10,228.000,10,230.000,21,232.000,20,233.000,10,0,13,
100820377000,226.000,4,218.000,30,217.000,49,216.000,10,208.000,2,84.000,3,227.000,10,228.000,10,230.000,21,232.000,40,233.000,10,0,13,
100821943000,226.000,4,218.000,9,217.000,49,216.000,10,208.000,2,84.000,3,227.000,10,228.000,10,232.000,40,233.000,10,320.000,1,0,13,
100821943000,226.000,4,218.000,30,217.000,49,216.000,10,208.000,2,84.000,3,227.000,10,228.000,10,229.000,21,232.000,40,233.000,10,0,13,
100821943000,226.000,4,218.000,21,217.000,49,216.000,10,208.000,2,84.000,3,227.000,10,228.000,10,229.000,21,232.000,40,233.000,10,0,13,
100821944000,226.000,4,218.000,30,217.000,49,216.000,10,208.000,2,84.000,3,227.000,10,228.000,10,229.000,21,232.000,40,233.000,10,0,13,
100822948000,226.000,4,218.000,9,217.000,49,216.000,10,208.000,2,84.000,3,227.000,10,228.000,10,232.000,40,233.000,10,320.000,1,0,13,
100822948000,226.000,4,218.000,30,217.000,49,216.000,10,208.000,2,84.000,3,227.000,10,228.000,31,232.000,40,233.000,10,320.000,1,0,13,
100822949000,226.000,4,218.000,21,217.000,49,216.000,10,208.000,2,84.000,3,227.000,10,228.000,31,232.000,40,233.000,10,320.000,1,0,13,
100822949000,226.000,4,218.000,30,217.000,49,216.000,10,208.000,2,84.000,3,227.000,10,228.000,31,232.000,40,233.000,10,320.000,1,0,13,
100823327000,226.000,4,218.000,9,217.000,49,216.000,10,208.000,2,84.000,3,227.000,10,228.000,10,232.000,40,233.000,10,320.000,1,0,13,
100823327000,226.000,4,218.000,30,217.000,49,216.000,10,208.000,2,84.000,3,227.000,10,228.000,10,229.000,21,232.000,40,233.000,10,0,13,
100823670000,226.000,4,218.000,30,217.000,29,216.000,10,208.000,2,84.000,3,227.000,10,228.000,10,229.000,21,232.000,20,233.000,10,0,13,
100824312000,226.000,4,218.000,30,217.000,29,216.000,30,208.000,2,84.000,3,227.000,10,228.000,10,229.000,21,231.000,20,232.000,20,0,13,
100824327000,226.000,4,218.000,9,217.000,29,216.000,30,208.000,2,84.000,3,227.000,10,228.000,10,231.000,20,232.000,20,233.000,10,0,13,
100824327000,226.000,4,218.000,30,217.000,29,216.000,30,208.000,2,84.000,3,227.000,10,228.000,31,231.000,20,232.000,20,233.000,10,0,13,
100824328000,226.000,4,218.000,21,217.000,29,216.000,30,208.000,2,84.000,3,227.000,10,228.000,31,231.000,20,232.000,20,233.000,10,0,13,
100824328000,226.000,4,218.000,30,217.000,29,216.000,30,208.000,2,84.000,3,227.000,10,228.000,31,231.000,20,232.000,20,233.000,10,0,13,
100825328000,226.000,4,218.000,9,217.000,29,216.000,30,208.000,2,84.000,3,227.000,10,228.000,10,231.000,20,232.000,20,233.000,10,0,13,
100825328000,226.000,4,218.000,30,217.000,29,216.000,30,208.000,2,84.000,3,227.000,10,228.000,10,229.000,21,231.000,20,232.000,20,0,13,
100827952000,226.000,4,218.000,9,217.000,29,216.000,30,208.000,2,84.000,3,227.000,10,228.000,10,231.000,20,232.000,20,233.000,10,0,13,
100827952000,226.000,4,218.000,30,217.000,29,216.000,30,208.000,2,84.000,3,227.000,10,228.000,31,231.000,20,232.000,20,233.000,10,0,13,
100827952000,226.000,4,218.000,21,217.000,29,216.000,30,208.000,2,84.000,3,227.000,10,228.000,31,231.000,20,232.000,20,233.000,10,0,13,
100827953000,226.000,4,218.000,30,217.000,29,216.000,30,208.000,2,84.000,3,227.000,10,228.000,31,231.000,20,232.000,20,233.000,10,0,13,
100828329000,226.000,4,218.000,9,217.000,29,216.000,30,208.000,2,84.000,3,227.000,10,228.000,10,231.000,20,232.000,20,233.000,10,0,13,
100828329000,226.000,4,218.000,30,217.000,29,216.000,30,208.000,2,84.000,3,227.000,10,228.000,10,229.000,21,231.000,20,232.000,20,0,13,
100828961000,226.000,4,218.000,9,217.000,29,216.000,30,208.000,2,84.000,3,227.000,10,228.000,10,231.000,20,232.000,20,233.000,10,0,13,
100828961000,226.000,4,218.000,30,217.000,29,216.000,30,208.000,2,84.000,3,227.000,10,228.000,31,231.000,20,232.000,20,233.000,10,0,13,
100828961000,226.000,4,218.000,21,217.000,29,216.000,30,208.000,2,84.000,3,227.000,10,228.000,31,231.000,20,232.000,20,233.000,10,0,13,
100829414000,226.000,4,218.000,30,217.000,29,216.000,30,208.000,2,84.000,3,227.000,10,228.000,31,231.000,20,232.000,20,233.000,10,0,13,
100830598000,226.000,4,218.000,30,217.000,29,216.000,30,208.000,2,84.000,3,227.000,10,228.000,31,231.000,20,232.000,20,320.000,1,0,13,
100830598000,226.000,4,218.000,30,217.000,29,216.000,30,208.000,2,84.000,3,227.000,10,228.000,31,231.000,30,232.000,20,320.000,1,0,13,
100830876000,226.000,4,218.000,30,217.000,29,216.000,10,208.000,2,84.000,3,227.000,10,228.000,31,231.000,10,232.000,20,320.000,1,0,13,
100831350000,226.000,4,218.000,30,217.000,29,216.000,30,208.000,2,84.000,3,227.000,10,228.000,31,231.000,30,232.000,20,320.000,1,0,13,
100831696000,226.000,4,218.000,9,217.000,29,216.000,30,208.000,2,84.000,3,227.000,10,228.000,10,231.000,30,232.000,20,320.000,1,0,13,
100831696000,226.000,4,218.000,30,217.000,29,216.000,30,208.000,2,84.000,3,227.000,31,228.000,10,231.000,30,232.000,20,320.000,1,0,13,
100831697000,226.000,4,218.000,21,217.000,29,216.000,30,208.000,2,84.000,3,227.000,31,228.000,10,231.000,30,232.000,20,320.000,1,0,13,
100831697000,226.000,4,218.000,30,217.000,29,216.000,30,208.000,2,84.000,3,227.000,31,228.000,10,231.000,30,232.000,20,320.000,1,0,13,
100836811000,226.000,4,218.000,30,217.000,29,216.000,10,208.000,2,84.000,3,227.000,31,228.000,10,231.000,10,232.000,20,320.000,1,0,13,
100837423000,226.000,4,218.000,30,217.000,29,216.000,10,215.000,20,208.000,2,227.000,31,228.000,10,230.000,20,231.000,10,232.000,20,0,13,
100842720000,226.000,4,218.000,30,217.000,29,216.000,10,215.000,20,208.000,2,226.000,1,227.000,31,228.000,10,230.000,20,231.000,10,0,13,
100842720000,226.000,4,218.000,30,217.000,29,216.000,10,215.000,20,208.000,2,226.000,10,227.000,31,228.000,10,230.000,20,231.000,10,0,13,
100843004000,226.000,4,218.000,30,217.000,29,216.000,10,215.000,20,208.000,2,226.000,10,227.000,31,228.000,1,230.000,20,231.000,10,0,13,
100845244000,226.000,4,218.000,30,217.000,9,216.000,10,215.000,20,208.000,2,226.000,10,227.000,31,228.000,1,230.000,20,231.000,10,0,13,
100845504000,226.000,4,218.000,30,217.000,9,216.000,10,215.000,40,208.000,2,226.000,10,227.000,31,228.000,1,230.000,40,231.000,10,0,13,
100847916000,226.000,4,218.000,30,217.000,9,215.000,40,208.000,2,84.000,3,226.000,10,227.000,31,228.000,1,230.000,40,231.000,10,0,13,
100847916000,226.000,4,218.000,9,217.000,9,215.000,40,208.000,2,84.000,3,226.000,10,227.000,10,228.000,1,230.000,40,231.000,10,0,13,
100847916000,226.000,4,218.000,9,217.000,30,215.000,40,208.000,2,84.000,3,226.000,31,227.000,10,228.000,1,230.000,40,231.000,10,0,13,
100847920000,226.000,4,218.000,9,217.000,30,215.000,40,208.000,2,84.000,3,226.000,31,227.000,10,228.000,1,230.000,40,320.000,1,0,13,
100847921000,226.000,4,217.000,30,215.000,40,208.000,2,84.000,3,39.000,20,226.000,31,227.000,10,228.000,1,230.000,40,320.000,1,0,13,
100847924000,226.000,4,217.000,30,215.000,40,208.000,2,84.000,3,39.000,20,226.000,31,227.000,10,228.000,11,230.000,40,320.000,1,0,13,
100848850000,226.000,4,217.000,30,215.000,40,212.000,10,208.000,2,84.000,3,226.000,31,227.000,10,228.000,11,230.000,40,320.000,1,0,13,
100848851000,226.000,4,217.000,9,215.000,40,212.000,10,208.000,2,84.000,3,226.000,10,227.000,10,228.000,11,230.000,40,320.000,1,0,13,
100848851000,226.000,4,217.000,9,216.000,21,215.000,40,212.000,10,208.000,2,226.000,31,227.000,10,228.000,11,230.000,40,320.000,1,0,13,
100848851000,226.000,4,217.000,9,216.000,21,215.000,49,212.000,10,208.000,2,226.000,31,227.000,10,228.000,11,230.000,40,320.000,1,0,13,
100848851000,226.000,4,217.000,9,216.000,30,215.000,49,212.000,10,208.000,2,226.000,31,227.000,10,228.000,11,230.000,40,320.000,1,0,13,
100848851000,226.000,4,216.000,30,215.000,49,212.000,10,208.000,2,84.000,3,226.000,31,227.000,10,228.000,11,230.000,40,320.000,1,0,13,
100849943000,226.000,4,216.000,9,215.000,49,212.000,10,208.000,2,84.000,3,226.000,10,227.000,10,228.000,11,230.000,40,320.000,1,0,13,
100849943000,226.000,4,216.000,30,215.000,49,212.000,10,208.000,2,84.000,3,225.000,21,226.000,10,227.000,10,228.000,11,230.000,40,0,13,
100849943000,226.000,4,216.000,21,215.000,49,212.000,10,208.000,2,84.000,3,225.000,21,226.000,10,227.000,10,228.000,11,230.000,40,0,13,
100849943000,226.000,4,216.000,21,215.000,49,212.000,10,208.000,2,84.000,3,225.000,30,226.000,10,227.000,10,228.000,11,230.000,40,0,13,
100849944000,226.000,4,216.000,30,215.000,49,212.000,10,208.000,2,84.000,3,225.000,30,226.000,10,227.000,10,228.000,11,230.000,40,0,13,
100850004000,226.000,4,216.000,30,215.000,49,212.000,10,208.000,2,84.000,3,225.000,30,226.000,10,227.000,1,228.000,11,230.000,40,0,13,
100850247000,226.000,4,216.000,30,215.000,29,212.000,10,208.000,2,84.000,3,225.000,30,226.000,10,227.000,1,228.000,11,230.000,20,0,13,
100850986000,226.000,4,216.000,30,215.000,29,212.000,10,84.000,3,39.000,20,225.000,30,226.000,10,227.000,1,228.000,11,230.000,20,0,13,
100852502000,226.000,4,216.000,30,215.000,49,212.000,10,84.000,3,39.000,20,225.000,30,226.000,10,227.000,1,228.000,11,230.000,40,0,13,
100854630000,226.000,4,216.000,30,215.000,49,212.000,10,84.000,3,39.000,20,224.000,1,225.000,30,226.000,10,227.000,1,228.000,11,0,13,
100854630000,226.000,4,216.000,30,215.000,49,212.000,10,84.000,3,39.000,20,224.000,11,225.000,30,226.000,10,227.000,1,228.000,11,0,13,
100855004000,226.000,4,216.000,30,215.000,49,212.000,10,84.000,3,39.000,20,224.000,11,225.000,30,226.000,1,227.000,1,228.000,11,0,13,
100900110000,226.000,4,216.000,30,215.000,29,212.000,10,84.000,3,39.000,20,224.000,11,225.000,30,226.000,1,227.000,1,228.000,11,0,13,
100900591000,226.000,4,216.000,30,215.000,29,213.000,20,212.000,10,84.000,3,224.000,11,225.000,30,226.000,1,227.000,1,228.000,31,0,13,
100900995000,226.000,4,216.000,30,215.000,29,212.000,10,84.000,3,39.000,20,224.000,11,225.000,30,226.000,1,227.000,1,228.000,11,0,13,
100901603000,226.000,4,216.000,30,215.000,29,214.000,20,212.000,10,84.000,3,224.000,11,225.000,30,226.000,1,227.000,1,228.000,11,0,13,
100904998000,226.000,4,216.000,30,215.000,9,214.000,20,212.000,10,84.000,3,224.000,11,225.000,30,226.000,1,227.000,1,228.000,11,0,13,
100904999000,226.000,4,216.000,30,215.000,9,212.000,10,84.000,3,39.000,20,224.000,11,225.000,30,226.000,1,227.000,1,228.000,11,0,13,
100905004000,226.000,4,216.000,30,215.000,9,213.000,20,212.000,10,84.000,3,224.000,11,225.000,30,226.000,1,227.000,1,228.000,31,0,13,
100906094000,226.000,4,216.000,9,215.000,9,213.000,20,212.000,10,84.000,3,224.000,11,225.000,9,226.000,1,227.000,1,228.000,31,0,13,
100906094000,226.000,4,216.000,9,215.000,30,213.000,20,212.000,10,84.000,3,223.000,21,224.000,11,225.000,9,226.000,1,227.000,1,0,13,
100906094000,226.000,4,216.000,9,215.000,30,213.000,30,212.000,10,84.000,3,223.000,21,224.000,11,225.000,9,226.000,1,227.000,1,0,13,
100906094000,226.000,4,216.000,9,215.000,30,213.000,30,212.000,10,84.000,3,223.000,31,224.000,11,225.000,9,226.000,1,227.000,1,0,13,
100906094000,226.000,4,215.000,30,213.000,30,212.000,10,84.000,3,39.000,20,223.000,31,224.000,11,225.000,9,226.000,1,227.000,1,0,13,
100906504000,226.000,4,215.000,30,213.000,30,212.000,10,84.000,3,39.000,20,223.000,31,224.000,11,226.000,1,227.000,1,228.000,31,0,13,
100908907000,226.000,4,215.000,30,214.000,20,213.000,30,212.000,10,84.000,3,223.000,31,224.000,11,226.000,1,227.000,1,228.000,31,0,13,
100908969000,226.000,4,215.000,9,214.000,20,213.000,30,212.000,10,84.000,3,223.000,10,224.000,11,226.000,1,227.000,1,228.000,31,0,13,
100908969000,226.000,4,215.000,30,214.000,20,213.000,30,212.000,10,84.000,3,223.000,10,224.000,32,226.000,1,227.000,1,228.000,31,0,13,
100908969000,226.000,4,215.000,21,214.000,20,213.000,30,212.000,10,84.000,3,223.000,10,224.000,32,226.000,1,227.000,1,228.000,31,0,13,
100908969000,226.000,4,215.000,21,214.000,30,213.000,30,212.000,10,84.000,3,223.000,10,224.000,32,226.000,1,227.000,1,228.000,31,0,13,
100908969000,226.000,4,215.000,21,214.000,30,213.000,30,212.000,10,84.000,3,224.000,32,226.000,1,227.000,1,228.000,31,229.000,20,0,13,
100908969000,226.000,4,215.000,31,214.000,30,213.000,30,212.000,10,84.000,3,224.000,32,226.000,1,227.000,1,228.000,31,229.000,20,0,13,
100909004000,226.000,4,215.000,31,214.000,30,213.000,20,212.000,10,84.000,3,224.000,32,226.000,1,227.000,1,228.000,31,229.000,20,0,13,
100910273000,226.000,4,215.000,31,214.000,10,213.000,20,212.000,10,84.000,3,224.000,32,226.000,1,227.000,1,228.000,31,320.000,1,0,13,
100910941000,226.000,4,215.000,31,214.000,30,213.000,20,212.000,10,84.000,3,224.000,32,226.000,1,227.000,1,228.000,31,229.000,20,0,13,
100911347000,226.000,4,215.000,10,214.000,30,213.000,20,212.000,10,84.000,3,224.000,11,226.000,1,227.000,1,228.000,31,229.000,20,0,13,
100911347000,226.000,4,216.000,21,215.000,10,214.000,30,213.000,20,212.000,10,224.000,32,226.000,1,227.000,1,228.000,31,229.000,20,0,13,
100911348000,226.000,4,216.000,21,214.000,30,213.000,20,212.000,10,84.000,3,224.000,32,226.000,1,227.000,1,228.000,31,229.000,20,0,13,
100911348000,226.000,4,216.000,31,214.000,30,213.000,20,212.000,10,84.000,3,224.000,32,226.000,1,227.000,1,228.000,31,229.000,20,0,13,
100912348000,226.000,4,216.000,10,214.000,30,213.000,20,212.000,10,84.000,3,224.000,11,226.000,1,227.000,1,228.000,31,229.000,20,0,13,
100912348000,226.000,4,216.000,10,215.000,21,214.000,30,213.000,20,212.000,10,224.000,32,226.000,1,227.000,1,228.000,31,229.000,20,0,13,
100912348000,226.000,4,215.000,21,214.000,30,213.000,20,212.000,10,84.000,3,224.000,32,226.000,1,227.000,1,228.000,31,229.000,20,0,13,
100912348000,226.000,4,215.000,31,214.000,30,213.000,20,212.000,10,84.000,3,224.000,32,226.000,1,227.000,1,228.000,31,229.000,20,0,13,
100916030000,226.000,4,215.000,31,214.000,10,213.000,20,212.000,10,84.000,3,224.000,32,226.000,1,227.000,1,228.000,31,320.000,1,0,13,
100916350000,226.000,4,215.000,10,214.000,10,213.000,20,212.000,10,84.000,3,224.000,11,226.000,1,227.000,1,228.000,31,320.000,1,0,13,
100916350000,226.000,4,215.000,31,214.000,10,213.000,20,212.000,10,84.000,3,224.000,11,225.000,21,226.000,1,227.000,1,228.000,31,0,13,
100916350000,226.000,4,215.000,31,214.000,10,213.000,30,212.000,10,84.000,3,224.000,11,225.000,21,226.000,1,227.000,1,228.000,31,0,13,
100916350000,226.000,4,215.000,21,214.000,10,213.000,30,212.000,10,84.000,3,224.000,11,225.000,21,226.000,1,227.000,1,228.000,31,0,13,
100916350000,226.000,4,215.000,31,214.000,10,213.000,30,212.000,10,84.000,3,224.000,11,225.000,21,226.000,1,227.000,1,228.000,31,0,13,
100916380000,226.000,4,215.000,31,214.000,30,213.000,30,212.000,10,84.000,3,224.000,11,225.000,21,226.000,1,227.000,1,228.000,31,0,13,
100916504000,226.000,4,215.000,31,214.000,30,213.000,20,212.000,10,84.000,3,224.000,11,225.000,21,226.000,1,227.000,1,228.000,31,0,13,
100918140000,226.000,4,215.000,10,214.000,30,213.000,20,212.000,10,84.000,3,224.000,11,226.000,1,227.000,1,228.000,31,229.000,20,0,13,
100918140000,226.000,4,215.000,31,214.000,30,213.000,20,212.000,10,84.000,3,224.000,32,226.000,1,227.000,1,228.000,31,229.000,20,0,13,
100919912000,226.000,4,215.000,31,214.000,10,213.000,20,212.000,10,84.000,3,224.000,32,226.000,1,227.000,1,228.000,31,320.000,1,0,13,
100922017000,226.000,4,215.000,31,214.000,10,213.000,40,212.000,10,84.000,3,224.000,32,226.000,1,227.000,1,228.000,51,320.000,1,0,13,
100926680000,226.000,4,215.000,10,214.000,10,213.000,40,212.000,10,84.000,3,224.000,11,226.000,1,227.000,1,228.000,51,320.000,1,0,13,
100926680000,226.000,4,215.000,10,214.000,31,213.000,40,212.000,10,84.000,3,223.000,21,224.000,11,226.000,1,227.000,1,228.000,51,0,13,
100926680000,226.000,4,214.000,31,213.000,40,212.000,10,84.000,3,39.000,20,223.000,21,224.000,11,226.000,1,227.000,1,228.000,51,0,13,
100926681000,226.000,4,214.000,31,213.000,50,212.000,10,84.000,3,39.000,20,223.000,21,224.000,11,226.000,1,227.000,1,228.000,51,0,13,
100926681000,226.000,4,214.000,31,213.000,50,212.000,10,84.000,3,39.000,20,223.000,31,224.000,11,226.000,1,227.000,1,228.000,51,0,13,
100927004000,226.000,4,214.000,31,213.000,30,212.000,10,84.000,3,39.000,20,223.000,31,224.000,11,226.000,1,227.000,1,228.000,31,0,13,
100927004000,226.000,4,214.000,31,213.000,30,212.000,10,211.000,20,84.000,3,223.000,31,224.000,11,226.000,21,227.000,1,228.000,31,0,13,
100927370000,226.000,4,214.000,31,213.000,30,212.000,10,211.000,20,84.000,3,223.000,31,224.000,11,226.000,21,227.000,1,228.000,21,0,13,
100927372000,226.000,4,214.000,31,213.000,30,212.000,10,211.000,20,84.000,3,223.000,31,224.000,11,226.000,31,227.000,1,228.000,21,0,13,
100927669000,226.000,4,214.000,31,213.000,30,211.000,20,84.000,3,39.000,20,223.000,31,224.000,11,226.000,31,227.000,1,228.000,21,0,13,
100928418000,226.000,4,214.000,31,213.000,30,211.000,20,210.000,10,84.000,3,223.000,31,224.000,11,226.000,31,227.000,1,228.000,21,0,13,
100928455000,226.000,4,214.000,10,213.000,30,211.000,20,210.000,10,84.000,3,223.000,10,224.000,11,226.000,31,227.000,1,228.000,21,0,13,
100928455000,226.000,4,214.000,10,213.000,51,211.000,20,210.000,10,84.000,3,223.000,31,224.000,11,226.000,31,227.000,1,228.000,21,0,13,
100928455000,226.000,4,213.000,51,211.000,20,210.000,10,84.000,3,39.000,20,223.000,31,224.000,11,226.000,31,227.000,1,228.000,21,0,13,
100928455000,226.000,4,213.000,51,211.000,20,210.000,10,84.000,3,39.000,20,223.000,21,224.000,11,226.000,31,227.000,1,228.000,21,0,13,
100928455000,226.000,4,213.000,51,211.000,20,210.000,10,84.000,3,39.000,20,223.000,31,224.000,11,226.000,31,227.000,1,228.000,21,0,13,
100929630000,226.000,4,213.000,31,211.000,20,210.000,10,84.000,3,39.000,20,223.000,31,224.000,11,226.000,31,227.000,1,228.000,1,0,13,
100931097000,226.000,4,213.000,31,212.000,20,211.000,20,210.000,10,84.000,3,223.000,31,224.000,11,226.000,31,227.000,21,228.000,1,0,13,
100932805000,226.000,4,213.000,31,211.000,20,210.000,10,84.000,3,39.000,20,223.000,31,224.000,11,226.000,31,227.000,1,228.000,1,0,13,
100933071000,226.000,4,213.000,10,211.000,20,210.000,10,84.000,3,39.000,20,223.000,10,224.000,11,226.000,31,227.000,1,228.000,1,0,13,
100933071000,226.000,4,213.000,10,212.000,21,211.000,20,210.000,10,84.000,3,223.000,31,224.000,11,226.000,31,227.000,1,228.000,1,0,13,
100933072000,226.000,4,213.000,10,212.000,21,211.000,30,210.000,10,84.000,3,223.000,31,224.000,11,226.000,31,227.000,1,228.000,1,0,13,
100933072000,226.000,4,213.000,10,212.000,31,211.000,30,210.000,10,84.000,3,223.000,31,224.000,11,226.000,31,227.000,1,228.000,1,0,13,
100933072000,226.000,4,212.000,31,211.000,30,210.000,10,84.000,3,39.000,20,223.000,31,224.000,11,226.000,31,227.000,1,228.000,1,0,13,
100933072000,226.000,4,212.000,31,211.000,30,210.000,10,84.000,3,39.000,20,223.000,21,224.000,11,226.000,31,227.000,1,228.000,1,0,13,
100933124000,226.000,4,212.000,31,211.000,50,210.000,10,84.000,3,39.000,20,223.000,21,224.000,11,226.000,51,227.000,1,228.000,1,0,13,
100933155000,226.000,4,212.000,31,211.000,50,210.000,10,84.000,3,39.000,20,223.000,31,224.000,11,226.000,51,227.000,1,228.000,1,0,13,
100933156000,226.000,4,212.000,31,211.000,50,210.000,10,84.000,3,39.000,20,223.000,31,224.000,11,226.000,41,227.000,1,228.000,1,0,13,
100933156000,226.000,4,212.000,31,211.000,50,210.000,10,84.000,3,39.000,20,223.000,31,224.000,21,226.000,41,227.000,1,228.000,1,0,13,
100934650000,226.000,4,212.000,31,211.000,30,210.000,10,84.000,3,39.000,20,223.000,31,224.000,21,226.000,21,227.000,1,228.000,1,0,13,
100935137000,226.000,4,212.000,31,211.000,50,210.000,10,84.000,3,39.000,20,223.000,31,224.000,21,226.000,41,227.000,1,228.000,1,0,13,
100938188000,226.000,4,212.000,31,211.000,30,210.000,10,84.000,3,39.000,20,223.000,31,224.000,21,226.000,21,227.000,1,228.000,1,0,13,
100939171000,226.000,4,212.000,31,211.000,50,210.000,10,84.000,3,39.000,20,223.000,31,224.000,21,226.000,41,227.000,1,228.000,1,0,13,
100939955000,226.000,4,212.000,31,211.000,30,210.000,10,84.000,3,39.000,20,223.000,31,224.000,21,226.000,21,227.000,1,228.000,1,0,13,
100940181000,226.000,4,212.000,31,211.000,50,210.000,10,84.000,3,39.000,20,223.000,31,224.000,21,226.000,41,227.000,1,228.000,1,0,13,
100940670000,226.000,4,212.000,31,211.000,30,210.000,10,84.000,3,39.000,20,223.000,31,224.000,21,226.000,21,227.000,1,228.000,1,0,13,
100941187000,226.000,4,212.000,31,211.000,50,210.000,10,84.000,3,39.000,20,223.000,31,224.000,21,226.000,41,227.000,1,228.000,1,0,13,
100941938000,226.000,4,212.000,31,211.000,30,210.000,10,84.000,3,39.000,20,223.000,31,224.000,21,226.000,21,227.000,1,228.000,1,0,13,
100942212000,226.000,4,212.000,31,211.000,50,210.000,10,84.000,3,39.000,20,223.000,31,224.000,21,226.000,41,227.000,1,228.000,1,0,13,
100945831000,226.000,4,212.000,31,211.000,50,210.000,10,84.000,3,39.000,20,223.000,31,224.000,11,226.000,41,227.000,1,228.000,1,0,13,
100945834000,226.000,4,212.000,31,211.000,30,210.000,10,84.000,3,39.000,20,223.000,31,224.000,11,226.000,21,227.000,1,228.000,1,0,13,
100945957000,226.000,4,212.000,31,211.000,30,210.000,10,84.000,3,39.000,20,223.000,31,224.000,11,226.000,31,227.000,1,228.000,1,0,13,
100946245000,226.000,4,212.000,31,211.000,50,210.000,10,84.000,3,39.000,20,223.000,31,224.000,11,226.000,51,227.000,1,228.000,1,0,13,
100946465000,226.000,4,212.000,31,211.000,30,210.000,10,84.000,3,39.000,20,223.000,31,224.000,11,226.000,31,227.000,1,228.000,1,0,13,
100947252000,226.000,4,212.000,31,211.000,50,210.000,10,84.000,3,39.000,20,223.000,31,224.000,11,226.000,51,227.000,1,228.000,1,0,13,
100947436000,226.000,4,212.000,31,211.000,30,210.000,10,84.000,3,39.000,20,223.000,31,224.000,11,226.000,31,227.000,1,228.000,1,0,13,
100948260000,226.000,4,212.000,31,211.000,50,210.000,10,84.000,3,39.000,20,223.000,31,224.000,11,226.000,51,227.000,1,228.000,1,0,13,
100952190000,226.000,4,212.000,31,211.000,30,210.000,10,84.000,3,39.000,20,223.000,31,224.000,11,226.000,31,227.000,1,228.000,1,0,13,
100952267000,226.000,4,212.000,31,211.000,50,210.000,10,84.000,3,39.000,20,223.000,31,224.000,11,226.000,51,227.000,1,228.000,1,0,13,
100954802000,226.000,4,212.000,31,211.000,50,210.000,10,84.000,3,39.000,20,223.000,31,224.000,11,226.000,41,227.000,1,228.000,1,0,13,
100954802000,226.000,4,212.000,10,211.000,50,210.000,10,84.000,3,39.000,20,223.000,10,224.000,11,226.000,41,227.000,1,228.000,1,0,13,
100954802000,226.000,4,212.000,10,211.000,71,210.000,10,84.000,3,39.000,20,223.000,31,224.000,11,226.000,41,227.000,1,228.000,1,0,13,
100954802000,226.000,4,212.000,10,211.000,71,210.000,10,84.000,3,39.000,20,223.000,31,224.000,21,226.000,41,227.000,1,228.000,1,0,13,
100954802000,226.000,4,211.000,71,210.000,10,84.000,3,39.000,20,38.500,1,223.000,31,224.000,21,226.000,41,227.000,1,228.000,1,0,13,
100954869000,226.000,4,211.000,51,210.000,10,84.000,3,39.000,20,38.500,1,223.000,31,224.000,21,226.000,21,227.000,1,228.000,1,0,13,
100954870000,226.000,4,211.000,51,84.000,3,39.000,20,38.500,1,22.500,20,223.000,31,224.000,21,226.000,21,227.000,1,228.000,1,0,13,
100954993000,226.000,4,211.000,51,208.000,10,84.000,3,39.000,20,38.500,1,223.000,31,224.000,21,226.000,21,227.000,1,228.000,1,0,13,
100955004000,226.000,4,211.000,51,209.000,20,208.000,10,84.000,3,39.000,20,223.000,31,224.000,41,226.000,21,227.000,1,228.000,1,0,13,
100955039000,226.000,4,211.000,31,209.000,20,208.000,10,84.000,3,39.000,20,223.000,31,224.000,41,226.000,1,227.000,1,228.000,1,0,13,
100955156000,226.000,4,211.000,31,210.000,20,209.000,20,208.000,10,84.000,3,223.000,31,224.000,41,225.000,20,226.000,1,227.000,1,0,13,
100955902000,226.000,4,211.000,10,210.000,20,209.000,20,208.000,10,84.000,3,223.000,10,224.000,41,225.000,20,226.000,1,227.000,1,0,13,
100955902000,226.000,4,211.000,10,210.000,41,209.000,20,208.000,10,84.000,3,223.000,31,224.000,41,225.000,20,226.000,1,227.000,1,0,13,
100955903000,226.000,4,211.000,10,210.000,51,209.000,20,208.000,10,84.000,3,223.000,31,224.000,41,225.000,20,226.000,1,227.000,1,0,13,
100955903000,226.000,4,210.000,51,209.000,20,208.000,10,84.000,3,39.000,20,223.000,31,224.000,41,225.000,20,226.000,1,227.000,1,0,13,
100956092000,226.000,4,210.000,31,209.000,20,208.000,10,84.000,3,39.000,20,223.000,31,224.000,41,226.000,1,227.000,1,228.000,1,0,13,
100956163000,226.000,4,210.000,31,209.000,40,208.000,10,84.000,3,39.000,20,223.000,31,224.000,61,226.000,1,227.000,1,228.000,1,0,13,
100956905000,226.000,4,210.000,31,209.000,20,208.000,10,84.000,3,39.000,20,223.000,31,224.000,41,226.000,1,227.000,1,228.000,1,0,13,
100957338000,226.000,4,210.000,31,209.000,40,208.000,10,84.000,3,39.000,20,223.000,31,224.000,61,226.000,1,227.000,1,228.000,1,0,13,
100957347000,226.000,4,210.000,31,209.000,40,84.000,3,39.000,20,38.500,1,223.000,31,224.000,61,226.000,1,227.000,1,228.000,1,0,13,
100957475000,226.000,4,210.000,31,209.000,40,205.000,10,84.000,3,39.000,20,223.000,31,224.000,61,226.000,1,227.000,1,228.000,1,0,13,
100957479000,226.000,4,210.000,31,209.000,40,205.000,10,84.000,3,39.000,20,223.000,31,224.000,67,226.000,1,227.000,1,228.000,1,0,13,
100957590000,226.000,4,210.000,31,209.000,20,205.000,10,84.000,3,39.000,20,223.000,31,224.000,47,226.000,1,227.000,1,228.000,1,0,13,
100957711000,226.000,4,210.000,31,209.000,20,205.000,10,84.000,3,39.000,20,223.000,31,224.000,41,226.000,1,227.000,1,228.000,1,0,13,
100957722000,226.000,4,210.000,31,209.000,20,205.000,10,84.000,3,39.000,20,223.000,37,224.000,41,226.000,1,227.000,1,228.000,1,0,13,
100958252000,226.000,4,210.000,10,209.000,20,205.000,10,84.000,3,39.000,20,223.000,16,224.000,41,226.000,1,227.000,1,228.000,1,0,13,
100958252000,226.000,4,210.000,10,209.000,20,208.000,21,205.000,10,84.000,3,223.000,37,224.000,41,226.000,1,227.000,1,228.000,1,0,13,
100958252000,226.000,4,209.000,20,208.000,21,205.000,10,84.000,3,39.000,20,223.000,37,224.000,41,226.000,1,227.000,1,228.000,1,0,13,
100958335000,226.000,4,208.000,21,205.000,10,84.000,3,39.000,20,38.500,1,223.000,37,224.000,21,226.000,1,227.000,1,228.000,1,0,13,
100958504000,226.000,4,208.000,41,205.000,10,84.000,3,39.000,20,38.500,1,223.000,57,224.000,21,226.000,1,227.000,1,228.000,1,0,13,
100958504000,226.000,4,208.000,51,205.000,10,84.000,3,39.000,20,38.500,1,223.000,57,224.000,21,226.000,1,227.000,1,228.000,1,0,13,
100959019000,226.000,4,208.000,51,84.000,3,39.000,20,38.500,1,22.500,20,223.000,57,224.000,21,226.000,1,227.000,1,228.000,1,0,13,
100959204000,226.000,4,208.000,30,84.000,3,39.000,20,38.500,1,22.500,20,223.000,36,224.000,21,226.000,1,227.000,1,228.000,1,0,13,
100959204000,226.000,4,208.000,30,206.000,21,84.000,3,39.000,20,38.500,1,221.000,21,223.000,36,224.000,21,226.000,1,227.000,1,0,13,
100959204000,226.000,4,208.000,30,206.000,21,84.000,3,39.000,20,38.500,1,221.000,31,223.000,36,224.000,21,226.000,1,227.000,1,0,13,
100959250000,226.000,4,208.000,10,206.000,21,84.000,3,39.000,20,38.500,1,221.000,31,223.000,16,224.000,21,226.000,1,227.000,1,0,13,
100959253000,226.000,4,208.000,10,206.000,31,84.000,3,39.000,20,38.500,1,221.000,31,223.000,16,224.000,21,226.000,1,227.000,1,0,13,
100959253000,226.000,4,206.000,31,84.000,3,39.000,20,38.500,1,22.500,20,221.000,31,223.000,16,224.000,21,226.000,1,227.000,1,0,13,
100959504000,226.000,4,206.000,51,84.000,3,39.000,20,38.500,1,22.500,20,221.000,51,223.000,16,224.000,21,226.000,1,227.000,1,0,13,
100959672000,226.000,4,206.000,51,203.000,10,84.000,3,39.000,20,38.500,1,221.000,51,223.000,16,224.000,21,226.000,1,227.000,1,0,13,
101000004000,226.000,4,206.000,51,203.000,10,84.000,3,39.000,20,38.500,1,221.000,51,223.000,16,224.000,11,226.000,1,227.000,1,0,13,
101003172000,226.000,4,206.000,51,203.000,10,84.000,3,39.000,20,38.500,1,221.000,51,223.000,10,224.000,11,226.000,1,227.000,1,0,13,
101004642000,226.000,4,206.000,51,203.000,10,84.000,3,39.000,20,38.500,1,221.000,51,222.000,6,223.000,10,224.000,11,226.000,1,0,13,
101005754000,226.000,4,206.000,51,203.000,10,84.000,3,39.000,20,38.500,1,221.000,51,223.000,10,224.000,11,226.000,1,227.000,1,0,13,
101005763000,226.000,4,206.000,51,203.000,10,84.000,3,39.000,20,38.500,1,221.000,57,223.000,10,224.000,11,226.000,1,227.000,1,0,13,
101007157000,226.000,4,206.000,51,203.000,10,84.000,3,39.000,20,38.500,1,221.000,51,223.000,10,224.000,11,226.000,1,227.000,1,0,13,
101007254000,226.000,4,206.000,51,203.000,10,84.000,3,39.000,20,38.500,1,221.000,51,222.000,6,223.000,10,224.000,11,226.000,1,0,13,
101007495000,226.000,4,206.000,51,203.000,10,84.000,3,39.000,20,38.500,1,221.000,51,223.000,10,224.000,11,226.000,1,227.000,1,0,13,
101008604000,226.000,4,206.000,51,203.000,10,84.000,3,39.000,20,38.500,1,221.000,51,222.000,6,223.000,10,224.000,11,226.000,1,0,13,
101013129000,226.000,4,206.000,51,203.000,10,84.000,3,39.000,20,38.500,1,221.000,51,223.000,10,224.000,11,226.000,1,227.000,1,0,13,
101015316000,226.000,4,206.000,71,203.000,10,84.000,3,39.000,20,38.500,1,221.000,71,223.000,10,224.000,11,226.000,1,227.000,1,0,13,
101015506000,226.000,4,206.000,71,203.000,10,84.000,3,39.000,20,38.500,1,221.000,71,222.000,6,223.000,10,224.000,11,226.000,1,0,13,
101016041000,226.000,4,206.000,71,203.000,10,84.000,3,39.000,20,38.500,1,221.000,71,223.000,10,224.000,11,226.000,1,227.000,1,0,13,
101016369000,226.000,4,206.000,51,203.000,10,84.000,3,39.000,20,38.500,1,221.000,51,223.000,10,224.000,11,226.000,1,227.000,1,0,13,
101016369000,226.000,4,207.000,20,206.000,51,203.000,10,84.000,3,39.000,20,221.000,51,222.000,20,223.000,10,224.000,11,226.000,1,0,13,
101016375000,226.000,4,207.000,20,206.000,30,203.000,10,84.000,3,39.000,20,221.000,30,222.000,20,223.000,10,224.000,11,226.000,1,0,13,
101016375000,226.000,4,208.000,21,207.000,20,206.000,30,203.000,10,84.000,3,221.000,51,222.000,20,223.000,10,224.000,11,226.000,1,0,13,
101016694000,226.000,4,208.000,31,207.000,20,206.000,30,203.000,10,84.000,3,221.000,51,222.000,20,223.000,10,224.000,11,226.000,1,0,13,
101018602000,226.000,4,208.000,31,207.000,40,206.000,30,203.000,10,84.000,3,221.000,51,222.000,40,223.000,10,224.000,11,226.000,1,0,13,
101023755000,226.000,4,208.000,31,207.000,40,206.000,30,203.000,10,84.000,3,221.000,51,222.000,46,223.000,10,224.000,11,226.000,1,0,13,
101024617000,226.000,4,208.000,31,207.000,40,206.000,30,203.000,10,84.000,3,221.000,51,222.000,40,223.000,10,224.000,11,226.000,1,0,13,
101026855000,226.000,4,208.000,31,207.000,40,206.000,30,203.000,10,84.000,3,221.000,51,222.000,46,223.000,10,224.000,11,226.000,1,0,13,
101029029000,226.000,4,208.000,31,207.000,40,206.000,30,203.000,10,84.000,3,221.000,51,222.000,46,223.000,10,224.000,1,226.000,1,0,13,
101029030000,226.000,4,208.000,31,207.000,40,206.000,30,203.000,10,84.000,3,220.000,10,221.000,51,222.000,46,223.000,10,224.000,1,0,13,
101029030000,226.000,4,208.000,31,207.000,40,206.000,30,203.000,10,84.000,3,220.000,20,221.000,51,222.000,46,223.000,10,224.000,1,0,13,
101029032000,226.000,4,208.000,10,207.000,40,206.000,30,203.000,10,84.000,3,220.000,20,221.000,30,222.000,46,223.000,10,224.000,1,0,13,
101029032000,226.000,4,208.000,31,207.000,40,206.000,30,203.000,10,84.000,3,219.000,21,220.000,20,221.000,30,222.000,46,223.000,10,0,13,
101029032000,226.000,4,208.000,21,207.000,40,206.000,30,203.000,10,84.000,3,219.000,21,220.000,20,221.000,30,222.000,46,223.000,10,0,13,
101029032000,226.000,4,208.000,21,207.000,50,206.000,30,203.000,10,84.000,3,219.000,21,220.000,20,221.000,30,222.000,46,223.000,10,0,13,
101029032000,226.000,4,208.000,21,207.000,50,206.000,30,203.000,10,84.000,3,219.000,31,220.000,20,221.000,30,222.000,46,223.000,10,0,13,
101029032000,226.000,4,208.000,31,207.000,50,206.000,30,203.000,10,84.000,3,219.000,31,220.000,20,221.000,30,222.000,46,223.000,10,0,13,
101029504000,226.000,4,208.000,31,207.000,50,206.000,20,203.000,10,84.000,3,219.000,31,220.000,20,221.000,30,222.000,46,223.000,10,0,13,
101029504000,226.000,4,208.000,31,207.000,50,206.000,20,203.000,10,84.000,3,219.000,31,220.000,20,221.000,20,222.000,46,223.000,10,0,13,
101029890000,226.000,4,208.000,31,207.000,50,206.000,20,203.000,10,84.000,3,219.000,31,220.000,20,221.000,20,222.000,40,223.000,10,0,13,
101030004000,226.000,4,208.000,31,207.000,50,206.000,20,203.000,10,84.000,3,219.000,31,220.000,20,221.000,20,222.000,40,224.000,1,0,13,
101031811000,226.000,4,208.000,31,207.000,50,206.000,20,84.000,3,39.000,20,219.000,31,220.000,20,221.000,20,222.000,40,224.000,1,0,13,
101031812000,226.000,4,208.000,31,207.000,50,206.000,20,205.000,10,84.000,3,219.000,31,220.000,20,221.000,20,222.000,40,224.000,1,0,13,
101031857000,226.000,4,208.000,31,207.000,30,206.000,20,205.000,10,84.000,3,219.000,31,220.000,20,221.000,20,222.000,20,224.000,1,0,13,
101031857000,226.000,4,208.000,51,207.000,30,206.000,20,205.000,10,84.000,3,219.000,31,220.000,20,221.000,20,222.000,20,223.000,20,0,13,
101035993000,226.000,4,208.000,31,207.000,30,206.000,20,205.000,10,84.000,3,219.000,31,220.000,20,221.000,20,222.000,20,224.000,1,0,13,
101035993000,226.000,4,208.000,31,207.000,50,206.000,20,205.000,10,84.000,3,219.000,31,220.000,20,221.000,20,222.000,40,224.000,1,0,13,
101036868000,226.000,4,208.000,31,207.000,30,206.000,20,205.000,10,84.000,3,219.000,31,220.000,20,221.000,20,222.000,20,224.000,1,0,13,
101036868000,226.000,4,208.000,51,207.000,30,206.000,20,205.000,10,84.000,3,219.000,31,220.000,20,221.000,20,222.000,20,223.000,20,0,13,
101038243000,226.000,4,208.000,31,207.000,30,206.000,20,205.000,10,84.000,3,219.000,31,220.000,20,221.000,20,222.000,20,224.000,1,0,13,
101038243000,226.000,4,208.000,31,207.000,50,206.000,20,205.000,10,84.000,3,219.000,31,220.000,20,221.000,20,222.000,40,224.000,1,0,13,
101038700000,226.000,4,208.000,31,207.000,30,206.000,20,205.000,10,84.000,3,219.000,31,220.000,20,221.000,20,222.000,20,224.000,1,0,13,
101039720000,226.000,4,208.000,31,207.000,50,206.000,20,205.000,10,84.000,3,219.000,31,220.000,20,221.000,20,222.000,40,224.000,1,0,13,
101040184000,226.000,4,208.000,31,207.000,30,206.000,20,205.000,10,84.000,3,219.000,31,220.000,20,221.000,20,222.000,20,224.000,1,0,13,
101040184000,226.000,4,208.000,31,207.000,30,206.000,40,205.000,10,84.000,3,219.000,31,220.000,20,221.000,40,222.000,20,224.000,1,0,13,
101043246000,226.000,4,208.000,31,207.000,30,206.000,20,205.000,10,84.000,3,219.000,31,220.000,20,221.000,20,222.000,20,224.000,1,0,13,
101043246000,226.000,4,208.000,31,207.000,50,206.000,20,205.000,10,84.000,3,219.000,31,220.000,20,221.000,20,222.000,40,224.000,1,0,13,
101051368000,226.000,4,208.000,31,207.000,30,206.000,20,205.000,10,84.000,3,219.000,31,220.000,20,221.000,20,222.000,20,224.000,1,0,13,
101051368000,226.000,4,208.000,51,207.000,30,206.000,20,205.000,10,84.000,3,219.000,31,220.000,20,221.000,20,222.000,20,223.000,20,0,13,
101052948000,226.000,4,208.000,51,207.000,10,206.000,20,205.000,10,84.000,3,219.000,31,220.000,20,221.000,20,223.000,20,224.000,1,0,13,
101053796000,226.000,4,208.000,51,207.000,10,206.000,40,205.000,10,84.000,3,219.000,31,220.000,20,221.000,40,223.000,20,224.000,1,0,13,
101055368000,226.000,4,208.000,31,207.000,10,206.000,40,205.000,10,84.000,3,219.000,31,220.000,20,221.000,40,224.000,1,226.000,1,0,13,
101055368000,226.000,4,208.000,31,207.000,30,206.000,40,205.000,10,84.000,3,219.000,31,220.000,20,221.000,40,222.000,20,224.000,1,0,13,
101059243000,226.000,4,208.000,31,207.000,10,206.000,40,205.000,10,84.000,3,219.000,31,220.000,20,221.000,40,224.000,1,226.000,1,0,13,
101059243000,226.000,4,208.000,51,207.000,10,206.000,40,205.000,10,84.000,3,219.000,31,220.000,20,221.000,40,223.000,20,224.000,1,0,13,
101100112000,226.000,4,208.000,51,207.000,10,206.000,40,205.000,10,84.000,3,219.000,31,220.000,10,221.000,40,223.000,20,224.000,1,0,13,
101100113000,226.000,4,208.000,51,207.000,10,206.000,40,205.000,10,84.000,3,219.000,31,220.000,10,221.000,40,222.000,10,223.000,20,0,13,
101101993000,226.000,4,208.000,31,207.000,10,206.000,40,205.000,10,84.000,3,219.000,31,220.000,10,221.000,40,222.000,10,224.000,1,0,13,
101101993000,226.000,4,208.000,31,207.000,30,206.000,40,205.000,10,84.000,3,219.000,31,220.000,10,221.000,40,222.000,30,224.000,1,0,13,
101106119000,226.000,4,208.000,31,207.000,10,206.000,40,205.000,10,84.000,3,219.000,31,220.000,10,221.000,40,222.000,10,224.000,1,0,13,
101106119000,226.000,4,208.000,51,207.000,10,206.000,40,205.000,10,84.000,3,219.000,31,220.000,10,221.000,40,222.000,10,223.000,20,0,13,
101108750000,226.000,4,208.000,51,207.000,10,206.000,40,84.000,3,39.000,20,219.000,31,220.000,10,221.000,40,222.000,10,223.000,20,0,13,
101108751000,226.000,4,208.000,51,207.000,20,206.000,40,84.000,3,39.000,20,219.000,31,220.000,10,221.000,40,222.000,10,223.000,20,0,13,
101108869000,226.000,4,208.000,31,207.000,20,206.000,40,84.000,3,39.000,20,219.000,31,220.000,10,221.000,40,222.000,10,224.000,1,0,13,
101108869000,226.000,4,209.000,20,208.000,31,207.000,20,206.000,40,84.000,3,219.000,31,220.000,10,221.000,40,222.000,10,224.000,21,0,13,
101108869000,226.000,4,209.000,30,208.000,31,207.000,20,206.000,40,84.000,3,219.000,31,220.000,10,221.000,40,222.000,10,224.000,21,0,13,
101109004000,226.000,4,209.000,30,208.000,31,207.000,20,206.000,20,84.000,3,219.000,31,220.000,10,221.000,20,222.000,10,224.000,21,0,13,
101109004000,226.000,4,209.000,30,208.000,51,207.000,20,206.000,20,84.000,3,219.000,31,220.000,10,221.000,20,222.000,10,223.000,20,0,13,
101109004000,226.000,4,209.000,30,208.000,51,207.000,10,206.000,20,84.000,3,219.000,31,220.000,10,221.000,20,222.000,10,223.000,20,0,13,
101109040000,226.000,4,209.000,30,208.000,30,207.000,10,206.000,20,84.000,3,219.000,10,220.000,10,221.000,20,222.000,10,223.000,20,0,13,
101109040000,226.000,4,210.000,21,209.000,30,208.000,30,207.000,10,206.000,20,219.000,31,220.000,10,221.000,20,222.000,10,223.000,20,0,13,
101109040000,226.000,4,210.000,21,209.000,30,208.000,30,207.000,10,206.000,20,219.000,31,220.000,10,221.000,30,222.000,10,223.000,20,0,13,
101109040000,226.000,4,210.000,31,209.000,30,208.000,30,207.000,10,206.000,20,219.000,31,220.000,10,221.000,30,222.000,10,223.000,20,0,13,
101109040000,226.000,4,210.000,31,209.000,30,208.000,30,207.000,10,206.000,20,219.000,21,220.000,10,221.000,30,222.000,10,223.000,20,0,13,
101109101000,226.000,4,210.000,31,209.000,30,208.000,30,207.000,10,206.000,20,219.000,31,220.000,10,221.000,30,222.000,10,223.000,20,0,13,
101109504000,226.000,4,210.000,31,209.000,30,208.000,20,207.000,10,206.000,20,219.000,31,220.000,10,221.000,30,222.000,10,223.000,20,0,13,
101109504000,226.000,4,210.000,31,209.000,30,208.000,20,207.000,10,206.000,20,219.000,31,220.000,10,221.000,20,222.000,10,223.000,20,0,13,
101109743000,226.000,4,210.000,31,209.000,10,208.000,20,207.000,10,206.000,20,219.000,31,220.000,10,221.000,20,222.000,10,223.000,20,0,13,
101109743000,226.000,4,210.000,31,209.000,10,208.000,40,207.000,10,206.000,20,219.000,31,220.000,10,221.000,20,222.000,10,223.000,40,0,13,
101113752000,226.000,4,210.000,31,209.000,10,208.000,40,207.000,10,84.000,3,219.000,31,220.000,10,222.000,10,223.000,40,224.000,1,0,13,
101113943000,226.000,4,210.000,31,209.000,10,208.000,40,207.000,30,84.000,3,219.000,31,220.000,10,222.000,30,223.000,40,224.000,1,0,13,
101118119000,226.000,4,210.000,31,209.000,10,208.000,20,207.000,30,84.000,3,219.000,31,220.000,10,222.000,30,223.000,20,224.000,1,0,13,
101118119000,226.000,4,210.000,31,209.000,30,208.000,20,207.000,30,84.000,3,219.000,31,220.000,10,222.000,30,223.000,20,224.000,21,0,13,
101121247000,226.000,4,210.000,31,209.000,10,208.000,20,207.000,30,84.000,3,219.000,31,220.000,10,222.000,30,223.000,20,224.000,1,0,13,
101121247000,226.000,4,210.000,31,209.000,10,208.000,40,207.000,30,84.000,3,219.000,31,220.000,10,222.000,30,223.000,40,224.000,1,0,13,
101121744000,226.000,4,210.000,31,209.000,10,208.000,20,207.000,30,84.000,3,219.000,31,220.000,10,222.000,30,223.000,20,224.000,1,0,13,
101121744000,226.000,4,210.000,31,209.000,10,208.000,20,207.000,50,84.000,3,219.000,31,220.000,10,222.000,50,223.000,20,224.000,1,0,13,
101121819000,226.000,4,210.000,31,209.000,10,207.000,50,84.000,3,39.000,20,219.000,31,220.000,10,222.000,50,224.000,1,228.000,1,0,13,
101121866000,226.000,4,210.000,31,209.000,10,207.000,50,84.000,3,39.000,20,219.000,31,220.000,11,222.000,50,224.000,1,228.000,1,0,13,
101122004000,226.000,4,210.000,31,209.000,10,207.000,50,206.000,20,84.000,3,219.000,31,220.000,11,221.000,20,222.000,50,224.000,1,0,13,
101122265000,226.000,4,210.000,10,209.000,10,207.000,50,206.000,20,84.000,3,219.000,10,220.000,11,221.000,20,222.000,50,224.000,1,0,13,
101122265000,226.000,4,210.000,10,209.000,31,207.000,50,206.000,20,84.000,3,219.000,31,220.000,11,221.000,20,222.000,50,224.000,1,0,13,
101122265000,226.000,4,209.000,31,207.000,50,206.000,20,84.000,3,39.000,20,219.000,31,220.000,11,221.000,20,222.000,50,224.000,1,0,13,
101122265000,226.000,4,209.000,31,207.000,60,206.000,20,84.000,3,39.000,20,219.000,31,220.000,11,221.000,20,222.000,50,224.000,1,0,13,
101122265000,226.000,4,209.000,31,207.000,60,206.000,20,84.000,3,39.000,20,219.000,21,220.000,11,221.000,20,222.000,50,224.000,1,0,13,
101122265000,226.000,4,209.000,31,207.000,60,206.000,20,84.000,3,39.000,20,219.000,31,220.000,11,221.000,20,222.000,50,224.000,1,0,13,
101124592000,226.000,4,209.000,31,207.000,40,206.000,20,84.000,3,39.000,20,219.000,31,220.000,11,221.000,20,222.000,30,224.000,1,0,13,
101125869000,226.000,4,209.000,31,207.000,20,206.000,20,84.000,3,39.000,20,219.000,31,220.000,11,221.000,20,222.000,10,224.000,1,0,13,
101125869000,226.000,4,209.000,31,207.000,20,206.000,40,84.000,3,39.000,20,219.000,31,220.000,11,221.000,40,222.000,10,224.000,1,0,13,
101125993000,226.000,4,209.000,31,207.000,20,206.000,20,84.000,3,39.000,20,219.000,31,220.000,11,221.000,20,222.000,10,224.000,1,0,13,
101125993000,226.000,4,209.000,31,207.000,40,206.000,20,84.000,3,39.000,20,219.000,31,220.000,11,221.000,20,222.000,30,224.000,1,0,13,
101129053000,226.000,4,209.000,31,207.000,60,206.000,20,84.000,3,39.000,20,219.000,31,220.000,11,221.000,20,222.000,50,224.000,1,0,13,
101131368000,226.000,4,209.000,31,207.000,40,206.000,20,84.000,3,39.000,20,219.000,31,220.000,11,221.000,20,222.000,30,224.000,1,0,13,
101131368000,226.000,4,209.000,31,207.000,40,206.000,40,84.000,3,39.000,20,219.000,31,220.000,11,221.000,40,222.000,30,224.000,1,0,13,
101132492000,226.000,4,209.000,31,207.000,40,206.000,20,84.000,3,39.000,20,219.000,31,220.000,11,221.000,20,222.000,30,224.000,1,0,13,
101132492000,226.000,4,209.000,31,207.000,60,206.000,20,84.000,3,39.000,20,219.000,31,220.000,11,221.000,20,222.000,50,224.000,1,0,13,
101133993000,226.000,4,209.000,31,207.000,40,206.000,20,84.000,3,39.000,20,219.000,31,220.000,11,221.000,20,222.000,30,224.000,1,0,13,
101133993000,226.000,4,209.000,31,208.000,20,207.000,40,206.000,20,84.000,3,219.000,31,220.000,11,221.000,20,222.000,30,223.000,20,0,13,
101134618000,226.000,4,209.000,31,207.000,40,206.000,20,84.000,3,39.000,20,219.000,31,220.000,11,221.000,20,222.000,30,224.000,1,0,13,
101134618000,226.000,4,209.000,31,207.000,60,206.000,20,84.000,3,39.000,20,219.000,31,220.000,11,221.000,20,222.000,50,224.000,1,0,13,
101135243000,226.000,4,209.000,31,207.000,40,206.000,20,84.000,3,39.000,20,219.000,31,220.000,11,221.000,20,222.000,30,224.000,1,0,13,
101135243000,226.000,4,209.000,31,207.000,40,206.000,40,84.000,3,39.000,20,219.000,31,220.000,11,221.000,40,222.000,30,224.000,1,0,13,
101138053000,226.000,4,209.000,10,207.000,40,206.000,40,84.000,3,39.000,20,219.000,10,220.000,11,221.000,40,222.000,30,224.000,1,0,13,
101138053000,226.000,4,209.000,10,208.000,21,207.000,40,206.000,40,84.000,3,219.000,31,220.000,11,221.000,40,222.000,30,224.000,1,0,13,
101138053000,226.000,4,208.000,21,207.000,40,206.000,40,84.000,3,39.000,20,219.000,31,220.000,11,221.000,40,222.000,30,224.000,1,0,13,
101138053000,226.000,4,208.000,21,207.000,40,206.000,40,84.000,3,39.000,20,219.000,21,220.000,11,221.000,40,222.000,30,224.000,1,0,13,
101138053000,226.000,4,208.000,31,207.000,40,206.000,40,84.000,3,39.000,20,219.000,21,220.000,11,221.000,40,222.000,30,224.000,1,0,13,
101138053000,226.000,4,208.000,31,207.000,40,206.000,40,84.000,3,39.000,20,219.000,31,220.000,11,221.000,40,222.000,30,224.000,1,0,13,
101138640000,226.000,4,208.000,31,207.000,30,206.000,40,84.000,3,39.000,20,219.000,31,220.000,11,221.000,40,222.000,30,224.000,1,0,13,
101138761000,226.000,4,208.000,31,207.000,30,206.000,40,205.000,10,84.000,3,219.000,31,220.000,11,221.000,40,222.000,30,224.000,1,0,13,
101140119000,226.000,4,208.000,31,207.000,30,206.000,20,205.000,10,84.000,3,219.000,31,220.000,11,221.000,20,222.000,30,224.000,1,0,13,
101140119000,226.000,4,208.000,31,207.000,50,206.000,20,205.000,10,84.000,3,219.000,31,220.000,11,221.000,20,222.000,50,224.000,1,0,13,
101142268000,226.000,4,208.000,31,207.000,30,206.000,20,205.000,10,84.000,3,219.000,31,220.000,11,221.000,20,222.000,30,224.000,1,0,13,
101142368000,226.000,4,208.000,31,207.000,10,206.000,20,205.000,10,84.000,3,219.000,31,220.000,11,221.000,20,222.000,10,224.000,1,0,13,
101142368000,226.000,4,208.000,31,207.000,10,206.000,40,205.000,10,84.000,3,219.000,31,220.000,11,221.000,40,222.000,10,224.000,1,0,13,
101142564000,226.000,4,208.000,31,207.000,10,206.000,40,205.000,10,84.000,3,219.000,31,220.000,11,221.000,40,224.000,1,228.000,1,0,13,
101142565000,226.000,4,208.000,31,207.000,10,206.000,40,205.000,10,84.000,3,219.000,31,220.000,21,221.000,40,224.000,1,228.000,1,0,13,
101144150000,226.000,4,208.000,31,207.000,10,206.000,60,205.000,10,84.000,3,219.000,31,220.000,21,221.000,60,224.000,1,228.000,1,0,13,
101145420000,226.000,4,208.000,31,207.000,10,206.000,40,205.000,10,84.000,3,219.000,31,220.000,21,221.000,40,224.000,1,228.000,1,0,13,
101145420000,226.000,4,208.000,31,207.000,10,206.000,40,205.000,30,84.000,3,219.000,31,220.000,41,221.000,40,224.000,1,228.000,1,0,13,
101145567000,226.000,4,208.000,31,207.000,10,206.000,20,205.000,30,84.000,3,219.000,31,220.000,41,221.000,20,224.000,1,228.000,1,0,13,
101146174000,226.000,4,208.000,31,207.000,10,206.000,40,205.000,30,84.000,3,219.000,31,220.000,41,221.000,40,224.000,1,228.000,1,0,13,
101146992000,226.000,4,208.000,31,207.000,10,206.000,40,205.000,10,84.000,3,219.000,31,220.000,21,221.000,40,224.000,1,228.000,1,0,13,
101146992000,226.000,4,208.000,31,207.000,10,206.000,40,205.000,10,204.000,20,219.000,51,220.000,21,221.000,40,224.000,1,228.000,1,0,13,
101147492000,226.000,4,208.000,31,207.000,10,206.000,40,205.000,10,84.000,3,219.000,31,220.000,21,221.000,40,224.000,1,228.000,1,0,13,
101147492000,226.000,4,208.000,31,207.000,10,206.000,40,205.000,30,84.000,3,219.000,31,220.000,41,221.000,40,224.000,1,228.000,1,0,13,
101148642000,226.000,4,208.000,31,207.000,10,206.000,40,205.000,10,84.000,3,219.000,31,220.000,21,221.000,40,224.000,1,228.000,1,0,13,
101148642000,226.000,4,208.000,31,207.000,10,206.000,60,205.000,10,84.000,3,219.000,31,220.000,21,221.000,60,224.000,1,228.000,1,0,13,
101148744000,226.000,4,208.000,31,207.000,10,206.000,40,205.000,10,84.000,3,219.000,31,220.000,21,221.000,40,224.000,1,228.000,1,0,13,
101148744000,226.000,4,208.000,31,207.000,30,206.000,40,205.000,10,84.000,3,219.000,31,220.000,21,221.000,40,222.000,20,224.000,1,0,13,
101148993000,226.000,4,208.000,31,207.000,10,206.000,40,205.000,10,84.000,3,219.000,31,220.000,21,221.000,40,224.000,1,228.000,1,0,13,
101148993000,226.000,4,208.000,31,207.000,10,206.000,60,205.000,10,84.000,3,219.000,31,220.000,21,221.000,60,224.000,1,228.000,1,0,13,
101149493000,226.000,4,208.000,31,207.000,10,206.000,40,205.000,10,84.000,3,219.000,31,220.000,21,221.000,40,224.000,1,228.000,1,0,13,
101149493000,226.000,4,208.000,31,207.000,30,206.000,40,205.000,10,84.000,3,219.000,31,220.000,21,221.000,40,222.000,20,224.000,1,0,13,
101150492000,226.000,4,208.000,31,207.000,10,206.000,40,205.000,10,84.000,3,219.000,31,220.000,21,221.000,40,224.000,1,228.000,1,0,13,
101150492000,226.000,4,208.000,31,207.000,10,206.000,60,205.000,10,84.000,3,219.000,31,220.000,21,221.000,60,224.000,1,228.000,1,0,13,
101156664000,226.000,4,208.000,31,207.000,10,206.000,40,205.000,10,84.000,3,219.000,31,220.000,21,221.000,40,224.000,1,228.000,1,0,13,
101157264000,226.000,4,208.000,31,207.000,30,206.000,40,205.000,10,84.000,3,219.000,31,220.000,21,221.000,40,222.000,20,224.000,1,0,13,
101158243000,226.000,4,208.000,31,207.000,30,206.000,20,205.000,10,84.000,3,219.000,31,220.000,21,221.000,20,222.000,20,224.000,1,0,13,
101158243000,226.000,4,208.000,31,207.000,50,206.000,20,205.000,10,84.000,3,219.000,31,220.000,21,221.000,20,222.000,40,224.000,1,0,13,
101159743000,226.000,4,208.000,31,207.000,30,206.000,20,205.000,10,84.000,3,219.000,31,220.000,21,221.000,20,222.000,20,224.000,1,0,13,
101159743000,226.000,4,208.000,31,207.000,30,206.000,40,205.000,10,84.000,3,219.000,31,220.000,21,221.000,40,222.000,20,224.000,1,0,13,
101201118000,226.000,4,208.000,31,207.000,30,206.000,20,205.000,10,84.000,3,219.000,31,220.000,21,221.000,20,222.000,20,224.000,1,0,13,
101201118000,226.000,4,208.000,31,207.000,50,206.000,20,205.000,10,84.000,3,219.000,31,220.000,21,221.000,20,222.000,40,224.000,1,0,13,
101204368000,226.000,4,208.000,31,207.000,30,206.000,20,205.000,10,84.000,3,219.000,31,220.000,21,221.000,20,222.000,20,224.000,1,0,13,
101204368000,226.000,4,208.000,31,207.000,30,206.000,40,205.000,10,84.000,3,219.000,31,220.000,21,221.000,40,222.000,20,224.000,1,0,13,
101205368000,226.000,4,208.000,31,207.000,30,206.000,20,205.000,10,84.000,3,219.000,31,220.000,21,221.000,20,222.000,20,224.000,1,0,13,
101205368000,226.000,4,208.000,31,207.000,50,206.000,20,205.000,10,84.000,3,219.000,31,220.000,21,221.000,20,222.000,40,224.000,1,0,13,
101205743000,226.000,4,208.000,31,207.000,30,206.000,20,205.000,10,84.000,3,219.000,31,220.000,21,221.000,20,222.000,20,224.000,1,0,13,
101205743000,226.000,4,208.000,31,207.000,30,206.000,40,205.000,10,84.000,3,219.000,31,220.000,21,221.000,40,222.000,20,224.000,1,0,13,
101207815000,226.000,4,208.000,31,207.000,30,206.000,40,205.000,10,84.000,3,219.000,31,220.000,20,221.000,40,222.000,20,224.000,1,0,13,
101208622000,226.000,4,208.000,31,207.000,10,206.000,40,205.000,10,84.000,3,219.000,31,220.000,20,221.000,40,224.000,1,228.000,1,0,13,
101210380000,226.000,4,208.000,31,207.000,30,206.000,40,205.000,10,84.000,3,219.000,31,220.000,20,221.000,40,222.000,20,224.000,1,0,13,
101210619000,226.000,4,208.000,31,207.000,30,206.000,20,205.000,10,84.000,3,219.000,31,220.000,20,221.000,20,222.000,20,224.000,1,0,13,
101210619000,226.000,4,208.000,31,207.000,50,206.000,20,205.000,10,84.000,3,219.000,31,220.000,20,221.000,20,222.000,40,224.000,1,0,13,
101211187000,226.000,4,208.000,31,207.000,50,206.000,20,205.000,10,84.000,3,219.000,31,220.000,10,221.000,20,222.000,40,224.000,1,0,13,
101211312000,226.000,4,208.000,31,207.000,50,206.000,20,205.000,10,84.000,3,219.000,31,220.000,10,221.000,20,222.000,50,224.000,1,0,13,
101211493000,226.000,4,208.000,31,207.000,30,206.000,20,205.000,10,84.000,3,219.000,31,220.000,10,221.000,20,222.000,30,224.000,1,0,13,
101211493000,226.000,4,208.000,51,207.000,30,206.000,20,205.000,10,84.000,3,219.000,31,220.000,10,221.000,20,222.000,30,223.000,20,0,13,
101212259000,226.000,4,208.000,51,207.000,30,206.000,20,84.000,3,39.000,20,219.000,31,220.000,10,221.000,20,222.000,30,223.000,20,0,13,
101212259000,226.000,4,208.000,51,207.000,40,206.000,20,84.000,3,39.000,20,219.000,31,220.000,10,221.000,20,222.000,30,223.000,20,0,13,
101213068000,226.000,4,208.000,30,207.000,40,206.000,20,84.000,3,39.000,20,219.000,10,220.000,10,221.000,20,222.000,30,223.000,20,0,13,
101213068000,226.000,4,208.000,51,207.000,40,206.000,20,84.000,3,39.000,20,219.000,10,220.000,31,221.000,20,222.000,30,223.000,20,0,13,
101213069000,226.000,4,208.000,51,207.000,40,206.000,20,84.000,3,39.000,20,220.000,31,221.000,20,222.000,30,223.000,20,228.000,1,0,13,
101213069000,226.000,4,208.000,51,207.000,40,206.000,20,84.000,3,39.000,20,220.000,31,221.000,30,222.000,30,223.000,20,228.000,1,0,13,
101213504000,226.000,4,208.000,51,207.000,40,84.000,3,39.000,20,38.500,1,220.000,31,221.000,10,222.000,30,223.000,20,228.000,1,0,13,
101213504000,226.000,4,208.000,71,207.000,40,84.000,3,39.000,20,38.500,1,220.000,31,221.000,10,222.000,30,223.000,40,228.000,1,0,13,
101214137000,226.000,4,208.000,71,207.000,40,84.000,3,39.000,20,38.500,1,220.000,31,221.000,10,222.000,30,223.000,40,320.000,1,0,13,
101214166000,226.000,4,208.000,50,207.000,40,84.000,3,39.000,20,38.500,1,220.000,10,221.000,10,222.000,30,223.000,40,320.000,1,0,13,
101214166000,226.000,4,208.000,71,207.000,40,84.000,3,39.000,20,38.500,1,219.000,21,220.000,10,221.000,10,222.000,30,223.000,40,0,13,
101214166000,226.000,4,208.000,71,207.000,40,84.000,3,39.000,20,38.500,1,219.000,31,220.000,10,221.000,10,222.000,30,223.000,40,0,13,
101214166000,226.000,4,208.000,71,207.000,40,84.000,3,39.000,20,38.500,1,219.000,31,220.000,10,221.000,10,222.000,40,223.000,40,0,13,
101214166000,226.000,4,208.000,71,207.000,40,84.000,3,39.000,20,38.500,1,219.000,31,221.000,10,222.000,40,223.000,40,320.000,1,0,13,
101214504000,226.000,4,208.000,71,207.000,40,84.000,3,39.000,20,38.500,1,219.000,31,221.000,10,222.000,30,223.000,40,320.000,1,0,13,
101214512000,226.000,4,208.000,71,207.000,20,84.000,3,39.000,20,38.500,1,219.000,31,221.000,10,222.000,10,223.000,40,320.000,1,0,13,
101215117000,226.000,4,208.000,51,207.000,20,84.000,3,39.000,20,38.500,1,219.000,31,221.000,10,222.000,10,223.000,20,320.000,1,0,13,
101215117000,226.000,4,208.000,51,207.000,40,84.000,3,39.000,20,38.500,1,219.000,31,221.000,10,222.000,30,223.000,20,320.000,1,0,13,
101215151000,226.000,4,208.000,51,207.000,40,206.000,20,84.000,3,39.000,20,219.000,31,221.000,30,222.000,30,223.000,20,320.000,1,0,13,
101215742000,226.000,4,208.000,51,207.000,20,206.000,20,84.000,3,39.000,20,219.000,31,221.000,30,222.000,10,223.000,20,320.000,1,0,13,
101215742000,226.000,4,208.000,71,207.000,20,206.000,20,84.000,3,39.000,20,219.000,31,221.000,30,222.000,10,223.000,40,320.000,1,0,13,
101216908000,226.000,4,208.000,50,207.000,20,206.000,20,84.000,3,39.000,20,219.000,10,221.000,30,222.000,10,223.000,40,320.000,1,0,13,
101216908000,226.000,4,208.000,71,207.000,20,206.000,20,84.000,3,39.000,20,219.000,10,220.000,21,221.000,30,222.000,10,223.000,40,0,13,
101216908000,226.000,4,208.000,71,207.000,20,206.000,20,84.000,3,39.000,20,220.000,21,221.000,30,222.000,10,223.000,40,320.000,1,0,13,
101216908000,226.000,4,208.000,71,207.000,20,206.000,20,84.000,3,39.000,20,220.000,31,221.000,30,222.000,10,223.000,40,320.000,1,0,13,
101216994000,226.000,4,208.000,51,207.000,20,206.000,20,84.000,3,39.000,20,220.000,31,221.000,30,222.000,10,223.000,20,320.000,1,0,13,
101216994000,226.000,4,209.000,20,208.000,51,207.000,20,206.000,20,84.000,3,220.000,31,221.000,30,222.000,10,223.000,20,224.000,20,0,13,
101216995000,226.000,4,209.000,30,208.000,51,207.000,20,206.000,20,84.000,3,220.000,31,221.000,30,222.000,10,223.000,20,224.000,20,0,13,
101217004000,226.000,4,209.000,30,208.000,51,207.000,10,206.000,20,84.000,3,220.000,31,221.000,30,222.000,10,223.000,20,224.000,20,0,13,
101217368000,226.000,4,209.000,10,208.000,51,207.000,10,206.000,20,84.000,3,220.000,31,221.000,30,222.000,10,223.000,20,320.000,1,0,13,
101217368000,226.000,4,209.000,10,208.000,71,207.000,10,206.000,20,84.000,3,220.000,31,221.000,30,222.000,10,223.000,40,320.000,1,0,13,
101217369000,226.000,4,208.000,71,207.000,10,206.000,20,84.000,3,39.000,20,220.000,31,221.000,30,222.000,10,223.000,40,320.000,1,0,13,
101218804000,226.000,4,208.000,71,207.000,10,206.000,20,84.000,3,39.000,20,220.000,31,221.000,30,222.000,10,223.000,40,230.000,1,0,13,
101220226000,226.000,4,208.000,71,207.000,10,84.000,3,39.000,20,38.500,1,220.000,31,221.000,10,222.000,10,223.000,40,230.000,1,0,13,
101220388000,226.000,4,208.000,71,207.000,30,84.000,3,39.000,20,38.500,1,220.000,31,221.000,10,222.000,30,223.000,40,230.000,1,0,13,
101221868000,226.000,4,208.000,51,207.000,30,84.000,3,39.000,20,38.500,1,220.000,31,221.000,10,222.000,30,223.000,20,230.000,1,0,13,
101221868000,226.000,4,208.000,51,207.000,50,84.000,3,39.000,20,38.500,1,220.000,31,221.000,10,222.000,50,223.000,20,230.000,1,0,13,
101227756000,226.000,4,208.000,51,207.000,30,84.000,3,39.000,20,38.500,1,220.000,31,221.000,10,222.000,30,223.000,20,230.000,1,0,13,
101227993000,226.000,4,208.000,51,207.000,10,84.000,3,39.000,20,38.500,1,220.000,31,221.000,10,222.000,10,223.000,20,230.000,1,0,13,
101227993000,226.000,4,208.000,71,207.000,10,84.000,3,39.000,20,38.500,1,220.000,31,221.000,10,222.000,10,223.000,40,230.000,1,0,13,
101228013000,226.000,4,208.000,71,207.000,30,84.000,3,39.000,20,38.500,1,220.000,31,221.000,10,222.000,30,223.000,40,230.000,1,0,13,
101229743000,226.000,4,208.000,51,207.000,30,84.000,3,39.000,20,38.500,1,220.000,31,221.000,10,222.000,30,223.000,20,230.000,1,0,13,
101229743000,226.000,4,208.000,51,207.000,50,84.000,3,39.000,20,38.500,1,220.000,31,221.000,10,222.000,50,223.000,20,230.000,1,0,13,
101230118000,226.000,4,208.000,51,207.000,30,84.000,3,39.000,20,38.500,1,220.000,31,221.000,10,222.000,30,223.000,20,230.000,1,0,13,
101230118000,226.000,4,208.000,71,207.000,30,84.000,3,39.000,20,38.500,1,220.000,31,221.000,10,222.000,30,223.000,40,230.000,1,0,13,
101232243000,226.000,4,208.000,51,207.000,30,84.000,3,39.000,20,38.500,1,220.000,31,221.000,10,222.000,30,223.000,20,230.000,1,0,13,
101232243000,226.000,4,209.000,20,208.000,51,207.000,30,84.000,3,39.000,20,220.000,31,221.000,10,222.000,30,223.000,20,224.000,20,0,13,
101232244000,226.000,4,209.000,30,208.000,51,207.000,30,84.000,3,39.000,20,220.000,31,221.000,10,222.000,30,223.000,20,224.000,20,0,13,
101232433000,226.000,4,209.000,30,208.000,30,207.000,30,84.000,3,39.000,20,220.000,10,221.000,10,222.000,30,223.000,20,224.000,20,0,13,
101232433000,226.000,4,210.000,21,209.000,30,208.000,30,207.000,30,84.000,3,220.000,31,221.000,10,222.000,30,223.000,20,224.000,20,0,13,
101232434000,226.000,4,210.000,21,209.000,30,208.000,30,207.000,30,84.000,3,220.000,21,221.000,10,222.000,30,223.000,20,224.000,20,0,13,
101232434000,226.000,4,210.000,21,209.000,30,208.000,30,207.000,30,84.000,3,220.000,21,221.000,10,222.000,40,223.000,20,224.000,20,0,13,
101232434000,226.000,4,210.000,31,209.000,30,208.000,30,207.000,30,84.000,3,220.000,21,221.000,10,222.000,40,223.000,20,224.000,20,0,13,
101232434000,226.000,4,210.000,31,209.000,30,208.000,30,207.000,30,84.000,3,220.000,31,221.000,10,222.000,40,223.000,20,224.000,20,0,13,
101232868000,226.000,4,210.000,31,209.000,10,208.000,30,207.000,30,84.000,3,220.000,31,221.000,10,222.000,40,223.000,20,230.000,1,0,13,
101232868000,226.000,4,210.000,31,209.000,10,208.000,50,207.000,30,84.000,3,220.000,31,221.000,10,222.000,40,223.000,40,230.000,1,0,13,
101233004000,226.000,4,210.000,31,209.000,10,208.000,40,207.000,30,84.000,3,220.000,31,221.000,10,222.000,40,223.000,40,230.000,1,0,13,
101233004000,226.000,4,210.000,31,209.000,10,208.000,40,207.000,30,84.000,3,220.000,31,221.000,10,222.000,30,223.000,40,230.000,1,0,13,
101233618000,226.000,4,210.000,31,209.000,10,208.000,20,207.000,30,84.000,3,220.000,31,221.000,10,222.000,30,223.000,20,230.000,1,0,13,
101233618000,226.000,4,210.000,31,209.000,30,208.000,20,207.000,30,84.000,3,220.000,31,221.000,10,222.000,30,223.000,20,224.000,20,0,13,
101234118000,226.000,4,210.000,31,209.000,10,208.000,20,207.000,30,84.000,3,220.000,31,221.000,10,222.000,30,223.000,20,230.000,1,0,13,
101234118000,226.000,4,210.000,31,209.000,10,208.000,40,207.000,30,84.000,3,220.000,31,221.000,10,222.000,30,223.000,40,230.000,1,0,13,
101234743000,226.000,4,210.000,31,209.000,10,208.000,20,207.000,30,84.000,3,220.000,31,221.000,10,222.000,30,223.000,20,230.000,1,0,13,
101234743000,226.000,4,210.000,31,209.000,30,208.000,20,207.000,30,84.000,3,220.000,31,221.000,10,222.000,30,223.000,20,224.000,20,0,13,
101235243000,226.000,4,210.000,31,209.000,10,208.000,20,207.000,30,84.000,3,220.000,31,221.000,10,222.000,30,223.000,20,230.000,1,0,13,
101235243000,226.000,4,210.000,31,209.000,10,208.000,40,207.000,30,84.000,3,220.000,31,221.000,10,222.000,30,223.000,40,230.000,1,0,13,
101235551000,226.000,4,210.000,31,209.000,10,208.000,40,207.000,10,84.000,3,220.000,31,221.000,10,222.000,10,223.000,40,230.000,1,0,13,
101236522000,226.000,4,210.000,31,209.000,10,208.000,60,207.000,10,84.000,3,220.000,31,221.000,10,222.000,10,223.000,60,230.000,1,0,13,
101238243000,226.000,4,210.000,31,209.000,10,208.000,40,207.000,10,84.000,3,220.000,31,221.000,10,222.000,10,223.000,40,230.000,1,0,13,
101238243000,226.000,4,210.000,31,209.000,30,208.000,40,207.000,10,84.000,3,220.000,31,221.000,10,222.000,10,223.000,40,224.000,20,0,13,
101240493000,226.000,4,210.000,31,209.000,10,208.000,40,207.000,10,84.000,3,220.000,31,221.000,10,222.000,10,223.000,40,230.000,1,0,13,
101240493000,226.000,4,210.000,31,209.000,10,208.000,60,207.000,10,84.000,3,220.000,31,221.000,10,222.000,10,223.000,60,230.000,1,0,13,
101243244000,226.000,4,210.000,31,209.000,10,208.000,40,207.000,10,84.000,3,220.000,31,221.000,10,222.000,10,223.000,40,230.000,1,0,13,
101243244000,226.000,4,210.000,31,209.000,10,208.000,40,207.000,30,84.000,3,220.000,31,221.000,10,222.000,30,223.000,40,230.000,1,0,13,
101244296000,226.000,4,210.000,10,209.000,10,208.000,40,207.000,30,84.000,3,220.000,10,221.000,10,222.000,30,223.000,40,230.000,1,0,13,
101244296000,226.000,4,210.000,10,209.000,31,208.000,40,207.000,30,84.000,3,220.000,31,221.000,10,222.000,30,223.000,40,230.000,1,0,13,
101244296000,226.000,4,210.000,10,209.000,31,208.000,40,207.000,30,84.000,3,220.000,31,221.000,10,222.000,40,223.000,40,230.000,1,0,13,
101244296000,226.000,4,210.000,10,209.000,31,208.000,50,207.000,30,84.000,3,220.000,31,221.000,10,222.000,40,223.000,40,230.000,1,0,13,
101244296000,226.000,4,210.000,10,209.000,31,208.000,50,207.000,30,84.000,3,220.000,21,221.000,10,222.000,40,223.000,40,230.000,1,0,13,
101244296000,226.000,4,209.000,31,208.000,50,207.000,30,84.000,3,39.000,20,220.000,21,221.000,10,222.000,40,223.000,40,230.000,1,0,13,
101244297000,226.000,4,209.000,31,208.000,50,207.000,30,84.000,3,39.000,20,220.000,31,221.000,10,222.000,40,223.000,40,230.000,1,0,13,
101244504000,226.000,4,209.000,31,208.000,50,207.000,30,84.000,3,39.000,20,220.000,31,221.000,10,222.000,30,223.000,40,230.000,1,0,13,
101245439000,226.000,4,209.000,10,208.000,50,207.000,30,84.000,3,39.000,20,220.000,10,221.000,10,222.000,30,223.000,40,230.000,1,0,13,
101245439000,226.000,4,210.000,21,209.000,10,208.000,50,207.000,30,84.000,3,220.000,31,221.000,10,222.000,30,223.000,40,230.000,1,0,13,
101245439000,226.000,4,210.000,21,209.000,10,208.000,50,207.000,30,84.000,3,220.000,31,221.000,10,222.000,40,223.000,40,230.000,1,0,13,
101245439000,226.000,4,210.000,31,209.000,10,208.000,50,207.000,30,84.000,3,220.000,31,221.000,10,222.000,40,223.000,40,230.000,1,0,13,
101245439000,226.000,4,210.000,31,208.000,50,207.000,30,84.000,3,39.000,20,220.000,31,221.000,10,222.000,40,223.000,40,230.000,1,0,13,
101245439000,226.000,4,210.000,31,208.000,50,207.000,30,84.000,3,39.000,20,220.000,21,221.000,10,222.000,40,223.000,40,230.000,1,0,13,
101245454000,226.000,4,210.000,31,208.000,50,207.000,30,84.000,3,39.000,20,220.000,31,221.000,10,222.000,40,223.000,40,230.000,1,0,13,
101245504000,226.000,4,210.000,31,208.000,50,207.000,30,84.000,3,39.000,20,220.000,31,221.000,10,222.000,30,223.000,40,230.000,1,0,13,
101245993000,226.000,4,210.000,31,208.000,50,207.000,10,84.000,3,39.000,20,220.000,31,221.000,10,222.000,10,223.000,40,230.000,1,0,13,
101245993000,226.000,4,210.000,31,208.000,70,207.000,10,84.000,3,39.000,20,220.000,31,221.000,10,222.000,10,223.000,60,230.000,1,0,13,
101246594000,226.000,4,210.000,31,208.000,50,207.000,10,84.000,3,39.000,20,220.000,31,221.000,10,222.000,10,223.000,40,230.000,1,0,13,
101246993000,226.000,4,210.000,31,208.000,30,207.000,10,84.000,3,39.000,20,220.000,31,221.000,10,222.000,10,223.000,20,230.000,1,0,13,
101246993000,226.000,4,210.000,31,208.000,30,207.000,30,84.000,3,39.000,20,220.000,31,221.000,10,222.000,30,223.000,20,230.000,1,0,13,
101247244000,226.000,4,210.000,31,208.000,30,207.000,10,84.000,3,39.000,20,220.000,31,221.000,10,222.000,10,223.000,20,230.000,1,0,13,
101247244000,226.000,4,210.000,31,208.000,50,207.000,10,84.000,3,39.000,20,220.000,31,221.000,10,222.000,10,223.000,40,230.000,1,0,13,
101250943000,226.000,4,210.000,31,208.000,50,207.000,30,84.000,3,39.000,20,220.000,31,221.000,10,222.000,30,223.000,40,230.000,1,0,13,
101253867000,226.000,4,210.000,31,208.000,30,207.000,30,84.000,3,39.000,20,220.000,31,221.000,10,222.000,30,223.000,20,230.000,1,0,13,
101253867000,226.000,4,210.000,31,208.000,30,207.000,50,84.000,3,39.000,20,220.000,31,221.000,10,222.000,50,223.000,20,230.000,1,0,13,
101254743000,226.000,4,210.000,31,208.000,30,207.000,30,84.000,3,39.000,20,220.000,31,221.000,10,222.000,30,223.000,20,230.000,1,0,13,
101254743000,226.000,4,210.000,31,208.000,50,207.000,30,84.000,3,39.000,20,220.000,31,221.000,10,222.000,30,223.000,40,230.000,1,0,13,
101257870000,226.000,4,210.000,31,208.000,30,207.000,30,84.000,3,39.000,20,220.000,31,221.000,10,222.000,30,223.000,20,230.000,1,0,13,
101257870000,226.000,4,210.000,31,208.000,30,207.000,50,84.000,3,39.000,20,220.000,31,221.000,10,222.000,50,223.000,20,230.000,1,0,13,
101258920000,226.000,4,210.000,10,208.000,30,207.000,50,84.000,3,39.000,20,220.000,10,221.000,10,222.000,50,223.000,20,230.000,1,0,13,
101258920000,226.000,4,210.000,10,209.000,21,208.000,30,207.000,50,84.000,3,220.000,31,221.000,10,222.000,50,223.000,20,230.000,1,0,13,
101258921000,226.000,4,210.000,10,209.000,21,208.000,30,207.000,50,84.000,3,220.000,21,221.000,10,222.000,50,223.000,20,230.000,1,0,13,
101258921000,226.000,4,210.000,10,209.000,21,208.000,30,207.000,50,84.000,3,220.000,21,221.000,10,222.000,60,223.000,20,230.000,1,0,13,
101258921000,226.000,4,210.000,10,209.000,31,208.000,30,207.000,50,84.000,3,220.000,21,221.000,10,222.000,60,223.000,20,230.000,1,0,13,
101258921000,226.000,4,209.000,31,208.000,30,207.000,50,84.000,3,39.000,20,220.000,21,221.000,10,222.000,60,223.000,20,230.000,1,0,13,
101258921000,226.000,4,209.000,31,208.000,30,207.000,50,84.000,3,39.000,20,220.000,31,221.000,10,222.000,60,223.000,20,230.000,1,0,13,
101259004000,226.000,4,209.000,31,208.000,10,207.000,50,84.000,3,39.000,20,220.000,31,221.000,10,222.000,60,230.000,1,320.000,1,0,13,
101259004000,226.000,4,209.000,31,208.000,10,207.000,50,206.000,20,84.000,3,220.000,31,221.000,30,222.000,60,230.000,1,320.000,1,0,13,
101259004000,226.000,4,209.000,31,208.000,10,207.000,50,206.000,20,84.000,3,220.000,31,221.000,30,222.000,50,230.000,1,320.000,1,0,13,
101259618000,226.000,4,209.000,31,208.000,10,207.000,30,206.000,20,84.000,3,220.000,31,221.000,30,222.000,30,230.000,1,320.000,1,0,13,
101259618000,226.000,4,209.000,31,208.000,10,207.000,30,206.000,40,84.000,3,220.000,31,221.000,50,222.000,30,230.000,1,320.000,1,0,13,
101300370000,226.000,4,209.000,31,208.000,10,207.000,30,206.000,20,84.000,3,220.000,31,221.000,30,222.000,30,230.000,1,320.000,1,0,13,
101300370000,226.000,4,209.000,31,208.000,10,207.000,50,206.000,20,84.000,3,220.000,31,221.000,30,222.000,50,230.000,1,320.000,1,0,13,
101301618000,226.000,4,209.000,31,208.000,10,207.000,30,206.000,20,84.000,3,220.000,31,221.000,30,222.000,30,230.000,1,320.000,1,0,13,
101301618000,226.000,4,209.000,31,208.000,30,207.000,30,206.000,20,84.000,3,220.000,31,221.000,30,222.000,30,223.000,20,230.000,1,0,13,
101302121000,226.000,4,209.000,31,208.000,30,207.000,30,84.000,3,39.000,20,220.000,31,221.000,10,222.000,30,223.000,20,230.000,1,0,13,
101302124000,226.000,4,209.000,31,208.000,10,207.000,30,84.000,3,39.000,20,220.000,31,221.000,10,222.000,30,230.000,1,320.000,1,0,13,
101302124000,226.000,4,209.000,51,208.000,10,207.000,30,84.000,3,39.000,20,220.000,31,221.000,10,222.000,30,224.000,20,230.000,1,0,13,
101302493000,226.000,4,209.000,31,208.000,10,207.000,30,84.000,3,39.000,20,220.000,31,221.000,10,222.000,30,230.000,1,320.000,1,0,13,
101302493000,226.000,4,209.000,31,208.000,30,207.000,30,84.000,3,39.000,20,220.000,31,221.000,10,222.000,30,223.000,20,230.000,1,0,13,
101302504000,226.000,4,209.000,31,208.000,50,207.000,30,84.000,3,39.000,20,220.000,31,221.000,10,222.000,30,223.000,40,230.000,1,0,13,
101304119000,226.000,4,209.000,31,208.000,30,207.000,30,84.000,3,39.000,20,220.000,31,221.000,10,222.000,30,223.000,20,230.000,1,0,13,
101304119000,226.000,4,209.000,51,208.000,30,207.000,30,84.000,3,39.000,20,220.000,31,221.000,10,222.000,30,223.000,20,224.000,20,0,13,
101304993000,226.000,4,209.000,31,208.000,30,207.000,30,84.000,3,39.000,20,220.000,31,221.000,10,222.000,30,223.000,20,230.000,1,0,13,
101304993000,226.000,4,209.000,31,208.000,50,207.000,30,84.000,3,39.000,20,220.000,31,221.000,10,222.000,30,223.000,40,230.000,1,0,13,
101310368000,226.000,4,209.000,31,208.000,30,207.000,30,84.000,3,39.000,20,220.000,31,221.000,10,222.000,30,223.000,20,230.000,1,0,13,
101310368000,226.000,4,209.000,31,208.000,30,207.000,50,84.000,3,39.000,20,220.000,31,221.000,10,222.000,50,223.000,20,230.000,1,0,13,
101311000000,226.000,4,209.000,31,208.000,30,207.000,30,84.000,3,39.000,20,220.000,31,221.000,10,222.000,30,223.000,20,230.000,1,0,13,
101311078000,226.000,4,209.000,31,208.000,30,207.000,50,84.000,3,39.000,20,220.000,31,221.000,10,222.000,50,223.000,20,230.000,1,0,13,
101312997000,226.000,4,209.000,31,208.000,30,207.000,30,84.000,3,39.000,20,220.000,31,221.000,10,222.000,30,223.000,20,230.000,1,0,13,
101312997000,226.000,4,209.000,31,208.000,50,207.000,30,84.000,3,39.000,20,220.000,31,221.000,10,222.000,30,223.000,40,230.000,1,0,13,
101314243000,226.000,4,209.000,31,208.000,30,207.000,30,84.000,3,39.000,20,220.000,31,221.000,10,222.000,30,223.000,20,230.000,1,0,13,
101314243000,226.000,4,209.000,31,208.000,30,207.000,50,84.000,3,39.000,20,220.000,31,221.000,10,222.000,50,223.000,20,230.000,1,0,13,
101316812000,226.000,4,209.000,31,208.000,10,207.000,50,84.000,3,39.000,20,220.000,31,221.000,10,222.000,50,230.000,1,320.000,1,0,13,
101317005000,226.000,4,209.000,31,208.000,10,207.000,50,206.000,20,84.000,3,220.000,31,221.000,30,222.000,50,230.000,1,320.000,1,0,13,
101319119000,226.000,4,209.000,31,208.000,10,207.000,30,206.000,20,84.000,3,220.000,31,221.000,30,222.000,30,230.000,1,320.000,1,0,13,
101319119000,226.000,4,209.000,31,208.000,10,207.000,30,206.000,40,84.000,3,220.000,31,221.000,50,222.000,30,230.000,1,320.000,1,0,13,
101319653000,226.000,4,209.000,31,208.000,10,207.000,10,206.000,40,84.000,3,220.000,31,221.000,50,222.000,10,230.000,1,320.000,1,0,13,
101319654000,226.000,4,209.000,31,208.000,10,206.000,40,84.000,3,39.000,20,220.000,31,221.000,50,222.000,10,230.000,1,320.000,1,0,13,
101319745000,226.000,4,209.000,31,208.000,10,206.000,20,84.000,3,39.000,20,220.000,31,221.000,30,222.000,10,230.000,1,320.000,1,0,13,
101319745000,226.000,4,209.000,31,208.000,10,206.000,20,205.000,20,84.000,3,220.000,51,221.000,30,222.000,10,230.000,1,320.000,1,0,13,
101319777000,226.000,4,209.000,31,208.000,10,206.000,20,205.000,20,204.000,10,220.000,51,221.000,30,222.000,10,230.000,1,320.000,1,0,13,
101319995000,226.000,4,209.000,31,208.000,10,206.000,20,204.000,10,84.000,3,220.000,31,221.000,30,222.000,10,230.000,1,320.000,1,0,13,
101319995000,226.000,4,209.000,31,208.000,10,206.000,40,204.000,10,84.000,3,220.000,31,221.000,50,222.000,10,230.000,1,320.000,1,0,13,
101320868000,226.000,4,209.000,31,208.000,10,206.000,20,204.000,10,84.000,3,220.000,31,221.000,30,222.000,10,230.000,1,320.000,1,0,13,
101320868000,226.000,4,209.000,31,208.000,10,207.000,20,206.000,20,204.000,10,220.000,31,221.000,30,222.000,30,230.000,1,320.000,1,0,13,
101322007000,226.000,4,209.000,31,208.000,10,207.000,20,206.000,20,84.000,3,220.000,31,221.000,30,222.000,30,230.000,1,320.000,1,0,13,
101322008000,226.000,4,209.000,31,208.000,10,207.000,20,206.000,30,84.000,3,220.000,31,221.000,30,222.000,30,230.000,1,320.000,1,0,13,
101322618000,226.000,4,209.000,31,208.000,10,206.000,30,84.000,3,39.000,20,220.000,31,221.000,30,222.000,10,230.000,1,320.000,1,0,13,
101322618000,226.000,4,209.000,31,208.000,30,206.000,30,84.000,3,39.000,20,220.000,31,221.000,30,222.000,10,223.000,20,230.000,1,0,13,
101324126000,226.000,4,209.000,31,208.000,50,206.000,30,84.000,3,39.000,20,220.000,31,221.000,30,222.000,10,223.000,40,230.000,1,0,13,
101327398000,226.000,4,209.000,31,208.000,50,206.000,10,84.000,3,39.000,20,220.000,31,221.000,10,222.000,10,223.000,40,230.000,1,0,13,
101327504000,226.000,4,209.000,31,208.000,70,206.000,10,84.000,3,39.000,20,220.000,31,221.000,10,222.000,10,223.000,60,230.000,1,0,13,
101330798000,226.000,4,209.000,31,208.000,70,84.000,3,39.000,20,38.500,1,220.000,31,221.000,10,222.000,10,223.000,60,230.000,1,0,13,
101330799000,226.000,4,209.000,31,208.000,80,84.000,3,39.000,20,38.500,1,220.000,31,221.000,10,222.000,10,223.000,60,230.000,1,0,13,
101330869000,226.000,4,209.000,31,208.000,60,84.000,3,39.000,20,38.500,1,220.000,31,221.000,10,222.000,10,223.000,40,230.000,1,0,13,
101330869000,226.000,4,209.000,51,208.000,60,84.000,3,39.000,20,38.500,1,220.000,31,221.000,10,222.000,10,223.000,40,224.000,20,0,13,
101333394000,226.000,4,209.000,51,208.000,60,84.000,3,39.000,20,38.500,1,220.000,31,221.000,10,223.000,40,224.000,20,230.000,1,0,13,
101333459000,226.000,4,209.000,30,208.000,60,84.000,3,39.000,20,38.500,1,220.000,10,221.000,10,223.000,40,224.000,20,230.000,1,0,13,
101333459000,226.000,4,209.000,51,208.000,60,84.000,3,39.000,20,38.500,1,220.000,10,221.000,31,223.000,40,224.000,20,230.000,1,0,13,
101333460000,226.000,4,209.000,51,208.000,60,84.000,3,39.000,20,38.500,1,220.000,10,221.000,31,223.000,50,224.000,20,230.000,1,0,13,
101333460000,226.000,4,209.000,51,208.000,60,84.000,3,39.000,20,38.500,1,221.000,31,223.000,50,224.000,20,230.000,1,320.000,1,0,13,
101333493000,226.000,4,209.000,31,208.000,60,84.000,3,39.000,20,38.500,1,221.000,31,223.000,50,230.000,1,320.000,1,364.000,1,0,13,
101333493000,226.000,4,210.000,20,209.000,31,208.000,60,84.000,3,39.000,20,221.000,31,223.000,50,225.000,20,230.000,1,320.000,1,0,13,
101333493000,226.000,4,210.000,30,209.000,31,208.000,60,84.000,3,39.000,20,221.000,31,223.000,50,225.000,20,230.000,1,320.000,1,0,13,
101333504000,226.000,4,210.000,30,209.000,31,208.000,50,84.000,3,39.000,20,221.000,31,223.000,50,225.000,20,230.000,1,320.000,1,0,13,
101333517000,226.000,4,210.000,30,209.000,31,208.000,50,84.000,3,39.000,20,221.000,31,223.000,50,224.000,10,225.000,20,230.000,1,0,13,
101333747000,226.000,4,210.000,30,209.000,31,208.000,30,84.000,3,39.000,20,221.000,31,223.000,30,224.000,10,225.000,20,230.000,1,0,13,
101334460000,226.000,4,210.000,30,209.000,10,208.000,30,84.000,3,39.000,20,221.000,10,223.000,30,224.000,10,225.000,20,230.000,1,0,13,
101334460000,226.000,4,211.000,21,210.000,30,209.000,10,208.000,30,84.000,3,220.000,21,221.000,10,223.000,30,224.000,10,225.000,20,0,13,
101334460000,226.000,4,211.000,21,210.000,30,209.000,10,208.000,30,84.000,3,220.000,21,223.000,30,224.000,10,225.000,20,230.000,1,0,13,
101334493000,226.000,4,211.000,21,210.000,10,209.000,10,208.000,30,84.000,3,220.000,21,223.000,30,224.000,10,230.000,1,320.000,1,0,13,
101334493000,226.000,4,211.000,21,210.000,10,209.000,30,208.000,30,84.000,3,220.000,21,223.000,30,224.000,30,230.000,1,320.000,1,0,13,
101334525000,226.000,4,211.000,21,210.000,10,209.000,30,208.000,50,84.000,3,220.000,21,223.000,50,224.000,30,230.000,1,320.000,1,0,13,
101334654000,226.000,4,211.000,21,210.000,10,209.000,30,208.000,50,84.000,3,220.000,31,223.000,50,224.000,30,230.000,1,320.000,1,0,13,
101334654000,226.000,4,211.000,31,210.000,10,209.000,30,208.000,50,84.000,3,220.000,31,223.000,50,224.000,30,230.000,1,320.000,1,0,13,
101335004000,226.000,4,211.000,31,210.000,10,209.000,20,208.000,50,84.000,3,220.000,31,223.000,50,224.000,30,230.000,1,320.000,1,0,13,
101335743000,226.000,4,211.000,31,210.000,10,208.000,50,84.000,3,39.000,20,220.000,31,223.000,50,224.000,10,230.000,1,320.000,1,0,13,
101335743000,226.000,4,211.000,31,210.000,30,208.000,50,84.000,3,39.000,20,220.000,31,223.000,50,224.000,10,225.000,20,230.000,1,0,13,
101336461000,226.000,4,211.000,10,210.000,30,208.000,50,84.000,3,39.000,20,220.000,10,223.000,50,224.000,10,225.000,20,230.000,1,0,13,
101336461000,226.000,4,211.000,31,210.000,30,208.000,50,84.000,3,39.000,20,220.000,10,221.000,21,223.000,50,224.000,10,225.000,20,0,13,
101336461000,226.000,4,211.000,21,210.000,30,208.000,50,84.000,3,39.000,20,220.000,10,221.000,21,223.000,50,224.000,10,225.000,20,0,13,
101336461000,226.000,4,211.000,21,210.000,30,208.000,50,84.000,3,39.000,20,221.000,21,223.000,50,224.000,10,225.000,20,230.000,1,0,13,
101336461000,226.000,4,211.000,21,210.000,30,208.000,50,84.000,3,39.000,20,221.000,31,223.000,50,224.000,10,225.000,20,230.000,1,0,13,
101336461000,226.000,4,211.000,31,210.000,30,208.000,50,84.000,3,39.000,20,221.000,31,223.000,50,224.000,10,225.000,20,230.000,1,0,13,
101336504000,226.000,4,211.000,31,210.000,30,208.000,30,84.000,3,39.000,20,221.000,31,223.000,30,224.000,10,225.000,20,230.000,1,0,13,
101336504000,226.000,4,211.000,31,210.000,50,208.000,30,84.000,3,39.000,20,221.000,31,223.000,30,224.000,10,225.000,40,230.000,1,0,13,
101340100000,226.000,4,211.000,10,210.000,50,208.000,30,84.000,3,39.000,20,221.000,10,223.000,30,224.000,10,225.000,40,230.000,1,0,13,
101340100000,226.000,4,211.000,31,210.000,50,208.000,30,84.000,3,39.000,20,221.000,10,222.000,21,223.000,30,224.000,10,225.000,40,0,13,
101340100000,226.000,4,211.000,21,210.000,50,208.000,30,84.000,3,39.000,20,221.000,10,222.000,21,223.000,30,224.000,10,225.000,40,0,13,
101340100000,226.000,4,211.000,21,210.000,50,208.000,30,84.000,3,39.000,20,222.000,21,223.000,30,224.000,10,225.000,40,230.000,1,0,13,
101340100000,226.000,4,211.000,21,210.000,50,208.000,30,84.000,3,39.000,20,222.000,31,223.000,30,224.000,10,225.000,40,230.000,1,0,13,
101340100000,226.000,4,211.000,31,210.000,50,208.000,30,84.000,3,39.000,20,222.000,31,223.000,30,224.000,10,225.000,40,230.000,1,0,13,
101341299000,226.000,4,211.000,31,210.000,30,208.000,30,84.000,3,39.000,20,222.000,31,223.000,30,224.000,10,225.000,20,230.000,1,0,13,
101341299000,226.000,4,211.000,51,210.000,30,208.000,30,84.000,3,39.000,20,222.000,31,223.000,30,224.000,10,225.000,20,226.000,20,0,13,
101342243000,226.000,4,211.000,31,210.000,30,208.000,30,84.000,3,39.000,20,222.000,31,223.000,30,224.000,10,225.000,20,230.000,1,0,13,
101342243000,226.000,4,211.000,31,210.000,50,208.000,30,84.000,3,39.000,20,222.000,31,223.000,30,224.000,10,225.000,40,230.000,1,0,13,
101344341000,226.000,4,218.000,1,211.000,31,210.000,50,208.000,30,84.000,3,222.000,31,223.000,30,224.000,10,225.000,40,230.000,1,0,13,
101344342000,226.000,4,218.000,1,216.000,6,211.000,31,210.000,50,208.000,30,222.000,31,223.000,30,224.000,10,225.000,40,230.000,1,0,13,
101344453000,226.000,4,218.000,1,216.000,6,211.000,31,210.000,30,208.000,30,222.000,31,223.000,30,224.000,10,225.000,20,230.000,1,0,13,
101344453000,218.000,1,218.000,1,216.000,6,211.000,31,210.000,30,208.000,30,222.000,31,223.000,30,224.000,10,225.000,20,230.000,1,1,14,101344453000
101344453000,218.000,1,216.000,6,211.000,31,210.000,30,208.000,30,203.000,20,218.000,19,222.000,31,223.000,30,224.000,10,225.000,20,0,14,
101344453000,218.000,1,211.000,31,210.000,30,208.000,30,203.000,20,84.000,3,218.000,19,222.000,31,223.000,30,224.000,10,225.000,20,0,14,
101344453000,218.000,1,211.000,31,210.000,30,208.000,30,203.000,20,84.000,3,218.000,29,222.000,31,223.000,30,224.000,10,225.000,20,0,14,
101344453000,218.000,1,211.000,31,210.000,30,208.000,30,84.000,3,39.000,20,218.000,10,222.000,31,223.000,30,224.000,10,225.000,20,0,14,
101344454000,218.000,1,211.000,31,210.000,30,208.000,30,84.000,3,39.000,20,222.000,31,223.000,30,224.000,10,225.000,20,230.000,1,0,14,
101344504000,218.000,1,211.000,31,210.000,50,208.000,30,84.000,3,39.000,20,222.000,31,223.000,30,224.000,10,225.000,40,230.000,1,0,14,
101346118000,218.000,1,211.000,31,210.000,30,208.000,30,84.000,3,39.000,20,222.000,31,223.000,30,224.000,10,225.000,20,230.000,1,0,14,
101346118000,218.000,1,211.000,51,210.000,30,208.000,30,84.000,3,39.000,20,222.000,31,223.000,30,224.000,10,225.000,20,226.000,20,0,14,
101349730000,218.000,1,211.000,51,210.000,30,208.000,20,84.000,3,39.000,20,222.000,31,223.000,30,224.000,10,225.000,20,226.000,20,0,14,
101349732000,218.000,1,211.000,51,210.000,40,208.000,20,84.000,3,39.000,20,222.000,31,223.000,30,224.000,10,225.000,20,226.000,20,0,14,
101349734000,218.000,1,211.000,51,210.000,40,84.000,3,39.000,20,38.500,1,222.000,31,223.000,10,224.000,10,225.000,20,226.000,20,0,14,
101349744000,218.000,1,211.000,31,210.000,40,84.000,3,39.000,20,38.500,1,222.000,31,223.000,10,224.000,10,225.000,20,230.000,1,0,14,
101349744000,218.000,1,212.000,20,211.000,31,210.000,40,84.000,3,39.000,20,222.000,31,223.000,10,224.000,10,225.000,20,227.000,20,0,14,
101349744000,218.000,1,212.000,30,211.000,31,210.000,40,84.000,3,39.000,20,222.000,31,223.000,10,224.000,10,225.000,20,227.000,20,0,14,
101349811000,218.000,1,212.000,30,211.000,31,210.000,60,84.000,3,39.000,20,222.000,31,223.000,10,224.000,10,225.000,40,227.000,20,0,14,
101350004000,218.000,1,212.000,30,211.000,31,210.000,50,84.000,3,39.000,20,222.000,31,223.000,10,224.000,10,225.000,40,227.000,20,0,14,
101350111000,218.000,1,212.000,30,211.000,10,210.000,50,84.000,3,39.000,20,222.000,10,223.000,10,224.000,10,225.000,40,227.000,20,0,14,
101350111000,218.000,1,213.000,21,212.000,30,211.000,10,210.000,50,84.000,3,222.000,31,223.000,10,224.000,10,225.000,40,227.000,20,0,14,
101350111000,218.000,1,213.000,21,212.000,30,211.000,10,210.000,50,84.000,3,222.000,31,223.000,10,224.000,20,225.000,40,227.000,20,0,14,
101350111000,218.000,1,213.000,31,212.000,30,211.000,10,210.000,50,84.000,3,222.000,31,223.000,10,224.000,20,225.000,40,227.000,20,0,14,
101350111000,218.000,1,213.000,31,212.000,30,211.000,10,210.000,50,84.000,3,222.000,21,223.000,10,224.000,20,225.000,40,227.000,20,0,14,
101350111000,218.000,1,213.000,31,212.000,30,211.000,10,210.000,50,84.000,3,222.000,31,223.000,10,224.000,20,225.000,40,227.000,20,0,14,
101350493000,218.000,1,213.000,31,212.000,10,211.000,10,210.000,50,84.000,3,222.000,31,223.000,10,224.000,20,225.000,40,230.000,1,0,14,
101350493000,218.000,1,213.000,31,212.000,10,211.000,30,210.000,50,84.000,3,222.000,31,223.000,10,224.000,20,225.000,40,226.000,20,0,14,
101350503000,218.000,1,213.000,31,212.000,10,211.000,20,210.000,50,84.000,3,222.000,31,223.000,10,224.000,20,225.000,40,226.000,20,0,14,
101350503000,218.000,1,213.000,31,212.000,10,211.000,20,210.000,50,84.000,3,222.000,31,223.000,10,224.000,10,225.000,40,226.000,20,0,14,
101351243000,218.000,1,213.000,31,212.000,10,210.000,50,84.000,3,39.000,20,222.000,31,223.000,10,224.000,10,225.000,40,230.000,1,0,14,
101351243000,218.000,1,213.000,31,212.000,30,210.000,50,84.000,3,39.000,20,222.000,31,223.000,10,224.000,10,225.000,40,227.000,20,0,14,
101353118000,218.000,1,213.000,31,212.000,10,210.000,50,84.000,3,39.000,20,222.000,31,223.000,10,224.000,10,225.000,40,230.000,1,0,14,
101353118000,218.000,1,213.000,31,212.000,10,211.000,20,210.000,50,84.000,3,222.000,31,223.000,10,224.000,10,225.000,40,226.000,20,0,14,
101400619000,218.000,1,213.000,31,212.000,10,210.000,50,84.000,3,39.000,20,222.000,31,223.000,10,224.000,10,225.000,40,230.000,1,0,14,
101400619000,218.000,1,213.000,31,212.000,10,210.000,70,84.000,3,39.000,20,222.000,31,223.000,10,224.000,10,225.000,60,230.000,1,0,14,
101401134000,218.000,1,213.000,10,212.000,10,210.000,70,84.000,3,39.000,20,222.000,10,223.000,10,224.000,10,225.000,60,230.000,1,0,14,
101401134000,218.000,1,213.000,10,212.000,31,210.000,70,84.000,3,39.000,20,222.000,31,223.000,10,224.000,10,225.000,60,230.000,1,0,14,
101401134000,218.000,1,213.000,10,212.000,31,210.000,70,84.000,3,39.000,20,222.000,31,223.000,10,224.000,20,225.000,60,230.000,1,0,14,
101401134000,218.000,1,213.000,10,212.000,31,210.000,80,84.000,3,39.000,20,222.000,31,223.000,10,224.000,20,225.000,60,230.000,1,0,14,
101401134000,218.000,1,213.000,10,212.000,31,210.000,80,84.000,3,39.000,20,222.000,21,223.000,10,224.000,20,225.000,60,230.000,1,0,14,
101401134000,218.000,1,212.000,31,210.000,80,84.000,3,39.000,20,38.500,1,222.000,21,223.000,10,224.000,20,225.000,60,230.000,1,0,14,
101401134000,218.000,1,212.000,31,210.000,80,84.000,3,39.000,20,38.500,1,222.000,31,223.000,10,224.000,20,225.000,60,230.000,1,0,14,
101401504000,218.000,1,212.000,31,210.000,80,84.000,3,39.000,20,38.500,1,222.000,31,223.000,10,224.000,10,225.000,60,230.000,1,0,14,
101402243000,218.000,1,212.000,31,210.000,60,84.000,3,39.000,20,38.500,1,222.000,31,223.000,10,224.000,10,225.000,40,230.000,1,0,14,
101402243000,218.000,1,212.000,31,211.000,20,210.000,60,84.000,3,39.000,20,222.000,31,223.000,10,224.000,10,225.000,40,226.000,20,0,14,
101405120000,218.000,1,212.000,31,211.000,20,210.000,40,84.000,3,39.000,20,222.000,31,223.000,10,224.000,10,225.000,20,226.000,20,0,14,
101405243000,218.000,1,212.000,31,210.000,40,84.000,3,39.000,20,38.500,1,222.000,31,223.000,10,224.000,10,225.000,20,230.000,1,0,14,
101405243000,218.000,1,212.000,31,210.000,60,84.000,3,39.000,20,38.500,1,222.000,31,223.000,10,224.000,10,225.000,40,230.000,1,0,14,
101405398000,218.000,1,212.000,31,210.000,60,209.000,20,84.000,3,39.000,20,222.000,31,223.000,10,224.000,30,225.000,40,230.000,1,0,14,
101407118000,218.000,1,212.000,31,210.000,40,209.000,20,84.000,3,39.000,20,222.000,31,223.000,10,224.000,30,225.000,20,230.000,1,0,14,
101407118000,218.000,1,212.000,31,211.000,20,210.000,40,209.000,20,84.000,3,222.000,31,223.000,10,224.000,30,225.000,20,226.000,20,0,14,
101407474000,218.000,1,212.000,10,211.000,20,210.000,40,209.000,20,84.000,3,222.000,10,223.000,10,224.000,30,225.000,20,226.000,20,0,14,
101407474000,218.000,1,213.000,21,212.000,10,211.000,20,210.000,40,209.000,20,222.000,31,223.000,10,224.000,30,225.000,20,226.000,20,0,14,
101407474000,218.000,1,213.000,21,212.000,10,211.000,20,210.000,40,209.000,20,222.000,31,223.000,10,224.000,40,225.000,20,226.000,20,0,14,
101407474000,218.000,1,213.000,21,212.000,10,211.000,30,210.000,40,209.000,20,222.000,31,223.000,10,224.000,40,225.000,20,226.000,20,0,14,
101407474000,218.000,1,213.000,21,211.000,30,210.000,40,209.000,20,84.000,3,222.000,31,223.000,10,224.000,40,225.000,20,226.000,20,0,14,
101407474000,218.000,1,213.000,31,211.000,30,210.000,40,209.000,20,84.000,3,222.000,31,223.000,10,224.000,40,225.000,20,226.000,20,0,14,
101407474000,218.000,1,213.000,31,211.000,30,210.000,40,209.000,20,84.000,3,222.000,21,223.000,10,224.000,40,225.000,20,226.000,20,0,14,
101407504000,218.000,1,213.000,31,211.000,30,210.000,30,209.000,20,84.000,3,222.000,21,223.000,10,224.000,40,225.000,20,226.000,20,0,14,
101407553000,218.000,1,213.000,31,211.000,30,210.000,30,209.000,20,84.000,3,222.000,31,223.000,10,224.000,40,225.000,20,226.000,20,0,14,
101407621000,218.000,1,213.000,31,211.000,30,210.000,30,84.000,3,39.000,20,222.000,31,223.000,10,224.000,20,225.000,20,226.000,20,0,14,
101408004000,218.000,1,213.000,31,211.000,30,210.000,30,84.000,3,39.000,20,222.000,31,223.000,10,224.000,10,225.000,20,226.000,20,0,14,
101408248000,218.000,1,213.000,31,211.000,30,210.000,30,84.000,3,39.000,20,222.000,31,223.000,10,225.000,20,226.000,20,230.000,1,0,14,
101408368000,218.000,1,213.000,31,211.000,30,210.000,30,84.000,3,39.000,20,222.000,31,223.000,10,225.000,20,226.000,30,230.000,1,0,14,
101408369000,218.000,1,213.000,31,211.000,10,210.000,30,84.000,3,39.000,20,222.000,31,223.000,10,225.000,20,226.000,10,230.000,1,0,14,
101408369000,218.000,1,213.000,31,212.000,20,211.000,10,210.000,30,84.000,3,222.000,31,223.000,10,225.000,20,226.000,10,227.000,20,0,14,
101408440000,218.000,1,213.000,31,212.000,20,211.000,30,210.000,30,84.000,3,222.000,31,223.000,10,225.000,20,226.000,30,227.000,20,0,14,
101408494000,218.000,1,213.000,31,211.000,30,210.000,30,84.000,3,39.000,20,222.000,31,223.000,10,225.000,20,226.000,30,230.000,1,0,14,
101408494000,218.000,1,213.000,51,211.000,30,210.000,30,84.000,3,39.000,20,222.000,31,223.000,10,225.000,20,226.000,30,228.000,20,0,14,
101408779000,218.000,1,213.000,30,211.000,30,210.000,30,84.000,3,39.000,20,222.000,10,223.000,10,225.000,20,226.000,30,228.000,20,0,14,
101408779000,218.000,1,213.000,51,211.000,30,210.000,30,84.000,3,39.000,20,222.000,10,223.000,31,225.000,20,226.000,30,228.000,20,0,14,
101408779000,218.000,1,213.000,51,211.000,30,210.000,30,84.000,3,39.000,20,222.000,10,223.000,31,225.000,30,226.000,30,228.000,20,0,14,
101408779000,218.000,1,213.000,51,211.000,30,210.000,30,84.000,3,39.000,20,223.000,31,225.000,30,226.000,30,228.000,20,230.000,1,0,14,
101408870000,218.000,1,213.000,51,211.000,30,210.000,10,84.000,3,39.000,20,223.000,31,225.000,10,226.000,30,228.000,20,230.000,1,0,14,
101409005000,218.000,1,213.000,51,212.000,20,211.000,30,210.000,10,84.000,3,223.000,31,225.000,10,226.000,30,227.000,20,228.000,20,0,14,
101409119000,218.000,1,213.000,31,212.000,20,211.000,30,210.000,10,84.000,3,223.000,31,225.000,10,226.000,30,227.000,20,230.000,1,0,14,
101409119000,218.000,1,213.000,31,212.000,40,211.000,30,210.000,10,84.000,3,223.000,31,225.000,10,226.000,30,227.000,40,230.000,1,0,14,
101409705000,218.000,1,213.000,31,212.000,20,211.000,30,210.000,10,84.000,3,223.000,31,225.000,10,226.000,30,227.000,20,230.000,1,0,14,
101409705000,218.000,1,213.000,51,212.000,20,211.000,30,210.000,10,84.000,3,223.000,31,225.000,10,226.000,30,227.000,20,228.000,20,0,14,
101410339000,218.000,1,213.000,30,212.000,20,211.000,30,210.000,10,84.000,3,223.000,10,225.000,10,226.000,30,227.000,20,228.000,20,0,14,
101410339000,218.000,1,213.000,51,212.000,20,211.000,30,210.000,10,84.000,3,223.000,10,224.000,21,225.000,10,226.000,30,227.000,20,0,14,
101410340000,218.000,1,213.000,51,212.000,20,211.000,30,210.000,10,84.000,3,224.000,21,225.000,10,226.000,30,227.000,20,228.000,20,0,14,
101410545000,218.000,1,213.000,51,212.000,20,211.000,30,210.000,10,84.000,3,224.000,31,225.000,10,226.000,30,227.000,20,228.000,20,0,14,
101411368000,218.000,1,213.000,31,212.000,20,211.000,30,210.000,10,84.000,3,224.000,31,225.000,10,226.000,30,227.000,20,230.000,1,0,14,
101411368000,218.000,1,214.000,20,213.000,31,212.000,20,211.000,30,210.000,10,224.000,31,225.000,10,226.000,30,227.000,20,229.000,20,0,14,
101411368000,218.000,1,214.000,30,213.000,31,212.000,20,211.000,30,210.000,10,224.000,31,225.000,10,226.000,30,227.000,20,229.000,20,0,14,
101411476000,218.000,1,214.000,30,213.000,10,212.000,20,211.000,30,210.000,10,224.000,10,225.000,10,226.000,30,227.000,20,229.000,20,0,14,
101411476000,218.000,1,215.000,21,214.000,30,213.000,10,212.000,20,211.000,30,224.000,31,225.000,10,226.000,30,227.000,20,229.000,20,0,14,
101411476000,218.000,1,215.000,21,214.000,30,213.000,10,212.000,20,211.000,30,224.000,31,225.000,10,226.000,40,227.000,20,229.000,20,0,14,
101411476000,218.000,1,215.000,21,214.000,30,213.000,10,212.000,20,211.000,30,224.000,21,225.000,10,226.000,40,227.000,20,229.000,20,0,14,
101411476000,218.000,1,215.000,31,214.000,30,213.000,10,212.000,20,211.000,30,224.000,21,225.000,10,226.000,40,227.000,20,229.000,20,0,14,
101411476000,218.000,1,215.000,31,214.000,30,213.000,10,212.000,20,211.000,30,224.000,31,225.000,10,226.000,40,227.000,20,229.000,20,0,14,
101411504000,218.000,1,215.000,31,214.000,30,213.000,10,212.000,20,211.000,30,224.000,31,225.000,10,226.000,30,227.000,20,229.000,20,0,14,
101411504000,218.000,1,215.000,31,214.000,30,212.000,20,211.000,30,210.000,10,224.000,31,225.000,10,226.000,30,227.000,20,229.000,20,0,14,
101411504000,218.000,1,215.000,31,214.000,30,212.000,20,211.000,20,210.000,10,224.000,31,225.000,10,226.000,30,227.000,20,229.000,20,0,14,
101412751000,218.000,1,215.000,31,214.000,10,212.000,20,211.000,20,210.000,10,224.000,31,225.000,10,226.000,30,227.000,20,230.000,1,0,14,
101412751000,218.000,1,215.000,31,214.000,10,213.000,20,212.000,20,211.000,20,224.000,31,225.000,10,226.000,30,227.000,20,228.000,20,0,14,
101414870000,218.000,1,215.000,31,214.000,10,212.000,20,211.000,20,210.000,10,224.000,31,225.000,10,226.000,30,227.000,20,230.000,1,0,14,
101414870000,218.000,1,215.000,31,214.000,10,212.000,40,211.000,20,210.000,10,224.000,31,225.000,10,226.000,30,227.000,40,230.000,1,0,14,
101415477000,218.000,1,215.000,10,214.000,10,212.000,40,211.000,20,210.000,10,224.000,10,225.000,10,226.000,30,227.000,40,230.000,1,0,14,
101415477000,218.000,1,215.000,10,214.000,31,212.000,40,211.000,20,210.000,10,224.000,31,225.000,10,226.000,30,227.000,40,230.000,1,0,14,
101415478000,218.000,1,215.000,10,214.000,31,212.000,50,211.000,20,210.000,10,224.000,31,225.000,10,226.000,30,227.000,40,230.000,1,0,14,
101415478000,218.000,1,215.000,10,214.000,31,212.000,50,211.000,20,210.000,10,224.000,31,225.000,10,226.000,40,227.000,40,230.000,1,0,14,
101415478000,218.000,1,214.000,31,212.000,50,211.000,20,210.000,10,84.000,3,224.000,31,225.000,10,226.000,40,227.000,40,230.000,1,0,14,
101415478000,218.000,1,214.000,31,212.000,50,211.000,20,210.000,10,84.000,3,224.000,21,225.000,10,226.000,40,227.000,40,230.000,1,0,14,
101415478000,218.000,1,214.000,31,212.000,50,211.000,20,210.000,10,84.000,3,224.000,31,225.000,10,226.000,40,227.000,40,230.000,1,0,14,
101415504000,218.000,1,214.000,31,212.000,50,211.000,20,210.000,10,84.000,3,224.000,31,225.000,10,226.000,30,227.000,40,230.000,1,0,14,
101416152000,218.000,1,214.000,31,212.000,50,210.000,10,84.000,3,39.000,20,224.000,31,225.000,10,226.000,10,227.000,40,230.000,1,0,14,
101418442000,218.000,1,214.000,31,212.000,50,211.000,20,210.000,10,84.000,3,224.000,31,225.000,10,226.000,30,227.000,40,230.000,1,0,14,
101419271000,218.000,1,214.000,31,212.000,50,210.000,10,84.000,3,39.000,20,224.000,31,225.000,10,226.000,10,227.000,40,230.000,1,0,14,
101419369000,218.000,1,214.000,31,212.000,30,210.000,10,84.000,3,39.000,20,224.000,31,225.000,10,226.000,10,227.000,20,230.000,1,0,14,
101419369000,218.000,1,214.000,31,212.000,30,211.000,20,210.000,10,84.000,3,224.000,31,225.000,10,226.000,30,227.000,20,230.000,1,0,14,
101419450000,218.000,1,214.000,31,212.000,30,211.000,20,210.000,30,84.000,3,224.000,31,225.000,30,226.000,30,227.000,20,230.000,1,0,14,
101419479000,218.000,1,214.000,10,212.000,30,211.000,20,210.000,30,84.000,3,224.000,10,225.000,30,226.000,30,227.000,20,230.000,1,0,14,
101419479000,218.000,1,214.000,10,213.000,21,212.000,30,211.000,20,210.000,30,224.000,31,225.000,30,226.000,30,227.000,20,230.000,1,0,14,
101419479000,218.000,1,213.000,21,212.000,30,211.000,20,210.000,30,84.000,3,224.000,31,225.000,30,226.000,30,227.000,20,230.000,1,0,14,
101419479000,218.000,1,213.000,21,212.000,30,211.000,20,210.000,30,84.000,3,224.000,21,225.000,30,226.000,30,227.000,20,230.000,1,0,14,
101419504000,218.000,1,213.000,21,212.000,10,211.000,20,210.000,30,84.000,3,224.000,21,225.000,30,226.000,30,230.000,1,320.000,1,0,14,
101419504000,218.000,1,213.000,21,212.000,10,211.000,20,210.000,50,84.000,3,224.000,21,225.000,50,226.000,30,230.000,1,320.000,1,0,14,
101419704000,218.000,1,213.000,31,212.000,10,211.000,20,210.000,50,84.000,3,224.000,21,225.000,50,226.000,30,230.000,1,320.000,1,0,14,
101419704000,218.000,1,213.000,31,212.000,10,211.000,20,210.000,50,84.000,3,224.000,31,225.000,50,226.000,30,230.000,1,320.000,1,0,14,
101425493000,218.000,1,213.000,31,212.000,10,210.000,50,84.000,3,39.000,20,224.000,31,225.000,50,226.000,10,230.000,1,320.000,1,0,14,
101425493000,218.000,1,213.000,31,212.000,30,210.000,50,84.000,3,39.000,20,224.000,31,225.000,50,226.000,10,227.000,20,230.000,1,0,14,
101426505000,218.000,1,213.000,31,212.000,10,210.000,50,84.000,3,39.000,20,224.000,31,225.000,50,226.000,10,230.000,1,320.000,1,0,14,
101426505000,218.000,1,213.000,31,212.000,10,211.000,20,210.000,50,84.000,3,224.000,31,225.000,50,226.000,30,230.000,1,320.000,1,0,14,
101427750000,218.000,1,213.000,31,212.000,10,211.000,20,210.000,50,84.000,3,224.000,31,225.000,50,226.000,30,227.000,1,230.000,1,0,14,
101429118000,218.000,1,213.000,31,212.000,10,210.000,50,84.000,3,39.000,20,224.000,31,225.000,50,226.000,10,227.000,1,230.000,1,0,14,
101429118000,218.000,1,213.000,31,212.000,30,210.000,50,84.000,3,39.000,20,224.000,31,225.000,50,226.000,10,227.000,21,230.000,1,0,14,
101434743000,218.000,1,213.000,31,212.000,10,210.000,50,84.000,3,39.000,20,224.000,31,225.000,50,226.000,10,227.000,1,230.000,1,0,14,
101434743000,218.000,1,213.000,31,212.000,10,211.000,20,210.000,50,84.000,3,224.000,31,225.000,50,226.000,30,227.000,1,230.000,1,0,14,
101435868000,218.000,1,213.000,31,212.000,10,210.000,50,84.000,3,39.000,20,224.000,31,225.000,50,226.000,10,227.000,1,230.000,1,0,14,
101435868000,218.000,1,213.000,31,212.000,30,210.000,50,84.000,3,39.000,20,224.000,31,225.000,50,226.000,10,227.000,21,230.000,1,0,14,
101436368000,218.000,1,213.000,31,212.000,10,210.000,50,84.000,3,39.000,20,224.000,31,225.000,50,226.000,10,227.000,1,230.000,1,0,14,
101436368000,218.000,1,213.000,31,212.000,10,211.000,20,210.000,50,84.000,3,224.000,31,225.000,50,226.000,30,227.000,1,230.000,1,0,14,
101439368000,218.000,1,213.000,31,212.000,10,210.000,50,84.000,3,39.000,20,224.000,31,225.000,50,226.000,10,227.000,1,230.000,1,0,14,
101439368000,218.000,1,213.000,31,212.000,30,210.000,50,84.000,3,39.000,20,224.000,31,225.000,50,226.000,10,227.000,21,230.000,1,0,14,
101439500000,218.000,1,213.000,31,212.000,30,210.000,30,84.000,3,39.000,20,224.000,31,225.000,30,226.000,10,227.000,21,230.000,1,0,14,
101439616000,218.000,1,213.000,31,212.000,30,210.000,50,84.000,3,39.000,20,224.000,31,225.000,50,226.000,10,227.000,21,230.000,1,0,14,
101441118000,218.000,1,213.000,31,212.000,10,210.000,50,84.000,3,39.000,20,224.000,31,225.000,50,226.000,10,227.000,1,230.000,1,0,14,
101441118000,218.000,1,213.000,31,212.000,10,211.000,20,210.000,50,84.000,3,224.000,31,225.000,50,226.000,30,227.000,1,230.000,1,0,14,
101444618000,218.000,1,213.000,31,212.000,10,210.000,50,84.000,3,39.000,20,224.000,31,225.000,50,226.000,10,227.000,1,230.000,1,0,14,
101444618000,218.000,1,213.000,31,212.000,10,210.000,70,84.000,3,39.000,20,224.000,31,225.000,70,226.000,10,227.000,1,230.000,1,0,14,
101446140000,218.000,1,213.000,10,212.000,10,210.000,70,84.000,3,39.000,20,224.000,10,225.000,70,226.000,10,227.000,1,230.000,1,0,14,
101446140000,218.000,1,213.000,10,212.000,31,210.000,70,84.000,3,39.000,20,224.000,31,225.000,70,226.000,10,227.000,1,230.000,1,0,14,
101446140000,218.000,1,213.000,10,212.000,31,210.000,70,84.000,3,39.000,20,224.000,21,225.000,70,226.000,10,227.000,1,230.000,1,0,14,
101446140000,218.000,1,213.000,10,212.000,31,210.000,80,84.000,3,39.000,20,224.000,21,225.000,70,226.000,10,227.000,1,230.000,1,0,14,
101446140000,218.000,1,212.000,31,210.000,80,84.000,3,39.000,20,38.500,1,224.000,21,225.000,70,226.000,10,227.000,1,230.000,1,0,14,
101446140000,218.000,1,212.000,31,210.000,80,84.000,3,39.000,20,38.500,1,224.000,31,225.000,70,226.000,10,227.000,1,230.000,1,0,14,
101446706000,218.000,1,212.000,31,210.000,60,84.000,3,39.000,20,38.500,1,224.000,31,225.000,50,226.000,10,227.000,1,230.000,1,0,14,
101447491000,218.000,1,212.000,10,210.000,60,84.000,3,39.000,20,38.500,1,224.000,10,225.000,50,226.000,10,227.000,1,230.000,1,0,14,
101447491000,218.000,1,213.000,21,212.000,10,210.000,60,84.000,3,39.000,20,224.000,31,225.000,50,226.000,10,227.000,1,230.000,1,0,14,
101447491000,218.000,1,213.000,21,210.000,60,84.000,3,39.000,20,38.500,1,224.000,31,225.000,50,226.000,10,227.000,1,230.000,1,0,14,
101447491000,218.000,1,213.000,21,210.000,60,84.000,3,39.000,20,38.500,1,224.000,21,225.000,50,226.000,10,227.000,1,230.000,1,0,14,
101447505000,218.000,1,213.000,21,210.000,80,84.000,3,39.000,20,38.500,1,224.000,21,225.000,70,226.000,10,227.000,1,230.000,1,0,14,
101448120000,218.000,1,213.000,31,210.000,80,84.000,3,39.000,20,38.500,1,224.000,21,225.000,70,226.000,10,227.000,1,230.000,1,0,14,
101448120000,218.000,1,213.000,31,210.000,80,84.000,3,39.000,20,38.500,1,224.000,31,225.000,70,226.000,10,227.000,1,230.000,1,0,14,
101448491000,218.000,1,213.000,10,210.000,80,84.000,3,39.000,20,38.500,1,224.000,10,225.000,70,226.000,10,227.000,1,230.000,1,0,14,
101448491000,218.000,1,213.000,10,212.000,21,210.000,80,84.000,3,39.000,20,224.000,31,225.000,70,226.000,10,227.000,1,230.000,1,0,14,
101448492000,218.000,1,212.000,21,210.000,80,84.000,3,39.000,20,38.500,1,224.000,31,225.000,70,226.000,10,227.000,1,230.000,1,0,14,
101448492000,218.000,1,212.000,21,210.000,80,84.000,3,39.000,20,38.500,1,224.000,21,225.000,70,226.000,10,227.000,1,230.000,1,0,14,
101448492000,218.000,1,212.000,31,210.000,80,84.000,3,39.000,20,38.500,1,224.000,21,225.000,70,226.000,10,227.000,1,230.000,1,0,14,
101448492000,218.000,1,212.000,31,210.000,80,84.000,3,39.000,20,38.500,1,224.000,31,225.000,70,226.000,10,227.000,1,230.000,1,0,14,
101450154000,218.000,1,212.000,31,210.000,80,84.000,3,39.000,20,38.500,1,224.000,31,225.000,70,227.000,1,230.000,1,320.000,1,0,14,
101450154000,218.000,1,212.000,31,210.000,80,84.000,3,39.000,20,38.500,1,224.000,41,225.000,70,227.000,1,230.000,1,320.000,1,0,14,
101450243000,218.000,1,212.000,31,210.000,60,84.000,3,39.000,20,38.500,1,224.000,41,225.000,50,227.000,1,230.000,1,320.000,1,0,14,
101450243000,218.000,1,212.000,31,210.000,60,209.000,20,84.000,3,39.000,20,224.000,61,225.000,50,227.000,1,230.000,1,320.000,1,0,14,
101455607000,218.000,1,212.000,31,210.000,40,209.000,20,84.000,3,39.000,20,224.000,61,225.000,30,227.000,1,230.000,1,320.000,1,0,14,
101455651000,218.000,1,212.000,31,210.000,30,209.000,20,84.000,3,39.000,20,224.000,61,225.000,30,227.000,1,230.000,1,320.000,1,0,14,
101455665000,218.000,1,212.000,10,210.000,30,209.000,20,84.000,3,39.000,20,224.000,40,225.000,30,227.000,1,230.000,1,320.000,1,0,14,
101455665000,218.000,1,212.000,10,211.000,21,210.000,30,209.000,20,84.000,3,224.000,61,225.000,30,227.000,1,230.000,1,320.000,1,0,14,
101455666000,218.000,1,211.000,21,210.000,30,209.000,20,84.000,3,39.000,20,224.000,61,225.000,30,227.000,1,230.000,1,320.000,1,0,14,
101455666000,218.000,1,211.000,31,210.000,30,209.000,20,84.000,3,39.000,20,224.000,61,225.000,30,227.000,1,230.000,1,320.000,1,0,14,
101455744000,218.000,1,211.000,31,210.000,30,84.000,3,39.000,20,38.500,1,224.000,41,225.000,30,227.000,1,230.000,1,320.000,1,0,14,
101455744000,218.000,1,211.000,31,210.000,30,208.000,20,84.000,3,39.000,20,223.000,20,224.000,41,225.000,30,227.000,1,230.000,1,0,14,
101455745000,218.000,1,211.000,31,210.000,30,208.000,20,84.000,3,39.000,20,223.000,30,224.000,41,225.000,30,227.000,1,230.000,1,0,14,
101455764000,218.000,1,211.000,31,210.000,10,208.000,20,84.000,3,39.000,20,223.000,30,224.000,41,225.000,10,227.000,1,230.000,1,0,14,
101455769000,218.000,1,211.000,31,210.000,10,208.000,20,207.000,10,84.000,3,223.000,30,224.000,41,225.000,10,227.000,1,230.000,1,0,14,
101456005000,218.000,1,211.000,31,210.000,10,208.000,40,207.000,10,84.000,3,223.000,50,224.000,41,225.000,10,227.000,1,230.000,1,0,14,
101456005000,218.000,1,211.000,31,210.000,10,208.000,40,207.000,10,84.000,3,223.000,50,224.000,41,227.000,1,230.000,1,320.000,1,0,14,
101456053000,218.000,1,211.000,31,210.000,10,208.000,40,207.000,10,84.000,3,223.000,50,224.000,41,225.000,6,227.000,1,230.000,1,0,14,
101456700000,218.000,1,211.000,10,210.000,10,208.000,40,207.000,10,84.000,3,223.000,50,224.000,20,225.000,6,227.000,1,230.000,1,0,14,
101456700000,218.000,1,211.000,31,210.000,10,208.000,40,207.000,10,84.000,3,222.000,21,223.000,50,224.000,20,225.000,6,227.000,1,0,14,
101456700000,218.000,1,211.000,31,210.000,10,208.000,40,207.000,10,84.000,3,222.000,31,223.000,50,224.000,20,225.000,6,227.000,1,0,14,
101457004000,218.000,1,211.000,31,210.000,10,208.000,40,207.000,10,84.000,3,222.000,31,223.000,50,224.000,10,225.000,6,227.000,1,0,14,
101457495000,218.000,1,211.000,10,210.000,10,208.000,40,207.000,10,84.000,3,222.000,10,223.000,50,224.000,10,225.000,6,227.000,1,0,14,
101457495000,218.000,1,211.000,10,210.000,31,208.000,40,207.000,10,84.000,3,222.000,31,223.000,50,224.000,10,225.000,6,227.000,1,0,14,
101457496000,218.000,1,211.000,10,210.000,31,208.000,50,207.000,10,84.000,3,222.000,31,223.000,50,224.000,10,225.000,6,227.000,1,0,14,
101457496000,218.000,1,210.000,31,208.000,50,207.000,10,84.000,3,39.000,20,222.000,31,223.000,50,224.000,10,225.000,6,227.000,1,0,14,
101457496000,218.000,1,210.000,31,208.000,50,207.000,10,84.000,3,39.000,20,222.000,21,223.000,50,224.000,10,225.000,6,227.000,1,0,14,
101457496000,218.000,1,210.000,31,208.000,50,207.000,10,84.000,3,39.000,20,222.000,31,223.000,50,224.000,10,225.000,6,227.000,1,0,14,
101458369000,218.000,1,210.000,31,208.000,30,207.000,10,84.000,3,39.000,20,222.000,31,223.000,30,224.000,10,225.000,6,227.000,1,0,14,
101458369000,218.000,1,210.000,31,208.000,30,207.000,30,84.000,3,39.000,20,222.000,51,223.000,30,224.000,10,225.000,6,227.000,1,0,14,
101458493000,218.000,1,210.000,31,208.000,30,207.000,10,84.000,3,39.000,20,222.000,31,223.000,30,224.000,10,225.000,6,227.000,1,0,14,
101458493000,218.000,1,210.000,31,208.000,50,207.000,10,84.000,3,39.000,20,222.000,31,223.000,50,224.000,10,225.000,6,227.000,1,0,14,
101459153000,218.000,1,210.000,10,208.000,50,207.000,10,84.000,3,39.000,20,222.000,10,223.000,50,224.000,10,225.000,6,227.000,1,0,14,
101459153000,218.000,1,211.000,21,210.000,10,208.000,50,207.000,10,84.000,3,222.000,31,223.000,50,224.000,10,225.000,6,227.000,1,0,14,
101459153000,218.000,1,211.000,21,208.000,50,207.000,10,84.000,3,39.000,20,222.000,31,223.000,50,224.000,10,225.000,6,227.000,1,0,14,
101459153000,218.000,1,211.000,21,208.000,50,207.000,10,84.000,3,39.000,20,222.000,21,223.000,50,224.000,10,225.000,6,227.000,1,0,14,
101459273000,218.000,1,211.000,21,209.000,20,208.000,50,207.000,10,84.000,3,222.000,21,223.000,50,224.000,30,225.000,6,227.000,1,0,14,
101459288000,218.000,1,211.000,31,209.000,20,208.000,50,207.000,10,84.000,3,222.000,21,223.000,50,224.000,30,225.000,6,227.000,1,0,14,
101459289000,218.000,1,211.000,31,209.000,20,208.000,50,207.000,10,84.000,3,222.000,31,223.000,50,224.000,30,225.000,6,227.000,1,0,14,
101500175000,218.000,1,211.000,10,209.000,20,208.000,50,207.000,10,84.000,3,222.000,10,223.000,50,224.000,30,225.000,6,227.000,1,0,14,
101500175000,218.000,1,211.000,10,210.000,21,209.000,20,208.000,50,207.000,10,222.000,31,223.000,50,224.000,30,225.000,6,227.000,1,0,14,
101500175000,218.000,1,210.000,21,209.000,20,208.000,50,207.000,10,84.000,3,222.000,31,223.000,50,224.000,30,225.000,6,227.000,1,0,14,
101500243000,218.000,1,210.000,21,209.000,20,208.000,30,207.000,10,84.000,3,222.000,31,223.000,30,224.000,30,225.000,6,227.000,1,0,14,
101500243000,218.000,1,210.000,21,209.000,20,208.000,30,207.000,30,84.000,3,222.000,51,223.000,30,224.000,30,225.000,6,227.000,1,0,14,
101500493000,218.000,1,210.000,21,209.000,20,208.000,30,207.000,10,84.000,3,222.000,31,223.000,30,224.000,30,225.000,6,227.000,1,0,14,
101500493000,218.000,1,210.000,21,209.000,20,208.000,50,207.000,10,84.000,3,222.000,31,223.000,50,224.000,30,225.000,6,227.000,1,0,14,
101501121000,218.000,1,210.000,31,209.000,20,208.000,50,207.000,10,84.000,3,222.000,31,223.000,50,224.000,30,225.000,6,227.000,1,0,14,
101502992000,218.000,1,210.000,31,209.000,20,208.000,30,207.000,10,84.000,3,222.000,31,223.000,30,224.000,30,225.000,6,227.000,1,0,14,
101502992000,218.000,1,210.000,31,209.000,40,208.000,30,207.000,10,84.000,3,222.000,31,223.000,30,224.000,50,225.000,6,227.000,1,0,14,
101503119000,218.000,1,210.000,31,209.000,40,208.000,30,207.000,10,84.000,3,222.000,31,223.000,30,224.000,50,227.000,1,230.000,1,0,14,
101504368000,218.000,1,210.000,31,209.000,20,208.000,30,207.000,10,84.000,3,222.000,31,223.000,30,224.000,30,227.000,1,230.000,1,0,14,
101504368000,218.000,1,210.000,31,209.000,20,208.000,50,207.000,10,84.000,3,222.000,31,223.000,50,224.000,30,227.000,1,230.000,1,0,14,
101507243000,218.000,1,210.000,31,209.000,20,208.000,30,207.000,10,84.000,3,222.000,31,223.000,30,224.000,30,227.000,1,230.000,1,0,14,
101507243000,218.000,1,210.000,31,209.000,40,208.000,30,207.000,10,84.000,3,222.000,31,223.000,30,224.000,50,227.000,1,230.000,1,0,14,
101508818000,218.000,1,210.000,31,209.000,40,208.000,10,207.000,10,84.000,3,222.000,31,223.000,10,224.000,50,227.000,1,230.000,1,0,14,
101508993000,218.000,1,210.000,31,209.000,20,208.000,10,207.000,10,84.000,3,222.000,31,223.000,10,224.000,30,227.000,1,230.000,1,0,14,
101508993000,218.000,1,210.000,51,209.000,20,208.000,10,207.000,10,84.000,3,222.000,31,223.000,10,224.000,30,225.000,20,227.000,1,0,14,
101509004000,218.000,1,210.000,71,209.000,20,208.000,10,207.000,10,84.000,3,222.000,31,223.000,10,224.000,30,225.000,40,227.000,1,0,14,
101509368000,218.000,1,210.000,51,209.000,20,208.000,10,207.000,10,84.000,3,222.000,31,223.000,10,224.000,30,225.000,20,227.000,1,0,14,
101509368000,218.000,1,210.000,51,209.000,40,208.000,10,207.000,10,84.000,3,222.000,31,223.000,10,224.000,50,225.000,20,227.000,1,0,14,
101509618000,218.000,1,210.000,51,209.000,20,208.000,10,207.000,10,84.000,3,222.000,31,223.000,10,224.000,30,225.000,20,227.000,1,0,14,
101509618000,218.000,1,210.000,71,209.000,20,208.000,10,207.000,10,84.000,3,222.000,31,223.000,10,224.000,30,225.000,40,227.000,1,0,14,
101510208000,218.000,1,210.000,71,209.000,20,208.000,10,84.000,3,39.000,20,222.000,31,223.000,10,224.000,30,225.000,40,227.000,1,0,14,
101510209000,218.000,1,210.000,71,209.000,30,208.000,10,84.000,3,39.000,20,222.000,31,223.000,10,224.000,30,225.000,40,227.000,1,0,14,
101511368000,218.000,1,210.000,51,209.000,30,208.000,10,84.000,3,39.000,20,222.000,31,223.000,10,224.000,30,225.000,20,227.000,1,0,14,
101511368000,218.000,1,210.000,51,209.000,50,208.000,10,84.000,3,39.000,20,222.000,31,223.000,10,224.000,50,225.000,20,227.000,1,0,14,
101511743000,218.000,1,210.000,51,209.000,30,208.000,10,84.000,3,39.000,20,222.000,31,223.000,10,224.000,30,225.000,20,227.000,1,0,14,
101511743000,218.000,1,210.000,71,209.000,30,208.000,10,84.000,3,39.000,20,222.000,31,223.000,10,224.000,30,225.000,40,227.000,1,0,14,
101513187000,218.000,1,210.000,71,209.000,10,208.000,10,84.000,3,39.000,20,222.000,31,223.000,10,224.000,10,225.000,40,227.000,1,0,14,
101513331000,218.000,1,210.000,71,209.000,30,208.000,10,84.000,3,39.000,20,222.000,31,223.000,10,224.000,30,225.000,40,227.000,1,0,14,
101513868000,218.000,1,210.000,51,209.000,30,208.000,10,84.000,3,39.000,20,222.000,31,223.000,10,224.000,30,225.000,20,227.000,1,0,14,
101513868000,218.000,1,210.000,51,209.000,50,208.000,10,84.000,3,39.000,20,222.000,31,223.000,10,224.000,50,225.000,20,227.000,1,0,14,
101516104000,218.000,1,210.000,51,209.000,30,208.000,10,84.000,3,39.000,20,222.000,31,223.000,10,224.000,30,225.000,20,227.000,1,0,14,
101516618000,218.000,1,210.000,51,209.000,10,208.000,10,84.000,3,39.000,20,222.000,31,223.000,10,224.000,10,225.000,20,227.000,1,0,14,
101516618000,218.000,1,210.000,51,209.000,10,208.000,30,84.000,3,39.000,20,222.000,31,223.000,30,224.000,10,225.000,20,227.000,1,0,14,
101516628000,218.000,1,210.000,51,209.000,10,208.000,50,84.000,3,39.000,20,222.000,31,223.000,50,224.000,10,225.000,20,227.000,1,0,14,
101517623000,218.000,1,210.000,51,209.000,10,208.000,30,84.000,3,39.000,20,222.000,31,223.000,30,224.000,10,225.000,20,227.000,1,0,14,
101517623000,218.000,1,210.000,51,209.000,30,208.000,30,84.000,3,39.000,20,222.000,31,223.000,30,224.000,30,225.000,20,227.000,1,0,14,
101519867000,218.000,1,210.000,51,209.000,10,208.000,30,84.000,3,39.000,20,222.000,31,223.000,30,224.000,10,225.000,20,227.000,1,0,14,
101519867000,218.000,1,210.000,51,209.000,10,208.000,50,84.000,3,39.000,20,222.000,31,223.000,50,224.000,10,225.000,20,227.000,1,0,14,
101523087000,218.000,1,210.000,31,209.000,10,208.000,50,84.000,3,39.000,20,222.000,31,223.000,50,224.000,10,227.000,1,230.000,1,0,14,
101523504000,218.000,1,210.000,31,209.000,10,208.000,70,84.000,3,39.000,20,222.000,31,223.000,70,224.000,10,227.000,1,230.000,1,0,14,
101524494000,218.000,1,210.000,31,209.000,10,208.000,50,84.000,3,39.000,20,222.000,31,223.000,50,224.000,10,227.000,1,230.000,1,0,14,
101524494000,218.000,1,210.000,31,209.000,30,208.000,50,84.000,3,39.000,20,222.000,31,223.000,50,224.000,30,227.000,1,230.000,1,0,14,
101525118000,218.000,1,210.000,31,209.000,10,208.000,50,84.000,3,39.000,20,222.000,31,223.000,50,224.000,10,227.000,1,230.000,1,0,14,
101525118000,218.000,1,210.000,31,209.000,10,208.000,70,84.000,3,39.000,20,222.000,31,223.000,70,224.000,10,227.000,1,230.000,1,0,14,
101526243000,218.000,1,210.000,31,209.000,10,208.000,50,84.000,3,39.000,20,222.000,31,223.000,50,224.000,10,227.000,1,230.000,1,0,14,
101526243000,218.000,1,210.000,31,209.000,30,208.000,50,84.000,3,39.000,20,222.000,31,223.000,50,224.000,30,227.000,1,230.000,1,0,14,
101528118000,218.000,1,210.000,31,209.000,10,208.000,50,84.000,3,39.000,20,222.000,31,223.000,50,224.000,10,227.000,1,230.000,1,0,14,
101528118000,218.000,1,210.000,31,209.000,10,208.000,70,84.000,3,39.000,20,222.000,31,223.000,70,224.000,10,227.000,1,230.000,1,0,14,
101536700000,218.000,1,210.000,31,209.000,10,208.000,50,84.000,3,39.000,20,222.000,31,223.000,50,224.000,10,227.000,1,230.000,1,0,14,
101537102000,218.000,1,210.000,31,209.000,10,208.000,70,84.000,3,39.000,20,222.000,31,223.000,70,224.000,10,227.000,1,230.000,1,0,14,
101540228000,218.000,1,210.000,31,208.000,70,84.000,3,39.000,20,38.500,1,222.000,31,223.000,70,224.000,10,227.000,1,230.000,1,0,14,
101540351000,218.000,1,210.000,31,208.000,70,207.000,10,84.000,3,39.000,20,222.000,31,223.000,70,224.000,10,227.000,1,230.000,1,0,14,
101541109000,218.000,1,210.000,31,208.000,50,207.000,10,84.000,3,39.000,20,222.000,31,223.000,50,224.000,10,227.000,1,230.000,1,0,14,
101541109000,218.000,1,210.000,31,208.000,50,207.000,30,84.000,3,39.000,20,222.000,51,223.000,50,224.000,10,227.000,1,230.000,1,0,14,
101541514000,218.000,1,210.000,10,208.000,50,207.000,30,84.000,3,39.000,20,222.000,30,223.000,50,224.000,10,227.000,1,230.000,1,0,14,
101541514000,218.000,1,210.000,10,209.000,21,208.000,50,207.000,30,84.000,3,222.000,51,223.000,50,224.000,10,227.000,1,230.000,1,0,14,
101541515000,218.000,1,209.000,21,208.000,50,207.000,30,84.000,3,39.000,20,222.000,51,223.000,50,224.000,10,227.000,1,230.000,1,0,14,
101541515000,218.000,1,209.000,31,208.000,50,207.000,30,84.000,3,39.000,20,222.000,51,223.000,50,224.000,10,227.000,1,230.000,1,0,14,
101541790000,218.000,1,209.000,31,208.000,30,207.000,30,84.000,3,39.000,20,222.000,51,223.000,30,224.000,10,227.000,1,230.000,1,0,14,
101542159000,218.000,1,209.000,31,208.000,30,207.000,50,84.000,3,39.000,20,222.000,71,223.000,30,224.000,10,227.000,1,230.000,1,0,14,
101547517000,218.000,1,209.000,31,208.000,30,207.000,30,84.000,3,39.000,20,222.000,51,223.000,30,224.000,10,227.000,1,230.000,1,0,14,
101547626000,218.000,1,209.000,31,208.000,30,207.000,10,84.000,3,39.000,20,222.000,31,223.000,30,224.000,10,227.000,1,230.000,1,0,14,
101547626000,218.000,1,209.000,31,208.000,50,207.000,10,84.000,3,39.000,20,222.000,31,223.000,50,224.000,10,227.000,1,230.000,1,0,14,
101548368000,218.000,1,209.000,31,208.000,30,207.000,10,84.000,3,39.000,20,222.000,31,223.000,30,224.000,10,227.000,1,230.000,1,0,14,
101548368000,218.000,1,209.000,31,208.000,30,207.000,30,84.000,3,39.000,20,222.000,51,223.000,30,224.000,10,227.000,1,230.000,1,0,14,
101551220000,218.000,1,209.000,31,208.000,30,207.000,50,84.000,3,39.000,20,222.000,71,223.000,30,224.000,10,227.000,1,230.000,1,0,14,
101556942000,218.000,1,209.000,31,208.000,30,207.000,30,84.000,3,39.000,20,222.000,51,223.000,30,224.000,10,227.000,1,230.000,1,0,14,
101556942000,218.000,1,209.000,31,208.000,30,207.000,30,206.000,20,84.000,3,221.000,20,222.000,51,223.000,30,224.000,10,227.000,1,0,14,
101556943000,218.000,1,209.000,31,208.000,30,207.000,30,206.000,20,84.000,3,221.000,30,222.000,51,223.000,30,224.000,10,227.000,1,0,14,
101557004000,218.000,1,209.000,31,208.000,30,207.000,30,206.000,20,84.000,3,221.000,30,222.000,51,223.000,20,224.000,10,227.000,1,0,14,
101557171000,218.000,1,209.000,10,208.000,30,207.000,30,206.000,20,84.000,3,221.000,30,222.000,30,223.000,20,224.000,10,227.000,1,0,14,
101557171000,218.000,1,209.000,31,208.000,30,207.000,30,206.000,20,84.000,3,220.000,21,221.000,30,222.000,30,223.000,20,224.000,10,0,14,
101557171000,218.000,1,209.000,31,208.000,30,207.000,30,206.000,20,84.000,3,220.000,31,221.000,30,222.000,30,223.000,20,224.000,10,0,14,
101557171000,218.000,1,209.000,21,208.000,30,207.000,30,206.000,20,84.000,3,220.000,31,221.000,30,222.000,30,223.000,20,224.000,10,0,14,
101557230000,218.000,1,209.000,21,208.000,30,207.000,30,206.000,20,84.000,3,220.000,31,221.000,30,222.000,30,223.000,20,227.000,1,0,14,
101557230000,218.000,1,209.000,21,208.000,30,207.000,30,206.000,20,84.000,3,220.000,31,221.000,40,222.000,30,223.000,20,227.000,1,0,14,
101557504000,218.000,1,209.000,21,208.000,30,207.000,30,206.000,20,84.000,3,220.000,31,221.000,40,222.000,20,223.000,20,227.000,1,0,14,
101557754000,218.000,1,209.000,31,208.000,30,207.000,30,206.000,20,84.000,3,220.000,31,221.000,40,222.000,20,223.000,20,227.000,1,0,14,
101557986000,218.000,1,209.000,31,208.000,10,207.000,30,206.000,20,84.000,3,220.000,31,221.000,40,222.000,20,227.000,1,230.000,1,0,14,
101557995000,218.000,1,209.000,31,208.000,10,207.000,30,84.000,3,39.000,20,220.000,31,221.000,20,222.000,20,227.000,1,230.000,1,0,14,
101557995000,218.000,1,209.000,31,208.000,10,207.000,30,205.000,20,84.000,3,220.000,51,221.000,20,222.000,20,227.000,1,230.000,1,0,14,
101558005000,218.000,1,209.000,31,208.000,10,207.000,30,206.000,20,205.000,20,220.000,51,221.000,40,222.000,20,227.000,1,230.000,1,0,14,
101558021000,218.000,1,209.000,31,208.000,10,207.000,20,206.000,20,205.000,20,220.000,51,221.000,40,222.000,20,227.000,1,230.000,1,0,14,
101558146000,218.000,1,209.000,31,208.000,10,207.000,20,206.000,20,205.000,30,220.000,51,221.000,40,222.000,20,227.000,1,230.000,1,0,14,
101558171000,218.000,1,209.000,10,208.000,10,207.000,20,206.000,20,205.000,30,220.000,30,221.000,40,222.000,20,227.000,1,230.000,1,0,14,
101558171000,218.000,1,209.000,10,208.000,31,207.000,20,206.000,20,205.000,30,220.000,51,221.000,40,222.000,20,227.000,1,230.000,1,0,14,
101558171000,218.000,1,208.000,31,207.000,20,206.000,20,205.000,30,84.000,3,220.000,51,221.000,40,222.000,20,227.000,1,230.000,1,0,14,
101558744000,218.000,1,208.000,31,207.000,20,206.000,20,205.000,10,84.000,3,220.000,31,221.000,40,222.000,20,227.000,1,230.000,1,0,14,
101558744000,218.000,1,208.000,31,207.000,20,206.000,40,205.000,10,84.000,3,220.000,31,221.000,60,222.000,20,227.000,1,230.000,1,0,14,
101559199000,218.000,1,208.000,10,207.000,20,206.000,40,205.000,10,84.000,3,220.000,10,221.000,60,222.000,20,227.000,1,230.000,1,0,14,
101559199000,218.000,1,209.000,21,208.000,10,207.000,20,206.000,40,205.000,10,220.000,31,221.000,60,222.000,20,227.000,1,230.000,1,0,14,
101559199000,218.000,1,209.000,31,208.000,10,207.000,20,206.000,40,205.000,10,220.000,31,221.000,60,222.000,20,227.000,1,230.000,1,0,14,
101601338000,218.000,1,209.000,31,208.000,10,206.000,40,205.000,10,84.000,3,220.000,31,221.000,60,227.000,1,230.000,1,320.000,1,0,14,
101602285000,218.000,1,209.000,31,208.000,10,206.000,60,205.000,10,84.000,3,220.000,31,221.000,80,227.000,1,230.000,1,320.000,1,0,14,
101602368000,218.000,1,209.000,31,208.000,10,206.000,40,205.000,10,84.000,3,220.000,31,221.000,60,227.000,1,230.000,1,320.000,1,0,14,
101602368000,218.000,1,209.000,31,208.000,10,206.000,40,205.000,30,84.000,3,220.000,51,221.000,60,227.000,1,230.000,1,320.000,1,0,14,
101602523000,218.000,1,209.000,10,208.000,10,206.000,40,205.000,30,84.000,3,220.000,30,221.000,60,227.000,1,230.000,1,320.000,1,0,14,
101602523000,218.000,1,209.000,10,208.000,31,206.000,40,205.000,30,84.000,3,220.000,51,221.000,60,227.000,1,230.000,1,320.000,1,0,14,
101602523000,218.000,1,208.000,31,206.000,40,205.000,30,84.000,3,39.000,20,220.000,51,221.000,60,227.000,1,230.000,1,320.000,1,0,14,
101607132000,218.000,1,208.000,10,206.000,40,205.000,30,84.000,3,39.000,20,220.000,30,221.000,60,227.000,1,230.000,1,320.000,1,0,14,
101607132000,218.000,1,208.000,10,207.000,21,206.000,40,205.000,30,84.000,3,220.000,51,221.000,60,227.000,1,230.000,1,320.000,1,0,14,
101607132000,218.000,1,208.000,10,207.000,21,206.000,50,205.000,30,84.000,3,220.000,51,221.000,60,227.000,1,230.000,1,320.000,1,0,14,
101607132000,218.000,1,207.000,21,206.000,50,205.000,30,84.000,3,39.000,20,220.000,51,221.000,60,227.000,1,230.000,1,320.000,1,0,14,
101607132000,218.000,1,207.000,31,206.000,50,205.000,30,84.000,3,39.000,20,220.000,51,221.000,60,227.000,1,230.000,1,320.000,1,0,14,
101608062000,218.000,1,207.000,31,206.000,30,205.000,30,84.000,3,39.000,20,220.000,51,221.000,40,227.000,1,230.000,1,320.000,1,0,14,
101608119000,218.000,1,207.000,31,206.000,30,205.000,10,84.000,3,39.000,20,220.000,31,221.000,40,227.000,1,230.000,1,320.000,1,0,14,
101608119000,218.000,1,207.000,31,206.000,30,205.000,10,204.000,20,84.000,3,219.000,20,220.000,31,221.000,40,227.000,1,230.000,1,0,14,
101608119000,218.000,1,207.000,31,206.000,30,205.000,10,204.000,20,84.000,3,219.000,30,220.000,31,221.000,40,227.000,1,230.000,1,0,14,
101608172000,218.000,1,207.000,31,206.000,50,205.000,10,204.000,20,84.000,3,219.000,30,220.000,31,221.000,60,227.000,1,230.000,1,0,14,
101608526000,218.000,1,207.000,10,206.000,50,205.000,10,204.000,20,84.000,3,219.000,30,220.000,10,221.000,60,227.000,1,230.000,1,0,14,
101608526000,218.000,1,207.000,31,206.000,50,205.000,10,204.000,20,84.000,3,218.000,21,219.000,30,220.000,10,221.000,60,227.000,1,0,14,
101608526000,218.000,1,207.000,21,206.000,50,205.000,10,204.000,20,84.000,3,218.000,21,219.000,30,220.000,10,221.000,60,227.000,1,0,14,
101608526000,218.000,1,207.000,21,206.000,50,205.000,10,204.000,20,84.000,3,218.000,31,219.000,30,220.000,10,221.000,60,227.000,1,0,14,
101608526000,218.000,1,207.000,31,206.000,50,205.000,10,204.000,20,84.000,3,218.000,31,219.000,30,220.000,10,221.000,60,227.000,1,0,14,
101608545000,218.000,1,207.000,31,206.000,30,205.000,10,204.000,20,84.000,3,218.000,31,219.000,30,220.000,10,221.000,40,227.000,1,0,14,
101608754000,218.000,1,207.000,31,206.000,30,205.000,10,204.000,40,84.000,3,218.000,31,219.000,50,220.000,10,221.000,40,227.000,1,0,14,
101609004000,218.000,1,207.000,31,206.000,30,205.000,10,204.000,40,84.000,3,218.000,31,219.000,50,220.000,10,221.000,30,227.000,1,0,14,
101609004000,218.000,1,207.000,31,206.000,30,205.000,10,204.000,40,84.000,3,218.000,31,219.000,50,221.000,30,227.000,1,230.000,1,0,14,
101609190000,218.000,1,207.000,31,206.000,30,205.000,10,204.000,40,84.000,3,218.000,31,219.000,50,221.000,20,227.000,1,230.000,1,0,14,
101609190000,218.000,1,207.000,31,206.000,30,205.000,10,204.000,40,84.000,3,218.000,31,219.000,60,221.000,20,227.000,1,230.000,1,0,14,
101610993000,218.000,1,207.000,31,206.000,30,205.000,10,204.000,20,84.000,3,218.000,31,219.000,40,221.000,20,227.000,1,230.000,1,0,14,
101610993000,218.000,1,207.000,31,206.000,30,205.000,10,204.000,20,203.000,20,218.000,51,219.000,40,221.000,20,227.000,1,230.000,1,0,14,
101611379000,218.000,1,207.000,31,206.000,30,204.000,20,203.000,20,84.000,3,218.000,51,219.000,40,221.000,20,227.000,1,230.000,1,0,14,
101611501000,218.000,1,207.000,31,206.000,30,204.000,20,203.000,30,84.000,3,218.000,51,219.000,40,221.000,20,227.000,1,230.000,1,0,14,
101613244000,218.000,1,207.000,31,206.000,30,204.000,20,203.000,10,84.000,3,218.000,31,219.000,40,221.000,20,227.000,1,230.000,1,0,14,
101613244000,218.000,1,207.000,31,206.000,30,204.000,40,203.000,10,84.000,3,218.000,31,219.000,60,221.000,20,227.000,1,230.000,1,0,14,
101628200000,218.000,1,207.000,31,206.000,10,204.000,40,203.000,10,84.000,3,218.000,31,219.000,60,227.000,1,230.000,1,320.000,1,0,14,
101628465000,218.000,1,207.000,31,206.000,30,204.000,40,203.000,10,84.000,3,218.000,31,219.000,60,221.000,20,227.000,1,230.000,1,0,14,
101638619000,218.000,1,207.000,31,206.000,30,204.000,20,203.000,10,84.000,3,218.000,31,219.000,40,221.000,20,227.000,1,230.000,1,0,14,
101638619000,218.000,1,207.000,31,206.000,30,205.000,20,204.000,20,203.000,10,218.000,31,219.000,40,220.000,20,221.000,20,227.000,1,0,14,
101641492000,218.000,1,207.000,31,206.000,30,204.000,20,203.000,10,84.000,3,218.000,31,219.000,40,221.000,20,227.000,1,230.000,1,0,14,
101641492000,218.000,1,207.000,31,206.000,30,204.000,40,203.000,10,84.000,3,218.000,31,219.000,60,221.000,20,227.000,1,230.000,1,0,14,
101648500000,218.000,1,207.000,31,206.000,10,204.000,40,203.000,10,84.000,3,218.000,31,219.000,60,227.000,1,230.000,1,320.000,1,0,14,
101648613000,218.000,1,207.000,31,206.000,30,204.000,40,203.000,10,84.000,3,218.000,31,219.000,60,221.000,20,227.000,1,230.000,1,0,14,
101652995000,218.000,1,207.000,31,206.000,30,204.000,20,203.000,10,84.000,3,218.000,31,219.000,40,221.000,20,227.000,1,230.000,1,0,14,
101652995000,218.000,1,207.000,31,206.000,30,205.000,20,204.000,20,203.000,10,218.000,31,219.000,40,220.000,20,221.000,20,227.000,1,0,14,
101654638000,218.000,1,207.000,31,206.000,30,205.000,20,203.000,10,84.000,3,218.000,31,219.000,20,220.000,20,221.000,20,227.000,1,0,14,
101654645000,218.000,1,207.000,31,206.000,30,205.000,20,84.000,3,39.000,20,218.000,31,219.000,20,220.000,20,221.000,20,227.000,1,0,14,
101654648000,218.000,1,207.000,31,206.000,30,205.000,20,84.000,3,39.000,20,218.000,31,219.000,10,220.000,20,221.000,20,227.000,1,0,14,
101654649000,218.000,1,207.000,31,206.000,40,205.000,20,84.000,3,39.000,20,218.000,31,219.000,10,220.000,20,221.000,20,227.000,1,0,14,
101654767000,218.000,1,207.000,31,206.000,40,205.000,20,84.000,3,39.000,20,218.000,31,219.000,10,220.000,20,221.000,30,227.000,1,0,14,
101654790000,218.000,1,207.000,31,206.000,60,205.000,20,84.000,3,39.000,20,218.000,31,219.000,10,220.000,20,221.000,50,227.000,1,0,14,
101700886000,218.000,1,207.000,31,206.000,40,205.000,20,84.000,3,39.000,20,218.000,31,219.000,10,220.000,20,221.000,30,227.000,1,0,14,
101700994000,218.000,1,207.000,31,206.000,40,84.000,3,39.000,20,38.500,1,218.000,31,219.000,10,221.000,30,227.000,1,230.000,1,0,14,
101700994000,218.000,1,207.000,31,206.000,60,84.000,3,39.000,20,38.500,1,218.000,31,219.000,10,221.000,50,227.000,1,230.000,1,0,14,
101701690000,218.000,1,207.000,31,206.000,80,84.000,3,39.000,20,38.500,1,218.000,31,219.000,10,221.000,70,227.000,1,230.000,1,0,14,
101702119000,218.000,1,207.000,31,206.000,60,84.000,3,39.000,20,38.500,1,218.000,31,219.000,10,221.000,50,227.000,1,230.000,1,0,14,
101702119000,218.000,1,207.000,51,206.000,60,84.000,3,39.000,20,38.500,1,218.000,31,219.000,10,221.000,50,222.000,20,227.000,1,0,14,
101702316000,218.000,1,207.000,30,206.000,60,84.000,3,39.000,20,38.500,1,218.000,10,219.000,10,221.000,50,222.000,20,227.000,1,0,14,
101702316000,218.000,1,207.000,51,206.000,60,84.000,3,39.000,20,38.500,1,218.000,10,219.000,31,221.000,50,222.000,20,227.000,1,0,14,
101702317000,218.000,1,207.000,51,206.000,60,84.000,3,39.000,20,38.500,1,218.000,10,219.000,31,221.000,60,222.000,20,227.000,1,0,14,
101702317000,218.000,1,207.000,51,206.000,60,84.000,3,39.000,20,38.500,1,219.000,31,221.000,60,222.000,20,227.000,1,230.000,1,0,14,
101702368000,218.000,1,207.000,31,206.000,60,84.000,3,39.000,20,38.500,1,219.000,31,221.000,60,227.000,1,230.000,1,320.000,1,0,14,
101702368000,218.000,1,207.000,31,206.000,80,84.000,3,39.000,20,38.500,1,219.000,31,221.000,80,227.000,1,230.000,1,320.000,1,0,14,
101703368000,218.000,1,207.000,31,206.000,60,84.000,3,39.000,20,38.500,1,219.000,31,221.000,60,227.000,1,230.000,1,320.000,1,0,14,
101703368000,218.000,1,207.000,51,206.000,60,84.000,3,39.000,20,38.500,1,219.000,31,221.000,60,222.000,20,227.000,1,230.000,1,0,14,
101704565000,218.000,1,207.000,51,206.000,40,84.000,3,39.000,20,38.500,1,219.000,31,221.000,40,222.000,20,227.000,1,230.000,1,0,14,
101705618000,218.000,1,207.000,31,206.000,40,84.000,3,39.000,20,38.500,1,219.000,31,221.000,40,227.000,1,230.000,1,320.000,1,0,14,
101705618000,218.000,1,207.000,31,206.000,60,84.000,3,39.000,20,38.500,1,219.000,31,221.000,60,227.000,1,230.000,1,320.000,1,0,14,
101705656000,218.000,1,207.000,31,206.000,80,84.000,3,39.000,20,38.500,1,219.000,31,221.000,80,227.000,1,230.000,1,320.000,1,0,14,
101706493000,218.000,1,207.000,31,206.000,60,84.000,3,39.000,20,38.500,1,219.000,31,221.000,60,227.000,1,230.000,1,320.000,1,0,14,
101706493000,218.000,1,207.000,51,206.000,60,84.000,3,39.000,20,38.500,1,219.000,31,221.000,60,222.000,20,227.000,1,230.000,1,0,14,
101707898000,218.000,1,207.000,51,206.000,40,84.000,3,39.000,20,38.500,1,219.000,31,221.000,40,222.000,20,227.000,1,230.000,1,0,14,
101708211000,218.000,1,207.000,30,206.000,40,84.000,3,39.000,20,38.500,1,219.000,10,221.000,40,222.000,20,227.000,1,230.000,1,0,14,
101708211000,218.000,1,207.000,51,206.000,40,84.000,3,39.000,20,38.500,1,219.000,10,220.000,21,221.000,40,222.000,20,227.000,1,0,14,
101708211000,218.000,1,207.000,51,206.000,40,84.000,3,39.000,20,38.500,1,220.000,21,221.000,40,222.000,20,227.000,1,230.000,1,0,14,
101708211000,218.000,1,207.000,51,206.000,40,84.000,3,39.000,20,38.500,1,220.000,31,221.000,40,222.000,20,227.000,1,230.000,1,0,14,
101708259000,218.000,1,207.000,51,206.000,60,84.000,3,39.000,20,38.500,1,220.000,31,221.000,60,222.000,20,227.000,1,230.000,1,0,14,
101708932000,218.000,1,207.000,51,206.000,40,84.000,3,39.000,20,38.500,1,220.000,31,221.000,40,222.000,20,227.000,1,230.000,1,0,14,
101709738000,218.000,1,207.000,71,206.000,40,84.000,3,39.000,20,38.500,1,220.000,31,221.000,40,222.000,40,227.000,1,230.000,1,0,14,
101715492000,218.000,1,207.000,51,206.000,40,84.000,3,39.000,20,38.500,1,220.000,31,221.000,40,222.000,20,227.000,1,230.000,1,0,14,
101715493000,218.000,1,207.000,51,206.000,60,84.000,3,39.000,20,38.500,1,220.000,31,221.000,60,222.000,20,227.000,1,230.000,1,0,14,
101716331000,218.000,1,207.000,31,206.000,60,84.000,3,39.000,20,38.500,1,220.000,31,221.000,60,227.000,1,230.000,1,320.000,1,0,14,
101716399000,218.000,1,207.000,31,206.000,80,84.000,3,39.000,20,38.500,1,220.000,31,221.000,80,227.000,1,230.000,1,320.000,1,0,14,
101716618000,218.000,1,207.000,31,206.000,60,84.000,3,39.000,20,38.500,1,220.000,31,221.000,60,227.000,1,230.000,1,320.000,1,0,14,
101716618000,218.000,1,207.000,31,206.000,60,205.000,20,84.000,3,39.000,20,220.000,51,221.000,60,227.000,1,230.000,1,320.000,1,0,14,
101724118000,218.000,1,207.000,31,206.000,60,84.000,3,39.000,20,38.500,1,220.000,31,221.000,60,227.000,1,230.000,1,320.000,1,0,14,
101724118000,218.000,1,207.000,31,206.000,80,84.000,3,39.000,20,38.500,1,220.000,31,221.000,80,227.000,1,230.000,1,320.000,1,0,14,
101731742000,218.000,1,207.000,31,206.000,60,84.000,3,39.000,20,38.500,1,220.000,31,221.000,60,227.000,1,230.000,1,320.000,1,0,14,
101731742000,218.000,1,207.000,51,206.000,60,84.000,3,39.000,20,38.500,1,220.000,31,221.000,60,222.000,20,227.000,1,230.000,1,0,14,
101732543000,218.000,1,207.000,51,206.000,40,84.000,3,39.000,20,38.500,1,220.000,31,221.000,40,222.000,20,227.000,1,230.000,1,0,14,
101732890000,218.000,1,207.000,51,206.000,60,84.000,3,39.000,20,38.500,1,220.000,31,221.000,60,222.000,20,227.000,1,230.000,1,0,14,
101736868000,218.000,1,207.000,31,206.000,60,84.000,3,39.000,20,38.500,1,220.000,31,221.000,60,227.000,1,230.000,1,320.000,1,0,14,
101736868000,218.000,1,207.000,31,206.000,80,84.000,3,39.000,20,38.500,1,220.000,31,221.000,80,227.000,1,230.000,1,320.000,1,0,14,
101752900000,218.000,1,207.000,31,206.000,60,84.000,3,39.000,20,38.500,1,220.000,31,221.000,60,227.000,1,230.000,1,320.000,1,0,14,
101753453000,218.000,1,207.000,31,206.000,80,84.000,3,39.000,20,38.500,1,220.000,31,221.000,80,227.000,1,230.000,1,320.000,1,0,14,
101755833000,218.000,1,207.000,31,206.000,70,84.000,3,39.000,20,38.500,1,220.000,31,221.000,80,227.000,1,230.000,1,320.000,1,0,14,
101756764000,218.000,1,207.000,31,206.000,70,204.000,10,84.000,3,39.000,20,220.000,31,221.000,80,227.000,1,230.000,1,320.000,1,0,14,
101757493000,218.000,1,207.000,31,206.000,50,204.000,10,84.000,3,39.000,20,220.000,31,221.000,60,227.000,1,230.000,1,320.000,1,0,14,
101757493000,218.000,1,207.000,31,206.000,50,205.000,20,204.000,10,84.000,3,220.000,51,221.000,60,227.000,1,230.000,1,320.000,1,0,14,
101759995000,218.000,1,207.000,31,206.000,50,204.000,10,84.000,3,39.000,20,220.000,31,221.000,60,227.000,1,230.000,1,320.000,1,0,14,
101759995000,218.000,1,207.000,31,206.000,70,204.000,10,84.000,3,39.000,20,220.000,31,221.000,80,227.000,1,230.000,1,320.000,1,0,14,
101809007000,218.000,1,207.000,31,206.000,50,204.000,10,84.000,3,39.000,20,220.000,31,221.000,60,227.000,1,230.000,1,320.000,1,0,14,
101809544000,218.000,1,207.000,31,206.000,70,204.000,10,84.000,3,39.000,20,220.000,31,221.000,80,227.000,1,230.000,1,320.000,1,0,14,
101827625000,218.000,1,207.000,31,206.000,70,84.000,3,39.000,20,38.500,1,220.000,31,221.000,80,227.000,1,230.000,1,320.000,1,0,14,
101827626000,218.000,1,207.000,31,206.000,80,84.000,3,39.000,20,38.500,1,220.000,31,221.000,80,227.000,1,230.000,1,320.000,1,0,14,
101827744000,218.000,1,207.000,31,206.000,60,84.000,3,39.000,20,38.500,1,220.000,31,221.000,60,227.000,1,230.000,1,320.000,1,0,14,
101827744000,218.000,1,207.000,51,206.000,60,84.000,3,39.000,20,38.500,1,220.000,31,221.000,60,222.000,20,227.000,1,230.000,1,0,14,
101829600000,218.000,1,207.000,51,206.000,40,84.000,3,39.000,20,38.500,1,220.000,31,221.000,40,222.000,20,227.000,1,230.000,1,0,14,
101829968000,218.000,1,207.000,51,206.000,60,84.000,3,39.000,20,38.500,1,220.000,31,221.000,60,222.000,20,227.000,1,230.000,1,0,14,
101832869000,218.000,1,207.000,31,206.000,60,84.000,3,39.000,20,38.500,1,220.000,31,221.000,60,227.000,1,230.000,1,320.000,1,0,14,
101832869000,218.000,1,207.000,31,206.000,80,84.000,3,39.000,20,38.500,1,220.000,31,221.000,80,227.000,1,230.000,1,320.000,1,0,14,
101835243000,218.000,1,207.000,31,206.000,60,84.000,3,39.000,20,38.500,1,220.000,31,221.000,60,227.000,1,230.000,1,320.000,1,0,14,
101835243000,218.000,1,207.000,51,206.000,60,84.000,3,39.000,20,38.500,1,220.000,31,221.000,60,222.000,20,227.000,1,230.000,1,0,14,
101839870000,218.000,1,207.000,31,206.000,60,84.000,3,39.000,20,38.500,1,220.000,31,221.000,60,227.000,1,230.000,1,320.000,1,0,14,
101839870000,218.000,1,208.000,20,207.000,31,206.000,60,84.000,3,39.000,20,220.000,31,221.000,60,223.000,20,227.000,1,230.000,1,0,14,
101839871000,218.000,1,208.000,30,207.000,31,206.000,60,84.000,3,39.000,20,220.000,31,221.000,60,223.000,20,227.000,1,230.000,1,0,14,
101840504000,218.000,1,208.000,30,207.000,31,206.000,50,84.000,3,39.000,20,220.000,31,221.000,60,223.000,20,227.000,1,230.000,1,0,14,
101840549000,218.000,1,208.000,30,207.000,31,206.000,30,84.000,3,39.000,20,220.000,31,221.000,40,223.000,20,227.000,1,230.000,1,0,14,
101840619000,218.000,1,208.000,10,207.000,31,206.000,30,84.000,3,39.000,20,220.000,31,221.000,40,227.000,1,230.000,1,320.000,1,0,14,
101840619000,218.000,1,209.000,20,208.000,10,207.000,31,206.000,30,84.000,3,220.000,31,221.000,40,224.000,20,227.000,1,230.000,1,0,14,
101840619000,218.000,1,209.000,20,207.000,31,206.000,30,84.000,3,39.000,20,220.000,31,221.000,40,224.000,20,227.000,1,230.000,1,0,14,
101840619000,218.000,1,209.000,30,207.000,31,206.000,30,84.000,3,39.000,20,220.000,31,221.000,40,224.000,20,227.000,1,230.000,1,0,14,
101840685000,218.000,1,209.000,30,208.000,20,207.000,31,206.000,30,84.000,3,220.000,31,221.000,40,223.000,20,224.000,20,227.000,1,0,14,
101840818000,218.000,1,209.000,30,208.000,20,207.000,31,206.000,10,84.000,3,220.000,31,221.000,20,223.000,20,224.000,20,227.000,1,0,14,
101840818000,218.000,1,209.000,30,208.000,40,207.000,31,206.000,10,84.000,3,220.000,31,221.000,20,223.000,40,224.000,20,227.000,1,0,14,
101840966000,218.000,1,209.000,30,208.000,40,207.000,10,206.000,10,84.000,3,220.000,10,221.000,20,223.000,40,224.000,20,227.000,1,0,14,
101840966000,218.000,1,210.000,21,209.000,30,208.000,40,207.000,10,206.000,10,220.000,31,221.000,20,223.000,40,224.000,20,227.000,1,0,14,
101840966000,218.000,1,210.000,21,209.000,30,208.000,40,207.000,10,206.000,10,220.000,21,221.000,20,223.000,40,224.000,20,227.000,1,0,14,
101840970000,218.000,1,210.000,21,209.000,10,208.000,40,207.000,10,206.000,10,220.000,21,221.000,20,223.000,40,227.000,1,230.000,1,0,14,
101840970000,218.000,1,210.000,21,209.000,10,208.000,60,207.000,10,206.000,10,220.000,21,221.000,20,223.000,60,227.000,1,230.000,1,0,14,
101842144000,218.000,1,210.000,31,209.000,10,208.000,60,207.000,10,206.000,10,220.000,21,221.000,20,223.000,60,227.000,1,230.000,1,0,14,
101842144000,218.000,1,210.000,31,209.000,10,208.000,60,207.000,10,206.000,10,220.000,31,221.000,20,223.000,60,227.000,1,230.000,1,0,14,
101842503000,218.000,1,210.000,31,209.000,10,208.000,60,206.000,10,84.000,3,220.000,31,221.000,20,223.000,60,227.000,1,230.000,1,0,14,
101843869000,218.000,1,210.000,31,209.000,10,208.000,60,206.000,10,84.000,3,220.000,31,221.000,10,223.000,60,227.000,1,230.000,1,0,14,
101843992000,218.000,1,210.000,31,209.000,10,208.000,60,206.000,10,84.000,3,220.000,31,221.000,10,223.000,70,227.000,1,230.000,1,0,14,
101848096000,218.000,1,210.000,31,209.000,10,208.000,40,206.000,10,84.000,3,220.000,31,221.000,10,223.000,50,227.000,1,230.000,1,0,14,
101848118000,218.000,1,210.000,31,209.000,10,208.000,20,206.000,10,84.000,3,220.000,31,221.000,10,223.000,30,227.000,1,230.000,1,0,14,
101848118000,218.000,1,210.000,31,209.000,10,208.000,20,207.000,20,206.000,10,220.000,31,221.000,10,222.000,20,223.000,30,227.000,1,0,14,
101849084000,218.000,1,210.000,31,209.000,10,208.000,20,207.000,20,206.000,30,220.000,31,221.000,30,222.000,20,223.000,30,227.000,1,0,14,
101851270000,218.000,1,210.000,10,209.000,10,208.000,20,207.000,20,206.000,30,220.000,10,221.000,30,222.000,20,223.000,30,227.000,1,0,14,
101851270000,218.000,1,210.000,10,209.000,31,208.000,20,207.000,20,206.000,30,220.000,31,221.000,30,222.000,20,223.000,30,227.000,1,0,14,
101851271000,218.000,1,209.000,31,208.000,20,207.000,20,206.000,30,84.000,3,220.000,31,221.000,30,222.000,20,223.000,30,227.000,1,0,14,
101851271000,218.000,1,209.000,31,208.000,30,207.000,20,206.000,30,84.000,3,220.000,31,221.000,30,222.000,20,223.000,30,227.000,1,0,14,
101851271000,218.000,1,209.000,31,208.000,30,207.000,20,206.000,30,84.000,3,220.000,21,221.000,30,222.000,20,223.000,30,227.000,1,0,14,
101851504000,218.000,1,209.000,31,208.000,10,207.000,20,206.000,30,84.000,3,220.000,21,221.000,30,222.000,20,223.000,10,227.000,1,0,14,
101851504000,218.000,1,209.000,31,208.000,10,207.000,20,206.000,50,84.000,3,220.000,21,221.000,50,222.000,20,223.000,10,227.000,1,0,14,
101851804000,218.000,1,209.000,31,208.000,10,207.000,20,206.000,50,84.000,3,220.000,31,221.000,50,222.000,20,223.000,10,227.000,1,0,14,
101852271000,218.000,1,209.000,10,208.000,10,207.000,20,206.000,50,84.000,3,220.000,10,221.000,50,222.000,20,223.000,10,227.000,1,0,14,
101852271000,218.000,1,210.000,21,209.000,10,208.000,10,207.000,20,206.000,50,220.000,31,221.000,50,222.000,20,223.000,10,227.000,1,0,14,
101852271000,218.000,1,210.000,21,208.000,10,207.000,20,206.000,50,84.000,3,220.000,31,221.000,50,222.000,20,223.000,10,227.000,1,0,14,
101852271000,218.000,1,210.000,21,208.000,10,207.000,30,206.000,50,84.000,3,220.000,31,221.000,50,222.000,20,223.000,10,227.000,1,0,14,
101852271000,218.000,1,210.000,21,208.000,10,207.000,30,206.000,50,84.000,3,220.000,21,221.000,50,222.000,20,223.000,10,227.000,1,0,14,
101852271000,218.000,1,210.000,31,208.000,10,207.000,30,206.000,50,84.000,3,220.000,21,221.000,50,222.000,20,223.000,10,227.000,1,0,14,
101852271000,218.000,1,210.000,31,208.000,10,207.000,30,206.000,50,84.000,3,220.000,31,221.000,50,222.000,20,223.000,10,227.000,1,0,14,
101852503000,218.000,1,210.000,31,208.000,10,207.000,20,206.000,50,84.000,3,220.000,31,221.000,50,222.000,20,223.000,10,227.000,1,0,14,
101901118000,218.000,1,210.000,31,208.000,10,206.000,50,84.000,3,39.000,20,220.000,31,221.000,50,223.000,10,227.000,1,230.000,1,0,14,
101901118000,218.000,1,210.000,31,208.000,10,206.000,70,84.000,3,39.000,20,220.000,31,221.000,70,223.000,10,227.000,1,230.000,1,0,14,
101901188000,218.000,1,210.000,31,208.000,10,206.000,70,84.000,3,39.000,20,220.000,31,221.000,70,227.000,1,230.000,1,320.000,1,0,14,
101901189000,218.000,1,210.000,31,208.000,10,206.000,70,84.000,3,39.000,20,220.000,31,221.000,80,227.000,1,230.000,1,320.000,1,0,14,
101901418000,218.000,1,210.000,31,208.000,10,206.000,50,84.000,3,39.000,20,220.000,31,221.000,60,227.000,1,230.000,1,320.000,1,0,14,
101901700000,218.000,1,210.000,10,208.000,10,206.000,50,84.000,3,39.000,20,220.000,10,221.000,60,227.000,1,230.000,1,320.000,1,0,14,
101901700000,218.000,1,210.000,10,209.000,21,208.000,10,206.000,50,84.000,3,220.000,31,221.000,60,227.000,1,230.000,1,320.000,1,0,14,
101901700000,218.000,1,209.000,21,208.000,10,206.000,50,84.000,3,39.000,20,220.000,31,221.000,60,227.000,1,230.000,1,320.000,1,0,14,
101901700000,218.000,1,209.000,21,208.000,10,206.000,60,84.000,3,39.000,20,220.000,31,221.000,60,227.000,1,230.000,1,320.000,1,0,14,
101901700000,218.000,1,209.000,31,208.000,10,206.000,60,84.000,3,39.000,20,220.000,31,221.000,60,227.000,1,230.000,1,320.000,1,0,14,
101901700000,218.000,1,209.000,31,208.000,10,206.000,60,84.000,3,39.000,20,220.000,21,221.000,60,227.000,1,230.000,1,320.000,1,0,14,
101901700000,218.000,1,209.000,31,208.000,10,206.000,60,84.000,3,39.000,20,220.000,31,221.000,60,227.000,1,230.000,1,320.000,1,0,14,
101901753000,218.000,1,209.000,31,208.000,10,207.000,20,206.000,60,84.000,3,220.000,31,221.000,60,222.000,20,227.000,1,230.000,1,0,14,
101902005000,218.000,1,209.000,31,208.000,10,207.000,20,206.000,50,84.000,3,220.000,31,221.000,60,222.000,20,227.000,1,230.000,1,0,14,
101902600000,218.000,1,209.000,10,208.000,10,207.000,20,206.000,50,84.000,3,220.000,10,221.000,60,222.000,20,227.000,1,230.000,1,0,14,
101902600000,218.000,1,209.000,10,208.000,31,207.000,20,206.000,50,84.000,3,220.000,31,221.000,60,222.000,20,227.000,1,230.000,1,0,14,
101902600000,218.000,1,209.000,10,208.000,31,207.000,20,206.000,50,84.000,3,220.000,21,221.000,60,222.000,20,227.000,1,230.000,1,0,14,
101902600000,218.000,1,209.000,10,208.000,31,207.000,30,206.000,50,84.000,3,220.000,21,221.000,60,222.000,20,227.000,1,230.000,1,0,14,
101902600000,218.000,1,208.000,31,207.000,30,206.000,50,84.000,3,39.000,20,220.000,21,221.000,60,222.000,20,227.000,1,230.000,1,0,14,
101902601000,218.000,1,208.000,31,207.000,30,206.000,50,84.000,3,39.000,20,220.000,31,221.000,60,222.000,20,227.000,1,230.000,1,0,14,
101903118000,218.000,1,208.000,31,207.000,30,206.000,30,84.000,3,39.000,20,220.000,31,221.000,40,222.000,20,227.000,1,230.000,1,0,14,
101903118000,218.000,1,208.000,31,207.000,30,206.000,30,205.000,20,84.000,3,220.000,51,221.000,40,222.000,20,227.000,1,230.000,1,0,14,
101903573000,218.000,1,208.000,31,207.000,10,206.000,30,205.000,20,84.000,3,220.000,51,221.000,40,227.000,1,230.000,1,320.000,1,0,14,
101903619000,218.000,1,208.000,31,207.000,10,206.000,30,84.000,3,39.000,20,220.000,31,221.000,40,227.000,1,230.000,1,320.000,1,0,14,
101903619000,218.000,1,208.000,31,207.000,10,206.000,30,204.000,20,84.000,3,219.000,20,220.000,31,221.000,40,227.000,1,230.000,1,0,14,
101903619000,218.000,1,208.000,31,207.000,10,206.000,30,204.000,20,84.000,3,219.000,30,220.000,31,221.000,40,227.000,1,230.000,1,0,14,
101903701000,218.000,1,208.000,10,207.000,10,206.000,30,204.000,20,84.000,3,219.000,30,220.000,10,221.000,40,227.000,1,230.000,1,0,14,
101903701000,218.000,1,208.000,10,207.000,31,206.000,30,204.000,20,84.000,3,218.000,21,219.000,30,220.000,10,221.000,40,227.000,1,0,14,
101903701000,218.000,1,207.000,31,206.000,30,204.000,20,84.000,3,39.000,20,218.000,21,219.000,30,220.000,10,221.000,40,227.000,1,0,14,
101903701000,218.000,1,207.000,31,206.000,40,204.000,20,84.000,3,39.000,20,218.000,21,219.000,30,220.000,10,221.000,40,227.000,1,0,14,
101903701000,218.000,1,207.000,31,206.000,40,204.000,20,84.000,3,39.000,20,218.000,31,219.000,30,220.000,10,221.000,40,227.000,1,0,14,
101904189000,218.000,1,207.000,31,206.000,30,204.000,20,84.000,3,39.000,20,218.000,31,219.000,30,220.000,10,221.000,40,227.000,1,0,14,
101904244000,218.000,1,207.000,31,206.000,30,84.000,3,39.000,20,38.500,1,218.000,31,219.000,10,220.000,10,221.000,40,227.000,1,0,14,
101904244000,218.000,1,207.000,31,206.000,30,203.000,20,84.000,3,39.000,20,218.000,51,219.000,10,220.000,10,221.000,40,227.000,1,0,14,
101904314000,218.000,1,207.000,31,206.000,30,203.000,30,84.000,3,39.000,20,218.000,51,219.000,10,220.000,10,221.000,40,227.000,1,0,14,
101904334000,218.000,1,207.000,31,206.000,30,203.000,30,84.000,3,39.000,20,218.000,51,219.000,10,220.000,10,221.000,30,227.000,1,0,14,
101904334000,218.000,1,207.000,31,206.000,30,203.000,30,84.000,3,39.000,20,218.000,51,219.000,20,220.000,10,221.000,30,227.000,1,0,14,
101904350000,218.000,1,207.000,31,206.000,10,203.000,30,84.000,3,39.000,20,218.000,51,219.000,20,220.000,10,221.000,10,227.000,1,0,14,
101904505000,218.000,1,207.000,31,206.000,10,204.000,20,203.000,30,84.000,3,218.000,51,219.000,40,220.000,10,221.000,10,227.000,1,0,14,
101904619000,218.000,1,207.000,31,206.000,10,204.000,20,203.000,10,84.000,3,218.000,31,219.000,40,220.000,10,221.000,10,227.000,1,0,14,
101904619000,218.000,1,207.000,31,206.000,10,204.000,20,203.000,10,202.000,20,217.000,20,218.000,31,219.000,40,220.000,10,221.000,10,0,14,
101904619000,218.000,1,207.000,31,206.000,10,204.000,20,203.000,10,202.000,20,217.000,30,218.000,31,219.000,40,220.000,10,221.000,10,0,14,
101904801000,218.000,1,207.000,10,206.000,10,204.000,20,203.000,10,202.000,20,217.000,30,218.000,10,219.000,40,220.000,10,221.000,10,0,14,
101904801000,218.000,1,207.000,10,206.000,31,204.000,20,203.000,10,202.000,20,216.000,21,217.000,30,218.000,10,219.000,40,220.000,10,0,14,
101904802000,218.000,1,207.000,10,206.000,31,204.000,30,203.000,10,202.000,20,216.000,21,217.000,30,218.000,10,219.000,40,220.000,10,0,14,
101904802000,218.000,1,206.000,31,204.000,30,203.000,10,202.000,20,84.000,3,216.000,21,217.000,30,218.000,10,219.000,40,220.000,10,0,14,
101904802000,218.000,1,206.000,31,204.000,30,203.000,10,202.000,20,84.000,3,216.000,31,217.000,30,218.000,10,219.000,40,220.000,10,0,14,
101905243000,218.000,1,206.000,31,204.000,30,203.000,10,84.000,3,39.000,20,216.000,31,217.000,10,218.000,10,219.000,40,220.000,10,0,14,
101905243000,218.000,1,206.000,31,204.000,30,203.000,30,84.000,3,39.000,20,216.000,31,217.000,10,218.000,30,219.000,40,220.000,10,0,14,
101905504000,218.000,1,206.000,31,204.000,30,203.000,30,84.000,3,39.000,20,216.000,31,217.000,10,218.000,20,219.000,40,220.000,10,0,14,
101905504000,218.000,1,206.000,31,204.000,30,203.000,30,84.000,3,39.000,20,216.000,31,217.000,10,218.000,20,219.000,30,220.000,10,0,14,
101905504000,218.000,1,206.000,31,204.000,30,203.000,30,84.000,3,39.000,20,216.000,31,217.000,10,218.000,20,219.000,30,227.000,1,0,14,
101908191000,218.000,1,206.000,31,205.000,20,204.000,30,203.000,30,84.000,3,216.000,31,217.000,10,218.000,20,219.000,30,220.000,20,0,14,
101918597000,218.000,1,206.000,31,204.000,30,203.000,30,84.000,3,39.000,20,216.000,31,217.000,10,218.000,20,219.000,30,227.000,1,0,14,
101918607000,218.000,1,206.000,10,204.000,30,203.000,30,84.000,3,39.000,20,216.000,10,217.000,10,218.000,20,219.000,30,227.000,1,0,14,
101918607000,218.000,1,207.000,21,206.000,10,204.000,30,203.000,30,84.000,3,216.000,31,217.000,10,218.000,20,219.000,30,227.000,1,0,14,
101918607000,218.000,1,207.000,21,206.000,10,204.000,30,203.000,30,84.000,3,216.000,31,217.000,10,218.000,30,219.000,30,227.000,1,0,14,
101918607000,218.000,1,207.000,31,206.000,10,204.000,30,203.000,30,84.000,3,216.000,31,217.000,10,218.000,30,219.000,30,227.000,1,0,14,
101918607000,218.000,1,207.000,31,204.000,30,203.000,30,84.000,3,39.000,20,216.000,31,217.000,10,218.000,30,219.000,30,227.000,1,0,14,
101918607000,218.000,1,207.000,31,204.000,30,203.000,30,84.000,3,39.000,20,216.000,21,217.000,10,218.000,30,219.000,30,227.000,1,0,14,
101918619000,218.000,1,207.000,31,204.000,30,203.000,10,84.000,3,39.000,20,216.000,21,217.000,10,218.000,10,219.000,30,227.000,1,0,14,
101918619000,218.000,1,207.000,31,204.000,50,203.000,10,84.000,3,39.000,20,216.000,21,217.000,10,218.000,10,219.000,50,227.000,1,0,14,
101918652000,218.000,1,207.000,31,206.000,20,204.000,50,203.000,10,84.000,3,216.000,21,217.000,10,218.000,10,219.000,50,221.000,20,0,14,
101918853000,218.000,1,207.000,31,206.000,20,204.000,50,203.000,10,84.000,3,216.000,31,217.000,10,218.000,10,219.000,50,221.000,20,0,14,
101919004000,218.000,1,207.000,31,206.000,20,204.000,50,203.000,10,84.000,3,216.000,31,217.000,10,219.000,50,221.000,20,227.000,1,0,14,
101927172000,218.000,1,207.000,10,206.000,20,204.000,50,203.000,10,84.000,3,216.000,10,217.000,10,219.000,50,221.000,20,227.000,1,0,14,
101927172000,218.000,1,207.000,31,206.000,20,204.000,50,203.000,10,84.000,3,216.000,10,217.000,31,219.000,50,221.000,20,227.000,1,0,14,
101927172000,218.000,1,207.000,31,206.000,20,204.000,50,203.000,10,84.000,3,217.000,31,219.000,50,221.000,20,227.000,1,230.000,1,0,14,
101927243000,218.000,1,207.000,31,206.000,20,204.000,30,203.000,10,84.000,3,217.000,31,219.000,30,221.000,20,227.000,1,230.000,1,0,14,
101927243000,218.000,1,207.000,31,206.000,20,205.000,20,204.000,30,203.000,10,217.000,31,219.000,30,220.000,20,221.000,20,227.000,1,0,14,
101927472000,218.000,1,207.000,31,206.000,20,205.000,20,204.000,10,203.000,10,217.000,31,219.000,10,220.000,20,221.000,20,227.000,1,0,14,
101927474000,218.000,1,207.000,31,205.000,20,204.000,10,203.000,10,84.000,3,217.000,31,219.000,10,220.000,20,227.000,1,230.000,1,0,14,
101927504000,218.000,1,207.000,31,206.000,20,205.000,20,204.000,10,203.000,10,217.000,31,219.000,10,220.000,20,221.000,20,227.000,1,0,14,
101927536000,218.000,1,207.000,31,206.000,40,205.000,20,204.000,10,203.000,10,217.000,31,219.000,10,220.000,20,221.000,40,227.000,1,0,14,
101928829000,218.000,1,207.000,31,206.000,40,205.000,20,204.000,10,84.000,3,217.000,31,219.000,10,220.000,20,221.000,40,227.000,1,0,14,
101928831000,218.000,1,207.000,31,206.000,40,205.000,30,204.000,10,84.000,3,217.000,31,219.000,10,220.000,20,221.000,40,227.000,1,0,14,
101929122000,218.000,1,207.000,31,206.000,40,205.000,30,204.000,10,84.000,3,217.000,31,220.000,20,221.000,40,227.000,1,230.000,1,0,14,
101929244000,218.000,1,207.000,31,206.000,40,205.000,10,204.000,10,84.000,3,217.000,31,221.000,40,227.000,1,230.000,1,320.000,1,0,14,
101929244000,218.000,1,207.000,31,206.000,60,205.000,10,204.000,10,84.000,3,217.000,31,221.000,60,227.000,1,230.000,1,320.000,1,0,14,
101929245000,218.000,1,207.000,31,206.000,60,205.000,10,204.000,10,84.000,3,217.000,31,221.000,70,227.000,1,230.000,1,320.000,1,0,14,
101929284000,218.000,1,207.000,10,206.000,60,205.000,10,204.000,10,84.000,3,217.000,10,221.000,70,227.000,1,230.000,1,320.000,1,0,14,
101929284000,218.000,1,207.000,31,206.000,60,205.000,10,204.000,10,84.000,3,217.000,10,218.000,21,221.000,70,227.000,1,230.000,1,0,14,
101929284000,218.000,1,207.000,31,206.000,60,205.000,10,204.000,10,84.000,3,218.000,21,221.000,70,227.000,1,230.000,1,320.000,1,0,14,
101929284000,218.000,1,207.000,31,206.000,60,205.000,10,204.000,10,84.000,3,218.000,31,221.000,70,227.000,1,230.000,1,320.000,1,0,14,
101930649000,218.000,1,207.000,31,206.000,40,205.000,10,204.000,10,84.000,3,218.000,31,221.000,50,227.000,1,230.000,1,320.000,1,0,14,
101931609000,218.000,1,207.000,31,206.000,60,205.000,10,204.000,10,84.000,3,218.000,31,221.000,70,227.000,1,230.000,1,320.000,1,0,14,
101938993000,218.000,1,207.000,31,206.000,40,205.000,10,204.000,10,84.000,3,218.000,31,221.000,50,227.000,1,230.000,1,320.000,1,0,14,
101938993000,218.000,1,207.000,51,206.000,40,205.000,10,204.000,10,84.000,3,218.000,31,221.000,50,222.000,20,227.000,1,230.000,1,0,14,
101939616000,218.000,1,207.000,30,206.000,40,205.000,10,204.000,10,84.000,3,218.000,10,221.000,50,222.000,20,227.000,1,230.000,1,0,14,
101939616000,218.000,1,207.000,51,206.000,40,205.000,10,204.000,10,84.000,3,218.000,10,219.000,21,221.000,50,222.000,20,227.000,1,0,14,
101939616000,218.000,1,207.000,51,206.000,40,205.000,10,204.000,10,84.000,3,218.000,10,219.000,21,221.000,60,222.000,20,227.000,1,0,14,
101939616000,218.000,1,207.000,51,206.000,40,205.000,10,204.000,10,84.000,3,219.000,21,221.000,60,222.000,20,227.000,1,230.000,1,0,14,
101939616000,218.000,1,207.000,51,206.000,40,205.000,10,204.000,10,84.000,3,219.000,31,221.000,60,222.000,20,227.000,1,230.000,1,0,14,
101942993000,218.000,1,207.000,31,206.000,40,205.000,10,204.000,10,84.000,3,219.000,31,221.000,60,227.000,1,230.000,1,320.000,1,0,14,
101942993000,218.000,1,207.000,31,206.000,60,205.000,10,204.000,10,84.000,3,219.000,31,221.000,80,227.000,1,230.000,1,320.000,1,0,14,
101948494000,218.000,1,207.000,31,206.000,40,205.000,10,204.000,10,84.000,3,219.000,31,221.000,60,227.000,1,230.000,1,320.000,1,0,14,
101948494000,218.000,1,207.000,31,206.000,40,205.000,30,204.000,10,84.000,3,219.000,31,220.000,20,221.000,60,227.000,1,230.000,1,0,14,
101950669000,218.000,1,207.000,31,206.000,20,205.000,30,204.000,10,84.000,3,219.000,31,220.000,20,221.000,40,227.000,1,230.000,1,0,14,
101951617000,218.000,1,207.000,31,206.000,20,205.000,10,204.000,10,84.000,3,219.000,31,221.000,40,227.000,1,230.000,1,320.000,1,0,14,
101951617000,218.000,1,207.000,31,206.000,20,205.000,10,204.000,30,84.000,3,219.000,51,221.000,40,227.000,1,230.000,1,320.000,1,0,14,
101951910000,218.000,1,207.000,31,206.000,20,205.000,30,204.000,30,84.000,3,219.000,51,220.000,20,221.000,40,227.000,1,230.000,1,0,14,
101953882000,218.000,1,207.000,31,205.000,30,204.000,30,84.000,3,39.000,20,219.000,51,220.000,20,221.000,20,227.000,1,230.000,1,0,14,
101954004000,218.000,1,207.000,31,205.000,30,204.000,50,84.000,3,39.000,20,219.000,71,220.000,20,221.000,20,227.000,1,230.000,1,0,14,
101954244000,218.000,1,207.000,31,205.000,30,204.000,30,84.000,3,39.000,20,219.000,51,220.000,20,221.000,20,227.000,1,230.000,1,0,14,
101954244000,218.000,1,207.000,31,205.000,30,204.000,30,203.000,20,84.000,3,218.000,20,219.000,51,220.000,20,221.000,20,227.000,1,0,14,
101954244000,218.000,1,207.000,31,205.000,30,204.000,30,203.000,20,84.000,3,218.000,30,219.000,51,220.000,20,221.000,20,227.000,1,0,14,
101954316000,218.000,1,207.000,31,205.000,30,204.000,30,203.000,20,84.000,3,218.000,30,219.000,51,220.000,20,221.000,10,227.000,1,0,14,
101954316000,218.000,1,207.000,10,205.000,30,204.000,30,203.000,20,84.000,3,218.000,30,219.000,30,220.000,20,221.000,10,227.000,1,0,14,
101954316000,218.000,1,207.000,31,205.000,30,204.000,30,203.000,20,84.000,3,217.000,21,218.000,30,219.000,30,220.000,20,221.000,10,0,14,
101954316000,218.000,1,207.000,31,205.000,30,204.000,30,203.000,20,84.000,3,217.000,21,218.000,30,219.000,40,220.000,20,221.000,10,0,14,
101954316000,218.000,1,207.000,31,205.000,30,204.000,30,203.000,20,84.000,3,217.000,31,218.000,30,219.000,40,220.000,20,221.000,10,0,14,
101954316000,218.000,1,207.000,31,205.000,40,204.000,30,203.000,20,84.000,3,217.000,31,218.000,30,219.000,40,220.000,20,221.000,10,0,14,
101954316000,218.000,1,207.000,21,205.000,40,204.000,30,203.000,20,84.000,3,217.000,31,218.000,30,219.000,40,220.000,20,221.000,10,0,14,
101954316000,218.000,1,207.000,31,205.000,40,204.000,30,203.000,20,84.000,3,217.000,31,218.000,30,219.000,40,220.000,20,221.000,10,0,14,
101954398000,218.000,1,207.000,31,205.000,30,204.000,30,203.000,20,84.000,3,217.000,31,218.000,30,219.000,40,220.000,20,221.000,10,0,14,
101954504000,218.000,1,207.000,31,205.000,30,204.000,20,203.000,20,84.000,3,217.000,31,218.000,30,219.000,40,220.000,20,221.000,10,0,14,
101954504000,218.000,1,207.000,31,205.000,30,204.000,20,203.000,20,84.000,3,217.000,31,218.000,30,219.000,30,220.000,20,221.000,10,0,14,
101954522000,218.000,1,207.000,31,205.000,30,204.000,20,203.000,30,84.000,3,217.000,31,218.000,30,219.000,30,220.000,20,221.000,10,0,14,
101955004000,218.000,1,207.000,31,205.000,30,204.000,20,203.000,30,84.000,3,217.000,31,218.000,30,219.000,30,220.000,20,227.000,1,0,14,
101955319000,218.000,1,207.000,10,205.000,30,204.000,20,203.000,30,84.000,3,217.000,10,218.000,30,219.000,30,220.000,20,227.000,1,0,14,
101955319000,218.000,1,207.000,10,206.000,21,205.000,30,204.000,20,203.000,30,217.000,31,218.000,30,219.000,30,220.000,20,227.000,1,0,14,
101955319000,218.000,1,206.000,21,205.000,30,204.000,20,203.000,30,84.000,3,217.000,31,218.000,30,219.000,30,220.000,20,227.000,1,0,14,
101955319000,218.000,1,206.000,21,205.000,30,204.000,20,203.000,30,84.000,3,217.000,21,218.000,30,219.000,30,220.000,20,227.000,1,0,14,
101955393000,218.000,1,206.000,21,205.000,10,204.000,20,203.000,30,84.000,3,217.000,21,218.000,30,219.000,30,227.000,1,230.000,1,0,14,
101955406000,218.000,1,206.000,21,205.000,30,204.000,20,203.000,30,84.000,3,217.000,21,218.000,30,219.000,30,220.000,20,227.000,1,0,14,
101956260000,218.000,1,206.000,31,205.000,30,204.000,20,203.000,30,84.000,3,217.000,21,218.000,30,219.000,30,220.000,20,227.000,1,0,14,
101956260000,218.000,1,206.000,31,205.000,30,204.000,20,203.000,30,84.000,3,217.000,31,218.000,30,219.000,30,220.000,20,227.000,1,0,14,
101958994000,218.000,1,206.000,31,205.000,30,204.000,20,203.000,10,84.000,3,217.000,31,218.000,10,219.000,30,220.000,20,227.000,1,0,14,
101958994000,218.000,1,206.000,31,205.000,30,204.000,40,203.000,10,84.000,3,217.000,31,218.000,10,219.000,50,220.000,20,227.000,1,0,14,
102002494000,218.000,1,206.000,31,205.000,30,204.000,20,203.000,10,84.000,3,217.000,31,218.000,10,219.000,30,220.000,20,227.000,1,0,14,
102002494000,218.000,1,206.000,31,205.000,50,204.000,20,203.000,10,84.000,3,217.000,31,218.000,10,219.000,30,220.000,40,227.000,1,0,14,
102002561000,218.000,1,206.000,31,205.000,30,204.000,20,203.000,10,84.000,3,217.000,31,218.000,10,219.000,30,220.000,20,227.000,1,0,14,
102003176000,218.000,1,206.000,31,205.000,50,204.000,20,203.000,10,84.000,3,217.000,31,218.000,10,219.000,30,220.000,40,227.000,1,0,14,
102009242000,218.000,1,206.000,31,205.000,30,204.000,20,203.000,10,84.000,3,217.000,31,218.000,10,219.000,30,220.000,20,227.000,1,0,14,
102009242000,218.000,1,206.000,31,205.000,30,204.000,40,203.000,10,84.000,3,217.000,31,218.000,10,219.000,50,220.000,20,227.000,1,0,14,
102015243000,218.000,1,206.000,31,205.000,30,204.000,20,203.000,10,84.000,3,217.000,31,218.000,10,219.000,30,220.000,20,227.000,1,0,14,
102015243000,218.000,1,206.000,31,205.000,50,204.000,20,203.000,10,84.000,3,217.000,31,218.000,10,219.000,30,220.000,40,227.000,1,0,14,
102015453000,218.000,1,206.000,31,205.000,50,204.000,20,84.000,3,39.000,20,217.000,31,218.000,10,219.000,30,220.000,40,227.000,1,0,14,
102015454000,218.000,1,206.000,31,205.000,60,204.000,20,84.000,3,39.000,20,217.000,31,218.000,10,219.000,30,220.000,40,227.000,1,0,14,
102015494000,218.000,1,206.000,31,205.000,40,204.000,20,84.000,3,39.000,20,217.000,31,218.000,10,219.000,30,220.000,20,227.000,1,0,14,
102015494000,218.000,1,206.000,51,205.000,40,204.000,20,84.000,3,39.000,20,217.000,31,218.000,10,219.000,30,220.000,20,221.000,20,0,14,
102017018000,218.000,1,206.000,51,205.000,40,84.000,3,39.000,20,38.500,1,217.000,31,218.000,10,219.000,10,220.000,20,221.000,20,0,14,
102017022000,218.000,1,206.000,51,205.000,40,84.000,3,39.000,20,38.500,1,217.000,31,218.000,10,220.000,20,221.000,20,227.000,1,0,14,
102017144000,218.000,1,206.000,51,205.000,40,84.000,3,39.000,20,38.500,1,217.000,31,218.000,10,220.000,20,221.000,30,227.000,1,0,14,
102017320000,218.000,1,206.000,30,205.000,40,84.000,3,39.000,20,38.500,1,217.000,10,218.000,10,220.000,20,221.000,30,227.000,1,0,14,
102017320000,218.000,1,206.000,51,205.000,40,84.000,3,39.000,20,38.500,1,217.000,10,218.000,31,220.000,20,221.000,30,227.000,1,0,14,
102017320000,218.000,1,206.000,51,205.000,40,84.000,3,39.000,20,38.500,1,218.000,31,220.000,20,221.000,30,227.000,1,230.000,1,0,14,
102017504000,218.000,1,206.000,71,205.000,40,84.000,3,39.000,20,38.500,1,218.000,31,220.000,20,221.000,50,227.000,1,230.000,1,0,14,
102019269000,218.000,1,206.000,71,205.000,20,84.000,3,39.000,20,38.500,1,218.000,31,221.000,50,227.000,1,230.000,1,320.000,1,0,14,
102019292000,218.000,1,206.000,71,205.000,40,84.000,3,39.000,20,38.500,1,218.000,31,220.000,20,221.000,50,227.000,1,230.000,1,0,14,
102019633000,218.000,1,206.000,50,205.000,40,84.000,3,39.000,20,38.500,1,218.000,10,220.000,20,221.000,50,227.000,1,230.000,1,0,14,
102019633000,218.000,1,206.000,71,205.000,40,84.000,3,39.000,20,38.500,1,217.000,21,218.000,10,220.000,20,221.000,50,227.000,1,0,14,
102020492000,218.000,1,206.000,71,205.000,40,84.000,3,39.000,20,38.500,1,217.000,31,218.000,10,220.000,20,221.000,50,227.000,1,0,14,
102026304000,218.000,1,206.000,50,205.000,40,84.000,3,39.000,20,38.500,1,217.000,10,218.000,10,220.000,20,221.000,50,227.000,1,0,14,
102026304000,218.000,1,206.000,71,205.000,40,84.000,3,39.000,20,38.500,1,217.000,10,218.000,31,220.000,20,221.000,50,227.000,1,0,14,
102026305000,218.000,1,206.000,71,205.000,40,84.000,3,39.000,20,38.500,1,218.000,31,220.000,20,221.000,50,227.000,1,230.000,1,0,14,
102028388000,218.000,1,206.000,71,205.000,20,84.000,3,39.000,20,38.500,1,218.000,31,221.000,50,227.000,1,230.000,1,320.000,1,0,14,
102029314000,218.000,1,206.000,50,205.000,20,84.000,3,39.000,20,38.500,1,218.000,10,221.000,50,227.000,1,230.000,1,320.000,1,0,14,
102029314000,218.000,1,206.000,71,205.000,20,84.000,3,39.000,20,38.500,1,217.000,21,218.000,10,221.000,50,227.000,1,230.000,1,0,14,
102029314000,218.000,1,206.000,71,205.000,20,84.000,3,39.000,20,38.500,1,217.000,31,218.000,10,221.000,50,227.000,1,230.000,1,0,14,
102029361000,218.000,1,206.000,71,205.000,40,84.000,3,39.000,20,38.500,1,217.000,31,218.000,10,220.000,20,221.000,50,227.000,1,0,14,
102029369000,218.000,1,206.000,51,205.000,40,84.000,3,39.000,20,38.500,1,217.000,31,218.000,10,220.000,20,221.000,30,227.000,1,0,14,
102029369000,218.000,1,206.000,51,205.000,60,84.000,3,39.000,20,38.500,1,217.000,31,218.000,10,220.000,40,221.000,30,227.000,1,0,14,
102032968000,218.000,1,206.000,51,205.000,40,84.000,3,39.000,20,38.500,1,217.000,31,218.000,10,220.000,20,221.000,30,227.000,1,0,14,
102033369000,218.000,1,206.000,51,205.000,20,84.000,3,39.000,20,38.500,1,217.000,31,218.000,10,221.000,30,227.000,1,230.000,1,0,14,
102033369000,218.000,1,206.000,71,205.000,20,84.000,3,39.000,20,38.500,1,217.000,31,218.000,10,221.000,50,227.000,1,230.000,1,0,14,
102033387000,218.000,1,206.000,91,205.000,20,84.000,3,39.000,20,38.500,1,217.000,31,218.000,10,221.000,70,227.000,1,230.000,1,0,14,
102035852000,218.000,1,206.000,71,205.000,20,84.000,3,39.000,20,38.500,1,217.000,31,218.000,10,221.000,50,227.000,1,230.000,1,0,14,
102035884000,218.000,1,206.000,71,205.000,40,84.000,3,39.000,20,38.500,1,217.000,31,218.000,10,220.000,20,221.000,50,227.000,1,0,14,
102036135000,218.000,1,206.000,71,205.000,20,84.000,3,39.000,20,38.500,1,217.000,31,218.000,10,221.000,50,227.000,1,230.000,1,0,14,
102036141000,218.000,1,206.000,50,205.000,20,84.000,3,39.000,20,38.500,1,217.000,10,218.000,10,221.000,50,227.000,1,230.000,1,0,14,
102036141000,218.000,1,206.000,71,205.000,20,84.000,3,39.000,20,38.500,1,217.000,10,218.000,31,221.000,50,227.000,1,230.000,1,0,14,
102036142000,218.000,1,206.000,71,205.000,20,84.000,3,39.000,20,38.500,1,218.000,31,221.000,50,227.000,1,230.000,1,320.000,1,0,14,
102036244000,218.000,1,206.000,51,205.000,20,84.000,3,39.000,20,38.500,1,218.000,31,221.000,30,227.000,1,230.000,1,320.000,1,0,14,
102036244000,218.000,1,207.000,20,206.000,51,205.000,20,84.000,3,39.000,20,218.000,31,221.000,30,222.000,20,227.000,1,230.000,1,0,14,
102036904000,218.000,1,207.000,30,206.000,51,205.000,20,84.000,3,39.000,20,218.000,31,221.000,30,222.000,20,227.000,1,230.000,1,0,14,
102037005000,218.000,1,207.000,30,206.000,51,205.000,10,84.000,3,39.000,20,218.000,31,221.000,30,222.000,20,227.000,1,230.000,1,0,14,
102037225000,218.000,1,207.000,30,206.000,30,205.000,10,84.000,3,39.000,20,218.000,10,221.000,30,222.000,20,227.000,1,230.000,1,0,14,
102037225000,218.000,1,208.000,21,207.000,30,206.000,30,205.000,10,84.000,3,218.000,31,221.000,30,222.000,20,227.000,1,230.000,1,0,14,
102037225000,218.000,1,208.000,21,207.000,30,206.000,30,205.000,10,84.000,3,218.000,31,221.000,40,222.000,20,227.000,1,230.000,1,0,14,
102037225000,218.000,1,208.000,31,207.000,30,206.000,30,205.000,10,84.000,3,218.000,31,221.000,40,222.000,20,227.000,1,230.000,1,0,14,
102037225000,218.000,1,208.000,31,207.000,30,206.000,30,205.000,10,84.000,3,218.000,21,221.000,40,222.000,20,227.000,1,230.000,1,0,14,
102037225000,218.000,1,208.000,31,207.000,30,206.000,30,205.000,10,84.000,3,218.000,31,221.000,40,222.000,20,227.000,1,230.000,1,0,14,
102037504000,218.000,1,208.000,31,207.000,30,206.000,20,205.000,10,84.000,3,218.000,31,221.000,40,222.000,20,227.000,1,230.000,1,0,14,
102039421000,218.000,1,208.000,10,207.000,30,206.000,20,205.000,10,84.000,3,218.000,10,221.000,40,222.000,20,227.000,1,230.000,1,0,14,
102039421000,218.000,1,208.000,31,207.000,30,206.000,20,205.000,10,84.000,3,218.000,10,219.000,21,221.000,40,222.000,20,227.000,1,0,14,
102039422000,218.000,1,208.000,31,207.000,30,206.000,20,205.000,10,84.000,3,219.000,21,221.000,40,222.000,20,227.000,1,230.000,1,0,14,
102039422000,218.000,1,208.000,21,207.000,30,206.000,20,205.000,10,84.000,3,219.000,21,221.000,40,222.000,20,227.000,1,230.000,1,0,14,
102039422000,218.000,1,208.000,21,207.000,30,206.000,20,205.000,10,84.000,3,219.000,31,221.000,40,222.000,20,227.000,1,230.000,1,0,14,
102039422000,218.000,1,208.000,31,207.000,30,206.000,20,205.000,10,84.000,3,219.000,31,221.000,40,222.000,20,227.000,1,230.000,1,0,14,
102040369000,218.000,1,208.000,31,207.000,10,206.000,20,205.000,10,84.000,3,219.000,31,221.000,40,227.000,1,230.000,1,320.000,1,0,14,
102040369000,218.000,1,208.000,31,207.000,10,206.000,40,205.000,10,84.000,3,219.000,31,221.000,60,227.000,1,230.000,1,320.000,1,0,14,
102041744000,218.000,1,208.000,31,207.000,10,206.000,20,205.000,10,84.000,3,219.000,31,221.000,40,227.000,1,230.000,1,320.000,1,0,14,
102041744000,218.000,1,208.000,31,207.000,10,206.000,20,205.000,30,84.000,3,219.000,31,220.000,20,221.000,40,227.000,1,230.000,1,0,14,
102044417000,218.000,1,208.000,31,207.000,10,206.000,20,205.000,50,84.000,3,219.000,31,220.000,40,221.000,40,227.000,1,230.000,1,0,14,
102049992000,218.000,1,208.000,31,207.000,10,206.000,20,205.000,30,84.000,3,219.000,31,220.000,20,221.000,40,227.000,1,230.000,1,0,14,
102049992000,218.000,1,208.000,31,207.000,10,206.000,20,205.000,30,204.000,20,219.000,51,220.000,20,221.000,40,227.000,1,230.000,1,0,14,
102050872000,218.000,1,208.000,10,207.000,10,206.000,20,205.000,30,204.000,20,219.000,30,220.000,20,221.000,40,227.000,1,230.000,1,0,14,
102050872000,218.000,1,208.000,10,207.000,31,206.000,20,205.000,30,204.000,20,219.000,51,220.000,20,221.000,40,227.000,1,230.000,1,0,14,
102050872000,218.000,1,208.000,10,207.000,31,206.000,30,205.000,30,204.000,20,219.000,51,220.000,20,221.000,40,227.000,1,230.000,1,0,14,
102050872000,218.000,1,207.000,31,206.000,30,205.000,30,204.000,20,84.000,3,219.000,51,220.000,20,221.000,40,227.000,1,230.000,1,0,14,
102053685000,218.000,1,207.000,31,206.000,30,205.000,30,204.000,20,84.000,3,219.000,51,220.000,20,221.000,30,227.000,1,230.000,1,0,14,
102053685000,218.000,1,207.000,31,206.000,30,205.000,10,204.000,20,84.000,3,219.000,51,221.000,30,227.000,1,230.000,1,320.000,1,0,14,
102053686000,218.000,1,207.000,31,206.000,30,205.000,10,204.000,20,84.000,3,219.000,61,221.000,30,227.000,1,230.000,1,320.000,1,0,14,
102053722000,218.000,1,207.000,31,206.000,30,205.000,30,204.000,20,84.000,3,219.000,61,220.000,20,221.000,30,227.000,1,230.000,1,0,14,
102054222000,218.000,1,207.000,31,206.000,30,205.000,10,204.000,20,84.000,3,219.000,61,221.000,30,227.000,1,230.000,1,320.000,1,0,14,
102054242000,218.000,1,207.000,31,206.000,30,205.000,10,84.000,3,39.000,20,219.000,41,221.000,30,227.000,1,230.000,1,320.000,1,0,14,
102054242000,218.000,1,207.000,31,206.000,30,205.000,30,84.000,3,39.000,20,219.000,41,220.000,20,221.000,30,227.000,1,230.000,1,0,14,
102054748000,218.000,1,207.000,10,206.000,30,205.000,30,84.000,3,39.000,20,219.000,20,220.000,20,221.000,30,227.000,1,230.000,1,0,14,
102054748000,218.000,1,208.000,21,207.000,10,206.000,30,205.000,30,84.000,3,219.000,41,220.000,20,221.000,30,227.000,1,230.000,1,0,14,
102054748000,218.000,1,208.000,21,206.000,30,205.000,30,84.000,3,39.000,20,219.000,41,220.000,20,221.000,30,227.000,1,230.000,1,0,14,
102054748000,218.000,1,208.000,31,206.000,30,205.000,30,84.000,3,39.000,20,219.000,41,220.000,20,221.000,30,227.000,1,230.000,1,0,14,
102055732000,218.000,1,208.000,31,206.000,50,205.000,30,84.000,3,39.000,20,219.000,41,220.000,20,221.000,50,227.000,1,230.000,1,0,14,
102103619000,218.000,1,208.000,31,206.000,50,205.000,10,84.000,3,39.000,20,219.000,41,221.000,50,227.000,1,230.000,1,320.000,1,0,14,
102103619000,218.000,1,208.000,31,206.000,50,205.000,10,204.000,20,84.000,3,219.000,61,221.000,50,227.000,1,230.000,1,320.000,1,0,14,
102104870000,218.000,1,208.000,31,206.000,50,205.000,10,84.000,3,39.000,20,219.000,41,221.000,50,227.000,1,230.000,1,320.000,1,0,14,
102104870000,218.000,1,208.000,31,206.000,50,205.000,30,84.000,3,39.000,20,219.000,41,220.000,20,221.000,50,227.000,1,230.000,1,0,14,
102107557000,218.000,1,208.000,31,206.000,50,205.000,30,84.000,3,39.000,20,219.000,31,220.000,20,221.000,50,227.000,1,230.000,1,0,14,
102107618000,218.000,1,208.000,31,206.000,50,205.000,10,84.000,3,39.000,20,219.000,31,221.000,50,227.000,1,230.000,1,320.000,1,0,14,
102107618000,218.000,1,208.000,31,206.000,70,205.000,10,84.000,3,39.000,20,219.000,31,221.000,70,227.000,1,230.000,1,320.000,1,0,14,
102107678000,218.000,1,208.000,31,206.000,70,205.000,10,84.000,3,39.000,20,219.000,31,221.000,70,222.000,10,227.000,1,230.000,1,0,14,
102113490000,218.000,1,208.000,31,206.000,50,205.000,10,84.000,3,39.000,20,219.000,31,221.000,50,222.000,10,227.000,1,230.000,1,0,14,
102113493000,218.000,1,208.000,31,206.000,30,205.000,10,84.000,3,39.000,20,219.000,31,221.000,30,222.000,10,227.000,1,230.000,1,0,14,
102113493000,218.000,1,208.000,31,207.000,20,206.000,30,205.000,10,84.000,3,219.000,31,221.000,30,222.000,30,227.000,1,230.000,1,0,14,
102113835000,218.000,1,208.000,31,207.000,40,206.000,30,205.000,10,84.000,3,219.000,31,221.000,30,222.000,50,227.000,1,230.000,1,0,14,
102116994000,218.000,1,208.000,31,207.000,20,206.000,30,205.000,10,84.000,3,219.000,31,221.000,30,222.000,30,227.000,1,230.000,1,0,14,
102116994000,218.000,1,208.000,51,207.000,20,206.000,30,205.000,10,84.000,3,219.000,31,221.000,30,222.000,30,223.000,20,227.000,1,0,14,
102118118000,218.000,1,208.000,31,207.000,20,206.000,30,205.000,10,84.000,3,219.000,31,221.000,30,222.000,30,227.000,1,230.000,1,0,14,
102118118000,218.000,1,208.000,31,207.000,40,206.000,30,205.000,10,84.000,3,219.000,31,221.000,30,222.000,50,227.000,1,230.000,1,0,14,
102120118000,218.000,1,208.000,31,207.000,20,206.000,30,205.000,10,84.000,3,219.000,31,221.000,30,222.000,30,227.000,1,230.000,1,0,14,
102120118000,218.000,1,208.000,31,207.000,20,206.000,50,205.000,10,84.000,3,219.000,31,221.000,50,222.000,30,227.000,1,230.000,1,0,14,
102122924000,218.000,1,208.000,31,207.000,20,206.000,30,205.000,10,84.000,3,219.000,31,221.000,30,222.000,30,227.000,1,230.000,1,0,14,
102122924000,218.000,1,208.000,31,207.000,40,206.000,30,205.000,10,84.000,3,219.000,31,221.000,30,222.000,50,227.000,1,230.000,1,0,14,
102130743000,218.000,1,208.000,31,207.000,20,206.000,30,205.000,10,84.000,3,219.000,31,221.000,30,222.000,30,227.000,1,230.000,1,0,14,
102130743000,218.000,1,208.000,51,207.000,20,206.000,30,205.000,10,84.000,3,219.000,31,221.000,30,222.000,30,223.000,20,227.000,1,0,14,
102130830000,218.000,1,208.000,51,207.000,20,206.000,10,205.000,10,84.000,3,219.000,31,221.000,10,222.000,30,223.000,20,227.000,1,0,14,
102130901000,218.000,1,208.000,71,207.000,20,206.000,10,205.000,10,84.000,3,219.000,31,221.000,10,222.000,30,223.000,40,227.000,1,0,14,
102133119000,218.000,1,208.000,51,207.000,20,206.000,10,205.000,10,84.000,3,219.000,31,221.000,10,222.000,30,223.000,20,227.000,1,0,14,
102133119000,218.000,1,208.000,51,207.000,40,206.000,10,205.000,10,84.000,3,219.000,31,221.000,10,222.000,50,223.000,20,227.000,1,0,14,
102133900000,218.000,1,208.000,51,207.000,20,206.000,10,205.000,10,84.000,3,219.000,31,221.000,10,222.000,30,223.000,20,227.000,1,0,14,
102134872000,218.000,1,208.000,51,206.000,10,205.000,10,84.000,3,39.000,20,219.000,31,221.000,10,222.000,10,223.000,20,227.000,1,0,14,
102134872000,218.000,1,208.000,71,206.000,10,205.000,10,84.000,3,39.000,20,219.000,31,221.000,10,222.000,10,223.000,40,227.000,1,0,14,
102134918000,218.000,1,208.000,71,207.000,20,206.000,10,205.000,10,84.000,3,219.000,31,221.000,10,222.000,30,223.000,40,227.000,1,0,14,
102137273000,218.000,1,208.000,71,207.000,20,206.000,10,84.000,3,39.000,20,219.000,31,221.000,10,222.000,30,223.000,40,227.000,1,0,14,
102137276000,218.000,1,208.000,71,207.000,30,206.000,10,84.000,3,39.000,20,219.000,31,221.000,10,222.000,30,223.000,40,227.000,1,0,14,
102137666000,218.000,1,208.000,50,207.000,30,206.000,10,84.000,3,39.000,20,219.000,10,221.000,10,222.000,30,223.000,40,227.000,1,0,14,
102137666000,218.000,1,208.000,71,207.000,30,206.000,10,84.000,3,39.000,20,219.000,10,220.000,21,221.000,10,222.000,30,223.000,40,0,14,
102137667000,218.000,1,208.000,71,207.000,30,206.000,10,84.000,3,39.000,20,219.000,10,220.000,31,221.000,10,222.000,30,223.000,40,0,14,
102137667000,218.000,1,208.000,71,207.000,30,206.000,10,84.000,3,39.000,20,219.000,10,220.000,31,221.000,10,222.000,40,223.000,40,0,14,
102137667000,218.000,1,208.000,71,207.000,30,206.000,10,84.000,3,39.000,20,220.000,31,221.000,10,222.000,40,223.000,40,227.000,1,0,14,
102138004000,218.000,1,208.000,71,207.000,30,206.000,10,84.000,3,39.000,20,220.000,31,221.000,10,222.000,30,223.000,40,227.000,1,0,14,
102141329000,218.000,1,208.000,71,207.000,10,206.000,10,84.000,3,39.000,20,220.000,31,221.000,10,222.000,10,223.000,40,227.000,1,0,14,
102141368000,218.000,1,208.000,51,207.000,10,206.000,10,84.000,3,39.000,20,220.000,31,221.000,10,222.000,10,223.000,20,227.000,1,0,14,
102141368000,218.000,1,209.000,20,208.000,51,207.000,10,206.000,10,84.000,3,220.000,31,221.000,10,222.000,10,223.000,20,224.000,20,0,14,
102141368000,218.000,1,209.000,30,208.000,51,207.000,10,206.000,10,84.000,3,220.000,31,221.000,10,222.000,10,223.000,20,224.000,20,0,14,
102141403000,218.000,1,209.000,30,208.000,71,207.000,10,206.000,10,84.000,3,220.000,31,221.000,10,222.000,10,223.000,40,224.000,20,0,14,
102141493000,218.000,1,209.000,10,208.000,71,207.000,10,206.000,10,84.000,3,220.000,31,221.000,10,222.000,10,223.000,40,227.000,1,0,14,
102141493000,218.000,1,209.000,10,208.000,91,207.000,10,206.000,10,84.000,3,220.000,31,221.000,10,222.000,10,223.000,60,227.000,1,0,14,
102141493000,218.000,1,208.000,91,207.000,10,206.000,10,84.000,3,39.000,20,220.000,31,221.000,10,222.000,10,223.000,60,227.000,1,0,14,
102147006000,218.000,1,208.000,91,207.000,10,206.000,10,84.000,3,39.000,20,220.000,31,221.000,10,223.000,60,227.000,1,230.000,1,0,14,
102147007000,218.000,1,208.000,71,207.000,10,206.000,10,84.000,3,39.000,20,220.000,31,221.000,10,223.000,40,227.000,1,230.000,1,0,14,
102147007000,218.000,1,209.000,20,208.000,71,207.000,10,206.000,10,84.000,3,220.000,31,221.000,10,223.000,40,224.000,20,227.000,1,0,14,
102147013000,218.000,1,209.000,30,208.000,71,207.000,10,206.000,10,84.000,3,220.000,31,221.000,10,223.000,40,224.000,20,227.000,1,0,14,
102147014000,218.000,1,209.000,30,208.000,50,207.000,10,206.000,10,84.000,3,220.000,10,221.000,10,223.000,40,224.000,20,227.000,1,0,14,
102147014000,218.000,1,210.000,21,209.000,30,208.000,50,207.000,10,206.000,10,220.000,10,221.000,31,223.000,40,224.000,20,227.000,1,0,14,
102147015000,218.000,1,210.000,21,209.000,30,208.000,50,207.000,10,206.000,10,220.000,10,221.000,31,223.000,50,224.000,20,227.000,1,0,14,
102147015000,218.000,1,210.000,21,209.000,30,208.000,50,207.000,10,206.000,10,221.000,31,223.000,50,224.000,20,227.000,1,230.000,1,0,14,
102147015000,218.000,1,210.000,31,209.000,30,208.000,50,207.000,10,206.000,10,221.000,31,223.000,50,224.000,20,227.000,1,230.000,1,0,14,
102147119000,218.000,1,210.000,31,209.000,10,208.000,50,207.000,10,206.000,10,221.000,31,223.000,50,227.000,1,230.000,1,320.000,1,0,14,
102147119000,218.000,1,210.000,51,209.000,10,208.000,50,207.000,10,206.000,10,221.000,31,223.000,50,225.000,20,227.000,1,230.000,1,0,14,
102147504000,218.000,1,210.000,51,209.000,10,208.000,40,207.000,10,206.000,10,221.000,31,223.000,50,225.000,20,227.000,1,230.000,1,0,14,
102147504000,218.000,1,210.000,51,209.000,10,208.000,40,207.000,10,84.000,3,221.000,31,223.000,50,225.000,20,227.000,1,230.000,1,0,14,
102148100000,218.000,1,210.000,51,209.000,10,208.000,40,84.000,3,39.000,20,221.000,31,223.000,50,225.000,20,227.000,1,230.000,1,0,14,
102148100000,218.000,1,210.000,51,209.000,10,208.000,40,84.000,3,39.000,20,221.000,31,223.000,50,225.000,30,227.000,1,230.000,1,0,14,
102148100000,218.000,1,210.000,51,209.000,20,208.000,40,84.000,3,39.000,20,221.000,31,223.000,50,225.000,30,227.000,1,230.000,1,0,14,
102148537000,218.000,1,210.000,51,209.000,20,208.000,20,84.000,3,39.000,20,221.000,31,223.000,30,225.000,30,227.000,1,230.000,1,0,14,
102148619000,218.000,1,210.000,31,209.000,20,208.000,20,84.000,3,39.000,20,221.000,31,223.000,30,225.000,10,227.000,1,230.000,1,0,14,
102148619000,218.000,1,211.000,20,210.000,31,209.000,20,208.000,20,84.000,3,221.000,31,223.000,30,225.000,10,226.000,20,227.000,1,0,14,
102148619000,218.000,1,211.000,30,210.000,31,209.000,20,208.000,20,84.000,3,221.000,31,223.000,30,225.000,10,226.000,20,227.000,1,0,14,
102148831000,218.000,1,211.000,30,210.000,31,209.000,20,84.000,3,39.000,20,221.000,31,223.000,10,225.000,10,226.000,20,227.000,1,0,14,
102148919000,218.000,1,211.000,30,210.000,51,209.000,20,84.000,3,39.000,20,221.000,31,223.000,10,225.000,30,226.000,20,227.000,1,0,14,
102149004000,218.000,1,211.000,30,210.000,51,209.000,10,84.000,3,39.000,20,221.000,31,223.000,10,225.000,30,226.000,20,227.000,1,0,14,
102149198000,218.000,1,211.000,30,210.000,30,209.000,10,84.000,3,39.000,20,221.000,10,223.000,10,225.000,30,226.000,20,227.000,1,0,14,
102149198000,218.000,1,212.000,21,211.000,30,210.000,30,209.000,10,84.000,3,221.000,10,222.000,21,223.000,10,225.000,30,226.000,20,0,14,
102149198000,218.000,1,212.000,21,211.000,30,210.000,30,209.000,10,84.000,3,222.000,21,223.000,10,225.000,30,226.000,20,227.000,1,0,14,
102149904000,218.000,1,212.000,31,211.000,30,210.000,30,209.000,10,84.000,3,222.000,21,223.000,10,225.000,30,226.000,20,227.000,1,0,14,
102149904000,218.000,1,212.000,31,211.000,30,210.000,30,209.000,10,84.000,3,222.000,31,223.000,10,225.000,30,226.000,20,227.000,1,0,14,
102150504000,218.000,1,212.000,31,211.000,30,210.000,20,209.000,10,84.000,3,222.000,31,223.000,10,225.000,30,226.000,20,227.000,1,0,14,
102152049000,218.000,1,212.000,31,211.000,30,210.000,40,209.000,10,84.000,3,222.000,31,223.000,10,225.000,50,226.000,20,227.000,1,0,14,
102152243000,218.000,1,212.000,31,211.000,10,210.000,40,209.000,10,84.000,3,222.000,31,223.000,10,225.000,50,227.000,1,230.000,1,0,14,
102152243000,218.000,1,212.000,51,211.000,10,210.000,40,209.000,10,84.000,3,222.000,31,223.000,10,225.000,50,227.000,21,230.000,1,0,14,
102152420000,218.000,1,212.000,30,211.000,10,210.000,40,209.000,10,84.000,3,222.000,10,223.000,10,225.000,50,227.000,21,230.000,1,0,14,
102152420000,218.000,1,212.000,51,211.000,10,210.000,40,209.000,10,84.000,3,222.000,10,223.000,31,225.000,50,227.000,21,230.000,1,0,14,
102152420000,218.000,1,212.000,51,211.000,10,210.000,40,209.000,10,84.000,3,222.000,10,223.000,31,225.000,60,227.000,21,230.000,1,0,14,
102152420000,218.000,1,212.000,51,211.000,10,210.000,40,209.000,10,84.000,3,223.000,31,225.000,60,227.000,21,230.000,1,320.000,1,0,14,
102155119000,218.000,1,212.000,31,211.000,10,210.000,40,209.000,10,84.000,3,223.000,31,225.000,60,227.000,1,230.000,1,320.000,1,0,14,
102155119000,218.000,1,213.000,20,212.000,31,211.000,10,210.000,40,209.000,10,223.000,31,225.000,60,227.000,1,228.000,20,230.000,1,0,14,
102155119000,218.000,1,213.000,30,212.000,31,211.000,10,210.000,40,209.000,10,223.000,31,225.000,60,227.000,1,228.000,20,230.000,1,0,14,
102155140000,218.000,1,213.000,30,212.000,31,211.000,10,210.000,20,209.000,10,223.000,31,225.000,40,227.000,1,228.000,20,230.000,1,0,14,
102155352000,218.000,1,213.000,30,212.000,10,211.000,10,210.000,20,209.000,10,223.000,10,225.000,40,227.000,1,228.000,20,230.000,1,0,14,
102155352000,218.000,1,214.000,21,213.000,30,212.000,10,211.000,10,210.000,20,223.000,31,225.000,40,227.000,1,228.000,20,230.000,1,0,14,
102155353000,218.000,1,214.000,21,213.000,30,212.000,10,211.000,10,210.000,20,223.000,21,225.000,40,227.000,1,228.000,20,230.000,1,0,14,
102155353000,218.000,1,214.000,31,213.000,30,212.000,10,211.000,10,210.000,20,223.000,21,225.000,40,227.000,1,228.000,20,230.000,1,0,14,
102155436000,218.000,1,214.000,31,213.000,30,212.000,10,211.000,10,210.000,20,223.000,31,225.000,40,227.000,1,228.000,20,230.000,1,0,14,
102155504000,218.000,1,214.000,31,213.000,30,212.000,30,211.000,10,210.000,20,223.000,31,225.000,40,227.000,21,228.000,20,230.000,1,0,14,
102155504000,218.000,1,214.000,31,213.000,30,212.000,20,211.000,10,210.000,20,223.000,31,225.000,40,227.000,21,228.000,20,230.000,1,0,14,
102155504000,218.000,1,214.000,31,213.000,30,212.000,20,210.000,20,209.000,10,223.000,31,225.000,40,227.000,21,228.000,20,230.000,1,0,14,
102155868000,218.000,1,214.000,31,213.000,10,212.000,20,210.000,20,209.000,10,223.000,31,225.000,40,227.000,21,230.000,1,320.000,1,0,14,
102155868000,218.000,1,214.000,31,213.000,10,212.000,40,210.000,20,209.000,10,223.000,31,225.000,40,227.000,41,230.000,1,320.000,1,0,14,
102201745000,218.000,1,214.000,31,213.000,10,212.000,20,210.000,20,209.000,10,223.000,31,225.000,40,227.000,21,230.000,1,320.000,1,0,14,
102201745000,218.000,1,214.000,31,213.000,10,212.000,20,211.000,20,210.000,20,223.000,31,225.000,40,226.000,20,227.000,21,230.000,1,0,14,
102201787000,218.000,1,214.000,31,213.000,10,211.000,20,210.000,20,209.000,10,223.000,31,225.000,40,226.000,20,227.000,1,230.000,1,0,14,
102201986000,218.000,1,214.000,31,213.000,10,211.000,20,210.000,40,209.000,10,223.000,31,225.000,60,226.000,20,227.000,1,230.000,1,0,14,
102202141000,218.000,1,214.000,31,213.000,10,211.000,20,210.000,20,209.000,10,223.000,31,225.000,40,226.000,20,227.000,1,230.000,1,0,14,
102202372000,218.000,1,214.000,10,213.000,10,211.000,20,210.000,20,209.000,10,223.000,10,225.000,40,226.000,20,227.000,1,230.000,1,0,14,
102202372000,218.000,1,214.000,10,213.000,31,211.000,20,210.000,20,209.000,10,222.000,21,223.000,10,225.000,40,226.000,20,227.000,1,0,14,
102202373000,218.000,1,213.000,31,211.000,20,210.000,20,209.000,10,84.000,3,222.000,21,223.000,10,225.000,40,226.000,20,227.000,1,0,14,
102202373000,218.000,1,213.000,31,211.000,20,210.000,20,209.000,10,84.000,3,222.000,21,225.000,40,226.000,20,227.000,1,230.000,1,0,14,
102202519000,218.000,1,213.000,31,211.000,20,210.000,20,209.000,30,84.000,3,222.000,21,224.000,20,225.000,40,226.000,20,227.000,1,0,14,
102202603000,218.000,1,213.000,31,211.000,20,210.000,20,209.000,30,84.000,3,222.000,31,224.000,20,225.000,40,226.000,20,227.000,1,0,14,
102202618000,218.000,1,213.000,31,210.000,20,209.000,30,84.000,3,39.000,20,222.000,31,224.000,20,225.000,40,227.000,1,230.000,1,0,14,
102202618000,218.000,1,213.000,31,210.000,40,209.000,30,84.000,3,39.000,20,222.000,31,224.000,20,225.000,60,227.000,1,230.000,1,0,14,
102204368000,218.000,1,213.000,31,210.000,20,209.000,30,84.000,3,39.000,20,222.000,31,224.000,20,225.000,40,227.000,1,230.000,1,0,14,
102204368000,218.000,1,213.000,31,211.000,20,210.000,20,209.000,30,84.000,3,222.000,31,224.000,20,225.000,40,226.000,20,227.000,1,0,14,
102204493000,218.000,1,213.000,31,210.000,20,209.000,30,84.000,3,39.000,20,222.000,31,224.000,20,225.000,40,227.000,1,230.000,1,0,14,
102204493000,218.000,1,213.000,31,210.000,40,209.000,30,84.000,3,39.000,20,222.000,31,224.000,20,225.000,60,227.000,1,230.000,1,0,14,
102204792000,218.000,1,213.000,31,210.000,40,209.000,10,84.000,3,39.000,20,222.000,31,225.000,60,227.000,1,230.000,1,320.000,1,0,14,
102204868000,218.000,1,213.000,31,210.000,20,209.000,10,84.000,3,39.000,20,222.000,31,225.000,40,227.000,1,230.000,1,320.000,1,0,14,
102204868000,218.000,1,213.000,31,210.000,20,209.000,30,84.000,3,39.000,20,222.000,31,224.000,20,225.000,40,227.000,1,230.000,1,0,14,
102205188000,218.000,1,213.000,31,210.000,20,209.000,50,84.000,3,39.000,20,222.000,31,224.000,40,225.000,40,227.000,1,230.000,1,0,14,
102206063000,218.000,1,213.000,31,210.000,20,209.000,30,84.000,3,39.000,20,222.000,31,224.000,20,225.000,40,227.000,1,230.000,1,0,14,
102206063000,218.000,1,213.000,31,210.000,40,209.000,30,84.000,3,39.000,20,222.000,31,224.000,20,225.000,60,227.000,1,230.000,1,0,14,
102208619000,218.000,1,213.000,31,210.000,20,209.000,30,84.000,3,39.000,20,222.000,31,224.000,20,225.000,40,227.000,1,230.000,1,0,14,
102208619000,218.000,1,213.000,31,211.000,20,210.000,20,209.000,30,84.000,3,222.000,31,224.000,20,225.000,40,226.000,20,227.000,1,0,14,
102208959000,218.000,1,213.000,31,211.000,20,210.000,20,209.000,10,84.000,3,222.000,31,225.000,40,226.000,20,227.000,1,230.000,1,0,14,
102208993000,218.000,1,213.000,31,210.000,20,209.000,10,84.000,3,39.000,20,222.000,31,225.000,40,227.000,1,230.000,1,320.000,1,0,14,
102208993000,218.000,1,213.000,31,210.000,40,209.000,10,84.000,3,39.000,20,222.000,31,225.000,60,227.000,1,230.000,1,320.000,1,0,14,
102209493000,218.000,1,213.000,31,210.000,20,209.000,10,84.000,3,39.000,20,222.000,31,225.000,40,227.000,1,230.000,1,320.000,1,0,14,
102209493000,218.000,1,213.000,31,211.000,20,210.000,20,209.000,10,84.000,3,222.000,31,225.000,40,226.000,20,227.000,1,230.000,1,0,14,
102211618000,218.000,1,213.000,31,210.000,20,209.000,10,84.000,3,39.000,20,222.000,31,225.000,40,227.000,1,230.000,1,320.000,1,0,14,
102211618000,218.000,1,213.000,31,210.000,40,209.000,10,84.000,3,39.000,20,222.000,31,225.000,60,227.000,1,230.000,1,320.000,1,0,14,
102212266000,218.000,1,213.000,31,210.000,60,209.000,10,84.000,3,39.000,20,222.000,31,225.000,80,227.000,1,230.000,1,320.000,1,0,14,
102212368000,218.000,1,213.000,31,210.000,40,209.000,10,84.000,3,39.000,20,222.000,31,225.000,60,227.000,1,230.000,1,320.000,1,0,14,
102212368000,218.000,1,213.000,31,211.000,20,210.000,40,209.000,10,84.000,3,222.000,31,225.000,60,226.000,20,227.000,1,230.000,1,0,14,
102214493000,218.000,1,213.000,31,210.000,40,209.000,10,84.000,3,39.000,20,222.000,31,225.000,60,227.000,1,230.000,1,320.000,1,0,14,
102214493000,218.000,1,213.000,31,210.000,60,209.000,10,84.000,3,39.000,20,222.000,31,225.000,80,227.000,1,230.000,1,320.000,1,0,14,
102214744000,218.000,1,213.000,31,210.000,40,209.000,10,84.000,3,39.000,20,222.000,31,225.000,60,227.000,1,230.000,1,320.000,1,0,14,
102214744000,218.000,1,213.000,31,211.000,20,210.000,40,209.000,10,84.000,3,222.000,31,225.000,60,226.000,20,227.000,1,230.000,1,0,14,
102217868000,218.000,1,213.000,31,210.000,40,209.000,10,84.000,3,39.000,20,222.000,31,225.000,60,227.000,1,230.000,1,320.000,1,0,14,
102217868000,218.000,1,213.000,31,212.000,20,210.000,40,209.000,10,84.000,3,222.000,31,225.000,60,227.000,21,230.000,1,320.000,1,0,14,
102218844000,218.000,1,213.000,31,212.000,20,210.000,20,209.000,10,84.000,3,222.000,31,225.000,40,227.000,21,230.000,1,320.000,1,0,14,
102218869000,218.000,1,213.000,31,212.000,20,209.000,10,84.000,3,39.000,20,222.000,31,225.000,20,227.000,21,230.000,1,320.000,1,0,14,
102218916000,218.000,1,213.000,31,212.000,40,209.000,10,84.000,3,39.000,20,222.000,31,225.000,20,227.000,41,230.000,1,320.000,1,0,14,
102219359000,218.000,1,213.000,31,212.000,40,211.000,20,209.000,10,84.000,3,222.000,31,225.000,20,226.000,20,227.000,41,230.000,1,0,14,
102220492000,218.000,1,213.000,31,212.000,20,211.000,20,209.000,10,84.000,3,222.000,31,225.000,20,226.000,20,227.000,21,230.000,1,0,14,
102220492000,218.000,1,213.000,31,212.000,20,211.000,40,209.000,10,84.000,3,222.000,31,225.000,20,226.000,40,227.000,21,230.000,1,0,14,
102220660000,218.000,1,213.000,31,212.000,20,211.000,20,209.000,10,84.000,3,222.000,31,225.000,20,226.000,20,227.000,21,230.000,1,0,14,
102221393000,218.000,1,213.000,31,212.000,20,211.000,20,209.000,30,84.000,3,222.000,31,224.000,20,225.000,20,226.000,20,227.000,21,0,14,
102225832000,218.000,1,213.000,31,212.000,20,211.000,20,209.000,10,84.000,3,222.000,31,225.000,20,226.000,20,227.000,21,230.000,1,0,14,
102225868000,218.000,1,213.000,31,212.000,20,209.000,10,84.000,3,39.000,20,222.000,31,225.000,20,227.000,21,230.000,1,320.000,1,0,14,
102225868000,218.000,1,213.000,31,212.000,40,209.000,10,84.000,3,39.000,20,222.000,31,225.000,20,227.000,41,230.000,1,320.000,1,0,14,
102227245000,218.000,1,213.000,31,212.000,20,209.000,10,84.000,3,39.000,20,222.000,31,225.000,20,227.000,21,230.000,1,320.000,1,0,14,
102227245000,218.000,1,213.000,31,212.000,20,211.000,20,209.000,10,84.000,3,222.000,31,225.000,20,226.000,20,227.000,21,230.000,1,0,14,
102229243000,218.000,1,213.000,31,212.000,20,209.000,10,84.000,3,39.000,20,222.000,31,225.000,20,227.000,21,230.000,1,320.000,1,0,14,
102229243000,218.000,1,213.000,31,212.000,20,210.000,20,209.000,10,84.000,3,222.000,31,225.000,40,227.000,21,230.000,1,320.000,1,0,14,
102229474000,218.000,1,213.000,31,212.000,20,210.000,20,209.000,30,84.000,3,222.000,31,224.000,20,225.000,40,227.000,21,230.000,1,0,14,
102233618000,218.000,1,213.000,31,212.000,20,209.000,30,84.000,3,39.000,20,222.000,31,224.000,20,225.000,20,227.000,21,230.000,1,0,14,
102233618000,218.000,1,213.000,31,212.000,20,209.000,50,84.000,3,39.000,20,222.000,31,224.000,40,225.000,20,227.000,21,230.000,1,0,14,
102235512000,218.000,1,213.000,31,209.000,50,84.000,3,39.000,20,38.500,1,222.000,31,224.000,40,225.000,20,227.000,1,230.000,1,0,14,
102235691000,218.000,1,213.000,10,209.000,50,84.000,3,39.000,20,38.500,1,222.000,10,224.000,40,225.000,20,227.000,1,230.000,1,0,14,
102235691000,218.000,1,213.000,10,212.000,21,209.000,50,84.000,3,39.000,20,222.000,31,224.000,40,225.000,20,227.000,1,230.000,1,0,14,
102235691000,218.000,1,213.000,10,212.000,31,209.000,50,84.000,3,39.000,20,222.000,31,224.000,40,225.000,20,227.000,1,230.000,1,0,14,
102235691000,218.000,1,212.000,31,209.000,50,84.000,3,39.000,20,38.500,1,222.000,31,224.000,40,225.000,20,227.000,1,230.000,1,0,14,
102235777000,218.000,1,212.000,31,209.000,30,84.000,3,39.000,20,38.500,1,222.000,31,224.000,20,225.000,20,227.000,1,230.000,1,0,14,
102235944000,218.000,1,212.000,31,210.000,20,209.000,30,84.000,3,39.000,20,222.000,31,224.000,20,225.000,40,227.000,1,230.000,1,0,14,
102236619000,218.000,1,212.000,31,210.000,20,209.000,10,84.000,3,39.000,20,222.000,31,225.000,40,227.000,1,230.000,1,320.000,1,0,14,
102236619000,218.000,1,212.000,31,210.000,20,209.000,10,208.000,20,84.000,3,222.000,31,223.000,20,225.000,40,227.000,1,230.000,1,0,14,
102236692000,218.000,1,212.000,10,210.000,20,209.000,10,208.000,20,84.000,3,222.000,10,223.000,20,225.000,40,227.000,1,230.000,1,0,14,
102236692000,218.000,1,212.000,10,211.000,21,210.000,20,209.000,10,208.000,20,222.000,31,223.000,20,225.000,40,227.000,1,230.000,1,0,14,
102236692000,218.000,1,211.000,21,210.000,20,209.000,10,208.000,20,84.000,3,222.000,31,223.000,20,225.000,40,227.000,1,230.000,1,0,14,
102236692000,218.000,1,211.000,21,210.000,20,209.000,10,208.000,20,84.000,3,222.000,21,223.000,20,225.000,40,227.000,1,230.000,1,0,14,
102236954000,218.000,1,211.000,31,210.000,20,209.000,10,208.000,20,84.000,3,222.000,21,223.000,20,225.000,40,227.000,1,230.000,1,0,14,
102236954000,218.000,1,211.000,31,210.000,20,209.000,10,208.000,20,84.000,3,222.000,31,223.000,20,225.000,40,227.000,1,230.000,1,0,14,
102239243000,218.000,1,211.000,31,210.000,20,209.000,10,84.000,3,39.000,20,222.000,31,225.000,40,227.000,1,230.000,1,320.000,1,0,14,
102239243000,218.000,1,211.000,31,210.000,20,209.000,30,84.000,3,39.000,20,222.000,31,224.000,20,225.000,40,227.000,1,230.000,1,0,14,
102241601000,218.000,1,211.000,31,210.000,20,209.000,50,84.000,3,39.000,20,222.000,31,224.000,40,225.000,40,227.000,1,230.000,1,0,14,
102247618000,218.000,1,211.000,31,210.000,20,209.000,30,84.000,3,39.000,20,222.000,31,224.000,20,225.000,40,227.000,1,230.000,1,0,14,
102247618000,218.000,1,211.000,31,210.000,20,209.000,30,208.000,20,84.000,3,222.000,31,223.000,20,224.000,20,225.000,40,227.000,1,0,14,
102249243000,218.000,1,211.000,31,210.000,20,209.000,30,84.000,3,39.000,20,222.000,31,224.000,20,225.000,40,227.000,1,230.000,1,0,14,
102249243000,218.000,1,211.000,31,210.000,20,209.000,50,84.000,3,39.000,20,222.000,31,224.000,40,225.000,40,227.000,1,230.000,1,0,14,
102253243000,218.000,1,211.000,31,210.000,20,209.000,30,84.000,3,39.000,20,222.000,31,224.000,20,225.000,40,227.000,1,230.000,1,0,14,
102253243000,218.000,1,211.000,31,210.000,20,209.000,30,208.000,20,84.000,3,222.000,31,223.000,20,224.000,20,225.000,40,227.000,1,0,14,
102254243000,218.000,1,211.000,31,210.000,20,209.000,30,84.000,3,39.000,20,222.000,31,224.000,20,225.000,40,227.000,1,230.000,1,0,14,
102254243000,218.000,1,211.000,31,210.000,20,209.000,50,84.000,3,39.000,20,222.000,31,224.000,40,225.000,40,227.000,1,230.000,1,0,14,
102256493000,218.000,1,211.000,31,210.000,20,209.000,30,84.000,3,39.000,20,222.000,31,224.000,20,225.000,40,227.000,1,230.000,1,0,14,
102256493000,218.000,1,211.000,31,210.000,20,209.000,30,208.000,20,84.000,3,222.000,31,223.000,20,224.000,20,225.000,40,227.000,1,0,14,
102257612000,218.000,1,211.000,31,210.000,20,209.000,30,208.000,20,84.000,3,222.000,31,223.000,20,224.000,20,225.000,30,227.000,1,0,14,
102257615000,218.000,1,211.000,31,210.000,20,209.000,30,208.000,20,84.000,3,222.000,31,223.000,30,224.000,20,225.000,30,227.000,1,0,14,
102257744000,218.000,1,211.000,31,210.000,20,209.000,10,208.000,20,84.000,3,222.000,31,223.000,30,225.000,30,227.000,1,230.000,1,0,14,
102258599000,218.000,1,211.000,31,210.000,20,209.000,10,208.000,20,84.000,3,222.000,31,223.000,36,225.000,30,227.000,1,230.000,1,0,14,
102258618000,218.000,1,211.000,31,210.000,20,209.000,10,84.000,3,39.000,20,222.000,31,223.000,16,225.000,30,227.000,1,230.000,1,0,14,
102258618000,218.000,1,211.000,31,210.000,20,209.000,10,207.000,20,84.000,3,222.000,51,223.000,16,225.000,30,227.000,1,230.000,1,0,14,
102258656000,218.000,1,211.000,31,210.000,20,209.000,10,208.000,20,207.000,20,222.000,51,223.000,36,225.000,30,227.000,1,230.000,1,0,14,
102258671000,218.000,1,211.000,10,210.000,20,209.000,10,208.000,20,207.000,20,222.000,30,223.000,36,225.000,30,227.000,1,230.000,1,0,14,
102258671000,218.000,1,211.000,10,210.000,41,209.000,10,208.000,20,207.000,20,222.000,51,223.000,36,225.000,30,227.000,1,230.000,1,0,14,
102258671000,218.000,1,211.000,10,210.000,51,209.000,10,208.000,20,207.000,20,222.000,51,223.000,36,225.000,30,227.000,1,230.000,1,0,14,
102258671000,218.000,1,210.000,51,209.000,10,208.000,20,207.000,20,84.000,3,222.000,51,223.000,36,225.000,30,227.000,1,230.000,1,0,14,
102259022000,218.000,1,210.000,51,208.000,20,207.000,20,84.000,3,39.000,20,222.000,51,223.000,36,225.000,30,227.000,1,230.000,1,0,14,
102259145000,218.000,1,210.000,51,208.000,20,207.000,20,206.000,10,84.000,3,222.000,51,223.000,36,225.000,30,227.000,1,230.000,1,0,14,
102300736000,218.000,1,210.000,51,208.000,20,207.000,20,206.000,10,84.000,3,222.000,51,223.000,30,225.000,30,227.000,1,230.000,1,0,14,
102302743000,218.000,1,210.000,51,208.000,20,206.000,10,84.000,3,39.000,20,222.000,31,223.000,30,225.000,30,227.000,1,230.000,1,0,14,
102302743000,218.000,1,210.000,51,208.000,40,206.000,10,84.000,3,39.000,20,222.000,31,223.000,50,225.000,30,227.000,1,230.000,1,0,14,
102303397000,218.000,1,210.000,30,208.000,40,206.000,10,84.000,3,39.000,20,222.000,10,223.000,50,225.000,30,227.000,1,230.000,1,0,14,
102303397000,218.000,1,211.000,21,210.000,30,208.000,40,206.000,10,84.000,3,222.000,31,223.000,50,225.000,30,227.000,1,230.000,1,0,14,
102303397000,218.000,1,211.000,31,210.000,30,208.000,40,206.000,10,84.000,3,222.000,31,223.000,50,225.000,30,227.000,1,230.000,1,0,14,
102303397000,218.000,1,211.000,31,210.000,30,208.000,40,206.000,10,84.000,3,222.000,31,223.000,60,225.000,30,227.000,1,230.000,1,0,14,
102303397000,218.000,1,211.000,31,210.000,30,208.000,40,206.000,10,84.000,3,222.000,21,223.000,60,225.000,30,227.000,1,230.000,1,0,14,
102303954000,218.000,1,211.000,31,210.000,30,208.000,40,206.000,10,84.000,3,222.000,31,223.000,60,225.000,30,227.000,1,230.000,1,0,14,
102304005000,218.000,1,211.000,31,210.000,30,208.000,40,206.000,10,84.000,3,222.000,31,223.000,60,225.000,20,227.000,1,230.000,1,0,14,
102305142000,218.000,1,211.000,31,210.000,30,208.000,20,206.000,10,84.000,3,222.000,31,223.000,40,225.000,20,227.000,1,230.000,1,0,14,
102305796000,218.000,1,211.000,31,210.000,30,209.000,20,208.000,20,206.000,10,222.000,31,223.000,40,224.000,20,225.000,20,227.000,1,0,14,
102306369000,218.000,1,211.000,31,210.000,30,209.000,20,206.000,10,84.000,3,222.000,31,223.000,20,224.000,20,225.000,20,227.000,1,0,14,
102306369000,218.000,1,211.000,31,210.000,30,209.000,40,206.000,10,84.000,3,222.000,31,223.000,20,224.000,40,225.000,20,227.000,1,0,14,
102306737000,218.000,1,211.000,31,210.000,30,209.000,20,206.000,10,84.000,3,222.000,31,223.000,20,224.000,20,225.000,20,227.000,1,0,14,
102306737000,218.000,1,211.000,31,210.000,30,209.000,20,208.000,20,206.000,10,222.000,31,223.000,40,224.000,20,225.000,20,227.000,1,0,14,
102306744000,218.000,1,211.000,31,210.000,30,209.000,20,206.000,10,84.000,3,222.000,31,223.000,20,224.000,20,225.000,20,227.000,1,0,14,
102306744000,218.000,1,211.000,31,210.000,30,209.000,20,207.000,20,206.000,10,222.000,51,223.000,20,224.000,20,225.000,20,227.000,1,0,14,
102306745000,218.000,1,211.000,31,210.000,30,209.000,20,207.000,20,206.000,10,222.000,51,223.000,26,224.000,20,225.000,20,227.000,1,0,14,
102307500000,218.000,1,211.000,10,210.000,30,209.000,20,207.000,20,206.000,10,222.000,30,223.000,26,224.000,20,225.000,20,227.000,1,0,14,
102307500000,218.000,1,211.000,10,210.000,51,209.000,20,207.000,20,206.000,10,222.000,51,223.000,26,224.000,20,225.000,20,227.000,1,0,14,
102307501000,218.000,1,210.000,51,209.000,20,207.000,20,206.000,10,84.000,3,222.000,51,223.000,26,224.000,20,225.000,20,227.000,1,0,14,
102309509000,218.000,1,210.000,51,207.000,20,206.000,10,84.000,3,39.000,20,222.000,51,223.000,26,225.000,20,227.000,1,230.000,1,0,14,
102309706000,218.000,1,210.000,30,207.000,20,206.000,10,84.000,3,39.000,20,222.000,30,223.000,26,225.000,20,227.000,1,230.000,1,0,14,
102309706000,218.000,1,210.000,30,209.000,21,207.000,20,206.000,10,84.000,3,222.000,51,223.000,26,225.000,20,227.000,1,230.000,1,0,14,
102309748000,218.000,1,210.000,10,209.000,21,207.000,20,206.000,10,84.000,3,222.000,51,223.000,26,227.000,1,230.000,1,320.000,1,0,14,
102309748000,218.000,1,210.000,10,209.000,31,207.000,20,206.000,10,84.000,3,222.000,51,223.000,26,227.000,1,230.000,1,320.000,1,0,14,
102309748000,218.000,1,209.000,31,207.000,20,206.000,10,84.000,3,39.000,20,222.000,51,223.000,26,227.000,1,230.000,1,320.000,1,0,14,
102309774000,218.000,1,209.000,31,207.000,40,206.000,10,84.000,3,39.000,20,222.000,71,223.000,26,227.000,1,230.000,1,320.000,1,0,14,
102310000000,218.000,1,209.000,31,208.000,20,207.000,40,206.000,10,84.000,3,222.000,71,223.000,46,227.000,1,230.000,1,320.000,1,0,14,
102310617000,218.000,1,209.000,31,208.000,20,207.000,20,206.000,10,84.000,3,222.000,51,223.000,46,227.000,1,230.000,1,320.000,1,0,14,
102310617000,218.000,1,209.000,31,208.000,20,207.000,20,206.000,30,84.000,3,221.000,20,222.000,51,223.000,46,227.000,1,230.000,1,0,14,
102310618000,218.000,1,209.000,31,208.000,20,207.000,20,206.000,30,84.000,3,221.000,30,222.000,51,223.000,46,227.000,1,230.000,1,0,14,
102310706000,218.000,1,209.000,10,208.000,20,207.000,20,206.000,30,84.000,3,221.000,30,222.000,30,223.000,46,227.000,1,230.000,1,0,14,
102310706000,218.000,1,209.000,31,208.000,20,207.000,20,206.000,30,84.000,3,220.000,21,221.000,30,222.000,30,223.000,46,227.000,1,0,14,
102310706000,218.000,1,209.000,21,208.000,20,207.000,20,206.000,30,84.000,3,220.000,21,221.000,30,222.000,30,223.000,46,227.000,1,0,14,
102310706000,218.000,1,209.000,21,208.000,30,207.000,20,206.000,30,84.000,3,220.000,21,221.000,30,222.000,30,223.000,46,227.000,1,0,14,
102310706000,218.000,1,209.000,21,208.000,30,207.000,20,206.000,30,84.000,3,220.000,31,221.000,30,222.000,30,223.000,46,227.000,1,0,14,
102310707000,218.000,1,209.000,31,208.000,30,207.000,20,206.000,30,84.000,3,220.000,31,221.000,30,222.000,30,223.000,46,227.000,1,0,14,
102311004000,218.000,1,209.000,31,208.000,30,207.000,20,206.000,30,84.000,3,220.000,31,221.000,30,222.000,20,223.000,46,227.000,1,0,14,
102311004000,218.000,1,209.000,31,208.000,30,207.000,20,206.000,30,84.000,3,220.000,31,221.000,30,222.000,20,223.000,36,227.000,1,0,14,
102312999000,218.000,1,209.000,31,208.000,30,207.000,20,206.000,30,84.000,3,220.000,31,221.000,30,222.000,20,223.000,26,227.000,1,0,14,
102313001000,218.000,1,209.000,31,208.000,30,207.000,20,206.000,30,84.000,3,220.000,31,221.000,40,222.000,20,223.000,26,227.000,1,0,14,
102313016000,218.000,1,209.000,31,208.000,30,207.000,20,206.000,30,84.000,3,220.000,31,221.000,40,222.000,20,223.000,20,227.000,1,0,14,
102313242000,218.000,1,209.000,31,208.000,30,207.000,20,206.000,10,84.000,3,220.000,31,221.000,20,222.000,20,223.000,20,227.000,1,0,14,
102313242000,218.000,1,209.000,31,208.000,30,207.000,20,206.000,10,205.000,20,220.000,51,221.000,20,222.000,20,223.000,20,227.000,1,0,14,
102314119000,218.000,1,209.000,31,208.000,10,207.000,20,206.000,10,205.000,20,220.000,51,221.000,20,222.000,20,227.000,1,230.000,1,0,14,
102314125000,218.000,1,209.000,10,208.000,10,207.000,20,206.000,10,205.000,20,220.000,30,221.000,20,222.000,20,227.000,1,230.000,1,0,14,
102314125000,218.000,1,209.000,10,208.000,31,207.000,20,206.000,10,205.000,20,220.000,51,221.000,20,222.000,20,227.000,1,230.000,1,0,14,
102314125000,218.000,1,209.000,10,208.000,31,207.000,20,206.000,10,205.000,20,220.000,51,221.000,26,222.000,20,227.000,1,230.000,1,0,14,
102314130000,218.000,1,209.000,10,208.000,31,207.000,20,205.000,20,84.000,3,220.000,51,221.000,26,222.000,20,227.000,1,230.000,1,0,14,
102314132000,218.000,1,209.000,10,208.000,31,205.000,20,84.000,3,39.000,20,220.000,51,221.000,26,227.000,1,230.000,1,320.000,1,0,14,
102314132000,218.000,1,209.000,10,208.000,31,84.000,3,39.000,20,38.500,1,220.000,31,221.000,26,227.000,1,230.000,1,320.000,1,0,14,
102314132000,218.000,1,209.000,10,208.000,31,204.000,20,84.000,3,39.000,20,219.000,20,220.000,31,221.000,26,227.000,1,230.000,1,0,14,
102314133000,218.000,1,208.000,31,204.000,20,84.000,3,39.000,20,38.500,1,219.000,20,220.000,31,221.000,26,227.000,1,230.000,1,0,14,
102314505000,218.000,1,208.000,31,206.000,20,204.000,20,84.000,3,39.000,20,219.000,20,220.000,31,221.000,46,227.000,1,230.000,1,0,14,
102314591000,218.000,1,208.000,31,206.000,20,204.000,20,84.000,3,39.000,20,219.000,30,220.000,31,221.000,46,227.000,1,230.000,1,0,14,
102314599000,218.000,1,208.000,31,206.000,20,204.000,20,84.000,3,39.000,20,219.000,30,220.000,31,221.000,40,227.000,1,230.000,1,0,14,
102314610000,218.000,1,208.000,31,206.000,20,204.000,20,84.000,3,39.000,20,219.000,30,220.000,37,221.000,40,227.000,1,230.000,1,0,14,
102315208000,218.000,1,208.000,10,206.000,20,204.000,20,84.000,3,39.000,20,219.000,30,220.000,16,221.000,40,227.000,1,230.000,1,0,14,
102315208000,218.000,1,208.000,10,207.000,21,206.000,20,204.000,20,84.000,3,218.000,21,219.000,30,220.000,16,221.000,40,227.000,1,0,14,
102315209000,218.000,1,208.000,10,207.000,21,206.000,20,204.000,20,84.000,3,218.000,31,219.000,30,220.000,16,221.000,40,227.000,1,0,14,
102315209000,218.000,1,208.000,10,207.000,31,206.000,20,204.000,20,84.000,3,218.000,31,219.000,30,220.000,16,221.000,40,227.000,1,0,14,
102315209000,218.000,1,207.000,31,206.000,20,204.000,20,84.000,3,39.000,20,218.000,31,219.000,30,220.000,16,221.000,40,227.000,1,0,14,
102315213000,218.000,1,207.000,31,206.000,20,204.000,20,203.000,10,84.000,3,218.000,31,219.000,30,220.000,16,221.000,40,227.000,1,0,14,
102315321000,218.000,1,207.000,31,206.000,20,204.000,20,203.000,10,84.000,3,218.000,31,219.000,30,220.000,16,221.000,30,227.000,1,0,14,
102315321000,218.000,1,207.000,31,206.000,20,204.000,20,203.000,10,84.000,3,218.000,31,219.000,40,220.000,16,221.000,30,227.000,1,0,14,
102315409000,218.000,1,207.000,31,206.000,20,203.000,10,84.000,3,39.000,20,218.000,31,219.000,20,220.000,16,221.000,30,227.000,1,0,14,
102315409000,218.000,1,207.000,31,206.000,20,203.000,30,84.000,3,39.000,20,218.000,51,219.000,20,220.000,16,221.000,30,227.000,1,0,14,
102316004000,218.000,1,207.000,31,206.000,20,203.000,30,84.000,3,39.000,20,218.000,51,219.000,20,220.000,16,221.000,20,227.000,1,0,14,
102316004000,218.000,1,207.000,31,206.000,20,203.000,30,84.000,3,39.000,20,218.000,51,219.000,20,220.000,6,221.000,20,227.000,1,0,14,
102317864000,218.000,1,207.000,31,206.000,40,203.000,30,84.000,3,39.000,20,218.000,51,219.000,20,220.000,6,221.000,40,227.000,1,0,14,
102318545000,218.000,1,207.000,31,206.000,40,203.000,30,84.000,3,39.000,20,218.000,51,219.000,20,221.000,40,227.000,1,230.000,1,0,14,
102318620000,218.000,1,207.000,31,206.000,40,203.000,10,84.000,3,39.000,20,218.000,31,219.000,20,221.000,40,227.000,1,230.000,1,0,14,
102318620000,218.000,1,207.000,31,206.000,40,204.000,20,203.000,10,84.000,3,218.000,31,219.000,40,221.000,40,227.000,1,230.000,1,0,14,
102319244000,218.000,1,207.000,31,206.000,40,203.000,10,84.000,3,39.000,20,218.000,31,219.000,20,221.000,40,227.000,1,230.000,1,0,14,
102319244000,218.000,1,207.000,31,206.000,40,203.000,30,84.000,3,39.000,20,218.000,51,219.000,20,221.000,40,227.000,1,230.000,1,0,14,
102319516000,218.000,1,207.000,10,206.000,40,203.000,30,84.000,3,39.000,20,218.000,30,219.000,20,221.000,40,227.000,1,230.000,1,0,14,
102319516000,218.000,1,207.000,10,206.000,61,203.000,30,84.000,3,39.000,20,218.000,51,219.000,20,221.000,40,227.000,1,230.000,1,0,14,
102319517000,218.000,1,206.000,61,203.000,30,84.000,3,39.000,20,38.500,1,218.000,51,219.000,20,221.000,40,227.000,1,230.000,1,0,14,
102319517000,218.000,1,206.000,71,203.000,30,84.000,3,39.000,20,38.500,1,218.000,51,219.000,20,221.000,40,227.000,1,230.000,1,0,14,
102319985000,218.000,1,206.000,71,203.000,10,84.000,3,39.000,20,38.500,1,218.000,31,219.000,20,221.000,40,227.000,1,230.000,1,0,14,
102319985000,218.000,1,206.000,71,204.000,20,203.000,10,84.000,3,39.000,20,218.000,31,219.000,40,221.000,40,227.000,1,230.000,1,0,14,
102321118000,218.000,1,206.000,71,203.000,10,84.000,3,39.000,20,38.500,1,218.000,31,219.000,20,221.000,40,227.000,1,230.000,1,0,14,
102321118000,218.000,1,206.000,71,203.000,30,84.000,3,39.000,20,38.500,1,218.000,51,219.000,20,221.000,40,227.000,1,230.000,1,0,14,
102321446000,218.000,1,206.000,71,203.000,20,84.000,3,39.000,20,38.500,1,218.000,51,219.000,20,221.000,40,227.000,1,230.000,1,0,14,
102321492000,218.000,1,206.000,51,203.000,20,84.000,3,39.000,20,38.500,1,218.000,51,219.000,20,221.000,20,227.000,1,230.000,1,0,14,
102321502000,218.000,1,206.000,51,84.000,3,39.000,20,38.500,1,22.500,20,218.000,31,219.000,20,221.000,20,227.000,1,230.000,1,0,14,
102321502000,218.000,1,206.000,51,202.000,20,84.000,3,39.000,20,38.500,1,217.000,20,218.000,31,219.000,20,221.000,20,227.000,1,0,14,
102321503000,218.000,1,206.000,51,202.000,20,84.000,3,39.000,20,38.500,1,217.000,20,218.000,31,219.000,26,221.000,20,227.000,1,0,14,
102321504000,218.000,1,206.000,51,202.000,20,84.000,3,39.000,20,38.500,1,217.000,30,218.000,31,219.000,26,221.000,20,227.000,1,0,14,
102321505000,218.000,1,206.000,51,204.000,20,202.000,20,84.000,3,39.000,20,217.000,30,218.000,31,219.000,46,221.000,20,227.000,1,0,14,
102321505000,218.000,1,206.000,51,204.000,20,202.000,20,84.000,3,39.000,20,217.000,30,218.000,31,219.000,36,221.000,20,227.000,1,0,14,
102321538000,218.000,1,206.000,31,204.000,20,202.000,20,84.000,3,39.000,20,217.000,30,218.000,31,219.000,36,227.000,1,230.000,1,0,14,
102321908000,218.000,1,206.000,31,202.000,20,84.000,3,39.000,20,38.500,1,217.000,30,218.000,31,219.000,16,227.000,1,230.000,1,0,14,
102321979000,218.000,1,206.000,31,202.000,40,84.000,3,39.000,20,38.500,1,217.000,50,218.000,31,219.000,16,227.000,1,230.000,1,0,14,
102321995000,218.000,1,206.000,31,202.000,20,84.000,3,39.000,20,38.500,1,217.000,30,218.000,31,219.000,16,227.000,1,230.000,1,0,14,
102321995000,218.000,1,206.000,31,202.000,20,201.000,20,84.000,3,39.000,20,216.000,20,217.000,30,218.000,31,219.000,16,227.000,1,0,14,
102322169000,218.000,1,206.000,31,202.000,20,201.000,20,84.000,3,39.000,20,216.000,30,217.000,30,218.000,31,219.000,16,227.000,1,0,14,
102322521000,218.000,1,206.000,10,202.000,20,201.000,20,84.000,3,39.000,20,216.000,30,217.000,30,218.000,10,219.000,16,227.000,1,0,14,
102322521000,218.000,1,206.000,10,204.000,21,202.000,20,201.000,20,84.000,3,215.000,21,216.000,30,217.000,30,218.000,10,219.000,16,0,14,
102322521000,218.000,1,204.000,21,202.000,20,201.000,20,84.000,3,39.000,20,215.000,21,216.000,30,217.000,30,218.000,10,219.000,16,0,14,
102322546000,218.000,1,204.000,21,202.000,20,201.000,20,200.000,10,84.000,3,215.000,21,216.000,30,217.000,30,218.000,10,219.000,16,0,14,
102322546000,218.000,1,204.000,21,202.000,20,201.000,20,200.000,10,84.000,3,215.000,21,216.000,30,217.000,30,218.000,10,219.000,6,0,14,
102322547000,218.000,1,204.000,21,202.000,20,201.000,20,200.000,10,84.000,3,215.000,21,216.000,40,217.000,30,218.000,10,219.000,6,0,14,
102322990000,218.000,1,204.000,21,202.000,20,201.000,20,200.000,10,84.000,3,215.000,31,216.000,40,217.000,30,218.000,10,219.000,6,0,14,
102322990000,218.000,1,204.000,31,202.000,20,201.000,20,200.000,10,84.000,3,215.000,31,216.000,40,217.000,30,218.000,10,219.000,6,0,14,
102323118000,218.000,1,204.000,31,202.000,20,200.000,10,84.000,3,39.000,20,215.000,31,216.000,20,217.000,30,218.000,10,219.000,6,0,14,
102323118000,218.000,1,204.000,31,202.000,40,200.000,10,84.000,3,39.000,20,215.000,31,216.000,20,217.000,50,218.000,10,219.000,6,0,14,
102323504000,218.000,1,204.000,31,202.000,40,200.000,10,84.000,3,39.000,20,215.000,31,216.000,20,217.000,40,218.000,10,219.000,6,0,14,
102323504000,218.000,1,204.000,31,202.000,40,200.000,10,84.000,3,39.000,20,215.000,31,216.000,20,217.000,40,219.000,6,227.000,1,0,14,
102323619000,218.000,1,204.000,31,202.000,20,200.000,10,84.000,3,39.000,20,215.000,31,216.000,20,217.000,20,219.000,6,227.000,1,0,14,
102323619000,218.000,1,204.000,31,202.000,20,201.000,20,200.000,10,84.000,3,215.000,31,216.000,40,217.000,20,219.000,6,227.000,1,0,14,
102324868000,218.000,1,204.000,31,202.000,20,200.000,10,84.000,3,39.000,20,215.000,31,216.000,20,217.000,20,219.000,6,227.000,1,0,14,
102324868000,218.000,1,204.000,31,202.000,40,200.000,10,84.000,3,39.000,20,215.000,31,216.000,20,217.000,40,219.000,6,227.000,1,0,14,
102325876000,218.000,1,204.000,51,202.000,40,200.000,10,84.000,3,39.000,20,215.000,31,216.000,20,217.000,40,219.000,26,227.000,1,0,14,
102326618000,218.000,1,204.000,51,202.000,20,200.000,10,84.000,3,39.000,20,215.000,31,216.000,20,217.000,20,219.000,26,227.000,1,0,14,
102326618000,218.000,1,204.000,51,202.000,20,201.000,20,200.000,10,84.000,3,215.000,31,216.000,40,217.000,20,219.000,26,227.000,1,0,14,
102332274000,218.000,1,204.000,31,202.000,20,201.000,20,200.000,10,84.000,3,215.000,31,216.000,40,217.000,20,219.000,6,227.000,1,0,14,
102332387000,218.000,1,204.000,31,203.000,20,202.000,20,201.000,20,200.000,10,215.000,31,216.000,40,217.000,20,218.000,20,219.000,6,0,14,
102333574000,218.000,1,204.000,31,203.000,20,202.000,20,201.000,20,200.000,10,215.000,31,216.000,40,217.000,20,218.000,20,227.000,1,0,14,
102333619000,218.000,1,204.000,31,203.000,20,202.000,20,200.000,10,84.000,3,215.000,31,216.000,20,217.000,20,218.000,20,227.000,1,0,14,
102333619000,218.000,1,204.000,31,203.000,20,202.000,20,200.000,30,84.000,3,215.000,51,216.000,20,217.000,20,218.000,20,227.000,1,0,14,
102333716000,218.000,1,204.000,10,203.000,20,202.000,20,200.000,30,84.000,3,215.000,30,216.000,20,217.000,20,218.000,20,227.000,1,0,14,
102333716000,218.000,1,204.000,10,203.000,41,202.000,20,200.000,30,84.000,3,215.000,51,216.000,20,217.000,20,218.000,20,227.000,1,0,14,
102333716000,218.000,1,204.000,10,203.000,51,202.000,20,200.000,30,84.000,3,215.000,51,216.000,20,217.000,20,218.000,20,227.000,1,0,14,
102333716000,218.000,1,203.000,51,202.000,20,200.000,30,84.000,3,39.000,20,215.000,51,216.000,20,217.000,20,218.000,20,227.000,1,0,14,
102334118000,218.000,1,203.000,51,202.000,20,200.000,10,84.000,3,39.000,20,215.000,31,216.000,20,217.000,20,218.000,20,227.000,1,0,14,
102334118000,218.000,1,203.000,51,202.000,20,201.000,20,200.000,10,84.000,3,215.000,31,216.000,40,217.000,20,218.000,20,227.000,1,0,14,
102336412000,218.000,1,203.000,30,202.000,20,201.000,20,200.000,10,84.000,3,215.000,10,216.000,40,217.000,20,218.000,20,227.000,1,0,14,
102336412000,218.000,1,204.000,21,203.000,30,202.000,20,201.000,20,200.000,10,215.000,31,216.000,40,217.000,20,218.000,20,227.000,1,0,14,
102336412000,218.000,1,204.000,21,203.000,30,202.000,20,201.000,20,200.000,10,215.000,21,216.000,40,217.000,20,218.000,20,227.000,1,0,14,
102336412000,218.000,1,204.000,31,203.000,30,202.000,20,201.000,20,200.000,10,215.000,21,216.000,40,217.000,20,218.000,20,227.000,1,0,14,
102336412000,218.000,1,204.000,31,203.000,30,202.000,20,201.000,20,200.000,10,215.000,31,216.000,40,217.000,20,218.000,20,227.000,1,0,14,
102340371000,218.000,1,204.000,31,203.000,30,202.000,20,200.000,10,84.000,3,215.000,31,216.000,20,217.000,20,218.000,20,227.000,1,0,14,
102340371000,218.000,1,204.000,31,203.000,30,202.000,40,200.000,10,84.000,3,215.000,31,216.000,20,217.000,40,218.000,20,227.000,1,0,14,
102343367000,218.000,1,204.000,31,203.000,30,202.000,20,200.000,10,84.000,3,215.000,31,216.000,20,217.000,20,218.000,20,227.000,1,0,14,
102343367000,218.000,1,204.000,31,203.000,30,202.000,20,201.000,20,200.000,10,215.000,31,216.000,40,217.000,20,218.000,20,227.000,1,0,14,
102347118000,218.000,1,204.000,31,203.000,30,202.000,20,200.000,10,84.000,3,215.000,31,216.000,20,217.000,20,218.000,20,227.000,1,0,14,
102347118000,218.000,1,204.000,31,203.000,30,202.000,20,200.000,30,84.000,3,215.000,51,216.000,20,217.000,20,218.000,20,227.000,1,0,14,
102347437000,218.000,1,204.000,10,203.000,30,202.000,20,200.000,30,84.000,3,215.000,30,216.000,20,217.000,20,218.000,20,227.000,1,0,14,
102347437000,218.000,1,204.000,10,203.000,51,202.000,20,200.000,30,84.000,3,215.000,51,216.000,20,217.000,20,218.000,20,227.000,1,0,14,
102347437000,218.000,1,203.000,51,202.000,20,200.000,30,84.000,3,39.000,20,215.000,51,216.000,20,217.000,20,218.000,20,227.000,1,0,14,
102348861000,218.000,1,203.000,31,202.000,20,200.000,30,84.000,3,39.000,20,215.000,51,216.000,20,217.000,20,227.000,1,230.000,1,0,14,
102348888000,218.000,1,203.000,31,202.000,40,200.000,30,84.000,3,39.000,20,215.000,51,216.000,20,217.000,40,227.000,1,230.000,1,0,14,
102351454000,218.000,1,203.000,10,202.000,40,200.000,30,84.000,3,39.000,20,215.000,30,216.000,20,217.000,40,227.000,1,230.000,1,0,14,
102351454000,218.000,1,204.000,21,203.000,10,202.000,40,200.000,30,84.000,3,215.000,51,216.000,20,217.000,40,227.000,1,230.000,1,0,14,
102351455000,218.000,1,204.000,31,203.000,10,202.000,40,200.000,30,84.000,3,215.000,51,216.000,20,217.000,40,227.000,1,230.000,1,0,14,
102351724000,218.000,1,204.000,10,203.000,10,202.000,40,200.000,30,84.000,3,215.000,30,216.000,20,217.000,40,227.000,1,230.000,1,0,14,
102351724000,218.000,1,204.000,10,203.000,31,202.000,40,200.000,30,84.000,3,215.000,51,216.000,20,217.000,40,227.000,1,230.000,1,0,14,
102351724000,218.000,1,203.000,31,202.000,40,200.000,30,84.000,3,39.000,20,215.000,51,216.000,20,217.000,40,227.000,1,230.000,1,0,14,
102351868000,218.000,1,203.000,31,202.000,40,200.000,10,84.000,3,39.000,20,215.000,31,216.000,20,217.000,40,227.000,1,230.000,1,0,14,
102351868000,218.000,1,203.000,31,202.000,40,201.000,20,200.000,10,84.000,3,215.000,31,216.000,40,217.000,40,227.000,1,230.000,1,0,14,
102352824000,218.000,1,203.000,10,202.000,40,201.000,20,200.000,10,84.000,3,215.000,10,216.000,40,217.000,40,227.000,1,230.000,1,0,14,
102352824000,218.000,1,204.000,21,203.000,10,202.000,40,201.000,20,200.000,10,215.000,31,216.000,40,217.000,40,227.000,1,230.000,1,0,14,
102352824000,218.000,1,204.000,21,202.000,40,201.000,20,200.000,10,84.000,3,215.000,31,216.000,40,217.000,40,227.000,1,230.000,1,0,14,
102352825000,218.000,1,204.000,21,202.000,50,201.000,20,200.000,10,84.000,3,215.000,31,216.000,40,217.000,40,227.000,1,230.000,1,0,14,
102352825000,218.000,1,204.000,21,202.000,50,201.000,20,200.000,10,84.000,3,215.000,21,216.000,40,217.000,40,227.000,1,230.000,1,0,14,
102352825000,218.000,1,204.000,31,202.000,50,201.000,20,200.000,10,84.000,3,215.000,21,216.000,40,217.000,40,227.000,1,230.000,1,0,14,
102352857000,218.000,1,204.000,31,202.000,50,201.000,20,200.000,10,84.000,3,215.000,31,216.000,40,217.000,40,227.000,1,230.000,1,0,14,
102353445000,218.000,1,204.000,31,202.000,30,201.000,20,200.000,10,84.000,3,215.000,31,216.000,40,217.000,20,227.000,1,230.000,1,0,14,
102353492000,218.000,1,204.000,31,202.000,30,200.000,10,84.000,3,39.000,20,215.000,31,216.000,20,217.000,20,227.000,1,230.000,1,0,14,
102353492000,218.000,1,204.000,31,202.000,50,200.000,10,84.000,3,39.000,20,215.000,31,216.000,20,217.000,40,227.000,1,230.000,1,0,14,
102354314000,218.000,1,204.000,31,202.000,70,200.000,10,84.000,3,39.000,20,215.000,31,216.000,20,217.000,60,227.000,1,230.000,1,0,14,
102355743000,218.000,1,204.000,31,202.000,50,200.000,10,84.000,3,39.000,20,215.000,31,216.000,20,217.000,40,227.000,1,230.000,1,0,14,
102355743000,218.000,1,204.000,31,202.000,50,201.000,20,200.000,10,84.000,3,215.000,31,216.000,40,217.000,40,227.000,1,230.000,1,0,14,
102357368000,218.000,1,204.000,31,202.000,50,200.000,10,84.000,3,39.000,20,215.000,31,216.000,20,217.000,40,227.000,1,230.000,1,0,14,
102357368000,218.000,1,204.000,31,202.000,50,200.000,30,84.000,3,39.000,20,215.000,51,216.000,20,217.000,40,227.000,1,230.000,1,0,14,
102358868000,218.000,1,204.000,31,202.000,50,200.000,10,84.000,3,39.000,20,215.000,31,216.000,20,217.000,40,227.000,1,230.000,1,0,14,
102358868000,218.000,1,204.000,31,202.000,50,201.000,20,200.000,10,84.000,3,215.000,31,216.000,40,217.000,40,227.000,1,230.000,1,0,14,
102359494000,218.000,1,204.000,31,202.000,50,200.000,10,84.000,3,39.000,20,215.000,31,216.000,20,217.000,40,227.000,1,230.000,1,0,14,
102359494000,218.000,1,204.000,31,202.000,50,200.000,30,84.000,3,39.000,20,215.000,51,216.000,20,217.000,40,227.000,1,230.000,1,0,14,
102359618000,218.000,1,204.000,31,202.000,50,200.000,10,84.000,3,39.000,20,215.000,31,216.000,20,217.000,40,227.000,1,230.000,1,0,14,
102359618000,218.000,1,204.000,31,202.000,50,201.000,20,200.000,10,84.000,3,215.000,31,216.000,40,217.000,40,227.000,1,230.000,1,0,14,
102402170000,218.000,1,204.000,10,202.000,50,201.000,20,200.000,10,84.000,3,215.000,10,216.000,40,217.000,40,227.000,1,230.000,1,0,14,
102402170000,218.000,1,204.000,10,203.000,21,202.000,50,201.000,20,200.000,10,215.000,31,216.000,40,217.000,40,227.000,1,230.000,1,0,14,
102402170000,218.000,1,204.000,10,203.000,21,202.000,50,201.000,20,200.000,10,215.000,21,216.000,40,217.000,40,227.000,1,230.000,1,0,14,
102402170000,218.000,1,203.000,21,202.000,50,201.000,20,200.000,10,84.000,3,215.000,21,216.000,40,217.000,40,227.000,1,230.000,1,0,14,
102402170000,218.000,1,203.000,31,202.000,50,201.000,20,200.000,10,84.000,3,215.000,21,216.000,40,217.000,40,227.000,1,230.000,1,0,14,
102402171000,218.000,1,203.000,31,202.000,50,201.000,20,200.000,10,84.000,3,215.000,31,216.000,40,217.000,40,227.000,1,230.000,1,0,14,
102410992000,218.000,1,203.000,31,202.000,50,200.000,10,84.000,3,39.000,20,215.000,31,216.000,20,217.000,40,227.000,1,230.000,1,0,14,
102410992000,218.000,1,203.000,31,202.000,50,200.000,30,84.000,3,39.000,20,215.000,51,216.000,20,217.000,40,227.000,1,230.000,1,0,14,
102411516000,218.000,1,203.000,31,202.000,30,200.000,30,84.000,3,39.000,20,215.000,51,216.000,20,217.000,20,227.000,1,230.000,1,0,14,
102412469000,218.000,1,203.000,31,202.000,50,200.000,30,84.000,3,39.000,20,215.000,51,216.000,20,217.000,40,227.000,1,230.000,1,0,14,
102428729000,218.000,1,203.000,31,202.000,50,200.000,10,84.000,3,39.000,20,215.000,31,216.000,20,217.000,40,227.000,1,230.000,1,0,14,
102428729000,218.000,1,203.000,31,202.000,50,200.000,10,199.000,20,84.000,3,214.000,20,215.000,31,216.000,20,217.000,40,227.000,1,0,14,
102428729000,218.000,1,203.000,31,202.000,30,200.000,10,199.000,20,84.000,3,214.000,20,215.000,31,216.000,20,217.000,20,227.000,1,0,14,
102428732000,218.000,1,203.000,31,202.000,30,200.000,10,199.000,20,84.000,3,214.000,30,215.000,31,216.000,20,217.000,20,227.000,1,0,14,
102428734000,218.000,1,203.000,10,202.000,30,200.000,10,199.000,20,84.000,3,214.000,30,215.000,10,216.000,20,217.000,20,227.000,1,0,14,
102428734000,218.000,1,203.000,10,202.000,51,200.000,10,199.000,20,84.000,3,213.000,21,214.000,30,215.000,10,216.000,20,217.000,20,0,14,
102428735000,218.000,1,202.000,51,200.000,10,199.000,20,84.000,3,39.000,20,213.000,21,214.000,30,215.000,10,216.000,20,217.000,20,0,14,
102428735000,218.000,1,202.000,51,200.000,10,199.000,20,84.000,3,39.000,20,213.000,31,214.000,30,215.000,10,216.000,20,217.000,20,0,14,
102428747000,218.000,1,202.000,31,200.000,10,199.000,20,84.000,3,39.000,20,213.000,31,214.000,30,215.000,10,216.000,20,227.000,1,0,14,
102429002000,218.000,1,202.000,31,200.000,30,199.000,20,84.000,3,39.000,20,213.000,31,214.000,30,215.000,30,216.000,20,227.000,1,0,14,
102429004000,218.000,1,202.000,31,200.000,30,199.000,20,84.000,3,39.000,20,213.000,31,214.000,30,215.000,20,216.000,20,227.000,1,0,14,
102429004000,218.000,1,202.000,31,200.000,30,199.000,20,84.000,3,39.000,20,213.000,31,214.000,30,215.000,20,216.000,10,227.000,1,0,14,
102429641000,218.000,1,202.000,31,201.000,20,200.000,30,199.000,20,84.000,3,213.000,31,214.000,30,215.000,20,216.000,30,227.000,1,0,14,
102432250000,218.000,1,202.000,31,201.000,20,200.000,30,199.000,20,84.000,3,213.000,31,214.000,30,215.000,20,216.000,20,227.000,1,0,14,
102432251000,218.000,1,202.000,31,201.000,20,200.000,30,199.000,20,84.000,3,213.000,31,214.000,40,215.000,20,216.000,20,227.000,1,0,14,
102432367000,218.000,1,202.000,31,201.000,20,200.000,30,84.000,3,39.000,20,213.000,31,214.000,20,215.000,20,216.000,20,227.000,1,0,14,
102432367000,218.000,1,202.000,31,201.000,20,200.000,30,198.000,20,84.000,3,213.000,51,214.000,20,215.000,20,216.000,20,227.000,1,0,14,
102434492000,218.000,1,202.000,31,201.000,20,200.000,30,84.000,3,39.000,20,213.000,31,214.000,20,215.000,20,216.000,20,227.000,1,0,14,
102434492000,218.000,1,202.000,31,201.000,20,200.000,30,199.000,20,84.000,3,213.000,31,214.000,40,215.000,20,216.000,20,227.000,1,0,14,
102435450000,218.000,1,202.000,10,201.000,20,200.000,30,199.000,20,84.000,3,213.000,10,214.000,40,215.000,20,216.000,20,227.000,1,0,14,
102435450000,218.000,1,203.000,21,202.000,10,201.000,20,200.000,30,199.000,20,213.000,31,214.000,40,215.000,20,216.000,20,227.000,1,0,14,
102435452000,218.000,1,203.000,21,202.000,10,201.000,30,200.000,30,199.000,20,213.000,31,214.000,40,215.000,20,216.000,20,227.000,1,0,14,
102435452000,218.000,1,203.000,21,201.000,30,200.000,30,199.000,20,84.000,3,213.000,31,214.000,40,215.000,20,216.000,20,227.000,1,0,14,
102435452000,218.000,1,203.000,21,201.000,30,200.000,30,199.000,20,84.000,3,213.000,21,214.000,40,215.000,20,216.000,20,227.000,1,0,14,
102435452000,218.000,1,203.000,31,201.000,30,200.000,30,199.000,20,84.000,3,213.000,21,214.000,40,215.000,20,216.000,20,227.000,1,0,14,
102435452000,218.000,1,203.000,31,201.000,30,200.000,30,199.000,20,84.000,3,213.000,31,214.000,40,215.000,20,216.000,20,227.000,1,0,14,
102435495000,218.000,1,203.000,31,201.000,30,200.000,30,84.000,3,39.000,20,213.000,31,214.000,20,215.000,20,216.000,20,227.000,1,0,14,
102435495000,218.000,1,203.000,31,201.000,30,200.000,50,84.000,3,39.000,20,213.000,31,214.000,20,215.000,40,216.000,20,227.000,1,0,14,
102436264000,218.000,1,203.000,31,201.000,30,200.000,30,84.000,3,39.000,20,213.000,31,214.000,20,215.000,20,216.000,20,227.000,1,0,14,
102436264000,218.000,1,203.000,31,201.000,30,200.000,30,199.000,20,84.000,3,213.000,31,214.000,40,215.000,20,216.000,20,227.000,1,0,14,
102438449000,218.000,1,203.000,10,201.000,30,200.000,30,199.000,20,84.000,3,213.000,10,214.000,40,215.000,20,216.000,20,227.000,1,0,14,
102438449000,218.000,1,203.000,10,202.000,21,201.000,30,200.000,30,199.000,20,213.000,31,214.000,40,215.000,20,216.000,20,227.000,1,0,14,
102438450000,218.000,1,202.000,21,201.000,30,200.000,30,199.000,20,84.000,3,213.000,31,214.000,40,215.000,20,216.000,20,227.000,1,0,14,
102438450000,218.000,1,202.000,21,201.000,30,200.000,30,199.000,20,84.000,3,213.000,21,214.000,40,215.000,20,216.000,20,227.000,1,0,14,
102438450000,218.000,1,202.000,31,201.000,30,200.000,30,199.000,20,84.000,3,213.000,21,214.000,40,215.000,20,216.000,20,227.000,1,0,14,
102438450000,218.000,1,202.000,31,201.000,30,200.000,30,199.000,20,84.000,3,213.000,31,214.000,40,215.000,20,216.000,20,227.000,1,0,14,
102438898000,218.000,1,202.000,31,201.000,10,200.000,30,199.000,20,84.000,3,213.000,31,214.000,40,215.000,20,227.000,1,230.000,1,0,14,
102439744000,218.000,1,202.000,31,201.000,10,200.000,30,84.000,3,39.000,20,213.000,31,214.000,20,215.000,20,227.000,1,230.000,1,0,14,
102439744000,218.000,1,202.000,31,201.000,10,200.000,50,84.000,3,39.000,20,213.000,31,214.000,20,215.000,40,227.000,1,230.000,1,0,14,
102442711000,218.000,1,202.000,31,201.000,10,200.000,70,84.000,3,39.000,20,213.000,31,214.000,20,215.000,60,227.000,1,230.000,1,0,14,
102502800000,218.000,1,202.000,31,201.000,10,200.000,50,84.000,3,39.000,20,213.000,31,214.000,20,215.000,40,227.000,1,230.000,1,0,14,
102503169000,218.000,1,202.000,31,201.000,30,200.000,50,84.000,3,39.000,20,213.000,31,214.000,20,215.000,40,216.000,20,227.000,1,0,14,
102510191000,218.000,1,202.000,31,201.000,30,200.000,50,84.000,3,39.000,20,213.000,31,214.000,10,215.000,40,216.000,20,227.000,1,0,14,
102510195000,218.000,1,202.000,31,201.000,30,200.000,30,84.000,3,39.000,20,213.000,31,214.000,10,215.000,20,216.000,20,227.000,1,0,14,
102510315000,218.000,1,202.000,31,201.000,30,200.000,30,84.000,3,39.000,20,213.000,31,214.000,10,215.000,20,216.000,30,227.000,1,0,14,
102510504000,218.000,1,202.000,51,201.000,30,200.000,30,84.000,3,39.000,20,213.000,31,214.000,10,215.000,20,216.000,30,217.000,20,0,14,
102510993000,218.000,1,202.000,51,201.000,30,200.000,10,84.000,3,39.000,20,213.000,31,214.000,10,216.000,30,217.000,20,227.000,1,0,14,
102510993000,218.000,1,202.000,51,201.000,50,200.000,10,84.000,3,39.000,20,213.000,31,214.000,10,216.000,50,217.000,20,227.000,1,0,14,
102515868000,218.000,1,202.000,51,201.000,30,200.000,10,84.000,3,39.000,20,213.000,31,214.000,10,216.000,30,217.000,20,227.000,1,0,14,
102515868000,218.000,1,202.000,71,201.000,30,200.000,10,84.000,3,39.000,20,213.000,31,214.000,10,216.000,30,217.000,40,227.000,1,0,14,
102518472000,218.000,1,202.000,50,201.000,30,200.000,10,84.000,3,39.000,20,213.000,10,214.000,10,216.000,30,217.000,40,227.000,1,0,14,
102518472000,218.000,1,202.000,71,201.000,30,200.000,10,84.000,3,39.000,20,213.000,10,214.000,31,216.000,30,217.000,40,227.000,1,0,14,
102518472000,218.000,1,202.000,71,201.000,30,200.000,10,84.000,3,39.000,20,213.000,10,214.000,31,216.000,40,217.000,40,227.000,1,0,14,
102518472000,218.000,1,202.000,71,201.000,30,200.000,10,84.000,3,39.000,20,214.000,31,216.000,40,217.000,40,227.000,1,230.000,1,0,14,
102519103000,218.000,1,202.000,71,201.000,10,200.000,10,84.000,3,39.000,20,214.000,31,216.000,20,217.000,40,227.000,1,230.000,1,0,14,
102519289000,218.000,1,202.000,71,201.000,30,200.000,10,84.000,3,39.000,20,214.000,31,216.000,40,217.000,40,227.000,1,230.000,1,0,14,
102519478000,218.000,1,202.000,50,201.000,30,200.000,10,84.000,3,39.000,20,214.000,10,216.000,40,217.000,40,227.000,1,230.000,1,0,14,
102519478000,218.000,1,202.000,71,201.000,30,200.000,10,84.000,3,39.000,20,213.000,21,214.000,10,216.000,40,217.000,40,227.000,1,0,14,
102519478000,218.000,1,202.000,71,201.000,30,200.000,10,84.000,3,39.000,20,213.000,21,216.000,40,217.000,40,227.000,1,230.000,1,0,14,
102519478000,218.000,1,202.000,71,201.000,30,200.000,10,84.000,3,39.000,20,213.000,31,216.000,40,217.000,40,227.000,1,230.000,1,0,14,
102520183000,218.000,1,202.000,51,201.000,30,200.000,10,84.000,3,39.000,20,213.000,31,216.000,40,217.000,20,227.000,1,230.000,1,0,14,
102520183000,218.000,1,202.000,51,201.000,50,200.000,10,84.000,3,39.000,20,213.000,31,216.000,60,217.000,20,227.000,1,230.000,1,0,14,
102523676000,218.000,1,202.000,51,201.000,30,200.000,10,84.000,3,39.000,20,213.000,31,216.000,40,217.000,20,227.000,1,230.000,1,0,14,
102523743000,218.000,1,202.000,51,201.000,10,200.000,10,84.000,3,39.000,20,213.000,31,216.000,20,217.000,20,227.000,1,230.000,1,0,14,
102523743000,218.000,1,202.000,71,201.000,10,200.000,10,84.000,3,39.000,20,213.000,31,216.000,20,217.000,40,227.000,1,230.000,1,0,14,
102523763000,218.000,1,202.000,50,201.000,10,200.000,10,84.000,3,39.000,20,213.000,10,216.000,20,217.000,40,227.000,1,230.000,1,0,14,
102523763000,218.000,1,202.000,71,201.000,10,200.000,10,84.000,3,39.000,20,213.000,10,214.000,21,216.000,20,217.000,40,227.000,1,0,14,
102523763000,218.000,1,202.000,71,201.000,10,200.000,10,84.000,3,39.000,20,214.000,21,216.000,20,217.000,40,227.000,1,230.000,1,0,14,
102523785000,218.000,1,202.000,71,201.000,30,200.000,10,84.000,3,39.000,20,214.000,21,216.000,40,217.000,40,227.000,1,230.000,1,0,14,
102524763000,218.000,1,202.000,50,201.000,30,200.000,10,84.000,3,39.000,20,216.000,40,217.000,40,227.000,1,230.000,1,320.000,1,0,14,
102524763000,218.000,1,202.000,71,201.000,30,200.000,10,84.000,3,39.000,20,215.000,21,216.000,40,217.000,40,227.000,1,230.000,1,0,14,
102524764000,218.000,1,202.000,71,201.000,30,200.000,10,84.000,3,39.000,20,215.000,31,216.000,40,217.000,40,227.000,1,230.000,1,0,14,
102524868000,218.000,1,202.000,51,201.000,30,200.000,10,84.000,3,39.000,20,215.000,31,216.000,40,217.000,20,227.000,1,230.000,1,0,14,
102524868000,218.000,1,202.000,51,201.000,50,200.000,10,84.000,3,39.000,20,215.000,31,216.000,60,217.000,20,227.000,1,230.000,1,0,14,
102525993000,218.000,1,202.000,51,201.000,30,200.000,10,84.000,3,39.000,20,215.000,31,216.000,40,217.000,20,227.000,1,230.000,1,0,14,
102525993000,218.000,1,202.000,71,201.000,30,200.000,10,84.000,3,39.000,20,215.000,31,216.000,40,217.000,40,227.000,1,230.000,1,0,14,
102528280000,218.000,1,202.000,51,201.000,30,200.000,10,84.000,3,39.000,20,215.000,31,216.000,40,217.000,20,227.000,1,230.000,1,0,14,
102528280000,218.000,1,202.000,51,201.000,50,200.000,10,84.000,3,39.000,20,215.000,31,216.000,60,217.000,20,227.000,1,230.000,1,0,14,
102530243000,218.000,1,202.000,51,201.000,30,200.000,10,84.000,3,39.000,20,215.000,31,216.000,40,217.000,20,227.000,1,230.000,1,0,14,
102530243000,218.000,1,202.000,71,201.000,30,200.000,10,84.000,3,39.000,20,215.000,31,216.000,40,217.000,40,227.000,1,230.000,1,0,14,
102536380000,218.000,1,202.000,71,201.000,10,200.000,10,84.000,3,39.000,20,215.000,31,216.000,20,217.000,40,227.000,1,230.000,1,0,14,
102536426000,218.000,1,202.000,71,201.000,30,200.000,10,84.000,3,39.000,20,215.000,31,216.000,40,217.000,40,227.000,1,230.000,1,0,14,
102539368000,218.000,1,202.000,51,201.000,30,200.000,10,84.000,3,39.000,20,215.000,31,216.000,40,217.000,20,227.000,1,230.000,1,0,14,
102539368000,218.000,1,203.000,20,202.000,51,201.000,30,200.000,10,84.000,3,215.000,31,216.000,40,217.000,20,218.000,20,227.000,1,0,14,
102539369000,218.000,1,203.000,30,202.000,51,201.000,30,200.000,10,84.000,3,215.000,31,216.000,40,217.000,20,218.000,20,227.000,1,0,14,
102539463000,218.000,1,203.000,30,202.000,51,201.000,30,200.000,10,84.000,3,215.000,31,216.000,30,217.000,20,218.000,20,227.000,1,0,14,
102539463000,218.000,1,203.000,30,202.000,51,201.000,30,200.000,10,84.000,3,215.000,31,216.000,30,217.000,20,218.000,30,227.000,1,0,14,
102539504000,218.000,1,203.000,30,202.000,51,201.000,20,200.000,10,84.000,3,215.000,31,216.000,30,217.000,20,218.000,30,227.000,1,0,14,
102539707000,218.000,1,203.000,30,202.000,51,200.000,10,84.000,3,39.000,20,215.000,31,216.000,10,217.000,20,218.000,30,227.000,1,0,14,
102539770000,218.000,1,203.000,30,202.000,30,200.000,10,84.000,3,39.000,20,215.000,10,216.000,10,217.000,20,218.000,30,227.000,1,0,14,
102539770000,218.000,1,204.000,21,203.000,30,202.000,30,200.000,10,84.000,3,215.000,31,216.000,10,217.000,20,218.000,30,227.000,1,0,14,
102539770000,218.000,1,204.000,21,203.000,30,202.000,30,200.000,10,84.000,3,215.000,31,216.000,10,217.000,30,218.000,30,227.000,1,0,14,
102539770000,218.000,1,204.000,31,203.000,30,202.000,30,200.000,10,84.000,3,215.000,31,216.000,10,217.000,30,218.000,30,227.000,1,0,14,
102539770000,218.000,1,204.000,31,203.000,30,202.000,30,200.000,10,84.000,3,215.000,21,216.000,10,217.000,30,218.000,30,227.000,1,0,14,
102539770000,218.000,1,204.000,31,203.000,30,202.000,30,200.000,10,84.000,3,215.000,31,216.000,10,217.000,30,218.000,30,227.000,1,0,14,
102540005000,218.000,1,204.000,31,203.000,30,202.000,10,200.000,10,84.000,3,215.000,31,216.000,10,217.000,10,218.000,30,227.000,1,0,14,
102540005000,218.000,1,204.000,51,203.000,30,202.000,10,200.000,10,84.000,3,215.000,31,216.000,10,217.000,10,218.000,30,219.000,20,0,14,
102540005000,218.000,1,204.000,51,203.000,30,200.000,10,84.000,3,39.000,20,215.000,31,216.000,10,217.000,10,218.000,30,219.000,20,0,14,
102540005000,218.000,1,204.000,51,203.000,30,200.000,10,84.000,3,39.000,20,215.000,31,216.000,10,218.000,30,219.000,20,227.000,1,0,14,
102540447000,218.000,1,204.000,51,203.000,30,202.000,20,200.000,10,84.000,3,215.000,31,216.000,10,217.000,20,218.000,30,219.000,20,0,14,
102540463000,218.000,1,204.000,51,203.000,30,202.000,20,84.000,3,39.000,20,215.000,31,216.000,10,217.000,20,218.000,30,219.000,20,0,14,
102540463000,218.000,1,204.000,51,203.000,40,202.000,20,84.000,3,39.000,20,215.000,31,216.000,10,217.000,20,218.000,30,219.000,20,0,14,
102541617000,218.000,1,204.000,51,203.000,20,202.000,20,84.000,3,39.000,20,215.000,31,216.000,10,217.000,20,218.000,10,219.000,20,0,14,
102541617000,218.000,1,204.000,51,203.000,20,202.000,40,84.000,3,39.000,20,215.000,31,216.000,10,217.000,40,218.000,10,219.000,20,0,14,
102542744000,218.000,1,204.000,51,203.000,20,202.000,20,84.000,3,39.000,20,215.000,31,216.000,10,217.000,20,218.000,10,219.000,20,0,14,
102542744000,218.000,1,204.000,51,203.000,40,202.000,20,84.000,3,39.000,20,215.000,31,216.000,10,217.000,20,218.000,30,219.000,20,0,14,
102548495000,218.000,1,204.000,51,203.000,20,202.000,20,84.000,3,39.000,20,215.000,31,216.000,10,217.000,20,218.000,10,219.000,20,0,14,
102548495000,218.000,1,204.000,71,203.000,20,202.000,20,84.000,3,39.000,20,215.000,31,216.000,10,217.000,20,218.000,10,219.000,40,0,14,
102548774000,218.000,1,204.000,50,203.000,20,202.000,20,84.000,3,39.000,20,215.000,10,216.000,10,217.000,20,218.000,10,219.000,40,0,14,
102548774000,218.000,1,204.000,71,203.000,20,202.000,20,84.000,3,39.000,20,215.000,10,216.000,31,217.000,20,218.000,10,219.000,40,0,14,
102548774000,218.000,1,204.000,71,203.000,20,202.000,20,84.000,3,39.000,20,216.000,31,217.000,20,218.000,10,219.000,40,227.000,1,0,14,
102548929000,218.000,1,204.000,71,203.000,20,84.000,3,39.000,20,38.500,1,216.000,31,218.000,10,219.000,40,227.000,1,230.000,1,0,14,
102550498000,218.000,1,204.000,50,203.000,20,84.000,3,39.000,20,38.500,1,216.000,10,218.000,10,219.000,40,227.000,1,230.000,1,0,14,
102550498000,218.000,1,204.000,71,203.000,20,84.000,3,39.000,20,38.500,1,215.000,21,216.000,10,218.000,10,219.000,40,227.000,1,0,14,
102550498000,218.000,1,204.000,71,203.000,20,84.000,3,39.000,20,38.500,1,215.000,21,216.000,10,218.000,20,219.000,40,227.000,1,0,14,
102550498000,218.000,1,204.000,71,203.000,20,84.000,3,39.000,20,38.500,1,215.000,31,216.000,10,218.000,20,219.000,40,227.000,1,0,14,
102550498000,218.000,1,204.000,71,203.000,20,84.000,3,39.000,20,38.500,1,215.000,31,218.000,20,219.000,40,227.000,1,230.000,1,0,14,
102552826000,218.000,1,204.000,71,203.000,40,84.000,3,39.000,20,38.500,1,215.000,31,218.000,40,219.000,40,227.000,1,230.000,1,0,14,
102553618000,218.000,1,204.000,51,203.000,40,84.000,3,39.000,20,38.500,1,215.000,31,218.000,40,219.000,20,227.000,1,230.000,1,0,14,
102553618000,218.000,1,204.000,51,203.000,60,84.000,3,39.000,20,38.500,1,215.000,31,218.000,60,219.000,20,227.000,1,230.000,1,0,14,
102601993000,218.000,1,204.000,51,203.000,40,84.000,3,39.000,20,38.500,1,215.000,31,218.000,40,219.000,20,227.000,1,230.000,1,0,14,
102601993000,218.000,1,204.000,71,203.000,40,84.000,3,39.000,20,38.500,1,215.000,31,218.000,40,219.000,40,227.000,1,230.000,1,0,14,
102603880000,218.000,1,204.000,50,203.000,40,84.000,3,39.000,20,38.500,1,215.000,10,218.000,40,219.000,40,227.000,1,230.000,1,0,14,
102603880000,218.000,1,204.000,71,203.000,40,84.000,3,39.000,20,38.500,1,215.000,10,216.000,21,218.000,40,219.000,40,227.000,1,0,14,
102603880000,218.000,1,204.000,71,203.000,40,84.000,3,39.000,20,38.500,1,216.000,21,218.000,40,219.000,40,227.000,1,230.000,1,0,14,
102603880000,218.000,1,204.000,71,203.000,40,84.000,3,39.000,20,38.500,1,216.000,31,218.000,40,219.000,40,227.000,1,230.000,1,0,14,
102608838000,218.000,1,204.000,71,203.000,20,84.000,3,39.000,20,38.500,1,216.000,31,218.000,20,219.000,40,227.000,1,230.000,1,0,14,
102608987000,218.000,1,204.000,71,203.000,40,84.000,3,39.000,20,38.500,1,216.000,31,218.000,40,219.000,40,227.000,1,230.000,1,0,14,
102614235000,218.000,1,204.000,71,203.000,20,84.000,3,39.000,20,38.500,1,216.000,31,218.000,20,219.000,40,227.000,1,230.000,1,0,14,
102615048000,218.000,1,204.000,71,203.000,40,84.000,3,39.000,20,38.500,1,216.000,31,218.000,40,219.000,40,227.000,1,230.000,1,0,14,
102617492000,218.000,1,204.000,51,203.000,40,84.000,3,39.000,20,38.500,1,216.000,31,218.000,40,219.000,20,227.000,1,230.000,1,0,14,
102617492000,218.000,1,204.000,51,203.000,60,84.000,3,39.000,20,38.500,1,216.000,31,218.000,60,219.000,20,227.000,1,230.000,1,0,14,
102621242000,218.000,1,204.000,51,203.000,40,84.000,3,39.000,20,38.500,1,216.000,31,218.000,40,219.000,20,227.000,1,230.000,1,0,14,
102621242000,218.000,1,204.000,71,203.000,40,84.000,3,39.000,20,38.500,1,216.000,31,218.000,40,219.000,40,227.000,1,230.000,1,0,14,
102628993000,218.000,1,204.000,51,203.000,40,84.000,3,39.000,20,38.500,1,216.000,31,218.000,40,219.000,20,227.000,1,230.000,1,0,14,
102628993000,218.000,1,205.000,20,204.000,51,203.000,40,84.000,3,39.000,20,216.000,31,218.000,40,219.000,20,220.000,20,227.000,1,0,14,
102628993000,218.000,1,205.000,30,204.000,51,203.000,40,84.000,3,39.000,20,216.000,31,218.000,40,219.000,20,220.000,20,227.000,1,0,14,
102629005000,218.000,1,205.000,30,204.000,51,203.000,30,84.000,3,39.000,20,216.000,31,218.000,40,219.000,20,220.000,20,227.000,1,0,14,
102629499000,218.000,1,205.000,30,204.000,30,203.000,30,84.000,3,39.000,20,216.000,10,218.000,40,219.000,20,220.000,20,227.000,1,0,14,
102629499000,218.000,1,206.000,21,205.000,30,204.000,30,203.000,30,84.000,3,216.000,31,218.000,40,219.000,20,220.000,20,227.000,1,0,14,
102629499000,218.000,1,206.000,21,205.000,30,204.000,30,203.000,30,84.000,3,216.000,21,218.000,40,219.000,20,220.000,20,227.000,1,0,14,
102629499000,218.000,1,206.000,31,205.000,30,204.000,30,203.000,30,84.000,3,216.000,21,218.000,40,219.000,20,220.000,20,227.000,1,0,14,
102629499000,218.000,1,206.000,31,205.000,30,204.000,30,203.000,30,84.000,3,216.000,31,218.000,40,219.000,20,220.000,20,227.000,1,0,14,
102629504000,218.000,1,206.000,31,205.000,30,204.000,20,203.000,30,84.000,3,216.000,31,218.000,40,219.000,20,220.000,20,227.000,1,0,14,
102631572000,218.000,1,206.000,31,205.000,30,204.000,20,203.000,30,84.000,3,216.000,31,218.000,30,219.000,20,220.000,20,227.000,1,0,14,
102631696000,218.000,1,206.000,31,205.000,30,204.000,20,203.000,30,84.000,3,216.000,31,218.000,30,219.000,20,220.000,30,227.000,1,0,14,
102631792000,218.000,1,206.000,10,205.000,30,204.000,20,203.000,30,84.000,3,216.000,10,218.000,30,219.000,20,220.000,30,227.000,1,0,14,
102631792000,218.000,1,206.000,31,205.000,30,204.000,20,203.000,30,84.000,3,216.000,10,217.000,21,218.000,30,219.000,20,220.000,30,0,14,
102631792000,218.000,1,206.000,21,205.000,30,204.000,20,203.000,30,84.000,3,216.000,10,217.000,21,218.000,30,219.000,20,220.000,30,0,14,
102631792000,218.000,1,206.000,21,205.000,30,204.000,20,203.000,30,84.000,3,217.000,21,218.000,30,219.000,20,220.000,30,227.000,1,0,14,
102631792000,218.000,1,206.000,21,205.000,30,204.000,20,203.000,30,84.000,3,217.000,31,218.000,30,219.000,20,220.000,30,227.000,1,0,14,
102631793000,218.000,1,206.000,31,205.000,30,204.000,20,203.000,30,84.000,3,217.000,31,218.000,30,219.000,20,220.000,30,227.000,1,0,14,
102633718000,218.000,1,206.000,31,205.000,30,204.000,20,203.000,10,84.000,3,217.000,31,218.000,10,219.000,20,220.000,30,227.000,1,0,14,
102634243000,218.000,1,206.000,31,205.000,50,204.000,20,203.000,10,84.000,3,217.000,31,218.000,10,219.000,20,220.000,50,227.000,1,0,14,
102641080000,218.000,1,206.000,31,205.000,30,204.000,20,203.000,10,84.000,3,217.000,31,218.000,10,219.000,20,220.000,30,227.000,1,0,14,
102641080000,218.000,1,206.000,51,205.000,30,204.000,20,203.000,10,84.000,3,217.000,31,218.000,10,219.000,20,220.000,30,221.000,20,0,14,
102641080000,218.000,1,206.000,51,205.000,30,204.000,20,84.000,3,39.000,20,217.000,31,218.000,10,219.000,20,220.000,30,221.000,20,0,14,
102641081000,218.000,1,206.000,51,205.000,40,204.000,20,84.000,3,39.000,20,217.000,31,218.000,10,219.000,20,220.000,30,221.000,20,0,14,
102641138000,218.000,1,206.000,51,205.000,40,84.000,3,39.000,20,38.500,1,217.000,31,218.000,10,220.000,30,221.000,20,227.000,1,0,14,
102641244000,218.000,1,206.000,31,205.000,40,84.000,3,39.000,20,38.500,1,217.000,31,218.000,10,220.000,30,227.000,1,230.000,1,0,14,
102641244000,218.000,1,207.000,20,206.000,31,205.000,40,84.000,3,39.000,20,217.000,31,218.000,10,220.000,30,222.000,20,227.000,1,0,14,
102641245000,218.000,1,207.000,30,206.000,31,205.000,40,84.000,3,39.000,20,217.000,31,218.000,10,220.000,30,222.000,20,227.000,1,0,14,
102641371000,218.000,1,207.000,30,206.000,31,205.000,20,84.000,3,39.000,20,217.000,31,218.000,10,220.000,10,222.000,20,227.000,1,0,14,
102641504000,218.000,1,207.000,30,206.000,51,205.000,20,84.000,3,39.000,20,217.000,31,218.000,10,220.000,10,221.000,20,222.000,20,0,14,
102642004000,218.000,1,207.000,30,206.000,51,205.000,10,84.000,3,39.000,20,217.000,31,218.000,10,220.000,10,221.000,20,222.000,20,0,14,
102642237000,218.000,1,207.000,30,206.000,30,205.000,10,84.000,3,39.000,20,217.000,10,218.000,10,220.000,10,221.000,20,222.000,20,0,14,
102642237000,218.000,1,208.000,21,207.000,30,206.000,30,205.000,10,84.000,3,217.000,10,218.000,31,220.000,10,221.000,20,222.000,20,0,14,
102642237000,218.000,1,208.000,21,207.000,30,206.000,30,205.000,10,84.000,3,217.000,10,218.000,31,220.000,20,221.000,20,222.000,20,0,14,
102642237000,218.000,1,208.000,31,207.000,30,206.000,30,205.000,10,84.000,3,217.000,10,218.000,31,220.000,20,221.000,20,222.000,20,0,14,
102642237000,218.000,1,208.000,31,207.000,30,206.000,30,205.000,10,84.000,3,218.000,31,220.000,20,221.000,20,222.000,20,227.000,1,0,14,
102642296000,218.000,1,208.000,31,207.000,30,206.000,50,205.000,10,84.000,3,218.000,31,220.000,20,221.000,40,222.000,20,227.000,1,0,14,
102642504000,218.000,1,208.000,31,207.000,30,206.000,40,205.000,10,84.000,3,218.000,31,220.000,20,221.000,40,222.000,20,227.000,1,0,14,
102643243000,218.000,1,208.000,31,207.000,10,206.000,40,205.000,10,84.000,3,218.000,31,220.000,20,221.000,40,227.000,1,230.000,1,0,14,
102643243000,218.000,1,208.000,31,207.000,10,206.000,60,205.000,10,84.000,3,218.000,31,220.000,20,221.000,60,227.000,1,230.000,1,0,14,
102646993000,218.000,1,208.000,31,207.000,10,206.000,40,205.000,10,84.000,3,218.000,31,220.000,20,221.000,40,227.000,1,230.000,1,0,14,
102646993000,218.000,1,208.000,31,207.000,10,206.000,40,205.000,30,84.000,3,218.000,31,220.000,40,221.000,40,227.000,1,230.000,1,0,14,
102647397000,218.000,1,208.000,31,207.000,10,206.000,20,205.000,30,84.000,3,218.000,31,220.000,40,221.000,20,227.000,1,230.000,1,0,14,
102647799000,218.000,1,208.000,10,207.000,10,206.000,20,205.000,30,84.000,3,218.000,10,220.000,40,221.000,20,227.000,1,230.000,1,0,14,
102647799000,218.000,1,208.000,10,207.000,31,206.000,20,205.000,30,84.000,3,217.000,21,218.000,10,220.000,40,221.000,20,227.000,1,0,14,
102647799000,218.000,1,207.000,31,206.000,20,205.000,30,84.000,3,39.000,20,217.000,21,218.000,10,220.000,40,221.000,20,227.000,1,0,14,
102647799000,218.000,1,207.000,31,206.000,30,205.000,30,84.000,3,39.000,20,217.000,21,218.000,10,220.000,40,221.000,20,227.000,1,0,14,
102647799000,218.000,1,207.000,31,206.000,30,205.000,30,84.000,3,39.000,20,217.000,21,220.000,40,221.000,20,227.000,1,230.000,1,0,14,
102647799000,218.000,1,207.000,31,206.000,30,205.000,30,84.000,3,39.000,20,217.000,31,220.000,40,221.000,20,227.000,1,230.000,1,0,14,
102647910000,218.000,1,207.000,31,206.000,30,205.000,30,204.000,20,84.000,3,217.000,31,219.000,20,220.000,40,221.000,20,227.000,1,0,14,
102648619000,218.000,1,207.000,31,206.000,30,205.000,10,204.000,20,84.000,3,217.000,31,219.000,20,220.000,20,221.000,20,227.000,1,0,14,
102648619000,218.000,1,207.000,31,206.000,50,205.000,10,204.000,20,84.000,3,217.000,31,219.000,20,220.000,20,221.000,40,227.000,1,0,14,
102648899000,218.000,1,207.000,10,206.000,50,205.000,10,204.000,20,84.000,3,217.000,10,219.000,20,220.000,20,221.000,40,227.000,1,0,14,
102648899000,218.000,1,208.000,21,207.000,10,206.000,50,205.000,10,204.000,20,217.000,10,218.000,21,219.000,20,220.000,20,221.000,40,0,14,
102648900000,218.000,1,208.000,21,206.000,50,205.000,10,204.000,20,84.000,3,217.000,10,218.000,21,219.000,20,220.000,20,221.000,40,0,14,
102648900000,218.000,1,208.000,21,206.000,50,205.000,10,204.000,20,84.000,3,218.000,21,219.000,20,220.000,20,221.000,40,227.000,1,0,14,
102648993000,218.000,1,208.000,21,206.000,30,205.000,10,204.000,20,84.000,3,218.000,21,219.000,20,220.000,20,221.000,20,227.000,1,0,14,
102648993000,218.000,1,208.000,21,207.000,20,206.000,30,205.000,10,204.000,20,218.000,21,219.000,20,220.000,20,221.000,20,222.000,20,0,14,
102649025000,218.000,1,208.000,21,207.000,20,206.000,30,205.000,10,204.000,20,218.000,31,219.000,20,220.000,20,221.000,20,222.000,20,0,14,
102649025000,218.000,1,208.000,31,207.000,20,206.000,30,205.000,10,204.000,20,218.000,31,219.000,20,220.000,20,221.000,20,222.000,20,0,14,
102651493000,218.000,1,208.000,31,206.000,30,205.000,10,204.000,20,84.000,3,218.000,31,219.000,20,220.000,20,221.000,20,227.000,1,0,14,
102651493000,218.000,1,208.000,31,206.000,50,205.000,10,204.000,20,84.000,3,218.000,31,219.000,20,220.000,20,221.000,40,227.000,1,0,14,
102652227000,218.000,1,208.000,31,206.000,50,205.000,10,84.000,3,39.000,20,218.000,31,220.000,20,221.000,40,227.000,1,230.000,1,0,14,
102652374000,218.000,1,208.000,31,206.000,70,205.000,10,84.000,3,39.000,20,218.000,31,220.000,20,221.000,60,227.000,1,230.000,1,0,14,
102653742000,218.000,1,208.000,31,206.000,50,205.000,10,84.000,3,39.000,20,218.000,31,220.000,20,221.000,40,227.000,1,230.000,1,0,14,
102653742000,218.000,1,208.000,31,206.000,50,205.000,30,84.000,3,39.000,20,218.000,31,220.000,40,221.000,40,227.000,1,230.000,1,0,14,
102700675000,218.000,1,208.000,31,206.000,30,205.000,30,84.000,3,39.000,20,218.000,31,220.000,40,221.000,20,227.000,1,230.000,1,0,14,
102700804000,218.000,1,208.000,10,206.000,30,205.000,30,84.000,3,39.000,20,218.000,10,220.000,40,221.000,20,227.000,1,230.000,1,0,14,
102700804000,218.000,1,208.000,10,207.000,21,206.000,30,205.000,30,84.000,3,218.000,31,220.000,40,221.000,20,227.000,1,230.000,1,0,14,
102700805000,218.000,1,208.000,10,207.000,31,206.000,30,205.000,30,84.000,3,218.000,31,220.000,40,221.000,20,227.000,1,230.000,1,0,14,
102700805000,218.000,1,207.000,31,206.000,30,205.000,30,84.000,3,39.000,20,218.000,31,220.000,40,221.000,20,227.000,1,230.000,1,0,14,
102700913000,218.000,1,207.000,31,206.000,30,205.000,30,204.000,20,84.000,3,218.000,31,219.000,20,220.000,40,221.000,20,227.000,1,0,14,
102702109000,218.000,1,207.000,31,206.000,10,205.000,30,204.000,20,84.000,3,218.000,31,219.000,20,220.000,40,227.000,1,230.000,1,0,14,
102702109000,218.000,1,207.000,31,206.000,10,205.000,10,204.000,20,84.000,3,218.000,31,219.000,20,220.000,20,227.000,1,230.000,1,0,14,
102702109000,218.000,1,207.000,31,206.000,10,205.000,10,204.000,40,84.000,3,218.000,31,219.000,40,220.000,20,227.000,1,230.000,1,0,14,
102702154000,218.000,1,207.000,31,206.000,10,205.000,10,204.000,60,84.000,3,218.000,31,219.000,60,220.000,20,227.000,1,230.000,1,0,14,
102712618000,218.000,1,207.000,31,206.000,10,205.000,10,204.000,40,84.000,3,218.000,31,219.000,40,220.000,20,227.000,1,230.000,1,0,14,
102712618000,218.000,1,207.000,31,206.000,10,205.000,30,204.000,40,84.000,3,218.000,31,219.000,40,220.000,40,227.000,1,230.000,1,0,14,
102714243000,218.000,1,207.000,31,206.000,10,205.000,10,204.000,40,84.000,3,218.000,31,219.000,40,220.000,20,227.000,1,230.000,1,0,14,
102714243000,218.000,1,207.000,31,206.000,10,205.000,10,204.000,60,84.000,3,218.000,31,219.000,60,220.000,20,227.000,1,230.000,1,0,14,
102721000000,218.000,1,207.000,31,206.000,10,205.000,10,204.000,40,84.000,3,218.000,31,219.000,40,220.000,20,227.000,1,230.000,1,0,14,
102721005000,218.000,1,207.000,31,206.000,10,205.000,30,204.000,40,84.000,3,218.000,31,219.000,40,220.000,40,227.000,1,230.000,1,0,14,
102732244000,218.000,1,207.000,31,206.000,10,205.000,30,204.000,20,84.000,3,218.000,31,219.000,20,220.000,40,227.000,1,230.000,1,0,14,
102732244000,218.000,1,207.000,31,206.000,10,205.000,50,204.000,20,84.000,3,218.000,31,219.000,20,220.000,60,227.000,1,230.000,1,0,14,
102733867000,218.000,1,207.000,31,206.000,10,205.000,30,204.000,20,84.000,3,218.000,31,219.000,20,220.000,40,227.000,1,230.000,1,0,14,
102733867000,218.000,1,207.000,31,206.000,10,205.000,30,204.000,40,84.000,3,218.000,31,219.000,40,220.000,40,227.000,1,230.000,1,0,14,
102741100000,218.000,1,207.000,31,206.000,10,205.000,10,204.000,40,84.000,3,218.000,31,219.000,40,220.000,20,227.000,1,230.000,1,0,14,
102741203000,218.000,1,207.000,31,206.000,10,205.000,10,204.000,60,84.000,3,218.000,31,219.000,60,220.000,20,227.000,1,230.000,1,0,14,
102742494000,218.000,1,207.000,31,206.000,10,205.000,10,204.000,40,84.000,3,218.000,31,219.000,40,220.000,20,227.000,1,230.000,1,0,14,
102742494000,218.000,1,207.000,31,206.000,10,205.000,10,204.000,40,203.000,20,218.000,51,219.000,40,220.000,20,227.000,1,230.000,1,0,14,
102742822000,218.000,1,207.000,10,206.000,10,205.000,10,204.000,40,203.000,20,218.000,30,219.000,40,220.000,20,227.000,1,230.000,1,0,14,
102742822000,218.000,1,207.000,10,206.000,31,205.000,10,204.000,40,203.000,20,218.000,51,219.000,40,220.000,20,227.000,1,230.000,1,0,14,
102742823000,218.000,1,206.000,31,205.000,10,204.000,40,203.000,20,84.000,3,218.000,51,219.000,40,220.000,20,227.000,1,230.000,1,0,14,
102742823000,218.000,1,206.000,31,205.000,20,204.000,40,203.000,20,84.000,3,218.000,51,219.000,40,220.000,20,227.000,1,230.000,1,0,14,
102743243000,218.000,1,206.000,31,205.000,20,204.000,40,84.000,3,39.000,20,218.000,31,219.000,40,220.000,20,227.000,1,230.000,1,0,14,
102743243000,218.000,1,206.000,31,205.000,20,204.000,60,84.000,3,39.000,20,218.000,31,219.000,60,220.000,20,227.000,1,230.000,1,0,14,
102743923000,218.000,1,206.000,10,205.000,20,204.000,60,84.000,3,39.000,20,218.000,10,219.000,60,220.000,20,227.000,1,230.000,1,0,14,
102743923000,218.000,1,207.000,21,206.000,10,205.000,20,204.000,60,84.000,3,218.000,31,219.000,60,220.000,20,227.000,1,230.000,1,0,14,
102743923000,218.000,1,207.000,21,206.000,10,205.000,20,204.000,60,84.000,3,218.000,31,219.000,70,220.000,20,227.000,1,230.000,1,0,14,
102743923000,218.000,1,207.000,31,206.000,10,205.000,20,204.000,60,84.000,3,218.000,31,219.000,70,220.000,20,227.000,1,230.000,1,0,14,
102743923000,218.000,1,207.000,31,205.000,20,204.000,60,84.000,3,39.000,20,218.000,31,219.000,70,220.000,20,227.000,1,230.000,1,0,14,
102743923000,218.000,1,207.000,31,205.000,20,204.000,60,84.000,3,39.000,20,218.000,21,219.000,70,220.000,20,227.000,1,230.000,1,0,14,
102744104000,218.000,1,207.000,31,205.000,20,204.000,60,84.000,3,39.000,20,218.000,31,219.000,70,220.000,20,227.000,1,230.000,1,0,14,
102744504000,218.000,1,207.000,31,205.000,20,204.000,60,84.000,3,39.000,20,218.000,31,219.000,70,220.000,10,227.000,1,230.000,1,0,14,
102754494000,218.000,1,207.000,31,205.000,20,204.000,40,84.000,3,39.000,20,218.000,31,219.000,50,220.000,10,227.000,1,230.000,1,0,14,
102754494000,218.000,1,207.000,31,205.000,40,204.000,40,84.000,3,39.000,20,218.000,31,219.000,50,220.000,30,227.000,1,230.000,1,0,14,
102759552000,218.000,1,207.000,31,205.000,40,204.000,20,84.000,3,39.000,20,218.000,31,219.000,30,220.000,30,227.000,1,230.000,1,0,14,
102800326000,218.000,1,207.000,31,205.000,40,204.000,40,84.000,3,39.000,20,218.000,31,219.000,50,220.000,30,227.000,1,230.000,1,0,14,
102805243000,218.000,1,207.000,31,205.000,20,204.000,40,84.000,3,39.000,20,218.000,31,219.000,50,220.000,10,227.000,1,230.000,1,0,14,
102805243000,218.000,1,207.000,31,205.000,20,204.000,60,84.000,3,39.000,20,218.000,31,219.000,70,220.000,10,227.000,1,230.000,1,0,14,
102816492000,218.000,1,207.000,31,205.000,20,204.000,40,84.000,3,39.000,20,218.000,31,219.000,50,220.000,10,227.000,1,230.000,1,0,14,
102816492000,218.000,1,207.000,31,205.000,40,204.000,40,84.000,3,39.000,20,218.000,31,219.000,50,220.000,30,227.000,1,230.000,1,0,14,
102816577000,218.000,1,207.000,31,205.000,40,204.000,20,84.000,3,39.000,20,218.000,31,219.000,30,220.000,30,227.000,1,230.000,1,0,14,
102817482000,218.000,1,207.000,31,205.000,60,204.000,20,84.000,3,39.000,20,218.000,31,219.000,30,220.000,50,227.000,1,230.000,1,0,14,
102817631000,218.000,1,207.000,31,205.000,60,84.000,3,39.000,20,38.500,1,218.000,31,219.000,10,220.000,50,227.000,1,230.000,1,0,14,
102817744000,218.000,1,207.000,31,205.000,40,84.000,3,39.000,20,38.500,1,218.000,31,219.000,10,220.000,30,227.000,1,230.000,1,0,14,
102817744000,218.000,1,207.000,31,206.000,20,205.000,40,84.000,3,39.000,20,218.000,31,219.000,10,220.000,30,221.000,20,227.000,1,0,14,
102818005000,218.000,1,207.000,31,206.000,40,205.000,40,84.000,3,39.000,20,218.000,31,219.000,10,220.000,30,221.000,40,227.000,1,0,14,
102819618000,218.000,1,207.000,31,206.000,20,205.000,40,84.000,3,39.000,20,218.000,31,219.000,10,220.000,30,221.000,20,227.000,1,0,14,
102819618000,218.000,1,207.000,51,206.000,20,205.000,40,84.000,3,39.000,20,218.000,31,219.000,10,220.000,30,221.000,20,222.000,20,0,14,
102821805000,218.000,1,207.000,51,206.000,20,205.000,20,84.000,3,39.000,20,218.000,31,219.000,10,220.000,10,221.000,20,222.000,20,0,14,
102822212000,218.000,1,207.000,51,206.000,20,205.000,20,84.000,3,39.000,20,218.000,31,219.000,10,221.000,20,222.000,20,227.000,1,0,14,
102822336000,218.000,1,207.000,51,206.000,20,205.000,20,84.000,3,39.000,20,218.000,31,219.000,10,221.000,20,222.000,30,227.000,1,0,14,
102822566000,218.000,1,207.000,30,206.000,20,205.000,20,84.000,3,39.000,20,218.000,10,219.000,10,221.000,20,222.000,30,227.000,1,0,14,
102822566000,218.000,1,207.000,51,206.000,20,205.000,20,84.000,3,39.000,20,218.000,10,219.000,31,221.000,20,222.000,30,227.000,1,0,14,
102822566000,218.000,1,207.000,51,206.000,20,205.000,20,84.000,3,39.000,20,218.000,10,219.000,31,221.000,30,222.000,30,227.000,1,0,14,
102822566000,218.000,1,207.000,51,206.000,20,205.000,20,84.000,3,39.000,20,219.000,31,221.000,30,222.000,30,227.000,1,230.000,1,0,14,
102822889000,218.000,1,207.000,51,206.000,40,205.000,20,84.000,3,39.000,20,219.000,31,221.000,50,222.000,30,227.000,1,230.000,1,0,14,
102823742000,218.000,1,207.000,31,206.000,40,205.000,20,84.000,3,39.000,20,219.000,31,221.000,50,222.000,10,227.000,1,230.000,1,0,14,
102823743000,218.000,1,208.000,20,207.000,31,206.000,40,205.000,20,84.000,3,219.000,31,221.000,50,222.000,10,223.000,20,227.000,1,0,14,
102823743000,218.000,1,208.000,30,207.000,31,206.000,40,205.000,20,84.000,3,219.000,31,221.000,50,222.000,10,223.000,20,227.000,1,0,14,
102823840000,218.000,1,208.000,30,207.000,10,206.000,40,205.000,20,84.000,3,219.000,10,221.000,50,222.000,10,223.000,20,227.000,1,0,14,
102823840000,218.000,1,209.000,21,208.000,30,207.000,10,206.000,40,205.000,20,219.000,31,221.000,50,222.000,10,223.000,20,227.000,1,0,14,
102823840000,218.000,1,209.000,21,208.000,30,207.000,10,206.000,40,205.000,20,219.000,21,221.000,50,222.000,10,223.000,20,227.000,1,0,14,
102823840000,218.000,1,209.000,31,208.000,30,207.000,10,206.000,40,205.000,20,219.000,21,221.000,50,222.000,10,223.000,20,227.000,1,0,14,
102823840000,218.000,1,209.000,31,208.000,30,207.000,10,206.000,40,205.000,20,219.000,31,221.000,50,222.000,10,223.000,20,227.000,1,0,14,
102824004000,218.000,1,209.000,31,208.000,30,206.000,40,205.000,20,84.000,3,219.000,31,221.000,50,222.000,10,223.000,20,227.000,1,0,14,
102824004000,218.000,1,209.000,31,208.000,30,206.000,40,205.000,10,84.000,3,219.000,31,221.000,50,222.000,10,223.000,20,227.000,1,0,14,
102825676000,218.000,1,209.000,31,208.000,30,206.000,40,84.000,3,39.000,20,219.000,31,221.000,50,222.000,10,223.000,20,227.000,1,0,14,
102825676000,218.000,1,209.000,31,208.000,30,206.000,20,84.000,3,39.000,20,219.000,31,221.000,30,222.000,10,223.000,20,227.000,1,0,14,
102825678000,218.000,1,209.000,31,208.000,30,207.000,10,206.000,20,84.000,3,219.000,31,221.000,30,222.000,10,223.000,20,227.000,1,0,14,
102825692000,218.000,1,209.000,10,208.000,30,207.000,10,206.000,20,84.000,3,219.000,10,221.000,30,222.000,10,223.000,20,227.000,1,0,14,
102825692000,218.000,1,209.000,31,208.000,30,207.000,10,206.000,20,84.000,3,219.000,10,220.000,21,221.000,30,222.000,10,223.000,20,0,14,
102825692000,218.000,1,209.000,21,208.000,30,207.000,10,206.000,20,84.000,3,219.000,10,220.000,21,221.000,30,222.000,10,223.000,20,0,14,
102825692000,218.000,1,209.000,21,208.000,30,207.000,10,206.000,20,84.000,3,220.000,21,221.000,30,222.000,10,223.000,20,227.000,1,0,14,
102825868000,218.000,1,209.000,21,208.000,10,207.000,10,206.000,20,84.000,3,220.000,21,221.000,30,222.000,10,227.000,1,230.000,1,0,14,
102825868000,218.000,1,209.000,41,208.000,10,207.000,10,206.000,20,84.000,3,220.000,21,221.000,30,222.000,10,224.000,20,227.000,1,0,14,
102826005000,218.000,1,209.000,41,208.000,30,207.000,10,206.000,20,84.000,3,220.000,21,221.000,30,222.000,10,223.000,20,224.000,20,0,14,
102826148000,218.000,1,209.000,41,208.000,30,207.000,10,206.000,20,84.000,3,220.000,31,221.000,30,222.000,10,223.000,20,224.000,20,0,14,
102826149000,218.000,1,209.000,51,208.000,30,207.000,10,206.000,20,84.000,3,220.000,31,221.000,30,222.000,10,223.000,20,224.000,20,0,14,
102830618000,218.000,1,209.000,31,208.000,30,207.000,10,206.000,20,84.000,3,220.000,31,221.000,30,222.000,10,223.000,20,227.000,1,0,14,
102830618000,218.000,1,209.000,31,208.000,50,207.000,10,206.000,20,84.000,3,220.000,31,221.000,30,222.000,10,223.000,40,227.000,1,0,14,
102835993000,218.000,1,209.000,31,208.000,30,207.000,10,206.000,20,84.000,3,220.000,31,221.000,30,222.000,10,223.000,20,227.000,1,0,14,
102835993000,218.000,1,209.000,31,208.000,30,207.000,30,206.000,20,84.000,3,220.000,31,221.000,30,222.000,30,223.000,20,227.000,1,0,14,
102839495000,218.000,1,209.000,31,208.000,30,207.000,10,206.000,20,84.000,3,220.000,31,221.000,30,222.000,10,223.000,20,227.000,1,0,14,
102839495000,218.000,1,209.000,31,208.000,30,207.000,10,206.000,40,84.000,3,220.000,31,221.000,50,222.000,10,223.000,20,227.000,1,0,14,
102839512000,218.000,1,209.000,31,208.000,30,207.000,10,206.000,20,84.000,3,220.000,31,221.000,30,222.000,10,223.000,20,227.000,1,0,14,
102839615000,218.000,1,209.000,10,208.000,30,207.000,10,206.000,20,84.000,3,220.000,10,221.000,30,222.000,10,223.000,20,227.000,1,0,14,
102839615000,218.000,1,209.000,10,208.000,51,207.000,10,206.000,20,84.000,3,220.000,31,221.000,30,222.000,10,223.000,20,227.000,1,0,14,
102839616000,218.000,1,208.000,51,207.000,10,206.000,20,84.000,3,39.000,20,220.000,31,221.000,30,222.000,10,223.000,20,227.000,1,0,14,
102839616000,218.000,1,208.000,51,207.000,10,206.000,20,84.000,3,39.000,20,220.000,21,221.000,30,222.000,10,223.000,20,227.000,1,0,14,
102839617000,218.000,1,208.000,51,207.000,10,206.000,20,84.000,3,39.000,20,220.000,31,221.000,30,222.000,10,223.000,20,227.000,1,0,14,
102840005000,218.000,1,208.000,31,207.000,10,206.000,20,84.000,3,39.000,20,220.000,31,221.000,30,222.000,10,227.000,1,230.000,1,0,14,
102840005000,218.000,1,208.000,31,207.000,10,206.000,40,84.000,3,39.000,20,220.000,31,221.000,50,222.000,10,227.000,1,230.000,1,0,14,
102840835000,218.000,1,208.000,31,206.000,40,84.000,3,39.000,20,38.500,1,220.000,31,221.000,50,222.000,10,227.000,1,230.000,1,0,14,
102840869000,218.000,1,208.000,31,206.000,20,84.000,3,39.000,20,38.500,1,220.000,31,221.000,30,222.000,10,227.000,1,230.000,1,0,14,
102840869000,218.000,1,208.000,31,206.000,20,205.000,20,84.000,3,39.000,20,220.000,51,221.000,30,222.000,10,227.000,1,230.000,1,0,14,
102840960000,218.000,1,208.000,31,206.000,20,205.000,30,84.000,3,39.000,20,220.000,51,221.000,30,222.000,10,227.000,1,230.000,1,0,14,
102844941000,218.000,1,208.000,31,206.000,40,205.000,30,84.000,3,39.000,20,220.000,51,221.000,50,222.000,10,227.000,1,230.000,1,0,14,
102849184000,218.000,1,208.000,31,206.000,40,205.000,30,84.000,3,39.000,20,220.000,51,221.000,56,222.000,10,227.000,1,230.000,1,0,14,
102849561000,218.000,1,208.000,31,206.000,40,205.000,30,84.000,3,39.000,20,220.000,51,221.000,50,222.000,10,227.000,1,230.000,1,0,14,
102850311000,218.000,1,208.000,31,206.000,40,205.000,30,84.000,3,39.000,20,220.000,51,221.000,56,222.000,10,227.000,1,230.000,1,0,14,
102850369000,218.000,1,208.000,31,206.000,40,205.000,10,84.000,3,39.000,20,220.000,31,221.000,56,222.000,10,227.000,1,230.000,1,0,14,
102850369000,218.000,1,208.000,31,206.000,40,205.000,10,204.000,20,84.000,3,219.000,20,220.000,31,221.000,56,222.000,10,227.000,1,0,14,
102850369000,218.000,1,208.000,31,206.000,40,205.000,10,204.000,20,84.000,3,219.000,30,220.000,31,221.000,56,222.000,10,227.000,1,0,14,
102850504000,218.000,1,208.000,31,206.000,40,205.000,10,204.000,20,84.000,3,219.000,30,220.000,31,221.000,46,222.000,10,227.000,1,0,14,
102850851000,218.000,1,208.000,10,206.000,40,205.000,10,204.000,20,84.000,3,219.000,30,220.000,10,221.000,46,222.000,10,227.000,1,0,14,
102850851000,218.000,1,208.000,10,207.000,21,206.000,40,205.000,10,204.000,20,218.000,21,219.000,30,220.000,10,221.000,46,222.000,10,0,14,
102850852000,218.000,1,208.000,10,207.000,21,206.000,50,205.000,10,204.000,20,218.000,21,219.000,30,220.000,10,221.000,46,222.000,10,0,14,
102850852000,218.000,1,207.000,21,206.000,50,205.000,10,204.000,20,84.000,3,218.000,21,219.000,30,220.000,10,221.000,46,222.000,10,0,14,
102850852000,218.000,1,207.000,21,206.000,50,205.000,10,204.000,20,84.000,3,218.000,31,219.000,30,220.000,10,221.000,46,222.000,10,0,14,
102850852000,218.000,1,207.000,31,206.000,50,205.000,10,204.000,20,84.000,3,218.000,31,219.000,30,220.000,10,221.000,46,222.000,10,0,14,
102851004000,218.000,1,207.000,31,206.000,50,205.000,10,204.000,20,84.000,3,218.000,31,219.000,30,221.000,46,222.000,10,227.000,1,0,14,
102851317000,218.000,1,207.000,31,206.000,30,205.000,10,204.000,20,84.000,3,218.000,31,219.000,30,221.000,26,222.000,10,227.000,1,0,14,
102851538000,218.000,1,207.000,31,206.000,30,205.000,10,204.000,20,84.000,3,218.000,31,219.000,30,221.000,26,227.000,1,230.000,1,0,14,
102851539000,218.000,1,207.000,31,206.000,30,205.000,10,204.000,20,84.000,3,218.000,31,219.000,40,221.000,26,227.000,1,230.000,1,0,14,
102853045000,218.000,1,207.000,31,206.000,30,205.000,30,204.000,20,84.000,3,218.000,31,219.000,40,220.000,20,221.000,26,227.000,1,0,14,
102901867000,218.000,1,207.000,31,206.000,30,205.000,30,84.000,3,39.000,20,218.000,31,219.000,20,220.000,20,221.000,26,227.000,1,0,14,
102901867000,218.000,1,207.000,31,206.000,30,205.000,50,84.000,3,39.000,20,218.000,31,219.000,20,220.000,40,221.000,26,227.000,1,0,14,
102902201000,218.000,1,207.000,31,206.000,30,205.000,30,84.000,3,39.000,20,218.000,31,219.000,20,220.000,20,221.000,26,227.000,1,0,14,
102902512000,218.000,1,207.000,31,206.000,30,205.000,30,84.000,3,39.000,20,218.000,31,219.000,20,220.000,20,221.000,20,227.000,1,0,14,
102902618000,218.000,1,207.000,31,206.000,30,205.000,10,84.000,3,39.000,20,218.000,31,219.000,20,221.000,20,227.000,1,230.000,1,0,14,
102902618000,218.000,1,207.000,31,206.000,50,205.000,10,84.000,3,39.000,20,218.000,31,219.000,20,221.000,40,227.000,1,230.000,1,0,14,
102903032000,218.000,1,207.000,31,206.000,50,205.000,10,84.000,3,39.000,20,218.000,31,219.000,10,221.000,40,227.000,1,230.000,1,0,14,
102903095000,218.000,1,207.000,31,206.000,70,205.000,10,84.000,3,39.000,20,218.000,31,219.000,10,221.000,60,227.000,1,230.000,1,0,14,
102903157000,218.000,1,207.000,31,206.000,70,205.000,10,84.000,3,39.000,20,218.000,31,219.000,10,221.000,70,227.000,1,230.000,1,0,14,
102903493000,218.000,1,207.000,31,206.000,50,205.000,10,84.000,3,39.000,20,218.000,31,219.000,10,221.000,50,227.000,1,230.000,1,0,14,
102903493000,218.000,1,207.000,51,206.000,50,205.000,10,84.000,3,39.000,20,218.000,31,219.000,10,221.000,50,222.000,20,227.000,1,0,14,
102904234000,218.000,1,207.000,51,206.000,30,205.000,10,84.000,3,39.000,20,218.000,31,219.000,10,221.000,30,222.000,20,227.000,1,0,14,
102905132000,218.000,1,207.000,51,206.000,50,205.000,10,84.000,3,39.000,20,218.000,31,219.000,10,221.000,50,222.000,20,227.000,1,0,14,
102914174000,218.000,1,207.000,51,206.000,30,205.000,10,84.000,3,39.000,20,218.000,31,219.000,10,221.000,30,222.000,20,227.000,1,0,14,
102914196000,218.000,1,207.000,51,206.000,50,205.000,10,84.000,3,39.000,20,218.000,31,219.000,10,221.000,50,222.000,20,227.000,1,0,14,
102914367000,218.000,1,207.000,31,206.000,50,205.000,10,84.000,3,39.000,20,218.000,31,219.000,10,221.000,50,227.000,1,230.000,1,0,14,
102914367000,218.000,1,208.000,20,207.000,31,206.000,50,205.000,10,84.000,3,218.000,31,219.000,10,221.000,50,223.000,20,227.000,1,0,14,
102914368000,218.000,1,208.000,30,207.000,31,206.000,50,205.000,10,84.000,3,218.000,31,219.000,10,221.000,50,223.000,20,227.000,1,0,14,
102914572000,218.000,1,208.000,30,207.000,10,206.000,50,205.000,10,84.000,3,218.000,10,219.000,10,221.000,50,223.000,20,227.000,1,0,14,
102914572000,218.000,1,209.000,21,208.000,30,207.000,10,206.000,50,205.000,10,218.000,10,219.000,31,221.000,50,223.000,20,227.000,1,0,14,
102914573000,218.000,1,209.000,31,208.000,30,207.000,10,206.000,50,205.000,10,218.000,10,219.000,31,221.000,50,223.000,20,227.000,1,0,14,
102914573000,218.000,1,209.000,31,208.000,30,207.000,10,206.000,50,205.000,10,219.000,31,221.000,50,223.000,20,227.000,1,230.000,1,0,14,
102915005000,218.000,1,209.000,31,208.000,30,206.000,50,205.000,10,84.000,3,219.000,31,221.000,50,223.000,20,227.000,1,230.000,1,0,14,
102915005000,218.000,1,209.000,31,208.000,30,206.000,40,205.000,10,84.000,3,219.000,31,221.000,50,223.000,20,227.000,1,230.000,1,0,14,
102918708000,218.000,1,209.000,31,208.000,30,206.000,40,84.000,3,39.000,20,219.000,31,221.000,50,223.000,20,227.000,1,230.000,1,0,14,
102918711000,218.000,1,209.000,31,208.000,30,206.000,20,84.000,3,39.000,20,219.000,31,221.000,30,223.000,20,227.000,1,230.000,1,0,14,
102918718000,218.000,1,209.000,31,208.000,30,84.000,3,39.000,20,38.500,1,219.000,31,221.000,10,223.000,20,227.000,1,230.000,1,0,14,
102918719000,218.000,1,209.000,31,208.000,40,84.000,3,39.000,20,38.500,1,219.000,31,221.000,10,223.000,20,227.000,1,230.000,1,0,14,
102918719000,218.000,1,209.000,31,208.000,40,84.000,3,39.000,20,38.500,1,219.000,31,223.000,20,227.000,1,230.000,1,320.000,1,0,14,
102918722000,218.000,1,209.000,31,208.000,40,84.000,3,39.000,20,38.500,1,219.000,31,223.000,30,227.000,1,230.000,1,320.000,1,0,14,
102918863000,218.000,1,209.000,10,208.000,40,84.000,3,39.000,20,38.500,1,219.000,10,223.000,30,227.000,1,230.000,1,320.000,1,0,14,
102918863000,218.000,1,209.000,31,208.000,40,84.000,3,39.000,20,38.500,1,219.000,10,220.000,21,223.000,30,227.000,1,230.000,1,0,14,
102918864000,218.000,1,209.000,31,208.000,40,84.000,3,39.000,20,38.500,1,220.000,21,223.000,30,227.000,1,230.000,1,320.000,1,0,14,
102918864000,218.000,1,209.000,31,208.000,40,84.000,3,39.000,20,38.500,1,220.000,21,223.000,40,227.000,1,230.000,1,320.000,1,0,14,
102918864000,218.000,1,209.000,31,208.000,40,84.000,3,39.000,20,38.500,1,220.000,31,223.000,40,227.000,1,230.000,1,320.000,1,0,14,
102918864000,218.000,1,209.000,21,208.000,40,84.000,3,39.000,20,38.500,1,220.000,31,223.000,40,227.000,1,230.000,1,320.000,1,0,14,
102918869000,218.000,1,209.000,31,208.000,40,84.000,3,39.000,20,38.500,1,220.000,31,223.000,40,227.000,1,230.000,1,320.000,1,0,14,
102918870000,218.000,1,209.000,31,208.000,20,84.000,3,39.000,20,38.500,1,220.000,31,223.000,20,227.000,1,230.000,1,320.000,1,0,14,
102918870000,218.000,1,209.000,51,208.000,20,84.000,3,39.000,20,38.500,1,220.000,31,223.000,20,224.000,20,227.000,1,230.000,1,0,14,
102919005000,218.000,1,209.000,51,208.000,40,84.000,3,39.000,20,38.500,1,220.000,31,223.000,40,224.000,20,227.000,1,230.000,1,0,14,
102920494000,218.000,1,209.000,31,208.000,40,84.000,3,39.000,20,38.500,1,220.000,31,223.000,40,227.000,1,230.000,1,320.000,1,0,14,
102920494000,218.000,1,210.000,20,209.000,31,208.000,40,84.000,3,39.000,20,220.000,31,223.000,40,225.000,20,227.000,1,230.000,1,0,14,
102920494000,218.000,1,210.000,30,209.000,31,208.000,40,84.000,3,39.000,20,220.000,31,223.000,40,225.000,20,227.000,1,230.000,1,0,14,
102920507000,218.000,1,210.000,30,209.000,31,208.000,30,84.000,3,39.000,20,220.000,31,223.000,40,225.000,20,227.000,1,230.000,1,0,14,
102920903000,218.000,1,210.000,30,209.000,10,208.000,30,84.000,3,39.000,20,220.000,10,223.000,40,225.000,20,227.000,1,230.000,1,0,14,
102920903000,218.000,1,211.000,21,210.000,30,209.000,10,208.000,30,84.000,3,220.000,10,221.000,21,223.000,40,225.000,20,227.000,1,0,14,
102920904000,218.000,1,211.000,21,210.000,30,209.000,10,208.000,30,84.000,3,221.000,21,223.000,40,225.000,20,227.000,1,230.000,1,0,14,
102920904000,218.000,1,211.000,21,210.000,30,209.000,10,208.000,30,84.000,3,221.000,31,223.000,40,225.000,20,227.000,1,230.000,1,0,14,
102920904000,218.000,1,211.000,31,210.000,30,209.000,10,208.000,30,84.000,3,221.000,31,223.000,40,225.000,20,227.000,1,230.000,1,0,14,
102921504000,218.000,1,211.000,31,210.000,30,208.000,30,84.000,3,39.000,20,221.000,31,223.000,40,225.000,20,227.000,1,230.000,1,0,14,
102922217000,218.000,1,211.000,31,210.000,30,208.000,50,84.000,3,39.000,20,221.000,31,223.000,60,225.000,20,227.000,1,230.000,1,0,14,
102925369000,218.000,1,211.000,31,210.000,10,208.000,50,84.000,3,39.000,20,221.000,31,223.000,60,227.000,1,230.000,1,320.000,1,0,14,
102925369000,218.000,1,211.000,31,210.000,10,209.000,20,208.000,50,84.000,3,221.000,31,223.000,60,224.000,20,227.000,1,230.000,1,0,14,
102926868000,218.000,1,211.000,31,210.000,10,208.000,50,84.000,3,39.000,20,221.000,31,223.000,60,227.000,1,230.000,1,320.000,1,0,14,
102926868000,218.000,1,211.000,31,210.000,30,208.000,50,84.000,3,39.000,20,221.000,31,223.000,60,225.000,20,227.000,1,230.000,1,0,14,
102927493000,218.000,1,211.000,31,210.000,10,208.000,50,84.000,3,39.000,20,221.000,31,223.000,60,227.000,1,230.000,1,320.000,1,0,14,
102927493000,218.000,1,211.000,31,210.000,10,209.000,20,208.000,50,84.000,3,221.000,31,223.000,60,224.000,20,227.000,1,230.000,1,0,14,
102927868000,218.000,1,211.000,31,210.000,10,208.000,50,84.000,3,39.000,20,221.000,31,223.000,60,227.000,1,230.000,1,320.000,1,0,14,
102927868000,218.000,1,211.000,31,210.000,30,208.000,50,84.000,3,39.000,20,221.000,31,223.000,60,225.000,20,227.000,1,230.000,1,0,14,
102928368000,218.000,1,211.000,31,210.000,10,208.000,50,84.000,3,39.000,20,221.000,31,223.000,60,227.000,1,230.000,1,320.000,1,0,14,
102928368000,218.000,1,211.000,51,210.000,10,208.000,50,84.000,3,39.000,20,221.000,31,223.000,60,226.000,20,227.000,1,230.000,1,0,14,
102931123000,218.000,1,211.000,51,210.000,10,208.000,30,84.000,3,39.000,20,221.000,31,223.000,40,226.000,20,227.000,1,230.000,1,0,14,
102931267000,218.000,1,211.000,51,210.000,30,208.000,30,84.000,3,39.000,20,221.000,31,223.000,40,225.000,20,226.000,20,227.000,1,0,14,
102931666000,218.000,1,211.000,51,210.000,30,208.000,10,84.000,3,39.000,20,221.000,31,223.000,20,225.000,20,226.000,20,227.000,1,0,14,
102931726000,218.000,1,211.000,51,210.000,30,208.000,10,84.000,3,39.000,20,221.000,31,223.000,10,225.000,20,226.000,20,227.000,1,0,14,
102931832000,218.000,1,211.000,30,210.000,30,208.000,10,84.000,3,39.000,20,221.000,10,223.000,10,225.000,20,226.000,20,227.000,1,0,14,
102931832000,218.000,1,211.000,51,210.000,30,208.000,10,84.000,3,39.000,20,221.000,10,222.000,21,223.000,10,225.000,20,226.000,20,0,14,
102931834000,218.000,1,211.000,51,210.000,30,208.000,10,84.000,3,39.000,20,221.000,10,222.000,21,223.000,10,225.000,30,226.000,20,0,14,
102931834000,218.000,1,211.000,51,210.000,30,208.000,10,84.000,3,39.000,20,222.000,21,223.000,10,225.000,30,226.000,20,227.000,1,0,14,
102931834000,218.000,1,211.000,51,210.000,30,208.000,10,84.000,3,39.000,20,222.000,31,223.000,10,225.000,30,226.000,20,227.000,1,0,14,
102931891000,218.000,1,211.000,31,210.000,30,208.000,10,84.000,3,39.000,20,222.000,31,223.000,10,225.000,30,227.000,1,230.000,1,0,14,
102931891000,218.000,1,212.000,20,211.000,31,210.000,30,208.000,10,84.000,3,222.000,31,223.000,10,225.000,30,227.000,21,230.000,1,0,14,
102931891000,218.000,1,212.000,30,211.000,31,210.000,30,208.000,10,84.000,3,222.000,31,223.000,10,225.000,30,227.000,21,230.000,1,0,14,
102932004000,218.000,1,212.000,30,211.000,31,210.000,50,208.000,10,84.000,3,222.000,31,223.000,10,225.000,50,227.000,21,230.000,1,0,14,
102932504000,218.000,1,212.000,30,211.000,31,210.000,40,208.000,10,84.000,3,222.000,31,223.000,10,225.000,50,227.000,21,230.000,1,0,14,
102932777000,218.000,1,212.000,30,211.000,31,210.000,40,208.000,10,84.000,3,222.000,31,223.000,10,225.000,50,226.000,10,227.000,21,0,14,
102932930000,218.000,1,212.000,30,211.000,10,210.000,40,208.000,10,84.000,3,222.000,10,223.000,10,225.000,50,226.000,10,227.000,21,0,14,
102932930000,218.000,1,213.000,21,212.000,30,211.000,10,210.000,40,208.000,10,222.000,31,223.000,10,225.000,50,226.000,10,227.000,21,0,14,
102932931000,218.000,1,213.000,21,212.000,30,211.000,10,210.000,40,208.000,10,222.000,21,223.000,10,225.000,50,226.000,10,227.000,21,0,14,
102932931000,218.000,1,213.000,31,212.000,30,211.000,10,210.000,40,208.000,10,222.000,21,223.000,10,225.000,50,226.000,10,227.000,21,0,14,
102932931000,218.000,1,213.000,31,212.000,30,211.000,10,210.000,40,208.000,10,222.000,31,223.000,10,225.000,50,226.000,10,227.000,21,0,14,
102933005000,218.000,1,213.000,31,212.000,30,211.000,10,210.000,40,208.000,10,222.000,31,223.000,10,225.000,40,226.000,10,227.000,21,0,14,
102933005000,218.000,1,213.000,31,212.000,30,210.000,40,208.000,10,84.000,3,222.000,31,223.000,10,225.000,40,226.000,10,227.000,21,0,14,
102936882000,218.000,1,213.000,31,212.000,30,210.000,40,84.000,3,39.000,20,222.000,31,223.000,10,225.000,40,226.000,10,227.000,21,0,14,
102936884000,218.000,1,213.000,31,212.000,30,211.000,10,210.000,40,84.000,3,222.000,31,223.000,10,225.000,40,226.000,10,227.000,21,0,14,
102940456000,218.000,1,213.000,31,212.000,10,211.000,10,210.000,40,84.000,3,222.000,31,223.000,10,225.000,40,226.000,10,227.000,1,0,14,
102940456000,218.000,1,213.000,51,212.000,10,211.000,10,210.000,40,84.000,3,222.000,31,223.000,10,225.000,40,226.000,10,227.000,1,0,14,
102940458000,218.000,1,213.000,51,212.000,10,211.000,10,210.000,20,84.000,3,222.000,31,223.000,10,225.000,20,226.000,10,227.000,1,0,14,
102940549000,218.000,1,213.000,30,212.000,10,211.000,10,210.000,20,84.000,3,222.000,10,223.000,10,225.000,20,226.000,10,227.000,1,0,14,
102940549000,218.000,1,213.000,51,212.000,10,211.000,10,210.000,20,84.000,3,222.000,10,223.000,31,225.000,20,226.000,10,227.000,1,0,14,
102940549000,218.000,1,213.000,51,212.000,10,211.000,10,210.000,20,84.000,3,222.000,10,223.000,31,225.000,30,226.000,10,227.000,1,0,14,
102940549000,218.000,1,213.000,51,212.000,10,211.000,10,210.000,20,84.000,3,223.000,31,225.000,30,226.000,10,227.000,1,228.000,20,0,14,
102940552000,218.000,1,213.000,51,212.000,10,211.000,10,84.000,3,39.000,20,223.000,31,225.000,10,226.000,10,227.000,1,228.000,20,0,14,
102940745000,218.000,1,213.000,31,212.000,10,211.000,10,84.000,3,39.000,20,223.000,31,225.000,10,226.000,10,227.000,1,230.000,1,0,14,
102940745000,218.000,1,214.000,20,213.000,31,212.000,10,211.000,10,84.000,3,223.000,31,225.000,10,226.000,10,227.000,1,229.000,20,0,14,
102940745000,218.000,1,214.000,30,213.000,31,212.000,10,211.000,10,84.000,3,223.000,31,225.000,10,226.000,10,227.000,1,229.000,20,0,14,
102941004000,218.000,1,214.000,30,213.000,31,212.000,30,211.000,10,84.000,3,223.000,31,225.000,10,226.000,10,227.000,21,229.000,20,0,14,
102941004000,218.000,1,214.000,30,213.000,31,212.000,20,211.000,10,84.000,3,223.000,31,225.000,10,226.000,10,227.000,21,229.000,20,0,14,
102941474000,218.000,1,214.000,30,213.000,10,212.000,20,211.000,10,84.000,3,223.000,10,225.000,10,226.000,10,227.000,21,229.000,20,0,14,
102941474000,218.000,1,214.000,30,213.000,31,212.000,20,211.000,10,84.000,3,223.000,10,224.000,21,225.000,10,226.000,10,227.000,21,0,14,
102941474000,218.000,1,214.000,30,213.000,31,212.000,20,211.000,10,84.000,3,224.000,21,225.000,10,226.000,10,227.000,21,229.000,20,0,14,
102941474000,218.000,1,214.000,30,213.000,31,212.000,20,211.000,10,84.000,3,224.000,21,225.000,10,226.000,20,227.000,21,229.000,20,0,14,
102941474000,218.000,1,214.000,30,213.000,31,212.000,20,211.000,10,84.000,3,224.000,31,225.000,10,226.000,20,227.000,21,229.000,20,0,14,
102941504000,218.000,1,214.000,30,213.000,31,212.000,20,211.000,10,84.000,3,224.000,31,225.000,10,226.000,10,227.000,21,229.000,20,0,14,
102942474000,218.000,1,214.000,30,213.000,10,212.000,20,211.000,10,84.000,3,224.000,10,225.000,10,226.000,10,227.000,21,229.000,20,0,14,
102942474000,218.000,1,215.000,21,214.000,30,213.000,10,212.000,20,211.000,10,224.000,31,225.000,10,226.000,10,227.000,21,229.000,20,0,14,
102942474000,218.000,1,215.000,21,214.000,30,213.000,10,212.000,20,211.000,10,224.000,31,225.000,10,226.000,20,227.000,21,229.000,20,0,14,
102942474000,218.000,1,215.000,21,214.000,30,213.000,10,212.000,20,211.000,10,224.000,21,225.000,10,226.000,20,227.000,21,229.000,20,0,14,
102942474000,218.000,1,215.000,31,214.000,30,213.000,10,212.000,20,211.000,10,224.000,21,225.000,10,226.000,20,227.000,21,229.000,20,0,14,
102942475000,218.000,1,215.000,31,214.000,30,213.000,10,212.000,20,211.000,10,224.000,31,225.000,10,226.000,20,227.000,21,229.000,20,0,14,
102942504000,218.000,1,215.000,31,214.000,30,212.000,20,211.000,10,84.000,3,224.000,31,225.000,10,226.000,20,227.000,21,229.000,20,0,14,
102942504000,218.000,1,215.000,31,214.000,30,212.000,20,211.000,10,84.000,3,224.000,31,225.000,10,226.000,10,227.000,21,229.000,20,0,14,
102945206000,218.000,1,215.000,31,214.000,10,212.000,20,211.000,10,84.000,3,224.000,31,225.000,10,226.000,10,227.000,21,230.000,1,0,14,
102945206000,218.000,1,215.000,31,214.000,10,213.000,20,212.000,20,211.000,10,224.000,31,225.000,10,226.000,10,227.000,21,228.000,20,0,14,
102945367000,218.000,1,215.000,31,214.000,10,213.000,20,212.000,20,211.000,10,224.000,31,225.000,30,226.000,10,227.000,21,228.000,20,0,14,
102945618000,218.000,1,215.000,31,214.000,10,212.000,20,211.000,10,210.000,20,224.000,31,225.000,30,226.000,10,227.000,21,230.000,1,0,14,
102945618000,218.000,1,215.000,31,214.000,30,212.000,20,211.000,10,210.000,20,224.000,31,225.000,30,226.000,10,227.000,21,229.000,20,0,14,
102947125000,218.000,1,215.000,31,214.000,30,212.000,20,211.000,10,210.000,20,224.000,31,225.000,30,227.000,21,229.000,20,230.000,1,0,14,
102947128000,218.000,1,215.000,31,214.000,30,212.000,20,211.000,10,84.000,3,224.000,31,225.000,10,227.000,21,229.000,20,230.000,1,0,14,
102947250000,218.000,1,215.000,31,214.000,30,212.000,20,211.000,10,84.000,3,224.000,31,225.000,10,227.000,21,228.000,10,229.000,20,0,14,
102948389000,218.000,1,215.000,31,214.000,30,212.000,20,211.000,30,84.000,3,224.000,31,225.000,10,226.000,20,227.000,21,228.000,10,0,14,
102951823000,218.000,1,215.000,31,214.000,30,212.000,20,211.000,20,84.000,3,224.000,31,225.000,10,226.000,20,227.000,21,228.000,10,0,14,
102951824000,218.000,1,215.000,31,214.000,30,213.000,10,212.000,20,211.000,20,224.000,31,225.000,10,226.000,20,227.000,21,228.000,10,0,14,
102951977000,218.000,1,215.000,10,214.000,30,213.000,10,212.000,20,211.000,20,224.000,10,225.000,10,226.000,20,227.000,21,228.000,10,0,14,
102951977000,218.000,1,215.000,31,214.000,30,213.000,10,212.000,20,211.000,20,224.000,10,225.000,31,226.000,20,227.000,21,228.000,10,0,14,
102951978000,218.000,1,215.000,31,214.000,30,213.000,10,212.000,20,211.000,20,225.000,31,226.000,20,227.000,21,228.000,10,229.000,20,0,14,
102954869000,218.000,1,215.000,31,214.000,10,213.000,10,212.000,20,211.000,20,225.000,31,226.000,20,227.000,21,228.000,10,230.000,1,0,14,
102954869000,218.000,1,215.000,31,214.000,10,213.000,30,212.000,20,211.000,20,225.000,31,226.000,20,227.000,21,228.000,30,230.000,1,0,14,
102956368000,218.000,1,215.000,31,214.000,10,213.000,10,212.000,20,211.000,20,225.000,31,226.000,20,227.000,21,228.000,10,230.000,1,0,14,
102956368000,218.000,1,215.000,31,214.000,30,213.000,10,212.000,20,211.000,20,225.000,31,226.000,20,227.000,21,228.000,10,229.000,20,0,14,
102957744000,218.000,1,215.000,31,214.000,10,213.000,10,212.000,20,211.000,20,225.000,31,226.000,20,227.000,21,228.000,10,230.000,1,0,14,
102957744000,218.000,1,215.000,51,214.000,10,213.000,10,212.000,20,211.000,20,225.000,31,226.000,20,227.000,21,228.000,10,230.000,21,0,14,
102958610000,218.000,1,215.000,30,214.000,10,213.000,10,212.000,20,211.000,20,225.000,10,226.000,20,227.000,21,228.000,10,230.000,21,0,14,
102958610000,218.000,1,215.000,51,214.000,10,213.000,10,212.000,20,211.000,20,225.000,10,226.000,41,227.000,21,228.000,10,230.000,21,0,14,
102958610000,218.000,1,215.000,51,214.000,10,213.000,10,212.000,20,211.000,20,226.000,41,227.000,21,228.000,10,230.000,21,320.000,1,0,14,
102958610000,218.000,1,215.000,51,214.000,10,213.000,10,212.000,20,211.000,20,226.000,51,227.000,21,228.000,10,230.000,21,320.000,1,0,14,
102958714000,218.000,1,215.000,51,214.000,10,213.000,10,211.000,20,84.000,3,226.000,51,227.000,1,228.000,10,230.000,21,320.000,1,0,14,
102958757000,218.000,1,215.000,51,214.000,10,213.000,10,84.000,3,39.000,20,226.000,31,227.000,1,228.000,10,230.000,21,320.000,1,0,14,
102959004000,218.000,1,215.000,51,214.000,30,213.000,10,84.000,3,39.000,20,226.000,31,227.000,1,228.000,10,229.000,20,230.000,21,0,14,
102959495000,218.000,1,215.000,31,214.000,30,213.000,10,84.000,3,39.000,20,226.000,31,227.000,1,228.000,10,229.000,20,230.000,1,0,14,
102959495000,218.000,1,216.000,20,215.000,31,214.000,30,213.000,10,84.000,3,226.000,31,227.000,1,228.000,10,229.000,20,230.000,1,0,14,
102959552000,218.000,1,216.000,20,215.000,31,214.000,30,213.000,30,84.000,3,226.000,31,227.000,1,228.000,30,229.000,20,230.000,1,0,14,
102959652000,218.000,1,216.000,20,215.000,10,214.000,30,213.000,30,84.000,3,226.000,10,227.000,1,228.000,30,229.000,20,230.000,1,0,14,
102959652000,218.000,1,217.000,21,216.000,20,215.000,10,214.000,30,213.000,30,226.000,31,227.000,1,228.000,30,229.000,20,230.000,1,0,14,
102959653000,218.000,1,217.000,21,216.000,20,215.000,10,214.000,30,213.000,30,226.000,21,227.000,1,228.000,30,229.000,20,230.000,1,0,14,
102959860000,218.000,1,217.000,31,216.000,20,215.000,10,214.000,30,213.000,30,226.000,21,227.000,1,228.000,30,229.000,20,230.000,1,0,14,
102959860000,218.000,1,217.000,31,216.000,20,215.000,10,214.000,30,213.000,30,226.000,31,227.000,1,228.000,30,229.000,20,230.000,1,0,14,
102959868000,218.000,1,217.000,31,215.000,10,214.000,30,213.000,30,84.000,3,226.000,31,227.000,1,228.000,30,229.000,20,230.000,1,0,14,
102959868000,218.000,1,217.000,31,215.000,30,214.000,30,213.000,30,84.000,3,226.000,31,227.000,1,228.000,30,229.000,20,230.000,21,0,14,
103000009000,218.000,1,217.000,31,215.000,30,214.000,20,213.000,30,84.000,3,226.000,31,227.000,1,228.000,30,229.000,20,230.000,21,0,14,
103000119000,218.000,1,217.000,31,215.000,10,214.000,20,213.000,30,84.000,3,226.000,31,227.000,1,228.000,30,229.000,20,230.000,1,0,14,
103000119000,218.000,1,217.000,31,215.000,10,214.000,40,213.000,30,84.000,3,226.000,31,227.000,1,228.000,30,229.000,40,230.000,1,0,14,
103001612000,218.000,1,217.000,10,215.000,10,214.000,40,213.000,30,84.000,3,226.000,10,227.000,1,228.000,30,229.000,40,230.000,1,0,14,
103001612000,218.000,1,217.000,10,216.000,21,215.000,10,214.000,40,213.000,30,225.000,21,226.000,10,227.000,1,228.000,30,229.000,40,0,14,
103001613000,218.000,1,217.000,10,216.000,21,215.000,10,214.000,40,213.000,30,225.000,21,227.000,1,228.000,30,229.000,40,230.000,1,0,14,
103001613000,218.000,1,216.000,21,215.000,10,214.000,40,213.000,30,84.000,3,225.000,21,227.000,1,228.000,30,229.000,40,230.000,1,0,14,
103001801000,218.000,1,216.000,21,215.000,10,214.000,40,213.000,30,84.000,3,225.000,31,227.000,1,228.000,30,229.000,40,230.000,1,0,14,
103001801000,218.000,1,216.000,31,215.000,10,214.000,40,213.000,30,84.000,3,225.000,31,227.000,1,228.000,30,229.000,40,230.000,1,0,14,
103002744000,218.000,1,216.000,31,215.000,10,214.000,20,213.000,30,84.000,3,225.000,31,227.000,1,228.000,30,229.000,20,230.000,1,0,14,
103002744000,218.000,1,216.000,31,215.000,30,214.000,20,213.000,30,84.000,3,225.000,31,227.000,1,228.000,30,229.000,20,230.000,21,0,14,
103004225000,218.000,1,216.000,31,215.000,30,214.000,20,213.000,10,84.000,3,225.000,31,227.000,1,228.000,10,229.000,20,230.000,21,0,14,
103004229000,218.000,1,216.000,31,215.000,10,214.000,20,213.000,10,84.000,3,225.000,31,227.000,1,228.000,10,229.000,20,230.000,1,0,14,
103004229000,218.000,1,216.000,31,215.000,10,214.000,40,213.000,10,84.000,3,225.000,31,227.000,1,228.000,10,229.000,40,230.000,1,0,14,
103005118000,218.000,1,216.000,31,215.000,10,214.000,20,213.000,10,84.000,3,225.000,31,227.000,1,228.000,10,229.000,20,230.000,1,0,14,
103005118000,218.000,1,216.000,31,215.000,10,214.000,20,213.000,30,84.000,3,225.000,31,227.000,1,228.000,30,229.000,20,230.000,1,0,14,
103005772000,218.000,1,216.000,31,215.000,10,213.000,30,84.000,3,39.000,20,225.000,31,227.000,1,228.000,30,230.000,1,320.000,1,0,14,
103006004000,218.000,1,216.000,31,215.000,10,213.000,30,212.000,20,84.000,3,225.000,31,227.000,21,228.000,30,230.000,1,320.000,1,0,14,
103006620000,218.000,1,216.000,10,215.000,10,213.000,30,212.000,20,84.000,3,225.000,10,227.000,21,228.000,30,230.000,1,320.000,1,0,14,
103006620000,218.000,1,216.000,10,215.000,31,213.000,30,212.000,20,84.000,3,225.000,31,227.000,21,228.000,30,230.000,1,320.000,1,0,14,
103006621000,218.000,1,215.000,31,213.000,30,212.000,20,84.000,3,39.000,20,225.000,31,227.000,21,228.000,30,230.000,1,320.000,1,0,14,
103006621000,218.000,1,215.000,31,213.000,30,212.000,20,84.000,3,39.000,20,225.000,21,227.000,21,228.000,30,230.000,1,320.000,1,0,14,
103006993000,218.000,1,215.000,31,213.000,10,212.000,20,84.000,3,39.000,20,225.000,21,227.000,21,228.000,10,230.000,1,320.000,1,0,14,
103006993000,218.000,1,215.000,31,213.000,10,212.000,40,84.000,3,39.000,20,225.000,21,227.000,41,228.000,10,230.000,1,320.000,1,0,14,
103007372000,218.000,1,215.000,31,213.000,10,212.000,40,84.000,3,39.000,20,225.000,31,227.000,41,228.000,10,230.000,1,320.000,1,0,14,
103007374000,218.000,1,215.000,31,213.000,10,212.000,20,84.000,3,39.000,20,225.000,31,227.000,21,228.000,10,230.000,1,320.000,1,0,14,
103007374000,218.000,1,215.000,31,213.000,30,212.000,20,84.000,3,39.000,20,225.000,31,227.000,21,228.000,30,230.000,1,320.000,1,0,14,
103007868000,218.000,1,215.000,31,213.000,10,212.000,20,84.000,3,39.000,20,225.000,31,227.000,21,228.000,10,230.000,1,320.000,1,0,14,
103007868000,218.000,1,215.000,31,214.000,20,213.000,10,212.000,20,84.000,3,225.000,31,227.000,21,228.000,10,229.000,20,230.000,1,0,14,
103008243000,218.000,1,215.000,31,213.000,10,212.000,20,84.000,3,39.000,20,225.000,31,227.000,21,228.000,10,230.000,1,320.000,1,0,14,
103008243000,218.000,1,215.000,31,213.000,30,212.000,20,84.000,3,39.000,20,225.000,31,227.000,21,228.000,30,230.000,1,320.000,1,0,14,
103009368000,218.000,1,215.000,31,213.000,10,212.000,20,84.000,3,39.000,20,225.000,31,227.000,21,228.000,10,230.000,1,320.000,1,0,14,
103009368000,218.000,1,215.000,31,214.000,20,213.000,10,212.000,20,84.000,3,225.000,31,227.000,21,228.000,10,229.000,20,230.000,1,0,14,
103010242000,218.000,1,215.000,31,213.000,10,212.000,20,84.000,3,39.000,20,225.000,31,227.000,21,228.000,10,230.000,1,320.000,1,0,14,
103010242000,218.000,1,215.000,31,213.000,30,212.000,20,84.000,3,39.000,20,225.000,31,227.000,21,228.000,30,230.000,1,320.000,1,0,14,
103010868000,218.000,1,215.000,31,213.000,10,212.000,20,84.000,3,39.000,20,225.000,31,227.000,21,228.000,10,230.000,1,320.000,1,0,14,
103010868000,218.000,1,215.000,31,214.000,20,213.000,10,212.000,20,84.000,3,225.000,31,227.000,21,228.000,10,229.000,20,230.000,1,0,14,
103013813000,218.000,1,215.000,31,214.000,20,213.000,30,212.000,20,84.000,3,225.000,31,227.000,21,228.000,30,229.000,20,230.000,1,0,14,
103022460000,218.000,1,215.000,10,214.000,20,213.000,30,212.000,20,84.000,3,225.000,10,227.000,21,228.000,30,229.000,20,230.000,1,0,14,
103022460000,218.000,1,216.000,21,215.000,10,214.000,20,213.000,30,212.000,20,225.000,10,226.000,21,227.000,21,228.000,30,229.000,20,0,14,
103022460000,218.000,1,216.000,21,215.000,10,214.000,30,213.000,30,212.000,20,225.000,10,226.000,21,227.000,21,228.000,30,229.000,20,0,14,
103022460000,218.000,1,216.000,21,215.000,10,214.000,30,213.000,30,212.000,20,225.000,10,226.000,21,227.000,31,228.000,30,229.000,20,0,14,
103022460000,218.000,1,216.000,31,215.000,10,214.000,30,213.000,30,212.000,20,225.000,10,226.000,21,227.000,31,228.000,30,229.000,20,0,14,
103022460000,218.000,1,216.000,31,214.000,30,213.000,30,212.000,20,84.000,3,225.000,10,226.000,21,227.000,31,228.000,30,229.000,20,0,14,
103022460000,218.000,1,216.000,31,214.000,30,213.000,30,212.000,20,84.000,3,226.000,21,227.000,31,228.000,30,229.000,20,230.000,1,0,14,
103022460000,218.000,1,216.000,31,214.000,30,213.000,30,212.000,20,84.000,3,226.000,31,227.000,31,228.000,30,229.000,20,230.000,1,0,14,
103022505000,218.000,1,216.000,31,214.000,30,213.000,30,84.000,3,39.000,20,226.000,31,227.000,11,228.000,30,229.000,20,230.000,1,0,14,
103022505000,218.000,1,216.000,31,214.000,50,213.000,30,84.000,3,39.000,20,226.000,31,227.000,11,228.000,30,229.000,40,230.000,1,0,14,
103022619000,218.000,1,216.000,31,214.000,30,213.000,30,84.000,3,39.000,20,226.000,31,227.000,11,228.000,30,229.000,20,230.000,1,0,14,
103022619000,218.000,1,216.000,31,215.000,20,214.000,30,213.000,30,84.000,3,226.000,31,227.000,11,228.000,30,229.000,20,230.000,21,0,14,
103023493000,218.000,1,216.000,31,214.000,30,213.000,30,84.000,3,39.000,20,226.000,31,227.000,11,228.000,30,229.000,20,230.000,1,0,14,
103023493000,218.000,1,216.000,31,214.000,50,213.000,30,84.000,3,39.000,20,226.000,31,227.000,11,228.000,30,229.000,40,230.000,1,0,14,
103023743000,218.000,1,216.000,31,214.000,30,213.000,30,84.000,3,39.000,20,226.000,31,227.000,11,228.000,30,229.000,20,230.000,1,0,14,
103023743000,218.000,1,216.000,31,215.000,20,214.000,30,213.000,30,84.000,3,226.000,31,227.000,11,228.000,30,229.000,20,230.000,21,0,14,
103026350000,218.000,1,216.000,31,215.000,20,214.000,30,213.000,10,84.000,3,226.000,31,227.000,11,228.000,10,229.000,20,230.000,21,0,14,
103026618000,218.000,1,216.000,31,214.000,30,213.000,10,84.000,3,39.000,20,226.000,31,227.000,11,228.000,10,229.000,20,230.000,1,0,14,
103026618000,218.000,1,216.000,51,214.000,30,213.000,10,84.000,3,39.000,20,226.000,31,227.000,11,228.000,10,229.000,20,230.000,1,0,14,
103026644000,218.000,1,216.000,51,214.000,50,213.000,10,84.000,3,39.000,20,226.000,31,227.000,11,228.000,10,229.000,40,230.000,1,0,14,
103029077000,218.000,1,216.000,51,214.000,50,213.000,10,84.000,3,39.000,20,226.000,31,227.000,11,229.000,40,230.000,1,231.000,20,0,14,
103029201000,218.000,1,216.000,51,214.000,50,213.000,10,84.000,3,39.000,20,226.000,31,227.000,11,229.000,40,230.000,11,231.000,20,0,14,
103029642000,218.000,1,216.000,30,214.000,50,213.000,10,84.000,3,39.000,20,226.000,10,227.000,11,229.000,40,230.000,11,231.000,20,0,14,
103029642000,218.000,1,216.000,51,214.000,50,213.000,10,84.000,3,39.000,20,226.000,10,227.000,32,229.000,40,230.000,11,231.000,20,0,14,
103029643000,218.000,1,216.000,51,214.000,50,213.000,10,84.000,3,39.000,20,227.000,32,229.000,40,230.000,11,231.000,20,320.000,1,0,14,
103029950000,218.000,1,216.000,31,214.000,50,213.000,10,84.000,3,39.000,20,227.000,32,229.000,40,230.000,11,320.000,1,364.000,1,0,14,
103029950000,218.000,1,217.000,20,216.000,31,214.000,50,213.000,10,84.000,3,227.000,32,229.000,40,230.000,11,232.000,20,320.000,1,0,14,
103029950000,218.000,1,217.000,29,216.000,31,214.000,50,213.000,10,84.000,3,227.000,32,229.000,40,230.000,11,232.000,20,320.000,1,0,14,
103030005000,218.000,1,217.000,29,216.000,31,214.000,40,213.000,10,84.000,3,227.000,32,229.000,40,230.000,11,232.000,20,320.000,1,0,14,
103030409000,218.000,1,217.000,29,216.000,31,214.000,40,84.000,3,39.000,20,227.000,32,229.000,40,230.000,11,232.000,20,320.000,1,0,14,
103030410000,218.000,1,217.000,29,216.000,31,215.000,10,214.000,40,84.000,3,227.000,32,229.000,40,230.000,11,232.000,20,320.000,1,0,14,
103030741000,218.000,1,217.000,29,216.000,10,215.000,10,214.000,40,84.000,3,227.000,11,229.000,40,230.000,11,232.000,20,320.000,1,0,14,
103030741000,218.000,1,218.000,21,217.000,29,216.000,10,215.000,10,214.000,40,227.000,32,229.000,40,230.000,11,232.000,20,320.000,1,0,14,
103030742000,218.000,1,218.000,30,217.000,29,216.000,10,215.000,10,214.000,40,227.000,32,229.000,40,230.000,11,232.000,20,320.000,1,0,14,
103030782000,218.000,1,218.000,30,217.000,29,216.000,10,215.000,10,214.000,20,227.000,32,229.000,20,230.000,11,232.000,20,320.000,1,0,14,
103031004000,218.000,1,218.000,30,217.000,29,216.000,30,215.000,10,214.000,20,227.000,32,229.000,20,230.000,11,231.000,20,232.000,20,0,14,
103031004000,218.000,1,218.000,30,217.000,29,216.000,20,215.000,10,214.000,20,227.000,32,229.000,20,230.000,11,231.000,20,232.000,20,0,14,
103034618000,218.000,1,218.000,30,217.000,9,216.000,20,215.000,10,214.000,20,227.000,32,229.000,20,230.000,11,231.000,20,320.000,1,0,14,
103034618000,218.000,1,218.000,50,217.000,9,216.000,20,215.000,10,214.000,20,227.000,32,229.000,20,230.000,11,231.000,20,233.000,20,0,14,
103035495000,218.000,1,218.000,50,217.000,9,216.000,20,215.000,10,84.000,3,227.000,32,230.000,11,231.000,20,233.000,20,320.000,1,0,14,
103035740000,218.000,1,218.000,29,217.000,9,216.000,20,215.000,10,84.000,3,227.000,11,230.000,11,231.000,20,233.000,20,320.000,1,0,14,
103035740000,218.000,1,218.000,50,217.000,9,216.000,20,215.000,10,84.000,3,227.000,11,228.000,21,230.000,11,231.000,20,233.000,20,0,14,
103035781000,218.000,1,218.000,50,217.000,9,216.000,20,215.000,10,214.000,20,227.000,11,228.000,21,229.000,20,230.000,11,231.000,20,0,14,
103037744000,218.000,1,218.000,30,217.000,9,216.000,20,215.000,10,214.000,20,227.000,11,228.000,21,229.000,20,230.000,11,231.000,20,0,14,
103037744000,218.000,1,218.000,30,217.000,29,216.000,20,215.000,10,214.000,20,227.000,11,228.000,21,229.000,20,230.000,11,231.000,20,0,14,
103038651000,218.000,1,218.000,9,217.000,29,216.000,20,215.000,10,214.000,20,227.000,11,229.000,20,230.000,11,231.000,20,232.000,20,0,14,
103038651000,218.000,1,218.000,30,217.000,29,216.000,20,215.000,10,214.000,20,227.000,32,229.000,20,230.000,11,231.000,20,232.000,20,0,14,
103039210000,218.000,1,218.000,30,217.000,29,216.000,20,215.000,10,84.000,3,227.000,32,230.000,11,231.000,20,232.000,20,320.000,1,0,14,
103039245000,218.000,1,218.000,30,217.000,9,216.000,20,215.000,10,84.000,3,227.000,32,230.000,11,231.000,20,320.000,1,364.000,1,0,14,
103039245000,218.000,1,218.000,30,217.000,9,216.000,40,215.000,10,84.000,3,227.000,32,230.000,11,231.000,40,320.000,1,364.000,1,0,14,
103042244000,218.000,1,218.000,30,217.000,9,216.000,20,215.000,10,84.000,3,227.000,32,230.000,11,231.000,20,320.000,1,364.000,1,0,14,
103042244000,218.000,1,218.000,30,217.000,29,216.000,20,215.000,10,84.000,3,227.000,32,230.000,11,231.000,20,232.000,20,320.000,1,0,14,
103045368000,218.000,1,218.000,30,217.000,9,216.000,20,215.000,10,84.000,3,227.000,32,230.000,11,231.000,20,320.000,1,364.000,1,0,14,
103045368000,218.000,1,218.000,50,217.000,9,216.000,20,215.000,10,84.000,3,227.000,32,230.000,11,231.000,20,233.000,20,320.000,1,0,14,
103045368000,218.000,1,218.000,50,217.000,9,216.000,20,215.000,30,84.000,3,227.000,32,230.000,31,231.000,20,233.000,20,320.000,1,0,14,
103052158000,218.000,1,218.000,29,217.000,9,216.000,20,215.000,30,84.000,3,227.000,11,230.000,31,231.000,20,233.000,20,320.000,1,0,14,
103052158000,218.000,1,218.000,50,217.000,9,216.000,20,215.000,30,84.000,3,227.000,11,228.000,21,230.000,31,231.000,20,233.000,20,0,14,
103052243000,218.000,1,218.000,30,217.000,9,216.000,20,215.000,30,84.000,3,227.000,11,228.000,21,230.000,31,231.000,20,320.000,1,0,14,
103052243000,218.000,1,219.000,20,218.000,30,217.000,9,216.000,20,215.000,30,227.000,11,228.000,21,230.000,31,231.000,20,234.000,20,0,14,
103052243000,218.000,1,219.000,29,218.000,30,217.000,9,216.000,20,215.000,30,227.000,11,228.000,21,230.000,31,231.000,20,234.000,20,0,14,
103052493000,218.000,1,219.000,9,218.000,30,217.000,9,216.000,20,215.000,30,227.000,11,228.000,21,230.000,31,231.000,20,320.000,1,0,14,
103052493000,218.000,1,219.000,9,218.000,50,217.000,9,216.000,20,215.000,30,227.000,11,228.000,21,230.000,31,231.000,20,233.000,20,0,14,
103052494000,218.000,1,218.000,50,217.000,9,216.000,20,215.000,30,84.000,3,227.000,11,228.000,21,230.000,31,231.000,20,233.000,20,0,14,
103102618000,218.000,1,218.000,30,217.000,9,216.000,20,215.000,30,84.000,3,227.000,11,228.000,21,230.000,31,231.000,20,320.000,1,0,14,
103102618000,218.000,1,218.000,30,217.000,29,216.000,20,215.000,30,84.000,3,227.000,11,228.000,21,230.000,31,231.000,20,232.000,20,0,14,
103105400000,218.000,1,218.000,30,217.000,29,216.000,20,215.000,10,84.000,3,227.000,11,228.000,21,230.000,11,231.000,20,232.000,20,0,14,
103106003000,218.000,1,218.000,30,217.000,29,216.000,20,215.000,10,214.000,20,227.000,11,228.000,21,229.000,20,230.000,11,231.000,20,0,14,
103106618000,218.000,1,218.000,30,217.000,9,216.000,20,215.000,10,214.000,20,227.000,11,228.000,21,229.000,20,230.000,11,231.000,20,0,14,
103106618000,218.000,1,218.000,50,217.000,9,216.000,20,215.000,10,214.000,20,227.000,11,228.000,21,229.000,20,230.000,11,231.000,20,0,14,
103107369000,218.000,1,218.000,30,217.000,9,216.000,20,215.000,10,214.000,20,227.000,11,228.000,21,229.000,20,230.000,11,231.000,20,0,14,
103107369000,218.000,1,219.000,20,218.000,30,217.000,9,216.000,20,215.000,10,227.000,11,228.000,21,229.000,20,230.000,11,231.000,20,0,14,
103107369000,218.000,1,219.000,29,218.000,30,217.000,9,216.000,20,215.000,10,227.000,11,228.000,21,229.000,20,230.000,11,231.000,20,0,14,
103107504000,218.000,1,219.000,29,218.000,30,216.000,20,215.000,10,214.000,20,227.000,11,228.000,21,229.000,20,230.000,11,231.000,20,0,14,
103107753000,218.000,1,219.000,29,218.000,9,216.000,20,215.000,10,214.000,20,227.000,11,229.000,20,230.000,11,231.000,20,234.000,20,0,14,
103107753000,218.000,1,220.000,21,219.000,29,218.000,9,216.000,20,215.000,10,227.000,11,229.000,41,230.000,11,231.000,20,234.000,20,0,14,
103107754000,218.000,1,220.000,30,219.000,29,218.000,9,216.000,20,215.000,10,227.000,11,229.000,41,230.000,11,231.000,20,234.000,20,0,14,
103108005000,218.000,1,220.000,30,219.000,29,216.000,20,215.000,10,214.000,20,227.000,11,229.000,41,230.000,11,231.000,20,234.000,20,0,14,
103108765000,218.000,1,220.000,30,219.000,29,216.000,20,215.000,10,214.000,20,227.000,11,229.000,41,230.000,1,231.000,20,234.000,20,0,14,
103108888000,218.000,1,220.000,30,219.000,29,216.000,20,215.000,10,214.000,20,227.000,11,229.000,41,230.000,1,231.000,20,232.000,10,0,14,
103109157000,218.000,1,220.000,30,219.000,29,216.000,20,215.000,10,84.000,3,227.000,11,229.000,21,230.000,1,231.000,20,232.000,10,0,14,
103109255000,218.000,1,220.000,30,219.000,29,215.000,10,84.000,3,39.000,20,227.000,11,229.000,21,230.000,1,232.000,10,234.000,20,0,14,
103109255000,218.000,1,220.000,30,219.000,29,84.000,3,39.000,20,38.500,1,227.000,11,229.000,21,230.000,1,232.000,10,234.000,20,0,14,
103109259000,218.000,1,220.000,30,219.000,29,218.000,20,84.000,3,39.000,20,227.000,11,229.000,21,230.000,1,232.000,10,233.000,20,0,14,
103109619000,218.000,1,220.000,30,219.000,9,218.000,20,84.000,3,39.000,20,227.000,11,229.000,21,230.000,1,232.000,10,233.000,20,0,14,
103109619000,218.000,1,220.000,50,219.000,9,218.000,20,84.000,3,39.000,20,227.000,11,229.000,21,230.000,1,232.000,10,233.000,20,0,14,
103109764000,218.000,1,220.000,30,219.000,9,218.000,20,84.000,3,39.000,20,227.000,11,229.000,21,230.000,1,232.000,10,233.000,20,0,14,
103109764000,218.000,1,221.000,20,220.000,30,219.000,9,218.000,20,84.000,3,227.000,11,229.000,21,230.000,1,232.000,10,233.000,20,0,14,
103110161000,218.000,1,221.000,20,220.000,30,219.000,9,218.000,30,84.000,3,227.000,11,229.000,21,230.000,1,232.000,10,233.000,20,0,14,
103110368000,218.000,1,220.000,30,219.000,9,218.000,30,84.000,3,39.000,20,227.000,11,229.000,21,230.000,1,232.000,10,233.000,20,0,14,
103110368000,218.000,1,220.000,50,219.000,9,218.000,30,84.000,3,39.000,20,227.000,11,229.000,21,230.000,1,232.000,10,233.000,20,0,14,
103112368000,218.000,1,220.000,30,219.000,9,218.000,30,84.000,3,39.000,20,227.000,11,229.000,21,230.000,1,232.000,10,233.000,20,0,14,
103112368000,218.000,1,220.000,30,219.000,29,218.000,30,84.000,3,39.000,20,227.000,11,229.000,21,230.000,1,232.000,10,233.000,20,0,14,
103112993000,218.000,1,220.000,30,219.000,9,218.000,30,84.000,3,39.000,20,227.000,11,229.000,21,230.000,1,232.000,10,233.000,20,0,14,
103112993000,218.000,1,220.000,50,219.000,9,218.000,30,84.000,3,39.000,20,227.000,11,229.000,21,230.000,1,232.000,10,233.000,20,0,14,
103113742000,218.000,1,220.000,30,219.000,9,218.000,30,84.000,3,39.000,20,227.000,11,229.000,21,230.000,1,232.000,10,233.000,20,0,14,
103113742000,218.000,1,220.000,30,219.000,29,218.000,30,84.000,3,39.000,20,227.000,11,229.000,21,230.000,1,232.000,10,233.000,20,0,14,
103113771000,218.000,1,220.000,30,219.000,29,218.000,30,216.000,20,84.000,3,227.000,11,229.000,21,230.000,1,231.000,20,232.000,10,0,14,
103114242000,218.000,1,220.000,30,219.000,9,218.000,30,216.000,20,84.000,3,227.000,11,229.000,21,230.000,1,231.000,20,232.000,10,0,14,
103114242000,218.000,1,220.000,50,219.000,9,218.000,30,216.000,20,84.000,3,227.000,11,229.000,21,230.000,1,231.000,20,232.000,10,0,14,
103117867000,218.000,1,220.000,30,219.000,9,218.000,30,216.000,20,84.000,3,227.000,11,229.000,21,230.000,1,231.000,20,232.000,10,0,14,
103117867000,218.000,1,220.000,30,219.000,29,218.000,30,216.000,20,84.000,3,227.000,11,229.000,21,230.000,1,231.000,20,232.000,10,0,14,
103119238000,218.000,1,220.000,30,219.000,9,218.000,30,216.000,20,84.000,3,227.000,11,229.000,21,230.000,1,231.000,20,232.000,10,0,14,
103119238000,218.000,1,220.000,50,219.000,9,218.000,30,216.000,20,84.000,3,227.000,11,229.000,21,230.000,1,231.000,20,232.000,10,0,14,
103119652000,218.000,1,220.000,29,219.000,9,218.000,30,216.000,20,84.000,3,227.000,11,230.000,1,231.000,20,232.000,10,233.000,20,0,14,
103119652000,218.000,1,220.000,50,219.000,9,218.000,30,216.000,20,84.000,3,227.000,11,230.000,22,231.000,20,232.000,10,233.000,20,0,14,
103123204000,218.000,1,220.000,50,219.000,9,218.000,30,216.000,20,84.000,3,227.000,4,230.000,22,231.000,20,232.000,10,233.000,20,0,14,
103123514000,218.000,1,220.000,50,219.000,9,218.000,30,216.000,20,84.000,3,227.000,1,230.000,22,231.000,20,232.000,10,233.000,20,0,14,
103123514000,218.000,1,220.000,50,219.000,9,218.000,30,216.000,20,84.000,3,227.000,1,228.000,9,230.000,22,231.000,20,232.000,10,0,14,
103123660000,218.000,1,220.000,29,219.000,9,218.000,30,216.000,20,84.000,3,227.000,1,228.000,9,230.000,1,231.000,20,232.000,10,0,14,
103123660000,218.000,1,220.000,50,219.000,9,218.000,30,216.000,20,84.000,3,227.000,1,228.000,9,230.000,1,231.000,41,232.000,10,0,14,
103124254000,218.000,1,220.000,50,219.000,9,218.000,30,216.000,20,84.000,3,227.000,1,228.000,9,230.000,1,231.000,41,233.000,20,0,14,
103124321000,218.000,1,220.000,50,219.000,9,218.000,30,84.000,3,39.000,20,227.000,1,228.000,9,230.000,1,231.000,21,233.000,20,0,14,
103124368000,218.000,1,220.000,30,219.000,9,218.000,30,84.000,3,39.000,20,227.000,1,228.000,9,230.000,1,231.000,21,233.000,20,0,14,
103124368000,218.000,1,221.000,20,220.000,30,219.000,9,218.000,30,84.000,3,227.000,1,228.000,9,230.000,1,231.000,21,233.000,20,0,14,
103124368000,218.000,1,221.000,29,220.000,30,219.000,9,218.000,30,84.000,3,227.000,1,228.000,9,230.000,1,231.000,21,233.000,20,0,14,
103124504000,218.000,1,221.000,29,220.000,30,218.000,30,84.000,3,39.000,20,227.000,1,228.000,9,230.000,1,231.000,21,233.000,20,0,14,
103124646000,218.000,1,221.000,29,220.000,30,218.000,30,84.000,3,39.000,20,227.000,1,230.000,1,231.000,21,233.000,20,234.000,10,0,14,
103124646000,218.000,1,221.000,29,220.000,30,218.000,10,84.000,3,39.000,20,227.000,1,230.000,1,231.000,21,234.000,10,236.000,20,0,14,
103124660000,218.000,1,221.000,29,220.000,30,218.000,10,84.000,3,39.000,20,227.000,1,229.000,9,230.000,1,231.000,21,234.000,10,0,14,
103124743000,218.000,1,221.000,9,220.000,30,218.000,10,84.000,3,39.000,20,227.000,1,229.000,9,230.000,1,231.000,21,234.000,10,0,14,
103124743000,218.000,1,222.000,20,221.000,9,220.000,30,218.000,10,84.000,3,227.000,1,229.000,9,230.000,1,231.000,21,234.000,10,0,14,
103124744000,218.000,1,222.000,29,221.000,9,220.000,30,218.000,10,84.000,3,227.000,1,229.000,9,230.000,1,231.000,21,234.000,10,0,14,
103125005000,218.000,1,222.000,29,221.000,9,220.000,50,218.000,10,84.000,3,227.000,1,229.000,9,230.000,1,231.000,21,234.000,10,0,14,
103125005000,218.000,1,222.000,29,221.000,9,220.000,41,218.000,10,84.000,3,227.000,1,229.000,9,230.000,1,231.000,21,234.000,10,0,14,
103125556000,218.000,1,222.000,29,221.000,9,220.000,20,218.000,10,84.000,3,227.000,1,229.000,9,230.000,1,234.000,10,235.000,20,0,14,
103125556000,218.000,1,223.000,21,222.000,29,221.000,9,220.000,20,218.000,10,227.000,1,229.000,9,230.000,1,232.000,21,234.000,10,0,14,
103125556000,218.000,1,223.000,30,222.000,29,221.000,9,220.000,20,218.000,10,227.000,1,229.000,9,230.000,1,232.000,21,234.000,10,0,14,
103126005000,218.000,1,223.000,30,222.000,29,220.000,20,218.000,10,84.000,3,227.000,1,229.000,9,230.000,1,232.000,21,234.000,10,0,14,
103127922000,218.000,1,223.000,30,222.000,29,218.000,10,84.000,3,39.000,20,227.000,1,229.000,9,230.000,1,232.000,21,234.000,10,0,14,
103127922000,227.000,1,223.000,30,222.000,29,218.000,10,84.000,3,39.000,20,227.000,1,229.000,9,230.000,1,232.000,21,234.000,10,1,15,103127922000
103127922000,227.000,1,227.000,19,223.000,30,222.000,29,218.000,10,84.000,3,229.000,9,230.000,1,232.000,21,234.000,10,237.000,20,0,15,
103127925000,227.000,1,223.000,30,222.000,29,218.000,10,84.000,3,39.000,20,229.000,9,230.000,1,232.000,21,234.000,10,237.000,20,0,15,
103127925000,227.000,1,227.000,8,223.000,30,222.000,29,218.000,10,84.000,3,229.000,9,230.000,1,232.000,21,234.000,10,237.000,20,0,15,
103127925000,227.000,1,227.000,8,223.000,30,222.000,29,218.000,10,84.000,3,230.000,1,232.000,21,234.000,10,237.000,20,320.000,1,0,15,
103127925000,227.000,1,227.000,8,223.000,30,222.000,29,218.000,10,84.000,3,230.000,10,232.000,21,234.000,10,237.000,20,320.000,1,0,15,
103127925000,227.000,1,223.000,30,222.000,29,218.000,10,84.000,3,39.000,20,230.000,10,232.000,21,234.000,10,237.000,20,320.000,1,0,15,
103128005000,227.000,1,223.000,30,222.000,29,220.000,20,218.000,10,84.000,3,230.000,10,232.000,21,234.000,10,235.000,20,237.000,20,0,15,
103128044000,227.000,1,223.000,30,222.000,29,220.000,20,218.000,30,84.000,3,230.000,10,232.000,21,233.000,20,234.000,10,235.000,20,0,15,
103129035000,227.000,1,223.000,30,222.000,9,220.000,20,218.000,30,84.000,3,230.000,10,232.000,21,233.000,20,234.000,10,235.000,20,0,15,
103129035000,227.000,1,223.000,50,222.000,9,220.000,20,218.000,30,84.000,3,230.000,10,232.000,21,233.000,20,234.000,10,235.000,20,0,15,
103130018000,227.000,1,223.000,50,222.000,9,220.000,20,218.000,20,84.000,3,230.000,10,232.000,21,233.000,20,234.000,10,235.000,20,0,15,
103130018000,227.000,1,223.000,50,222.000,9,220.000,30,218.000,20,84.000,3,230.000,10,232.000,21,233.000,20,234.000,10,235.000,20,0,15,
103134495000,227.000,1,223.000,30,222.000,9,220.000,30,218.000,20,84.000,3,230.000,10,232.000,21,233.000,20,234.000,10,235.000,20,0,15,
103134495000,227.000,1,223.000,30,222.000,29,220.000,30,218.000,20,84.000,3,230.000,10,232.000,21,233.000,20,234.000,10,235.000,20,0,15,
103135396000,227.000,1,223.000,30,222.000,29,220.000,30,218.000,20,84.000,3,230.000,9,232.000,21,233.000,20,234.000,10,235.000,20,0,15,
103135396000,227.000,1,223.000,30,222.000,29,220.000,30,218.000,20,84.000,3,230.000,9,232.000,30,233.000,20,234.000,10,235.000,20,0,15,
103135396000,227.000,1,223.000,30,222.000,29,220.000,30,218.000,20,84.000,3,232.000,30,233.000,20,234.000,10,235.000,20,237.000,20,0,15,
103136437000,227.000,1,223.000,30,222.000,29,220.000,30,84.000,3,39.000,20,232.000,30,234.000,10,235.000,20,237.000,20,320.000,1,0,15,
103136910000,227.000,1,223.000,30,222.000,29,220.000,30,84.000,3,39.000,20,230.000,1,232.000,30,234.000,10,235.000,20,237.000,20,0,15,
103136911000,227.000,1,223.000,30,222.000,29,220.000,30,84.000,3,39.000,20,230.000,10,232.000,30,234.000,10,235.000,20,237.000,20,0,15,
103137000000,227.000,1,223.000,30,222.000,29,220.000,30,218.000,20,84.000,3,230.000,10,232.000,30,233.000,20,234.000,10,235.000,20,0,15,
103140969000,227.000,1,223.000,30,222.000,29,220.000,30,84.000,3,39.000,20,230.000,10,232.000,30,234.000,10,235.000,20,237.000,20,0,15,
103141309000,227.000,1,223.000,30,222.000,29,220.000,30,219.000,20,84.000,3,230.000,10,232.000,30,234.000,30,235.000,20,237.000,20,0,15,
103142618000,227.000,1,223.000,30,222.000,9,220.000,30,219.000,20,84.000,3,230.000,10,232.000,30,234.000,30,235.000,20,320.000,1,0,15,
103142618000,227.000,1,223.000,50,222.000,9,220.000,30,219.000,20,84.000,3,230.000,10,232.000,30,234.000,30,235.000,20,238.000,20,0,15,
103143532000,227.000,1,223.000,30,222.000,9,220.000,30,219.000,20,84.000,3,230.000,10,232.000,30,234.000,30,235.000,20,320.000,1,0,15,
103143532000,227.000,1,223.000,30,222.000,29,220.000,30,219.000,20,84.000,3,230.000,10,232.000,30,234.000,30,235.000,20,237.000,20,0,15,
103145153000,227.000,1,223.000,30,222.000,29,220.000,30,219.000,20,84.000,3,230.000,9,232.000,30,234.000,30,235.000,20,237.000,20,0,15,
103145154000,227.000,1,223.000,30,222.000,29,220.000,30,219.000,20,84.000,3,232.000,30,234.000,30,235.000,20,237.000,20,320.000,1,0,15,
103146175000,227.000,1,223.000,30,222.000,29,220.000,30,219.000,20,84.000,3,232.000,30,234.000,30,235.000,20,236.000,1,237.000,20,0,15,
103148483000,227.000,1,223.000,30,222.000,9,220.000,30,219.000,20,84.000,3,232.000,30,234.000,30,235.000,20,236.000,1,320.000,1,0,15,
103148483000,227.000,1,223.000,30,222.000,9,220.000,50,219.000,20,84.000,3,232.000,30,234.000,30,235.000,40,236.000,1,320.000,1,0,15,
103149781000,227.000,1,223.000,9,222.000,9,220.000,50,219.000,20,84.000,3,232.000,9,234.000,30,235.000,40,236.000,1,320.000,1,0,15,
103149781000,227.000,1,223.000,9,222.000,30,220.000,50,219.000,20,84.000,3,232.000,30,234.000,30,235.000,40,236.000,1,320.000,1,0,15,
103149784000,227.000,1,223.000,9,222.000,30,220.000,50,219.000,20,84.000,3,232.000,21,234.000,30,235.000,40,236.000,1,320.000,1,0,15,
103149784000,227.000,1,222.000,30,220.000,50,219.000,20,84.000,3,39.000,20,232.000,21,234.000,30,235.000,40,236.000,1,320.000,1,0,15,
103149870000,227.000,1,222.000,30,220.000,30,219.000,20,84.000,3,39.000,20,232.000,21,234.000,30,235.000,20,236.000,1,320.000,1,0,15,
103149870000,227.000,1,222.000,30,220.000,30,219.000,40,84.000,3,39.000,20,232.000,21,234.000,50,235.000,20,236.000,1,320.000,1,0,15,
103150199000,227.000,1,222.000,30,220.000,30,219.000,40,84.000,3,39.000,20,232.000,30,234.000,50,235.000,20,236.000,1,320.000,1,0,15,
103151742000,227.000,1,222.000,30,220.000,30,219.000,20,84.000,3,39.000,20,232.000,30,234.000,30,235.000,20,236.000,1,320.000,1,0,15,
103151742000,227.000,1,222.000,30,220.000,50,219.000,20,84.000,3,39.000,20,232.000,30,234.000,30,235.000,40,236.000,1,320.000,1,0,15,
103155770000,227.000,1,222.000,30,220.000,50,84.000,3,39.000,20,38.500,1,232.000,30,234.000,10,235.000,40,236.000,1,320.000,1,0,15,
103156454000,227.000,1,222.000,30,220.000,50,219.000,20,84.000,3,39.000,20,232.000,30,234.000,30,235.000,40,236.000,1,320.000,1,0,15,
103157868000,227.000,1,222.000,30,220.000,30,219.000,20,84.000,3,39.000,20,232.000,30,234.000,30,235.000,20,236.000,1,320.000,1,0,15,
103157868000,227.000,1,222.000,30,221.000,20,220.000,30,219.000,20,84.000,3,232.000,30,234.000,30,235.000,20,236.000,21,320.000,1,0,15,
103159493000,227.000,1,222.000,30,220.000,30,219.000,20,84.000,3,39.000,20,232.000,30,234.000,30,235.000,20,236.000,1,320.000,1,0,15,
103159493000,227.000,1,222.000,30,220.000,50,219.000,20,84.000,3,39.000,20,232.000,30,234.000,30,235.000,40,236.000,1,320.000,1,0,15,
103159678000,227.000,1,222.000,30,220.000,30,219.000,20,84.000,3,39.000,20,232.000,30,234.000,30,235.000,20,236.000,1,320.000,1,0,15,
103159678000,227.000,1,222.000,30,221.000,20,220.000,30,219.000,20,84.000,3,232.000,30,234.000,30,235.000,20,236.000,21,320.000,1,0,15,
103200743000,227.000,1,222.000,30,220.000,30,219.000,20,84.000,3,39.000,20,232.000,30,234.000,30,235.000,20,236.000,1,320.000,1,0,15,
103200743000,227.000,1,222.000,30,220.000,50,219.000,20,84.000,3,39.000,20,232.000,30,234.000,30,235.000,40,236.000,1,320.000,1,0,15,
103201368000,227.000,1,222.000,30,220.000,30,219.000,20,84.000,3,39.000,20,232.000,30,234.000,30,235.000,20,236.000,1,320.000,1,0,15,
103201368000,227.000,1,222.000,30,221.000,20,220.000,30,219.000,20,84.000,3,232.000,30,234.000,30,235.000,20,236.000,21,320.000,1,0,15,
103201668000,227.000,1,222.000,9,221.000,20,220.000,30,219.000,20,84.000,3,232.000,9,234.000,30,235.000,20,236.000,21,320.000,1,0,15,
103201668000,227.000,1,223.000,21,222.000,9,221.000,20,220.000,30,219.000,20,232.000,30,234.000,30,235.000,20,236.000,21,320.000,1,0,15,
103201669000,227.000,1,223.000,21,222.000,9,221.000,20,220.000,30,219.000,20,232.000,30,234.000,39,235.000,20,236.000,21,320.000,1,0,15,
103201669000,227.000,1,223.000,21,222.000,9,221.000,29,220.000,30,219.000,20,232.000,30,234.000,39,235.000,20,236.000,21,320.000,1,0,15,
103201669000,227.000,1,223.000,21,222.000,9,221.000,29,220.000,30,219.000,20,232.000,21,234.000,39,235.000,20,236.000,21,320.000,1,0,15,
103201669000,227.000,1,223.000,21,221.000,29,220.000,30,219.000,20,84.000,3,232.000,21,234.000,39,235.000,20,236.000,21,320.000,1,0,15,
103201669000,227.000,1,223.000,30,221.000,29,220.000,30,219.000,20,84.000,3,232.000,21,234.000,39,235.000,20,236.000,21,320.000,1,0,15,
103201669000,227.000,1,223.000,30,221.000,29,220.000,30,219.000,20,84.000,3,232.000,30,234.000,39,235.000,20,236.000,21,320.000,1,0,15,
103202523000,227.000,1,223.000,30,221.000,29,220.000,30,84.000,3,39.000,20,232.000,30,234.000,19,235.000,20,236.000,21,320.000,1,0,15,
103202553000,227.000,1,223.000,30,221.000,29,220.000,50,84.000,3,39.000,20,232.000,30,234.000,19,235.000,40,236.000,21,320.000,1,0,15,
103210621000,227.000,1,223.000,30,221.000,9,220.000,50,84.000,3,39.000,20,232.000,30,234.000,19,235.000,40,236.000,1,320.000,1,0,15,
103210621000,227.000,1,223.000,30,221.000,9,220.000,70,84.000,3,39.000,20,232.000,30,234.000,19,235.000,60,236.000,1,320.000,1,0,15,
103211494000,227.000,1,223.000,30,221.000,9,220.000,50,84.000,3,39.000,20,232.000,30,234.000,19,235.000,40,236.000,1,320.000,1,0,15,
103211494000,227.000,1,223.000,30,221.000,29,220.000,50,84.000,3,39.000,20,232.000,30,234.000,19,235.000,40,236.000,21,320.000,1,0,15,
103214123000,227.000,1,223.000,30,221.000,29,220.000,30,84.000,3,39.000,20,232.000,30,234.000,19,235.000,20,236.000,21,320.000,1,0,15,
103214244000,227.000,1,223.000,30,221.000,9,220.000,30,84.000,3,39.000,20,232.000,30,234.000,19,235.000,20,236.000,1,320.000,1,0,15,
103214244000,227.000,1,223.000,30,221.000,9,220.000,50,84.000,3,39.000,20,232.000,30,234.000,19,235.000,40,236.000,1,320.000,1,0,15,
103214245000,227.000,1,223.000,30,221.000,9,220.000,50,84.000,3,39.000,20,232.000,30,234.000,20,235.000,40,236.000,1,320.000,1,0,15,
103214742000,227.000,1,223.000,30,221.000,9,220.000,30,84.000,3,39.000,20,232.000,30,234.000,20,235.000,20,236.000,1,320.000,1,0,15,
103214742000,227.000,1,223.000,30,221.000,29,220.000,30,84.000,3,39.000,20,232.000,30,234.000,20,235.000,20,236.000,21,320.000,1,0,15,
103215018000,227.000,1,223.000,30,221.000,29,220.000,30,219.000,20,84.000,3,232.000,30,234.000,40,235.000,20,236.000,21,320.000,1,0,15,
103216118000,227.000,1,223.000,30,221.000,9,220.000,30,219.000,20,84.000,3,232.000,30,234.000,40,235.000,20,236.000,1,320.000,1,0,15,
103216118000,227.000,1,223.000,30,221.000,9,220.000,50,219.000,20,84.000,3,232.000,30,234.000,40,235.000,40,236.000,1,320.000,1,0,15,
103216249000,227.000,1,223.000,9,221.000,9,220.000,50,219.000,20,84.000,3,232.000,9,234.000,40,235.000,40,236.000,1,320.000,1,0,15,
103216249000,227.000,1,223.000,9,221.000,30,220.000,50,219.000,20,84.000,3,232.000,30,234.000,40,235.000,40,236.000,1,320.000,1,0,15,
103216249000,227.000,1,223.000,9,221.000,30,220.000,59,219.000,20,84.000,3,232.000,30,234.000,40,235.000,40,236.000,1,320.000,1,0,15,
103216249000,227.000,1,221.000,30,220.000,59,219.000,20,84.000,3,39.000,20,232.000,30,234.000,40,235.000,40,236.000,1,320.000,1,0,15,
103216249000,227.000,1,221.000,30,220.000,59,219.000,20,84.000,3,39.000,20,232.000,21,234.000,40,235.000,40,236.000,1,320.000,1,0,15,
103216254000,227.000,1,221.000,30,220.000,59,219.000,20,84.000,3,39.000,20,232.000,30,234.000,40,235.000,40,236.000,1,320.000,1,0,15,
103217349000,227.000,1,221.000,9,220.000,59,219.000,20,84.000,3,39.000,20,232.000,9,234.000,40,235.000,40,236.000,1,320.000,1,0,15,
103217349000,227.000,1,222.000,21,221.000,9,220.000,59,219.000,20,84.000,3,232.000,30,234.000,40,235.000,40,236.000,1,320.000,1,0,15,
103217349000,227.000,1,222.000,21,221.000,9,220.000,59,219.000,20,84.000,3,232.000,21,234.000,40,235.000,40,236.000,1,320.000,1,0,15,
103217349000,227.000,1,222.000,21,220.000,59,219.000,20,84.000,3,39.000,20,232.000,21,234.000,40,235.000,40,236.000,1,320.000,1,0,15,
103217349000,227.000,1,222.000,30,220.000,59,219.000,20,84.000,3,39.000,20,232.000,21,234.000,40,235.000,40,236.000,1,320.000,1,0,15,
103217350000,227.000,1,222.000,30,220.000,59,219.000,20,84.000,3,39.000,20,232.000,30,234.000,40,235.000,40,236.000,1,320.000,1,0,15,
103217940000,227.000,1,222.000,9,220.000,59,219.000,20,84.000,3,39.000,20,232.000,9,234.000,40,235.000,40,236.000,1,320.000,1,0,15,
103217940000,227.000,1,222.000,9,221.000,21,220.000,59,219.000,20,84.000,3,232.000,30,234.000,40,235.000,40,236.000,1,320.000,1,0,15,
103217940000,227.000,1,221.000,21,220.000,59,219.000,20,84.000,3,39.000,20,232.000,30,234.000,40,235.000,40,236.000,1,320.000,1,0,15,
103217940000,227.000,1,221.000,30,220.000,59,219.000,20,84.000,3,39.000,20,232.000,30,234.000,40,235.000,40,236.000,1,320.000,1,0,15,
103218244000,227.000,1,221.000,30,220.000,49,219.000,20,84.000,3,39.000,20,232.000,30,234.000,40,235.000,40,236.000,1,320.000,1,0,15,
103218368000,227.000,1,221.000,30,220.000,49,219.000,20,218.000,10,84.000,3,232.000,30,234.000,40,235.000,40,236.000,1,320.000,1,0,15,
103221496000,227.000,1,221.000,30,220.000,49,218.000,10,84.000,3,39.000,20,232.000,30,234.000,20,235.000,40,236.000,1,320.000,1,0,15,
103222135000,227.000,1,221.000,30,220.000,49,219.000,20,218.000,10,84.000,3,232.000,30,234.000,40,235.000,40,236.000,1,320.000,1,0,15,
103225846000,227.000,1,221.000,30,220.000,49,219.000,20,218.000,10,84.000,3,231.000,1,232.000,30,234.000,40,235.000,40,236.000,1,0,15,
103225846000,227.000,1,221.000,30,220.000,49,219.000,20,218.000,10,84.000,3,231.000,10,232.000,30,234.000,40,235.000,40,236.000,1,0,15,
103225943000,227.000,1,221.000,9,220.000,49,219.000,20,218.000,10,84.000,3,231.000,10,232.000,9,234.000,40,235.000,40,236.000,1,0,15,
103225943000,227.000,1,221.000,30,220.000,49,219.000,20,218.000,10,84.000,3,230.000,21,231.000,10,232.000,9,234.000,40,235.000,40,0,15,
103225944000,227.000,1,221.000,21,220.000,49,219.000,20,218.000,10,84.000,3,230.000,21,231.000,10,232.000,9,234.000,40,235.000,40,0,15,
103226005000,227.000,1,221.000,21,220.000,49,219.000,20,218.000,10,84.000,3,230.000,21,231.000,10,232.000,9,234.000,31,235.000,40,0,15,
103226328000,227.000,1,221.000,30,220.000,49,219.000,20,218.000,10,84.000,3,230.000,21,231.000,10,232.000,9,234.000,31,235.000,40,0,15,
103226328000,227.000,1,221.000,30,220.000,49,219.000,20,218.000,10,84.000,3,230.000,30,231.000,10,232.000,9,234.000,31,235.000,40,0,15,
103226505000,227.000,1,221.000,30,220.000,49,219.000,20,218.000,10,84.000,3,230.000,30,231.000,10,234.000,31,235.000,40,236.000,1,0,15,
103227025000,227.000,1,221.000,30,220.000,29,219.000,20,218.000,10,84.000,3,230.000,30,231.000,10,234.000,31,235.000,20,236.000,1,0,15,
103227025000,227.000,1,221.000,30,220.000,29,219.000,40,218.000,10,84.000,3,230.000,30,231.000,10,234.000,51,235.000,20,236.000,1,0,15,
103228367000,227.000,1,221.000,30,220.000,29,219.000,20,218.000,10,84.000,3,230.000,30,231.000,10,234.000,31,235.000,20,236.000,1,0,15,
103228367000,227.000,1,221.000,30,220.000,49,219.000,20,218.000,10,84.000,3,230.000,30,231.000,10,234.000,31,235.000,40,236.000,1,0,15,
103228901000,227.000,1,221.000,30,220.000,49,219.000,20,218.000,10,84.000,3,230.000,30,231.000,9,234.000,31,235.000,40,236.000,1,0,15,
103229867000,227.000,1,221.000,30,220.000,29,219.000,20,218.000,10,84.000,3,230.000,30,231.000,9,234.000,31,235.000,20,236.000,1,0,15,
103229867000,227.000,1,221.000,30,220.000,29,219.000,40,218.000,10,84.000,3,230.000,30,231.000,9,234.000,51,235.000,20,236.000,1,0,15,
103230626000,227.000,1,221.000,30,220.000,29,219.000,40,218.000,10,84.000,3,230.000,30,231.000,10,234.000,51,235.000,20,236.000,1,0,15,
103230868000,227.000,1,221.000,30,220.000,29,219.000,20,218.000,10,84.000,3,230.000,30,231.000,10,234.000,31,235.000,20,236.000,1,0,15,
103230868000,227.000,1,221.000,30,220.000,49,219.000,20,218.000,10,84.000,3,230.000,30,231.000,10,234.000,31,235.000,40,236.000,1,0,15,
103232181000,227.000,1,221.000,30,220.000,29,219.000,20,218.000,10,84.000,3,230.000,30,231.000,10,234.000,31,235.000,20,236.000,1,0,15,
103232181000,227.000,1,221.000,30,220.000,29,219.000,40,218.000,10,84.000,3,230.000,30,231.000,10,234.000,51,235.000,20,236.000,1,0,15,
103234832000,227.000,1,221.000,30,220.000,29,219.000,40,218.000,10,84.000,3,230.000,30,231.000,10,234.000,50,235.000,20,236.000,1,0,15,
103237618000,227.000,1,221.000,30,220.000,29,219.000,20,218.000,10,84.000,3,230.000,30,231.000,10,234.000,30,235.000,20,236.000,1,0,15,
103237618000,227.000,1,221.000,30,220.000,49,219.000,20,218.000,10,84.000,3,230.000,30,231.000,10,234.000,30,235.000,40,236.000,1,0,15,
103237948000,227.000,1,221.000,9,220.000,49,219.000,20,218.000,10,84.000,3,230.000,9,231.000,10,234.000,30,235.000,40,236.000,1,0,15,
103237948000,227.000,1,221.000,30,220.000,49,219.000,20,218.000,10,84.000,3,230.000,9,231.000,31,234.000,30,235.000,40,236.000,1,0,15,
103237949000,227.000,1,221.000,21,220.000,49,219.000,20,218.000,10,84.000,3,230.000,9,231.000,31,234.000,30,235.000,40,236.000,1,0,15,
103237949000,227.000,1,221.000,21,220.000,49,219.000,20,218.000,10,84.000,3,231.000,31,234.000,30,235.000,40,236.000,1,320.000,1,0,15,
103237949000,227.000,1,221.000,30,220.000,49,219.000,20,218.000,10,84.000,3,231.000,31,234.000,30,235.000,40,236.000,1,320.000,1,0,15,
103239706000,227.000,1,221.000,9,220.000,49,219.000,20,218.000,10,84.000,3,231.000,10,234.000,30,235.000,40,236.000,1,320.000,1,0,15,
103239706000,227.000,1,221.000,30,220.000,49,219.000,20,218.000,10,84.000,3,231.000,10,232.000,21,234.000,30,235.000,40,236.000,1,0,15,
103239706000,227.000,1,221.000,21,220.000,49,219.000,20,218.000,10,84.000,3,231.000,10,232.000,21,234.000,30,235.000,40,236.000,1,0,15,
103239706000,227.000,1,221.000,30,220.000,49,219.000,20,218.000,10,84.000,3,231.000,10,232.000,21,234.000,30,235.000,40,236.000,1,0,15,
103241995000,227.000,1,221.000,30,220.000,29,219.000,20,218.000,10,84.000,3,231.000,10,232.000,21,234.000,30,235.000,20,236.000,1,0,15,
103241995000,227.000,1,221.000,50,220.000,29,219.000,20,218.000,10,84.000,3,231.000,10,232.000,21,234.000,30,235.000,20,236.000,21,0,15,
103242200000,227.000,1,221.000,50,220.000,29,218.000,10,84.000,3,39.000,20,231.000,10,232.000,21,234.000,10,235.000,20,236.000,21,0,15,
103242324000,227.000,1,221.000,50,220.000,29,219.000,20,218.000,10,84.000,3,231.000,10,232.000,21,234.000,30,235.000,20,236.000,21,0,15,
103243490000,227.000,1,221.000,30,220.000,29,219.000,20,218.000,10,84.000,3,231.000,10,232.000,21,234.000,30,235.000,20,236.000,1,0,15,
103243490000,227.000,1,221.000,30,220.000,49,219.000,20,218.000,10,84.000,3,231.000,10,232.000,21,234.000,30,235.000,40,236.000,1,0,15,
103243745000,227.000,1,221.000,9,220.000,49,219.000,20,218.000,10,84.000,3,231.000,10,234.000,30,235.000,40,236.000,1,320.000,1,0,15,
103243745000,227.000,1,221.000,30,220.000,49,219.000,20,218.000,10,84.000,3,231.000,31,234.000,30,235.000,40,236.000,1,320.000,1,0,15,
103243745000,227.000,1,221.000,21,220.000,49,219.000,20,218.000,10,84.000,3,231.000,31,234.000,30,235.000,40,236.000,1,320.000,1,0,15,
103244254000,227.000,1,221.000,30,220.000,49,219.000,20,218.000,10,84.000,3,231.000,31,234.000,30,235.000,40,236.000,1,320.000,1,0,15,
103244745000,227.000,1,221.000,9,220.000,49,219.000,20,218.000,10,84.000,3,231.000,10,234.000,30,235.000,40,236.000,1,320.000,1,0,15,
103244745000,227.000,1,221.000,30,220.000,49,219.000,20,218.000,10,84.000,3,231.000,10,232.000,21,234.000,30,235.000,40,236.000,1,0,15,
103244746000,227.000,1,221.000,21,220.000,49,219.000,20,218.000,10,84.000,3,231.000,10,232.000,21,234.000,30,235.000,40,236.000,1,0,15,
103245249000,227.000,1,221.000,30,220.000,49,219.000,20,218.000,10,84.000,3,231.000,10,232.000,21,234.000,30,235.000,40,236.000,1,0,15,
103247994000,227.000,1,221.000,30,220.000,29,219.000,20,218.000,10,84.000,3,231.000,10,232.000,21,234.000,30,235.000,20,236.000,1,0,15,
103247994000,227.000,1,221.000,50,220.000,29,219.000,20,218.000,10,84.000,3,231.000,10,232.000,21,234.000,30,235.000,20,236.000,21,0,15,
103248118000,227.000,1,221.000,50,220.000,29,219.000,20,84.000,3,39.000,20,231.000,10,232.000,21,234.000,30,235.000,20,236.000,21,0,15,
103248119000,227.000,1,221.000,50,220.000,39,219.000,20,84.000,3,39.000,20,231.000,10,232.000,21,234.000,30,235.000,20,236.000,21,0,15,
103249081000,227.000,1,221.000,50,220.000,39,219.000,20,84.000,3,39.000,20,231.000,10,232.000,21,234.000,20,235.000,20,236.000,21,0,15,
103249085000,227.000,1,221.000,29,220.000,39,219.000,20,84.000,3,39.000,20,231.000,10,234.000,20,235.000,20,236.000,21,320.000,1,0,15,
103249085000,227.000,1,221.000,50,220.000,39,219.000,20,84.000,3,39.000,20,231.000,10,233.000,21,234.000,20,235.000,20,236.000,21,0,15,
103249118000,227.000,1,221.000,30,220.000,39,219.000,20,84.000,3,39.000,20,231.000,10,233.000,21,234.000,20,235.000,20,236.000,1,0,15,
103249118000,227.000,1,222.000,20,221.000,30,220.000,39,219.000,20,84.000,3,231.000,10,233.000,21,234.000,20,235.000,20,236.000,1,0,15,
103249119000,227.000,1,222.000,29,221.000,30,220.000,39,219.000,20,84.000,3,231.000,10,233.000,21,234.000,20,235.000,20,236.000,1,0,15,
103249203000,227.000,1,222.000,29,221.000,30,220.000,39,219.000,20,84.000,3,231.000,10,233.000,21,234.000,20,235.000,20,236.000,11,0,15,
103249504000,227.000,1,222.000,29,221.000,30,220.000,30,219.000,20,84.000,3,231.000,10,233.000,21,234.000,20,235.000,20,236.000,11,0,15,
103250179000,227.000,1,222.000,29,221.000,9,220.000,30,219.000,20,84.000,3,231.000,10,234.000,20,235.000,20,236.000,11,237.000,20,0,15,
103250179000,227.000,1,223.000,21,222.000,29,221.000,9,220.000,30,219.000,20,231.000,10,233.000,21,234.000,20,235.000,20,236.000,11,0,15,
103250179000,227.000,1,223.000,30,222.000,29,221.000,9,220.000,30,219.000,20,231.000,10,233.000,21,234.000,20,235.000,20,236.000,11,0,15,
103250504000,227.000,1,223.000,30,222.000,29,220.000,30,219.000,20,84.000,3,231.000,10,233.000,21,234.000,20,235.000,20,236.000,11,0,15,
103252751000,227.000,1,223.000,9,222.000,29,220.000,30,219.000,20,84.000,3,231.000,10,234.000,20,235.000,20,236.000,11,237.000,20,0,15,
103252751000,227.000,1,223.000,30,222.000,29,220.000,30,219.000,20,84.000,3,231.000,10,232.000,21,234.000,20,235.000,20,236.000,11,0,15,
103252752000,227.000,1,223.000,21,222.000,29,220.000,30,219.000,20,84.000,3,231.000,10,232.000,21,234.000,20,235.000,20,236.000,11,0,15,
103252752000,227.000,1,223.000,30,222.000,29,220.000,30,219.000,20,84.000,3,231.000,10,232.000,21,234.000,20,235.000,20,236.000,11,0,15,
103252955000,227.000,1,223.000,9,222.000,29,220.000,30,219.000,20,84.000,3,231.000,10,234.000,20,235.000,20,236.000,11,237.000,20,0,15,
103252955000,227.000,1,223.000,30,222.000,29,220.000,30,219.000,20,84.000,3,231.000,10,233.000,21,234.000,20,235.000,20,236.000,11,0,15,
103252955000,227.000,1,223.000,21,222.000,29,220.000,30,219.000,20,84.000,3,231.000,10,233.000,21,234.000,20,235.000,20,236.000,11,0,15,
103252955000,227.000,1,223.000,30,222.000,29,220.000,30,219.000,20,84.000,3,231.000,10,233.000,21,234.000,20,235.000,20,236.000,11,0,15,
103253828000,227.000,1,223.000,9,222.000,29,220.000,30,219.000,20,84.000,3,231.000,10,234.000,20,235.000,20,236.000,11,237.000,20,0,15,
103253828000,227.000,1,223.000,30,222.000,29,220.000,30,219.000,20,84.000,3,231.000,10,232.000,21,234.000,20,235.000,20,236.000,11,0,15,
103253829000,227.000,1,223.000,21,222.000,29,220.000,30,219.000,20,84.000,3,231.000,10,232.000,21,234.000,20,235.000,20,236.000,11,0,15,
103253829000,227.000,1,223.000,30,222.000,29,220.000,30,219.000,20,84.000,3,231.000,10,232.000,21,234.000,20,235.000,20,236.000,11,0,15,
103255706000,227.000,1,223.000,9,222.000,29,220.000,30,219.000,20,84.000,3,231.000,10,234.000,20,235.000,20,236.000,11,237.000,20,0,15,
103255706000,227.000,1,223.000,30,222.000,29,220.000,30,219.000,20,84.000,3,231.000,10,233.000,21,234.000,20,235.000,20,236.000,11,0,15,
103256707000,227.000,1,223.000,9,222.000,29,220.000,30,219.000,20,84.000,3,231.000,10,234.000,20,235.000,20,236.000,11,237.000,20,0,15,
103256707000,227.000,1,223.000,30,222.000,29,220.000,30,219.000,20,84.000,3,231.000,10,232.000,21,234.000,20,235.000,20,236.000,11,0,15,
103257524000,227.000,1,223.000,30,222.000,29,220.000,30,84.000,3,39.000,20,231.000,10,232.000,21,235.000,20,236.000,11,237.000,20,0,15,
103257709000,227.000,1,223.000,9,222.000,29,220.000,30,84.000,3,39.000,20,231.000,10,235.000,20,236.000,11,237.000,20,320.000,1,0,15,
103257709000,227.000,1,223.000,30,222.000,29,220.000,30,84.000,3,39.000,20,231.000,10,233.000,21,235.000,20,236.000,11,237.000,20,0,15,
103257710000,227.000,1,223.000,21,222.000,29,220.000,30,84.000,3,39.000,20,231.000,10,233.000,21,235.000,20,236.000,11,237.000,20,0,15,
103257710000,227.000,1,223.000,30,222.000,29,220.000,30,84.000,3,39.000,20,231.000,10,233.000,21,235.000,20,236.000,11,237.000,20,0,15,
103257729000,227.000,1,223.000,30,222.000,29,220.000,50,84.000,3,39.000,20,231.000,10,233.000,21,235.000,40,236.000,11,237.000,20,0,15,
103259712000,227.000,1,223.000,9,222.000,29,220.000,50,84.000,3,39.000,20,231.000,10,235.000,40,236.000,11,237.000,20,320.000,1,0,15,
103259712000,227.000,1,223.000,30,222.000,29,220.000,50,84.000,3,39.000,20,231.000,10,232.000,21,235.000,40,236.000,11,237.000,20,0,15,
103259712000,227.000,1,223.000,21,222.000,29,220.000,50,84.000,3,39.000,20,231.000,10,232.000,21,235.000,40,236.000,11,237.000,20,0,15,
103259712000,227.000,1,223.000,30,222.000,29,220.000,50,84.000,3,39.000,20,231.000,10,232.000,21,235.000,40,236.000,11,237.000,20,0,15,
103300244000,227.000,1,223.000,30,222.000,9,220.000,50,84.000,3,39.000,20,231.000,10,232.000,21,235.000,40,236.000,11,320.000,1,0,15,
103300244000,227.000,1,223.000,30,222.000,9,221.000,20,220.000,50,84.000,3,231.000,10,232.000,21,235.000,40,236.000,31,320.000,1,0,15,
103303371000,227.000,1,223.000,30,222.000,9,221.000,20,220.000,30,84.000,3,231.000,10,232.000,21,235.000,20,236.000,31,320.000,1,0,15,
103303778000,227.000,1,223.000,30,222.000,9,221.000,40,220.000,30,84.000,3,231.000,10,232.000,21,235.000,20,236.000,51,320.000,1,0,15,
103312709000,227.000,1,223.000,9,222.000,9,221.000,40,220.000,30,84.000,3,231.000,10,235.000,20,236.000,51,320.000,1,364.000,1,0,15,
103312709000,227.000,1,223.000,30,222.000,9,221.000,40,220.000,30,84.000,3,231.000,10,233.000,21,235.000,20,236.000,51,320.000,1,0,15,
103312709000,227.000,1,223.000,21,222.000,9,221.000,40,220.000,30,84.000,3,231.000,10,233.000,21,235.000,20,236.000,51,320.000,1,0,15,
103312709000,227.000,1,223.000,21,222.000,9,221.000,49,220.000,30,84.000,3,231.000,10,233.000,21,235.000,20,236.000,51,320.000,1,0,15,
103312710000,227.000,1,223.000,30,222.000,9,221.000,49,220.000,30,84.000,3,231.000,10,233.000,21,235.000,20,236.000,51,320.000,1,0,15,
103313004000,227.000,1,223.000,30,222.000,9,221.000,40,220.000,30,84.000,3,231.000,10,233.000,21,235.000,20,236.000,51,320.000,1,0,15,
103313243000,227.000,1,223.000,30,222.000,9,221.000,20,220.000,30,84.000,3,231.000,10,233.000,21,235.000,20,236.000,31,320.000,1,0,15,
103313243000,227.000,1,223.000,30,222.000,29,221.000,20,220.000,30,84.000,3,231.000,10,233.000,21,235.000,20,236.000,31,237.000,20,0,15,
103315997000,227.000,1,223.000,30,222.000,29,221.000,20,220.000,20,84.000,3,231.000,10,233.000,21,235.000,20,236.000,31,237.000,20,0,15,
103315997000,227.000,1,223.000,30,222.000,39,221.000,20,220.000,20,84.000,3,231.000,10,233.000,21,235.000,20,236.000,31,237.000,20,0,15,
103316074000,227.000,1,223.000,30,222.000,39,221.000,20,84.000,3,39.000,20,231.000,10,233.000,21,236.000,31,237.000,20,320.000,1,0,15,
103316276000,227.000,1,223.000,30,222.000,59,221.000,20,84.000,3,39.000,20,231.000,10,233.000,21,236.000,31,237.000,40,320.000,1,0,15,
103323800000,227.000,1,223.000,30,222.000,59,84.000,3,39.000,20,38.500,1,231.000,10,233.000,21,236.000,11,237.000,40,320.000,1,0,15,
103323968000,227.000,1,223.000,9,222.000,59,84.000,3,39.000,20,38.500,1,231.000,10,236.000,11,237.000,40,320.000,1,364.000,1,0,15,
103323968000,227.000,1,223.000,30,222.000,59,84.000,3,39.000,20,38.500,1,231.000,10,232.000,21,236.000,11,237.000,40,320.000,1,0,15,
103324103000,227.000,1,223.000,30,222.000,59,220.000,20,84.000,3,39.000,20,231.000,10,232.000,21,235.000,20,236.000,11,237.000,40,0,15,
103324119000,227.000,1,223.000,30,222.000,39,220.000,20,84.000,3,39.000,20,231.000,10,232.000,21,235.000,20,236.000,11,237.000,20,0,15,
103324119000,227.000,1,223.000,30,222.000,39,221.000,20,220.000,20,84.000,3,231.000,10,232.000,21,235.000,20,236.000,31,237.000,20,0,15,
103327128000,227.000,1,223.000,9,222.000,39,221.000,20,220.000,20,84.000,3,231.000,10,235.000,20,236.000,31,237.000,20,320.000,1,0,15,
103327128000,227.000,1,223.000,30,222.000,39,221.000,20,220.000,20,84.000,3,231.000,10,233.000,21,235.000,20,236.000,31,237.000,20,0,15,
103327128000,227.000,1,223.000,21,222.000,39,221.000,20,220.000,20,84.000,3,231.000,10,233.000,21,235.000,20,236.000,31,237.000,20,0,15,
103327128000,227.000,1,223.000,30,222.000,39,221.000,20,220.000,20,84.000,3,231.000,10,233.000,21,235.000,20,236.000,31,237.000,20,0,15,
103327748000,227.000,1,223.000,9,222.000,39,221.000,20,220.000,20,84.000,3,231.000,10,235.000,20,236.000,31,237.000,20,320.000,1,0,15,
103327748000,227.000,1,223.000,30,222.000,39,221.000,20,220.000,20,84.000,3,231.000,10,232.000,21,235.000,20,236.000,31,237.000,20,0,15,
103327748000,227.000,1,223.000,21,222.000,39,221.000,20,220.000,20,84.000,3,231.000,10,232.000,21,235.000,20,236.000,31,237.000,20,0,15,
103327748000,227.000,1,223.000,30,222.000,39,221.000,20,220.000,20,84.000,3,231.000,10,232.000,21,235.000,20,236.000,31,237.000,20,0,15,
103328843000,227.000,1,223.000,30,222.000,19,221.000,20,220.000,20,84.000,3,231.000,10,232.000,21,235.000,20,236.000,31,320.000,1,0,15,
103328869000,227.000,1,223.000,30,222.000,19,220.000,20,84.000,3,39.000,20,231.000,10,232.000,21,235.000,20,236.000,11,320.000,1,0,15,
103328869000,227.000,1,223.000,30,222.000,19,220.000,40,84.000,3,39.000,20,231.000,10,232.000,21,235.000,40,236.000,11,320.000,1,0,15,
103329005000,227.000,1,223.000,30,222.000,19,220.000,60,84.000,3,39.000,20,231.000,10,232.000,21,235.000,60,236.000,11,320.000,1,0,15,
103329743000,227.000,1,223.000,30,222.000,19,220.000,40,84.000,3,39.000,20,231.000,10,232.000,21,235.000,40,236.000,11,320.000,1,0,15,
103329743000,227.000,1,223.000,30,222.000,19,221.000,20,220.000,40,84.000,3,231.000,10,232.000,21,235.000,40,236.000,31,320.000,1,0,15,
103330495000,227.000,1,223.000,30,222.000,19,221.000,20,220.000,20,84.000,3,231.000,10,232.000,21,235.000,20,236.000,31,320.000,1,0,15,
103331195000,227.000,1,223.000,30,222.000,19,221.000,20,220.000,40,84.000,3,231.000,10,232.000,21,235.000,40,236.000,31,320.000,1,0,15,
103334492000,227.000,1,223.000,30,222.000,19,220.000,40,84.000,3,39.000,20,231.000,10,232.000,21,235.000,40,236.000,11,320.000,1,0,15,
103334492000,227.000,1,223.000,30,222.000,39,220.000,40,84.000,3,39.000,20,231.000,10,232.000,21,235.000,40,236.000,11,237.000,20,0,15,
103334743000,227.000,1,223.000,30,222.000,19,220.000,40,84.000,3,39.000,20,231.000,10,232.000,21,235.000,40,236.000,11,320.000,1,0,15,
103334743000,227.000,1,223.000,30,222.000,19,221.000,20,220.000,40,84.000,3,231.000,10,232.000,21,235.000,40,236.000,31,320.000,1,0,15,
103334973000,227.000,1,223.000,9,222.000,19,221.000,20,220.000,40,84.000,3,231.000,10,235.000,40,236.000,31,320.000,1,364.000,1,0,15,
103334973000,227.000,1,223.000,30,222.000,19,221.000,20,220.000,40,84.000,3,231.000,10,233.000,21,235.000,40,236.000,31,320.000,1,0,15,
103334973000,227.000,1,223.000,21,222.000,19,221.000,20,220.000,40,84.000,3,231.000,10,233.000,21,235.000,40,236.000,31,320.000,1,0,15,
103334973000,227.000,1,223.000,30,222.000,19,221.000,20,220.000,40,84.000,3,231.000,10,233.000,21,235.000,40,236.000,31,320.000,1,0,15,
103335618000,227.000,1,223.000,30,222.000,19,220.000,40,84.000,3,39.000,20,231.000,10,233.000,21,235.000,40,236.000,11,320.000,1,0,15,
103335618000,227.000,1,223.000,30,222.000,39,220.000,40,84.000,3,39.000,20,231.000,10,233.000,21,235.000,40,236.000,11,237.000,20,0,15,
103337142000,227.000,1,223.000,30,222.000,39,220.000,20,84.000,3,39.000,20,231.000,10,233.000,21,235.000,20,236.000,11,237.000,20,0,15,
103337243000,227.000,1,223.000,30,222.000,19,220.000,20,84.000,3,39.000,20,231.000,10,233.000,21,235.000,20,236.000,11,320.000,1,0,15,
103337243000,227.000,1,223.000,50,222.000,19,220.000,20,84.000,3,39.000,20,231.000,10,233.000,21,235.000,20,236.000,11,238.000,20,0,15,
103337363000,227.000,1,223.000,50,222.000,39,220.000,20,84.000,3,39.000,20,231.000,10,233.000,21,235.000,20,236.000,11,237.000,20,0,15,
103337783000,227.000,1,223.000,29,222.000,39,220.000,20,84.000,3,39.000,20,231.000,10,235.000,20,236.000,11,237.000,20,238.000,20,0,15,
103337783000,227.000,1,223.000,50,222.000,39,220.000,20,84.000,3,39.000,20,231.000,10,234.000,21,235.000,20,236.000,11,237.000,20,0,15,
103339618000,227.000,1,223.000,30,222.000,39,220.000,20,84.000,3,39.000,20,231.000,10,234.000,21,235.000,20,236.000,11,237.000,20,0,15,
103339618000,227.000,1,223.000,30,222.000,59,220.000,20,84.000,3,39.000,20,231.000,10,234.000,21,235.000,20,236.000,11,237.000,40,0,15,
103339975000,227.000,1,223.000,9,222.000,59,220.000,20,84.000,3,39.000,20,231.000,10,235.000,20,236.000,11,237.000,40,320.000,1,0,15,
103339975000,227.000,1,223.000,30,222.000,59,220.000,20,84.000,3,39.000,20,231.000,10,233.000,21,235.000,20,236.000,11,237.000,40,0,15,
103339975000,227.000,1,223.000,21,222.000,59,220.000,20,84.000,3,39.000,20,231.000,10,233.000,21,235.000,20,236.000,11,237.000,40,0,15,
103339975000,227.000,1,223.000,30,222.000,59,220.000,20,84.000,3,39.000,20,231.000,10,233.000,21,235.000,20,236.000,11,237.000,40,0,15,
103340243000,227.000,1,223.000,30,222.000,39,220.000,20,84.000,3,39.000,20,231.000,10,233.000,21,235.000,20,236.000,11,237.000,20,0,15,
103340243000,227.000,1,223.000,50,222.000,39,220.000,20,84.000,3,39.000,20,231.000,10,233.000,21,235.000,20,236.000,11,237.000,20,0,15,
103341285000,227.000,1,223.000,50,222.000,39,84.000,3,39.000,20,38.500,1,231.000,10,233.000,21,236.000,11,237.000,20,238.000,20,0,15,
103342299000,227.000,1,223.000,50,222.000,39,221.000,20,84.000,3,39.000,20,231.000,10,233.000,21,236.000,31,237.000,20,238.000,20,0,15,
103343618000,227.000,1,223.000,30,222.000,39,221.000,20,84.000,3,39.000,20,231.000,10,233.000,21,236.000,31,237.000,20,320.000,1,0,15,
103343618000,227.000,1,223.000,30,222.000,59,221.000,20,84.000,3,39.000,20,231.000,10,233.000,21,236.000,31,237.000,40,320.000,1,0,15,
103347869000,227.000,1,223.000,30,222.000,39,221.000,20,84.000,3,39.000,20,231.000,10,233.000,21,236.000,31,237.000,20,320.000,1,0,15,
103347869000,227.000,1,223.000,30,222.000,39,221.000,40,84.000,3,39.000,20,231.000,10,233.000,21,236.000,51,237.000,20,320.000,1,0,15,
103347978000,227.000,1,223.000,9,222.000,39,221.000,40,84.000,3,39.000,20,231.000,10,236.000,51,237.000,20,320.000,1,364.000,1,0,15,
103347978000,227.000,1,223.000,30,222.000,39,221.000,40,84.000,3,39.000,20,231.000,10,232.000,21,236.000,51,237.000,20,320.000,1,0,15,
103347979000,227.000,1,223.000,21,222.000,39,221.000,40,84.000,3,39.000,20,231.000,10,232.000,21,236.000,51,237.000,20,320.000,1,0,15,
103347979000,227.000,1,223.000,30,222.000,39,221.000,40,84.000,3,39.000,20,231.000,10,232.000,21,236.000,51,237.000,20,320.000,1,0,15,
103350737000,227.000,1,223.000,9,222.000,39,221.000,40,84.000,3,39.000,20,231.000,10,236.000,51,237.000,20,320.000,1,364.000,1,0,15,
103350737000,227.000,1,223.000,30,222.000,39,221.000,40,84.000,3,39.000,20,231.000,10,233.000,21,236.000,51,237.000,20,320.000,1,0,15,
103350737000,227.000,1,223.000,21,222.000,39,221.000,40,84.000,3,39.000,20,231.000,10,233.000,21,236.000,51,237.000,20,320.000,1,0,15,
103350737000,227.000,1,223.000,30,222.000,39,221.000,40,84.000,3,39.000,20,231.000,10,233.000,21,236.000,51,237.000,20,320.000,1,0,15,
103351249000,227.000,1,223.000,30,222.000,39,221.000,20,84.000,3,39.000,20,231.000,10,233.000,21,236.000,31,237.000,20,320.000,1,0,15,
103351738000,227.000,1,223.000,9,222.000,39,221.000,20,84.000,3,39.000,20,231.000,10,236.000,31,237.000,20,320.000,1,364.000,1,0,15,
103351738000,227.000,1,223.000,30,222.000,39,221.000,20,84.000,3,39.000,20,231.000,10,232.000,21,236.000,31,237.000,20,320.000,1,0,15,
103352373000,227.000,1,223.000,30,222.000,39,221.000,20,220.000,20,84.000,3,231.000,10,232.000,21,235.000,20,236.000,31,237.000,20,0,15,
103352981000,227.000,1,223.000,30,222.000,19,221.000,20,220.000,20,84.000,3,231.000,10,232.000,21,235.000,20,236.000,31,320.000,1,0,15,
103352994000,227.000,1,223.000,30,222.000,19,220.000,20,84.000,3,39.000,20,231.000,10,232.000,21,235.000,20,236.000,11,320.000,1,0,15,
103352994000,227.000,1,223.000,30,222.000,19,220.000,40,84.000,3,39.000,20,231.000,10,232.000,21,235.000,40,236.000,11,320.000,1,0,15,
103353005000,227.000,1,223.000,30,222.000,19,220.000,60,84.000,3,39.000,20,231.000,10,232.000,21,235.000,60,236.000,11,320.000,1,0,15,
103353997000,227.000,1,223.000,30,222.000,9,220.000,60,84.000,3,39.000,20,231.000,10,232.000,21,235.000,60,236.000,11,320.000,1,0,15,
103353997000,227.000,1,223.000,30,222.000,9,220.000,70,84.000,3,39.000,20,231.000,10,232.000,21,235.000,60,236.000,11,320.000,1,0,15,
103354077000,227.000,1,223.000,9,222.000,9,220.000,70,84.000,3,39.000,20,231.000,10,235.000,60,236.000,11,320.000,1,364.000,1,0,15,
103354077000,227.000,1,223.000,30,222.000,9,220.000,70,84.000,3,39.000,20,231.000,31,235.000,60,236.000,11,320.000,1,364.000,1,0,15,
103354077000,227.000,1,223.000,30,222.000,9,220.000,79,84.000,3,39.000,20,231.000,31,235.000,60,236.000,11,320.000,1,364.000,1,0,15,
103354077000,227.000,1,223.000,21,222.000,9,220.000,79,84.000,3,39.000,20,231.000,31,235.000,60,236.000,11,320.000,1,364.000,1,0,15,
103354077000,227.000,1,223.000,30,222.000,9,220.000,79,84.000,3,39.000,20,231.000,31,235.000,60,236.000,11,320.000,1,364.000,1,0,15,
103354504000,227.000,1,223.000,30,222.000,9,220.000,70,84.000,3,39.000,20,231.000,31,235.000,60,236.000,11,320.000,1,364.000,1,0,15,
103357373000,227.000,1,223.000,30,222.000,9,220.000,50,84.000,3,39.000,20,231.000,31,235.000,40,236.000,11,320.000,1,364.000,1,0,15,
103357424000,227.000,1,223.000,30,222.000,9,220.000,70,84.000,3,39.000,20,231.000,31,235.000,60,236.000,11,320.000,1,364.000,1,0,15,
103401367000,227.000,1,223.000,30,222.000,9,220.000,50,84.000,3,39.000,20,231.000,31,235.000,40,236.000,11,320.000,1,364.000,1,0,15,
103401367000,227.000,1,223.000,30,222.000,9,220.000,50,219.000,20,84.000,3,231.000,31,234.000,20,235.000,40,236.000,11,320.000,1,0,15,
103402636000,227.000,1,223.000,30,222.000,9,220.000,50,219.000,20,84.000,3,231.000,31,234.000,20,235.000,40,236.000,1,320.000,1,0,15,
103402638000,227.000,1,223.000,30,222.000,9,220.000,50,219.000,20,84.000,3,231.000,31,234.000,30,235.000,40,236.000,1,320.000,1,0,15,
103403369000,227.000,1,223.000,30,222.000,9,220.000,50,84.000,3,39.000,20,231.000,31,234.000,10,235.000,40,236.000,1,320.000,1,0,15,
103403369000,227.000,1,223.000,30,222.000,9,220.000,50,218.000,20,84.000,3,231.000,31,233.000,20,234.000,10,235.000,40,236.000,1,0,15,
103403763000,227.000,1,223.000,9,222.000,9,220.000,50,218.000,20,84.000,3,231.000,10,233.000,20,234.000,10,235.000,40,236.000,1,0,15,
103403763000,227.000,1,223.000,9,222.000,30,220.000,50,218.000,20,84.000,3,230.000,21,231.000,10,233.000,20,234.000,10,235.000,40,0,15,
103403763000,227.000,1,222.000,30,220.000,50,218.000,20,84.000,3,39.000,20,230.000,21,231.000,10,233.000,20,234.000,10,235.000,40,0,15,
103403763000,227.000,1,222.000,30,220.000,59,218.000,20,84.000,3,39.000,20,230.000,21,231.000,10,233.000,20,234.000,10,235.000,40,0,15,
103403763000,227.000,1,222.000,30,220.000,59,218.000,20,84.000,3,39.000,20,230.000,30,231.000,10,233.000,20,234.000,10,235.000,40,0,15,
103404742000,227.000,1,222.000,30,220.000,59,84.000,3,39.000,20,38.500,1,230.000,30,231.000,10,234.000,10,235.000,40,236.000,1,0,15,
103404743000,227.000,1,222.000,30,220.000,59,219.000,20,84.000,3,39.000,20,230.000,30,231.000,10,234.000,30,235.000,40,236.000,1,0,15,
103410747000,227.000,1,222.000,9,220.000,59,219.000,20,84.000,3,39.000,20,230.000,9,231.000,10,234.000,30,235.000,40,236.000,1,0,15,
103410747000,227.000,1,223.000,21,222.000,9,220.000,59,219.000,20,84.000,3,230.000,9,231.000,31,234.000,30,235.000,40,236.000,1,0,15,
103410747000,227.000,1,223.000,21,220.000,59,219.000,20,84.000,3,39.000,20,230.000,9,231.000,31,234.000,30,235.000,40,236.000,1,0,15,
103410747000,227.000,1,223.000,21,220.000,59,219.000,20,84.000,3,39.000,20,231.000,31,234.000,30,235.000,40,236.000,1,320.000,1,0,15,
103410747000,227.000,1,223.000,30,220.000,59,219.000,20,84.000,3,39.000,20,231.000,31,234.000,30,235.000,40,236.000,1,320.000,1,0,15,
103417500000,227.000,1,223.000,30,220.000,39,219.000,20,84.000,3,39.000,20,231.000,31,234.000,30,235.000,20,236.000,1,320.000,1,0,15,
103417650000,227.000,1,223.000,30,220.000,39,219.000,40,84.000,3,39.000,20,231.000,31,234.000,50,235.000,20,236.000,1,320.000,1,0,15,
103420367000,227.000,1,223.000,30,220.000,39,219.000,20,84.000,3,39.000,20,231.000,31,234.000,30,235.000,20,236.000,1,320.000,1,0,15,
103420367000,227.000,1,223.000,30,220.000,59,219.000,20,84.000,3,39.000,20,231.000,31,234.000,30,235.000,40,236.000,1,320.000,1,0,15,
103420561000,227.000,1,223.000,30,220.000,59,84.000,3,39.000,20,38.500,1,231.000,31,234.000,10,235.000,40,236.000,1,320.000,1,0,15,
103420687000,227.000,1,223.000,30,220.000,79,84.000,3,39.000,20,38.500,1,231.000,31,234.000,10,235.000,60,236.000,1,320.000,1,0,15,
103426368000,227.000,1,223.000,30,220.000,59,84.000,3,39.000,20,38.500,1,231.000,31,234.000,10,235.000,40,236.000,1,320.000,1,0,15,
103426368000,227.000,1,223.000,30,220.000,59,219.000,20,84.000,3,39.000,20,231.000,31,234.000,30,235.000,40,236.000,1,320.000,1,0,15,
103426997000,227.000,1,223.000,30,220.000,39,219.000,20,84.000,3,39.000,20,231.000,31,234.000,30,235.000,20,236.000,1,320.000,1,0,15,
103426997000,227.000,1,223.000,9,220.000,39,219.000,20,84.000,3,39.000,20,231.000,10,234.000,30,235.000,20,236.000,1,320.000,1,0,15,
103426997000,227.000,1,223.000,9,222.000,21,220.000,39,219.000,20,84.000,3,230.000,21,231.000,10,234.000,30,235.000,20,236.000,1,0,15,
103426998000,227.000,1,222.000,21,220.000,39,219.000,20,84.000,3,39.000,20,230.000,21,231.000,10,234.000,30,235.000,20,236.000,1,0,15,
103426998000,227.000,1,222.000,21,220.000,39,219.000,20,84.000,3,39.000,20,230.000,30,231.000,10,234.000,30,235.000,20,236.000,1,0,15,
103426998000,227.000,1,222.000,30,220.000,39,219.000,20,84.000,3,39.000,20,230.000,30,231.000,10,234.000,30,235.000,20,236.000,1,0,15,
103427173000,227.000,1,222.000,30,220.000,39,219.000,40,84.000,3,39.000,20,230.000,30,231.000,10,234.000,50,235.000,20,236.000,1,0,15,
103431823000,227.000,1,222.000,30,220.000,29,219.000,40,84.000,3,39.000,20,230.000,30,231.000,10,234.000,50,235.000,20,236.000,1,0,15,
103431825000,227.000,1,222.000,30,220.000,29,219.000,20,84.000,3,39.000,20,230.000,30,231.000,10,234.000,30,235.000,20,236.000,1,0,15,
103431825000,227.000,1,222.000,30,220.000,29,219.000,20,218.000,20,84.000,3,230.000,30,231.000,10,233.000,20,234.000,30,235.000,20,0,15,
103431827000,227.000,1,222.000,30,220.000,9,219.000,20,218.000,20,84.000,3,230.000,30,231.000,10,233.000,20,234.000,30,236.000,1,0,15,
103431828000,227.000,1,222.000,9,220.000,9,219.000,20,218.000,20,84.000,3,230.000,9,231.000,10,233.000,20,234.000,30,236.000,1,0,15,
103431828000,227.000,1,222.000,9,221.000,21,220.000,9,219.000,20,218.000,20,230.000,30,231.000,10,233.000,20,234.000,30,236.000,1,0,15,
103431830000,227.000,1,221.000,21,220.000,9,219.000,20,218.000,20,84.000,3,230.000,30,231.000,10,233.000,20,234.000,30,236.000,1,0,15,
103431830000,227.000,1,221.000,21,220.000,9,219.000,20,218.000,20,84.000,3,230.000,21,231.000,10,233.000,20,234.000,30,236.000,1,0,15,
103431861000,227.000,1,221.000,21,220.000,9,218.000,20,84.000,3,39.000,20,230.000,21,231.000,10,233.000,20,234.000,10,236.000,1,0,15,
103431870000,227.000,1,221.000,21,220.000,9,84.000,3,39.000,20,38.500,1,230.000,21,231.000,10,234.000,10,236.000,1,320.000,1,0,15,
103431870000,227.000,1,221.000,21,220.000,9,217.000,20,84.000,3,39.000,20,230.000,21,231.000,10,232.000,20,234.000,10,236.000,1,0,15,
103431928000,227.000,1,221.000,21,220.000,9,218.000,10,217.000,20,84.000,3,230.000,21,231.000,10,232.000,20,234.000,10,236.000,1,0,15,
103432005000,227.000,1,221.000,21,220.000,9,218.000,30,217.000,20,84.000,3,230.000,21,231.000,10,232.000,20,233.000,20,234.000,10,0,15,
103432207000,227.000,1,221.000,21,220.000,9,218.000,30,217.000,20,84.000,3,230.000,30,231.000,10,232.000,20,233.000,20,234.000,10,0,15,
103432207000,227.000,1,221.000,30,220.000,9,218.000,30,217.000,20,84.000,3,230.000,30,231.000,10,232.000,20,233.000,20,234.000,10,0,15,
103432244000,227.000,1,221.000,30,220.000,9,218.000,30,84.000,3,39.000,20,230.000,30,231.000,10,233.000,20,234.000,10,236.000,1,0,15,
103432244000,227.000,1,221.000,30,220.000,9,218.000,30,216.000,20,84.000,3,230.000,30,231.000,30,233.000,20,234.000,10,236.000,1,0,15,
103432742000,227.000,1,221.000,30,220.000,9,218.000,30,84.000,3,39.000,20,230.000,30,231.000,10,233.000,20,234.000,10,236.000,1,0,15,
103432742000,227.000,1,221.000,30,220.000,9,218.000,30,217.000,20,84.000,3,230.000,30,231.000,10,232.000,20,233.000,20,234.000,10,0,15,
103434243000,227.000,1,221.000,30,220.000,9,218.000,30,84.000,3,39.000,20,230.000,30,231.000,10,233.000,20,234.000,10,236.000,1,0,15,
103434243000,227.000,1,221.000,30,220.000,9,218.000,50,84.000,3,39.000,20,230.000,30,231.000,10,233.000,40,234.000,10,236.000,1,0,15,
103434368000,227.000,1,221.000,30,220.000,9,218.000,30,84.000,3,39.000,20,230.000,30,231.000,10,233.000,20,234.000,10,236.000,1,0,15,
103434368000,227.000,1,221.000,30,220.000,9,218.000,30,217.000,20,84.000,3,230.000,30,231.000,10,232.000,20,233.000,20,234.000,10,0,15,
103438806000,227.000,1,221.000,30,220.000,9,219.000,20,218.000,30,217.000,20,230.000,30,231.000,10,232.000,20,233.000,20,234.000,30,0,15,
103439416000,227.000,1,221.000,30,220.000,9,219.000,20,218.000,30,217.000,20,230.000,30,231.000,10,232.000,20,233.000,20,234.000,20,0,15,
103439417000,227.000,1,221.000,30,220.000,9,219.000,20,218.000,30,217.000,20,230.000,30,231.000,10,232.000,30,233.000,20,234.000,20,0,15,
103447765000,227.000,1,221.000,9,220.000,9,219.000,20,218.000,30,217.000,20,230.000,9,231.000,10,232.000,30,233.000,20,234.000,20,0,15,
103447765000,227.000,1,221.000,9,220.000,30,219.000,20,218.000,30,217.000,20,230.000,30,231.000,10,232.000,30,233.000,20,234.000,20,0,15,
103447765000,227.000,1,221.000,9,220.000,30,219.000,20,218.000,30,217.000,20,230.000,21,231.000,10,232.000,30,233.000,20,234.000,20,0,15,
103447765000,227.000,1,221.000,9,220.000,30,219.000,29,218.000,30,217.000,20,230.000,21,231.000,10,232.000,30,233.000,20,234.000,20,0,15,
103447765000,227.000,1,220.000,30,219.000,29,218.000,30,217.000,20,84.000,3,230.000,21,231.000,10,232.000,30,233.000,20,234.000,20,0,15,
103447765000,227.000,1,220.000,30,219.000,29,218.000,30,217.000,20,84.000,3,230.000,30,231.000,10,232.000,30,233.000,20,234.000,20,0,15,
103449776000,227.000,1,220.000,9,219.000,29,218.000,30,217.000,20,84.000,3,230.000,9,231.000,10,232.000,30,233.000,20,234.000,20,0,15,
103449776000,227.000,1,221.000,21,220.000,9,219.000,29,218.000,30,217.000,20,230.000,30,231.000,10,232.000,30,233.000,20,234.000,20,0,15,
103449777000,227.000,1,221.000,30,220.000,9,219.000,29,218.000,30,217.000,20,230.000,30,231.000,10,232.000,30,233.000,20,234.000,20,0,15,
103450005000,227.000,1,221.000,30,220.000,9,219.000,20,218.000,30,217.000,20,230.000,30,231.000,10,232.000,30,233.000,20,234.000,20,0,15,
103451618000,227.000,1,221.000,30,220.000,9,219.000,20,218.000,30,84.000,3,230.000,30,231.000,10,232.000,10,233.000,20,234.000,20,0,15,
103451618000,227.000,1,221.000,30,220.000,9,219.000,20,218.000,50,84.000,3,230.000,30,231.000,10,232.000,10,233.000,40,234.000,20,0,15,
103458900000,227.000,1,221.000,30,220.000,9,218.000,50,84.000,3,39.000,20,230.000,30,231.000,10,232.000,10,233.000,40,236.000,1,0,15,
103459057000,227.000,1,221.000,30,220.000,9,219.000,20,218.000,50,84.000,3,230.000,30,231.000,10,232.000,10,233.000,40,234.000,20,0,15,
103459743000,227.000,1,221.000,30,220.000,9,219.000,20,218.000,30,84.000,3,230.000,30,231.000,10,232.000,10,233.000,20,234.000,20,0,15,
103459743000,227.000,1,221.000,30,220.000,9,219.000,20,218.000,30,217.000,20,230.000,30,231.000,10,232.000,30,233.000,20,234.000,20,0,15,
103500910000,227.000,1,221.000,30,220.000,9,219.000,20,218.000,30,84.000,3,230.000,30,231.000,10,232.000,10,233.000,20,234.000,20,0,15,
103500910000,227.000,1,221.000,30,220.000,9,219.000,20,218.000,50,84.000,3,230.000,30,231.000,10,232.000,10,233.000,40,234.000,20,0,15,
103502119000,227.000,1,221.000,30,220.000,9,219.000,20,218.000,30,84.000,3,230.000,30,231.000,10,232.000,10,233.000,20,234.000,20,0,15,
103502119000,227.000,1,221.000,30,220.000,9,219.000,40,218.000,30,84.000,3,230.000,30,231.000,10,232.000,10,233.000,20,234.000,40,0,15,
103504785000,227.000,1,221.000,30,220.000,9,219.000,20,218.000,30,84.000,3,230.000,30,231.000,10,232.000,10,233.000,20,234.000,20,0,15,
103505122000,227.000,1,221.000,30,220.000,9,219.000,40,218.000,30,84.000,3,230.000,30,231.000,10,232.000,10,233.000,20,234.000,40,0,15,
103507932000,227.000,1,221.000,30,220.000,9,219.000,40,218.000,30,84.000,3,230.000,30,231.000,10,233.000,20,234.000,40,236.000,1,0,15,
103507993000,227.000,1,221.000,30,220.000,9,219.000,20,218.000,30,84.000,3,230.000,30,231.000,10,233.000,20,234.000,20,236.000,1,0,15,
103507993000,227.000,1,221.000,30,220.000,29,219.000,20,218.000,30,84.000,3,230.000,30,231.000,10,233.000,20,234.000,20,235.000,20,0,15,
103508012000,227.000,1,221.000,9,220.000,29,219.000,20,218.000,30,84.000,3,230.000,9,231.000,10,233.000,20,234.000,20,235.000,20,0,15,
103508012000,227.000,1,221.000,30,220.000,29,219.000,20,218.000,30,84.000,3,230.000,9,231.000,31,233.000,20,234.000,20,235.000,20,0,15,
103508013000,227.000,1,221.000,30,220.000,29,219.000,20,218.000,30,84.000,3,231.000,31,233.000,20,234.000,20,235.000,20,236.000,1,0,15,
103508055000,227.000,1,221.000,30,220.000,29,219.000,20,218.000,30,84.000,3,231.000,31,233.000,20,234.000,30,235.000,20,236.000,1,0,15,
103508344000,227.000,1,221.000,30,220.000,29,219.000,20,218.000,10,84.000,3,231.000,31,234.000,30,235.000,20,236.000,1,320.000,1,0,15,
103508344000,227.000,1,221.000,30,220.000,49,219.000,20,218.000,10,84.000,3,231.000,31,234.000,30,235.000,40,236.000,1,320.000,1,0,15,
103509005000,227.000,1,221.000,30,220.000,49,218.000,10,84.000,3,39.000,20,231.000,31,234.000,10,235.000,40,236.000,1,320.000,1,0,15,
103509187000,227.000,1,221.000,30,220.000,69,218.000,10,84.000,3,39.000,20,231.000,31,234.000,10,235.000,60,236.000,1,320.000,1,0,15,
103509220000,227.000,1,221.000,30,220.000,69,84.000,3,39.000,20,38.500,1,231.000,31,234.000,10,235.000,60,236.000,1,320.000,1,0,15,
103509221000,227.000,1,221.000,30,220.000,79,84.000,3,39.000,20,38.500,1,231.000,31,234.000,10,235.000,60,236.000,1,320.000,1,0,15,
103510244000,227.000,1,221.000,30,220.000,59,84.000,3,39.000,20,38.500,1,231.000,31,234.000,10,235.000,40,236.000,1,320.000,1,0,15,
103510244000,227.000,1,221.000,50,220.000,59,84.000,3,39.000,20,38.500,1,231.000,31,234.000,10,235.000,40,236.000,21,320.000,1,0,15,
103510777000,227.000,1,221.000,29,220.000,59,84.000,3,39.000,20,38.500,1,231.000,10,234.000,10,235.000,40,236.000,21,320.000,1,0,15,
103510777000,227.000,1,221.000,50,220.000,59,84.000,3,39.000,20,38.500,1,231.000,10,232.000,21,234.000,10,235.000,40,236.000,21,0,15,
103512798000,227.000,1,221.000,50,220.000,39,84.000,3,39.000,20,38.500,1,231.000,10,232.000,21,234.000,10,235.000,20,236.000,21,0,15,
103513119000,227.000,1,221.000,30,220.000,39,84.000,3,39.000,20,38.500,1,231.000,10,232.000,21,234.000,10,235.000,20,236.000,1,0,15,
103513119000,227.000,1,222.000,20,221.000,30,220.000,39,84.000,3,39.000,20,231.000,10,232.000,21,234.000,10,235.000,20,236.000,1,0,15,
103513119000,227.000,1,222.000,29,221.000,30,220.000,39,84.000,3,39.000,20,231.000,10,232.000,21,234.000,10,235.000,20,236.000,1,0,15,
103513504000,227.000,1,222.000,29,221.000,30,220.000,30,84.000,3,39.000,20,231.000,10,232.000,21,234.000,10,235.000,20,236.000,1,0,15,
103513791000,227.000,1,222.000,29,221.000,9,220.000,30,84.000,3,39.000,20,231.000,10,234.000,10,235.000,20,236.000,1,237.000,20,0,15,
103513791000,227.000,1,223.000,21,222.000,29,221.000,9,220.000,30,84.000,3,231.000,10,232.000,21,234.000,10,235.000,20,236.000,1,0,15,
103513791000,227.000,1,223.000,30,222.000,29,221.000,9,220.000,30,84.000,3,231.000,10,232.000,21,234.000,10,235.000,20,236.000,1,0,15,
103513880000,227.000,1,223.000,30,222.000,29,221.000,9,220.000,50,84.000,3,231.000,10,232.000,21,234.000,10,235.000,40,236.000,1,0,15,
103513993000,227.000,1,223.000,30,222.000,9,221.000,9,220.000,50,84.000,3,231.000,10,232.000,21,234.000,10,235.000,40,236.000,1,0,15,
103513993000,227.000,1,223.000,30,222.000,9,221.000,29,220.000,50,84.000,3,231.000,10,232.000,21,234.000,10,235.000,40,236.000,21,0,15,
103514005000,227.000,1,223.000,30,222.000,9,221.000,20,220.000,50,84.000,3,231.000,10,232.000,21,234.000,10,235.000,40,236.000,21,0,15,
103516618000,227.000,1,223.000,30,222.000,9,220.000,50,84.000,3,39.000,20,231.000,10,232.000,21,234.000,10,235.000,40,236.000,1,0,15,
103516618000,227.000,1,223.000,30,222.000,9,220.000,70,84.000,3,39.000,20,231.000,10,232.000,21,234.000,10,235.000,60,236.000,1,0,15,
103522178000,227.000,1,223.000,30,222.000,9,220.000,50,84.000,3,39.000,20,231.000,10,232.000,21,234.000,10,235.000,40,236.000,1,0,15,
103522178000,227.000,1,223.000,30,222.000,9,221.000,20,220.000,50,84.000,3,231.000,10,232.000,21,234.000,10,235.000,40,236.000,21,0,15,
103523292000,227.000,1,223.000,30,222.000,9,221.000,20,220.000,50,84.000,3,231.000,10,232.000,21,235.000,40,236.000,21,320.000,1,0,15,
103523415000,227.000,1,223.000,30,222.000,9,221.000,20,220.000,50,84.000,3,231.000,10,232.000,21,235.000,40,236.000,31,320.000,1,0,15,
103523643000,227.000,1,223.000,30,222.000,9,220.000,50,84.000,3,39.000,20,231.000,10,232.000,21,235.000,40,236.000,11,320.000,1,0,15,
103523643000,227.000,1,223.000,30,222.000,29,220.000,50,84.000,3,39.000,20,231.000,10,232.000,21,235.000,40,236.000,11,237.000,20,0,15,
103523880000,227.000,1,223.000,9,222.000,29,220.000,50,84.000,3,39.000,20,231.000,10,235.000,40,236.000,11,237.000,20,320.000,1,0,15,
103523880000,227.000,1,223.000,30,222.000,29,220.000,50,84.000,3,39.000,20,231.000,10,233.000,21,235.000,40,236.000,11,237.000,20,0,15,
103523881000,227.000,1,223.000,21,222.000,29,220.000,50,84.000,3,39.000,20,231.000,10,233.000,21,235.000,40,236.000,11,237.000,20,0,15,
103523888000,227.000,1,223.000,21,222.000,29,220.000,30,84.000,3,39.000,20,231.000,10,233.000,21,235.000,20,236.000,11,237.000,20,0,15,
103524013000,227.000,1,223.000,21,222.000,29,220.000,50,84.000,3,39.000,20,231.000,10,233.000,21,235.000,40,236.000,11,237.000,20,0,15,
103524354000,227.000,1,223.000,30,222.000,29,220.000,50,84.000,3,39.000,20,231.000,10,233.000,21,235.000,40,236.000,11,237.000,20,0,15,
103525043000,227.000,1,223.000,30,222.000,29,220.000,30,84.000,3,39.000,20,231.000,10,233.000,21,235.000,20,236.000,11,237.000,20,0,15,
103525371000,227.000,1,223.000,30,222.000,49,220.000,30,84.000,3,39.000,20,231.000,10,233.000,21,235.000,20,236.000,11,237.000,40,0,15,
103529803000,227.000,1,223.000,9,222.000,49,220.000,30,84.000,3,39.000,20,231.000,10,235.000,20,236.000,11,237.000,40,320.000,1,0,15,
103529803000,227.000,1,223.000,30,222.000,49,220.000,30,84.000,3,39.000,20,231.000,10,232.000,21,235.000,20,236.000,11,237.000,40,0,15,
103530817000,227.000,1,223.000,9,222.000,49,220.000,30,84.000,3,39.000,20,231.000,10,235.000,20,236.000,11,237.000,40,320.000,1,0,15,
103530817000,227.000,1,223.000,30,222.000,49,220.000,30,84.000,3,39.000,20,231.000,10,233.000,21,235.000,20,236.000,11,237.000,40,0,15,
103530817000,227.000,1,223.000,21,222.000,49,220.000,30,84.000,3,39.000,20,231.000,10,233.000,21,235.000,20,236.000,11,237.000,40,0,15,
103531313000,227.000,1,223.000,30,222.000,49,220.000,30,84.000,3,39.000,20,231.000,10,233.000,21,235.000,20,236.000,11,237.000,40,0,15,
103531760000,227.000,1,223.000,30,222.000,49,220.000,10,84.000,3,39.000,20,231.000,10,233.000,21,236.000,11,237.000,40,320.000,1,0,15,
103531760000,227.000,1,223.000,30,222.000,49,84.000,3,39.000,20,38.500,1,231.000,10,233.000,21,236.000,11,237.000,40,320.000,1,0,15,
103531761000,227.000,1,223.000,30,222.000,59,84.000,3,39.000,20,38.500,1,231.000,10,233.000,21,236.000,11,237.000,40,320.000,1,0,15,
103531993000,227.000,1,223.000,30,222.000,39,84.000,3,39.000,20,38.500,1,231.000,10,233.000,21,236.000,11,237.000,20,320.000,1,0,15,
103531993000,227.000,1,223.000,50,222.000,39,84.000,3,39.000,20,38.500,1,231.000,10,233.000,21,236.000,11,237.000,20,238.000,20,0,15,
103532048000,227.000,1,223.000,50,222.000,39,221.000,20,84.000,3,39.000,20,231.000,10,233.000,21,236.000,31,237.000,20,238.000,20,0,15,
103532118000,227.000,1,223.000,30,222.000,39,221.000,20,84.000,3,39.000,20,231.000,10,233.000,21,236.000,31,237.000,20,320.000,1,0,15,
103532118000,227.000,1,223.000,30,222.000,59,221.000,20,84.000,3,39.000,20,231.000,10,233.000,21,236.000,31,237.000,40,320.000,1,0,15,
103533986000,227.000,1,223.000,30,222.000,39,221.000,20,84.000,3,39.000,20,231.000,10,233.000,21,236.000,31,237.000,20,320.000,1,0,15,
103533986000,227.000,1,223.000,50,222.000,39,221.000,20,84.000,3,39.000,20,231.000,10,233.000,21,236.000,31,237.000,20,238.000,20,0,15,
103533988000,227.000,1,223.000,50,222.000,39,221.000,20,84.000,3,39.000,20,231.000,1,233.000,21,236.000,31,237.000,20,238.000,20,0,15,
103533989000,227.000,1,223.000,29,222.000,39,221.000,20,84.000,3,39.000,20,231.000,1,236.000,31,237.000,20,238.000,20,320.000,1,0,15,
103533989000,227.000,1,223.000,50,222.000,39,221.000,20,84.000,3,39.000,20,231.000,1,234.000,21,236.000,31,237.000,20,238.000,20,0,15,
103533990000,227.000,1,223.000,50,222.000,39,221.000,20,84.000,3,39.000,20,231.000,1,234.000,21,236.000,21,237.000,20,238.000,20,0,15,
103534006000,227.000,1,223.000,30,222.000,39,221.000,20,84.000,3,39.000,20,231.000,1,234.000,21,236.000,21,237.000,20,320.000,1,0,15,
103534006000,227.000,1,224.000,20,223.000,30,222.000,39,221.000,20,84.000,3,231.000,1,234.000,21,236.000,21,237.000,20,239.000,20,0,15,
103534347000,227.000,1,224.000,29,223.000,30,222.000,39,221.000,20,84.000,3,231.000,1,234.000,21,236.000,21,237.000,20,239.000,20,0,15,
103534347000,227.000,1,224.000,29,223.000,30,222.000,39,221.000,20,84.000,3,231.000,1,232.000,8,234.000,21,236.000,21,237.000,20,0,15,
103534504000,227.000,1,224.000,29,223.000,30,222.000,30,221.000,20,84.000,3,231.000,1,232.000,8,234.000,21,236.000,21,237.000,20,0,15,
103535074000,227.000,1,224.000,29,223.000,9,222.000,30,221.000,20,84.000,3,231.000,1,232.000,8,236.000,21,237.000,20,239.000,20,0,15,
103535074000,227.000,1,225.000,21,224.000,29,223.000,9,222.000,30,221.000,20,231.000,1,232.000,8,234.000,21,236.000,21,237.000,20,0,15,
103535074000,227.000,1,225.000,21,224.000,29,223.000,9,222.000,30,221.000,20,231.000,7,232.000,8,234.000,21,236.000,21,237.000,20,0,15,
103535074000,227.000,1,225.000,30,224.000,29,223.000,9,222.000,30,221.000,20,231.000,7,232.000,8,234.000,21,236.000,21,237.000,20,0,15,
103535493000,227.000,1,225.000,30,224.000,9,223.000,9,222.000,30,221.000,20,231.000,7,232.000,8,234.000,21,236.000,21,237.000,20,0,15,
103535493000,227.000,1,225.000,30,224.000,9,223.000,29,222.000,30,221.000,20,231.000,7,232.000,8,234.000,21,236.000,21,237.000,20,0,15,
103535504000,227.000,1,225.000,30,224.000,9,223.000,20,222.000,30,221.000,20,231.000,7,232.000,8,234.000,21,236.000,21,237.000,20,0,15,
103536117000,227.000,1,225.000,30,224.000,9,222.000,30,221.000,20,84.000,3,231.000,7,232.000,8,234.000,21,236.000,21,237.000,20,0,15,
103536117000,227.000,1,225.000,30,224.000,29,222.000,30,221.000,20,84.000,3,231.000,7,232.000,8,234.000,21,236.000,21,237.000,20,0,15,
103536714000,227.000,1,225.000,30,224.000,29,222.000,30,221.000,20,84.000,3,231.000,1,232.000,8,234.000,21,236.000,21,237.000,20,0,15,
103536761000,227.000,1,225.000,30,224.000,29,222.000,30,221.000,20,84.000,3,232.000,8,234.000,21,236.000,21,237.000,20,238.000,10,0,15,
103536761000,227.000,1,225.000,30,224.000,29,222.000,30,221.000,20,84.000,3,234.000,21,236.000,21,237.000,20,238.000,10,239.000,20,0,15,
103536809000,227.000,1,225.000,9,224.000,29,222.000,30,221.000,20,84.000,3,236.000,21,237.000,20,238.000,10,239.000,20,320.000,1,0,15,
103536809000,227.000,1,225.000,30,224.000,29,222.000,30,221.000,20,84.000,3,235.000,21,236.000,21,237.000,20,238.000,10,239.000,20,0,15,
103536809000,227.000,1,225.000,21,224.000,29,222.000,30,221.000,20,84.000,3,235.000,21,236.000,21,237.000,20,238.000,10,239.000,20,0,15,
103537122000,227.000,1,225.000,30,224.000,29,222.000,30,221.000,20,84.000,3,235.000,21,236.000,21,237.000,20,238.000,10,239.000,20,0,15,
103537122000,227.000,1,225.000,30,224.000,29,222.000,30,221.000,20,84.000,3,235.000,30,236.000,21,237.000,20,238.000,10,239.000,20,0,15,
103543869000,227.000,1,225.000,30,224.000,9,222.000,30,221.000,20,84.000,3,235.000,30,236.000,21,237.000,20,238.000,10,320.000,1,0,15,
103543869000,227.000,1,225.000,30,224.000,9,223.000,20,222.000,30,221.000,20,235.000,30,236.000,21,237.000,20,238.000,30,320.000,1,0,15,
103544493000,227.000,1,225.000,30,224.000,9,222.000,30,221.000,20,84.000,3,235.000,30,236.000,21,237.000,20,238.000,10,320.000,1,0,15,
103544493000,227.000,1,225.000,30,224.000,29,222.000,30,221.000,20,84.000,3,235.000,30,236.000,21,237.000,20,238.000,10,239.000,20,0,15,
103545245000,227.000,1,225.000,30,224.000,9,222.000,30,221.000,20,84.000,3,235.000,30,236.000,21,237.000,20,238.000,10,320.000,1,0,15,
103545245000,227.000,1,225.000,30,224.000,9,223.000,20,222.000,30,221.000,20,235.000,30,236.000,21,237.000,20,238.000,30,320.000,1,0,15,
103548493000,227.000,1,225.000,30,224.000,9,222.000,30,221.000,20,84.000,3,235.000,30,236.000,21,237.000,20,238.000,10,320.000,1,0,15,
103548493000,227.000,1,225.000,30,224.000,29,222.000,30,221.000,20,84.000,3,235.000,30,236.000,21,237.000,20,238.000,10,239.000,20,0,15,
103548501000,227.000,1,225.000,30,224.000,29,222.000,30,84.000,3,39.000,20,235.000,30,236.000,1,237.000,20,238.000,10,239.000,20,0,15,
103548521000,227.000,1,225.000,30,224.000,29,222.000,50,84.000,3,39.000,20,235.000,30,236.000,1,237.000,40,238.000,10,239.000,20,0,15,
103551869000,227.000,1,225.000,30,224.000,9,222.000,50,84.000,3,39.000,20,235.000,30,236.000,1,237.000,40,238.000,10,320.000,1,0,15,
103551869000,227.000,1,225.000,30,224.000,9,223.000,20,222.000,50,84.000,3,235.000,30,236.000,1,237.000,40,238.000,30,320.000,1,0,15,
103555590000,227.000,1,225.000,30,224.000,9,223.000,20,222.000,30,84.000,3,235.000,30,236.000,1,237.000,20,238.000,30,320.000,1,0,15,
103555612000,227.000,1,225.000,30,224.000,9,223.000,20,222.000,50,84.000,3,235.000,30,236.000,1,237.000,40,238.000,30,320.000,1,0,15,
103558618000,227.000,1,225.000,30,224.000,9,222.000,50,84.000,3,39.000,20,235.000,30,236.000,1,237.000,40,238.000,10,320.000,1,0,15,
103558618000,227.000,1,225.000,30,224.000,29,222.000,50,84.000,3,39.000,20,235.000,30,236.000,1,237.000,40,238.000,10,239.000,20,0,15,
103604347000,227.000,1,225.000,30,224.000,29,222.000,50,84.000,3,39.000,20,234.000,1,235.000,30,236.000,1,237.000,40,238.000,10,0,15,
103604347000,227.000,1,225.000,30,224.000,29,222.000,50,84.000,3,39.000,20,234.000,10,235.000,30,236.000,1,237.000,40,238.000,10,0,15,
103604494000,227.000,1,225.000,30,224.000,9,222.000,50,84.000,3,39.000,20,234.000,10,235.000,30,236.000,1,237.000,40,238.000,10,0,15,
103604494000,227.000,1,225.000,30,224.000,9,223.000,20,222.000,50,84.000,3,234.000,10,235.000,30,236.000,1,237.000,40,238.000,30,0,15,
103604833000,227.000,1,225.000,9,224.000,9,223.000,20,222.000,50,84.000,3,234.000,10,235.000,9,236.000,1,237.000,40,238.000,30,0,15,
103604833000,227.000,1,225.000,30,224.000,9,223.000,20,222.000,50,84.000,3,234.000,31,235.000,9,236.000,1,237.000,40,238.000,30,0,15,
103604833000,227.000,1,225.000,21,224.000,9,223.000,20,222.000,50,84.000,3,234.000,31,235.000,9,236.000,1,237.000,40,238.000,30,0,15,
103604833000,227.000,1,225.000,21,224.000,9,223.000,29,222.000,50,84.000,3,234.000,31,235.000,9,236.000,1,237.000,40,238.000,30,0,15,
103604833000,227.000,1,225.000,30,224.000,9,223.000,29,222.000,50,84.000,3,234.000,31,235.000,9,236.000,1,237.000,40,238.000,30,0,15,
103605505000,227.000,1,225.000,30,224.000,9,223.000,20,222.000,50,84.000,3,234.000,31,235.000,9,236.000,1,237.000,40,238.000,30,0,15,
103614743000,227.000,1,225.000,30,224.000,9,222.000,50,84.000,3,39.000,20,234.000,31,235.000,9,236.000,1,237.000,40,238.000,10,0,15,
103614743000,227.000,1,225.000,30,224.000,9,222.000,70,84.000,3,39.000,20,234.000,31,235.000,9,236.000,1,237.000,60,238.000,10,0,15,
103614750000,227.000,1,225.000,30,224.000,9,222.000,50,84.000,3,39.000,20,234.000,31,235.000,9,236.000,1,237.000,40,238.000,10,0,15,
103614865000,227.000,1,225.000,30,224.000,9,222.000,50,221.000,20,84.000,3,234.000,31,235.000,9,236.000,21,237.000,40,238.000,10,0,15,
103614898000,227.000,1,225.000,9,224.000,9,222.000,50,221.000,20,84.000,3,234.000,10,235.000,9,236.000,21,237.000,40,238.000,10,0,15,
103614898000,227.000,1,225.000,30,224.000,9,222.000,50,221.000,20,84.000,3,233.000,21,234.000,10,235.000,9,236.000,21,237.000,40,0,15,
103614899000,227.000,1,225.000,21,224.000,9,222.000,50,221.000,20,84.000,3,233.000,21,234.000,10,235.000,9,236.000,21,237.000,40,0,15,
103614899000,227.000,1,225.000,21,224.000,9,222.000,59,221.000,20,84.000,3,233.000,21,234.000,10,235.000,9,236.000,21,237.000,40,0,15,
103614899000,227.000,1,225.000,21,224.000,9,222.000,59,221.000,20,84.000,3,233.000,30,234.000,10,235.000,9,236.000,21,237.000,40,0,15,
103614899000,227.000,1,225.000,30,224.000,9,222.000,59,221.000,20,84.000,3,233.000,30,234.000,10,235.000,9,236.000,21,237.000,40,0,15,
103614996000,227.000,1,225.000,30,224.000,9,222.000,59,221.000,20,84.000,3,233.000,30,234.000,10,235.000,9,236.000,31,237.000,40,0,15,
103615005000,227.000,1,225.000,30,224.000,9,222.000,59,221.000,20,84.000,3,233.000,30,234.000,10,236.000,31,237.000,40,320.000,1,0,15,
103615005000,227.000,1,225.000,30,224.000,9,222.000,50,221.000,20,84.000,3,233.000,30,234.000,10,236.000,31,237.000,40,320.000,1,0,15,
103615119000,227.000,1,225.000,30,224.000,9,222.000,30,221.000,20,84.000,3,233.000,30,234.000,10,236.000,31,237.000,20,320.000,1,0,15,
103615119000,227.000,1,225.000,30,224.000,9,222.000,30,221.000,40,84.000,3,233.000,30,234.000,10,236.000,51,237.000,20,320.000,1,0,15,
103615591000,227.000,1,225.000,30,224.000,9,222.000,30,221.000,20,84.000,3,233.000,30,234.000,10,236.000,31,237.000,20,320.000,1,0,15,
103615929000,227.000,1,225.000,9,224.000,9,222.000,30,221.000,20,84.000,3,233.000,9,234.000,10,236.000,31,237.000,20,320.000,1,0,15,
103615929000,227.000,1,225.000,9,224.000,30,222.000,30,221.000,20,84.000,3,233.000,30,234.000,10,236.000,31,237.000,20,320.000,1,0,15,
103615929000,227.000,1,225.000,9,224.000,30,222.000,30,221.000,20,84.000,3,233.000,21,234.000,10,236.000,31,237.000,20,320.000,1,0,15,
103615929000,227.000,1,224.000,30,222.000,30,221.000,20,84.000,3,39.000,20,233.000,21,234.000,10,236.000,31,237.000,20,320.000,1,0,15,
103616354000,227.000,1,224.000,30,222.000,30,221.000,20,84.000,3,39.000,20,233.000,30,234.000,10,236.000,31,237.000,20,320.000,1,0,15,
103616432000,227.000,1,224.000,30,222.000,30,221.000,20,84.000,3,39.000,20,233.000,30,234.000,10,236.000,31,237.000,20,243.000,20,0,15,
103616436000,227.000,1,224.000,30,222.000,30,221.000,20,213.000,20,84.000,3,233.000,30,234.000,10,236.000,31,237.000,20,243.000,20,0,15,
103616438000,227.000,1,224.000,30,222.000,30,213.000,20,84.000,3,39.000,20,233.000,30,234.000,10,236.000,11,237.000,20,243.000,20,0,15,
103616441000,227.000,1,224.000,30,222.000,30,214.000,20,213.000,20,84.000,3,233.000,30,234.000,10,236.000,11,237.000,20,243.000,20,0,15,
103616601000,227.000,1,224.000,30,222.000,30,214.000,20,213.000,20,84.000,3,233.000,30,234.000,10,236.000,11,237.000,20,244.000,20,0,15,
103616619000,227.000,1,224.000,30,222.000,30,214.000,20,84.000,3,39.000,20,233.000,30,234.000,10,236.000,11,237.000,20,244.000,20,0,15,
103617029000,227.000,1,224.000,9,222.000,30,214.000,20,84.000,3,39.000,20,233.000,9,234.000,10,236.000,11,237.000,20,244.000,20,0,15,
103617029000,227.000,1,225.000,21,224.000,9,222.000,30,214.000,20,84.000,3,233.000,30,234.000,10,236.000,11,237.000,20,244.000,20,0,15,
103617445000,227.000,1,225.000,21,224.000,9,222.000,30,214.000,20,84.000,3,233.000,30,234.000,10,236.000,11,237.000,20,320.000,1,0,15,
103617445000,227.000,1,225.000,21,224.000,9,222.000,30,84.000,3,39.000,20,233.000,30,234.000,10,236.000,11,237.000,20,320.000,1,0,15,
103617513000,227.000,1,225.000,30,224.000,9,222.000,30,84.000,3,39.000,20,233.000,30,234.000,10,236.000,11,237.000,20,320.000,1,0,15,
103623881000,227.000,1,225.000,30,224.000,9,222.000,30,220.000,20,84.000,3,233.000,30,234.000,10,235.000,20,236.000,11,237.000,20,0,15,
103626983000,227.000,1,225.000,30,224.000,9,222.000,30,84.000,3,39.000,20,233.000,30,234.000,10,236.000,11,237.000,20,320.000,1,0,15,
103627948000,227.000,1,225.000,30,224.000,9,222.000,30,221.000,20,84.000,3,233.000,30,234.000,10,236.000,31,237.000,20,320.000,1,0,15,
103638006000,227.000,1,225.000,30,224.000,9,222.000,30,84.000,3,39.000,20,233.000,30,234.000,10,236.000,11,237.000,20,320.000,1,0,15,
103638120000,227.000,1,225.000,30,224.000,9,222.000,50,84.000,3,39.000,20,233.000,30,234.000,10,236.000,11,237.000,40,320.000,1,0,15,
103639828000,227.000,1,225.000,9,224.000,9,222.000,50,84.000,3,39.000,20,233.000,9,234.000,10,236.000,11,237.000,40,320.000,1,0,15,
103639828000,227.000,1,225.000,30,224.000,9,222.000,50,84.000,3,39.000,20,233.000,9,234.000,31,236.000,11,237.000,40,320.000,1,0,15,
103639829000,227.000,1,225.000,21,224.000,9,222.000,50,84.000,3,39.000,20,233.000,9,234.000,31,236.000,11,237.000,40,320.000,1,0,15,
103639829000,227.000,1,225.000,21,224.000,9,222.000,59,84.000,3,39.000,20,233.000,9,234.000,31,236.000,11,237.000,40,320.000,1,0,15,
103639829000,227.000,1,225.000,21,224.000,9,222.000,59,84.000,3,39.000,20,234.000,31,236.000,11,237.000,40,320.000,1,364.000,1,0,15,
103639829000,227.000,1,225.000,30,224.000,9,222.000,59,84.000,3,39.000,20,234.000,31,236.000,11,237.000,40,320.000,1,364.000,1,0,15,
103640004000,227.000,1,225.000,30,224.000,9,222.000,50,84.000,3,39.000,20,234.000,31,236.000,11,237.000,40,320.000,1,364.000,1,0,15,
103648728000,227.000,1,225.000,30,224.000,9,222.000,50,84.000,3,39.000,20,234.000,31,236.000,1,237.000,40,320.000,1,364.000,1,0,15,
103648849000,227.000,1,225.000,30,224.000,9,222.000,50,84.000,3,39.000,20,234.000,31,236.000,1,237.000,40,238.000,10,320.000,1,0,15,
103648857000,227.000,1,225.000,9,224.000,9,222.000,50,84.000,3,39.000,20,234.000,10,236.000,1,237.000,40,238.000,10,320.000,1,0,15,
103648857000,227.000,1,225.000,30,224.000,9,222.000,50,84.000,3,39.000,20,234.000,10,235.000,21,236.000,1,237.000,40,238.000,10,0,15,
103648857000,227.000,1,225.000,30,224.000,9,222.000,59,84.000,3,39.000,20,234.000,10,235.000,21,236.000,1,237.000,40,238.000,10,0,15,
103648857000,227.000,1,225.000,21,224.000,9,222.000,59,84.000,3,39.000,20,234.000,10,235.000,21,236.000,1,237.000,40,238.000,10,0,15,
103648857000,227.000,1,225.000,30,224.000,9,222.000,59,84.000,3,39.000,20,234.000,10,235.000,21,236.000,1,237.000,40,238.000,10,0,15,
103649005000,227.000,1,225.000,30,224.000,9,222.000,50,84.000,3,39.000,20,234.000,10,235.000,21,236.000,1,237.000,40,238.000,10,0,15,
103649857000,227.000,1,225.000,9,224.000,9,222.000,50,84.000,3,39.000,20,234.000,10,236.000,1,237.000,40,238.000,10,320.000,1,0,15,
103649857000,227.000,1,225.000,30,224.000,9,222.000,50,84.000,3,39.000,20,234.000,31,236.000,1,237.000,40,238.000,10,320.000,1,0,15,
103653496000,227.000,1,225.000,9,224.000,9,222.000,50,84.000,3,39.000,20,234.000,10,236.000,1,237.000,40,238.000,10,320.000,1,0,15,
103653496000,227.000,1,225.000,30,224.000,9,222.000,50,84.000,3,39.000,20,233.000,21,234.000,10,236.000,1,237.000,40,238.000,10,0,15,
103653497000,227.000,1,225.000,21,224.000,9,222.000,50,84.000,3,39.000,20,233.000,21,234.000,10,236.000,1,237.000,40,238.000,10,0,15,
103653497000,227.000,1,225.000,21,224.000,9,222.000,59,84.000,3,39.000,20,233.000,21,234.000,10,236.000,1,237.000,40,238.000,10,0,15,
103653497000,227.000,1,225.000,21,224.000,9,222.000,59,84.000,3,39.000,20,233.000,30,234.000,10,236.000,1,237.000,40,238.000,10,0,15,
103653498000,227.000,1,225.000,30,224.000,9,222.000,59,84.000,3,39.000,20,233.000,30,234.000,10,236.000,1,237.000,40,238.000,10,0,15,
103653504000,227.000,1,225.000,30,224.000,9,222.000,50,84.000,3,39.000,20,233.000,30,234.000,10,236.000,1,237.000,40,238.000,10,0,15,
103653530000,227.000,1,225.000,30,224.000,9,222.000,30,84.000,3,39.000,20,233.000,30,234.000,10,236.000,1,237.000,20,238.000,10,0,15,
103653663000,227.000,1,225.000,30,224.000,9,222.000,30,221.000,20,84.000,3,233.000,30,234.000,10,236.000,21,237.000,20,238.000,10,0,15,
103654841000,227.000,1,225.000,30,224.000,9,222.000,30,84.000,3,39.000,20,233.000,30,234.000,10,236.000,1,237.000,20,238.000,10,0,15,
103655266000,227.000,1,225.000,30,224.000,9,222.000,50,84.000,3,39.000,20,233.000,30,234.000,10,236.000,1,237.000,40,238.000,10,0,15,
103655819000,227.000,1,225.000,9,224.000,9,222.000,50,84.000,3,39.000,20,233.000,9,234.000,10,236.000,1,237.000,40,238.000,10,0,15,
103655819000,227.000,1,225.000,30,224.000,9,222.000,50,84.000,3,39.000,20,233.000,9,234.000,31,236.000,1,237.000,40,238.000,10,0,15,
103655819000,227.000,1,225.000,21,224.000,9,222.000,50,84.000,3,39.000,20,233.000,9,234.000,31,236.000,1,237.000,40,238.000,10,0,15,
103655819000,227.000,1,225.000,21,224.000,9,222.000,59,84.000,3,39.000,20,233.000,9,234.000,31,236.000,1,237.000,40,238.000,10,0,15,
103655819000,227.000,1,225.000,21,224.000,9,222.000,59,84.000,3,39.000,20,234.000,31,236.000,1,237.000,40,238.000,10,320.000,1,0,15,
103655820000,227.000,1,225.000,30,224.000,9,222.000,59,84.000,3,39.000,20,234.000,31,236.000,1,237.000,40,238.000,10,320.000,1,0,15,
103656005000,227.000,1,225.000,30,224.000,9,222.000,50,84.000,3,39.000,20,234.000,31,236.000,1,237.000,40,238.000,10,320.000,1,0,15,
103701868000,227.000,1,225.000,9,224.000,9,222.000,50,84.000,3,39.000,20,234.000,10,236.000,1,237.000,40,238.000,10,320.000,1,0,15,
103701868000,227.000,1,225.000,30,224.000,9,222.000,50,84.000,3,39.000,20,234.000,10,235.000,21,236.000,1,237.000,40,238.000,10,0,15,
103701868000,227.000,1,225.000,30,224.000,9,222.000,59,84.000,3,39.000,20,234.000,10,235.000,21,236.000,1,237.000,40,238.000,10,0,15,
103701868000,227.000,1,225.000,21,224.000,9,222.000,59,84.000,3,39.000,20,234.000,10,235.000,21,236.000,1,237.000,40,238.000,10,0,15,
103701868000,227.000,1,225.000,30,224.000,9,222.000,59,84.000,3,39.000,20,234.000,10,235.000,21,236.000,1,237.000,40,238.000,10,0,15,
103702005000,227.000,1,225.000,30,224.000,9,222.000,50,84.000,3,39.000,20,234.000,10,235.000,21,236.000,1,237.000,40,238.000,10,0,15,
103702814000,227.000,1,225.000,30,224.000,9,222.000,30,84.000,3,39.000,20,234.000,10,235.000,21,236.000,1,237.000,20,238.000,10,0,15,
103703350000,227.000,1,225.000,30,224.000,9,223.000,20,222.000,30,84.000,3,234.000,10,235.000,21,236.000,1,237.000,20,238.000,30,0,15,
103711117000,227.000,1,225.000,30,224.000,9,223.000,20,222.000,20,84.000,3,234.000,10,235.000,21,236.000,1,237.000,20,238.000,30,0,15,
103711120000,227.000,1,225.000,30,224.000,19,223.000,20,222.000,20,84.000,3,234.000,10,235.000,21,236.000,1,237.000,20,238.000,30,0,15,
103711504000,227.000,1,225.000,30,224.000,19,223.000,20,84.000,3,39.000,20,234.000,10,235.000,21,236.000,1,238.000,30,320.000,1,0,15,
103711504000,227.000,1,225.000,30,224.000,39,223.000,20,84.000,3,39.000,20,234.000,10,235.000,21,236.000,1,238.000,30,239.000,20,0,15,
103711950000,227.000,1,225.000,9,224.000,39,223.000,20,84.000,3,39.000,20,234.000,10,236.000,1,238.000,30,239.000,20,320.000,1,0,15,
103711950000,227.000,1,225.000,30,224.000,39,223.000,20,84.000,3,39.000,20,234.000,10,236.000,22,238.000,30,239.000,20,320.000,1,0,15,
103711951000,227.000,1,225.000,21,224.000,39,223.000,20,84.000,3,39.000,20,234.000,10,236.000,22,238.000,30,239.000,20,320.000,1,0,15,
103711951000,227.000,1,225.000,30,224.000,39,223.000,20,84.000,3,39.000,20,234.000,10,236.000,22,238.000,30,239.000,20,320.000,1,0,15,
103715374000,227.000,1,225.000,9,224.000,39,223.000,20,84.000,3,39.000,20,234.000,10,236.000,1,238.000,30,239.000,20,320.000,1,0,15,
103715374000,227.000,1,225.000,30,224.000,39,223.000,20,84.000,3,39.000,20,234.000,10,235.000,21,236.000,1,238.000,30,239.000,20,0,15,
103715374000,227.000,1,225.000,21,224.000,39,223.000,20,84.000,3,39.000,20,234.000,10,235.000,21,236.000,1,238.000,30,239.000,20,0,15,
103715374000,227.000,1,225.000,30,224.000,39,223.000,20,84.000,3,39.000,20,234.000,10,235.000,21,236.000,1,238.000,30,239.000,20,0,15,
103720087000,227.000,1,225.000,9,224.000,39,223.000,20,84.000,3,39.000,20,234.000,10,236.000,1,238.000,30,239.000,20,320.000,1,0,15,
103720087000,227.000,1,225.000,30,224.000,39,223.000,20,84.000,3,39.000,20,234.000,31,236.000,1,238.000,30,239.000,20,320.000,1,0,15,
103720106000,227.000,1,225.000,30,224.000,39,84.000,3,39.000,20,38.500,1,234.000,31,236.000,1,238.000,10,239.000,20,320.000,1,0,15,
103720550000,227.000,1,225.000,30,224.000,39,221.000,20,84.000,3,39.000,20,234.000,31,236.000,21,238.000,10,239.000,20,320.000,1,0,15,
103722284000,227.000,1,225.000,30,224.000,39,84.000,3,39.000,20,38.500,1,234.000,31,236.000,1,238.000,10,239.000,20,320.000,1,0,15,
103722577000,227.000,1,225.000,30,224.000,39,223.000,20,84.000,3,39.000,20,234.000,31,236.000,1,238.000,30,239.000,20,320.000,1,0,15,
103726858000,227.000,1,225.000,9,224.000,39,223.000,20,84.000,3,39.000,20,234.000,10,236.000,1,238.000,30,239.000,20,320.000,1,0,15,
103726858000,227.000,1,225.000,30,224.000,39,223.000,20,84.000,3,39.000,20,234.000,10,235.000,21,236.000,1,238.000,30,239.000,20,0,15,
103726858000,227.000,1,225.000,21,224.000,39,223.000,20,84.000,3,39.000,20,234.000,10,235.000,21,236.000,1,238.000,30,239.000,20,0,15,
103726859000,227.000,1,225.000,30,224.000,39,223.000,20,84.000,3,39.000,20,234.000,10,235.000,21,236.000,1,238.000,30,239.000,20,0,15,
103728865000,227.000,1,225.000,9,224.000,39,223.000,20,84.000,3,39.000,20,234.000,10,236.000,1,238.000,30,239.000,20,320.000,1,0,15,
103728865000,227.000,1,225.000,30,224.000,39,223.000,20,84.000,3,39.000,20,234.000,31,236.000,1,238.000,30,239.000,20,320.000,1,0,15,
103728865000,227.000,1,225.000,21,224.000,39,223.000,20,84.000,3,39.000,20,234.000,31,236.000,1,238.000,30,239.000,20,320.000,1,0,15,
103728865000,227.000,1,225.000,30,224.000,39,223.000,20,84.000,3,39.000,20,234.000,31,236.000,1,238.000,30,239.000,20,320.000,1,0,15,
103729073000,227.000,1,225.000,9,224.000,39,223.000,20,84.000,3,39.000,20,234.000,10,236.000,1,238.000,30,239.000,20,320.000,1,0,15,
103729073000,227.000,1,225.000,30,224.000,39,223.000,20,84.000,3,39.000,20,234.000,10,235.000,21,236.000,1,238.000,30,239.000,20,0,15,
103729073000,227.000,1,225.000,21,224.000,39,223.000,20,84.000,3,39.000,20,234.000,10,235.000,21,236.000,1,238.000,30,239.000,20,0,15,
103729073000,227.000,1,225.000,30,224.000,39,223.000,20,84.000,3,39.000,20,234.000,10,235.000,21,236.000,1,238.000,30,239.000,20,0,15,
103736653000,227.000,1,225.000,30,224.000,39,84.000,3,39.000,20,38.500,1,234.000,10,235.000,21,236.000,1,238.000,10,239.000,20,0,15,
103736764000,227.000,1,225.000,30,224.000,39,223.000,20,84.000,3,39.000,20,234.000,10,235.000,21,236.000,1,238.000,30,239.000,20,0,15,
103740890000,227.000,1,225.000,9,224.000,39,223.000,20,84.000,3,39.000,20,234.000,10,236.000,1,238.000,30,239.000,20,320.000,1,0,15,
103740890000,227.000,1,225.000,30,224.000,39,223.000,20,84.000,3,39.000,20,234.000,10,236.000,22,238.000,30,239.000,20,320.000,1,0,15,
103740890000,227.000,1,225.000,21,224.000,39,223.000,20,84.000,3,39.000,20,234.000,10,236.000,22,238.000,30,239.000,20,320.000,1,0,15,
103740890000,227.000,1,225.000,30,224.000,39,223.000,20,84.000,3,39.000,20,234.000,10,236.000,22,238.000,30,239.000,20,320.000,1,0,15,
103744201000,227.000,1,225.000,30,224.000,39,223.000,20,84.000,3,39.000,20,234.000,9,236.000,22,238.000,30,239.000,20,320.000,1,0,15,
103744201000,227.000,1,225.000,30,224.000,39,223.000,20,84.000,3,39.000,20,234.000,9,236.000,31,238.000,30,239.000,20,320.000,1,0,15,
103744201000,227.000,1,225.000,30,224.000,39,223.000,20,84.000,3,39.000,20,236.000,31,238.000,30,239.000,20,320.000,1,364.000,1,0,15,
103752370000,227.000,1,225.000,30,224.000,39,84.000,3,39.000,20,38.500,1,236.000,31,238.000,10,239.000,20,320.000,1,364.000,1,0,15,
103752851000,227.000,1,225.000,30,224.000,59,84.000,3,39.000,20,38.500,1,236.000,31,238.000,10,239.000,40,320.000,1,364.000,1,0,15,
103756267000,227.000,1,225.000,30,224.000,39,84.000,3,39.000,20,38.500,1,236.000,31,238.000,10,239.000,20,320.000,1,364.000,1,0,15,
103756893000,227.000,1,225.000,30,224.000,59,84.000,3,39.000,20,38.500,1,236.000,31,238.000,10,239.000,40,320.000,1,364.000,1,0,15,
103757147000,227.000,1,225.000,30,224.000,59,84.000,3,39.000,20,38.500,1,236.000,31,239.000,40,320.000,1,364.000,1,400.000,1,0,15,
103757269000,227.000,1,225.000,30,224.000,59,84.000,3,39.000,20,38.500,1,236.000,31,239.000,40,240.000,10,320.000,1,364.000,1,0,15,
103757955000,227.000,1,225.000,9,224.000,59,84.000,3,39.000,20,38.500,1,236.000,10,239.000,40,240.000,10,320.000,1,364.000,1,0,15,
103757955000,227.000,1,225.000,30,224.000,59,84.000,3,39.000,20,38.500,1,236.000,10,237.000,21,239.000,40,240.000,10,320.000,1,0,15,
103757955000,227.000,1,225.000,21,224.000,59,84.000,3,39.000,20,38.500,1,236.000,10,237.000,21,239.000,40,240.000,10,320.000,1,0,15,
103757955000,227.000,1,225.000,30,224.000,59,84.000,3,39.000,20,38.500,1,236.000,10,237.000,21,239.000,40,240.000,10,320.000,1,0,15,
103800201000,227.000,1,225.000,30,224.000,39,84.000,3,39.000,20,38.500,1,236.000,10,237.000,21,239.000,20,240.000,10,320.000,1,0,15,
103800998000,227.000,1,225.000,9,224.000,39,84.000,3,39.000,20,38.500,1,236.000,10,239.000,20,240.000,10,320.000,1,364.000,1,0,15,
103800998000,227.000,1,225.000,30,224.000,39,84.000,3,39.000,20,38.500,1,236.000,10,238.000,21,239.000,20,240.000,10,320.000,1,0,15,
103801862000,227.000,1,225.000,9,224.000,39,84.000,3,39.000,20,38.500,1,236.000,10,239.000,20,240.000,10,320.000,1,364.000,1,0,15,
103801862000,227.000,1,225.000,30,224.000,39,84.000,3,39.000,20,38.500,1,236.000,10,237.000,21,239.000,20,240.000,10,320.000,1,0,15,
103801862000,227.000,1,225.000,21,224.000,39,84.000,3,39.000,20,38.500,1,236.000,10,237.000,21,239.000,20,240.000,10,320.000,1,0,15,
103801894000,227.000,1,225.000,21,224.000,59,84.000,3,39.000,20,38.500,1,236.000,10,237.000,21,239.000,40,240.000,10,320.000,1,0,15,
103802081000,227.000,1,225.000,30,224.000,59,84.000,3,39.000,20,38.500,1,236.000,10,237.000,21,239.000,40,240.000,10,320.000,1,0,15,
103802863000,227.000,1,225.000,9,224.000,59,84.000,3,39.000,20,38.500,1,236.000,10,239.000,40,240.000,10,320.000,1,364.000,1,0,15,
103802863000,227.000,1,225.000,30,224.000,59,84.000,3,39.000,20,38.500,1,236.000,10,238.000,21,239.000,40,240.000,10,320.000,1,0,15,
103802863000,227.000,1,225.000,21,224.000,59,84.000,3,39.000,20,38.500,1,236.000,10,238.000,21,239.000,40,240.000,10,320.000,1,0,15,
103802863000,227.000,1,225.000,30,224.000,59,84.000,3,39.000,20,38.500,1,236.000,10,238.000,21,239.000,40,240.000,10,320.000,1,0,15,
103803087000,227.000,1,225.000,9,224.000,59,84.000,3,39.000,20,38.500,1,236.000,10,239.000,40,240.000,10,320.000,1,364.000,1,0,15,
103803087000,227.000,1,225.000,30,224.000,59,84.000,3,39.000,20,38.500,1,236.000,10,237.000,21,239.000,40,240.000,10,320.000,1,0,15,
103803088000,227.000,1,225.000,21,224.000,59,84.000,3,39.000,20,38.500,1,236.000,10,237.000,21,239.000,40,240.000,10,320.000,1,0,15,
103803088000,227.000,1,225.000,30,224.000,59,84.000,3,39.000,20,38.500,1,236.000,10,237.000,21,239.000,40,240.000,10,320.000,1,0,15,
103804447000,227.000,1,225.000,30,224.000,39,84.000,3,39.000,20,38.500,1,236.000,10,237.000,21,239.000,20,240.000,10,320.000,1,0,15,
103804987000,227.000,1,225.000,30,224.000,59,84.000,3,39.000,20,38.500,1,236.000,10,237.000,21,239.000,40,240.000,10,320.000,1,0,15,
103805762000,227.000,1,225.000,9,224.000,59,84.000,3,39.000,20,38.500,1,236.000,10,239.000,40,240.000,10,320.000,1,364.000,1,0,15,
103805762000,227.000,1,225.000,30,224.000,59,84.000,3,39.000,20,38.500,1,236.000,10,238.000,21,239.000,40,240.000,10,320.000,1,0,15,
103805885000,227.000,1,225.000,30,224.000,59,84.000,3,39.000,20,38.500,1,236.000,10,238.000,21,239.000,40,320.000,1,364.000,1,0,15,
103805886000,227.000,1,225.000,30,224.000,59,84.000,3,39.000,20,38.500,1,236.000,10,238.000,21,239.000,40,242.000,10,320.000,1,0,15,
103806119000,227.000,1,225.000,30,224.000,65,84.000,3,39.000,20,38.500,1,236.000,10,238.000,21,239.000,40,242.000,10,320.000,1,0,15,
103806322000,227.000,1,225.000,30,224.000,59,84.000,3,39.000,20,38.500,1,236.000,10,238.000,21,239.000,40,242.000,10,320.000,1,0,15,
103806770000,227.000,1,225.000,30,224.000,65,84.000,3,39.000,20,38.500,1,236.000,10,238.000,21,239.000,40,242.000,10,320.000,1,0,15,
103807181000,227.000,1,225.000,30,224.000,59,84.000,3,39.000,20,38.500,1,236.000,10,238.000,21,239.000,40,242.000,10,320.000,1,0,15,
103808494000,227.000,1,225.000,30,224.000,65,84.000,3,39.000,20,38.500,1,236.000,10,238.000,21,239.000,40,242.000,10,320.000,1,0,15,
103808703000,227.000,1,225.000,30,224.000,45,84.000,3,39.000,20,38.500,1,236.000,10,238.000,21,239.000,20,242.000,10,320.000,1,0,15,
103808901000,227.000,1,225.000,9,224.000,45,84.000,3,39.000,20,38.500,1,236.000,10,239.000,20,242.000,10,320.000,1,364.000,1,0,15,
103808901000,227.000,1,225.000,30,224.000,45,84.000,3,39.000,20,38.500,1,236.000,10,239.000,41,242.000,10,320.000,1,364.000,1,0,15,
103808901000,227.000,1,225.000,21,224.000,45,84.000,3,39.000,20,38.500,1,236.000,10,239.000,41,242.000,10,320.000,1,364.000,1,0,15,
103809091000,227.000,1,224.000,45,84.000,3,39.000,20,38.500,1,22.500,20,236.000,10,239.000,20,242.000,10,320.000,1,364.000,1,0,15,
103809091000,227.000,1,225.000,21,224.000,45,84.000,3,39.000,20,38.500,1,236.000,10,238.000,21,239.000,20,242.000,10,320.000,1,0,15,
103809103000,227.000,1,225.000,21,224.000,39,84.000,3,39.000,20,38.500,1,236.000,10,238.000,21,239.000,20,242.000,10,320.000,1,0,15,
103809558000,227.000,1,225.000,30,224.000,39,84.000,3,39.000,20,38.500,1,236.000,10,238.000,21,239.000,20,242.000,10,320.000,1,0,15,
103809647000,227.000,1,225.000,30,224.000,59,84.000,3,39.000,20,38.500,1,236.000,10,238.000,21,239.000,40,242.000,10,320.000,1,0,15,
103810890000,227.000,1,225.000,9,224.000,59,84.000,3,39.000,20,38.500,1,236.000,10,239.000,40,242.000,10,320.000,1,364.000,1,0,15,
103810890000,227.000,1,225.000,30,224.000,59,84.000,3,39.000,20,38.500,1,236.000,10,237.000,21,239.000,40,242.000,10,320.000,1,0,15,
103811091000,227.000,1,225.000,9,224.000,59,84.000,3,39.000,20,38.500,1,236.000,10,239.000,40,242.000,10,320.000,1,364.000,1,0,15,
103811091000,227.000,1,225.000,30,224.000,59,84.000,3,39.000,20,38.500,1,236.000,10,238.000,21,239.000,40,242.000,10,320.000,1,0,15,
103811091000,227.000,1,225.000,21,224.000,59,84.000,3,39.000,20,38.500,1,236.000,10,238.000,21,239.000,40,242.000,10,320.000,1,0,15,
103811091000,227.000,1,225.000,30,224.000,59,84.000,3,39.000,20,38.500,1,236.000,10,238.000,21,239.000,40,242.000,10,320.000,1,0,15,
103813597000,227.000,1,225.000,9,224.000,59,84.000,3,39.000,20,38.500,1,236.000,10,239.000,40,242.000,10,320.000,1,364.000,1,0,15,
103813597000,227.000,1,225.000,30,224.000,59,84.000,3,39.000,20,38.500,1,236.000,10,237.000,21,239.000,40,242.000,10,320.000,1,0,15,
103814887000,227.000,1,225.000,9,224.000,59,84.000,3,39.000,20,38.500,1,236.000,10,239.000,40,242.000,10,320.000,1,364.000,1,0,15,
103814887000,227.000,1,225.000,30,224.000,59,84.000,3,39.000,20,38.500,1,236.000,10,238.000,21,239.000,40,242.000,10,320.000,1,0,15,
103814888000,227.000,1,225.000,21,224.000,59,84.000,3,39.000,20,38.500,1,236.000,10,238.000,21,239.000,40,242.000,10,320.000,1,0,15,
103814888000,227.000,1,225.000,30,224.000,59,84.000,3,39.000,20,38.500,1,236.000,10,238.000,21,239.000,40,242.000,10,320.000,1,0,15,
103817279000,227.000,1,225.000,30,224.000,39,84.000,3,39.000,20,38.500,1,236.000,10,238.000,21,239.000,20,242.000,10,320.000,1,0,15,
103818075000,227.000,1,225.000,50,224.000,39,84.000,3,39.000,20,38.500,1,236.000,10,238.000,21,239.000,20,240.000,20,242.000,10,0,15,
103819919000,227.000,1,225.000,30,224.000,39,84.000,3,39.000,20,38.500,1,236.000,10,238.000,21,239.000,20,242.000,10,320.000,1,0,15,
103820026000,227.000,1,225.000,50,224.000,39,84.000,3,39.000,20,38.500,1,236.000,10,238.000,21,239.000,20,240.000,20,242.000,10,0,15,
103820095000,227.000,1,225.000,29,224.000,39,84.000,3,39.000,20,38.500,1,236.000,10,239.000,20,240.000,20,242.000,10,320.000,1,0,15,
103820095000,227.000,1,225.000,50,224.000,39,84.000,3,39.000,20,38.500,1,236.000,10,239.000,41,240.000,20,242.000,10,320.000,1,0,15,
103820377000,227.000,1,225.000,30,224.000,39,84.000,3,39.000,20,38.500,1,236.000,10,239.000,41,242.000,10,320.000,1,364.000,1,0,15,
103820558000,227.000,1,225.000,30,224.000,45,84.000,3,39.000,20,38.500,1,236.000,10,239.000,41,242.000,10,320.000,1,364.000,1,0,15,
103821114000,227.000,1,225.000,50,224.000,45,84.000,3,39.000,20,38.500,1,236.000,10,239.000,41,240.000,20,242.000,10,320.000,1,0,15,
103825360000,227.000,1,225.000,30,224.000,45,84.000,3,39.000,20,38.500,1,236.000,10,239.000,41,242.000,10,320.000,1,364.000,1,0,15,
103825387000,227.000,1,225.000,50,224.000,45,84.000,3,39.000,20,38.500,1,236.000,10,239.000,41,240.000,20,242.000,10,320.000,1,0,15,
103825791000,227.000,1,225.000,30,224.000,45,84.000,3,39.000,20,38.500,1,236.000,10,239.000,41,242.000,10,320.000,1,364.000,1,0,15,
103827202000,227.000,1,225.000,50,224.000,45,84.000,3,39.000,20,38.500,1,236.000,10,239.000,41,240.000,20,242.000,10,320.000,1,0,15,
103828209000,227.000,1,225.000,50,224.000,45,84.000,3,39.000,20,38.500,1,236.000,9,239.000,41,240.000,20,242.000,10,320.000,1,0,15,
103828209000,227.000,1,225.000,50,224.000,45,84.000,3,39.000,20,38.500,1,239.000,41,240.000,20,242.000,10,320.000,1,364.000,1,0,15,
103828209000,227.000,1,225.000,50,224.000,45,84.000,3,39.000,20,38.500,1,239.000,50,240.000,20,242.000,10,320.000,1,364.000,1,0,15,
103830605000,227.000,1,225.000,30,224.000,45,84.000,3,39.000,20,38.500,1,239.000,50,242.000,10,320.000,1,364.000,1,400.000,1,0,15,
103830659000,227.000,1,225.000,50,224.000,45,84.000,3,39.000,20,38.500,1,239.000,50,240.000,20,242.000,10,320.000,1,364.000,1,0,15,
103830696000,227.000,1,225.000,30,224.000,45,84.000,3,39.000,20,38.500,1,239.000,50,242.000,10,320.000,1,364.000,1,400.000,1,0,15,
103833103000,227.000,1,225.000,30,224.000,45,84.000,3,39.000,20,38.500,1,239.000,50,242.000,10,320.000,2,364.000,1,400.000,1,0,15,
103833890000,227.000,1,225.000,9,224.000,45,84.000,3,39.000,20,38.500,1,239.000,29,242.000,10,320.000,2,364.000,1,400.000,1,0,15,
103833890000,227.000,1,225.000,30,224.000,45,84.000,3,39.000,20,38.500,1,239.000,29,240.000,21,242.000,10,320.000,2,364.000,1,0,15,
103833890000,227.000,1,225.000,21,224.000,45,84.000,3,39.000,20,38.500,1,239.000,29,240.000,21,242.000,10,320.000,2,364.000,1,0,15,
103834078000,227.000,1,225.000,30,224.000,45,84.000,3,39.000,20,38.500,1,239.000,29,240.000,21,242.000,10,320.000,2,364.000,1,0,15,
103834910000,227.000,1,225.000,9,224.000,45,84.000,3,39.000,20,38.500,1,239.000,29,242.000,10,320.000,2,364.000,1,400.000,1,0,15,
103834910000,227.000,1,225.000,30,224.000,45,84.000,3,39.000,20,38.500,1,239.000,50,242.000,10,320.000,2,364.000,1,400.000,1,0,15,
103834910000,227.000,1,225.000,21,224.000,45,84.000,3,39.000,20,38.500,1,239.000,50,242.000,10,320.000,2,364.000,1,400.000,1,0,15,
103834911000,227.000,1,225.000,30,224.000,45,84.000,3,39.000,20,38.500,1,239.000,50,242.000,10,320.000,2,364.000,1,400.000,1,0,15,
103835897000,227.000,1,225.000,30,224.000,35,84.000,3,39.000,20,38.500,1,239.000,50,242.000,10,320.000,2,364.000,1,400.000,1,0,15,
103835897000,227.000,1,226.000,10,225.000,30,224.000,35,84.000,3,39.000,20,239.000,50,242.000,10,320.000,2,364.000,1,400.000,1,0,15,
103835898000,227.000,1,226.000,19,225.000,30,224.000,35,84.000,3,39.000,20,239.000,50,242.000,10,320.000,2,364.000,1,400.000,1,0,15,
103835904000,227.000,1,226.000,19,225.000,9,224.000,35,84.000,3,39.000,20,239.000,29,242.000,10,320.000,2,364.000,1,400.000,1,0,15,
103835904000,227.000,1,226.000,19,225.000,30,224.000,35,84.000,3,39.000,20,239.000,29,240.000,21,242.000,10,320.000,2,364.000,1,0,15,
103836003000,227.000,1,226.000,39,225.000,30,224.000,35,84.000,3,39.000,20,239.000,29,240.000,21,241.000,20,242.000,10,320.000,2,0,15,
103836005000,227.000,1,226.000,39,225.000,30,224.000,15,84.000,3,39.000,20,239.000,9,240.000,21,241.000,20,242.000,10,320.000,2,0,15,
103836005000,227.000,1,226.000,59,225.000,30,224.000,15,84.000,3,39.000,20,239.000,9,240.000,21,241.000,40,242.000,10,320.000,2,0,15,
103836005000,227.000,1,226.000,59,225.000,30,224.000,6,84.000,3,39.000,20,239.000,9,240.000,21,241.000,40,242.000,10,320.000,2,0,15,
103836005000,227.000,1,226.000,59,225.000,30,224.000,6,84.000,3,39.000,20,239.000,9,240.000,30,241.000,40,242.000,10,320.000,2,0,15,
103836005000,227.000,1,226.000,59,225.000,30,224.000,6,84.000,3,39.000,20,240.000,30,241.000,40,242.000,10,320.000,2,364.000,1,0,15,
103836316000,227.000,1,226.000,39,225.000,30,224.000,6,84.000,3,39.000,20,240.000,30,241.000,20,242.000,10,320.000,2,364.000,1,0,15,
103836904000,227.000,1,226.000,39,225.000,9,224.000,6,84.000,3,39.000,20,240.000,9,241.000,20,242.000,10,320.000,2,364.000,1,0,15,
103836904000,227.000,1,227.000,21,226.000,39,225.000,9,224.000,6,84.000,3,240.000,30,241.000,20,242.000,10,320.000,2,364.000,1,0,15,
103836905000,227.000,1,227.000,21,226.000,39,225.000,9,224.000,6,84.000,3,240.000,30,241.000,29,242.000,10,320.000,2,364.000,1,0,15,
103836905000,227.000,1,227.000,21,226.000,39,225.000,9,224.000,6,84.000,3,240.000,21,241.000,29,242.000,10,320.000,2,364.000,1,0,15,
103836905000,227.000,1,227.000,30,226.000,39,225.000,9,224.000,6,84.000,3,240.000,21,241.000,29,242.000,10,320.000,2,364.000,1,0,15,
103836905000,227.000,1,227.000,30,226.000,39,225.000,9,224.000,6,84.000,3,240.000,30,241.000,29,242.000,10,320.000,2,364.000,1,0,15,
103837005000,227.000,1,227.000,30,226.000,39,224.000,6,84.000,3,39.000,20,240.000,30,241.000,29,242.000,10,320.000,2,364.000,1,0,15,
103837008000,227.000,1,227.000,30,226.000,59,224.000,6,84.000,3,39.000,20,240.000,30,241.000,49,242.000,10,320.000,2,364.000,1,0,15,
103837501000,227.000,1,227.000,30,226.000,39,224.000,6,84.000,3,39.000,20,240.000,30,241.000,29,242.000,10,320.000,2,364.000,1,0,15,
103837849000,227.000,1,227.000,30,226.000,39,84.000,3,39.000,20,38.500,1,240.000,30,241.000,29,242.000,10,320.000,2,364.000,1,0,15,
103838166000,227.000,1,227.000,30,226.000,39,84.000,3,39.000,20,38.500,1,240.000,30,241.000,29,320.000,2,364.000,1,400.000,1,0,15,
103838236000,227.000,1,227.000,30,226.000,39,84.000,3,39.000,20,38.500,1,240.000,30,241.000,29,320.000,1,364.000,1,400.000,1,0,15,
103838274000,227.000,1,227.000,30,226.000,45,84.000,3,39.000,20,38.500,1,240.000,30,241.000,29,320.000,1,364.000,1,400.000,1,0,15,
103838602000,227.000,1,227.000,30,226.000,45,84.000,3,39.000,20,38.500,1,240.000,30,241.000,29,244.000,10,320.000,1,364.000,1,0,15,
103839741000,227.000,1,227.000,30,226.000,39,84.000,3,39.000,20,38.500,1,240.000,30,241.000,29,244.000,10,320.000,1,364.000,1,0,15,
103840844000,227.000,1,227.000,30,226.000,45,84.000,3,39.000,20,38.500,1,240.000,30,241.000,29,244.000,10,320.000,1,364.000,1,0,15,
103841389000,227.000,1,227.000,30,226.000,65,84.000,3,39.000,20,38.500,1,240.000,30,241.000,49,244.000,10,320.000,1,364.000,1,0,15,
103841690000,227.000,1,227.000,30,226.000,45,84.000,3,39.000,20,38.500,1,240.000,30,241.000,29,244.000,10,320.000,1,364.000,1,0,15,
103841707000,227.000,1,227.000,30,226.000,39,84.000,3,39.000,20,38.500,1,240.000,30,241.000,29,244.000,10,320.000,1,364.000,1,0,15,
103842494000,227.000,1,227.000,30,226.000,45,84.000,3,39.000,20,38.500,1,240.000,30,241.000,29,244.000,10,320.000,1,364.000,1,0,15,
103842544000,227.000,1,227.000,30,226.000,39,84.000,3,39.000,20,38.500,1,240.000,30,241.000,29,244.000,10,320.000,1,364.000,1,0,15,
103843045000,227.000,1,227.000,30,226.000,45,84.000,3,39.000,20,38.500,1,240.000,30,241.000,29,244.000,10,320.000,1,364.000,1,0,15,
103843373000,227.000,1,227.000,30,226.000,39,84.000,3,39.000,20,38.500,1,240.000,30,241.000,29,244.000,10,320.000,1,364.000,1,0,15,
103843394000,227.000,1,227.000,30,226.000,59,84.000,3,39.000,20,38.500,1,240.000,30,241.000,49,244.000,10,320.000,1,364.000,1,0,15,
103847760000,227.000,1,227.000,30,226.000,39,84.000,3,39.000,20,38.500,1,240.000,30,241.000,29,244.000,10,320.000,1,364.000,1,0,15,
103848492000,227.000,1,227.000,30,226.000,59,84.000,3,39.000,20,38.500,1,240.000,30,241.000,49,244.000,10,320.000,1,364.000,1,0,15,
103848524000,227.000,1,227.000,30,226.000,59,84.000,3,39.000,20,38.500,1,240.000,30,241.000,49,244.000,10,250.000,1,320.000,1,0,15,
103848767000,227.000,1,227.000,30,226.000,39,84.000,3,39.000,20,38.500,1,240.000,30,241.000,29,244.000,10,250.000,1,320.000,1,0,15,
103850516000,227.000,1,227.000,30,226.000,59,84.000,3,39.000,20,38.500,1,240.000,30,241.000,49,244.000,10,250.000,1,320.000,1,0,15,
103854929000,227.000,1,227.000,30,226.000,59,84.000,3,39.000,20,38.500,1,240.000,30,241.000,49,250.000,1,320.000,1,364.000,1,0,15,
103854929000,227.000,1,227.000,30,226.000,59,84.000,3,39.000,20,38.500,1,240.000,30,241.000,49,242.000,10,250.000,1,320.000,1,0,15,
103858719000,227.000,1,227.000,30,226.000,39,84.000,3,39.000,20,38.500,1,240.000,30,241.000,29,242.000,10,250.000,1,320.000,1,0,15,
103859008000,227.000,1,227.000,30,226.000,59,84.000,3,39.000,20,38.500,1,240.000,30,241.000,49,242.000,10,250.000,1,320.000,1,0,15,
103859976000,227.000,1,227.000,30,226.000,39,84.000,3,39.000,20,38.500,1,240.000,30,241.000,29,242.000,10,250.000,1,320.000,1,0,15,
103900012000,227.000,1,227.000,30,226.000,59,84.000,3,39.000,20,38.500,1,240.000,30,241.000,49,242.000,10,250.000,1,320.000,1,0,15,
103900206000,227.000,1,227.000,30,226.000,39,84.000,3,39.000,20,38.500,1,240.000,30,241.000,29,242.000,10,250.000,1,320.000,1,0,15,
103901040000,227.000,1,227.000,30,226.000,59,84.000,3,39.000,20,38.500,1,240.000,30,241.000,49,242.000,10,250.000,1,320.000,1,0,15,
103901126000,227.000,1,227.000,30,226.000,39,84.000,3,39.000,20,38.500,1,240.000,30,241.000,29,242.000,10,250.000,1,320.000,1,0,15,
103902043000,227.000,1,227.000,50,226.000,39,84.000,3,39.000,20,38.500,1,240.000,30,241.000,29,242.000,30,250.000,1,320.000,1,0,15,
103905342000,227.000,1,227.000,30,226.000,39,84.000,3,39.000,20,38.500,1,240.000,30,241.000,29,242.000,10,250.000,1,320.000,1,0,15,
103905394000,227.000,1,227.000,30,226.000,59,84.000,3,39.000,20,38.500,1,240.000,30,241.000,49,242.000,10,250.000,1,320.000,1,0,15,
103908177000,227.000,1,227.000,30,226.000,49,84.000,3,39.000,20,38.500,1,240.000,30,241.000,49,242.000,10,250.000,1,320.000,1,0,15,
103908177000,227.000,1,228.000,9,227.000,30,226.000,49,84.000,3,39.000,20,240.000,30,241.000,49,242.000,10,250.000,1,320.000,1,0,15,
103908177000,227.000,1,228.000,18,227.000,30,226.000,49,84.000,3,39.000,20,240.000,30,241.000,49,242.000,10,250.000,1,320.000,1,0,15,
103908281000,227.000,1,228.000,18,227.000,30,226.000,29,84.000,3,39.000,20,240.000,30,241.000,29,242.000,10,250.000,1,320.000,1,0,15,
103908505000,227.000,1,228.000,18,227.000,30,226.000,20,84.000,3,39.000,20,240.000,30,241.000,29,242.000,10,250.000,1,320.000,1,0,15,
103908505000,227.000,1,228.000,38,227.000,30,226.000,20,84.000,3,39.000,20,240.000,30,241.000,29,242.000,10,243.000,20,250.000,1,0,15,
103908897000,227.000,1,228.000,38,227.000,30,84.000,3,39.000,20,38.500,1,240.000,30,241.000,9,242.000,10,243.000,20,250.000,1,0,15,
103908914000,227.000,1,228.000,38,227.000,9,84.000,3,39.000,20,38.500,1,240.000,9,241.000,9,242.000,10,243.000,20,250.000,1,0,15,
103908914000,227.000,1,229.000,21,228.000,38,227.000,9,84.000,3,39.000,20,240.000,30,241.000,9,242.000,10,243.000,20,250.000,1,0,15,
103908915000,227.000,1,229.000,21,228.000,38,227.000,9,84.000,3,39.000,20,240.000,21,241.000,9,242.000,10,243.000,20,250.000,1,0,15,
103908915000,227.000,1,229.000,21,228.000,38,227.000,9,84.000,3,39.000,20,240.000,21,241.000,9,242.000,19,243.000,20,250.000,1,0,15,
103908915000,227.000,1,229.000,30,228.000,38,227.000,9,84.000,3,39.000,20,240.000,21,241.000,9,242.000,19,243.000,20,250.000,1,0,15,
103908915000,227.000,1,229.000,30,228.000,38,227.000,9,84.000,3,39.000,20,240.000,30,241.000,9,242.000,19,243.000,20,250.000,1,0,15,
103909003000,227.000,1,229.000,30,228.000,58,227.000,9,84.000,3,39.000,20,240.000,30,241.000,9,242.000,19,243.000,40,250.000,1,0,15,
103909004000,227.000,1,229.000,30,228.000,58,84.000,3,39.000,20,38.500,1,240.000,30,241.000,9,242.000,19,243.000,40,250.000,1,0,15,
103909004000,227.000,1,229.000,30,228.000,58,84.000,3,39.000,20,38.500,1,240.000,30,241.000,9,242.000,10,243.000,40,250.000,1,0,15,
103926524000,227.000,1,229.000,30,228.000,58,84.000,3,39.000,20,38.500,1,240.000,30,241.000,9,243.000,40,250.000,1,320.000,1,0,15,
103926648000,227.000,1,229.000,30,228.000,58,84.000,3,39.000,20,38.500,1,240.000,30,241.000,9,243.000,40,244.000,9,250.000,1,0,15,
103929100000,227.000,1,229.000,30,228.000,38,84.000,3,39.000,20,38.500,1,240.000,30,241.000,9,243.000,20,244.000,9,250.000,1,0,15,
103929558000,227.000,1,229.000,30,228.000,58,84.000,3,39.000,20,38.500,1,240.000,30,241.000,9,243.000,40,244.000,9,250.000,1,0,15,
103929926000,227.000,1,229.000,9,228.000,58,84.000,3,39.000,20,38.500,1,240.000,9,241.000,9,243.000,40,244.000,9,250.000,1,0,15,
103929926000,227.000,1,229.000,30,228.000,58,84.000,3,39.000,20,38.500,1,240.000,9,241.000,30,243.000,40,244.000,9,250.000,1,0,15,
103929927000,227.000,1,229.000,30,228.000,58,84.000,3,39.000,20,38.500,1,240.000,9,241.000,30,243.000,49,244.000,9,250.000,1,0,15,
103929927000,227.000,1,229.000,30,228.000,58,84.000,3,39.000,20,38.500,1,241.000,30,243.000,49,244.000,9,250.000,1,320.000,1,0,15,
103929927000,227.000,1,229.000,21,228.000,58,84.000,3,39.000,20,38.500,1,241.000,30,243.000,49,244.000,9,250.000,1,320.000,1,0,15,
103929927000,227.000,1,229.000,30,228.000,58,84.000,3,39.000,20,38.500,1,241.000,30,243.000,49,244.000,9,250.000,1,320.000,1,0,15,
103931930000,227.000,1,229.000,9,228.000,58,84.000,3,39.000,20,38.500,1,241.000,9,243.000,49,244.000,9,250.000,1,320.000,1,0,15,
103931930000,227.000,1,229.000,30,228.000,58,84.000,3,39.000,20,38.500,1,240.000,21,241.000,9,243.000,49,244.000,9,250.000,1,0,15,
103931930000,227.000,1,229.000,21,228.000,58,84.000,3,39.000,20,38.500,1,240.000,21,241.000,9,243.000,49,244.000,9,250.000,1,0,15,
103931930000,227.000,1,229.000,21,228.000,58,84.000,3,39.000,20,38.500,1,240.000,21,243.000,49,244.000,9,250.000,1,320.000,1,0,15,
103931930000,227.000,1,229.000,21,228.000,58,84.000,3,39.000,20,38.500,1,240.000,30,243.000,49,244.000,9,250.000,1,320.000,1,0,15,
103931931000,227.000,1,229.000,30,228.000,58,84.000,3,39.000,20,38.500,1,240.000,30,243.000,49,244.000,9,250.000,1,320.000,1,0,15,
103932641000,227.000,1,229.000,9,228.000,58,84.000,3,39.000,20,38.500,1,240.000,9,243.000,49,244.000,9,250.000,1,320.000,1,0,15,
103932641000,227.000,1,229.000,30,228.000,58,84.000,3,39.000,20,38.500,1,240.000,9,241.000,21,243.000,49,244.000,9,250.000,1,0,15,
103932641000,227.000,1,229.000,21,228.000,58,84.000,3,39.000,20,38.500,1,240.000,9,241.000,21,243.000,49,244.000,9,250.000,1,0,15,
103932641000,227.000,1,229.000,21,228.000,58,84.000,3,39.000,20,38.500,1,241.000,21,243.000,49,244.000,9,250.000,1,320.000,1,0,15,
103932641000,227.000,1,229.000,21,228.000,58,84.000,3,39.000,20,38.500,1,241.000,30,243.000,49,244.000,9,250.000,1,320.000,1,0,15,
103932641000,227.000,1,229.000,30,228.000,58,84.000,3,39.000,20,38.500,1,241.000,30,243.000,49,244.000,9,250.000,1,320.000,1,0,15,
103939059000,227.000,1,229.000,9,228.000,58,84.000,3,39.000,20,38.500,1,241.000,9,243.000,49,244.000,9,250.000,1,320.000,1,0,15,
103939059000,227.000,1,229.000,30,228.000,58,84.000,3,39.000,20,38.500,1,241.000,9,242.000,21,243.000,49,244.000,9,250.000,1,0,15,
103939059000,227.000,1,229.000,21,228.000,58,84.000,3,39.000,20,38.500,1,241.000,9,242.000,21,243.000,49,244.000,9,250.000,1,0,15,
103939059000,227.000,1,229.000,21,228.000,58,84.000,3,39.000,20,38.500,1,242.000,21,243.000,49,244.000,9,250.000,1,320.000,1,0,15,
103939059000,227.000,1,229.000,21,228.000,58,84.000,3,39.000,20,38.500,1,242.000,30,243.000,49,244.000,9,250.000,1,320.000,1,0,15,
103939059000,227.000,1,229.000,30,228.000,58,84.000,3,39.000,20,38.500,1,242.000,30,243.000,49,244.000,9,250.000,1,320.000,1,0,15,
103949600000,227.000,1,229.000,30,228.000,38,84.000,3,39.000,20,38.500,1,242.000,30,243.000,29,244.000,9,250.000,1,320.000,1,0,15,
103950109000,227.000,1,229.000,30,228.000,58,84.000,3,39.000,20,38.500,1,242.000,30,243.000,49,244.000,9,250.000,1,320.000,1,0,15,
103956535000,227.000,1,229.000,30,228.000,49,84.000,3,39.000,20,38.500,1,242.000,30,243.000,49,244.000,9,250.000,1,320.000,1,0,15,
103956535000,227.000,1,230.000,9,229.000,30,228.000,49,84.000,3,39.000,20,242.000,30,243.000,49,244.000,9,250.000,1,320.000,1,0,15,
103956535000,227.000,1,230.000,18,229.000,30,228.000,49,84.000,3,39.000,20,242.000,30,243.000,49,244.000,9,250.000,1,320.000,1,0,15,
103956718000,227.000,1,230.000,18,229.000,30,228.000,29,84.000,3,39.000,20,242.000,30,243.000,29,244.000,9,250.000,1,320.000,1,0,15,
103956832000,227.000,1,230.000,18,229.000,30,228.000,9,84.000,3,39.000,20,242.000,30,243.000,9,244.000,9,250.000,1,320.000,1,0,15,
103956986000,227.000,1,230.000,18,229.000,9,228.000,9,84.000,3,39.000,20,242.000,9,243.000,9,244.000,9,250.000,1,320.000,1,0,15,
103956986000,227.000,1,231.000,21,230.000,18,229.000,9,228.000,9,84.000,3,242.000,30,243.000,9,244.000,9,250.000,1,320.000,1,0,15,
103956986000,227.000,1,231.000,21,230.000,18,229.000,9,228.000,9,84.000,3,242.000,30,243.000,9,244.000,18,250.000,1,320.000,1,0,15,
103956986000,227.000,1,231.000,30,230.000,18,229.000,9,228.000,9,84.000,3,242.000,30,243.000,9,244.000,18,250.000,1,320.000,1,0,15,
103956986000,227.000,1,231.000,30,230.000,18,229.000,9,228.000,9,84.000,3,242.000,21,243.000,9,244.000,18,250.000,1,320.000,1,0,15,
103957005000,227.000,1,231.000,30,230.000,38,229.000,9,228.000,9,84.000,3,242.000,21,243.000,9,244.000,18,245.000,20,250.000,1,0,15,
103957005000,227.000,1,231.000,30,230.000,38,228.000,9,84.000,3,39.000,20,242.000,21,243.000,9,244.000,18,245.000,20,250.000,1,0,15,
103957005000,227.000,1,231.000,30,230.000,38,84.000,3,39.000,20,38.500,1,242.000,21,243.000,9,244.000,18,245.000,20,250.000,1,0,15,
103957012000,227.000,1,231.000,30,230.000,38,229.000,20,84.000,3,39.000,20,242.000,21,243.000,9,244.000,38,245.000,20,250.000,1,0,15,
103957034000,227.000,1,231.000,30,230.000,38,229.000,20,84.000,3,39.000,20,242.000,30,243.000,9,244.000,38,245.000,20,250.000,1,0,15,
103957505000,227.000,1,231.000,30,230.000,38,229.000,20,84.000,3,39.000,20,242.000,30,243.000,9,244.000,29,245.000,20,250.000,1,0,15,
104000250000,227.000,1,231.000,30,230.000,38,229.000,20,84.000,3,39.000,20,242.000,30,243.000,9,244.000,20,245.000,20,250.000,1,0,15,
104000374000,227.000,1,231.000,30,230.000,38,229.000,20,84.000,3,39.000,20,242.000,30,243.000,9,244.000,20,245.000,20,246.000,9,0,15,
104000782000,227.000,1,231.000,30,230.000,38,84.000,3,39.000,20,38.500,1,242.000,30,243.000,9,245.000,20,246.000,9,250.000,1,0,15,
104001244000,227.000,1,231.000,30,230.000,58,84.000,3,39.000,20,38.500,1,242.000,30,243.000,9,245.000,40,246.000,9,250.000,1,0,15,
104001622000,227.000,1,231.000,30,230.000,38,84.000,3,39.000,20,38.500,1,242.000,30,243.000,9,245.000,20,246.000,9,250.000,1,0,15,
104002256000,227.000,1,231.000,30,230.000,58,84.000,3,39.000,20,38.500,1,242.000,30,243.000,9,245.000,40,246.000,9,250.000,1,0,15,
104008979000,227.000,1,231.000,30,230.000,58,84.000,3,39.000,20,38.500,1,242.000,30,243.000,9,245.000,40,250.000,1,320.000,1,0,15,
104008979000,227.000,1,231.000,30,230.000,58,84.000,3,39.000,20,38.500,1,242.000,30,243.000,9,244.000,9,245.000,40,250.000,1,0,15,
104009027000,227.000,1,231.000,30,230.000,38,84.000,3,39.000,20,38.500,1,242.000,30,243.000,9,244.000,9,245.000,20,250.000,1,0,15,
104012180000,227.000,1,231.000,30,230.000,38,84.000,3,39.000,20,38.500,1,242.000,30,243.000,9,244.000,9,245.000,20,320.000,1,0,15,
104013074000,227.000,1,231.000,30,230.000,38,84.000,3,39.000,20,38.500,1,242.000,30,243.000,9,244.000,9,245.000,20,253.000,1,0,15,
104013344000,227.000,1,231.000,30,230.000,38,229.000,20,84.000,3,39.000,20,242.000,30,243.000,9,244.000,29,245.000,20,253.000,1,0,15,
104016851000,227.000,1,231.000,30,230.000,38,84.000,3,39.000,20,38.500,1,242.000,30,243.000,9,244.000,9,245.000,20,253.000,1,0,15,
104017365000,227.000,1,231.000,30,230.000,58,84.000,3,39.000,20,38.500,1,242.000,30,243.000,9,244.000,9,245.000,40,253.000,1,0,15,
104024482000,227.000,1,231.000,30,230.000,58,84.000,3,39.000,20,38.500,1,242.000,30,243.000,9,245.000,40,253.000,1,320.000,1,0,15,
104024603000,227.000,1,231.000,30,230.000,58,84.000,3,39.000,20,38.500,1,242.000,30,243.000,9,245.000,40,246.000,9,253.000,1,0,15,
104024976000,227.000,1,231.000,9,230.000,58,84.000,3,39.000,20,38.500,1,242.000,9,243.000,9,245.000,40,246.000,9,253.000,1,0,15,
104024976000,227.000,1,231.000,30,230.000,58,84.000,3,39.000,20,38.500,1,242.000,9,243.000,30,245.000,40,246.000,9,253.000,1,0,15,
104024976000,227.000,1,231.000,30,230.000,58,84.000,3,39.000,20,38.500,1,242.000,9,243.000,30,245.000,49,246.000,9,253.000,1,0,15,
104024976000,227.000,1,231.000,21,230.000,58,84.000,3,39.000,20,38.500,1,242.000,9,243.000,30,245.000,49,246.000,9,253.000,1,0,15,
104024976000,227.000,1,231.000,21,230.000,58,84.000,3,39.000,20,38.500,1,243.000,30,245.000,49,246.000,9,253.000,1,320.000,1,0,15,
104024977000,227.000,1,231.000,30,230.000,58,84.000,3,39.000,20,38.500,1,243.000,30,245.000,49,246.000,9,253.000,1,320.000,1,0,15,
104025976000,227.000,1,231.000,9,230.000,58,84.000,3,39.000,20,38.500,1,243.000,9,245.000,49,246.000,9,253.000,1,320.000,1,0,15,
104025976000,227.000,1,231.000,30,230.000,58,84.000,3,39.000,20,38.500,1,242.000,21,243.000,9,245.000,49,246.000,9,253.000,1,0,15,
104025977000,227.000,1,231.000,30,230.000,58,84.000,3,39.000,20,38.500,1,242.000,21,245.000,49,246.000,9,253.000,1,320.000,1,0,15,
104025977000,227.000,1,231.000,21,230.000,58,84.000,3,39.000,20,38.500,1,242.000,21,245.000,49,246.000,9,253.000,1,320.000,1,0,15,
104025977000,227.000,1,231.000,21,230.000,58,84.000,3,39.000,20,38.500,1,242.000,30,245.000,49,246.000,9,253.000,1,320.000,1,0,15,
104025977000,227.000,1,231.000,30,230.000,58,84.000,3,39.000,20,38.500,1,242.000,30,245.000,49,246.000,9,253.000,1,320.000,1,0,15,
104033973000,227.000,1,231.000,9,230.000,58,84.000,3,39.000,20,38.500,1,242.000,9,245.000,49,246.000,9,253.000,1,320.000,1,0,15,
104033973000,227.000,1,231.000,30,230.000,58,84.000,3,39.000,20,38.500,1,242.000,9,243.000,21,245.000,49,246.000,9,253.000,1,0,15,
104033973000,227.000,1,231.000,30,230.000,58,84.000,3,39.000,20,38.500,1,243.000,21,245.000,49,246.000,9,253.000,1,320.000,1,0,15,
104033973000,227.000,1,231.000,21,230.000,58,84.000,3,39.000,20,38.500,1,243.000,21,245.000,49,246.000,9,253.000,1,320.000,1,0,15,
104033973000,227.000,1,231.000,21,230.000,58,84.000,3,39.000,20,38.500,1,243.000,30,245.000,49,246.000,9,253.000,1,320.000,1,0,15,
104033973000,227.000,1,231.000,30,230.000,58,84.000,3,39.000,20,38.500,1,243.000,30,245.000,49,246.000,9,253.000,1,320.000,1,0,15,
104037400000,227.000,1,231.000,30,230.000,38,84.000,3,39.000,20,38.500,1,243.000,30,245.000,29,246.000,9,253.000,1,320.000,1,0,15,
104037547000,227.000,1,231.000,30,230.000,58,84.000,3,39.000,20,38.500,1,243.000,30,245.000,49,246.000,9,253.000,1,320.000,1,0,15,
104054490000,227.000,1,231.000,30,230.000,49,84.000,3,39.000,20,38.500,1,243.000,30,245.000,49,246.000,9,253.000,1,320.000,1,0,15,
104054490000,227.000,1,232.000,9,231.000,30,230.000,49,84.000,3,39.000,20,243.000,30,245.000,49,246.000,9,253.000,1,320.000,1,0,15,
104054490000,227.000,1,232.000,18,231.000,30,230.000,49,84.000,3,39.000,20,243.000,30,245.000,49,246.000,9,253.000,1,320.000,1,0,15,
104054504000,227.000,1,232.000,18,231.000,30,230.000,29,84.000,3,39.000,20,243.000,30,245.000,29,246.000,9,253.000,1,320.000,1,0,15,
104054504000,227.000,1,232.000,38,231.000,30,230.000,29,84.000,3,39.000,20,243.000,30,245.000,29,246.000,9,247.000,20,253.000,1,0,15,
104054504000,227.000,1,232.000,38,231.000,30,230.000,20,84.000,3,39.000,20,243.000,30,245.000,29,246.000,9,247.000,20,253.000,1,0,15,
104054993000,227.000,1,232.000,38,231.000,9,230.000,20,84.000,3,39.000,20,243.000,9,245.000,29,246.000,9,247.000,20,253.000,1,0,15,
104054993000,227.000,1,233.000,21,232.000,38,231.000,9,230.000,20,84.000,3,243.000,30,245.000,29,246.000,9,247.000,20,253.000,1,0,15,
104054994000,227.000,1,233.000,21,232.000,38,231.000,9,230.000,20,84.000,3,243.000,21,245.000,29,246.000,9,247.000,20,253.000,1,0,15,
104054994000,227.000,1,233.000,30,232.000,38,231.000,9,230.000,20,84.000,3,243.000,21,245.000,29,246.000,9,247.000,20,253.000,1,0,15,
104054994000,227.000,1,233.000,30,232.000,38,231.000,9,230.000,20,84.000,3,243.000,30,245.000,29,246.000,9,247.000,20,253.000,1,0,15,
104055004000,227.000,1,233.000,30,232.000,38,230.000,20,84.000,3,39.000,20,243.000,30,245.000,29,246.000,9,247.000,20,253.000,1,0,15,
104055696000,227.000,1,233.000,30,232.000,38,84.000,3,39.000,20,38.500,1,243.000,30,245.000,9,246.000,9,247.000,20,253.000,1,0,15,
104055768000,227.000,1,233.000,30,232.000,38,231.000,20,84.000,3,39.000,20,243.000,30,245.000,9,246.000,29,247.000,20,253.000,1,0,15,
104101770000,227.000,1,233.000,30,232.000,38,84.000,3,39.000,20,38.500,1,243.000,30,245.000,9,246.000,9,247.000,20,253.000,1,0,15,
104101970000,227.000,1,233.000,30,232.000,38,231.000,20,84.000,3,39.000,20,243.000,30,245.000,9,246.000,29,247.000,20,253.000,1,0,15,
104112507000,227.000,1,233.000,30,232.000,29,231.000,20,84.000,3,39.000,20,243.000,30,245.000,9,246.000,29,247.000,20,253.000,1,0,15,
104112509000,227.000,1,233.000,30,232.000,29,84.000,3,39.000,20,38.500,1,243.000,30,245.000,9,246.000,9,247.000,20,253.000,1,0,15,
104112626000,227.000,1,233.000,30,232.000,29,230.000,9,84.000,3,39.000,20,243.000,30,245.000,9,246.000,9,247.000,20,253.000,1,0,15,
104115039000,227.000,1,233.000,30,232.000,29,230.000,29,84.000,3,39.000,20,243.000,30,245.000,29,246.000,9,247.000,20,253.000,1,0,15,
104115562000,227.000,1,233.000,30,232.000,9,230.000,29,84.000,3,39.000,20,243.000,30,245.000,29,246.000,9,253.000,1,320.000,1,0,15,
104116004000,227.000,1,233.000,30,232.000,9,230.000,49,84.000,3,39.000,20,243.000,30,245.000,49,246.000,9,253.000,1,320.000,1,0,15,
104126154000,227.000,1,233.000,30,232.000,9,230.000,49,84.000,3,39.000,20,243.000,30,244.000,8,245.000,49,246.000,9,253.000,1,0,15,
104126154000,227.000,1,233.000,30,232.000,9,230.000,49,84.000,3,39.000,20,243.000,30,244.000,8,245.000,49,253.000,1,320.000,1,0,15,
104126158000,227.000,1,233.000,30,232.000,9,230.000,49,84.000,3,39.000,20,243.000,30,244.000,17,245.000,49,253.000,1,320.000,1,0,15,
104128987000,227.000,1,233.000,9,232.000,9,230.000,49,84.000,3,39.000,20,243.000,9,244.000,17,245.000,49,253.000,1,320.000,1,0,15,
104128987000,227.000,1,233.000,9,232.000,30,230.000,49,84.000,3,39.000,20,243.000,30,244.000,17,245.000,49,253.000,1,320.000,1,0,15,
104128988000,227.000,1,233.000,9,232.000,30,230.000,49,84.000,3,39.000,20,243.000,30,244.000,26,245.000,49,253.000,1,320.000,1,0,15,
104128988000,227.000,1,232.000,30,230.000,49,84.000,3,39.000,20,38.500,1,243.000,30,244.000,26,245.000,49,253.000,1,320.000,1,0,15,
104128988000,227.000,1,232.000,30,230.000,58,84.000,3,39.000,20,38.500,1,243.000,30,244.000,26,245.000,49,253.000,1,320.000,1,0,15,
104128988000,227.000,1,232.000,30,230.000,58,84.000,3,39.000,20,38.500,1,243.000,21,244.000,26,245.000,49,253.000,1,320.000,1,0,15,
104128988000,227.000,1,232.000,30,230.000,58,84.000,3,39.000,20,38.500,1,243.000,30,244.000,26,245.000,49,253.000,1,320.000,1,0,15,
104129005000,227.000,1,232.000,30,230.000,58,84.000,3,39.000,20,38.500,1,243.000,30,244.000,26,245.000,40,253.000,1,320.000,1,0,15,
104129145000,227.000,1,232.000,30,230.000,38,84.000,3,39.000,20,38.500,1,243.000,30,244.000,26,245.000,20,253.000,1,320.000,1,0,15,
104129146000,227.000,1,232.000,30,230.000,29,84.000,3,39.000,20,38.500,1,243.000,30,244.000,26,245.000,20,253.000,1,320.000,1,0,15,
104129148000,227.000,1,232.000,30,230.000,29,84.000,3,39.000,20,38.500,1,243.000,30,244.000,18,245.000,20,253.000,1,320.000,1,0,15,
104129152000,227.000,1,232.000,30,230.000,9,84.000,3,39.000,20,38.500,1,243.000,30,244.000,18,253.000,1,320.000,1,364.000,1,0,15,
104129158000,227.000,1,232.000,30,230.000,9,84.000,3,39.000,20,38.500,1,243.000,38,244.000,18,253.000,1,320.000,1,364.000,1,0,15,
104129261000,227.000,1,232.000,30,230.000,9,228.000,10,84.000,3,39.000,20,243.000,38,244.000,18,253.000,1,320.000,1,364.000,1,0,15,
104129505000,227.000,1,232.000,30,230.000,9,228.000,30,84.000,3,39.000,20,243.000,58,244.000,18,253.000,1,320.000,1,364.000,1,0,15,
104131267000,227.000,1,232.000,30,230.000,9,228.000,30,84.000,3,39.000,20,243.000,50,244.000,18,253.000,1,320.000,1,364.000,1,0,15,
104131277000,227.000,1,232.000,30,230.000,9,228.000,30,84.000,3,39.000,20,243.000,50,244.000,26,253.000,1,320.000,1,364.000,1,0,15,
104132006000,227.000,1,232.000,9,230.000,9,228.000,30,84.000,3,39.000,20,243.000,29,244.000,26,253.000,1,320.000,1,364.000,1,0,15,
104132006000,227.000,1,233.000,21,232.000,9,230.000,9,228.000,30,84.000,3,243.000,50,244.000,26,253.000,1,320.000,1,364.000,1,0,15,
104132006000,227.000,1,233.000,21,230.000,9,228.000,30,84.000,3,39.000,20,243.000,50,244.000,26,253.000,1,320.000,1,364.000,1,0,15,
104132006000,227.000,1,233.000,21,230.000,9,228.000,39,84.000,3,39.000,20,243.000,50,244.000,26,253.000,1,320.000,1,364.000,1,0,15,
104132006000,227.000,1,233.000,30,230.000,9,228.000,39,84.000,3,39.000,20,243.000,50,244.000,26,253.000,1,320.000,1,364.000,1,0,15,
104132141000,227.000,1,233.000,30,230.000,29,228.000,39,84.000,3,39.000,20,243.000,50,244.000,26,245.000,20,253.000,1,320.000,1,0,15,
104132505000,227.000,1,233.000,30,230.000,29,228.000,30,84.000,3,39.000,20,243.000,50,244.000,26,245.000,20,253.000,1,320.000,1,0,15,
104132993000,227.000,1,233.000,30,230.000,29,229.000,20,228.000,30,84.000,3,243.000,50,244.000,46,245.000,20,253.000,1,320.000,1,0,15,
104134313000,227.000,1,233.000,30,230.000,29,229.000,20,228.000,10,84.000,3,243.000,30,244.000,46,245.000,20,253.000,1,320.000,1,0,15,
104134504000,227.000,1,233.000,30,230.000,49,229.000,20,228.000,10,84.000,3,243.000,30,244.000,46,245.000,40,253.000,1,320.000,1,0,15,
104139619000,227.000,1,233.000,9,230.000,49,229.000,20,228.000,10,84.000,3,243.000,9,244.000,46,245.000,40,253.000,1,320.000,1,0,15,
104139619000,227.000,1,233.000,9,232.000,21,230.000,49,229.000,20,228.000,10,243.000,30,244.000,46,245.000,40,253.000,1,320.000,1,0,15,
104139621000,227.000,1,233.000,9,232.000,21,230.000,49,228.000,10,84.000,3,243.000,30,244.000,26,245.000,40,253.000,1,320.000,1,0,15,
104139621000,227.000,1,233.000,9,232.000,21,230.000,49,228.000,30,84.000,3,243.000,50,244.000,26,245.000,40,253.000,1,320.000,1,0,15,
104139621000,227.000,1,233.000,9,232.000,30,230.000,49,228.000,30,84.000,3,243.000,50,244.000,26,245.000,40,253.000,1,320.000,1,0,15,
104139621000,227.000,1,232.000,30,230.000,49,228.000,30,84.000,3,39.000,20,243.000,50,244.000,26,245.000,40,253.000,1,320.000,1,0,15,
104139621000,227.000,1,233.000,9,232.000,30,230.000,49,228.000,30,84.000,3,243.000,50,244.000,26,245.000,40,253.000,1,320.000,1,0,15,
104139622000,227.000,1,232.000,30,230.000,49,228.000,30,84.000,3,39.000,20,243.000,50,244.000,26,245.000,40,253.000,1,320.000,1,0,15,
104139715000,227.000,1,232.000,30,230.000,29,228.000,30,84.000,3,39.000,20,243.000,50,244.000,26,245.000,20,253.000,1,320.000,1,0,15,
104140295000,227.000,1,232.000,30,230.000,29,229.000,20,228.000,30,84.000,3,243.000,50,244.000,46,245.000,20,253.000,1,320.000,1,0,15,
104142938000,227.000,1,232.000,30,230.000,29,229.000,20,228.000,30,84.000,3,243.000,50,244.000,38,245.000,20,253.000,1,320.000,1,0,15,
104142948000,227.000,1,232.000,30,230.000,29,229.000,20,228.000,30,84.000,3,243.000,58,244.000,38,245.000,20,253.000,1,320.000,1,0,15,
104142992000,227.000,1,232.000,30,230.000,29,229.000,20,228.000,10,84.000,3,243.000,38,244.000,38,245.000,20,253.000,1,320.000,1,0,15,
104142992000,227.000,1,232.000,30,230.000,29,229.000,20,228.000,10,227.000,20,242.000,20,243.000,38,244.000,38,245.000,20,253.000,1,0,15,
104142993000,227.000,1,232.000,30,230.000,29,229.000,20,228.000,10,227.000,20,242.000,29,243.000,38,244.000,38,245.000,20,253.000,1,0,15,
104143005000,227.000,1,232.000,30,230.000,29,229.000,20,228.000,10,227.000,20,242.000,29,243.000,38,244.000,29,245.000,20,253.000,1,0,15,
104143005000,227.000,1,232.000,30,230.000,9,229.000,20,228.000,10,227.000,20,242.000,29,243.000,38,244.000,29,253.000,1,320.000,1,0,15,
104143005000,227.000,1,232.000,30,230.000,9,229.000,20,228.000,30,227.000,20,242.000,29,243.000,58,244.000,29,253.000,1,320.000,1,0,15,
104143008000,227.000,1,232.000,9,230.000,9,229.000,20,228.000,30,227.000,20,242.000,29,243.000,37,244.000,29,253.000,1,320.000,1,0,15,
104143009000,227.000,1,232.000,30,230.000,9,229.000,20,228.000,30,227.000,20,241.000,21,242.000,29,243.000,37,244.000,29,253.000,1,0,15,
104143009000,227.000,1,232.000,30,230.000,9,229.000,29,228.000,30,227.000,20,241.000,21,242.000,29,243.000,37,244.000,29,253.000,1,0,15,
104143009000,227.000,1,232.000,30,230.000,9,229.000,29,228.000,30,227.000,20,241.000,30,242.000,29,243.000,37,244.000,29,253.000,1,0,15,
104143009000,227.000,1,232.000,21,230.000,9,229.000,29,228.000,30,227.000,20,241.000,30,242.000,29,243.000,37,244.000,29,253.000,1,0,15,
104143009000,227.000,1,232.000,30,230.000,9,229.000,29,228.000,30,227.000,20,241.000,30,242.000,29,243.000,37,244.000,29,253.000,1,0,15,
104143504000,227.000,1,232.000,30,230.000,9,229.000,20,228.000,30,227.000,20,241.000,30,242.000,29,243.000,37,244.000,29,253.000,1,0,15,
104143504000,227.000,1,232.000,30,230.000,9,229.000,20,228.000,30,227.000,20,241.000,30,242.000,29,243.000,28,244.000,29,253.000,1,0,15,
104144369000,227.000,1,232.000,30,230.000,9,229.000,20,228.000,30,84.000,3,241.000,30,242.000,9,243.000,28,244.000,29,253.000,1,0,15,
104144369000,227.000,1,232.000,30,230.000,9,229.000,20,228.000,50,84.000,3,241.000,30,242.000,9,243.000,48,244.000,29,253.000,1,0,15,
104147493000,227.000,1,232.000,30,230.000,9,229.000,20,228.000,30,84.000,3,241.000,30,242.000,9,243.000,28,244.000,29,253.000,1,0,15,
104147493000,227.000,1,232.000,30,230.000,9,229.000,20,228.000,30,227.000,20,241.000,30,242.000,29,243.000,28,244.000,29,253.000,1,0,15,
104150963000,227.000,1,232.000,30,230.000,9,229.000,20,228.000,30,227.000,20,241.000,30,242.000,29,243.000,20,244.000,29,253.000,1,0,15,
104151369000,227.000,1,232.000,30,230.000,9,229.000,20,228.000,30,84.000,3,241.000,30,242.000,9,243.000,20,244.000,29,253.000,1,0,15,
104151369000,227.000,1,232.000,30,230.000,9,229.000,20,228.000,50,84.000,3,241.000,30,242.000,9,243.000,40,244.000,29,253.000,1,0,15,
104153742000,227.000,1,232.000,30,230.000,9,229.000,20,228.000,30,84.000,3,241.000,30,242.000,9,243.000,20,244.000,29,253.000,1,0,15,
104153742000,227.000,1,232.000,30,230.000,9,229.000,20,228.000,30,227.000,20,241.000,30,242.000,29,243.000,20,244.000,29,253.000,1,0,15,
104156117000,227.000,1,232.000,30,230.000,9,229.000,20,228.000,30,84.000,3,241.000,30,242.000,9,243.000,20,244.000,29,253.000,1,0,15,
104156117000,227.000,1,232.000,30,230.000,9,229.000,20,228.000,50,84.000,3,241.000,30,242.000,9,243.000,40,244.000,29,253.000,1,0,15,
104156744000,227.000,1,232.000,30,230.000,9,229.000,20,228.000,30,84.000,3,241.000,30,242.000,9,243.000,20,244.000,29,253.000,1,0,15,
104156744000,227.000,1,232.000,30,230.000,9,229.000,20,228.000,30,227.000,20,241.000,30,242.000,29,243.000,20,244.000,29,253.000,1,0,15,
104200300000,227.000,1,232.000,30,230.000,9,228.000,30,227.000,20,84.000,3,241.000,30,242.000,29,243.000,20,244.000,9,253.000,1,0,15,
104200749000,227.000,1,232.000,30,230.000,9,229.000,20,228.000,30,227.000,20,241.000,30,242.000,29,243.000,20,244.000,29,253.000,1,0,15,
104201617000,227.000,1,232.000,30,230.000,9,229.000,20,228.000,30,84.000,3,241.000,30,242.000,9,243.000,20,244.000,29,253.000,1,0,15,
104201617000,227.000,1,232.000,30,230.000,9,229.000,20,228.000,50,84.000,3,241.000,30,242.000,9,243.000,40,244.000,29,253.000,1,0,15,
104203395000,227.000,1,232.000,30,230.000,9,229.000,20,228.000,30,84.000,3,241.000,30,242.000,9,243.000,20,244.000,29,253.000,1,0,15,
104203397000,227.000,1,232.000,30,230.000,9,228.000,30,84.000,3,39.000,20,241.000,30,242.000,9,243.000,20,244.000,9,253.000,1,0,15,
104203505000,227.000,1,232.000,30,230.000,29,228.000,30,84.000,3,39.000,20,241.000,30,242.000,9,243.000,20,244.000,9,245.000,20,0,15,
104203798000,227.000,1,232.000,30,230.000,29,229.000,20,228.000,30,84.000,3,241.000,30,242.000,9,243.000,20,244.000,29,245.000,20,0,15,
104206206000,227.000,1,232.000,30,230.000,29,229.000,20,228.000,20,84.000,3,241.000,30,242.000,9,243.000,20,244.000,29,245.000,20,0,15,
104206206000,227.000,1,232.000,30,230.000,39,229.000,20,228.000,20,84.000,3,241.000,30,242.000,9,243.000,20,244.000,29,245.000,20,0,15,
104206243000,227.000,1,232.000,30,230.000,39,229.000,20,84.000,3,39.000,20,241.000,30,242.000,9,244.000,29,245.000,20,253.000,1,0,15,
104206243000,227.000,1,232.000,30,230.000,39,229.000,40,84.000,3,39.000,20,241.000,30,242.000,9,244.000,49,245.000,20,253.000,1,0,15,
104210029000,227.000,1,232.000,9,230.000,39,229.000,40,84.000,3,39.000,20,241.000,9,242.000,9,244.000,49,245.000,20,253.000,1,0,15,
104210029000,227.000,1,232.000,30,230.000,39,229.000,40,84.000,3,39.000,20,241.000,9,242.000,30,244.000,49,245.000,20,253.000,1,0,15,
104210030000,227.000,1,232.000,30,230.000,39,229.000,40,84.000,3,39.000,20,241.000,9,242.000,30,244.000,58,245.000,20,253.000,1,0,15,
104210030000,227.000,1,232.000,21,230.000,39,229.000,40,84.000,3,39.000,20,241.000,9,242.000,30,244.000,58,245.000,20,253.000,1,0,15,
104210030000,227.000,1,232.000,21,230.000,39,229.000,40,84.000,3,39.000,20,242.000,30,244.000,58,245.000,20,253.000,1,320.000,1,0,15,
104210030000,227.000,1,232.000,21,230.000,39,229.000,40,84.000,3,39.000,20,241.000,9,242.000,30,244.000,58,245.000,20,253.000,1,0,15,
104210030000,227.000,1,232.000,30,230.000,39,229.000,40,84.000,3,39.000,20,241.000,9,242.000,30,244.000,58,245.000,20,253.000,1,0,15,
104210030000,227.000,1,232.000,30,230.000,39,229.000,40,84.000,3,39.000,20,242.000,30,244.000,58,245.000,20,253.000,1,320.000,1,0,15,
104210270000,227.000,1,232.000,30,230.000,39,229.000,20,84.000,3,39.000,20,242.000,30,244.000,38,245.000,20,253.000,1,320.000,1,0,15,
104210911000,227.000,1,232.000,30,230.000,59,229.000,20,84.000,3,39.000,20,242.000,30,244.000,38,245.000,40,253.000,1,320.000,1,0,15,
104211030000,227.000,1,232.000,9,230.000,59,229.000,20,84.000,3,39.000,20,242.000,9,244.000,38,245.000,40,253.000,1,320.000,1,0,15,
104211030000,227.000,1,232.000,30,230.000,59,229.000,20,84.000,3,39.000,20,241.000,21,242.000,9,244.000,38,245.000,40,253.000,1,0,15,
104211030000,227.000,1,232.000,30,230.000,59,229.000,20,84.000,3,39.000,20,241.000,21,244.000,38,245.000,40,253.000,1,320.000,1,0,15,
104211030000,227.000,1,232.000,21,230.000,59,229.000,20,84.000,3,39.000,20,241.000,21,244.000,38,245.000,40,253.000,1,320.000,1,0,15,
104211030000,227.000,1,232.000,21,230.000,59,229.000,20,84.000,3,39.000,20,241.000,30,244.000,38,245.000,40,253.000,1,320.000,1,0,15,
104211031000,227.000,1,232.000,30,230.000,59,229.000,20,84.000,3,39.000,20,241.000,30,244.000,38,245.000,40,253.000,1,320.000,1,0,15,
104213027000,227.000,1,232.000,9,230.000,59,229.000,20,84.000,3,39.000,20,241.000,9,244.000,38,245.000,40,253.000,1,320.000,1,0,15,
104213027000,227.000,1,232.000,30,230.000,59,229.000,20,84.000,3,39.000,20,241.000,9,242.000,21,244.000,38,245.000,40,253.000,1,0,15,
104213027000,227.000,1,232.000,30,230.000,59,229.000,20,84.000,3,39.000,20,242.000,21,244.000,38,245.000,40,253.000,1,320.000,1,0,15,
104213027000,227.000,1,232.000,21,230.000,59,229.000,20,84.000,3,39.000,20,242.000,21,244.000,38,245.000,40,253.000,1,320.000,1,0,15,
104213027000,227.000,1,232.000,21,230.000,59,229.000,20,84.000,3,39.000,20,242.000,30,244.000,38,245.000,40,253.000,1,320.000,1,0,15,
104213028000,227.000,1,232.000,30,230.000,59,229.000,20,84.000,3,39.000,20,242.000,30,244.000,38,245.000,40,253.000,1,320.000,1,0,15,
104213244000,227.000,1,232.000,30,230.000,59,84.000,3,39.000,20,38.500,1,242.000,30,244.000,18,245.000,40,253.000,1,320.000,1,0,15,
104213244000,227.000,1,232.000,30,230.000,79,84.000,3,39.000,20,38.500,1,242.000,30,244.000,18,245.000,60,253.000,1,320.000,1,0,15,
104218937000,227.000,1,232.000,30,230.000,99,84.000,3,39.000,20,38.500,1,242.000,30,244.000,18,245.000,80,253.000,1,320.000,1,0,15,
104219574000,227.000,1,232.000,30,230.000,99,84.000,3,39.000,20,38.500,1,242.000,30,244.000,9,245.000,80,253.000,1,320.000,1,0,15,
104219583000,227.000,1,232.000,30,230.000,79,84.000,3,39.000,20,38.500,1,242.000,30,244.000,9,245.000,60,253.000,1,320.000,1,0,15,
104219583000,227.000,1,232.000,30,231.000,20,230.000,79,84.000,3,39.000,20,242.000,30,244.000,9,245.000,60,246.000,20,253.000,1,0,15,
104219683000,227.000,1,232.000,30,231.000,20,230.000,59,84.000,3,39.000,20,242.000,30,244.000,9,245.000,40,246.000,20,253.000,1,0,15,
104219688000,227.000,1,232.000,9,231.000,20,230.000,59,84.000,3,39.000,20,242.000,9,244.000,9,245.000,40,246.000,20,253.000,1,0,15,
104219688000,227.000,1,232.000,30,231.000,20,230.000,59,84.000,3,39.000,20,242.000,9,243.000,21,244.000,9,245.000,40,246.000,20,0,15,
104219688000,227.000,1,232.000,30,231.000,29,230.000,59,84.000,3,39.000,20,242.000,9,243.000,21,244.000,9,245.000,40,246.000,20,0,15,
104219688000,227.000,1,232.000,30,231.000,29,230.000,59,84.000,3,39.000,20,242.000,9,243.000,21,244.000,9,245.000,49,246.000,20,0,15,
104219688000,227.000,1,232.000,21,231.000,29,230.000,59,84.000,3,39.000,20,242.000,9,243.000,21,244.000,9,245.000,49,246.000,20,0,15,
104219688000,227.000,1,232.000,21,231.000,29,230.000,59,84.000,3,39.000,20,243.000,21,244.000,9,245.000,49,246.000,20,253.000,1,0,15,
104219688000,227.000,1,232.000,21,231.000,29,230.000,59,84.000,3,39.000,20,243.000,30,244.000,9,245.000,49,246.000,20,253.000,1,0,15,
104219689000,227.000,1,232.000,30,231.000,29,230.000,59,84.000,3,39.000,20,243.000,30,244.000,9,245.000,49,246.000,20,253.000,1,0,15,
104219695000,227.000,1,232.000,30,231.000,29,230.000,59,84.000,3,39.000,20,243.000,30,244.000,9,245.000,49,246.000,20,247.000,9,0,15,
104219743000,227.000,1,232.000,30,231.000,29,230.000,39,84.000,3,39.000,20,243.000,30,244.000,9,245.000,29,246.000,20,247.000,9,0,15,
104219743000,227.000,1,232.000,30,231.000,49,230.000,39,84.000,3,39.000,20,243.000,30,244.000,9,245.000,29,246.000,40,247.000,9,0,15,
104220005000,227.000,1,232.000,50,231.000,49,230.000,39,84.000,3,39.000,20,243.000,30,244.000,9,245.000,29,246.000,40,247.000,29,0,15,
104220005000,227.000,1,232.000,50,231.000,49,230.000,39,84.000,3,39.000,20,243.000,30,244.000,9,245.000,20,246.000,40,247.000,29,0,15,
104220005000,227.000,1,232.000,50,231.000,49,230.000,30,84.000,3,39.000,20,243.000,30,244.000,9,245.000,20,246.000,40,247.000,29,0,15,
104220422000,227.000,1,232.000,50,231.000,29,230.000,30,84.000,3,39.000,20,243.000,30,244.000,9,245.000,20,246.000,20,247.000,29,0,15,
104220422000,227.000,1,232.000,70,231.000,29,230.000,30,84.000,3,39.000,20,243.000,30,244.000,9,245.000,20,246.000,20,247.000,49,0,15,
104221006000,227.000,1,232.000,50,231.000,29,230.000,30,84.000,3,39.000,20,243.000,30,244.000,9,245.000,20,246.000,20,247.000,29,0,15,
104221006000,227.000,1,232.000,50,231.000,49,230.000,30,84.000,3,39.000,20,243.000,30,244.000,9,245.000,20,246.000,40,247.000,29,0,15,
104223118000,227.000,1,232.000,50,231.000,29,230.000,30,84.000,3,39.000,20,243.000,30,244.000,9,245.000,20,246.000,20,247.000,29,0,15,
104223118000,227.000,1,232.000,50,231.000,29,230.000,50,84.000,3,39.000,20,243.000,30,244.000,9,245.000,40,246.000,20,247.000,29,0,15,
104223152000,227.000,1,232.000,50,231.000,29,230.000,30,84.000,3,39.000,20,243.000,30,244.000,9,245.000,20,246.000,20,247.000,29,0,15,
104223991000,227.000,1,232.000,50,231.000,29,230.000,50,84.000,3,39.000,20,243.000,30,244.000,9,245.000,40,246.000,20,247.000,29,0,15,
104224152000,227.000,1,232.000,50,231.000,9,230.000,50,84.000,3,39.000,20,243.000,30,244.000,9,245.000,40,247.000,29,253.000,1,0,15,
104224152000,227.000,1,232.000,50,231.000,9,230.000,70,84.000,3,39.000,20,243.000,30,244.000,9,245.000,60,247.000,29,253.000,1,0,15,
104228137000,227.000,1,232.000,50,231.000,9,230.000,50,84.000,3,39.000,20,243.000,30,244.000,9,245.000,40,247.000,29,253.000,1,0,15,
104229034000,227.000,1,232.000,50,231.000,29,230.000,50,84.000,3,39.000,20,243.000,30,244.000,9,245.000,40,246.000,20,247.000,29,0,15,
104229493000,227.000,1,232.000,50,231.000,29,230.000,30,84.000,3,39.000,20,243.000,30,244.000,9,245.000,20,246.000,20,247.000,29,0,15,
104229493000,227.000,1,232.000,50,231.000,29,230.000,30,229.000,20,84.000,3,243.000,30,244.000,29,245.000,20,246.000,20,247.000,29,0,15,
104230124000,227.000,1,232.000,50,231.000,29,230.000,10,229.000,20,84.000,3,243.000,30,244.000,29,246.000,20,247.000,29,253.000,1,0,15,
104230239000,227.000,1,232.000,50,231.000,29,230.000,10,229.000,20,84.000,3,243.000,30,244.000,29,246.000,20,247.000,20,253.000,1,0,15,
104230239000,227.000,1,232.000,50,231.000,49,230.000,10,229.000,20,84.000,3,243.000,30,244.000,29,246.000,40,247.000,20,253.000,1,0,15,
104230240000,227.000,1,232.000,50,231.000,49,230.000,10,229.000,20,84.000,3,243.000,30,244.000,29,245.000,9,246.000,40,247.000,20,0,15,
104230275000,227.000,1,232.000,50,231.000,29,230.000,10,229.000,20,84.000,3,243.000,30,244.000,29,245.000,9,246.000,20,247.000,20,0,15,
104230357000,227.000,1,232.000,50,231.000,9,230.000,10,229.000,20,84.000,3,243.000,30,244.000,29,245.000,9,247.000,20,253.000,1,0,15,
104231049000,227.000,1,232.000,50,231.000,9,230.000,30,229.000,20,84.000,3,243.000,30,244.000,29,245.000,29,247.000,20,253.000,1,0,15,
104231300000,227.000,1,232.000,30,231.000,9,230.000,30,229.000,20,84.000,3,243.000,30,244.000,29,245.000,29,253.000,1,320.000,1,0,15,
104231306000,227.000,1,232.000,30,231.000,9,230.000,50,229.000,20,84.000,3,243.000,30,244.000,29,245.000,49,253.000,1,320.000,1,0,15,
104231368000,227.000,1,232.000,30,231.000,9,230.000,50,84.000,3,39.000,20,243.000,30,244.000,9,245.000,49,253.000,1,320.000,1,0,15,
104231368000,227.000,1,232.000,30,231.000,9,230.000,50,228.000,20,84.000,3,243.000,50,244.000,9,245.000,49,253.000,1,320.000,1,0,15,
104231504000,227.000,1,232.000,30,231.000,9,230.000,70,228.000,20,84.000,3,243.000,50,244.000,9,245.000,69,253.000,1,320.000,1,0,15,
104232110000,227.000,1,232.000,30,231.000,9,230.000,50,228.000,20,84.000,3,243.000,50,244.000,9,245.000,49,253.000,1,320.000,1,0,15,
104232110000,227.000,1,232.000,30,231.000,9,230.000,50,229.000,20,228.000,20,243.000,50,244.000,29,245.000,49,253.000,1,320.000,1,0,15,
104232228000,227.000,1,232.000,30,231.000,9,230.000,50,228.000,20,84.000,3,243.000,50,244.000,9,245.000,49,253.000,1,320.000,1,0,15,
104232728000,227.000,1,232.000,30,231.000,9,230.000,70,228.000,20,84.000,3,243.000,50,244.000,9,245.000,69,253.000,1,320.000,1,0,15,
104233108000,227.000,1,232.000,30,231.000,9,230.000,50,228.000,20,84.000,3,243.000,50,244.000,9,245.000,49,253.000,1,320.000,1,0,15,
104233230000,227.000,1,232.000,30,231.000,9,230.000,50,229.000,20,228.000,20,243.000,50,244.000,29,245.000,49,253.000,1,320.000,1,0,15,
104234696000,227.000,1,232.000,30,231.000,9,230.000,50,228.000,20,84.000,3,243.000,50,244.000,9,245.000,49,253.000,1,320.000,1,0,15,
104234696000,227.000,1,232.000,30,231.000,9,230.000,70,228.000,20,84.000,3,243.000,50,244.000,9,245.000,69,253.000,1,320.000,1,0,15,
104237829000,227.000,1,232.000,30,231.000,9,230.000,50,228.000,20,84.000,3,243.000,50,244.000,9,245.000,49,253.000,1,320.000,1,0,15,
104238110000,227.000,1,232.000,30,231.000,9,230.000,70,228.000,20,84.000,3,243.000,50,244.000,9,245.000,69,253.000,1,320.000,1,0,15,
104246035000,227.000,1,232.000,30,231.000,9,230.000,50,228.000,20,84.000,3,243.000,50,244.000,9,245.000,49,253.000,1,320.000,1,0,15,
104246035000,227.000,1,232.000,30,231.000,9,230.000,50,229.000,20,228.000,20,243.000,50,244.000,29,245.000,49,253.000,1,320.000,1,0,15,
104246118000,227.000,1,232.000,30,231.000,9,230.000,50,229.000,20,84.000,3,243.000,30,244.000,29,245.000,49,253.000,1,320.000,1,0,15,
104246118000,227.000,1,232.000,30,231.000,9,230.000,50,229.000,20,227.000,20,242.000,20,243.000,30,244.000,29,245.000,49,253.000,1,0,15,
104246208000,227.000,1,232.000,9,231.000,9,230.000,50,229.000,20,227.000,20,242.000,20,243.000,9,244.000,29,245.000,49,253.000,1,0,15,
104246208000,227.000,1,232.000,30,231.000,9,230.000,50,229.000,20,227.000,20,241.000,21,242.000,20,243.000,9,244.000,29,245.000,49,0,15,
104246209000,227.000,1,232.000,21,231.000,9,230.000,50,229.000,20,227.000,20,241.000,21,242.000,20,243.000,9,244.000,29,245.000,49,0,15,
104246389000,227.000,1,232.000,30,231.000,9,230.000,50,229.000,20,227.000,20,241.000,21,242.000,20,243.000,9,244.000,29,245.000,49,0,15,
104246390000,227.000,1,232.000,30,231.000,9,230.000,50,229.000,20,227.000,20,241.000,30,242.000,20,243.000,9,244.000,29,245.000,49,0,15,
104246504000,227.000,1,232.000,30,231.000,9,230.000,50,229.000,20,227.000,20,241.000,30,242.000,20,243.000,9,244.000,20,245.000,49,0,15,
104249759000,227.000,1,232.000,30,231.000,9,230.000,50,229.000,20,227.000,20,241.000,30,242.000,20,243.000,9,244.000,20,245.000,40,0,15,
104249761000,227.000,1,232.000,30,231.000,9,230.000,50,229.000,20,227.000,20,241.000,30,242.000,20,243.000,19,244.000,20,245.000,40,0,15,
104249870000,227.000,1,232.000,30,231.000,9,230.000,50,229.000,20,84.000,3,241.000,30,243.000,19,244.000,20,245.000,40,253.000,1,0,15,
104249870000,227.000,1,232.000,30,231.000,9,230.000,50,229.000,20,226.000,20,241.000,50,243.000,19,244.000,20,245.000,40,253.000,1,0,15,
104249915000,227.000,1,232.000,30,231.000,9,230.000,50,226.000,20,84.000,3,241.000,50,243.000,19,245.000,40,253.000,1,320.000,1,0,15,
104249915000,227.000,1,232.000,30,231.000,9,230.000,50,228.000,20,226.000,20,241.000,50,243.000,39,245.000,40,253.000,1,320.000,1,0,15,
104249994000,227.000,1,232.000,30,231.000,9,230.000,30,228.000,20,226.000,20,241.000,50,243.000,39,245.000,20,253.000,1,320.000,1,0,15,
104250290000,227.000,1,232.000,30,231.000,9,230.000,30,226.000,20,84.000,3,241.000,50,243.000,19,245.000,20,253.000,1,320.000,1,0,15,
104250415000,227.000,1,232.000,30,231.000,9,230.000,30,229.000,20,226.000,20,241.000,50,243.000,19,244.000,20,245.000,20,253.000,1,0,15,
104252342000,227.000,1,232.000,30,231.000,9,230.000,30,226.000,20,84.000,3,241.000,50,243.000,19,245.000,20,253.000,1,320.000,1,0,15,
104252473000,227.000,1,232.000,30,231.000,9,230.000,30,228.000,20,226.000,20,241.000,50,243.000,39,245.000,20,253.000,1,320.000,1,0,15,
104253506000,227.000,1,232.000,30,231.000,9,230.000,20,228.000,20,226.000,20,241.000,50,243.000,39,245.000,20,253.000,1,320.000,1,0,15,
104253627000,227.000,1,232.000,30,231.000,9,230.000,20,228.000,30,226.000,20,241.000,50,243.000,39,245.000,20,253.000,1,320.000,1,0,15,
104254044000,227.000,1,232.000,9,231.000,9,230.000,20,228.000,30,226.000,20,241.000,29,243.000,39,245.000,20,253.000,1,320.000,1,0,15,
104254045000,227.000,1,232.000,9,231.000,30,230.000,20,228.000,30,226.000,20,241.000,50,243.000,39,245.000,20,253.000,1,320.000,1,0,15,
104254045000,227.000,1,232.000,9,231.000,30,230.000,29,228.000,30,226.000,20,241.000,50,243.000,39,245.000,20,253.000,1,320.000,1,0,15,
104254045000,227.000,1,231.000,30,230.000,29,228.000,30,226.000,20,84.000,3,241.000,50,243.000,39,245.000,20,253.000,1,320.000,1,0,15,
104254154000,227.000,1,231.000,30,230.000,29,228.000,50,226.000,20,84.000,3,241.000,50,243.000,59,245.000,20,253.000,1,320.000,1,0,15,
104254273000,227.000,1,231.000,30,230.000,29,228.000,30,226.000,20,84.000,3,241.000,50,243.000,39,245.000,20,253.000,1,320.000,1,0,15,
104254273000,227.000,1,231.000,30,230.000,29,229.000,20,228.000,30,226.000,20,241.000,50,243.000,39,244.000,20,245.000,20,253.000,1,0,15,
104254523000,227.000,1,231.000,30,230.000,29,228.000,30,226.000,20,84.000,3,241.000,50,243.000,39,245.000,20,253.000,1,320.000,1,0,15,
104254772000,227.000,1,231.000,30,230.000,29,229.000,20,228.000,30,226.000,20,241.000,50,243.000,39,244.000,20,245.000,20,253.000,1,0,15,
104255052000,227.000,1,231.000,9,230.000,29,229.000,20,228.000,30,226.000,20,241.000,29,243.000,39,244.000,20,245.000,20,253.000,1,0,15,
104255052000,227.000,1,232.000,21,231.000,9,230.000,29,229.000,20,228.000,30,241.000,50,243.000,39,244.000,20,245.000,20,253.000,1,0,15,
104255052000,227.000,1,232.000,21,230.000,29,229.000,20,228.000,30,226.000,20,241.000,50,243.000,39,244.000,20,245.000,20,253.000,1,0,15,
104255052000,227.000,1,232.000,30,230.000,29,229.000,20,228.000,30,226.000,20,241.000,50,243.000,39,244.000,20,245.000,20,253.000,1,0,15,
104255897000,227.000,1,232.000,30,230.000,29,229.000,20,228.000,10,226.000,20,241.000,50,243.000,19,244.000,20,245.000,20,253.000,1,0,15,
104256243000,227.000,1,232.000,30,230.000,29,229.000,40,228.000,10,226.000,20,241.000,50,243.000,19,244.000,40,245.000,20,253.000,1,0,15,
104256743000,227.000,1,232.000,30,230.000,29,229.000,40,228.000,10,84.000,3,241.000,30,243.000,19,244.000,40,245.000,20,253.000,1,0,15,
104256743000,227.000,1,232.000,30,230.000,29,229.000,40,228.000,10,227.000,20,241.000,30,242.000,20,243.000,19,244.000,40,245.000,20,0,15,
104301648000,227.000,1,232.000,30,230.000,29,229.000,20,228.000,10,227.000,20,241.000,30,242.000,20,243.000,19,244.000,20,245.000,20,0,15,
104301648000,227.000,1,232.000,30,230.000,49,229.000,20,228.000,10,227.000,20,241.000,30,242.000,20,243.000,19,244.000,20,245.000,40,0,15,
104301659000,227.000,1,232.000,30,230.000,49,228.000,10,227.000,20,84.000,3,241.000,30,242.000,20,243.000,19,245.000,40,253.000,1,0,15,
104302017000,227.000,1,232.000,30,230.000,29,228.000,10,227.000,20,84.000,3,241.000,30,242.000,20,243.000,19,245.000,20,253.000,1,0,15,
104302256000,227.000,1,232.000,30,230.000,29,229.000,20,228.000,10,227.000,20,241.000,30,242.000,20,243.000,19,244.000,20,245.000,20,0,15,
104303228000,227.000,1,232.000,30,230.000,29,228.000,10,227.000,20,84.000,3,241.000,30,242.000,20,243.000,19,245.000,20,253.000,1,0,15,
104303228000,227.000,1,232.000,30,230.000,49,228.000,10,227.000,20,84.000,3,241.000,30,242.000,20,243.000,19,245.000,40,253.000,1,0,15,
104303334000,227.000,1,232.000,30,230.000,49,229.000,20,228.000,10,227.000,20,241.000,30,242.000,20,243.000,19,244.000,20,245.000,40,0,15,
104305244000,227.000,1,232.000,30,230.000,49,229.000,20,228.000,10,84.000,3,241.000,30,243.000,19,244.000,20,245.000,40,253.000,1,0,15,
104305244000,227.000,1,232.000,30,230.000,49,229.000,20,228.000,30,84.000,3,241.000,30,243.000,39,244.000,20,245.000,40,253.000,1,0,15,
104305743000,227.000,1,232.000,30,230.000,49,229.000,20,228.000,30,84.000,3,241.000,30,243.000,29,244.000,20,245.000,40,253.000,1,0,15,
104305743000,227.000,1,232.000,30,230.000,49,229.000,20,228.000,20,84.000,3,241.000,30,243.000,29,244.000,20,245.000,40,253.000,1,0,15,
104305745000,227.000,1,232.000,30,230.000,49,229.000,20,228.000,20,84.000,3,241.000,30,243.000,29,244.000,20,245.000,50,253.000,1,0,15,
104305745000,227.000,1,232.000,30,230.000,59,229.000,20,228.000,20,84.000,3,241.000,30,243.000,29,244.000,20,245.000,50,253.000,1,0,15,
104305775000,227.000,1,232.000,30,230.000,39,229.000,20,228.000,20,84.000,3,241.000,30,243.000,29,244.000,20,245.000,30,253.000,1,0,15,
104305775000,227.000,1,232.000,30,231.000,20,230.000,39,229.000,20,228.000,20,241.000,30,243.000,29,244.000,20,245.000,30,246.000,20,0,15,
104305993000,227.000,1,232.000,30,231.000,20,230.000,39,229.000,20,84.000,3,241.000,30,243.000,9,244.000,20,245.000,30,246.000,20,0,15,
104305993000,227.000,1,232.000,30,231.000,20,230.000,39,229.000,40,84.000,3,241.000,30,243.000,9,244.000,40,245.000,30,246.000,20,0,15,
104306016000,227.000,1,232.000,30,231.000,20,230.000,39,229.000,20,84.000,3,241.000,30,243.000,9,244.000,20,245.000,30,246.000,20,0,15,
104306269000,227.000,1,232.000,9,231.000,20,230.000,39,229.000,20,84.000,3,241.000,9,243.000,9,244.000,20,245.000,30,246.000,20,0,15,
104306269000,227.000,1,232.000,30,231.000,20,230.000,39,229.000,20,84.000,3,241.000,9,242.000,21,243.000,9,244.000,20,245.000,30,0,15,
104306270000,227.000,1,232.000,30,231.000,20,230.000,39,229.000,20,84.000,3,241.000,9,242.000,21,243.000,9,244.000,29,245.000,30,0,15,
104306270000,227.000,1,232.000,30,231.000,29,230.000,39,229.000,20,84.000,3,241.000,9,242.000,21,243.000,9,244.000,29,245.000,30,0,15,
104306270000,227.000,1,232.000,21,231.000,29,230.000,39,229.000,20,84.000,3,241.000,9,242.000,21,243.000,9,244.000,29,245.000,30,0,15,
104306270000,227.000,1,232.000,21,231.000,29,230.000,39,229.000,20,84.000,3,242.000,21,243.000,9,244.000,29,245.000,30,246.000,20,0,15,
104306270000,227.000,1,232.000,21,231.000,29,230.000,39,229.000,20,84.000,3,242.000,30,243.000,9,244.000,29,245.000,30,246.000,20,0,15,
104306270000,227.000,1,232.000,30,231.000,29,230.000,39,229.000,20,84.000,3,242.000,30,243.000,9,244.000,29,245.000,30,246.000,20,0,15,
104306504000,227.000,1,232.000,30,231.000,29,230.000,30,229.000,20,84.000,3,242.000,30,243.000,9,244.000,29,245.000,30,246.000,20,0,15,
104306504000,227.000,1,232.000,30,231.000,29,230.000,30,229.000,20,84.000,3,242.000,30,243.000,9,244.000,20,245.000,30,246.000,20,0,15,
104308369000,227.000,1,232.000,30,231.000,29,230.000,50,229.000,20,84.000,3,242.000,30,243.000,9,244.000,20,245.000,50,246.000,20,0,15,
104309678000,227.000,1,232.000,30,231.000,9,230.000,50,229.000,20,84.000,3,242.000,30,243.000,9,244.000,20,245.000,50,253.000,1,0,15,
104309678000,227.000,1,232.000,30,231.000,9,230.000,70,229.000,20,84.000,3,242.000,30,243.000,9,244.000,20,245.000,70,253.000,1,0,15,
104310484000,227.000,1,232.000,30,231.000,9,230.000,50,229.000,20,84.000,3,242.000,30,243.000,9,244.000,20,245.000,50,253.000,1,0,15,
104310484000,227.000,1,232.000,30,231.000,29,230.000,50,229.000,20,84.000,3,242.000,30,243.000,9,244.000,20,245.000,50,246.000,20,0,15,
104311109000,227.000,1,232.000,30,231.000,9,230.000,50,229.000,20,84.000,3,242.000,30,243.000,9,244.000,20,245.000,50,253.000,1,0,15,
104311109000,227.000,1,232.000,30,231.000,9,230.000,70,229.000,20,84.000,3,242.000,30,243.000,9,244.000,20,245.000,70,253.000,1,0,15,
104312649000,227.000,1,232.000,30,231.000,9,230.000,50,229.000,20,84.000,3,242.000,30,243.000,9,244.000,20,245.000,50,253.000,1,0,15,
104312649000,227.000,1,232.000,30,231.000,29,230.000,50,229.000,20,84.000,3,242.000,30,243.000,9,244.000,20,245.000,50,246.000,20,0,15,
104313399000,227.000,1,232.000,30,231.000,9,230.000,50,229.000,20,84.000,3,242.000,30,243.000,9,244.000,20,245.000,50,253.000,1,0,15,
104313399000,227.000,1,232.000,30,231.000,9,230.000,70,229.000,20,84.000,3,242.000,30,243.000,9,244.000,20,245.000,70,253.000,1,0,15,
104314025000,227.000,1,232.000,30,231.000,9,230.000,50,229.000,20,84.000,3,242.000,30,243.000,9,244.000,20,245.000,50,253.000,1,0,15,
104314025000,227.000,1,232.000,30,231.000,29,230.000,50,229.000,20,84.000,3,242.000,30,243.000,9,244.000,20,245.000,50,246.000,20,0,15,
104326574000,227.000,1,232.000,30,231.000,9,230.000,50,229.000,20,84.000,3,242.000,30,243.000,9,244.000,20,245.000,50,253.000,1,0,15,
104326574000,227.000,1,232.000,30,231.000,9,230.000,70,229.000,20,84.000,3,242.000,30,243.000,9,244.000,20,245.000,70,253.000,1,0,15,
104328400000,227.000,1,232.000,30,231.000,9,230.000,50,229.000,20,84.000,3,242.000,30,243.000,9,244.000,20,245.000,50,253.000,1,0,15,
104329640000,227.000,1,232.000,30,231.000,9,230.000,70,229.000,20,84.000,3,242.000,30,243.000,9,244.000,20,245.000,70,253.000,1,0,15,
104330170000,227.000,1,232.000,30,231.000,9,230.000,50,229.000,20,84.000,3,242.000,30,243.000,9,244.000,20,245.000,50,253.000,1,0,15,
104330170000,227.000,1,232.000,30,231.000,29,230.000,50,229.000,20,84.000,3,242.000,30,243.000,9,244.000,20,245.000,50,246.000,20,0,15,
104334616000,227.000,1,232.000,30,231.000,9,230.000,50,229.000,20,84.000,3,242.000,30,243.000,9,244.000,20,245.000,50,253.000,1,0,15,
104334616000,227.000,1,232.000,50,231.000,9,230.000,50,229.000,20,84.000,3,242.000,30,243.000,9,244.000,20,245.000,50,247.000,20,0,15,
104334618000,227.000,1,232.000,50,231.000,9,230.000,50,84.000,3,39.000,20,242.000,30,243.000,9,245.000,50,247.000,20,253.000,1,0,15,
104334618000,227.000,1,232.000,50,231.000,9,230.000,70,84.000,3,39.000,20,242.000,30,243.000,9,245.000,70,247.000,20,253.000,1,0,15,
104334634000,227.000,1,232.000,50,231.000,9,230.000,50,84.000,3,39.000,20,242.000,30,243.000,9,245.000,50,247.000,20,253.000,1,0,15,
104334682000,227.000,1,232.000,50,231.000,29,230.000,50,84.000,3,39.000,20,242.000,30,243.000,9,245.000,50,246.000,20,247.000,20,0,15,
104334826000,227.000,1,232.000,50,231.000,29,230.000,30,84.000,3,39.000,20,242.000,30,243.000,9,245.000,30,246.000,20,247.000,20,0,15,
104335005000,227.000,1,232.000,70,231.000,29,230.000,30,84.000,3,39.000,20,242.000,30,243.000,9,245.000,30,246.000,20,247.000,40,0,15,
104335167000,227.000,1,232.000,49,231.000,29,230.000,30,84.000,3,39.000,20,242.000,9,243.000,9,245.000,30,246.000,20,247.000,40,0,15,
104335167000,227.000,1,232.000,70,231.000,29,230.000,30,84.000,3,39.000,20,242.000,9,243.000,30,245.000,30,246.000,20,247.000,40,0,15,
104335167000,227.000,1,232.000,70,231.000,29,230.000,30,84.000,3,39.000,20,243.000,30,245.000,30,246.000,20,247.000,40,253.000,1,0,15,
104335167000,227.000,1,232.000,70,231.000,29,230.000,30,84.000,3,39.000,20,243.000,30,245.000,39,246.000,20,247.000,40,253.000,1,0,15,
104336077000,227.000,1,232.000,50,231.000,29,230.000,30,84.000,3,39.000,20,243.000,30,245.000,39,246.000,20,247.000,20,253.000,1,0,15,
104336077000,227.000,1,232.000,50,231.000,49,230.000,30,84.000,3,39.000,20,243.000,30,245.000,39,246.000,40,247.000,20,253.000,1,0,15,
104336078000,227.000,1,232.000,50,231.000,29,230.000,30,84.000,3,39.000,20,243.000,30,245.000,39,246.000,20,247.000,20,253.000,1,0,15,
104336291000,227.000,1,232.000,50,231.000,9,230.000,30,84.000,3,39.000,20,243.000,30,245.000,39,247.000,20,253.000,1,320.000,1,0,15,
104336690000,227.000,1,232.000,70,231.000,9,230.000,30,84.000,3,39.000,20,243.000,30,245.000,39,247.000,40,253.000,1,320.000,1,0,15,
104336809000,227.000,1,232.000,50,231.000,9,230.000,30,84.000,3,39.000,20,243.000,30,245.000,39,247.000,20,253.000,1,320.000,1,0,15,
104337301000,227.000,1,232.000,70,231.000,9,230.000,30,84.000,3,39.000,20,243.000,30,245.000,39,247.000,40,253.000,1,320.000,1,0,15,
104340029000,227.000,1,232.000,70,231.000,29,230.000,30,84.000,3,39.000,20,243.000,30,245.000,39,246.000,20,247.000,40,253.000,1,0,15,
104341518000,227.000,1,232.000,70,231.000,29,230.000,20,84.000,3,39.000,20,243.000,30,245.000,39,246.000,20,247.000,40,253.000,1,0,15,
104341518000,227.000,1,232.000,79,231.000,29,230.000,20,84.000,3,39.000,20,243.000,30,245.000,39,246.000,20,247.000,40,253.000,1,0,15,
104341919000,227.000,1,232.000,79,231.000,29,230.000,20,84.000,3,39.000,20,243.000,30,245.000,29,246.000,20,247.000,40,253.000,1,0,15,
104342043000,227.000,1,232.000,79,231.000,29,230.000,20,84.000,3,39.000,20,243.000,30,245.000,29,246.000,20,247.000,49,253.000,1,0,15,
104342739000,227.000,1,232.000,59,231.000,29,230.000,20,84.000,3,39.000,20,243.000,30,245.000,29,246.000,20,247.000,29,253.000,1,0,15,
104342739000,227.000,1,232.000,59,231.000,49,230.000,20,84.000,3,39.000,20,243.000,30,245.000,29,246.000,40,247.000,29,253.000,1,0,15,
104344466000,227.000,1,232.000,59,231.000,29,230.000,20,84.000,3,39.000,20,243.000,30,245.000,29,246.000,20,247.000,29,253.000,1,0,15,
104344466000,227.000,1,232.000,79,231.000,29,230.000,20,84.000,3,39.000,20,243.000,30,245.000,29,246.000,20,247.000,49,253.000,1,0,15,
104344705000,227.000,1,232.000,59,231.000,29,230.000,20,84.000,3,39.000,20,243.000,30,245.000,29,246.000,20,247.000,29,253.000,1,0,15,
104345005000,227.000,1,232.000,79,231.000,29,230.000,20,84.000,3,39.000,20,243.000,30,245.000,29,246.000,20,247.000,49,253.000,1,0,15,
104351618000,227.000,1,232.000,79,231.000,29,84.000,3,39.000,20,38.500,1,243.000,30,245.000,9,246.000,20,247.000,49,253.000,1,0,15,
104351618000,227.000,1,232.000,79,231.000,49,84.000,3,39.000,20,38.500,1,243.000,30,245.000,9,246.000,40,247.000,49,253.000,1,0,15,
104352511000,227.000,1,232.000,59,231.000,49,84.000,3,39.000,20,38.500,1,243.000,30,245.000,9,246.000,40,247.000,29,253.000,1,0,15,
104352511000,227.000,1,233.000,20,232.000,59,231.000,49,84.000,3,39.000,20,243.000,30,245.000,9,246.000,40,247.000,29,248.000,20,0,15,
104352511000,227.000,1,233.000,29,232.000,59,231.000,49,84.000,3,39.000,20,243.000,30,245.000,9,246.000,40,247.000,29,248.000,20,0,15,
104352636000,227.000,1,233.000,9,232.000,59,231.000,49,84.000,3,39.000,20,243.000,30,245.000,9,246.000,40,247.000,29,253.000,1,0,15,
104352636000,227.000,1,232.000,59,231.000,49,84.000,3,39.000,20,38.500,1,243.000,30,245.000,9,246.000,40,247.000,29,253.000,1,0,15,
104353010000,227.000,1,232.000,79,231.000,49,84.000,3,39.000,20,38.500,1,243.000,30,245.000,9,246.000,40,247.000,49,253.000,1,0,15,
104353885000,227.000,1,232.000,59,231.000,49,84.000,3,39.000,20,38.500,1,243.000,30,245.000,9,246.000,40,247.000,29,253.000,1,0,15,
104353885000,227.000,1,233.000,20,232.000,59,231.000,49,84.000,3,39.000,20,243.000,30,245.000,9,246.000,40,247.000,29,248.000,20,0,15,
104353886000,227.000,1,233.000,29,232.000,59,231.000,49,84.000,3,39.000,20,243.000,30,245.000,9,246.000,40,247.000,29,248.000,20,0,15,
104353999000,227.000,1,233.000,9,232.000,59,231.000,49,84.000,3,39.000,20,243.000,30,245.000,9,246.000,40,247.000,29,253.000,1,0,15,
104354000000,227.000,1,232.000,59,231.000,49,84.000,3,39.000,20,38.500,1,243.000,30,245.000,9,246.000,40,247.000,29,253.000,1,0,15,
104354081000,227.000,1,232.000,38,231.000,49,84.000,3,39.000,20,38.500,1,243.000,9,245.000,9,246.000,40,247.000,29,253.000,1,0,15,
104354081000,227.000,1,232.000,59,231.000,49,84.000,3,39.000,20,38.500,1,243.000,9,244.000,21,245.000,9,246.000,40,247.000,29,0,15,
104354081000,227.000,1,232.000,59,231.000,49,84.000,3,39.000,20,38.500,1,243.000,9,244.000,30,245.000,9,246.000,40,247.000,29,0,15,
104354081000,227.000,1,232.000,59,231.000,49,84.000,3,39.000,20,38.500,1,244.000,30,245.000,9,246.000,40,247.000,29,253.000,1,0,15,
104354385000,227.000,1,232.000,79,231.000,49,84.000,3,39.000,20,38.500,1,244.000,30,245.000,9,246.000,40,247.000,49,253.000,1,0,15,
104354618000,227.000,1,232.000,79,231.000,29,84.000,3,39.000,20,38.500,1,244.000,30,245.000,9,246.000,20,247.000,49,253.000,1,0,15,
104354618000,227.000,1,232.000,79,231.000,29,230.000,20,84.000,3,39.000,20,244.000,30,245.000,29,246.000,20,247.000,49,253.000,1,0,15,
104354761000,227.000,1,232.000,59,231.000,29,230.000,20,84.000,3,39.000,20,244.000,30,245.000,29,246.000,20,247.000,29,253.000,1,0,15,
104354993000,227.000,1,232.000,59,231.000,29,84.000,3,39.000,20,38.500,1,244.000,30,245.000,9,246.000,20,247.000,29,253.000,1,0,15,
104354993000,227.000,1,232.000,59,231.000,29,229.000,20,84.000,3,39.000,20,244.000,50,245.000,9,246.000,20,247.000,29,253.000,1,0,15,
104355002000,227.000,1,232.000,59,231.000,49,229.000,20,84.000,3,39.000,20,244.000,50,245.000,9,246.000,40,247.000,29,253.000,1,0,15,
104357614000,227.000,1,232.000,59,231.000,29,229.000,20,84.000,3,39.000,20,244.000,50,245.000,9,246.000,20,247.000,29,253.000,1,0,15,
104357614000,227.000,1,232.000,79,231.000,29,229.000,20,84.000,3,39.000,20,244.000,50,245.000,9,246.000,20,247.000,49,253.000,1,0,15,
104357868000,227.000,1,232.000,79,231.000,29,84.000,3,39.000,20,38.500,1,244.000,30,245.000,9,246.000,20,247.000,49,253.000,1,0,15,
104357868000,227.000,1,232.000,79,231.000,29,230.000,20,84.000,3,39.000,20,244.000,30,245.000,29,246.000,20,247.000,49,253.000,1,0,15,
104400100000,227.000,1,232.000,79,231.000,9,230.000,20,84.000,3,39.000,20,244.000,30,245.000,29,247.000,49,253.000,1,320.000,1,0,15,
104400201000,227.000,1,232.000,59,231.000,9,230.000,20,84.000,3,39.000,20,244.000,30,245.000,29,247.000,29,253.000,1,320.000,1,0,15,
104400244000,227.000,1,232.000,59,231.000,9,84.000,3,39.000,20,38.500,1,244.000,30,245.000,9,247.000,29,253.000,1,320.000,1,0,15,
104400244000,227.000,1,232.000,59,231.000,9,229.000,20,84.000,3,39.000,20,244.000,50,245.000,9,247.000,29,253.000,1,320.000,1,0,15,
104400317000,227.000,1,232.000,59,231.000,29,229.000,20,84.000,3,39.000,20,244.000,50,245.000,9,246.000,20,247.000,29,253.000,1,0,15,
104402508000,227.000,1,232.000,59,231.000,9,229.000,20,84.000,3,39.000,20,244.000,50,245.000,9,247.000,29,253.000,1,320.000,1,0,15,
104402508000,227.000,1,232.000,79,231.000,9,229.000,20,84.000,3,39.000,20,244.000,50,245.000,9,247.000,49,253.000,1,320.000,1,0,15,
104402662000,227.000,1,232.000,59,231.000,9,229.000,20,84.000,3,39.000,20,244.000,50,245.000,9,247.000,29,253.000,1,320.000,1,0,15,
104403147000,227.000,1,232.000,59,231.000,29,229.000,20,84.000,3,39.000,20,244.000,50,245.000,9,246.000,20,247.000,29,253.000,1,0,15,
104403258000,227.000,1,232.000,59,231.000,49,229.000,20,84.000,3,39.000,20,244.000,50,245.000,9,246.000,40,247.000,29,253.000,1,0,15,
104403288000,227.000,1,232.000,59,231.000,29,229.000,20,84.000,3,39.000,20,244.000,50,245.000,9,246.000,20,247.000,29,253.000,1,0,15,
104403368000,227.000,1,232.000,59,231.000,29,84.000,3,39.000,20,38.500,1,244.000,30,245.000,9,246.000,20,247.000,29,253.000,1,0,15,
104403368000,227.000,1,232.000,59,231.000,29,230.000,20,84.000,3,39.000,20,244.000,30,245.000,29,246.000,20,247.000,29,253.000,1,0,15,
104403763000,227.000,1,232.000,79,231.000,29,230.000,20,84.000,3,39.000,20,244.000,30,245.000,29,246.000,20,247.000,49,253.000,1,0,15,
104407537000,227.000,1,232.000,79,231.000,9,230.000,20,84.000,3,39.000,20,244.000,30,245.000,29,247.000,49,253.000,1,320.000,1,0,15,
104408118000,227.000,1,232.000,79,231.000,9,84.000,3,39.000,20,38.500,1,244.000,30,245.000,9,247.000,49,253.000,1,320.000,1,0,15,
104408118000,227.000,1,232.000,79,231.000,29,84.000,3,39.000,20,38.500,1,244.000,30,245.000,9,246.000,20,247.000,49,253.000,1,0,15,
104408146000,227.000,1,232.000,59,231.000,29,84.000,3,39.000,20,38.500,1,244.000,30,245.000,9,246.000,20,247.000,29,253.000,1,0,15,
104408146000,227.000,1,233.000,20,232.000,59,231.000,29,84.000,3,39.000,20,244.000,30,245.000,9,246.000,20,247.000,29,248.000,20,0,15,
104408146000,227.000,1,233.000,29,232.000,59,231.000,29,84.000,3,39.000,20,244.000,30,245.000,9,246.000,20,247.000,29,248.000,20,0,15,
104408184000,227.000,1,233.000,29,232.000,38,231.000,29,84.000,3,39.000,20,244.000,9,245.000,9,246.000,20,247.000,29,248.000,20,0,15,
104408184000,227.000,1,234.000,21,233.000,29,232.000,38,231.000,29,84.000,3,244.000,30,245.000,9,246.000,20,247.000,29,248.000,20,0,15,
104408184000,227.000,1,234.000,21,233.000,29,232.000,38,231.000,29,84.000,3,244.000,30,245.000,9,246.000,29,247.000,29,248.000,20,0,15,
104408184000,227.000,1,234.000,21,233.000,29,232.000,38,231.000,29,84.000,3,244.000,21,245.000,9,246.000,29,247.000,29,248.000,20,0,15,
104408184000,227.000,1,234.000,30,233.000,29,232.000,38,231.000,29,84.000,3,244.000,21,245.000,9,246.000,29,247.000,29,248.000,20,0,15,
104408184000,227.000,1,234.000,30,233.000,29,232.000,38,231.000,29,84.000,3,244.000,30,245.000,9,246.000,29,247.000,29,248.000,20,0,15,
104408272000,227.000,1,234.000,30,233.000,29,232.000,58,231.000,29,84.000,3,244.000,30,245.000,9,246.000,29,247.000,49,248.000,20,0,15,
104408505000,227.000,1,234.000,30,233.000,29,232.000,58,231.000,20,84.000,3,244.000,30,245.000,9,246.000,29,247.000,49,248.000,20,0,15,
104408505000,227.000,1,234.000,30,233.000,29,232.000,49,231.000,20,84.000,3,244.000,30,245.000,9,246.000,29,247.000,49,248.000,20,0,15,
104408505000,227.000,1,234.000,30,233.000,29,232.000,49,231.000,20,84.000,3,244.000,30,245.000,9,246.000,20,247.000,49,248.000,20,0,15,
104409968000,227.000,1,234.000,30,233.000,9,232.000,49,231.000,20,84.000,3,244.000,30,245.000,9,246.000,20,247.000,49,253.000,1,0,15,
104409968000,227.000,1,234.000,30,233.000,9,232.000,69,231.000,20,84.000,3,244.000,30,245.000,9,246.000,20,247.000,69,253.000,1,0,15,
104410468000,227.000,1,234.000,30,233.000,9,232.000,49,231.000,20,84.000,3,244.000,30,245.000,9,246.000,20,247.000,49,253.000,1,0,15,
104410477000,227.000,1,234.000,30,233.000,29,232.000,49,231.000,20,84.000,3,244.000,30,245.000,9,246.000,20,247.000,49,248.000,20,0,15,
104411119000,227.000,1,234.000,30,233.000,29,232.000,49,84.000,3,39.000,20,244.000,30,245.000,9,247.000,49,248.000,20,253.000,1,0,15,
104411119000,227.000,1,234.000,30,233.000,29,232.000,69,84.000,3,39.000,20,244.000,30,245.000,9,247.000,69,248.000,20,253.000,1,0,15,
104411245000,227.000,1,234.000,9,233.000,29,232.000,69,84.000,3,39.000,20,244.000,9,245.000,9,247.000,69,248.000,20,253.000,1,0,15,
104411245000,227.000,1,234.000,30,233.000,29,232.000,69,84.000,3,39.000,20,244.000,9,245.000,30,247.000,69,248.000,20,253.000,1,0,15,
104411245000,227.000,1,234.000,30,233.000,29,232.000,69,84.000,3,39.000,20,244.000,9,245.000,30,247.000,78,248.000,20,253.000,1,0,15,
104411245000,227.000,1,234.000,21,233.000,29,232.000,69,84.000,3,39.000,20,244.000,9,245.000,30,247.000,78,248.000,20,253.000,1,0,15,
104411245000,227.000,1,234.000,21,233.000,29,232.000,69,84.000,3,39.000,20,245.000,30,247.000,78,248.000,20,253.000,1,320.000,1,0,15,
104411322000,227.000,1,234.000,30,233.000,29,232.000,69,84.000,3,39.000,20,245.000,30,247.000,78,248.000,20,253.000,1,320.000,1,0,15,
104415939000,227.000,1,234.000,30,233.000,29,232.000,60,84.000,3,39.000,20,245.000,30,247.000,78,248.000,20,253.000,1,320.000,1,0,15,
104415940000,227.000,1,234.000,30,233.000,29,232.000,60,84.000,3,39.000,20,245.000,30,247.000,69,248.000,20,253.000,1,320.000,1,0,15,
104415940000,227.000,1,234.000,39,233.000,29,232.000,60,84.000,3,39.000,20,245.000,30,247.000,69,248.000,20,253.000,1,320.000,1,0,15,
104415940000,227.000,1,234.000,39,233.000,29,232.000,60,84.000,3,39.000,20,245.000,30,247.000,69,248.000,20,249.000,9,253.000,1,0,15,
104416344000,227.000,1,234.000,39,233.000,9,232.000,60,84.000,3,39.000,20,245.000,30,247.000,69,249.000,9,253.000,1,320.000,1,0,15,
104416344000,227.000,1,234.000,59,233.000,9,232.000,60,84.000,3,39.000,20,245.000,30,247.000,69,249.000,29,253.000,1,320.000,1,0,15,
104416468000,227.000,1,234.000,39,233.000,9,232.000,60,84.000,3,39.000,20,245.000,30,247.000,69,249.000,9,253.000,1,320.000,1,0,15,
104416844000,227.000,1,234.000,39,233.000,29,232.000,60,84.000,3,39.000,20,245.000,30,247.000,69,248.000,20,249.000,9,253.000,1,0,15,
104420834000,227.000,1,234.000,39,233.000,9,232.000,60,84.000,3,39.000,20,245.000,30,247.000,69,249.000,9,253.000,1,320.000,1,0,15,
104420834000,227.000,1,234.000,59,233.000,9,232.000,60,84.000,3,39.000,20,245.000,30,247.000,69,249.000,29,253.000,1,320.000,1,0,15,
104420845000,227.000,1,234.000,59,233.000,9,232.000,40,84.000,3,39.000,20,245.000,30,247.000,49,249.000,29,253.000,1,320.000,1,0,15,
104420878000,227.000,1,234.000,59,233.000,9,232.000,20,84.000,3,39.000,20,245.000,30,247.000,29,249.000,29,253.000,1,320.000,1,0,15,
104420944000,227.000,1,234.000,59,233.000,29,232.000,20,84.000,3,39.000,20,245.000,30,247.000,29,248.000,20,249.000,29,253.000,1,0,15,
104421005000,227.000,1,234.000,79,233.000,29,232.000,20,84.000,3,39.000,20,245.000,30,247.000,29,248.000,20,249.000,49,253.000,1,0,15,
104421349000,227.000,1,234.000,58,233.000,29,232.000,20,84.000,3,39.000,20,245.000,9,247.000,29,248.000,20,249.000,49,253.000,1,0,15,
104421349000,227.000,1,234.000,79,233.000,29,232.000,20,84.000,3,39.000,20,245.000,9,246.000,21,247.000,29,248.000,20,249.000,49,0,15,
104421349000,227.000,1,234.000,79,233.000,29,232.000,20,84.000,3,39.000,20,246.000,21,247.000,29,248.000,20,249.000,49,253.000,1,0,15,
104421349000,227.000,1,234.000,79,233.000,29,232.000,20,84.000,3,39.000,20,246.000,30,247.000,29,248.000,20,249.000,49,253.000,1,0,15,
104421493000,227.000,1,234.000,79,233.000,29,84.000,3,39.000,20,38.500,1,246.000,30,247.000,9,248.000,20,249.000,49,253.000,1,0,15,
104421493000,227.000,1,234.000,79,233.000,49,84.000,3,39.000,20,38.500,1,246.000,30,247.000,9,248.000,40,249.000,49,253.000,1,0,15,
104422186000,227.000,1,234.000,59,233.000,49,84.000,3,39.000,20,38.500,1,246.000,30,247.000,9,248.000,40,249.000,29,253.000,1,0,15,
104422186000,227.000,1,235.000,20,234.000,59,233.000,49,84.000,3,39.000,20,246.000,30,247.000,9,248.000,40,249.000,29,250.000,20,0,15,
104422187000,227.000,1,235.000,29,234.000,59,233.000,49,84.000,3,39.000,20,246.000,30,247.000,9,248.000,40,249.000,29,250.000,20,0,15,
104422373000,227.000,1,235.000,9,234.000,59,233.000,49,84.000,3,39.000,20,246.000,30,247.000,9,248.000,40,249.000,29,253.000,1,0,15,
104422373000,227.000,1,234.000,59,233.000,49,84.000,3,39.000,20,38.500,1,246.000,30,247.000,9,248.000,40,249.000,29,253.000,1,0,15,
104422748000,227.000,1,234.000,79,233.000,49,84.000,3,39.000,20,38.500,1,246.000,30,247.000,9,248.000,40,249.000,49,253.000,1,0,15,
104422993000,227.000,1,234.000,79,233.000,29,84.000,3,39.000,20,38.500,1,246.000,30,247.000,9,248.000,20,249.000,49,253.000,1,0,15,
104422993000,227.000,1,234.000,79,233.000,29,232.000,20,84.000,3,39.000,20,246.000,30,247.000,29,248.000,20,249.000,49,253.000,1,0,15,
104423011000,227.000,1,234.000,79,233.000,9,232.000,20,84.000,3,39.000,20,246.000,30,247.000,29,249.000,49,253.000,1,320.000,1,0,15,
104423351000,227.000,1,234.000,59,233.000,9,232.000,20,84.000,3,39.000,20,246.000,30,247.000,29,249.000,29,253.000,1,320.000,1,0,15,
104423351000,227.000,1,234.000,59,233.000,29,232.000,20,84.000,3,39.000,20,246.000,30,247.000,29,248.000,20,249.000,29,253.000,1,0,15,
104423436000,227.000,1,234.000,59,233.000,29,232.000,40,84.000,3,39.000,20,246.000,30,247.000,49,248.000,20,249.000,29,253.000,1,0,15,
104424173000,227.000,1,234.000,59,233.000,9,232.000,40,84.000,3,39.000,20,246.000,30,247.000,49,249.000,29,253.000,1,320.000,1,0,15,
104424173000,227.000,1,234.000,79,233.000,9,232.000,40,84.000,3,39.000,20,246.000,30,247.000,49,249.000,49,253.000,1,320.000,1,0,15,
104424296000,227.000,1,234.000,59,233.000,9,232.000,40,84.000,3,39.000,20,246.000,30,247.000,49,249.000,29,253.000,1,320.000,1,0,15,
104424795000,227.000,1,234.000,79,233.000,9,232.000,40,84.000,3,39.000,20,246.000,30,247.000,49,249.000,49,253.000,1,320.000,1,0,15,
104425296000,227.000,1,234.000,59,233.000,9,232.000,40,84.000,3,39.000,20,246.000,30,247.000,49,249.000,29,253.000,1,320.000,1,0,15,
104425296000,227.000,1,234.000,59,233.000,29,232.000,40,84.000,3,39.000,20,246.000,30,247.000,49,248.000,20,249.000,29,253.000,1,0,15,
104427129000,227.000,1,234.000,59,233.000,9,232.000,40,84.000,3,39.000,20,246.000,30,247.000,49,249.000,29,253.000,1,320.000,1,0,15,
104427129000,227.000,1,234.000,79,233.000,9,232.000,40,84.000,3,39.000,20,246.000,30,247.000,49,249.000,49,253.000,1,320.000,1,0,15,
104431742000,227.000,1,234.000,79,233.000,9,232.000,20,84.000,3,39.000,20,246.000,30,247.000,29,249.000,49,253.000,1,320.000,1,0,15,
104431742000,227.000,1,234.000,79,233.000,29,232.000,20,84.000,3,39.000,20,246.000,30,247.000,29,248.000,20,249.000,49,253.000,1,0,15,
104433687000,227.000,1,234.000,59,233.000,29,232.000,20,84.000,3,39.000,20,246.000,30,247.000,29,248.000,20,249.000,29,253.000,1,0,15,
104433687000,227.000,1,235.000,20,234.000,59,233.000,29,232.000,20,84.000,3,246.000,30,247.000,29,248.000,20,249.000,29,250.000,20,0,15,
104433687000,227.000,1,235.000,29,234.000,59,233.000,29,232.000,20,84.000,3,246.000,30,247.000,29,248.000,20,249.000,29,250.000,20,0,15,
104433813000,227.000,1,235.000,9,234.000,59,233.000,29,232.000,20,84.000,3,246.000,30,247.000,29,248.000,20,249.000,29,253.000,1,0,15,
104433813000,227.000,1,234.000,59,233.000,29,232.000,20,84.000,3,39.000,20,246.000,30,247.000,29,248.000,20,249.000,29,253.000,1,0,15,
104434188000,227.000,1,234.000,79,233.000,29,232.000,20,84.000,3,39.000,20,246.000,30,247.000,29,248.000,20,249.000,49,253.000,1,0,15,
104442167000,227.000,1,234.000,59,233.000,29,232.000,20,84.000,3,39.000,20,246.000,30,247.000,29,248.000,20,249.000,29,253.000,1,0,15,
104442167000,227.000,1,235.000,20,234.000,59,233.000,29,232.000,20,84.000,3,246.000,30,247.000,29,248.000,20,249.000,29,250.000,20,0,15,
104442167000,227.000,1,235.000,29,234.000,59,233.000,29,232.000,20,84.000,3,246.000,30,247.000,29,248.000,20,249.000,29,250.000,20,0,15,
104442258000,227.000,1,235.000,29,234.000,38,233.000,29,232.000,20,84.000,3,246.000,9,247.000,29,248.000,20,249.000,29,250.000,20,0,15,
104442258000,227.000,1,236.000,21,235.000,29,234.000,38,233.000,29,232.000,20,246.000,30,247.000,29,248.000,20,249.000,29,250.000,20,0,15,
104442258000,227.000,1,236.000,21,235.000,29,234.000,38,233.000,29,232.000,20,246.000,21,247.000,29,248.000,20,249.000,29,250.000,20,0,15,
104442258000,227.000,1,236.000,30,235.000,29,234.000,38,233.000,29,232.000,20,246.000,21,247.000,29,248.000,20,249.000,29,250.000,20,0,15,
104442258000,227.000,1,236.000,30,235.000,29,234.000,38,233.000,29,232.000,20,246.000,30,247.000,29,248.000,20,249.000,29,250.000,20,0,15,
104442504000,227.000,1,236.000,30,235.000,29,234.000,29,233.000,29,232.000,20,246.000,30,247.000,29,248.000,20,249.000,29,250.000,20,0,15,
104442504000,227.000,1,236.000,30,235.000,29,234.000,29,233.000,20,232.000,20,246.000,30,247.000,29,248.000,20,249.000,29,250.000,20,0,15,
104442562000,227.000,1,236.000,9,235.000,29,234.000,29,233.000,20,232.000,20,246.000,9,247.000,29,248.000,20,249.000,29,250.000,20,0,15,
104442562000,227.000,1,236.000,30,235.000,29,234.000,29,233.000,20,232.000,20,246.000,9,247.000,50,248.000,20,249.000,29,250.000,20,0,15,
104442562000,227.000,1,236.000,30,235.000,29,234.000,29,233.000,20,232.000,20,247.000,50,248.000,20,249.000,29,250.000,20,253.000,1,0,15,
104442562000,227.000,1,236.000,21,235.000,29,234.000,29,233.000,20,232.000,20,247.000,50,248.000,20,249.000,29,250.000,20,253.000,1,0,15,
104442563000,227.000,1,236.000,30,235.000,29,234.000,29,233.000,20,232.000,20,247.000,50,248.000,20,249.000,29,250.000,20,253.000,1,0,15,
104442564000,227.000,1,236.000,30,235.000,29,234.000,29,233.000,20,84.000,3,247.000,30,248.000,20,249.000,29,250.000,20,253.000,1,0,15,
104442708000,227.000,1,236.000,30,235.000,29,234.000,49,233.000,20,84.000,3,247.000,30,248.000,20,249.000,49,250.000,20,253.000,1,0,15,
104442743000,227.000,1,236.000,30,235.000,29,234.000,49,84.000,3,39.000,20,247.000,30,249.000,49,250.000,20,253.000,1,320.000,1,0,15,
104442743000,227.000,1,236.000,30,235.000,29,234.000,69,84.000,3,39.000,20,247.000,30,249.000,69,250.000,20,253.000,1,320.000,1,0,15,
104444114000,227.000,1,236.000,9,235.000,29,234.000,69,84.000,3,39.000,20,247.000,9,249.000,69,250.000,20,253.000,1,320.000,1,0,15,
104444114000,227.000,1,236.000,30,235.000,29,234.000,69,84.000,3,39.000,20,246.000,21,247.000,9,249.000,69,250.000,20,253.000,1,0,15,
104444114000,227.000,1,236.000,30,235.000,29,234.000,69,84.000,3,39.000,20,246.000,30,247.000,9,249.000,69,250.000,20,253.000,1,0,15,
104447121000,227.000,1,236.000,9,235.000,29,234.000,69,84.000,3,39.000,20,246.000,9,247.000,9,249.000,69,250.000,20,253.000,1,0,15,
104447121000,227.000,1,236.000,30,235.000,29,234.000,69,84.000,3,39.000,20,246.000,9,247.000,30,249.000,69,250.000,20,253.000,1,0,15,
104447121000,227.000,1,236.000,30,235.000,29,234.000,69,84.000,3,39.000,20,246.000,9,247.000,30,249.000,78,250.000,20,253.000,1,0,15,
104447121000,227.000,1,236.000,21,235.000,29,234.000,69,84.000,3,39.000,20,246.000,9,247.000,30,249.000,78,250.000,20,253.000,1,0,15,
104447121000,227.000,1,236.000,21,235.000,29,234.000,69,84.000,3,39.000,20,247.000,30,249.000,78,250.000,20,253.000,1,320.000,1,0,15,
104447121000,227.000,1,236.000,21,235.000,29,234.000,69,84.000,3,39.000,20,246.000,9,247.000,30,249.000,78,250.000,20,253.000,1,0,15,
104447121000,227.000,1,236.000,30,235.000,29,234.000,69,84.000,3,39.000,20,246.000,9,247.000,30,249.000,78,250.000,20,253.000,1,0,15,
104447122000,227.000,1,236.000,30,235.000,29,234.000,69,84.000,3,39.000,20,247.000,30,249.000,78,250.000,20,253.000,1,320.000,1,0,15,
104450969000,227.000,1,236.000,9,235.000,29,234.000,69,84.000,3,39.000,20,247.000,9,249.000,78,250.000,20,253.000,1,320.000,1,0,15,
104450969000,227.000,1,236.000,30,235.000,29,234.000,69,84.000,3,39.000,20,246.000,21,247.000,9,249.000,78,250.000,20,253.000,1,0,15,
104450969000,227.000,1,236.000,30,235.000,29,234.000,69,84.000,3,39.000,20,246.000,30,247.000,9,249.000,78,250.000,20,253.000,1,0,15,
104451002000,227.000,1,236.000,30,235.000,9,234.000,69,84.000,3,39.000,20,246.000,30,247.000,9,249.000,78,253.000,1,320.000,1,0,15,
104451005000,227.000,1,236.000,30,235.000,9,234.000,69,84.000,3,39.000,20,246.000,30,247.000,9,249.000,69,253.000,1,320.000,1,0,15,
104451118000,227.000,1,236.000,30,235.000,9,234.000,49,84.000,3,39.000,20,246.000,30,247.000,9,249.000,49,253.000,1,320.000,1,0,15,
104451118000,227.000,1,236.000,30,235.000,9,234.000,49,233.000,20,84.000,3,246.000,30,247.000,9,248.000,20,249.000,49,253.000,1,0,15,
104451123000,227.000,1,236.000,30,235.000,9,234.000,69,233.000,20,84.000,3,246.000,30,247.000,9,248.000,20,249.000,69,253.000,1,0,15,
104452756000,227.000,1,236.000,30,235.000,9,234.000,69,84.000,3,39.000,20,246.000,30,247.000,9,249.000,69,253.000,1,320.000,1,0,15,
104452756000,227.000,1,236.000,30,235.000,29,234.000,69,84.000,3,39.000,20,246.000,30,247.000,9,249.000,69,250.000,20,253.000,1,0,15,
104453359000,227.000,1,236.000,30,235.000,29,234.000,49,84.000,3,39.000,20,246.000,30,247.000,9,249.000,49,250.000,20,253.000,1,0,15,
104453359000,227.000,1,236.000,30,235.000,49,234.000,49,84.000,3,39.000,20,246.000,30,247.000,9,249.000,49,250.000,40,253.000,1,0,15,
104453734000,227.000,1,236.000,30,235.000,29,234.000,49,84.000,3,39.000,20,246.000,30,247.000,9,249.000,49,250.000,20,253.000,1,0,15,
104453858000,227.000,1,236.000,30,235.000,29,234.000,69,84.000,3,39.000,20,246.000,30,247.000,9,249.000,69,250.000,20,253.000,1,0,15,
104454359000,227.000,1,236.000,30,235.000,29,234.000,49,84.000,3,39.000,20,246.000,30,247.000,9,249.000,49,250.000,20,253.000,1,0,15,
104454359000,227.000,1,236.000,30,235.000,49,234.000,49,84.000,3,39.000,20,246.000,30,247.000,9,249.000,49,250.000,40,253.000,1,0,15,
104459301000,227.000,1,236.000,30,235.000,29,234.000,49,84.000,3,39.000,20,246.000,30,247.000,9,249.000,49,250.000,20,253.000,1,0,15,
104459301000,227.000,1,236.000,30,235.000,29,234.000,69,84.000,3,39.000,20,246.000,30,247.000,9,249.000,69,250.000,20,253.000,1,0,15,
104500173000,227.000,1,236.000,30,235.000,29,234.000,49,84.000,3,39.000,20,246.000,30,247.000,9,249.000,49,250.000,20,253.000,1,0,15,
104500173000,227.000,1,236.000,30,235.000,49,234.000,49,84.000,3,39.000,20,246.000,30,247.000,9,249.000,49,250.000,40,253.000,1,0,15,
104502387000,227.000,1,236.000,30,235.000,49,234.000,29,84.000,3,39.000,20,246.000,30,247.000,9,249.000,29,250.000,40,253.000,1,0,15,
104502482000,227.000,1,236.000,30,235.000,29,234.000,29,84.000,3,39.000,20,246.000,30,247.000,9,249.000,29,250.000,20,253.000,1,0,15,
104502482000,227.000,1,236.000,50,235.000,29,234.000,29,84.000,3,39.000,20,246.000,30,247.000,9,249.000,29,250.000,20,251.000,20,0,15,
104502504000,227.000,1,236.000,70,235.000,29,234.000,29,84.000,3,39.000,20,246.000,30,247.000,9,249.000,29,250.000,20,251.000,40,0,15,
104502634000,227.000,1,236.000,70,235.000,9,234.000,29,84.000,3,39.000,20,246.000,30,247.000,9,249.000,29,251.000,40,253.000,1,0,15,
104502634000,227.000,1,236.000,90,235.000,9,234.000,29,84.000,3,39.000,20,246.000,30,247.000,9,249.000,29,251.000,60,253.000,1,0,15,
104502800000,227.000,1,236.000,90,235.000,9,234.000,9,84.000,3,39.000,20,246.000,30,247.000,9,249.000,9,251.000,60,253.000,1,0,15,
104502852000,227.000,1,236.000,69,235.000,9,234.000,9,84.000,3,39.000,20,246.000,9,247.000,9,249.000,9,251.000,60,253.000,1,0,15,
104502852000,227.000,1,236.000,90,235.000,9,234.000,9,84.000,3,39.000,20,246.000,9,247.000,30,249.000,9,251.000,60,253.000,1,0,15,
104502852000,227.000,1,236.000,90,235.000,9,234.000,9,84.000,3,39.000,20,247.000,30,249.000,9,251.000,60,253.000,1,320.000,1,0,15,
104502869000,227.000,1,236.000,70,235.000,9,234.000,9,84.000,3,39.000,20,247.000,30,249.000,9,251.000,40,253.000,1,320.000,1,0,15,
104502869000,227.000,1,237.000,20,236.000,70,235.000,9,234.000,9,84.000,3,247.000,30,249.000,9,251.000,40,252.000,20,253.000,1,0,15,
104502974000,227.000,1,237.000,29,236.000,70,235.000,9,234.000,9,84.000,3,247.000,30,249.000,9,251.000,40,252.000,20,253.000,1,0,15,
104503005000,227.000,1,237.000,29,236.000,70,234.000,9,84.000,3,39.000,20,247.000,30,249.000,9,251.000,40,252.000,20,253.000,1,0,15,
104503418000,227.000,1,237.000,29,236.000,72,234.000,9,84.000,3,39.000,20,247.000,30,249.000,9,251.000,40,252.000,20,253.000,1,0,15,
104503538000,227.000,1,237.000,29,236.000,74,234.000,9,84.000,3,39.000,20,247.000,30,249.000,9,251.000,40,252.000,20,253.000,1,0,15,
104503852000,227.000,1,237.000,29,236.000,53,234.000,9,84.000,3,39.000,20,247.000,9,249.000,9,251.000,40,252.000,20,253.000,1,0,15,
104503852000,227.000,1,238.000,21,237.000,29,236.000,53,234.000,9,84.000,3,247.000,30,249.000,9,251.000,40,252.000,20,253.000,1,0,15,
104503853000,227.000,1,238.000,21,237.000,29,236.000,53,234.000,9,84.000,3,247.000,21,249.000,9,251.000,40,252.000,20,253.000,1,0,15,
104503853000,227.000,1,238.000,21,237.000,29,236.000,53,234.000,9,84.000,3,247.000,21,249.000,18,251.000,40,252.000,20,253.000,1,0,15,
104503853000,227.000,1,238.000,30,237.000,29,236.000,53,234.000,9,84.000,3,247.000,21,249.000,18,251.000,40,252.000,20,253.000,1,0,15,
104503853000,227.000,1,238.000,30,237.000,29,236.000,53,234.000,9,84.000,3,247.000,30,249.000,18,251.000,40,252.000,20,253.000,1,0,15,
104504005000,227.000,1,238.000,30,237.000,29,236.000,44,234.000,9,84.000,3,247.000,30,249.000,18,251.000,40,252.000,20,253.000,1,0,15,
104504576000,227.000,1,238.000,30,237.000,9,236.000,44,234.000,9,84.000,3,247.000,30,249.000,18,251.000,40,253.000,1,320.000,1,0,15,
104504576000,227.000,1,238.000,50,237.000,9,236.000,44,234.000,9,84.000,3,247.000,30,249.000,18,251.000,40,253.000,21,320.000,1,0,15,
104505621000,227.000,1,238.000,50,237.000,9,236.000,24,234.000,9,84.000,3,247.000,30,249.000,18,251.000,20,253.000,21,320.000,1,0,15,
104505621000,227.000,1,238.000,50,237.000,9,236.000,24,235.000,20,234.000,9,247.000,30,249.000,18,250.000,20,251.000,20,253.000,21,0,15,
104506002000,227.000,1,238.000,50,237.000,9,236.000,24,235.000,40,234.000,9,247.000,30,249.000,18,250.000,40,251.000,20,253.000,21,0,15,
104506116000,227.000,1,238.000,50,237.000,9,236.000,24,235.000,20,234.000,9,247.000,30,249.000,18,250.000,20,251.000,20,253.000,21,0,15,
104506126000,227.000,1,238.000,50,237.000,9,236.000,44,235.000,20,234.000,9,247.000,30,249.000,18,250.000,20,251.000,40,253.000,21,0,15,
104506240000,227.000,1,238.000,50,237.000,9,236.000,24,235.000,20,234.000,9,247.000,30,249.000,18,250.000,20,251.000,20,253.000,21,0,15,
104506727000,227.000,1,238.000,50,237.000,9,236.000,44,235.000,20,234.000,9,247.000,30,249.000,18,250.000,20,251.000,40,253.000,21,0,15,
104506957000,227.000,1,238.000,30,237.000,9,236.000,44,235.000,20,234.000,9,247.000,30,249.000,18,250.000,20,251.000,40,253.000,1,0,15,
104506957000,227.000,1,238.000,30,237.000,9,236.000,64,235.000,20,234.000,9,247.000,30,249.000,18,250.000,20,251.000,60,253.000,1,0,15,
104506973000,227.000,1,238.000,30,237.000,9,236.000,44,235.000,20,234.000,9,247.000,30,249.000,18,250.000,20,251.000,40,253.000,1,0,15,
104507347000,227.000,1,238.000,30,237.000,9,236.000,44,235.000,40,234.000,9,247.000,30,249.000,18,250.000,40,251.000,40,253.000,1,0,15,
104507587000,227.000,1,238.000,30,237.000,9,236.000,44,235.000,20,234.000,9,247.000,30,249.000,18,250.000,20,251.000,40,253.000,1,0,15,
104508034000,227.000,1,238.000,30,237.000,9,236.000,44,235.000,20,234.000,29,247.000,30,249.000,38,250.000,20,251.000,40,253.000,1,0,15,
104510032000,227.000,1,238.000,30,237.000,9,236.000,44,234.000,29,84.000,3,247.000,30,249.000,38,251.000,40,253.000,1,320.000,1,0,15,
104510032000,227.000,1,238.000,30,237.000,9,236.000,64,234.000,29,84.000,3,247.000,30,249.000,38,251.000,60,253.000,1,320.000,1,0,15,
104510155000,227.000,1,238.000,30,237.000,9,236.000,44,234.000,29,84.000,3,247.000,30,249.000,38,251.000,40,253.000,1,320.000,1,0,15,
104510655000,227.000,1,238.000,30,237.000,9,236.000,44,235.000,20,234.000,29,247.000,30,249.000,38,250.000,20,251.000,40,253.000,1,0,15,
104514401000,227.000,1,238.000,30,237.000,9,236.000,44,234.000,29,84.000,3,247.000,30,249.000,38,251.000,40,253.000,1,320.000,1,0,15,
104514401000,227.000,1,238.000,30,237.000,9,236.000,64,234.000,29,84.000,3,247.000,30,249.000,38,251.000,60,253.000,1,320.000,1,0,15,
104515617000,227.000,1,238.000,30,237.000,9,236.000,44,234.000,29,84.000,3,247.000,30,249.000,38,251.000,40,253.000,1,320.000,1,0,15,
104515617000,227.000,1,238.000,30,237.000,29,236.000,44,234.000,29,84.000,3,247.000,30,249.000,38,251.000,40,252.000,20,253.000,1,0,15,
104516214000,227.000,1,238.000,30,237.000,29,236.000,44,234.000,20,84.000,3,247.000,30,249.000,38,251.000,40,252.000,20,253.000,1,0,15,
104516215000,227.000,1,238.000,30,237.000,29,236.000,53,234.000,20,84.000,3,247.000,30,249.000,38,251.000,40,252.000,20,253.000,1,0,15,
104519781000,227.000,1,238.000,30,237.000,29,236.000,53,234.000,20,84.000,3,247.000,30,249.000,29,251.000,40,252.000,20,253.000,1,0,15,
104519906000,227.000,1,238.000,30,237.000,29,236.000,53,234.000,20,84.000,3,247.000,30,249.000,29,251.000,49,252.000,20,253.000,1,0,15,
104521246000,227.000,1,238.000,30,237.000,9,236.000,53,234.000,20,84.000,3,247.000,30,249.000,29,251.000,49,253.000,1,320.000,1,0,15,
104521246000,227.000,1,238.000,50,237.000,9,236.000,53,234.000,20,84.000,3,247.000,30,249.000,29,251.000,49,253.000,21,320.000,1,0,15,
104521271000,227.000,1,238.000,29,237.000,9,236.000,53,234.000,20,84.000,3,247.000,9,249.000,29,251.000,49,253.000,21,320.000,1,0,15,
104521271000,227.000,1,238.000,50,237.000,9,236.000,53,234.000,20,84.000,3,247.000,9,248.000,21,249.000,29,251.000,49,253.000,21,0,15,
104521273000,227.000,1,238.000,50,237.000,9,236.000,53,234.000,20,84.000,3,248.000,21,249.000,29,251.000,49,253.000,21,320.000,1,0,15,
104521273000,227.000,1,238.000,50,237.000,9,236.000,53,234.000,20,84.000,3,248.000,30,249.000,29,251.000,49,253.000,21,320.000,1,0,15,
104521289000,227.000,1,238.000,50,237.000,9,236.000,53,84.000,3,39.000,20,248.000,30,249.000,9,251.000,49,253.000,21,320.000,1,0,15,
104521419000,227.000,1,238.000,50,237.000,9,236.000,53,235.000,20,84.000,3,248.000,30,249.000,9,250.000,20,251.000,49,253.000,21,0,15,
104521488000,227.000,1,238.000,50,237.000,9,236.000,33,235.000,20,84.000,3,248.000,30,249.000,9,250.000,20,251.000,29,253.000,21,0,15,
104521488000,227.000,1,238.000,50,237.000,29,236.000,33,235.000,20,84.000,3,248.000,30,249.000,9,250.000,20,251.000,29,252.000,20,0,15,
104521620000,227.000,1,238.000,30,237.000,29,236.000,33,235.000,20,84.000,3,248.000,30,249.000,9,250.000,20,251.000,29,252.000,20,0,15,
104521620000,227.000,1,239.000,20,238.000,30,237.000,29,236.000,33,235.000,20,248.000,30,249.000,9,250.000,20,251.000,29,252.000,20,0,15,
104521620000,227.000,1,239.000,29,238.000,30,237.000,29,236.000,33,235.000,20,248.000,30,249.000,9,250.000,20,251.000,29,252.000,20,0,15,
104521869000,227.000,1,239.000,9,238.000,30,237.000,29,236.000,33,235.000,20,248.000,30,249.000,9,250.000,20,251.000,29,252.000,20,0,15,
104521869000,227.000,1,239.000,9,238.000,50,237.000,29,236.000,33,235.000,20,248.000,30,249.000,9,250.000,20,251.000,29,252.000,20,0,15,
104521869000,227.000,1,238.000,50,237.000,29,236.000,33,235.000,20,84.000,3,248.000,30,249.000,9,250.000,20,251.000,29,252.000,20,0,15,
104522344000,227.000,1,238.000,50,237.000,9,236.000,33,235.000,20,84.000,3,248.000,30,249.000,9,250.000,20,251.000,29,253.000,21,0,15,
104522344000,227.000,1,238.000,50,237.000,9,236.000,53,235.000,20,84.000,3,248.000,30,249.000,9,250.000,20,251.000,49,253.000,21,0,15,
104522470000,227.000,1,238.000,50,237.000,9,236.000,33,235.000,20,84.000,3,248.000,30,249.000,9,250.000,20,251.000,29,253.000,21,0,15,
104522961000,227.000,1,238.000,50,237.000,29,236.000,33,235.000,20,84.000,3,248.000,30,249.000,9,250.000,20,251.000,29,252.000,20,0,15,
104524620000,227.000,1,238.000,30,237.000,29,236.000,33,235.000,20,84.000,3,248.000,30,249.000,9,250.000,20,251.000,29,252.000,20,0,15,
104524620000,227.000,1,239.000,20,238.000,30,237.000,29,236.000,33,235.000,20,248.000,30,249.000,9,250.000,20,251.000,29,252.000,20,0,15,
104524620000,227.000,1,239.000,29,238.000,30,237.000,29,236.000,33,235.000,20,248.000,30,249.000,9,250.000,20,251.000,29,252.000,20,0,15,
104524623000,227.000,1,239.000,29,238.000,30,237.000,29,236.000,33,84.000,3,248.000,30,249.000,9,251.000,29,252.000,20,253.000,1,0,15,
104524660000,227.000,1,239.000,29,238.000,30,237.000,29,236.000,53,84.000,3,248.000,30,249.000,9,251.000,49,252.000,20,253.000,1,0,15,
104525005000,227.000,1,239.000,29,238.000,30,237.000,20,236.000,53,84.000,3,248.000,30,249.000,9,251.000,49,252.000,20,253.000,1,0,15,
104525137000,227.000,1,239.000,29,238.000,9,237.000,20,236.000,53,84.000,3,248.000,9,249.000,9,251.000,49,252.000,20,253.000,1,0,15,
104525137000,227.000,1,240.000,21,239.000,29,238.000,9,237.000,20,236.000,53,248.000,9,249.000,30,251.000,49,252.000,20,253.000,1,0,15,
104525138000,227.000,1,240.000,30,239.000,29,238.000,9,237.000,20,236.000,53,248.000,9,249.000,30,251.000,49,252.000,20,253.000,1,0,15,
104525138000,227.000,1,240.000,30,239.000,29,238.000,9,237.000,20,236.000,53,249.000,30,251.000,49,252.000,20,253.000,1,254.000,20,0,15,
104525505000,227.000,1,240.000,30,239.000,29,237.000,20,236.000,53,84.000,3,249.000,30,251.000,49,252.000,20,253.000,1,254.000,20,0,15,
104527126000,227.000,1,240.000,30,239.000,29,237.000,20,236.000,53,84.000,3,249.000,30,251.000,40,252.000,20,253.000,1,254.000,20,0,15,
104527127000,227.000,1,240.000,30,239.000,29,237.000,20,236.000,44,84.000,3,249.000,30,251.000,40,252.000,20,253.000,1,254.000,20,0,15,
104527129000,227.000,1,240.000,30,239.000,29,237.000,20,236.000,24,84.000,3,249.000,30,251.000,20,252.000,20,253.000,1,254.000,20,0,15,
104527130000,227.000,1,240.000,30,239.000,29,238.000,9,237.000,20,236.000,24,249.000,30,251.000,20,252.000,20,253.000,1,254.000,20,0,15,
104527134000,227.000,1,240.000,30,239.000,29,238.000,9,236.000,24,84.000,3,249.000,30,251.000,20,253.000,1,254.000,20,320.000,1,0,15,
104527362000,227.000,1,240.000,30,239.000,29,238.000,9,237.000,20,236.000,24,249.000,30,251.000,20,252.000,20,253.000,1,254.000,20,0,15,
104527612000,227.000,1,240.000,30,239.000,29,238.000,29,237.000,20,236.000,24,249.000,30,251.000,20,252.000,20,253.000,21,254.000,20,0,15,
104528177000,227.000,1,240.000,30,239.000,29,238.000,29,237.000,20,236.000,24,249.000,30,251.000,20,252.000,20,253.000,30,254.000,20,0,15,
104528860000,227.000,1,240.000,30,239.000,29,238.000,29,237.000,20,236.000,4,249.000,30,252.000,20,253.000,30,254.000,20,320.000,1,0,15,
104529005000,227.000,1,240.000,30,239.000,29,238.000,49,237.000,20,236.000,4,249.000,30,252.000,20,253.000,50,254.000,20,320.000,1,0,15,
104529217000,227.000,1,240.000,9,239.000,29,238.000,49,237.000,20,236.000,4,249.000,9,252.000,20,253.000,50,254.000,20,320.000,1,0,15,
104529217000,227.000,1,240.000,30,239.000,29,238.000,49,237.000,20,236.000,4,249.000,9,250.000,21,252.000,20,253.000,50,254.000,20,0,15,
104529218000,227.000,1,240.000,30,239.000,29,238.000,49,237.000,20,236.000,4,249.000,9,250.000,21,252.000,29,253.000,50,254.000,20,0,15,
104529218000,227.000,1,240.000,21,239.000,29,238.000,49,237.000,20,236.000,4,249.000,9,250.000,21,252.000,29,253.000,50,254.000,20,0,15,
104529218000,227.000,1,240.000,21,239.000,29,238.000,49,237.000,20,236.000,4,249.000,9,250.000,30,252.000,29,253.000,50,254.000,20,0,15,
104529218000,227.000,1,240.000,21,239.000,29,238.000,49,237.000,20,236.000,4,250.000,30,252.000,29,253.000,50,254.000,20,320.000,1,0,15,
104529218000,227.000,1,240.000,21,239.000,29,238.000,49,236.000,4,84.000,3,250.000,30,252.000,9,253.000,50,254.000,20,320.000,1,0,15,
104529218000,227.000,1,240.000,30,239.000,29,238.000,49,236.000,4,84.000,3,250.000,30,252.000,9,253.000,50,254.000,20,320.000,1,0,15,
104529218000,227.000,1,240.000,30,239.000,29,238.000,49,236.000,4,84.000,3,249.000,9,250.000,30,252.000,9,253.000,50,254.000,20,0,15,
104529219000,227.000,1,240.000,30,239.000,29,238.000,49,236.000,4,84.000,3,250.000,30,252.000,9,253.000,50,254.000,20,320.000,1,0,15,
104529242000,227.000,1,240.000,30,239.000,9,238.000,49,236.000,4,84.000,3,250.000,30,252.000,9,253.000,50,320.000,1,364.000,1,0,15,
104529242000,227.000,1,240.000,50,239.000,9,238.000,49,236.000,4,84.000,3,250.000,30,252.000,9,253.000,50,255.000,20,320.000,1,0,15,
104529319000,227.000,1,240.000,50,239.000,9,238.000,69,236.000,4,84.000,3,250.000,30,252.000,9,253.000,70,255.000,20,320.000,1,0,15,
104529701000,227.000,1,240.000,50,239.000,9,238.000,49,236.000,4,84.000,3,250.000,30,252.000,9,253.000,50,255.000,20,320.000,1,0,15,
104529701000,227.000,1,240.000,50,239.000,29,238.000,49,236.000,4,84.000,3,250.000,30,252.000,9,253.000,50,254.000,20,255.000,20,0,15,
104530517000,227.000,1,240.000,50,239.000,9,238.000,49,236.000,4,84.000,3,250.000,30,252.000,9,253.000,50,255.000,20,320.000,1,0,15,
104530517000,227.000,1,240.000,50,239.000,9,238.000,69,236.000,4,84.000,3,250.000,30,252.000,9,253.000,70,255.000,20,320.000,1,0,15,
104530761000,227.000,1,240.000,50,239.000,9,238.000,49,236.000,4,84.000,3,250.000,30,252.000,9,253.000,50,255.000,20,320.000,1,0,15,
104531017000,227.000,1,240.000,50,239.000,9,238.000,29,236.000,4,84.000,3,250.000,30,252.000,9,253.000,30,255.000,20,320.000,1,0,15,
104531121000,227.000,1,240.000,50,239.000,29,238.000,29,236.000,4,84.000,3,250.000,30,252.000,9,253.000,30,254.000,20,255.000,20,0,15,
104531424000,227.000,1,240.000,50,239.000,29,238.000,29,237.000,20,236.000,4,250.000,30,252.000,29,253.000,30,254.000,20,255.000,20,0,15,
104533922000,227.000,1,240.000,50,239.000,29,238.000,29,237.000,20,236.000,2,250.000,30,252.000,29,253.000,30,254.000,20,255.000,20,0,15,
104535979000,227.000,1,240.000,50,239.000,9,238.000,29,237.000,20,236.000,2,250.000,30,252.000,29,253.000,30,255.000,20,320.000,1,0,15,
104535979000,227.000,1,240.000,50,239.000,9,238.000,49,237.000,20,236.000,2,250.000,30,252.000,29,253.000,50,255.000,20,320.000,1,0,15,
104537147000,227.000,1,240.000,50,239.000,9,238.000,29,237.000,20,236.000,2,250.000,30,252.000,29,253.000,30,255.000,20,320.000,1,0,15,
104537147000,227.000,1,240.000,50,239.000,29,238.000,29,237.000,20,236.000,2,250.000,30,252.000,29,253.000,30,254.000,20,255.000,20,0,15,
104538966000,227.000,1,240.000,50,239.000,29,238.000,29,237.000,20,84.000,3,250.000,30,252.000,29,253.000,30,254.000,20,255.000,20,0,15,
104539421000,227.000,1,240.000,50,239.000,29,238.000,29,84.000,3,39.000,20,250.000,30,252.000,9,253.000,30,254.000,20,255.000,20,0,15,
104539443000,227.000,1,240.000,30,239.000,29,238.000,29,84.000,3,39.000,20,250.000,30,252.000,9,253.000,30,254.000,20,320.000,1,0,15,
104539443000,227.000,1,241.000,20,240.000,30,239.000,29,238.000,29,84.000,3,250.000,30,252.000,9,253.000,30,254.000,20,256.000,20,0,15,
104539484000,227.000,1,241.000,20,240.000,9,239.000,29,238.000,29,84.000,3,250.000,9,252.000,9,253.000,30,254.000,20,256.000,20,0,15,
104539484000,227.000,1,242.000,21,241.000,20,240.000,9,239.000,29,238.000,29,250.000,9,251.000,21,252.000,9,253.000,30,254.000,20,0,15,
104539485000,227.000,1,242.000,21,241.000,20,240.000,9,239.000,29,238.000,29,251.000,21,252.000,9,253.000,30,254.000,20,256.000,20,0,15,
104539543000,227.000,1,242.000,21,241.000,20,240.000,9,239.000,29,238.000,49,251.000,21,252.000,9,253.000,50,254.000,20,256.000,20,0,15,
104540156000,227.000,1,242.000,30,241.000,20,240.000,9,239.000,29,238.000,49,251.000,21,252.000,9,253.000,50,254.000,20,256.000,20,0,15,
104540156000,227.000,1,242.000,30,241.000,20,240.000,9,239.000,29,238.000,49,251.000,30,252.000,9,253.000,50,254.000,20,256.000,20,0,15,
104540505000,227.000,1,242.000,30,241.000,20,240.000,9,239.000,20,238.000,49,251.000,30,252.000,9,253.000,50,254.000,20,256.000,20,0,15,
104542242000,227.000,1,242.000,30,240.000,9,239.000,20,238.000,49,84.000,3,251.000,30,252.000,9,253.000,50,254.000,20,320.000,1,0,15,
104542242000,227.000,1,242.000,30,240.000,29,239.000,20,238.000,49,84.000,3,251.000,30,252.000,9,253.000,50,254.000,20,255.000,20,0,15,
104542985000,227.000,1,242.000,30,240.000,29,238.000,49,84.000,3,39.000,20,251.000,30,252.000,9,253.000,50,255.000,20,320.000,1,0,15,
104542985000,227.000,1,242.000,30,240.000,29,238.000,69,84.000,3,39.000,20,251.000,30,252.000,9,253.000,70,255.000,20,320.000,1,0,15,
104543485000,227.000,1,242.000,30,240.000,29,238.000,49,84.000,3,39.000,20,251.000,30,252.000,9,253.000,50,255.000,20,320.000,1,0,15,
104543485000,227.000,1,242.000,30,240.000,29,239.000,20,238.000,49,84.000,3,251.000,30,252.000,9,253.000,50,254.000,20,255.000,20,0,15,
104544719000,227.000,1,242.000,30,240.000,29,238.000,49,84.000,3,39.000,20,251.000,30,252.000,9,253.000,50,255.000,20,320.000,1,0,15,
104544719000,227.000,1,242.000,30,240.000,29,238.000,69,84.000,3,39.000,20,251.000,30,252.000,9,253.000,70,255.000,20,320.000,1,0,15,
104544828000,227.000,1,242.000,30,240.000,29,238.000,49,84.000,3,39.000,20,251.000,30,252.000,9,253.000,50,255.000,20,320.000,1,0,15,
104544992000,227.000,1,242.000,30,240.000,9,238.000,49,84.000,3,39.000,20,251.000,30,252.000,9,253.000,50,320.000,1,364.000,1,0,15,
104544992000,227.000,1,242.000,30,240.000,9,239.000,20,238.000,49,84.000,3,251.000,30,252.000,9,253.000,50,254.000,20,320.000,1,0,15,
104545295000,227.000,1,242.000,30,240.000,9,239.000,20,238.000,49,237.000,20,251.000,30,252.000,29,253.000,50,254.000,20,320.000,1,0,15,
104546218000,227.000,1,242.000,30,240.000,9,239.000,20,238.000,29,237.000,20,251.000,30,252.000,29,253.000,30,254.000,20,320.000,1,0,15,
104546218000,227.000,1,242.000,30,240.000,9,239.000,40,238.000,29,237.000,20,251.000,30,252.000,29,253.000,30,254.000,40,320.000,1,0,15,
104546617000,227.000,1,242.000,30,240.000,9,239.000,20,238.000,29,237.000,20,251.000,30,252.000,29,253.000,30,254.000,20,320.000,1,0,15,
104546617000,227.000,1,242.000,30,240.000,29,239.000,20,238.000,29,237.000,20,251.000,30,252.000,29,253.000,30,254.000,20,255.000,20,0,15,
104547290000,227.000,1,242.000,30,240.000,29,239.000,20,238.000,29,237.000,20,251.000,30,252.000,29,253.000,29,254.000,20,255.000,20,0,15,
104547294000,227.000,1,242.000,30,240.000,29,239.000,20,238.000,29,84.000,3,251.000,30,252.000,9,253.000,29,254.000,20,255.000,20,0,15,
104547324000,227.000,1,242.000,30,240.000,29,239.000,20,238.000,49,84.000,3,251.000,30,252.000,9,253.000,49,254.000,20,255.000,20,0,15,
104547465000,227.000,1,242.000,30,240.000,29,238.000,49,84.000,3,39.000,20,251.000,30,252.000,9,253.000,49,255.000,20,320.000,1,0,15,
104547465000,227.000,1,242.000,30,240.000,49,238.000,49,84.000,3,39.000,20,251.000,30,252.000,9,253.000,49,255.000,40,320.000,1,0,15,
104547757000,227.000,1,242.000,30,240.000,29,238.000,49,84.000,3,39.000,20,251.000,30,252.000,9,253.000,49,255.000,20,320.000,1,0,15,
104548003000,227.000,1,242.000,30,240.000,29,239.000,20,238.000,49,84.000,3,251.000,30,252.000,9,253.000,49,254.000,20,255.000,20,0,15,
104550137000,227.000,1,242.000,30,240.000,29,238.000,49,84.000,3,39.000,20,251.000,30,252.000,9,253.000,49,255.000,20,320.000,1,0,15,
104550137000,227.000,1,242.000,30,240.000,29,238.000,69,84.000,3,39.000,20,251.000,30,252.000,9,253.000,69,255.000,20,320.000,1,0,15,
104550760000,227.000,1,242.000,30,240.000,29,238.000,49,84.000,3,39.000,20,251.000,30,252.000,9,253.000,49,255.000,20,320.000,1,0,15,
104550760000,227.000,1,242.000,30,240.000,29,239.000,20,238.000,49,84.000,3,251.000,30,252.000,9,253.000,49,254.000,20,255.000,20,0,15,
104551992000,251.000,2,242.000,30,240.000,29,239.000,20,238.000,49,84.000,3,251.000,30,252.000,9,253.000,49,254.000,20,255.000,20,1,17,104551992000
104551992000,251.000,2,242.000,30,240.000,29,239.000,20,238.000,49,84.000,3,251.000,28,252.000,9,253.000,49,254.000,20,255.000,20,0,17,
104552761000,251.000,2,242.000,30,240.000,29,238.000,49,84.000,3,39.000,20,251.000,28,252.000,9,253.000,49,255.000,20,320.000,1,0,17,
104552761000,251.000,2,242.000,30,240.000,49,238.000,49,84.000,3,39.000,20,251.000,28,252.000,9,253.000,49,255.000,40,320.000,1,0,17,
104552868000,251.000,2,242.000,30,240.000,29,238.000,49,84.000,3,39.000,20,251.000,28,252.000,9,253.000,49,255.000,20,320.000,1,0,17,
104552868000,251.000,2,242.000,30,241.000,20,240.000,29,238.000,49,84.000,3,251.000,28,252.000,9,253.000,49,255.000,20,256.000,20,0,17,
104553016000,251.000,2,242.000,30,241.000,20,240.000,9,238.000,49,84.000,3,251.000,28,252.000,9,253.000,49,256.000,20,320.000,1,0,17,
104553257000,251.000,2,242.000,30,241.000,20,240.000,9,239.000,20,238.000,49,251.000,28,252.000,9,253.000,49,254.000,20,256.000,20,0,17,
104553493000,251.000,2,242.000,30,240.000,9,239.000,20,238.000,49,84.000,3,251.000,28,252.000,9,253.000,49,254.000,20,320.000,1,0,17,
104553493000,251.000,2,242.000,30,240.000,29,239.000,20,238.000,49,84.000,3,251.000,28,252.000,9,253.000,49,254.000,20,255.000,20,0,17,
104554118000,251.000,2,242.000,30,240.000,9,239.000,20,238.000,49,84.000,3,251.000,28,252.000,9,253.000,49,254.000,20,320.000,1,0,17,
104554118000,251.000,2,242.000,30,241.000,20,240.000,9,239.000,20,238.000,49,251.000,28,252.000,9,253.000,49,254.000,20,256.000,20,0,17,
104554243000,251.000,2,242.000,30,240.000,9,239.000,20,238.000,49,84.000,3,251.000,28,252.000,9,253.000,49,254.000,20,320.000,1,0,17,
104554243000,251.000,2,242.000,30,240.000,29,239.000,20,238.000,49,84.000,3,251.000,28,252.000,9,253.000,49,254.000,20,255.000,20,0,17,
104554743000,251.000,2,242.000,30,240.000,9,239.000,20,238.000,49,84.000,3,251.000,28,252.000,9,253.000,49,254.000,20,320.000,1,0,17,
104554743000,251.000,2,242.000,30,241.000,20,240.000,9,239.000,20,238.000,49,251.000,28,252.000,9,253.000,49,254.000,20,256.000,20,0,17,
104555868000,251.000,2,242.000,30,241.000,20,240.000,9,238.000,49,84.000,3,251.000,28,252.000,9,253.000,49,256.000,20,320.000,1,0,17,
104555868000,251.000,2,242.000,30,241.000,20,240.000,29,238.000,49,84.000,3,251.000,28,252.000,9,253.000,49,255.000,20,256.000,20,0,17,
104556365000,251.000,2,242.000,30,241.000,20,240.000,9,238.000,49,84.000,3,251.000,28,252.000,9,253.000,49,256.000,20,320.000,1,0,17,
104556375000,251.000,2,242.000,30,241.000,20,240.000,9,239.000,20,238.000,49,251.000,28,252.000,9,253.000,49,254.000,20,256.000,20,0,17,
104556494000,251.000,2,242.000,30,240.000,9,239.000,20,238.000,49,84.000,3,251.000,28,252.000,9,253.000,49,254.000,20,320.000,1,0,17,
104556494000,251.000,2,242.000,30,240.000,29,239.000,20,238.000,49,84.000,3,251.000,28,252.000,9,253.000,49,254.000,20,255.000,20,0,17,
104559874000,251.000,2,242.000,30,240.000,9,239.000,20,238.000,49,84.000,3,251.000,28,252.000,9,253.000,49,254.000,20,320.000,1,0,17,
104559874000,251.000,2,242.000,30,241.000,20,240.000,9,239.000,20,238.000,49,251.000,28,252.000,9,253.000,49,254.000,20,256.000,20,0,17,
104600194000,251.000,2,242.000,30,241.000,20,240.000,9,239.000,20,238.000,49,251.000,28,252.000,9,253.000,49,254.000,20,256.000,20,1,19,104600194000
104600194000,251.000,2,242.000,30,241.000,20,240.000,9,239.000,20,238.000,49,251.000,26,252.000,9,253.000,49,254.000,20,256.000,20,0,19,
104600890000,251.000,2,242.000,30,241.000,20,240.000,9,239.000,20,238.000,40,251.000,26,252.000,9,253.000,49,254.000,20,256.000,20,0,19,
104600890000,251.000,2,242.000,30,241.000,20,240.000,18,239.000,20,238.000,40,251.000,26,252.000,9,253.000,49,254.000,20,256.000,20,0,19,
104601740000,251.000,2,242.000,30,241.000,20,240.000,18,238.000,40,84.000,3,251.000,26,252.000,9,253.000,49,256.000,20,320.000,1,0,19,
104601740000,251.000,2,242.000,30,241.000,20,240.000,38,238.000,40,84.000,3,251.000,26,252.000,9,253.000,49,255.000,20,256.000,20,0,19,
104601864000,251.000,2,242.000,30,241.000,20,240.000,18,238.000,40,84.000,3,251.000,26,252.000,9,253.000,49,256.000,20,320.000,1,0,19,
104602239000,251.000,2,242.000,30,241.000,20,240.000,38,238.000,40,84.000,3,251.000,26,252.000,9,253.000,49,255.000,20,256.000,20,0,19,
104602364000,251.000,2,242.000,30,241.000,20,240.000,18,238.000,40,84.000,3,251.000,26,252.000,9,253.000,49,256.000,20,320.000,1,0,19,
104602367000,251.000,2,242.000,30,240.000,18,238.000,40,84.000,3,39.000,20,251.000,26,252.000,9,253.000,49,320.000,1,364.000,1,0,19,
104602367000,251.000,2,242.000,30,240.000,38,238.000,40,84.000,3,39.000,20,251.000,26,252.000,9,253.000,49,255.000,20,320.000,1,0,19,
104602738000,251.000,2,242.000,30,240.000,38,239.000,20,238.000,40,84.000,3,251.000,26,252.000,9,253.000,49,254.000,20,255.000,20,0,19,
104604971000,251.000,2,242.000,30,240.000,38,238.000,40,84.000,3,39.000,20,251.000,26,252.000,9,253.000,49,255.000,20,320.000,1,0,19,
104604971000,251.000,2,242.000,30,240.000,38,238.000,60,84.000,3,39.000,20,251.000,26,252.000,9,253.000,69,255.000,20,320.000,1,0,19,
104604993000,251.000,2,242.000,30,240.000,18,238.000,60,84.000,3,39.000,20,251.000,26,252.000,9,253.000,69,320.000,1,364.000,1,0,19,
104604993000,251.000,2,242.000,30,240.000,18,239.000,20,238.000,60,84.000,3,251.000,26,252.000,9,253.000,69,254.000,20,320.000,1,0,19,
104605100000,251.000,2,242.000,30,240.000,18,239.000,20,238.000,40,84.000,3,251.000,26,252.000,9,253.000,49,254.000,20,320.000,1,0,19,
104605474000,251.000,2,242.000,30,240.000,18,239.000,40,238.000,40,84.000,3,251.000,26,252.000,9,253.000,49,254.000,40,320.000,1,0,19,
104605967000,251.000,2,242.000,30,240.000,18,239.000,20,238.000,40,84.000,3,251.000,26,252.000,9,253.000,49,254.000,20,320.000,1,0,19,
104605977000,251.000,2,242.000,30,240.000,18,239.000,20,238.000,60,84.000,3,251.000,26,252.000,9,253.000,69,254.000,20,320.000,1,0,19,
104607254000,251.000,2,242.000,30,240.000,18,239.000,20,238.000,40,84.000,3,251.000,26,252.000,9,253.000,49,254.000,20,320.000,1,0,19,
104607660000,251.000,2,242.000,30,240.000,18,239.000,20,238.000,60,84.000,3,251.000,26,252.000,9,253.000,69,254.000,20,320.000,1,0,19,
104607787000,251.000,2,242.000,30,240.000,18,239.000,20,238.000,40,84.000,3,251.000,26,252.000,9,253.000,49,254.000,20,320.000,1,0,19,
104607787000,251.000,2,242.000,30,240.000,18,239.000,20,238.000,40,237.000,20,251.000,26,252.000,29,253.000,49,254.000,20,320.000,1,0,19,
104607788000,251.000,2,242.000,30,240.000,9,239.000,20,238.000,40,237.000,20,251.000,26,252.000,29,253.000,49,254.000,20,320.000,1,0,19,
104607869000,251.000,2,242.000,30,240.000,9,238.000,40,237.000,20,84.000,3,251.000,26,252.000,29,253.000,49,320.000,1,364.000,1,0,19,
104607869000,251.000,2,242.000,30,240.000,9,238.000,60,237.000,20,84.000,3,251.000,26,252.000,29,253.000,69,320.000,1,364.000,1,0,19,
104607913000,251.000,2,242.000,30,240.000,9,238.000,69,237.000,20,84.000,3,251.000,26,252.000,29,253.000,69,320.000,1,364.000,1,0,19,
104608395000,251.000,2,242.000,9,240.000,9,238.000,69,237.000,20,84.000,3,251.000,9,252.000,29,253.000,69,320.000,1,364.000,1,0,19,
104608395000,251.000,2,242.000,9,241.000,21,240.000,9,238.000,69,237.000,20,251.000,30,252.000,29,253.000,69,320.000,1,364.000,1,0,19,
104608395000,251.000,2,242.000,9,241.000,21,240.000,9,238.000,69,237.000,20,251.000,21,252.000,29,253.000,69,320.000,1,364.000,1,0,19,
104608395000,251.000,2,242.000,9,241.000,21,240.000,9,238.000,78,237.000,20,251.000,21,252.000,29,253.000,69,320.000,1,364.000,1,0,19,
104608395000,251.000,2,242.000,9,241.000,30,240.000,9,238.000,78,237.000,20,251.000,21,252.000,29,253.000,69,320.000,1,364.000,1,0,19,
104608395000,251.000,2,241.000,30,240.000,9,238.000,78,237.000,20,84.000,3,251.000,21,252.000,29,253.000,69,320.000,1,364.000,1,0,19,
104608395000,251.000,2,241.000,30,240.000,9,238.000,78,237.000,20,84.000,3,251.000,30,252.000,29,253.000,69,320.000,1,364.000,1,0,19,
104608400000,251.000,2,241.000,30,240.000,9,238.000,78,84.000,3,39.000,20,251.000,30,252.000,9,253.000,69,320.000,1,364.000,1,0,19,
104608400000,251.000,2,241.000,30,240.000,9,238.000,98,84.000,3,39.000,20,251.000,30,252.000,9,253.000,89,320.000,1,364.000,1,0,19,
104608504000,251.000,2,241.000,30,240.000,9,238.000,89,84.000,3,39.000,20,251.000,30,252.000,9,253.000,89,320.000,1,364.000,1,0,19,
104611368000,251.000,2,241.000,30,240.000,9,238.000,69,84.000,3,39.000,20,251.000,30,252.000,9,253.000,69,320.000,1,364.000,1,0,19,
104611368000,251.000,2,241.000,30,240.000,9,239.000,20,238.000,69,84.000,3,251.000,30,252.000,9,253.000,69,254.000,20,320.000,1,0,19,
104612243000,251.000,2,241.000,30,240.000,9,238.000,69,84.000,3,39.000,20,251.000,30,252.000,9,253.000,69,320.000,1,364.000,1,0,19,
104612243000,251.000,2,241.000,30,240.000,9,238.000,89,84.000,3,39.000,20,251.000,30,252.000,9,253.000,89,320.000,1,364.000,1,0,19,
104612261000,251.000,2,241.000,30,240.000,9,238.000,69,84.000,3,39.000,20,251.000,30,252.000,9,253.000,69,320.000,1,364.000,1,0,19,
104612261000,251.000,2,241.000,30,240.000,9,238.000,69,237.000,20,84.000,3,251.000,30,252.000,29,253.000,69,320.000,1,364.000,1,0,19,
104612385000,251.000,2,241.000,30,240.000,9,238.000,69,84.000,3,39.000,20,251.000,30,252.000,9,253.000,69,320.000,1,364.000,1,0,19,
104612878000,251.000,2,241.000,30,240.000,9,238.000,89,84.000,3,39.000,20,251.000,30,252.000,9,253.000,89,320.000,1,364.000,1,0,19,
104613312000,251.000,2,241.000,30,240.000,9,238.000,69,84.000,3,39.000,20,251.000,30,252.000,9,253.000,69,320.000,1,364.000,1,0,19,
104613709000,251.000,2,241.000,30,240.000,9,238.000,89,84.000,3,39.000,20,251.000,30,252.000,9,253.000,89,320.000,1,364.000,1,0,19,
104614706000,251.000,2,241.000,30,240.000,9,238.000,69,84.000,3,39.000,20,251.000,30,252.000,9,253.000,69,320.000,1,364.000,1,0,19,
104614706000,251.000,2,241.000,30,240.000,9,238.000,69,237.000,20,84.000,3,251.000,30,252.000,29,253.000,69,320.000,1,364.000,1,0,19,
104614955000,251.000,2,241.000,30,240.000,9,238.000,69,84.000,3,39.000,20,251.000,30,252.000,9,253.000,69,320.000,1,364.000,1,0,19,
104615247000,251.000,2,241.000,30,240.000,9,238.000,69,237.000,20,84.000,3,251.000,30,252.000,29,253.000,69,320.000,1,364.000,1,0,19,
104615372000,251.000,2,241.000,30,240.000,9,238.000,69,84.000,3,39.000,20,251.000,30,252.000,9,253.000,69,320.000,1,364.000,1,0,19,
104615870000,251.000,2,241.000,30,240.000,9,238.000,89,84.000,3,39.000,20,251.000,30,252.000,9,253.000,89,320.000,1,364.000,1,0,19,
104616367000,251.000,2,241.000,30,240.000,9,238.000,69,84.000,3,39.000,20,251.000,30,252.000,9,253.000,69,320.000,1,364.000,1,0,19,
104616367000,251.000,2,241.000,30,240.000,9,239.000,20,238.000,69,84.000,3,251.000,30,252.000,9,253.000,69,254.000,20,320.000,1,0,19,
104617046000,251.000,2,241.000,30,240.000,9,239.000,20,238.000,49,84.000,3,251.000,30,252.000,9,253.000,49,254.000,20,320.000,1,0,19,
104617046000,251.000,2,241.000,30,240.000,9,239.000,40,238.000,49,84.000,3,251.000,30,252.000,9,253.000,49,254.000,40,320.000,1,0,19,
104617368000,251.000,2,241.000,30,240.000,9,239.000,20,238.000,49,84.000,3,251.000,30,252.000,9,253.000,49,254.000,20,320.000,1,0,19,
104617368000,251.000,2,241.000,30,240.000,29,239.000,20,238.000,49,84.000,3,251.000,30,252.000,9,253.000,49,254.000,20,255.000,20,0,19,
104617492000,251.000,2,241.000,30,240.000,9,239.000,20,238.000,49,84.000,3,251.000,30,252.000,9,253.000,49,254.000,20,320.000,1,0,19,
104617492000,251.000,2,241.000,30,240.000,9,239.000,40,238.000,49,84.000,3,251.000,30,252.000,9,253.000,49,254.000,40,320.000,1,0,19,
104617670000,251.000,2,241.000,30,240.000,9,239.000,20,238.000,49,84.000,3,251.000,30,252.000,9,253.000,49,254.000,20,320.000,1,0,19,
104617670000,251.000,2,241.000,30,240.000,9,239.000,20,238.000,69,84.000,3,251.000,30,252.000,9,253.000,69,254.000,20,320.000,1,0,19,
104618128000,251.000,2,241.000,30,240.000,9,239.000,20,238.000,49,84.000,3,251.000,30,252.000,9,253.000,49,254.000,20,320.000,1,0,19,
104618252000,251.000,2,241.000,30,240.000,9,239.000,20,238.000,69,84.000,3,251.000,30,252.000,9,253.000,69,254.000,20,320.000,1,0,19,
104618503000,251.000,2,241.000,30,240.000,9,239.000,20,238.000,49,84.000,3,251.000,30,252.000,9,253.000,49,254.000,20,320.000,1,0,19,
104618872000,251.000,2,241.000,30,240.000,9,239.000,20,238.000,69,84.000,3,251.000,30,252.000,9,253.000,69,254.000,20,320.000,1,0,19,
104620660000,251.000,2,241.000,30,240.000,9,239.000,20,238.000,49,84.000,3,251.000,30,252.000,9,253.000,49,254.000,20,320.000,1,0,19,
104620746000,251.000,2,241.000,30,240.000,9,239.000,20,238.000,29,84.000,3,251.000,30,252.000,9,253.000,29,254.000,20,320.000,1,0,19,
104620746000,251.000,2,241.000,30,240.000,9,239.000,40,238.000,29,84.000,3,251.000,30,252.000,9,253.000,29,254.000,40,320.000,1,0,19,
104620775000,251.000,2,241.000,30,240.000,9,239.000,40,238.000,49,84.000,3,251.000,30,252.000,9,253.000,49,254.000,40,320.000,1,0,19,
104622017000,251.000,2,241.000,30,240.000,9,239.000,20,238.000,49,84.000,3,251.000,30,252.000,9,253.000,49,254.000,20,320.000,1,0,19,
104622017000,251.000,2,241.000,30,240.000,9,239.000,20,238.000,69,84.000,3,251.000,30,252.000,9,253.000,69,254.000,20,320.000,1,0,19,
104623085000,251.000,2,241.000,30,240.000,9,239.000,20,238.000,49,84.000,3,251.000,30,252.000,9,253.000,49,254.000,20,320.000,1,0,19,
104623821000,251.000,2,241.000,30,240.000,9,239.000,20,238.000,69,84.000,3,251.000,30,252.000,9,253.000,69,254.000,20,320.000,1,0,19,
104624619000,251.000,2,241.000,30,240.000,9,238.000,69,84.000,3,39.000,20,251.000,30,252.000,9,253.000,69,320.000,1,364.000,1,0,19,
104624619000,251.000,2,241.000,30,240.000,9,238.000,89,84.000,3,39.000,20,251.000,30,252.000,9,253.000,89,320.000,1,364.000,1,0,19,
104624624000,251.000,2,241.000,30,240.000,9,238.000,69,84.000,3,39.000,20,251.000,30,252.000,9,253.000,69,320.000,1,364.000,1,0,19,
104624735000,251.000,2,241.000,30,240.000,9,238.000,69,237.000,20,84.000,3,251.000,30,252.000,29,253.000,69,320.000,1,364.000,1,0,19,
104627367000,251.000,2,241.000,30,240.000,9,238.000,49,237.000,20,84.000,3,251.000,30,252.000,29,253.000,49,320.000,1,364.000,1,0,19,
104627367000,251.000,2,241.000,30,240.000,9,239.000,20,238.000,49,237.000,20,251.000,30,252.000,29,253.000,49,254.000,20,320.000,1,0,19,
104627389000,251.000,2,241.000,30,240.000,9,239.000,20,238.000,49,84.000,3,251.000,30,252.000,9,253.000,49,254.000,20,320.000,1,0,19,
104627389000,251.000,2,241.000,30,240.000,9,239.000,20,238.000,69,84.000,3,251.000,30,252.000,9,253.000,69,254.000,20,320.000,1,0,19,
104628389000,251.000,2,241.000,30,240.000,9,239.000,20,238.000,49,84.000,3,251.000,30,252.000,9,253.000,49,254.000,20,320.000,1,0,19,
104628389000,251.000,2,241.000,30,240.000,9,239.000,20,238.000,49,237.000,20,251.000,30,252.000,29,253.000,49,254.000,20,320.000,1,0,19,
104629617000,251.000,2,241.000,30,240.000,9,238.000,49,237.000,20,84.000,3,251.000,30,252.000,29,253.000,49,320.000,1,364.000,1,0,19,
104629617000,251.000,2,241.000,30,240.000,9,238.000,69,237.000,20,84.000,3,251.000,30,252.000,29,253.000,69,320.000,1,364.000,1,0,19,
104633247000,251.000,2,241.000,30,240.000,9,238.000,69,84.000,3,39.000,20,251.000,30,252.000,9,253.000,69,320.000,1,364.000,1,0,19,
104633247000,251.000,2,241.000,30,240.000,9,238.000,69,236.000,20,84.000,3,251.000,50,252.000,9,253.000,69,320.000,1,364.000,1,0,19,
104633306000,251.000,2,241.000,9,240.000,9,238.000,69,236.000,20,84.000,3,251.000,29,252.000,9,253.000,69,320.000,1,364.000,1,0,19,
104633306000,251.000,2,241.000,9,240.000,30,238.000,69,236.000,20,84.000,3,251.000,50,252.000,9,253.000,69,320.000,1,364.000,1,0,19,
104633306000,251.000,2,240.000,30,238.000,69,236.000,20,84.000,3,39.000,20,251.000,50,252.000,9,253.000,69,320.000,1,364.000,1,0,19,
104633306000,251.000,2,240.000,30,238.000,78,236.000,20,84.000,3,39.000,20,251.000,50,252.000,9,253.000,69,320.000,1,364.000,1,0,19,
104633967000,251.000,2,240.000,30,238.000,58,236.000,20,84.000,3,39.000,20,251.000,50,252.000,9,253.000,49,320.000,1,364.000,1,0,19,
104633967000,251.000,2,240.000,30,238.000,58,237.000,20,236.000,20,84.000,3,251.000,50,252.000,29,253.000,49,320.000,1,364.000,1,0,19,
104634349000,251.000,2,240.000,30,238.000,38,237.000,20,236.000,20,84.000,3,251.000,50,252.000,29,253.000,29,320.000,1,364.000,1,0,19,
104635095000,251.000,2,240.000,30,238.000,38,237.000,20,84.000,3,39.000,20,251.000,30,252.000,29,253.000,29,320.000,1,364.000,1,0,19,
104635095000,251.000,2,240.000,30,238.000,38,237.000,40,84.000,3,39.000,20,251.000,30,252.000,49,253.000,29,320.000,1,364.000,1,0,19,
104635457000,251.000,2,240.000,30,238.000,38,237.000,20,84.000,3,39.000,20,251.000,30,252.000,29,253.000,29,320.000,1,364.000,1,0,19,
104635596000,251.000,2,240.000,30,238.000,38,237.000,20,236.000,20,84.000,3,251.000,50,252.000,29,253.000,29,320.000,1,364.000,1,0,19,
104635968000,251.000,2,240.000,30,238.000,38,237.000,40,236.000,20,84.000,3,251.000,50,252.000,49,253.000,29,320.000,1,364.000,1,0,19,
104638454000,251.000,2,240.000,30,238.000,38,237.000,40,236.000,20,84.000,3,251.000,50,252.000,49,253.000,20,320.000,1,364.000,1,0,19,
104638456000,251.000,2,240.000,30,238.000,38,237.000,40,236.000,20,84.000,3,251.000,59,252.000,49,253.000,20,320.000,1,364.000,1,0,19,
104638523000,251.000,2,240.000,30,238.000,18,237.000,40,236.000,20,84.000,3,251.000,59,252.000,49,320.000,1,364.000,1,400.000,1,0,19,
104638523000,251.000,2,240.000,30,238.000,9,237.000,40,236.000,20,84.000,3,251.000,59,252.000,49,320.000,1,364.000,1,400.000,1,0,19,
104638626000,251.000,2,240.000,30,238.000,9,237.000,40,84.000,3,39.000,20,251.000,39,252.000,49,320.000,1,364.000,1,400.000,1,0,19,
104638626000,251.000,2,240.000,30,238.000,9,237.000,40,235.000,20,84.000,3,250.000,20,251.000,39,252.000,49,320.000,1,364.000,1,0,19,
104638626000,251.000,2,240.000,30,238.000,9,237.000,40,235.000,20,84.000,3,250.000,29,251.000,39,252.000,49,320.000,1,364.000,1,0,19,
104638645000,251.000,2,240.000,30,238.000,9,237.000,40,235.000,29,84.000,3,250.000,29,251.000,39,252.000,49,320.000,1,364.000,1,0,19,
104638743000,251.000,2,240.000,30,238.000,9,237.000,20,235.000,29,84.000,3,250.000,29,251.000,39,252.000,29,320.000,1,364.000,1,0,19,
104638743000,251.000,2,240.000,30,238.000,9,237.000,20,236.000,20,235.000,29,250.000,29,251.000,59,252.000,29,320.000,1,364.000,1,0,19,
104638770000,251.000,2,240.000,30,238.000,9,237.000,20,236.000,40,235.000,29,250.000,29,251.000,79,252.000,29,320.000,1,364.000,1,0,19,
104638899000,251.000,2,240.000,9,238.000,9,237.000,20,236.000,40,235.000,29,250.000,29,251.000,58,252.000,29,320.000,1,364.000,1,0,19,
104638899000,251.000,2,240.000,9,239.000,21,238.000,9,237.000,20,236.000,40,249.000,21,250.000,29,251.000,58,252.000,29,320.000,1,0,19,
104638905000,251.000,2,240.000,9,239.000,21,238.000,9,237.000,29,236.000,40,249.000,21,250.000,29,251.000,58,252.000,29,320.000,1,0,19,
104638905000,251.000,2,239.000,21,238.000,9,237.000,29,236.000,40,235.000,29,249.000,21,250.000,29,251.000,58,252.000,29,320.000,1,0,19,
104638905000,251.000,2,239.000,21,238.000,9,237.000,29,236.000,40,235.000,29,249.000,30,250.000,29,251.000,58,252.000,29,320.000,1,0,19,
104638905000,251.000,2,239.000,30,238.000,9,237.000,29,236.000,40,235.000,29,249.000,30,250.000,29,251.000,58,252.000,29,320.000,1,0,19,
104638995000,251.000,2,239.000,30,238.000,9,237.000,29,236.000,20,235.000,29,249.000,30,250.000,29,251.000,38,252.000,29,320.000,1,0,19,
104638995000,251.000,2,239.000,30,238.000,9,237.000,29,236.000,20,235.000,49,249.000,30,250.000,49,251.000,38,252.000,29,320.000,1,0,19,
104639004000,251.000,2,239.000,30,238.000,9,237.000,29,236.000,20,235.000,29,249.000,30,250.000,29,251.000,38,252.000,29,320.000,1,0,19,
104639006000,251.000,2,239.000,30,238.000,9,237.000,20,236.000,20,235.000,29,249.000,30,250.000,29,251.000,38,252.000,29,320.000,1,0,19,
104639006000,251.000,2,239.000,30,238.000,9,237.000,20,236.000,20,235.000,29,249.000,30,250.000,29,251.000,29,252.000,29,320.000,1,0,19,
104639006000,251.000,2,239.000,30,238.000,9,237.000,20,236.000,20,235.000,29,249.000,30,250.000,29,251.000,29,252.000,20,320.000,1,0,19,
104639052000,251.000,2,239.000,30,238.000,9,236.000,20,235.000,29,84.000,3,249.000,30,250.000,29,251.000,29,320.000,1,364.000,1,0,19,
104639247000,251.000,2,239.000,30,238.000,9,236.000,20,235.000,29,234.000,20,249.000,50,250.000,29,251.000,29,320.000,1,364.000,1,0,19,
104639395000,251.000,2,239.000,30,238.000,9,236.000,20,235.000,29,84.000,3,249.000,30,250.000,29,251.000,29,320.000,1,364.000,1,0,19,
104639759000,251.000,2,239.000,9,238.000,9,236.000,20,235.000,29,84.000,3,249.000,9,250.000,29,251.000,29,320.000,1,364.000,1,0,19,
104639759000,251.000,2,239.000,9,238.000,30,236.000,20,235.000,29,84.000,3,249.000,30,250.000,29,251.000,29,320.000,1,364.000,1,0,19,
104639759000,251.000,2,239.000,9,238.000,30,236.000,20,235.000,29,84.000,3,249.000,21,250.000,29,251.000,29,320.000,1,364.000,1,0,19,
104639759000,251.000,2,239.000,9,238.000,30,236.000,29,235.000,29,84.000,3,249.000,21,250.000,29,251.000,29,320.000,1,364.000,1,0,19,
104639759000,251.000,2,238.000,30,236.000,29,235.000,29,84.000,3,39.000,20,249.000,21,250.000,29,251.000,29,320.000,1,364.000,1,0,19,
104639765000,251.000,2,238.000,30,236.000,29,235.000,49,84.000,3,39.000,20,249.000,21,250.000,49,251.000,29,320.000,1,364.000,1,0,19,
104640028000,251.000,2,238.000,30,236.000,29,235.000,49,84.000,3,39.000,20,249.000,30,250.000,49,251.000,29,320.000,1,364.000,1,0,19,
104640380000,251.000,2,238.000,30,236.000,29,235.000,29,84.000,3,39.000,20,249.000,30,250.000,29,251.000,29,320.000,1,364.000,1,0,19,
104640380000,251.000,2,238.000,30,236.000,49,235.000,29,84.000,3,39.000,20,249.000,30,250.000,29,251.000,49,320.000,1,364.000,1,0,19,
104640492000,251.000,2,238.000,30,236.000,49,235.000,9,84.000,3,39.000,20,249.000,30,250.000,9,251.000,49,320.000,1,364.000,1,0,19,
104640492000,251.000,2,238.000,30,236.000,69,235.000,9,84.000,3,39.000,20,249.000,30,250.000,9,251.000,69,320.000,1,364.000,1,0,19,
104640617000,251.000,2,238.000,30,236.000,49,235.000,9,84.000,3,39.000,20,249.000,30,250.000,9,251.000,49,320.000,1,364.000,1,0,19,
104640773000,251.000,2,238.000,9,236.000,49,235.000,9,84.000,3,39.000,20,249.000,9,250.000,9,251.000,49,320.000,1,364.000,1,0,19,
104640773000,251.000,2,239.000,21,238.000,9,236.000,49,235.000,9,84.000,3,249.000,30,250.000,9,251.000,49,320.000,1,364.000,1,0,19,
104640773000,251.000,2,239.000,21,238.000,9,236.000,49,235.000,9,84.000,3,249.000,30,250.000,9,251.000,58,320.000,1,364.000,1,0,19,
104640773000,251.000,2,239.000,30,238.000,9,236.000,49,235.000,9,84.000,3,249.000,30,250.000,9,251.000,58,320.000,1,364.000,1,0,19,
104640773000,251.000,2,239.000,30,236.000,49,235.000,9,84.000,3,39.000,20,249.000,30,250.000,9,251.000,58,320.000,1,364.000,1,0,19,
104640773000,251.000,2,239.000,30,236.000,49,235.000,9,84.000,3,39.000,20,249.000,21,250.000,9,251.000,58,320.000,1,364.000,1,0,19,
104641025000,251.000,2,239.000,30,236.000,49,235.000,9,84.000,3,39.000,20,249.000,30,250.000,9,251.000,58,320.000,1,364.000,1,0,19,
104641110000,251.000,2,239.000,30,236.000,49,235.000,29,84.000,3,39.000,20,249.000,30,250.000,29,251.000,58,320.000,1,364.000,1,0,19,
104641505000,251.000,2,239.000,30,236.000,49,235.000,29,84.000,3,39.000,20,249.000,30,250.000,29,251.000,49,320.000,1,364.000,1,0,19,
104642004000,251.000,2,239.000,30,237.000,20,236.000,49,235.000,29,84.000,3,249.000,30,250.000,29,251.000,49,252.000,20,320.000,1,0,19,
104645140000,251.000,2,239.000,30,237.000,20,236.000,49,235.000,9,84.000,3,249.000,30,250.000,9,251.000,49,252.000,20,320.000,1,0,19,
104645140000,251.000,2,239.000,30,237.000,20,236.000,69,235.000,9,84.000,3,249.000,30,250.000,9,251.000,69,252.000,20,320.000,1,0,19,
104645368000,251.000,2,239.000,30,237.000,20,236.000,49,235.000,9,84.000,3,249.000,30,250.000,9,251.000,49,252.000,20,320.000,1,0,19,
104645368000,251.000,2,239.000,30,237.000,40,236.000,49,235.000,9,84.000,3,249.000,30,250.000,9,251.000,49,252.000,40,320.000,1,0,19,
104648427000,251.000,2,239.000,30,237.000,40,236.000,29,235.000,9,84.000,3,249.000,30,250.000,9,251.000,29,252.000,40,320.000,1,0,19,
104648427000,251.000,2,239.000,30,237.000,40,236.000,29,235.000,29,84.000,3,249.000,30,250.000,29,251.000,29,252.000,40,320.000,1,0,19,
104648743000,251.000,2,239.000,30,237.000,20,236.000,29,235.000,29,84.000,3,249.000,30,250.000,29,251.000,29,252.000,20,320.000,1,0,19,
104648743000,251.000,2,239.000,30,237.000,20,236.000,49,235.000,29,84.000,3,249.000,30,250.000,29,251.000,49,252.000,20,320.000,1,0,19,
104700391000,251.000,2,239.000,30,237.000,20,236.000,49,235.000,9,84.000,3,249.000,30,250.000,9,251.000,49,252.000,20,320.000,1,0,19,
104700391000,251.000,2,239.000,30,237.000,20,236.000,69,235.000,9,84.000,3,249.000,30,250.000,9,251.000,69,252.000,20,320.000,1,0,19,
104700868000,251.000,2,239.000,30,237.000,20,236.000,49,235.000,9,84.000,3,249.000,30,250.000,9,251.000,49,252.000,20,320.000,1,0,19,
104700868000,251.000,2,239.000,30,237.000,40,236.000,49,235.000,9,84.000,3,249.000,30,250.000,9,251.000,49,252.000,40,320.000,1,0,19,
104702100000,251.000,2,239.000,30,237.000,20,236.000,49,235.000,9,84.000,3,249.000,30,250.000,9,251.000,49,252.000,20,320.000,1,0,19,
104703308000,251.000,2,239.000,30,237.000,40,236.000,49,235.000,9,84.000,3,249.000,30,250.000,9,251.000,49,252.000,40,320.000,1,0,19,
104707493000,251.000,2,239.000,30,237.000,20,236.000,49,235.000,9,84.000,3,249.000,30,250.000,9,251.000,49,252.000,20,320.000,1,0,19,
104707493000,251.000,2,239.000,30,238.000,20,237.000,20,236.000,49,235.000,9,249.000,30,250.000,9,251.000,49,252.000,20,253.000,20,0,19,
104707527000,251.000,2,239.000,30,238.000,20,236.000,49,235.000,9,84.000,3,249.000,30,250.000,9,251.000,49,253.000,20,320.000,1,0,19,
104707607000,251.000,2,239.000,30,238.000,20,236.000,29,235.000,9,84.000,3,249.000,30,250.000,9,251.000,29,253.000,20,320.000,1,0,19,
104707607000,251.000,2,239.000,30,238.000,20,237.000,20,236.000,29,235.000,9,249.000,30,250.000,9,251.000,29,252.000,20,253.000,20,0,19,
104708233000,251.000,2,239.000,30,238.000,20,236.000,29,235.000,9,84.000,3,249.000,30,250.000,9,251.000,29,253.000,20,320.000,1,0,19,
104708233000,251.000,2,239.000,30,238.000,20,236.000,49,235.000,9,84.000,3,249.000,30,250.000,9,251.000,49,253.000,20,320.000,1,0,19,
104708368000,251.000,2,239.000,30,236.000,49,235.000,9,84.000,3,39.000,20,249.000,30,250.000,9,251.000,49,320.000,1,364.000,1,0,19,
104708368000,251.000,2,239.000,30,237.000,20,236.000,49,235.000,9,84.000,3,249.000,30,250.000,9,251.000,49,252.000,20,320.000,1,0,19,
104708381000,251.000,2,239.000,30,238.000,20,237.000,20,236.000,49,235.000,9,249.000,30,250.000,9,251.000,49,252.000,20,253.000,20,0,19,
104708973000,251.000,2,239.000,30,237.000,20,236.000,49,235.000,9,84.000,3,249.000,30,250.000,9,251.000,49,252.000,20,320.000,1,0,19,
104709396000,251.000,2,239.000,30,237.000,40,236.000,49,235.000,9,84.000,3,249.000,30,250.000,9,251.000,49,252.000,40,320.000,1,0,19,
104713482000,251.000,2,239.000,30,237.000,40,236.000,29,235.000,9,84.000,3,249.000,30,250.000,9,251.000,29,252.000,40,320.000,1,0,19,
104713482000,251.000,2,239.000,30,237.000,40,236.000,29,235.000,29,84.000,3,249.000,30,250.000,29,251.000,29,252.000,40,320.000,1,0,19,
104713494000,251.000,2,239.000,30,237.000,20,236.000,29,235.000,29,84.000,3,249.000,30,250.000,29,251.000,29,252.000,20,320.000,1,0,19,
104713494000,251.000,2,239.000,30,237.000,20,236.000,49,235.000,29,84.000,3,249.000,30,250.000,29,251.000,49,252.000,20,320.000,1,0,19,
104713614000,251.000,2,239.000,30,236.000,49,235.000,29,84.000,3,39.000,20,249.000,30,250.000,29,251.000,49,320.000,1,364.000,1,0,19,
104713614000,251.000,2,239.000,30,236.000,49,235.000,9,84.000,3,39.000,20,249.000,30,250.000,9,251.000,49,320.000,1,364.000,1,0,19,
104713619000,251.000,2,239.000,30,236.000,29,235.000,9,84.000,3,39.000,20,249.000,30,250.000,9,251.000,29,320.000,1,364.000,1,0,19,
104713619000,251.000,2,239.000,30,236.000,29,235.000,29,84.000,3,39.000,20,249.000,30,250.000,29,251.000,29,320.000,1,364.000,1,0,19,
104714028000,251.000,2,239.000,30,236.000,29,235.000,29,234.000,20,84.000,3,249.000,50,250.000,29,251.000,29,320.000,1,364.000,1,0,19,
104714567000,251.000,2,239.000,9,236.000,29,235.000,29,234.000,20,84.000,3,249.000,29,250.000,29,251.000,29,320.000,1,364.000,1,0,19,
104714567000,251.000,2,239.000,9,238.000,21,236.000,29,235.000,29,234.000,20,249.000,50,250.000,29,251.000,29,320.000,1,364.000,1,0,19,
104714568000,251.000,2,238.000,21,236.000,29,235.000,29,234.000,20,84.000,3,249.000,50,250.000,29,251.000,29,320.000,1,364.000,1,0,19,
104714568000,251.000,2,238.000,30,236.000,29,235.000,29,234.000,20,84.000,3,249.000,50,250.000,29,251.000,29,320.000,1,364.000,1,0,19,
104716842000,251.000,2,238.000,30,236.000,29,235.000,29,234.000,20,84.000,3,249.000,50,250.000,29,251.000,20,320.000,1,364.000,1,0,19,
104716846000,251.000,2,238.000,30,236.000,29,235.000,29,234.000,20,84.000,3,249.000,59,250.000,29,251.000,20,320.000,1,364.000,1,0,19,
104716868000,251.000,2,238.000,30,236.000,29,235.000,9,234.000,20,84.000,3,249.000,59,250.000,9,251.000,20,320.000,1,364.000,1,0,19,
104716868000,251.000,2,238.000,30,236.000,29,235.000,9,234.000,40,84.000,3,249.000,79,250.000,9,251.000,20,320.000,1,364.000,1,0,19,
104717006000,251.000,2,238.000,30,236.000,9,235.000,9,234.000,40,84.000,3,249.000,79,250.000,9,320.000,1,364.000,1,400.000,1,0,19,
104717505000,251.000,2,238.000,30,236.000,9,235.000,9,234.000,60,84.000,3,249.000,99,250.000,9,320.000,1,364.000,1,400.000,1,0,19,
104719243000,251.000,2,238.000,30,236.000,9,235.000,9,234.000,40,84.000,3,249.000,79,250.000,9,320.000,1,364.000,1,400.000,1,0,19,
104719243000,251.000,2,238.000,30,236.000,9,235.000,29,234.000,40,84.000,3,249.000,79,250.000,29,320.000,1,364.000,1,400.000,1,0,19,
104720910000,251.000,2,238.000,30,236.000,9,235.000,29,234.000,20,84.000,3,249.000,59,250.000,29,320.000,1,364.000,1,400.000,1,0,19,
104720911000,251.000,2,238.000,30,236.000,9,235.000,29,234.000,20,233.000,20,248.000,20,249.000,59,250.000,29,320.000,1,364.000,1,0,19,
104720911000,251.000,2,238.000,30,236.000,9,235.000,29,234.000,20,233.000,20,248.000,29,249.000,59,250.000,29,320.000,1,364.000,1,0,19,
104721005000,251.000,2,238.000,30,236.000,9,235.000,29,234.000,20,233.000,20,248.000,29,249.000,59,250.000,20,320.000,1,364.000,1,0,19,
104721014000,251.000,2,238.000,30,236.000,9,235.000,49,234.000,20,233.000,20,248.000,29,249.000,59,250.000,40,320.000,1,364.000,1,0,19,
104721202000,251.000,2,238.000,9,236.000,9,235.000,49,234.000,20,233.000,20,248.000,29,249.000,38,250.000,40,320.000,1,364.000,1,0,19,
104721202000,251.000,2,238.000,30,236.000,9,235.000,49,234.000,20,233.000,20,247.000,21,248.000,29,249.000,38,250.000,40,320.000,1,0,19,
104721203000,251.000,2,238.000,30,236.000,9,235.000,58,234.000,20,233.000,20,247.000,21,248.000,29,249.000,38,250.000,40,320.000,1,0,19,
104721203000,251.000,2,238.000,30,236.000,9,235.000,58,234.000,20,233.000,20,247.000,30,248.000,29,249.000,38,250.000,40,320.000,1,0,19,
104721203000,251.000,2,238.000,21,236.000,9,235.000,58,234.000,20,233.000,20,247.000,30,248.000,29,249.000,38,250.000,40,320.000,1,0,19,
104721203000,251.000,2,238.000,30,236.000,9,235.000,58,234.000,20,233.000,20,247.000,30,248.000,29,249.000,38,250.000,40,320.000,1,0,19,
104721505000,251.000,2,238.000,30,236.000,9,235.000,49,234.000,20,233.000,20,247.000,30,248.000,29,249.000,38,250.000,40,320.000,1,0,19,
104721505000,251.000,2,238.000,30,236.000,9,235.000,49,234.000,20,233.000,20,247.000,30,248.000,29,249.000,29,250.000,40,320.000,1,0,19,
104721862000,251.000,2,238.000,30,236.000,9,235.000,49,234.000,20,84.000,3,247.000,30,248.000,9,249.000,29,250.000,40,320.000,1,0,19,
104721862000,251.000,2,238.000,30,236.000,9,235.000,49,234.000,40,84.000,3,247.000,30,248.000,9,249.000,49,250.000,40,320.000,1,0,19,
104723911000,251.000,2,238.000,30,236.000,9,235.000,49,234.000,20,84.000,3,247.000,30,248.000,9,249.000,29,250.000,40,320.000,1,0,19,
104723911000,251.000,2,238.000,30,236.000,9,235.000,49,234.000,20,233.000,20,247.000,30,248.000,29,249.000,29,250.000,40,320.000,1,0,19,
104724155000,251.000,2,238.000,30,236.000,9,235.000,49,234.000,20,84.000,3,247.000,30,248.000,9,249.000,29,250.000,40,320.000,1,0,19,
104724521000,251.000,2,238.000,30,236.000,9,235.000,49,234.000,40,84.000,3,247.000,30,248.000,9,249.000,49,250.000,40,320.000,1,0,19,
104725267000,251.000,2,238.000,30,236.000,9,235.000,49,234.000,20,84.000,3,247.000,30,248.000,9,249.000,29,250.000,40,320.000,1,0,19,
104725617000,251.000,2,238.000,30,236.000,9,235.000,29,234.000,20,84.000,3,247.000,30,248.000,9,249.000,29,250.000,20,320.000,1,0,19,
104725617000,251.000,2,238.000,30,236.000,9,235.000,29,234.000,40,84.000,3,247.000,30,248.000,9,249.000,49,250.000,20,320.000,1,0,19,
104725645000,251.000,2,238.000,30,236.000,9,235.000,29,234.000,40,233.000,20,247.000,30,248.000,29,249.000,49,250.000,20,320.000,1,0,19,
104726132000,251.000,2,238.000,30,236.000,9,235.000,29,234.000,40,84.000,3,247.000,30,248.000,9,249.000,49,250.000,20,320.000,1,0,19,
104726143000,251.000,2,238.000,30,236.000,9,235.000,29,234.000,60,84.000,3,247.000,30,248.000,9,249.000,69,250.000,20,320.000,1,0,19,
104726258000,251.000,2,238.000,30,236.000,9,235.000,29,234.000,40,84.000,3,247.000,30,248.000,9,249.000,49,250.000,20,320.000,1,0,19,
104726747000,251.000,2,238.000,30,236.000,9,235.000,29,234.000,60,84.000,3,247.000,30,248.000,9,249.000,69,250.000,20,320.000,1,0,19,
104726871000,251.000,2,238.000,30,236.000,9,235.000,29,234.000,40,84.000,3,247.000,30,248.000,9,249.000,49,250.000,20,320.000,1,0,19,
104726992000,251.000,2,238.000,30,236.000,9,235.000,29,234.000,20,84.000,3,247.000,30,248.000,9,249.000,29,250.000,20,320.000,1,0,19,
104726992000,251.000,2,238.000,30,236.000,9,235.000,49,234.000,20,84.000,3,247.000,30,248.000,9,249.000,29,250.000,40,320.000,1,0,19,
104727246000,251.000,2,238.000,30,236.000,9,235.000,49,234.000,40,84.000,3,247.000,30,248.000,9,249.000,49,250.000,40,320.000,1,0,19,
104733126000,251.000,2,238.000,30,236.000,9,235.000,49,234.000,20,84.000,3,247.000,30,248.000,9,249.000,29,250.000,40,320.000,1,0,19,
104733126000,251.000,2,238.000,30,236.000,9,235.000,49,234.000,20,233.000,20,247.000,30,248.000,29,249.000,29,250.000,40,320.000,1,0,19,
104734495000,251.000,2,238.000,30,236.000,9,235.000,49,234.000,20,84.000,3,247.000,30,248.000,9,249.000,29,250.000,40,320.000,1,0,19,
104734495000,251.000,2,238.000,30,236.000,9,235.000,49,234.000,40,84.000,3,247.000,30,248.000,9,249.000,49,250.000,40,320.000,1,0,19,
104741100000,251.000,2,238.000,30,236.000,9,235.000,29,234.000,40,84.000,3,247.000,30,248.000,9,249.000,49,250.000,20,320.000,1,0,19,
104741986000,251.000,2,238.000,30,236.000,9,235.000,49,234.000,40,84.000,3,247.000,30,248.000,9,249.000,49,250.000,40,320.000,1,0,19,
104746868000,251.000,2,238.000,30,236.000,9,235.000,29,234.000,40,84.000,3,247.000,30,248.000,9,249.000,49,250.000,20,320.000,1,0,19,
104746868000,251.000,2,238.000,30,236.000,29,235.000,29,234.000,40,84.000,3,247.000,30,248.000,9,249.000,49,250.000,20,251.000,20,0,19,
104746883000,251.000,2,238.000,30,236.000,29,235.000,29,234.000,20,84.000,3,247.000,30,248.000,9,249.000,29,250.000,20,251.000,20,0,19,
104747005000,251.000,2,238.000,30,236.000,49,235.000,29,234.000,20,84.000,3,247.000,30,248.000,9,249.000,29,250.000,20,251.000,40,0,19,
104747006000,251.000,2,238.000,30,236.000,49,235.000,29,84.000,3,39.000,20,247.000,30,248.000,9,249.000,9,250.000,20,251.000,40,0,19,
104747006000,251.000,2,238.000,30,236.000,49,235.000,49,84.000,3,39.000,20,247.000,30,248.000,9,249.000,9,250.000,40,251.000,40,0,19,
104747955000,251.000,2,238.000,30,236.000,49,235.000,29,84.000,3,39.000,20,247.000,30,248.000,9,249.000,9,250.000,20,251.000,40,0,19,
104748044000,251.000,2,238.000,30,236.000,69,235.000,29,84.000,3,39.000,20,247.000,30,248.000,9,249.000,9,250.000,20,251.000,60,0,19,
104749167000,251.000,2,238.000,30,236.000,69,235.000,9,84.000,3,39.000,20,247.000,30,248.000,9,249.000,9,251.000,60,320.000,1,0,19,
104749424000,251.000,2,238.000,30,236.000,69,235.000,9,234.000,20,84.000,3,247.000,30,248.000,9,249.000,29,251.000,60,320.000,1,0,19,
104756118000,251.000,2,238.000,30,236.000,49,235.000,9,234.000,20,84.000,3,247.000,30,248.000,9,249.000,29,251.000,40,320.000,1,0,19,
104756118000,251.000,2,238.000,30,236.000,49,235.000,29,234.000,20,84.000,3,247.000,30,248.000,9,249.000,29,250.000,20,251.000,40,0,19,
104759346000,251.000,2,238.000,30,236.000,49,235.000,29,84.000,3,39.000,20,247.000,30,248.000,9,249.000,9,250.000,20,251.000,40,0,19,
104759346000,251.000,2,238.000,30,236.000,49,235.000,49,84.000,3,39.000,20,247.000,30,248.000,9,249.000,9,250.000,40,251.000,40,0,19,
104759743000,251.000,2,238.000,30,236.000,49,235.000,29,84.000,3,39.000,20,247.000,30,248.000,9,249.000,9,250.000,20,251.000,40,0,19,
104759743000,251.000,2,238.000,30,236.000,69,235.000,29,84.000,3,39.000,20,247.000,30,248.000,9,249.000,9,250.000,20,251.000,60,0,19,
104800840000,251.000,2,238.000,30,236.000,69,235.000,9,84.000,3,39.000,20,247.000,30,248.000,9,249.000,9,251.000,60,320.000,1,0,19,
104800840000,251.000,2,238.000,30,236.000,69,235.000,9,234.000,20,84.000,3,247.000,30,248.000,9,249.000,29,251.000,60,320.000,1,0,19,
104801005000,251.000,2,238.000,30,236.000,69,235.000,9,84.000,3,39.000,20,247.000,30,248.000,9,249.000,9,251.000,60,320.000,1,0,19,
104801382000,251.000,2,238.000,30,236.000,69,235.000,9,234.000,20,84.000,3,247.000,30,248.000,9,249.000,29,251.000,60,320.000,1,0,19,
104801621000,251.000,2,238.000,30,236.000,69,235.000,9,84.000,3,39.000,20,247.000,30,248.000,9,249.000,9,251.000,60,320.000,1,0,19,
104801988000,251.000,2,238.000,30,236.000,69,235.000,9,234.000,20,84.000,3,247.000,30,248.000,9,249.000,29,251.000,60,320.000,1,0,19,
104802112000,251.000,2,238.000,30,236.000,69,235.000,9,84.000,3,39.000,20,247.000,30,248.000,9,249.000,9,251.000,60,320.000,1,0,19,
104802487000,251.000,2,238.000,30,236.000,69,235.000,9,234.000,20,84.000,3,247.000,30,248.000,9,249.000,29,251.000,60,320.000,1,0,19,
104803284000,251.000,2,238.000,30,236.000,69,235.000,9,84.000,3,39.000,20,247.000,30,248.000,9,249.000,9,251.000,60,320.000,1,0,19,
104803284000,251.000,2,238.000,30,236.000,69,235.000,29,84.000,3,39.000,20,247.000,30,248.000,9,249.000,9,250.000,20,251.000,60,0,19,
104803983000,251.000,2,238.000,30,236.000,49,235.000,29,84.000,3,39.000,20,247.000,30,248.000,9,249.000,9,250.000,20,251.000,40,0,19,
104803983000,251.000,2,238.000,30,237.000,20,236.000,49,235.000,29,84.000,3,247.000,30,248.000,9,249.000,9,250.000,20,251.000,40,0,19,
104805796000,251.000,2,238.000,30,237.000,20,236.000,49,235.000,9,84.000,3,247.000,30,248.000,9,249.000,9,251.000,40,252.000,20,0,19,
104805796000,251.000,2,238.000,30,237.000,20,236.000,69,235.000,9,84.000,3,247.000,30,248.000,9,249.000,9,251.000,60,252.000,20,0,19,
104806200000,251.000,2,238.000,30,237.000,20,236.000,69,235.000,9,84.000,3,247.000,30,248.000,9,251.000,60,252.000,20,320.000,1,0,19,
104806324000,251.000,2,238.000,30,237.000,20,236.000,69,235.000,9,84.000,3,247.000,30,248.000,9,251.000,69,252.000,20,320.000,1,0,19,
104806976000,251.000,2,238.000,9,237.000,20,236.000,69,235.000,9,84.000,3,247.000,9,248.000,9,251.000,69,252.000,20,320.000,1,0,19,
104806976000,251.000,2,238.000,30,237.000,20,236.000,69,235.000,9,84.000,3,247.000,9,248.000,30,251.000,69,252.000,20,320.000,1,0,19,
104806977000,251.000,2,238.000,30,237.000,29,236.000,69,235.000,9,84.000,3,247.000,9,248.000,30,251.000,69,252.000,20,320.000,1,0,19,
104806977000,251.000,2,238.000,30,237.000,29,236.000,69,235.000,9,84.000,3,247.000,9,248.000,30,251.000,78,252.000,20,320.000,1,0,19,
104806977000,251.000,2,238.000,21,237.000,29,236.000,69,235.000,9,84.000,3,247.000,9,248.000,30,251.000,78,252.000,20,320.000,1,0,19,
104806977000,251.000,2,238.000,21,237.000,29,236.000,69,235.000,9,84.000,3,248.000,30,251.000,78,252.000,20,320.000,1,364.000,1,0,19,
104806993000,251.000,2,238.000,21,237.000,9,236.000,69,235.000,9,84.000,3,248.000,30,251.000,78,320.000,1,364.000,1,400.000,1,0,19,
104806993000,251.000,2,238.000,41,237.000,9,236.000,69,235.000,9,84.000,3,248.000,30,251.000,78,253.000,20,320.000,1,364.000,1,0,19,
104806993000,251.000,2,238.000,50,237.000,9,236.000,69,235.000,9,84.000,3,248.000,30,251.000,78,253.000,20,320.000,1,364.000,1,0,19,
104807004000,251.000,2,238.000,50,237.000,9,236.000,60,235.000,9,84.000,3,248.000,30,251.000,78,253.000,20,320.000,1,364.000,1,0,19,
104808100000,251.000,2,238.000,50,237.000,9,236.000,40,235.000,9,84.000,3,248.000,30,251.000,58,253.000,20,320.000,1,364.000,1,0,19,
104808227000,251.000,2,238.000,50,237.000,29,236.000,40,235.000,9,84.000,3,248.000,30,251.000,58,252.000,20,253.000,20,320.000,1,0,19,
104809591000,251.000,2,238.000,50,237.000,29,236.000,20,235.000,9,84.000,3,248.000,30,251.000,38,252.000,20,253.000,20,320.000,1,0,19,
104809591000,251.000,2,238.000,50,237.000,29,236.000,20,235.000,29,84.000,3,248.000,30,250.000,20,251.000,38,252.000,20,253.000,20,0,19,
104809618000,251.000,2,238.000,30,237.000,29,236.000,20,235.000,29,84.000,3,248.000,30,250.000,20,251.000,38,252.000,20,320.000,1,0,19,
104809618000,251.000,2,238.000,30,237.000,49,236.000,20,235.000,29,84.000,3,248.000,30,250.000,20,251.000,38,252.000,40,320.000,1,0,19,
104809634000,251.000,2,238.000,9,237.000,49,236.000,20,235.000,29,84.000,3,248.000,9,250.000,20,251.000,38,252.000,40,320.000,1,0,19,
104809634000,251.000,2,238.000,30,237.000,49,236.000,20,235.000,29,84.000,3,247.000,21,248.000,9,250.000,20,251.000,38,252.000,40,0,19,
104809634000,251.000,2,238.000,21,237.000,49,236.000,20,235.000,29,84.000,3,247.000,21,248.000,9,250.000,20,251.000,38,252.000,40,0,19,
104809634000,251.000,2,238.000,21,237.000,49,236.000,20,235.000,29,84.000,3,247.000,21,250.000,20,251.000,38,252.000,40,320.000,1,0,19,
104809634000,251.000,2,238.000,21,237.000,49,236.000,20,235.000,29,84.000,3,247.000,21,250.000,29,251.000,38,252.000,40,320.000,1,0,19,
104809634000,251.000,2,238.000,21,237.000,49,236.000,20,235.000,29,84.000,3,247.000,30,250.000,29,251.000,38,252.000,40,320.000,1,0,19,
104809634000,251.000,2,238.000,30,237.000,49,236.000,20,235.000,29,84.000,3,247.000,30,250.000,29,251.000,38,252.000,40,320.000,1,0,19,
104810004000,251.000,2,238.000,30,237.000,49,236.000,20,235.000,29,84.000,3,247.000,30,250.000,29,251.000,29,252.000,40,320.000,1,0,19,
104812659000,251.000,2,238.000,30,237.000,49,236.000,20,235.000,9,84.000,3,247.000,30,250.000,9,251.000,29,252.000,40,320.000,1,0,19,
104812659000,251.000,2,238.000,30,237.000,49,236.000,40,235.000,9,84.000,3,247.000,30,250.000,9,251.000,49,252.000,40,320.000,1,0,19,
104813528000,251.000,2,238.000,30,237.000,49,236.000,20,235.000,9,84.000,3,247.000,30,250.000,9,251.000,29,252.000,40,320.000,1,0,19,
104813528000,251.000,2,238.000,30,237.000,49,236.000,20,235.000,29,84.000,3,247.000,30,250.000,29,251.000,29,252.000,40,320.000,1,0,19,
104817176000,247.000,2,238.000,30,237.000,49,236.000,20,235.000,29,84.000,3,247.000,30,250.000,29,251.000,29,252.000,40,320.000,1,1,21,104817176000
104817176000,247.000,2,238.000,30,237.000,49,236.000,20,235.000,29,84.000,3,247.000,28,250.000,29,251.000,29,252.000,40,320.000,1,0,21,
104817881000,247.000,2,238.000,30,237.000,49,236.000,20,235.000,9,84.000,3,247.000,28,250.000,9,251.000,29,252.000,40,320.000,1,0,21,
104817881000,247.000,2,238.000,30,237.000,49,236.000,40,235.000,9,84.000,3,247.000,28,250.000,9,251.000,49,252.000,40,320.000,1,0,21,
104819249000,247.000,2,238.000,30,237.000,49,236.000,20,235.000,9,84.000,3,247.000,28,250.000,9,251.000,29,252.000,40,320.000,1,0,21,
104819249000,247.000,2,238.000,30,237.000,49,236.000,20,235.000,29,84.000,3,247.000,28,250.000,29,251.000,29,252.000,40,320.000,1,0,21,
104819855000,247.000,2,238.000,30,237.000,49,236.000,20,235.000,9,84.000,3,247.000,28,250.000,9,251.000,29,252.000,40,320.000,1,0,21,
104819855000,247.000,2,238.000,30,237.000,49,236.000,40,235.000,9,84.000,3,247.000,28,250.000,9,251.000,49,252.000,40,320.000,1,0,21,
104820351000,247.000,2,238.000,9,237.000,49,236.000,40,235.000,9,84.000,3,247.000,9,250.000,9,251.000,49,252.000,40,320.000,1,0,21,
104820351000,247.000,2,238.000,30,237.000,49,236.000,40,235.000,9,84.000,3,247.000,9,248.000,21,250.000,9,251.000,49,252.000,40,0,21,
104820351000,247.000,2,238.000,30,237.000,49,236.000,40,235.000,9,84.000,3,248.000,21,250.000,9,251.000,49,252.000,40,320.000,1,0,21,
104820351000,247.000,2,238.000,30,237.000,49,236.000,40,235.000,9,84.000,3,248.000,21,250.000,9,251.000,58,252.000,40,320.000,1,0,21,
104820351000,247.000,2,238.000,30,237.000,49,236.000,40,235.000,9,84.000,3,248.000,30,250.000,9,251.000,58,252.000,40,320.000,1,0,21,
104820351000,247.000,2,238.000,21,237.000,49,236.000,40,235.000,9,84.000,3,248.000,30,250.000,9,251.000,58,252.000,40,320.000,1,0,21,
104820352000,247.000,2,238.000,30,237.000,49,236.000,40,235.000,9,84.000,3,248.000,30,250.000,9,251.000,58,252.000,40,320.000,1,0,21,
104820504000,247.000,2,238.000,30,237.000,49,236.000,40,235.000,9,84.000,3,248.000,30,250.000,9,251.000,49,252.000,40,320.000,1,0,21,
104823251000,247.000,2,238.000,30,237.000,29,236.000,40,235.000,9,84.000,3,248.000,30,250.000,9,251.000,49,252.000,20,320.000,1,0,21,
104826116000,247.000,2,238.000,30,237.000,29,236.000,20,235.000,9,84.000,3,248.000,30,250.000,9,251.000,29,252.000,20,320.000,1,0,21,
104826116000,247.000,2,238.000,30,237.000,29,236.000,20,235.000,29,84.000,3,248.000,30,250.000,29,251.000,29,252.000,20,320.000,1,0,21,
104827292000,247.000,2,238.000,30,237.000,29,236.000,20,235.000,9,84.000,3,248.000,30,250.000,9,251.000,29,252.000,20,320.000,1,0,21,
104827292000,247.000,2,238.000,30,237.000,29,236.000,40,235.000,9,84.000,3,248.000,30,250.000,9,251.000,49,252.000,20,320.000,1,0,21,
104827473000,247.000,2,238.000,30,237.000,29,236.000,40,84.000,3,39.000,20,248.000,30,250.000,9,251.000,49,252.000,20,320.000,1,0,21,
104827474000,247.000,2,238.000,30,237.000,38,236.000,40,84.000,3,39.000,20,248.000,30,250.000,9,251.000,49,252.000,20,320.000,1,0,21,
104827628000,247.000,2,238.000,30,237.000,38,236.000,20,84.000,3,39.000,20,248.000,30,250.000,9,251.000,29,252.000,20,320.000,1,0,21,
104827666000,247.000,2,238.000,30,237.000,38,84.000,3,39.000,20,38.500,1,248.000,30,250.000,9,251.000,9,252.000,20,320.000,1,0,21,
104827769000,247.000,2,238.000,50,237.000,38,84.000,3,39.000,20,38.500,1,248.000,30,250.000,9,251.000,9,252.000,20,253.000,20,0,21,
104827792000,247.000,2,238.000,50,237.000,58,84.000,3,39.000,20,38.500,1,248.000,30,250.000,9,251.000,9,252.000,40,253.000,20,0,21,
104828300000,247.000,2,238.000,50,237.000,38,84.000,3,39.000,20,38.500,1,248.000,30,250.000,9,251.000,9,252.000,20,253.000,20,0,21,
104828430000,247.000,2,238.000,29,237.000,38,84.000,3,39.000,20,38.500,1,248.000,9,250.000,9,251.000,9,252.000,20,253.000,20,0,21,
104828430000,247.000,2,238.000,50,237.000,38,84.000,3,39.000,20,38.500,1,248.000,9,249.000,21,250.000,9,251.000,9,252.000,20,0,21,
104828431000,247.000,2,238.000,50,237.000,38,84.000,3,39.000,20,38.500,1,248.000,9,249.000,30,250.000,9,251.000,9,252.000,20,0,21,
104828431000,247.000,2,238.000,50,237.000,38,84.000,3,39.000,20,38.500,1,249.000,30,250.000,9,251.000,9,252.000,20,253.000,20,0,21,
104831444000,247.000,2,238.000,50,237.000,58,84.000,3,39.000,20,38.500,1,249.000,30,250.000,9,251.000,9,252.000,40,253.000,20,0,21,
104835056000,247.000,2,238.000,50,237.000,38,84.000,3,39.000,20,38.500,1,249.000,30,250.000,9,251.000,9,252.000,20,253.000,20,0,21,
104835056000,247.000,2,238.000,50,237.000,38,236.000,20,84.000,3,39.000,20,249.000,30,250.000,9,251.000,29,252.000,20,253.000,20,0,21,
104835811000,247.000,2,238.000,50,237.000,38,84.000,3,39.000,20,38.500,1,249.000,30,250.000,9,251.000,9,252.000,20,253.000,20,0,21,
104835811000,247.000,2,238.000,50,237.000,58,84.000,3,39.000,20,38.500,1,249.000,30,250.000,9,251.000,9,252.000,40,253.000,20,0,21,
104836129000,247.000,2,238.000,50,237.000,38,84.000,3,39.000,20,38.500,1,249.000,30,250.000,9,251.000,9,252.000,20,253.000,20,0,21,
104836379000,247.000,2,238.000,50,237.000,38,236.000,20,84.000,3,39.000,20,249.000,30,250.000,9,251.000,29,252.000,20,253.000,20,0,21,
104837622000,247.000,2,238.000,50,237.000,38,84.000,3,39.000,20,38.500,1,249.000,30,250.000,9,251.000,9,252.000,20,253.000,20,0,21,
104837622000,247.000,2,238.000,50,237.000,58,84.000,3,39.000,20,38.500,1,249.000,30,250.000,9,251.000,9,252.000,40,253.000,20,0,21,
104838003000,247.000,2,238.000,50,237.000,38,84.000,3,39.000,20,38.500,1,249.000,30,250.000,9,251.000,9,252.000,20,253.000,20,0,21,
104838121000,247.000,2,238.000,50,237.000,38,236.000,20,84.000,3,39.000,20,249.000,30,250.000,9,251.000,29,252.000,20,253.000,20,0,21,
104838237000,247.000,2,238.000,50,237.000,38,84.000,3,39.000,20,38.500,1,249.000,30,250.000,9,251.000,9,252.000,20,253.000,20,0,21,
104838731000,247.000,2,238.000,50,237.000,58,84.000,3,39.000,20,38.500,1,249.000,30,250.000,9,251.000,9,252.000,40,253.000,20,0,21,
104841123000,247.000,2,238.000,50,237.000,58,84.000,3,39.000,20,22.500,20,249.000,30,250.000,9,251.000,9,252.000,40,253.000,20,0,21,
104847077000,247.000,2,238.000,50,237.000,58,84.000,3,39.000,20,22.500,20,249.000,30,250.000,9,252.000,40,253.000,20,320.000,1,0,21,
104847078000,247.000,2,238.000,50,237.000,38,84.000,3,39.000,20,22.500,20,249.000,30,250.000,9,252.000,20,253.000,20,320.000,1,0,21,
104847078000,247.000,2,238.000,70,237.000,38,84.000,3,39.000,20,22.500,20,249.000,30,250.000,9,252.000,20,253.000,40,320.000,1,0,21,
104847079000,247.000,2,238.000,70,237.000,38,84.000,3,39.000,20,22.500,20,249.000,30,250.000,9,252.000,20,253.000,49,320.000,1,0,21,
104847304000,247.000,2,238.000,50,237.000,38,84.000,3,39.000,20,22.500,20,249.000,30,250.000,9,252.000,20,253.000,29,320.000,1,0,21,
104847675000,247.000,2,238.000,50,237.000,58,84.000,3,39.000,20,22.500,20,249.000,30,250.000,9,252.000,40,253.000,29,320.000,1,0,21,
104847799000,247.000,2,238.000,50,237.000,38,84.000,3,39.000,20,22.500,20,249.000,30,250.000,9,252.000,20,253.000,29,320.000,1,0,21,
104848289000,247.000,2,238.000,50,237.000,58,84.000,3,39.000,20,22.500,20,249.000,30,250.000,9,252.000,40,253.000,29,320.000,1,0,21,
104850270000,247.000,2,238.000,50,237.000,38,84.000,3,39.000,20,22.500,20,249.000,30,250.000,9,252.000,20,253.000,29,320.000,1,0,21,
104850270000,247.000,2,238.000,50,237.000,38,236.000,20,84.000,3,39.000,20,249.000,30,250.000,9,251.000,20,252.000,20,253.000,29,0,21,
104851264000,247.000,2,238.000,50,237.000,38,84.000,3,39.000,20,22.500,20,249.000,30,250.000,9,252.000,20,253.000,29,320.000,1,0,21,
104851264000,247.000,2,238.000,50,237.000,58,84.000,3,39.000,20,22.500,20,249.000,30,250.000,9,252.000,40,253.000,29,320.000,1,0,21,
104851500000,247.000,2,238.000,50,237.000,38,84.000,3,39.000,20,22.500,20,249.000,30,250.000,9,252.000,20,253.000,29,320.000,1,0,21,
104851739000,247.000,2,238.000,50,237.000,58,84.000,3,39.000,20,22.500,20,249.000,30,250.000,9,252.000,40,253.000,29,320.000,1,0,21,
104851758000,247.000,2,238.000,50,237.000,38,84.000,3,39.000,20,22.500,20,249.000,30,250.000,9,252.000,20,253.000,29,320.000,1,0,21,
104851766000,247.000,2,238.000,50,237.000,38,236.000,20,84.000,3,39.000,20,249.000,30,250.000,9,251.000,20,252.000,20,253.000,29,0,21,
104852130000,247.000,2,238.000,50,237.000,38,84.000,3,39.000,20,22.500,20,249.000,30,250.000,9,252.000,20,253.000,29,320.000,1,0,21,
104852255000,247.000,2,238.000,50,237.000,38,84.000,3,39.000,20,22.500,20,249.000,30,250.000,9,252.000,20,253.000,20,320.000,1,0,21,
104852255000,247.000,2,238.000,50,237.000,38,84.000,3,39.000,20,22.500,20,249.000,30,250.000,9,251.000,9,252.000,20,253.000,20,0,21,
104852376000,247.000,2,238.000,50,237.000,38,236.000,20,84.000,3,39.000,20,249.000,30,250.000,9,251.000,29,252.000,20,253.000,20,0,21,
104852498000,247.000,2,238.000,50,237.000,38,84.000,3,39.000,20,22.500,20,249.000,30,250.000,9,251.000,9,252.000,20,253.000,20,0,21,
104852985000,247.000,2,238.000,50,237.000,38,236.000,20,84.000,3,39.000,20,249.000,30,250.000,9,251.000,29,252.000,20,253.000,20,0,21,
104901702000,247.000,2,238.000,50,237.000,38,84.000,3,39.000,20,22.500,20,249.000,30,250.000,9,251.000,9,252.000,20,253.000,20,0,21,
104901702000,247.000,2,238.000,50,237.000,38,235.000,20,84.000,3,39.000,20,249.000,30,250.000,29,251.000,9,252.000,20,253.000,20,0,21,
104902577000,247.000,2,238.000,50,237.000,38,84.000,3,39.000,20,22.500,20,249.000,30,250.000,9,251.000,9,252.000,20,253.000,20,0,21,
104902577000,247.000,2,238.000,50,237.000,38,236.000,20,84.000,3,39.000,20,249.000,30,250.000,9,251.000,29,252.000,20,253.000,20,0,21,
104904257000,247.000,2,238.000,50,237.000,38,84.000,3,39.000,20,22.500,20,249.000,30,250.000,9,251.000,9,252.000,20,253.000,20,0,21,
104904257000,247.000,2,238.000,50,237.000,38,235.000,20,84.000,3,39.000,20,249.000,30,250.000,29,251.000,9,252.000,20,253.000,20,0,21,
104905055000,247.000,2,238.000,50,237.000,18,235.000,20,84.000,3,39.000,20,249.000,30,250.000,29,251.000,9,253.000,20,320.000,1,0,21,
104905871000,247.000,2,238.000,50,237.000,18,236.000,20,235.000,20,84.000,3,249.000,30,250.000,29,251.000,29,253.000,20,320.000,1,0,21,
104906238000,247.000,2,238.000,30,237.000,18,236.000,20,235.000,20,84.000,3,249.000,30,250.000,29,251.000,29,320.000,1,400.000,1,0,21,
104906376000,247.000,2,238.000,30,237.000,18,236.000,20,84.000,3,39.000,20,249.000,30,250.000,9,251.000,29,320.000,1,400.000,1,0,21,
104906376000,247.000,2,238.000,30,237.000,18,236.000,20,234.000,20,84.000,3,249.000,50,250.000,9,251.000,29,320.000,1,400.000,1,0,21,
104906505000,247.000,2,238.000,30,237.000,18,236.000,40,234.000,20,84.000,3,249.000,50,250.000,9,251.000,49,320.000,1,400.000,1,0,21,
104907917000,247.000,2,238.000,30,237.000,18,236.000,40,84.000,3,39.000,20,249.000,30,250.000,9,251.000,49,320.000,1,400.000,1,0,21,
104907917000,247.000,2,238.000,30,237.000,18,236.000,40,235.000,20,84.000,3,249.000,30,250.000,29,251.000,49,320.000,1,400.000,1,0,21,
104909292000,247.000,2,238.000,30,237.000,18,236.000,40,84.000,3,39.000,20,249.000,30,250.000,9,251.000,49,320.000,1,400.000,1,0,21,
104909292000,247.000,2,238.000,30,237.000,18,236.000,40,234.000,20,84.000,3,249.000,50,250.000,9,251.000,49,320.000,1,400.000,1,0,21,
104909542000,247.000,2,238.000,30,237.000,18,236.000,40,84.000,3,39.000,20,249.000,30,250.000,9,251.000,49,320.000,1,400.000,1,0,21,
104909892000,247.000,2,238.000,30,237.000,18,236.000,40,235.000,20,84.000,3,249.000,30,250.000,29,251.000,49,320.000,1,400.000,1,0,21,
104911015000,247.000,2,238.000,30,237.000,18,236.000,20,235.000,20,84.000,3,249.000,30,250.000,29,251.000,29,320.000,1,400.000,1,0,21,
104911120000,247.000,2,238.000,30,237.000,18,236.000,20,84.000,3,39.000,20,249.000,30,250.000,9,251.000,29,320.000,1,400.000,1,0,21,
104911120000,247.000,2,238.000,30,237.000,18,236.000,20,234.000,20,84.000,3,249.000,50,250.000,9,251.000,29,320.000,1,400.000,1,0,21,
104911736000,247.000,2,238.000,30,237.000,18,236.000,20,84.000,3,39.000,20,249.000,30,250.000,9,251.000,29,320.000,1,400.000,1,0,21,
104911736000,247.000,2,238.000,30,237.000,18,236.000,20,235.000,20,84.000,3,249.000,30,250.000,29,251.000,29,320.000,1,400.000,1,0,21,
104911778000,247.000,2,238.000,30,237.000,38,236.000,20,235.000,20,84.000,3,249.000,30,250.000,29,251.000,29,252.000,20,320.000,1,0,21,
104922596000,247.000,2,238.000,30,237.000,38,236.000,20,84.000,3,39.000,20,249.000,30,250.000,9,251.000,29,252.000,20,320.000,1,0,21,
104922729000,247.000,2,238.000,30,237.000,38,236.000,40,84.000,3,39.000,20,249.000,30,250.000,9,251.000,49,252.000,20,320.000,1,0,21,
104924000000,247.000,2,238.000,30,237.000,38,236.000,20,84.000,3,39.000,20,249.000,30,250.000,9,251.000,29,252.000,20,320.000,1,0,21,
104924000000,247.000,2,238.000,30,237.000,38,236.000,20,235.000,20,84.000,3,249.000,30,250.000,29,251.000,29,252.000,20,320.000,1,0,21,
104931800000,247.000,2,238.000,30,237.000,18,236.000,20,235.000,20,84.000,3,249.000,30,250.000,29,251.000,29,320.000,1,400.000,1,0,21,
104932411000,247.000,2,238.000,30,237.000,18,236.000,20,84.000,3,39.000,20,249.000,30,250.000,9,251.000,29,320.000,1,400.000,1,0,21,
104932411000,247.000,2,238.000,30,237.000,18,236.000,20,234.000,20,84.000,3,249.000,50,250.000,9,251.000,29,320.000,1,400.000,1,0,21,
104932533000,247.000,2,238.000,30,237.000,18,236.000,20,84.000,3,39.000,20,249.000,30,250.000,9,251.000,29,320.000,1,400.000,1,0,21,
104932536000,247.000,2,238.000,30,237.000,18,236.000,40,84.000,3,39.000,20,249.000,30,250.000,9,251.000,49,320.000,1,400.000,1,0,21,
104932908000,247.000,2,238.000,30,237.000,18,236.000,40,234.000,20,84.000,3,249.000,50,250.000,9,251.000,49,320.000,1,400.000,1,0,21,
104933159000,247.000,2,238.000,30,237.000,18,236.000,40,84.000,3,39.000,20,249.000,30,250.000,9,251.000,49,320.000,1,400.000,1,0,21,
104933407000,247.000,2,238.000,30,237.000,18,236.000,40,235.000,20,84.000,3,249.000,30,250.000,29,251.000,49,320.000,1,400.000,1,0,21,
104934658000,247.000,2,238.000,30,237.000,18,236.000,40,84.000,3,39.000,20,249.000,30,250.000,9,251.000,49,320.000,1,400.000,1,0,21,
104934658000,247.000,2,238.000,30,237.000,18,236.000,40,234.000,20,84.000,3,249.000,50,250.000,9,251.000,49,320.000,1,400.000,1,0,21,
104935281000,247.000,2,238.000,30,237.000,18,236.000,40,84.000,3,39.000,20,249.000,30,250.000,9,251.000,49,320.000,1,400.000,1,0,21,
104935281000,247.000,2,238.000,30,237.000,18,236.000,40,235.000,20,84.000,3,249.000,30,250.000,29,251.000,49,320.000,1,400.000,1,0,21,
104935531000,247.000,2,238.000,30,237.000,18,236.000,40,84.000,3,39.000,20,249.000,30,250.000,9,251.000,49,320.000,1,400.000,1,0,21,
104935781000,247.000,2,238.000,30,237.000,18,236.000,40,234.000,20,84.000,3,249.000,50,250.000,9,251.000,49,320.000,1,400.000,1,0,21,
104936635000,247.000,2,238.000,30,237.000,18,236.000,40,84.000,3,39.000,20,249.000,30,250.000,9,251.000,49,320.000,1,400.000,1,0,21,
104936635000,247.000,2,238.000,30,237.000,18,236.000,40,235.000,20,84.000,3,249.000,30,250.000,29,251.000,49,320.000,1,400.000,1,0,21,
104940115000,247.000,2,238.000,30,237.000,18,236.000,40,84.000,3,39.000,20,249.000,30,250.000,9,251.000,49,320.000,1,400.000,1,0,21,
104940115000,247.000,2,238.000,30,237.000,18,236.000,40,234.000,20,84.000,3,249.000,50,250.000,9,251.000,49,320.000,1,400.000,1,0,21,
104946285000,247.000,2,238.000,30,237.000,9,236.000,40,234.000,20,84.000,3,249.000,50,250.000,9,251.000,49,320.000,1,400.000,1,0,21,
104946285000,247.000,2,238.000,30,237.000,9,236.000,40,235.000,9,234.000,20,249.000,50,250.000,9,251.000,49,320.000,1,400.000,1,0,21,
104952600000,247.000,2,238.000,30,237.000,9,236.000,20,235.000,9,234.000,20,249.000,50,250.000,9,251.000,29,320.000,1,400.000,1,0,21,
104952624000,247.000,2,238.000,30,237.000,9,236.000,20,235.000,9,84.000,3,249.000,30,250.000,9,251.000,29,320.000,1,400.000,1,0,21,
104952624000,247.000,2,238.000,30,237.000,9,236.000,20,235.000,29,84.000,3,249.000,30,250.000,29,251.000,29,320.000,1,400.000,1,0,21,
104953622000,247.000,2,238.000,30,237.000,9,236.000,20,235.000,9,84.000,3,249.000,30,250.000,9,251.000,29,320.000,1,400.000,1,0,21,
104953622000,247.000,2,238.000,30,237.000,9,236.000,40,235.000,9,84.000,3,249.000,30,250.000,9,251.000,49,320.000,1,400.000,1,0,21,
104954748000,247.000,2,238.000,30,237.000,9,236.000,20,235.000,9,84.000,3,249.000,30,250.000,9,251.000,29,320.000,1,400.000,1,0,21,
104954748000,247.000,2,238.000,30,237.000,9,236.000,20,235.000,29,84.000,3,249.000,30,250.000,29,251.000,29,320.000,1,400.000,1,0,21,
104956107000,247.000,2,238.000,30,237.000,9,236.000,40,235.000,29,84.000,3,249.000,30,250.000,29,251.000,49,320.000,1,400.000,1,0,21,
105001664000,247.000,2,238.000,30,237.000,9,236.000,40,235.000,9,84.000,3,249.000,30,250.000,9,251.000,49,320.000,1,400.000,1,0,21,
105001664000,247.000,2,238.000,30,237.000,9,236.000,60,235.000,9,84.000,3,249.000,30,250.000,9,251.000,69,320.000,1,400.000,1,0,21,
105002152000,247.000,2,238.000,30,237.000,9,236.000,40,235.000,9,84.000,3,249.000,30,250.000,9,251.000,49,320.000,1,400.000,1,0,21,
105002162000,247.000,2,238.000,30,237.000,9,236.000,40,235.000,29,84.000,3,249.000,30,250.000,29,251.000,49,320.000,1,400.000,1,0,21,
105016200000,247.000,2,238.000,30,237.000,9,236.000,20,235.000,29,84.000,3,249.000,30,250.000,29,251.000,29,320.000,1,400.000,1,0,21,
105016455000,247.000,2,238.000,30,237.000,9,236.000,40,235.000,29,84.000,3,249.000,30,250.000,29,251.000,49,320.000,1,400.000,1,0,21,
105018162000,247.000,2,238.000,30,237.000,9,236.000,40,235.000,9,84.000,3,249.000,30,250.000,9,251.000,49,320.000,1,400.000,1,0,21,
105018162000,247.000,2,238.000,30,237.000,9,236.000,40,235.000,9,234.000,20,249.000,50,250.000,9,251.000,49,320.000,1,400.000,1,0,21,
105018867000,247.000,2,238.000,30,237.000,9,236.000,20,235.000,9,234.000,20,249.000,50,250.000,9,251.000,29,320.000,1,400.000,1,0,21,
105019492000,247.000,2,238.000,30,237.000,9,236.000,20,235.000,29,234.000,20,249.000,50,250.000,29,251.000,29,320.000,1,400.000,1,0,21,
105022772000,247.000,2,238.000,30,237.000,9,236.000,20,235.000,29,234.000,20,249.000,50,250.000,29,251.000,20,320.000,1,400.000,1,0,21,
105022773000,247.000,2,238.000,30,237.000,9,236.000,20,235.000,29,234.000,20,249.000,59,250.000,29,251.000,20,320.000,1,400.000,1,0,21,
105022873000,247.000,2,238.000,30,237.000,9,236.000,20,235.000,29,84.000,3,249.000,39,250.000,29,251.000,20,320.000,1,400.000,1,0,21,
105022873000,247.000,2,238.000,30,237.000,9,236.000,20,235.000,29,233.000,20,248.000,20,249.000,39,250.000,29,251.000,20,320.000,1,0,21,
105022873000,247.000,2,238.000,30,237.000,9,236.000,20,235.000,29,233.000,20,248.000,29,249.000,39,250.000,29,251.000,20,320.000,1,0,21,
105023004000,247.000,2,238.000,30,237.000,9,236.000,20,235.000,29,233.000,20,248.000,29,249.000,39,250.000,20,251.000,20,320.000,1,0,21,
105023247000,247.000,2,238.000,30,237.000,9,236.000,20,235.000,29,84.000,3,248.000,9,249.000,39,250.000,20,251.000,20,320.000,1,0,21,
105023247000,247.000,2,238.000,30,237.000,9,236.000,20,235.000,29,84.000,3,249.000,39,250.000,20,251.000,20,320.000,1,400.000,1,0,21,
105023490000,247.000,2,238.000,30,237.000,9,236.000,20,235.000,29,234.000,20,249.000,59,250.000,20,251.000,20,320.000,1,400.000,1,0,21,
105023615000,247.000,2,238.000,30,237.000,9,236.000,20,235.000,29,84.000,3,249.000,39,250.000,20,251.000,20,320.000,1,400.000,1,0,21,
105024005000,247.000,2,238.000,30,237.000,9,236.000,20,235.000,29,233.000,20,248.000,20,249.000,39,250.000,20,251.000,20,320.000,1,0,21,
105024131000,247.000,2,238.000,30,237.000,9,236.000,20,235.000,29,84.000,3,249.000,39,250.000,20,251.000,20,320.000,1,400.000,1,0,21,
105024507000,247.000,2,238.000,30,237.000,9,236.000,20,235.000,29,233.000,20,248.000,20,249.000,39,250.000,20,251.000,20,320.000,1,0,21,
105024507000,247.000,2,238.000,30,237.000,9,236.000,20,235.000,29,233.000,20,248.000,29,249.000,39,250.000,20,251.000,20,320.000,1,0,21,
105025405000,247.000,2,238.000,9,237.000,9,236.000,20,235.000,29,233.000,20,248.000,29,249.000,18,250.000,20,251.000,20,320.000,1,0,21,
105025405000,247.000,2,238.000,30,237.000,9,236.000,20,235.000,29,233.000,20,247.000,21,248.000,29,249.000,18,250.000,20,251.000,20,0,21,
105025405000,247.000,2,238.000,30,237.000,9,236.000,29,235.000,29,233.000,20,247.000,21,248.000,29,249.000,18,250.000,20,251.000,20,0,21,
105025405000,247.000,2,238.000,30,237.000,9,236.000,29,235.000,29,233.000,20,247.000,30,248.000,29,249.000,18,250.000,20,251.000,20,0,21,
105025405000,247.000,2,238.000,21,237.000,9,236.000,29,235.000,29,233.000,20,247.000,30,248.000,29,249.000,18,250.000,20,251.000,20,0,21,
105025405000,247.000,2,238.000,30,237.000,9,236.000,29,235.000,29,233.000,20,247.000,30,248.000,29,249.000,18,250.000,20,251.000,20,0,21,
105025504000,247.000,2,238.000,30,237.000,9,236.000,20,235.000,29,233.000,20,247.000,30,248.000,29,249.000,18,250.000,20,251.000,20,0,21,
105025504000,247.000,2,238.000,30,237.000,9,236.000,20,235.000,29,233.000,20,247.000,30,248.000,29,249.000,9,250.000,20,251.000,20,0,21,
105025870000,247.000,2,238.000,30,237.000,9,236.000,20,235.000,29,84.000,3,247.000,30,248.000,9,249.000,9,250.000,20,251.000,20,0,21,
105025870000,247.000,2,238.000,30,237.000,9,236.000,20,235.000,29,234.000,20,247.000,30,248.000,9,249.000,29,250.000,20,251.000,20,0,21,
105031264000,247.000,2,238.000,30,237.000,9,236.000,20,235.000,29,84.000,3,247.000,30,248.000,9,249.000,9,250.000,20,251.000,20,0,21,
105031264000,247.000,2,238.000,30,237.000,9,236.000,20,235.000,49,84.000,3,247.000,30,248.000,9,249.000,9,250.000,40,251.000,20,0,21,
105031548000,247.000,2,238.000,30,237.000,9,236.000,20,235.000,29,84.000,3,247.000,30,248.000,9,249.000,9,250.000,20,251.000,20,0,21,
105031682000,247.000,2,238.000,30,237.000,29,236.000,20,235.000,29,84.000,3,247.000,30,248.000,9,249.000,9,250.000,20,251.000,20,0,21,
105031928000,247.000,2,238.000,30,237.000,29,236.000,20,235.000,29,84.000,3,247.000,30,248.000,9,250.000,20,251.000,20,252.000,20,0,21,
105032003000,247.000,2,238.000,30,237.000,29,235.000,29,84.000,3,39.000,20,247.000,30,248.000,9,250.000,20,252.000,20,320.000,1,0,21,
105032004000,247.000,2,238.000,9,237.000,29,235.000,29,84.000,3,39.000,20,247.000,9,248.000,9,250.000,20,252.000,20,320.000,1,0,21,
105032004000,247.000,2,238.000,30,237.000,29,235.000,29,84.000,3,39.000,20,247.000,9,248.000,30,250.000,20,252.000,20,320.000,1,0,21,
105032005000,247.000,2,238.000,21,237.000,29,235.000,29,84.000,3,39.000,20,247.000,9,248.000,30,250.000,20,252.000,20,320.000,1,0,21,
105032005000,247.000,2,238.000,21,237.000,29,235.000,29,84.000,3,39.000,20,248.000,30,250.000,20,252.000,20,320.000,1,400.000,1,0,21,
105032006000,247.000,2,238.000,41,237.000,29,235.000,29,84.000,3,39.000,20,248.000,30,250.000,20,252.000,20,253.000,20,320.000,1,0,21,
105032052000,247.000,2,238.000,41,237.000,29,235.000,29,84.000,3,39.000,20,248.000,30,250.000,20,252.000,29,253.000,20,320.000,1,0,21,
105032139000,247.000,2,238.000,41,237.000,29,235.000,9,84.000,3,39.000,20,248.000,30,252.000,29,253.000,20,320.000,1,400.000,1,0,21,
105032139000,247.000,2,238.000,41,237.000,29,236.000,20,235.000,9,84.000,3,248.000,30,251.000,20,252.000,29,253.000,20,320.000,1,0,21,
105032262000,247.000,2,238.000,41,237.000,29,236.000,20,84.000,3,39.000,20,248.000,30,251.000,20,252.000,29,253.000,20,320.000,1,0,21,
105032262000,247.000,2,238.000,41,237.000,38,236.000,20,84.000,3,39.000,20,248.000,30,251.000,20,252.000,29,253.000,20,320.000,1,0,21,
105032396000,247.000,2,238.000,50,237.000,38,236.000,20,84.000,3,39.000,20,248.000,30,251.000,20,252.000,29,253.000,20,320.000,1,0,21,
105033002000,247.000,2,238.000,50,237.000,38,84.000,3,39.000,20,22.500,20,248.000,30,252.000,29,253.000,20,320.000,1,400.000,1,0,21,
105033002000,247.000,2,238.000,50,237.000,58,84.000,3,39.000,20,22.500,20,248.000,30,252.000,49,253.000,20,320.000,1,400.000,1,0,21,
105033099000,247.000,2,238.000,29,237.000,58,84.000,3,39.000,20,22.500,20,248.000,9,252.000,49,253.000,20,320.000,1,400.000,1,0,21,
105033099000,247.000,2,238.000,50,237.000,58,84.000,3,39.000,20,22.500,20,248.000,9,249.000,21,252.000,49,253.000,20,320.000,1,0,21,
105033099000,247.000,2,238.000,50,237.000,58,84.000,3,39.000,20,22.500,20,248.000,9,249.000,21,252.000,58,253.000,20,320.000,1,0,21,
105033099000,247.000,2,238.000,50,237.000,58,84.000,3,39.000,20,22.500,20,249.000,21,252.000,58,253.000,20,320.000,1,400.000,1,0,21,
105033099000,247.000,2,238.000,50,237.000,58,84.000,3,39.000,20,22.500,20,249.000,30,252.000,58,253.000,20,320.000,1,400.000,1,0,21,
105033511000,247.000,2,238.000,50,237.000,38,84.000,3,39.000,20,22.500,20,249.000,30,252.000,38,253.000,20,320.000,1,400.000,1,0,21,
105033511000,247.000,2,238.000,50,237.000,38,236.000,20,84.000,3,39.000,20,249.000,30,251.000,20,252.000,38,253.000,20,320.000,1,0,21,
105034510000,247.000,2,238.000,50,237.000,38,84.000,3,39.000,20,22.500,20,249.000,30,252.000,38,253.000,20,320.000,1,400.000,1,0,21,
105034510000,247.000,2,238.000,50,237.000,58,84.000,3,39.000,20,22.500,20,249.000,30,252.000,58,253.000,20,320.000,1,400.000,1,0,21,
105034759000,247.000,2,238.000,50,237.000,38,84.000,3,39.000,20,22.500,20,249.000,30,252.000,38,253.000,20,320.000,1,400.000,1,0,21,
105035134000,247.000,2,238.000,50,237.000,38,236.000,20,84.000,3,39.000,20,249.000,30,251.000,20,252.000,38,253.000,20,320.000,1,0,21,
105035746000,247.000,2,238.000,50,237.000,38,84.000,3,39.000,20,22.500,20,249.000,30,252.000,38,253.000,20,320.000,1,400.000,1,0,21,
105035746000,247.000,2,238.000,50,237.000,58,84.000,3,39.000,20,22.500,20,249.000,30,252.000,58,253.000,20,320.000,1,400.000,1,0,21,
105035871000,247.000,2,238.000,50,237.000,38,84.000,3,39.000,20,22.500,20,249.000,30,252.000,38,253.000,20,320.000,1,400.000,1,0,21,
105036246000,247.000,2,238.000,50,237.000,58,84.000,3,39.000,20,22.500,20,249.000,30,252.000,58,253.000,20,320.000,1,400.000,1,0,21,
105036371000,247.000,2,238.000,50,237.000,38,84.000,3,39.000,20,22.500,20,249.000,30,252.000,38,253.000,20,320.000,1,400.000,1,0,21,
105036746000,247.000,2,238.000,50,237.000,38,236.000,20,84.000,3,39.000,20,249.000,30,251.000,20,252.000,38,253.000,20,320.000,1,0,21,
105037457000,247.000,2,238.000,50,237.000,38,84.000,3,39.000,20,22.500,20,249.000,30,252.000,38,253.000,20,320.000,1,400.000,1,0,21,
105037457000,247.000,2,238.000,50,237.000,58,84.000,3,39.000,20,22.500,20,249.000,30,252.000,58,253.000,20,320.000,1,400.000,1,0,21,
105037611000,247.000,2,238.000,50,237.000,38,84.000,3,39.000,20,22.500,20,249.000,30,252.000,38,253.000,20,320.000,1,400.000,1,0,21,
105037739000,247.000,2,238.000,50,237.000,58,84.000,3,39.000,20,22.500,20,249.000,30,252.000,58,253.000,20,320.000,1,400.000,1,0,21,
105038126000,247.000,2,238.000,50,237.000,38,84.000,3,39.000,20,22.500,20,249.000,30,252.000,38,253.000,20,320.000,1,400.000,1,0,21,
105038126000,247.000,2,238.000,50,237.000,38,236.000,20,84.000,3,39.000,20,249.000,30,251.000,20,252.000,38,253.000,20,320.000,1,0,21,
105039678000,247.000,2,238.000,50,237.000,38,84.000,3,39.000,20,22.500,20,249.000,30,252.000,38,253.000,20,320.000,1,400.000,1,0,21,
105039678000,247.000,2,238.000,50,237.000,58,84.000,3,39.000,20,22.500,20,249.000,30,252.000,58,253.000,20,320.000,1,400.000,1,0,21,
105042552000,247.000,2,238.000,50,237.000,38,84.000,3,39.000,20,22.500,20,249.000,30,252.000,38,253.000,20,320.000,1,400.000,1,0,21,
105042552000,247.000,2,238.000,50,237.000,38,236.000,20,84.000,3,39.000,20,249.000,30,251.000,20,252.000,38,253.000,20,320.000,1,0,21,
105042803000,247.000,2,238.000,50,237.000,38,84.000,3,39.000,20,22.500,20,249.000,30,252.000,38,253.000,20,320.000,1,400.000,1,0,21,
105043054000,247.000,2,238.000,50,237.000,38,236.000,20,84.000,3,39.000,20,249.000,30,251.000,20,252.000,38,253.000,20,320.000,1,0,21,
105043429000,247.000,2,238.000,50,237.000,38,84.000,3,39.000,20,22.500,20,249.000,30,252.000,38,253.000,20,320.000,1,400.000,1,0,21,
105043553000,247.000,2,238.000,50,237.000,58,84.000,3,39.000,20,22.500,20,249.000,30,252.000,58,253.000,20,320.000,1,400.000,1,0,21,
105045678000,247.000,2,238.000,50,237.000,38,84.000,3,39.000,20,22.500,20,249.000,30,252.000,38,253.000,20,320.000,1,400.000,1,0,21,
105045829000,247.000,2,238.000,50,237.000,58,84.000,3,39.000,20,22.500,20,249.000,30,252.000,58,253.000,20,320.000,1,400.000,1,0,21,
105046023000,247.000,2,238.000,50,237.000,38,84.000,3,39.000,20,22.500,20,249.000,30,252.000,38,253.000,20,320.000,1,400.000,1,0,21,
105046023000,247.000,2,238.000,50,237.000,38,236.000,20,84.000,3,39.000,20,249.000,30,251.000,20,252.000,38,253.000,20,320.000,1,0,21,
105046394000,247.000,2,238.000,50,237.000,38,84.000,3,39.000,20,22.500,20,249.000,30,252.000,38,253.000,20,320.000,1,400.000,1,0,21,
105046643000,247.000,2,238.000,50,237.000,58,84.000,3,39.000,20,22.500,20,249.000,30,252.000,58,253.000,20,320.000,1,400.000,1,0,21,
105047121000,247.000,2,238.000,50,237.000,38,84.000,3,39.000,20,22.500,20,249.000,30,252.000,38,253.000,20,320.000,1,400.000,1,0,21,
105047300000,247.000,2,238.000,29,237.000,38,84.000,3,39.000,20,22.500,20,249.000,9,252.000,38,253.000,20,320.000,1,400.000,1,0,21,
105047300000,247.000,2,238.000,50,237.000,38,84.000,3,39.000,20,22.500,20,249.000,9,250.000,21,252.000,38,253.000,20,320.000,1,0,21,
105047300000,247.000,2,238.000,50,237.000,38,84.000,3,39.000,20,22.500,20,250.000,21,252.000,38,253.000,20,320.000,1,400.000,1,0,21,
105047300000,247.000,2,238.000,50,237.000,38,84.000,3,39.000,20,22.500,20,250.000,30,252.000,38,253.000,20,320.000,1,400.000,1,0,21,
105047430000,247.000,2,238.000,70,237.000,38,84.000,3,39.000,20,22.500,20,250.000,30,252.000,38,253.000,40,320.000,1,400.000,1,0,21,
105048582000,247.000,2,238.000,70,237.000,18,84.000,3,39.000,20,22.500,20,250.000,30,252.000,18,253.000,40,320.000,1,400.000,1,0,21,
105048582000,247.000,2,238.000,90,237.000,18,84.000,3,39.000,20,22.500,20,250.000,30,252.000,18,253.000,60,320.000,1,400.000,1,0,21,
105048839000,247.000,2,238.000,70,237.000,18,84.000,3,39.000,20,22.500,20,250.000,30,252.000,18,253.000,40,320.000,1,400.000,1,0,21,
105049087000,247.000,2,238.000,90,237.000,18,84.000,3,39.000,20,22.500,20,250.000,30,252.000,18,253.000,60,320.000,1,400.000,1,0,21,
105049244000,247.000,2,238.000,70,237.000,18,84.000,3,39.000,20,22.500,20,250.000,30,252.000,18,253.000,40,320.000,1,400.000,1,0,21,
105049950000,247.000,2,238.000,70,237.000,38,84.000,3,39.000,20,22.500,20,250.000,30,252.000,38,253.000,40,320.000,1,400.000,1,0,21,
105050209000,247.000,2,238.000,70,237.000,18,84.000,3,39.000,20,22.500,20,250.000,30,252.000,18,253.000,40,320.000,1,400.000,1,0,21,
105050643000,247.000,2,238.000,70,237.000,18,84.000,3,39.000,20,22.500,20,250.000,30,252.000,9,253.000,40,320.000,1,400.000,1,0,21,
105050768000,247.000,2,238.000,70,237.000,18,84.000,3,39.000,20,22.500,20,250.000,30,252.000,9,253.000,40,254.000,9,320.000,1,0,21,
105050967000,247.000,2,238.000,90,237.000,18,84.000,3,39.000,20,22.500,20,250.000,30,252.000,9,253.000,60,254.000,9,320.000,1,0,21,
105051416000,247.000,2,238.000,69,237.000,18,84.000,3,39.000,20,22.500,20,250.000,9,252.000,9,253.000,60,254.000,9,320.000,1,0,21,
105051416000,247.000,2,238.000,90,237.000,18,84.000,3,39.000,20,22.500,20,250.000,9,251.000,21,252.000,9,253.000,60,254.000,9,0,21,
105051416000,247.000,2,238.000,90,237.000,18,84.000,3,39.000,20,22.500,20,251.000,21,252.000,9,253.000,60,254.000,9,320.000,1,0,21,
105051416000,247.000,2,238.000,90,237.000,18,84.000,3,39.000,20,22.500,20,251.000,21,252.000,9,253.000,69,254.000,9,320.000,1,0,21,
105051416000,247.000,2,238.000,90,237.000,18,84.000,3,39.000,20,22.500,20,251.000,30,252.000,9,253.000,69,254.000,9,320.000,1,0,21,
105051505000,247.000,2,238.000,90,237.000,18,84.000,3,39.000,20,22.500,20,251.000,30,252.000,9,253.000,60,254.000,9,320.000,1,0,21,
105052539000,247.000,2,238.000,70,237.000,18,84.000,3,39.000,20,22.500,20,251.000,30,252.000,9,253.000,40,254.000,9,320.000,1,0,21,
105052539000,247.000,2,239.000,20,238.000,70,237.000,18,84.000,3,39.000,20,251.000,30,252.000,9,253.000,40,254.000,29,320.000,1,0,21,
105052540000,247.000,2,239.000,29,238.000,70,237.000,18,84.000,3,39.000,20,251.000,30,252.000,9,253.000,40,254.000,29,320.000,1,0,21,
105052568000,247.000,2,239.000,29,238.000,49,237.000,18,84.000,3,39.000,20,251.000,9,252.000,9,253.000,40,254.000,29,320.000,1,0,21,
105052568000,247.000,2,240.000,21,239.000,29,238.000,49,237.000,18,84.000,3,251.000,30,252.000,9,253.000,40,254.000,29,320.000,1,0,21,
105052569000,247.000,2,240.000,21,239.000,29,238.000,49,237.000,18,84.000,3,251.000,30,252.000,9,253.000,49,254.000,29,320.000,1,0,21,
105052569000,247.000,2,240.000,21,239.000,29,238.000,49,237.000,18,84.000,3,251.000,21,252.000,9,253.000,49,254.000,29,320.000,1,0,21,
105052569000,247.000,2,240.000,30,239.000,29,238.000,49,237.000,18,84.000,3,251.000,21,252.000,9,253.000,49,254.000,29,320.000,1,0,21,
105052569000,247.000,2,240.000,30,239.000,29,238.000,49,237.000,18,84.000,3,251.000,30,252.000,9,253.000,49,254.000,29,320.000,1,0,21,
105052584000,247.000,2,240.000,30,239.000,29,238.000,29,237.000,18,84.000,3,251.000,30,252.000,9,253.000,29,254.000,29,320.000,1,0,21,
105052903000,247.000,2,240.000,50,239.000,29,238.000,29,237.000,18,84.000,3,251.000,30,252.000,9,253.000,29,254.000,29,255.000,20,0,21,
105053005000,247.000,2,240.000,50,239.000,29,238.000,20,237.000,18,84.000,3,251.000,30,252.000,9,253.000,29,254.000,29,255.000,20,0,21,
105053005000,247.000,2,240.000,50,239.000,29,238.000,20,237.000,9,84.000,3,251.000,30,252.000,9,253.000,29,254.000,29,255.000,20,0,21,
105053005000,247.000,2,240.000,50,239.000,29,238.000,20,237.000,9,84.000,3,251.000,30,252.000,9,253.000,20,254.000,29,255.000,20,0,21,
105054333000,247.000,2,240.000,50,239.000,29,238.000,20,84.000,3,39.000,20,251.000,30,252.000,9,253.000,20,254.000,29,255.000,20,0,21,
105054333000,247.000,2,240.000,50,239.000,38,238.000,20,84.000,3,39.000,20,251.000,30,252.000,9,253.000,20,254.000,29,255.000,20,0,21,
105055287000,247.000,2,240.000,50,239.000,18,238.000,20,84.000,3,39.000,20,251.000,30,252.000,9,253.000,20,254.000,9,255.000,20,0,21,
105055287000,247.000,2,240.000,50,239.000,18,238.000,40,84.000,3,39.000,20,251.000,30,252.000,9,253.000,40,254.000,9,255.000,20,0,21,
105055412000,247.000,2,240.000,50,239.000,18,238.000,20,84.000,3,39.000,20,251.000,30,252.000,9,253.000,20,254.000,9,255.000,20,0,21,
105055899000,247.000,2,240.000,50,239.000,38,238.000,20,84.000,3,39.000,20,251.000,30,252.000,9,253.000,20,254.000,29,255.000,20,0,21,
105057002000,247.000,2,240.000,50,239.000,18,238.000,20,84.000,3,39.000,20,251.000,30,252.000,9,253.000,20,254.000,9,255.000,20,0,21,
105057002000,247.000,2,240.000,70,239.000,18,238.000,20,84.000,3,39.000,20,251.000,30,252.000,9,253.000,20,254.000,9,255.000,40,0,21,
105057134000,247.000,2,240.000,50,239.000,18,238.000,20,84.000,3,39.000,20,251.000,30,252.000,9,253.000,20,254.000,9,255.000,20,0,21,
105057624000,247.000,2,240.000,50,239.000,38,238.000,20,84.000,3,39.000,20,251.000,30,252.000,9,253.000,20,254.000,29,255.000,20,0,21,
105100216000,247.000,2,240.000,50,239.000,38,84.000,3,39.000,20,22.500,20,251.000,30,252.000,9,254.000,29,255.000,20,320.000,1,0,21,
105101085000,247.000,2,240.000,50,239.000,58,84.000,3,39.000,20,22.500,20,251.000,30,252.000,9,254.000,49,255.000,20,320.000,1,0,21,
105105360000,247.000,2,240.000,50,239.000,38,84.000,3,39.000,20,22.500,20,251.000,30,252.000,9,254.000,29,255.000,20,320.000,1,0,21,
105105360000,247.000,2,240.000,70,239.000,38,84.000,3,39.000,20,22.500,20,251.000,30,252.000,9,254.000,29,255.000,40,320.000,1,0,21,
105105422000,247.000,2,240.000,49,239.000,38,84.000,3,39.000,20,22.500,20,251.000,9,252.000,9,254.000,29,255.000,40,320.000,1,0,21,
105105422000,247.000,2,240.000,70,239.000,38,84.000,3,39.000,20,22.500,20,251.000,9,252.000,30,254.000,29,255.000,40,320.000,1,0,21,
105105422000,247.000,2,240.000,70,239.000,38,84.000,3,39.000,20,22.500,20,251.000,9,252.000,30,254.000,38,255.000,40,320.000,1,0,21,
105105422000,247.000,2,240.000,70,239.000,38,84.000,3,39.000,20,22.500,20,252.000,30,254.000,38,255.000,40,320.000,1,400.000,1,0,21,
105107295000,247.000,2,240.000,50,239.000,38,84.000,3,39.000,20,22.500,20,252.000,30,254.000,38,255.000,20,320.000,1,400.000,1,0,21,
105107295000,247.000,2,241.000,20,240.000,50,239.000,38,84.000,3,39.000,20,252.000,30,254.000,38,255.000,20,256.000,20,320.000,1,0,21,
105107295000,247.000,2,241.000,29,240.000,50,239.000,38,84.000,3,39.000,20,252.000,30,254.000,38,255.000,20,256.000,20,320.000,1,0,21,
105107320000,247.000,2,241.000,29,240.000,50,239.000,38,84.000,3,39.000,20,252.000,30,254.000,29,255.000,20,256.000,20,320.000,1,0,21,
105107412000,247.000,2,241.000,29,240.000,29,239.000,38,84.000,3,39.000,20,252.000,9,254.000,29,255.000,20,256.000,20,320.000,1,0,21,
105107412000,247.000,2,242.000,21,241.000,29,240.000,29,239.000,38,84.000,3,252.000,9,253.000,21,254.000,29,255.000,20,256.000,20,0,21,
105107413000,247.000,2,242.000,21,241.000,29,240.000,29,239.000,38,84.000,3,253.000,21,254.000,29,255.000,20,256.000,20,320.000,1,0,21,
105107413000,247.000,2,242.000,21,241.000,29,240.000,29,239.000,38,84.000,3,253.000,30,254.000,29,255.000,20,256.000,20,320.000,1,0,21,
105107413000,247.000,2,242.000,30,241.000,29,240.000,29,239.000,38,84.000,3,253.000,30,254.000,29,255.000,20,256.000,20,320.000,1,0,21,
105107456000,247.000,2,242.000,30,241.000,29,240.000,29,239.000,18,84.000,3,253.000,30,254.000,9,255.000,20,256.000,20,320.000,1,0,21,
105107505000,247.000,2,242.000,30,241.000,29,240.000,20,239.000,18,84.000,3,253.000,30,254.000,9,255.000,20,256.000,20,320.000,1,0,21,
105107505000,247.000,2,242.000,30,241.000,29,240.000,20,239.000,9,84.000,3,253.000,30,254.000,9,255.000,20,256.000,20,320.000,1,0,21,
105107836000,247.000,2,242.000,30,241.000,9,240.000,20,239.000,9,84.000,3,253.000,30,254.000,9,255.000,20,320.000,1,400.000,1,0,21,
105107836000,247.000,2,242.000,30,241.000,9,240.000,40,239.000,9,84.000,3,253.000,30,254.000,9,255.000,40,320.000,1,400.000,1,0,21,
105108035000,247.000,2,242.000,30,241.000,9,240.000,40,239.000,9,84.000,3,253.000,30,254.000,9,255.000,49,320.000,1,400.000,1,0,21,
105109518000,247.000,2,242.000,30,241.000,9,240.000,20,239.000,9,84.000,3,253.000,30,254.000,9,255.000,29,320.000,1,400.000,1,0,21,
105109518000,247.000,2,242.000,30,241.000,9,240.000,20,239.000,29,84.000,3,253.000,30,254.000,29,255.000,29,320.000,1,400.000,1,0,21,
105109518000,247.000,2,242.000,30,241.000,9,240.000,20,239.000,9,84.000,3,253.000,30,254.000,9,255.000,29,320.000,1,400.000,1,0,21,
105110047000,247.000,2,242.000,30,241.000,9,240.000,20,239.000,29,84.000,3,253.000,30,254.000,29,255.000,29,320.000,1,400.000,1,0,21,
105110188000,247.000,2,242.000,30,241.000,9,240.000,20,239.000,29,238.000,20,253.000,50,254.000,29,255.000,29,320.000,1,400.000,1,0,21,
105110630000,247.000,2,242.000,30,241.000,9,240.000,20,239.000,9,238.000,20,253.000,50,254.000,9,255.000,29,320.000,1,400.000,1,0,21,
105110630000,247.000,2,242.000,30,241.000,9,240.000,40,239.000,9,238.000,20,253.000,50,254.000,9,255.000,49,320.000,1,400.000,1,0,21,
105110884000,247.000,2,242.000,30,241.000,9,240.000,40,239.000,9,84.000,3,253.000,30,254.000,9,255.000,49,320.000,1,400.000,1,0,21,
105111210000,247.000,2,242.000,30,241.000,9,240.000,40,239.000,29,84.000,3,253.000,30,254.000,29,255.000,49,320.000,1,400.000,1,0,21,
105115390000,247.000,2,242.000,30,241.000,9,240.000,40,239.000,20,84.000,3,253.000,30,254.000,29,255.000,49,320.000,1,400.000,1,0,21,
105115392000,247.000,2,242.000,30,241.000,18,240.000,40,239.000,20,84.000,3,253.000,30,254.000,29,255.000,49,320.000,1,400.000,1,0,21,
105118528000,247.000,2,242.000,30,241.000,18,240.000,20,239.000,20,84.000,3,253.000,30,254.000,29,255.000,29,320.000,1,400.000,1,0,21,
105118528000,247.000,2,242.000,30,241.000,38,240.000,20,239.000,20,84.000,3,253.000,30,254.000,29,255.000,29,256.000,20,320.000,1,0,21,
105118567000,247.000,2,242.000,30,241.000,38,240.000,20,239.000,20,84.000,3,253.000,30,254.000,29,255.000,20,256.000,20,320.000,1,0,21,
105118692000,247.000,2,242.000,30,241.000,38,240.000,20,239.000,20,84.000,3,253.000,30,254.000,29,255.000,20,256.000,20,257.000,9,0,21,
105118869000,247.000,2,242.000,30,241.000,38,239.000,20,84.000,3,39.000,20,253.000,30,254.000,29,256.000,20,257.000,9,320.000,1,0,21,
105118973000,247.000,2,242.000,30,241.000,38,84.000,3,39.000,20,22.500,20,253.000,30,254.000,9,256.000,20,257.000,9,320.000,1,0,21,
105119004000,247.000,2,242.000,50,241.000,38,84.000,3,39.000,20,22.500,20,253.000,30,254.000,9,256.000,20,257.000,29,320.000,1,0,21,
105119144000,247.000,2,242.000,50,241.000,58,84.000,3,39.000,20,22.500,20,253.000,30,254.000,9,256.000,40,257.000,29,320.000,1,0,21,
105119421000,247.000,2,242.000,29,241.000,58,84.000,3,39.000,20,22.500,20,253.000,9,254.000,9,256.000,40,257.000,29,320.000,1,0,21,
105119421000,247.000,2,242.000,50,241.000,58,84.000,3,39.000,20,22.500,20,253.000,9,254.000,30,256.000,40,257.000,29,320.000,1,0,21,
105119422000,247.000,2,242.000,50,241.000,58,84.000,3,39.000,20,22.500,20,253.000,9,254.000,30,256.000,49,257.000,29,320.000,1,0,21,
105119422000,247.000,2,242.000,50,241.000,58,84.000,3,39.000,20,22.500,20,254.000,30,256.000,49,257.000,29,320.000,1,400.000,1,0,21,
105120422000,247.000,2,242.000,29,241.000,58,84.000,3,39.000,20,22.500,20,254.000,9,256.000,49,257.000,29,320.000,1,400.000,1,0,21,
105120422000,247.000,2,242.000,50,241.000,58,84.000,3,39.000,20,22.500,20,253.000,21,254.000,9,256.000,49,257.000,29,320.000,1,0,21,
105120422000,247.000,2,242.000,50,241.000,58,84.000,3,39.000,20,22.500,20,253.000,21,256.000,49,257.000,29,320.000,1,400.000,1,0,21,
105120422000,247.000,2,242.000,50,241.000,58,84.000,3,39.000,20,22.500,20,253.000,30,256.000,49,257.000,29,320.000,1,400.000,1,0,21,
105120931000,247.000,2,242.000,29,241.000,58,84.000,3,39.000,20,22.500,20,253.000,9,256.000,49,257.000,29,320.000,1,400.000,1,0,21,
105120931000,247.000,2,242.000,50,241.000,58,84.000,3,39.000,20,22.500,20,253.000,9,254.000,21,256.000,49,257.000,29,320.000,1,0,21,
105120933000,247.000,2,242.000,50,241.000,58,84.000,3,39.000,20,22.500,20,254.000,21,256.000,49,257.000,29,320.000,1,400.000,1,0,21,
105120933000,247.000,2,242.000,50,241.000,58,84.000,3,39.000,20,22.500,20,254.000,30,256.000,49,257.000,29,320.000,1,400.000,1,0,21,
105123835000,247.000,2,242.000,50,241.000,38,84.000,3,39.000,20,22.500,20,254.000,30,256.000,29,257.000,29,320.000,1,400.000,1,0,21,
105123835000,247.000,2,242.000,70,241.000,38,84.000,3,39.000,20,22.500,20,254.000,30,256.000,29,257.000,49,320.000,1,400.000,1,0,21,
105123953000,247.000,2,242.000,50,241.000,38,84.000,3,39.000,20,22.500,20,254.000,30,256.000,29,257.000,29,320.000,1,400.000,1,0,21,
105124375000,247.000,2,242.000,70,241.000,38,84.000,3,39.000,20,22.500,20,254.000,30,256.000,29,257.000,49,320.000,1,400.000,1,0,21,
105124499000,247.000,2,242.000,50,241.000,38,84.000,3,39.000,20,22.500,20,254.000,30,256.000,29,257.000,29,320.000,1,400.000,1,0,21,
105124996000,247.000,2,242.000,50,241.000,58,84.000,3,39.000,20,22.500,20,254.000,30,256.000,49,257.000,29,320.000,1,400.000,1,0,21,
105128593000,247.000,2,242.000,50,241.000,38,84.000,3,39.000,20,22.500,20,254.000,30,256.000,29,257.000,29,320.000,1,400.000,1,0,21,
105128593000,247.000,2,242.000,50,241.000,38,240.000,20,84.000,3,39.000,20,254.000,30,255.000,20,256.000,29,257.000,29,320.000,1,0,21,
105128835000,247.000,2,242.000,50,241.000,38,84.000,3,39.000,20,22.500,20,254.000,30,256.000,29,257.000,29,320.000,1,400.000,1,0,21,
105129209000,247.000,2,242.000,50,241.000,58,84.000,3,39.000,20,22.500,20,254.000,30,256.000,49,257.000,29,320.000,1,400.000,1,0,21,
105136000000,247.000,2,242.000,50,241.000,38,84.000,3,39.000,20,22.500,20,254.000,30,256.000,29,257.000,29,320.000,1,400.000,1,0,21,
105136125000,247.000,2,242.000,50,241.000,38,240.000,20,84.000,3,39.000,20,254.000,30,255.000,20,256.000,29,257.000,29,320.000,1,0,21,
105136372000,247.000,2,242.000,50,241.000,38,84.000,3,39.000,20,22.500,20,254.000,30,256.000,29,257.000,29,320.000,1,400.000,1,0,21,
105136622000,247.000,2,242.000,50,241.000,58,84.000,3,39.000,20,22.500,20,254.000,30,256.000,49,257.000,29,320.000,1,400.000,1,0,21,
105139200000,247.000,2,242.000,50,241.000,38,84.000,3,39.000,20,22.500,20,254.000,30,256.000,29,257.000,29,320.000,1,400.000,1,0,21,
105139638000,247.000,2,242.000,50,241.000,58,84.000,3,39.000,20,22.500,20,254.000,30,256.000,49,257.000,29,320.000,1,400.000,1,0,21,
105152943000,247.000,2,242.000,50,241.000,38,84.000,3,39.000,20,22.500,20,254.000,30,256.000,29,257.000,29,320.000,1,400.000,1,0,21,
105152943000,247.000,2,242.000,70,241.000,38,84.000,3,39.000,20,22.500,20,254.000,30,256.000,29,257.000,49,320.000,1,400.000,1,0,21,
105153344000,247.000,2,242.000,70,241.000,29,84.000,3,39.000,20,22.500,20,254.000,30,256.000,29,257.000,49,320.000,1,400.000,1,0,21,
105153344000,247.000,2,243.000,9,242.000,70,241.000,29,84.000,3,39.000,20,254.000,30,256.000,29,257.000,49,320.000,1,400.000,1,0,21,
105153345000,247.000,2,243.000,18,242.000,70,241.000,29,84.000,3,39.000,20,254.000,30,256.000,29,257.000,49,320.000,1,400.000,1,0,21,
105153438000,247.000,2,243.000,18,242.000,49,241.000,29,84.000,3,39.000,20,254.000,9,256.000,29,257.000,49,320.000,1,400.000,1,0,21,
105153438000,247.000,2,244.000,21,243.000,18,242.000,49,241.000,29,84.000,3,254.000,9,255.000,21,256.000,29,257.000,49,320.000,1,0,21,
105153438000,247.000,2,244.000,21,243.000,18,242.000,49,241.000,29,84.000,3,255.000,21,256.000,29,257.000,49,320.000,1,400.000,1,0,21,
105153438000,247.000,2,244.000,21,243.000,18,242.000,49,241.000,29,84.000,3,255.000,30,256.000,29,257.000,49,320.000,1,400.000,1,0,21,
105153438000,247.000,2,244.000,30,243.000,18,242.000,49,241.000,29,84.000,3,255.000,30,256.000,29,257.000,49,320.000,1,400.000,1,0,21,
105153504000,247.000,2,244.000,30,243.000,18,242.000,29,241.000,29,84.000,3,255.000,30,256.000,29,257.000,29,320.000,1,400.000,1,0,21,
105153504000,247.000,2,244.000,50,243.000,18,242.000,29,241.000,29,84.000,3,255.000,30,256.000,29,257.000,29,259.000,20,320.000,1,0,21,
105153504000,247.000,2,244.000,50,243.000,18,242.000,20,241.000,29,84.000,3,255.000,30,256.000,29,257.000,29,259.000,20,320.000,1,0,21,
105153504000,247.000,2,244.000,50,243.000,18,242.000,20,241.000,20,84.000,3,255.000,30,256.000,29,257.000,29,259.000,20,320.000,1,0,21,
105156108000,247.000,2,244.000,50,243.000,18,241.000,20,84.000,3,39.000,20,255.000,30,256.000,29,257.000,9,259.000,20,320.000,1,0,21,
105156108000,247.000,2,244.000,50,243.000,18,241.000,40,84.000,3,39.000,20,255.000,30,256.000,49,257.000,9,259.000,20,320.000,1,0,21,
105157260000,247.000,2,244.000,50,243.000,18,241.000,20,84.000,3,39.000,20,255.000,30,256.000,29,257.000,9,259.000,20,320.000,1,0,21,
105157260000,247.000,2,244.000,50,243.000,18,242.000,20,241.000,20,84.000,3,255.000,30,256.000,29,257.000,29,259.000,20,320.000,1,0,21,
105157385000,247.000,2,244.000,50,243.000,18,241.000,20,84.000,3,39.000,20,255.000,30,256.000,29,257.000,9,259.000,20,320.000,1,0,21,
105157878000,247.000,2,244.000,50,243.000,18,241.000,40,84.000,3,39.000,20,255.000,30,256.000,49,257.000,9,259.000,20,320.000,1,0,21,
105158998000,247.000,2,244.000,50,243.000,18,241.000,20,84.000,3,39.000,20,255.000,30,256.000,29,257.000,9,259.000,20,320.000,1,0,21,
105158998000,247.000,2,244.000,50,243.000,18,242.000,20,241.000,20,84.000,3,255.000,30,256.000,29,257.000,29,259.000,20,320.000,1,0,21,
105159700000,247.000,2,244.000,50,243.000,18,242.000,20,84.000,3,39.000,20,255.000,30,256.000,9,257.000,29,259.000,20,320.000,1,0,21,
105200088000,247.000,2,244.000,50,243.000,18,242.000,40,84.000,3,39.000,20,255.000,30,256.000,9,257.000,49,259.000,20,320.000,1,0,21,
105205705000,247.000,2,244.000,50,243.000,18,242.000,40,84.000,3,39.000,20,255.000,30,256.000,9,257.000,40,259.000,20,320.000,1,0,21,
105205711000,247.000,2,244.000,50,243.000,18,242.000,20,84.000,3,39.000,20,255.000,30,256.000,9,257.000,20,259.000,20,320.000,1,0,21,
105205829000,247.000,2,244.000,50,243.000,18,242.000,20,84.000,3,39.000,20,255.000,30,256.000,9,257.000,20,259.000,29,320.000,1,0,21,
105205834000,247.000,2,244.000,50,243.000,38,242.000,20,84.000,3,39.000,20,255.000,30,256.000,9,257.000,20,258.000,20,259.000,29,0,21,
105206385000,247.000,2,244.000,50,243.000,18,242.000,20,84.000,3,39.000,20,255.000,30,256.000,9,257.000,20,259.000,29,320.000,1,0,21,
105206385000,247.000,2,244.000,50,243.000,18,242.000,40,84.000,3,39.000,20,255.000,30,256.000,9,257.000,40,259.000,29,320.000,1,0,21,
105207349000,247.000,2,244.000,50,243.000,18,242.000,20,84.000,3,39.000,20,255.000,30,256.000,9,257.000,20,259.000,29,320.000,1,0,21,
105207352000,247.000,2,244.000,29,243.000,18,242.000,20,84.000,3,39.000,20,255.000,9,256.000,9,257.000,20,259.000,29,320.000,1,0,21,
105207352000,247.000,2,244.000,50,243.000,18,242.000,20,84.000,3,39.000,20,255.000,9,256.000,30,257.000,20,259.000,29,320.000,1,0,21,
105207352000,247.000,2,244.000,50,243.000,18,242.000,20,84.000,3,39.000,20,256.000,30,257.000,20,259.000,29,320.000,1,400.000,1,0,21,
105207352000,247.000,2,244.000,50,243.000,18,242.000,20,84.000,3,39.000,20,256.000,30,257.000,29,259.000,29,320.000,1,400.000,1,0,21,
105207446000,247.000,2,244.000,50,243.000,38,242.000,20,84.000,3,39.000,20,256.000,30,257.000,29,258.000,20,259.000,29,320.000,1,0,21,
105209122000,247.000,2,244.000,50,243.000,38,84.000,3,39.000,20,22.500,20,256.000,30,257.000,9,258.000,20,259.000,29,320.000,1,0,21,
105209122000,247.000,2,244.000,50,243.000,58,84.000,3,39.000,20,22.500,20,256.000,30,257.000,9,258.000,40,259.000,29,320.000,1,0,21,
105209618000,247.000,2,244.000,50,243.000,38,84.000,3,39.000,20,22.500,20,256.000,30,257.000,9,258.000,20,259.000,29,320.000,1,0,21,
105209628000,247.000,2,244.000,50,243.000,38,242.000,20,84.000,3,39.000,20,256.000,30,257.000,29,258.000,20,259.000,29,320.000,1,0,21,
105210485000,247.000,2,244.000,50,243.000,38,84.000,3,39.000,20,22.500,20,256.000,30,257.000,9,258.000,20,259.000,29,320.000,1,0,21,
105210485000,247.000,2,244.000,50,243.000,58,84.000,3,39.000,20,22.500,20,256.000,30,257.000,9,258.000,40,259.000,29,320.000,1,0,21,
105215381000,247.000,2,244.000,29,243.000,58,84.000,3,39.000,20,22.500,20,256.000,9,257.000,9,258.000,40,259.000,29,320.000,1,0,21,
105215381000,247.000,2,244.000,50,243.000,58,84.000,3,39.000,20,22.500,20,256.000,9,257.000,30,258.000,40,259.000,29,320.000,1,0,21,
105215382000,247.000,2,244.000,50,243.000,58,84.000,3,39.000,20,22.500,20,257.000,30,258.000,40,259.000,29,320.000,1,400.000,1,0,21,
105216382000,247.000,2,244.000,29,243.000,58,84.000,3,39.000,20,22.500,20,257.000,9,258.000,40,259.000,29,320.000,1,400.000,1,0,21,
105216382000,247.000,2,244.000,50,243.000,58,84.000,3,39.000,20,22.500,20,256.000,21,257.000,9,258.000,40,259.000,29,320.000,1,0,21,
105216382000,247.000,2,244.000,50,243.000,58,84.000,3,39.000,20,22.500,20,256.000,21,257.000,9,258.000,49,259.000,29,320.000,1,0,21,
105216382000,247.000,2,244.000,50,243.000,58,84.000,3,39.000,20,22.500,20,256.000,30,257.000,9,258.000,49,259.000,29,320.000,1,0,21,
105216382000,247.000,2,244.000,50,243.000,58,84.000,3,39.000,20,22.500,20,256.000,30,258.000,49,259.000,29,320.000,1,400.000,1,0,21,
105216452000,247.000,2,244.000,29,243.000,58,84.000,3,39.000,20,22.500,20,256.000,9,258.000,49,259.000,29,320.000,1,400.000,1,0,21,
105216452000,247.000,2,244.000,50,243.000,58,84.000,3,39.000,20,22.500,20,256.000,9,257.000,21,258.000,49,259.000,29,320.000,1,0,21,
105216452000,247.000,2,244.000,50,243.000,58,84.000,3,39.000,20,22.500,20,257.000,21,258.000,49,259.000,29,320.000,1,400.000,1,0,21,
105216452000,247.000,2,244.000,50,243.000,58,84.000,3,39.000,20,22.500,20,257.000,30,258.000,49,259.000,29,320.000,1,400.000,1,0,21,
105220482000,247.000,2,244.000,50,243.000,38,84.000,3,39.000,20,22.500,20,257.000,30,258.000,29,259.000,29,320.000,1,400.000,1,0,21,
105221110000,247.000,2,244.000,50,243.000,58,84.000,3,39.000,20,22.500,20,257.000,30,258.000,49,259.000,29,320.000,1,400.000,1,0,21,
105221156000,247.000,2,244.000,50,243.000,38,84.000,3,39.000,20,22.500,20,257.000,30,258.000,29,259.000,29,320.000,1,400.000,1,0,21,
105221166000,247.000,2,244.000,50,243.000,18,84.000,3,39.000,20,22.500,20,257.000,30,258.000,9,259.000,29,320.000,1,400.000,1,0,21,
105221166000,247.000,2,244.000,70,243.000,18,84.000,3,39.000,20,22.500,20,257.000,30,258.000,9,259.000,49,320.000,1,400.000,1,0,21,
105221774000,247.000,2,244.000,50,243.000,18,84.000,3,39.000,20,22.500,20,257.000,30,258.000,9,259.000,29,320.000,1,400.000,1,0,21,
105221774000,247.000,2,244.000,50,243.000,38,84.000,3,39.000,20,22.500,20,257.000,30,258.000,29,259.000,29,320.000,1,400.000,1,0,21,
105222128000,247.000,2,244.000,50,243.000,58,84.000,3,39.000,20,22.500,20,257.000,30,258.000,49,259.000,29,320.000,1,400.000,1,0,21,
105222505000,247.000,2,244.000,50,243.000,38,84.000,3,39.000,20,22.500,20,257.000,30,258.000,29,259.000,29,320.000,1,400.000,1,0,21,
105222505000,247.000,2,244.000,70,243.000,38,84.000,3,39.000,20,22.500,20,257.000,30,258.000,29,259.000,49,320.000,1,400.000,1,0,21,
105222763000,247.000,2,244.000,50,243.000,38,84.000,3,39.000,20,22.500,20,257.000,30,258.000,29,259.000,29,320.000,1,400.000,1,0,21,
105223123000,247.000,2,244.000,70,243.000,38,84.000,3,39.000,20,22.500,20,257.000,30,258.000,29,259.000,49,320.000,1,400.000,1,0,21,
105223498000,247.000,2,244.000,50,243.000,38,84.000,3,39.000,20,22.500,20,257.000,30,258.000,29,259.000,29,320.000,1,400.000,1,0,21,
105223623000,247.000,2,244.000,70,243.000,38,84.000,3,39.000,20,22.500,20,257.000,30,258.000,29,259.000,49,320.000,1,400.000,1,0,21,
105224246000,247.000,2,244.000,50,243.000,38,84.000,3,39.000,20,22.500,20,257.000,30,258.000,29,259.000,29,320.000,1,400.000,1,0,21,
105224246000,247.000,2,244.000,50,243.000,58,84.000,3,39.000,20,22.500,20,257.000,30,258.000,49,259.000,29,320.000,1,400.000,1,0,21,
105225235000,247.000,2,244.000,50,243.000,38,84.000,3,39.000,20,22.500,20,257.000,30,258.000,29,259.000,29,320.000,1,400.000,1,0,21,
105225235000,247.000,2,244.000,70,243.000,38,84.000,3,39.000,20,22.500,20,257.000,30,258.000,29,259.000,49,320.000,1,400.000,1,0,21,
105225360000,247.000,2,244.000,50,243.000,38,84.000,3,39.000,20,22.500,20,257.000,30,258.000,29,259.000,29,320.000,1,400.000,1,0,21,
105225846000,247.000,2,244.000,50,243.000,58,84.000,3,39.000,20,22.500,20,257.000,30,258.000,49,259.000,29,320.000,1,400.000,1,0,21,
105226631000,247.000,2,244.000,50,243.000,38,84.000,3,39.000,20,22.500,20,257.000,30,258.000,29,259.000,29,320.000,1,400.000,1,0,21,
105226660000,247.000,2,244.000,50,243.000,38,242.000,20,84.000,3,39.000,20,257.000,50,258.000,29,259.000,29,320.000,1,400.000,1,0,21,
105229975000,247.000,2,244.000,50,243.000,38,84.000,3,39.000,20,22.500,20,257.000,30,258.000,29,259.000,29,320.000,1,400.000,1,0,21,
105229975000,247.000,2,244.000,50,243.000,58,84.000,3,39.000,20,22.500,20,257.000,30,258.000,49,259.000,29,320.000,1,400.000,1,0,21,
105235716000,247.000,2,244.000,50,243.000,49,84.000,3,39.000,20,22.500,20,257.000,30,258.000,49,259.000,29,320.000,1,400.000,1,0,21,
105235716000,247.000,2,245.000,9,244.000,50,243.000,49,84.000,3,39.000,20,257.000,30,258.000,49,259.000,29,320.000,1,400.000,1,0,21,
105235717000,247.000,2,245.000,18,244.000,50,243.000,49,84.000,3,39.000,20,257.000,30,258.000,49,259.000,29,320.000,1,400.000,1,0,21,
105236004000,247.000,2,245.000,18,244.000,50,243.000,40,84.000,3,39.000,20,257.000,30,258.000,49,259.000,29,320.000,1,400.000,1,0,21,
105236380000,247.000,2,245.000,18,244.000,29,243.000,40,84.000,3,39.000,20,257.000,9,258.000,49,259.000,29,320.000,1,400.000,1,0,21,
105236380000,247.000,2,246.000,21,245.000,18,244.000,29,243.000,40,84.000,3,257.000,30,258.000,49,259.000,29,320.000,1,400.000,1,0,21,
105236381000,247.000,2,246.000,21,245.000,18,244.000,29,243.000,40,84.000,3,257.000,21,258.000,49,259.000,29,320.000,1,400.000,1,0,21,
105236381000,247.000,2,246.000,30,245.000,18,244.000,29,243.000,40,84.000,3,257.000,21,258.000,49,259.000,29,320.000,1,400.000,1,0,21,
105236381000,247.000,2,246.000,30,245.000,18,244.000,29,243.000,40,84.000,3,257.000,30,258.000,49,259.000,29,320.000,1,400.000,1,0,21,
105236505000,247.000,2,246.000,30,245.000,18,244.000,9,243.000,40,84.000,3,257.000,30,258.000,49,259.000,9,320.000,1,400.000,1,0,21,
105236505000,247.000,2,246.000,50,245.000,18,244.000,9,243.000,40,84.000,3,257.000,30,258.000,49,259.000,9,261.000,20,320.000,1,0,21,
105236505000,247.000,2,246.000,50,245.000,18,243.000,40,84.000,3,39.000,20,257.000,30,258.000,49,259.000,9,261.000,20,320.000,1,0,21,
105238755000,247.000,2,246.000,50,245.000,18,243.000,20,84.000,3,39.000,20,257.000,30,258.000,29,259.000,9,261.000,20,320.000,1,0,21,
105238755000,247.000,2,246.000,50,245.000,18,243.000,20,242.000,20,84.000,3,257.000,50,258.000,29,259.000,9,261.000,20,320.000,1,0,21,
105239000000,247.000,2,246.000,50,245.000,18,242.000,20,84.000,3,39.000,20,257.000,50,258.000,9,259.000,9,261.000,20,320.000,1,0,21,
105239369000,247.000,2,246.000,50,245.000,18,84.000,3,39.000,20,22.500,20,257.000,30,258.000,9,259.000,9,261.000,20,320.000,1,0,21,
105239369000,247.000,2,246.000,50,245.000,18,243.000,20,84.000,3,39.000,20,257.000,30,258.000,29,259.000,9,261.000,20,320.000,1,0,21,
105239387000,247.000,2,246.000,50,245.000,18,243.000,40,84.000,3,39.000,20,257.000,30,258.000,49,259.000,9,261.000,20,320.000,1,0,21,
105241851000,247.000,2,246.000,50,245.000,18,243.000,20,84.000,3,39.000,20,257.000,30,258.000,29,259.000,9,261.000,20,320.000,1,0,21,
105241851000,247.000,2,246.000,50,245.000,18,243.000,20,242.000,20,84.000,3,257.000,50,258.000,29,259.000,9,261.000,20,320.000,1,0,21,
105242294000,247.000,2,246.000,50,245.000,18,243.000,20,84.000,3,39.000,20,257.000,30,258.000,29,259.000,9,261.000,20,320.000,1,0,21,
105242419000,247.000,2,246.000,50,245.000,18,243.000,20,242.000,20,84.000,3,257.000,50,258.000,29,259.000,9,261.000,20,320.000,1,0,21,
105242541000,247.000,2,246.000,50,245.000,18,243.000,20,84.000,3,39.000,20,257.000,30,258.000,29,259.000,9,261.000,20,320.000,1,0,21,
105243033000,247.000,2,246.000,50,245.000,18,243.000,20,242.000,20,84.000,3,257.000,50,258.000,29,259.000,9,261.000,20,320.000,1,0,21,
105243301000,247.000,2,246.000,50,245.000,18,242.000,20,84.000,3,39.000,20,257.000,50,258.000,9,259.000,9,261.000,20,320.000,1,0,21,
105243408000,247.000,2,246.000,50,245.000,18,84.000,3,39.000,20,22.500,20,257.000,30,258.000,9,259.000,9,261.000,20,320.000,1,0,21,
105243517000,247.000,2,246.000,50,245.000,38,84.000,3,39.000,20,22.500,20,257.000,30,258.000,9,259.000,9,260.000,20,261.000,20,0,21,
105243657000,247.000,2,246.000,50,245.000,38,243.000,20,84.000,3,39.000,20,257.000,30,258.000,29,259.000,9,260.000,20,261.000,20,0,21,
105243782000,247.000,2,246.000,50,245.000,38,84.000,3,39.000,20,22.500,20,257.000,30,258.000,9,259.000,9,260.000,20,261.000,20,0,21,
105244276000,247.000,2,246.000,50,245.000,38,242.000,20,84.000,3,39.000,20,257.000,50,258.000,9,259.000,9,260.000,20,261.000,20,0,21,
105246215000,247.000,2,246.000,50,245.000,18,242.000,20,84.000,3,39.000,20,257.000,50,258.000,9,259.000,9,261.000,20,320.000,1,0,21,
105246576000,247.000,2,246.000,50,245.000,18,244.000,20,242.000,20,84.000,3,257.000,50,258.000,9,259.000,29,261.000,20,320.000,1,0,21,
105248986000,247.000,2,246.000,50,245.000,18,244.000,20,84.000,3,39.000,20,257.000,30,258.000,9,259.000,29,261.000,20,320.000,1,0,21,
105248987000,247.000,2,246.000,50,245.000,18,244.000,20,243.000,20,84.000,3,257.000,30,258.000,29,259.000,29,261.000,20,320.000,1,0,21,
105251000000,247.000,2,246.000,50,245.000,18,244.000,20,84.000,3,39.000,20,257.000,30,258.000,9,259.000,29,261.000,20,320.000,1,0,21,
105251000000,247.000,2,246.000,50,245.000,18,244.000,20,242.000,20,84.000,3,257.000,50,258.000,9,259.000,29,261.000,20,320.000,1,0,21,
105252478000,247.000,2,246.000,50,245.000,18,242.000,20,84.000,3,39.000,20,257.000,50,258.000,9,259.000,9,261.000,20,320.000,1,0,21,
105253724000,247.000,2,246.000,50,245.000,18,244.000,20,242.000,20,84.000,3,257.000,50,258.000,9,259.000,29,261.000,20,320.000,1,0,21,
105255141000,247.000,2,246.000,50,245.000,18,244.000,20,84.000,3,39.000,20,257.000,30,258.000,9,259.000,29,261.000,20,320.000,1,0,21,
105255141000,247.000,2,246.000,50,245.000,18,244.000,20,241.000,20,84.000,3,256.000,20,257.000,30,258.000,9,259.000,29,261.000,20,0,21,
105255142000,247.000,2,246.000,50,245.000,18,244.000,20,241.000,20,84.000,3,256.000,29,257.000,30,258.000,9,259.000,29,261.000,20,0,21,
105255175000,247.000,2,246.000,30,245.000,18,244.000,20,241.000,20,84.000,3,256.000,29,257.000,30,258.000,9,259.000,29,320.000,1,0,21,
105255405000,247.000,2,246.000,9,245.000,18,244.000,20,241.000,20,84.000,3,256.000,29,257.000,9,258.000,9,259.000,29,320.000,1,0,21,
105255405000,247.000,2,246.000,30,245.000,18,244.000,20,241.000,20,84.000,3,255.000,21,256.000,29,257.000,9,258.000,9,259.000,29,0,21,
105255405000,247.000,2,246.000,21,245.000,18,244.000,20,241.000,20,84.000,3,255.000,21,256.000,29,257.000,9,258.000,9,259.000,29,0,21,
105255405000,247.000,2,246.000,21,245.000,18,244.000,20,241.000,20,84.000,3,255.000,30,256.000,29,257.000,9,258.000,9,259.000,29,0,21,
105255406000,247.000,2,246.000,30,245.000,18,244.000,20,241.000,20,84.000,3,255.000,30,256.000,29,257.000,9,258.000,9,259.000,29,0,21,
105255505000,247.000,2,246.000,30,245.000,18,244.000,40,241.000,20,84.000,3,255.000,30,256.000,29,257.000,9,258.000,9,259.000,49,0,21,
105255505000,247.000,2,246.000,30,245.000,18,244.000,40,241.000,20,84.000,3,255.000,30,256.000,29,257.000,9,259.000,49,320.000,1,0,21,
105255505000,247.000,2,246.000,30,245.000,18,244.000,40,241.000,20,84.000,3,255.000,30,256.000,29,259.000,49,320.000,1,400.000,1,0,21,
105255635000,247.000,2,246.000,30,245.000,9,244.000,40,241.000,20,84.000,3,255.000,30,256.000,29,259.000,49,320.000,1,400.000,1,0,21,
105255636000,247.000,2,246.000,30,245.000,9,244.000,40,84.000,3,39.000,20,255.000,30,256.000,9,259.000,49,320.000,1,400.000,1,0,21,
105255641000,247.000,2,246.000,30,245.000,9,244.000,40,240.000,20,84.000,3,255.000,50,256.000,9,259.000,49,320.000,1,400.000,1,0,21,
105255730000,247.000,2,246.000,30,245.000,9,244.000,20,240.000,20,84.000,3,255.000,50,256.000,9,259.000,29,320.000,1,400.000,1,0,21,
105255755000,247.000,2,246.000,30,245.000,9,244.000,20,243.000,9,240.000,20,255.000,50,256.000,9,259.000,29,320.000,1,400.000,1,0,21,
105257381000,247.000,2,246.000,30,245.000,9,243.000,9,240.000,20,84.000,3,255.000,50,256.000,9,259.000,9,320.000,1,400.000,1,0,21,
105257382000,247.000,2,246.000,30,245.000,9,243.000,9,240.000,20,84.000,3,255.000,50,256.000,9,320.000,1,400.000,1,450.000,1,0,21,
105257382000,247.000,2,246.000,30,245.000,9,243.000,9,240.000,20,84.000,3,255.000,50,256.000,9,257.000,9,320.000,1,400.000,1,0,21,
105257477000,247.000,2,246.000,30,245.000,9,243.000,9,84.000,3,39.000,20,255.000,30,256.000,9,257.000,9,320.000,1,400.000,1,0,21,
105257477000,247.000,2,246.000,30,245.000,9,243.000,9,239.000,20,84.000,3,254.000,20,255.000,30,256.000,9,257.000,9,320.000,1,0,21,
105257505000,247.000,2,246.000,30,245.000,9,243.000,9,242.000,20,239.000,20,254.000,20,255.000,30,256.000,9,257.000,29,320.000,1,0,21,
105257605000,247.000,2,246.000,9,245.000,9,243.000,9,242.000,20,239.000,20,254.000,20,255.000,9,256.000,9,257.000,29,320.000,1,0,21,
105257605000,247.000,2,246.000,9,245.000,30,243.000,9,242.000,20,239.000,20,253.000,21,254.000,20,255.000,9,256.000,9,257.000,29,0,21,
105257605000,247.000,2,246.000,9,245.000,30,243.000,18,242.000,20,239.000,20,253.000,21,254.000,20,255.000,9,256.000,9,257.000,29,0,21,
105257605000,247.000,2,246.000,9,245.000,30,243.000,18,242.000,20,239.000,20,253.000,21,254.000,29,255.000,9,256.000,9,257.000,29,0,21,
105257605000,247.000,2,246.000,9,245.000,30,243.000,18,242.000,20,239.000,20,253.000,30,254.000,29,255.000,9,256.000,9,257.000,29,0,21,
105257605000,247.000,2,245.000,30,243.000,18,242.000,20,239.000,20,84.000,3,253.000,30,254.000,29,255.000,9,256.000,9,257.000,29,0,21,
105257849000,247.000,2,245.000,30,243.000,18,242.000,20,84.000,3,39.000,20,253.000,30,254.000,9,255.000,9,256.000,9,257.000,29,0,21,
105258005000,247.000,2,245.000,30,243.000,18,242.000,20,84.000,3,39.000,20,253.000,30,254.000,9,255.000,9,257.000,29,320.000,1,0,21,
105258005000,247.000,2,245.000,30,243.000,18,242.000,20,84.000,3,39.000,20,253.000,30,254.000,9,257.000,29,320.000,1,400.000,1,0,21,
105258089000,247.000,2,245.000,30,243.000,18,242.000,20,240.000,20,84.000,3,253.000,30,254.000,9,255.000,20,257.000,29,320.000,1,0,21,
105258783000,247.000,2,245.000,30,243.000,38,242.000,20,240.000,20,84.000,3,253.000,30,254.000,9,255.000,20,257.000,29,258.000,20,0,21,
105258874000,247.000,2,245.000,9,243.000,38,242.000,20,240.000,20,84.000,3,253.000,9,254.000,9,255.000,20,257.000,29,258.000,20,0,21,
105258874000,247.000,2,246.000,21,245.000,9,243.000,38,242.000,20,240.000,20,253.000,9,254.000,30,255.000,20,257.000,29,258.000,20,0,21,
105258875000,247.000,2,246.000,21,245.000,9,243.000,38,242.000,20,240.000,20,254.000,30,255.000,20,257.000,29,258.000,20,320.000,1,0,21,
105258875000,247.000,2,246.000,30,245.000,9,243.000,38,242.000,20,240.000,20,254.000,30,255.000,20,257.000,29,258.000,20,320.000,1,0,21,
105258875000,247.000,2,246.000,30,245.000,9,243.000,38,242.000,20,240.000,20,254.000,30,255.000,29,257.000,29,258.000,20,320.000,1,0,21,
105258875000,247.000,2,246.000,30,243.000,38,242.000,20,240.000,20,84.000,3,254.000,30,255.000,29,257.000,29,258.000,20,320.000,1,0,21,
105258948000,247.000,2,246.000,30,243.000,38,242.000,20,84.000,3,39.000,20,254.000,30,255.000,9,257.000,29,258.000,20,320.000,1,0,21,
105258948000,247.000,2,246.000,30,243.000,38,242.000,20,241.000,20,84.000,3,254.000,30,255.000,9,256.000,20,257.000,29,258.000,20,0,21,
105259927000,247.000,2,246.000,30,243.000,38,242.000,20,84.000,3,39.000,20,254.000,30,255.000,9,257.000,29,258.000,20,320.000,1,0,21,
105259927000,247.000,2,246.000,30,243.000,38,242.000,20,240.000,20,84.000,3,254.000,30,255.000,29,257.000,29,258.000,20,320.000,1,0,21,
105300544000,247.000,2,246.000,30,243.000,38,242.000,20,84.000,3,39.000,20,254.000,30,255.000,9,257.000,29,258.000,20,320.000,1,0,21,
105300544000,247.000,2,246.000,30,243.000,38,242.000,20,241.000,20,84.000,3,254.000,30,255.000,9,256.000,20,257.000,29,258.000,20,0,21,
105300669000,247.000,2,246.000,30,243.000,38,242.000,20,84.000,3,39.000,20,254.000,30,255.000,9,257.000,29,258.000,20,320.000,1,0,21,
105301163000,247.000,2,246.000,30,243.000,38,242.000,20,241.000,20,84.000,3,254.000,30,255.000,9,256.000,20,257.000,29,258.000,20,0,21,
105301415000,247.000,2,246.000,30,243.000,38,242.000,20,84.000,3,39.000,20,254.000,30,255.000,9,257.000,29,258.000,20,320.000,1,0,21,
105301789000,247.000,2,246.000,30,243.000,38,242.000,20,241.000,20,84.000,3,254.000,30,255.000,9,256.000,20,257.000,29,258.000,20,0,21,
105301990000,247.000,2,246.000,30,243.000,38,242.000,20,84.000,3,39.000,20,254.000,30,255.000,9,257.000,29,258.000,20,320.000,1,0,21,
105302366000,247.000,2,246.000,30,243.000,38,242.000,20,241.000,20,84.000,3,254.000,30,255.000,9,256.000,20,257.000,29,258.000,20,0,21,
105302490000,247.000,2,246.000,30,243.000,38,242.000,20,84.000,3,39.000,20,254.000,30,255.000,9,257.000,29,258.000,20,320.000,1,0,21,
105302704000,247.000,2,246.000,30,243.000,18,242.000,20,84.000,3,39.000,20,254.000,30,255.000,9,257.000,29,320.000,1,400.000,1,0,21,
105302845000,247.000,2,246.000,30,243.000,38,242.000,20,84.000,3,39.000,20,254.000,30,255.000,9,257.000,29,258.000,20,320.000,1,0,21,
105302975000,247.000,2,246.000,30,243.000,38,242.000,20,241.000,20,84.000,3,254.000,30,255.000,9,256.000,20,257.000,29,258.000,20,0,21,
105303522000,247.000,2,246.000,30,243.000,38,241.000,20,84.000,3,39.000,20,254.000,30,255.000,9,256.000,20,257.000,9,258.000,20,0,21,
105303661000,247.000,2,246.000,30,243.000,18,241.000,20,84.000,3,39.000,20,254.000,30,255.000,9,256.000,20,257.000,9,320.000,1,0,21,
105303718000,247.000,2,246.000,30,243.000,18,84.000,3,39.000,20,22.500,20,254.000,30,255.000,9,257.000,9,320.000,1,400.000,1,0,21,
105303718000,247.000,2,246.000,30,243.000,18,242.000,20,84.000,3,39.000,20,254.000,30,255.000,9,257.000,29,320.000,1,400.000,1,0,21,
105303968000,247.000,2,246.000,30,243.000,18,84.000,3,39.000,20,22.500,20,254.000,30,255.000,9,257.000,9,320.000,1,400.000,1,0,21,
105303980000,247.000,2,246.000,30,244.000,20,243.000,18,84.000,3,39.000,20,254.000,30,255.000,9,257.000,9,259.000,20,320.000,1,0,21,
105304218000,247.000,2,246.000,30,244.000,20,243.000,18,241.000,20,84.000,3,254.000,30,255.000,9,256.000,20,257.000,9,259.000,20,0,21,
105304859000,247.000,2,246.000,30,244.000,20,243.000,38,241.000,20,84.000,3,254.000,30,255.000,9,256.000,20,257.000,9,258.000,20,0,21,
105310058000,247.000,2,246.000,9,244.000,20,243.000,38,241.000,20,84.000,3,254.000,9,255.000,9,256.000,20,257.000,9,258.000,20,0,21,
105310058000,247.000,2,246.000,30,244.000,20,243.000,38,241.000,20,84.000,3,254.000,9,255.000,30,256.000,20,257.000,9,258.000,20,0,21,
105310058000,247.000,2,246.000,30,244.000,20,243.000,38,241.000,20,84.000,3,255.000,30,256.000,20,257.000,9,258.000,20,259.000,20,0,21,
105310175000,247.000,2,246.000,30,244.000,20,243.000,38,84.000,3,39.000,20,255.000,30,257.000,9,258.000,20,259.000,20,320.000,1,0,21,
105310175000,247.000,2,246.000,30,244.000,20,243.000,38,242.000,20,84.000,3,255.000,30,257.000,29,258.000,20,259.000,20,320.000,1,0,21,
105311422000,247.000,2,246.000,30,244.000,20,243.000,38,84.000,3,39.000,20,255.000,30,257.000,9,258.000,20,259.000,20,320.000,1,0,21,
105311422000,247.000,2,246.000,30,244.000,20,243.000,38,241.000,20,84.000,3,255.000,30,256.000,20,257.000,9,258.000,20,259.000,20,0,21,
105311922000,247.000,2,246.000,30,244.000,20,243.000,38,84.000,3,39.000,20,255.000,30,257.000,9,258.000,20,259.000,20,320.000,1,0,21,
105311922000,247.000,2,246.000,30,244.000,20,243.000,38,242.000,20,84.000,3,255.000,30,257.000,29,258.000,20,259.000,20,320.000,1,0,21,
105312127000,247.000,2,246.000,30,244.000,20,243.000,38,84.000,3,39.000,20,255.000,30,257.000,9,258.000,20,259.000,20,320.000,1,0,21,
105312502000,247.000,2,246.000,30,244.000,20,243.000,38,241.000,20,84.000,3,255.000,30,256.000,20,257.000,9,258.000,20,259.000,20,0,21,
105315249000,247.000,2,246.000,30,244.000,20,243.000,38,84.000,3,39.000,20,255.000,30,257.000,9,258.000,20,259.000,20,320.000,1,0,21,
105315249000,247.000,2,246.000,30,244.000,20,243.000,38,240.000,20,84.000,3,255.000,50,257.000,9,258.000,20,259.000,20,320.000,1,0,21,
105315626000,247.000,2,246.000,30,244.000,20,243.000,38,84.000,3,39.000,20,255.000,30,257.000,9,258.000,20,259.000,20,320.000,1,0,21,
105315865000,247.000,2,246.000,30,244.000,20,243.000,38,241.000,20,84.000,3,255.000,30,256.000,20,257.000,9,258.000,20,259.000,20,0,21,
105318628000,247.000,2,246.000,30,244.000,20,243.000,38,84.000,3,39.000,20,255.000,30,257.000,9,258.000,20,259.000,20,320.000,1,0,21,
105318628000,247.000,2,246.000,30,244.000,20,243.000,38,240.000,20,84.000,3,255.000,50,257.000,9,258.000,20,259.000,20,320.000,1,0,21,
105319720000,247.000,2,246.000,9,244.000,20,243.000,38,240.000,20,84.000,3,255.000,29,257.000,9,258.000,20,259.000,20,320.000,1,0,21,
105319720000,247.000,2,246.000,30,244.000,20,243.000,38,240.000,20,84.000,3,254.000,21,255.000,29,257.000,9,258.000,20,259.000,20,0,21,
105319720000,247.000,2,246.000,21,244.000,20,243.000,38,240.000,20,84.000,3,254.000,21,255.000,29,257.000,9,258.000,20,259.000,20,0,21,
105319720000,247.000,2,246.000,21,244.000,29,243.000,38,240.000,20,84.000,3,254.000,21,255.000,29,257.000,9,258.000,20,259.000,20,0,21,
105319720000,247.000,2,246.000,21,244.000,29,243.000,38,240.000,20,84.000,3,254.000,30,255.000,29,257.000,9,258.000,20,259.000,20,0,21,
105319720000,247.000,2,246.000,30,244.000,29,243.000,38,240.000,20,84.000,3,254.000,30,255.000,29,257.000,9,258.000,20,259.000,20,0,21,
105320005000,247.000,2,246.000,30,244.000,29,243.000,29,240.000,20,84.000,3,254.000,30,255.000,29,257.000,9,258.000,20,259.000,20,0,21,
105322019000,247.000,2,246.000,30,244.000,29,243.000,9,240.000,20,84.000,3,254.000,30,255.000,29,257.000,9,259.000,20,320.000,1,0,21,
105322289000,247.000,2,246.000,30,244.000,29,243.000,29,240.000,20,84.000,3,254.000,30,255.000,29,257.000,9,258.000,20,259.000,20,0,21,
105322848000,247.000,2,246.000,30,244.000,9,243.000,29,240.000,20,84.000,3,254.000,30,255.000,29,257.000,9,258.000,20,320.000,1,0,21,
105322987000,247.000,2,246.000,30,244.000,9,243.000,29,241.000,20,240.000,20,254.000,30,255.000,29,256.000,20,257.000,9,258.000,20,0,21,
105326397000,247.000,2,246.000,9,244.000,9,243.000,29,241.000,20,240.000,20,254.000,9,255.000,29,256.000,20,257.000,9,258.000,20,0,21,
105326397000,247.000,2,246.000,9,245.000,21,244.000,9,243.000,29,241.000,20,254.000,30,255.000,29,256.000,20,257.000,9,258.000,20,0,21,
105326397000,247.000,2,246.000,9,245.000,30,244.000,9,243.000,29,241.000,20,254.000,30,255.000,29,256.000,20,257.000,9,258.000,20,0,21,
105326397000,247.000,2,245.000,30,244.000,9,243.000,29,241.000,20,240.000,20,254.000,30,255.000,29,256.000,20,257.000,9,258.000,20,0,21,
105326874000,247.000,2,245.000,30,244.000,9,243.000,9,241.000,20,240.000,20,254.000,30,255.000,29,256.000,20,257.000,9,320.000,1,0,21,
105327360000,247.000,2,245.000,30,244.000,9,243.000,9,242.000,20,241.000,20,254.000,30,255.000,29,256.000,20,257.000,29,320.000,1,0,21,
105328765000,247.000,2,245.000,30,244.000,9,243.000,9,242.000,20,241.000,20,254.000,30,255.000,9,256.000,20,257.000,29,320.000,1,0,21,
105328765000,247.000,2,245.000,30,244.000,9,243.000,9,242.000,20,241.000,40,254.000,30,255.000,9,256.000,40,257.000,29,320.000,1,0,21,
105329140000,247.000,2,245.000,30,244.000,9,243.000,9,242.000,20,241.000,20,254.000,30,255.000,9,256.000,20,257.000,29,320.000,1,0,21,
105329265000,247.000,2,245.000,30,244.000,9,243.000,9,242.000,20,241.000,20,254.000,30,255.000,29,256.000,20,257.000,29,320.000,1,0,21,
105329302000,247.000,2,245.000,30,244.000,9,243.000,9,241.000,20,240.000,20,254.000,30,255.000,29,256.000,20,257.000,9,320.000,1,0,21,
105329303000,247.000,2,245.000,30,244.000,9,243.000,9,241.000,20,84.000,3,254.000,30,255.000,9,256.000,20,257.000,9,320.000,1,0,21,
105329409000,247.000,2,245.000,30,244.000,9,243.000,29,241.000,20,84.000,3,254.000,30,255.000,9,256.000,20,257.000,9,258.000,20,0,21,
105329804000,247.000,2,245.000,30,244.000,9,243.000,29,241.000,40,84.000,3,254.000,30,255.000,9,256.000,40,257.000,9,258.000,20,0,21,
105331349000,247.000,2,245.000,9,244.000,9,243.000,29,241.000,40,84.000,3,254.000,9,255.000,9,256.000,40,257.000,9,258.000,20,0,21,
105331349000,247.000,2,245.000,30,244.000,9,243.000,29,241.000,40,84.000,3,254.000,9,255.000,30,256.000,40,257.000,9,258.000,20,0,21,
105331350000,247.000,2,245.000,30,244.000,9,243.000,29,241.000,20,84.000,3,254.000,9,255.000,30,256.000,20,257.000,9,258.000,20,0,21,
105331350000,247.000,2,245.000,30,244.000,9,243.000,29,242.000,20,241.000,20,254.000,9,255.000,30,256.000,20,257.000,29,258.000,20,0,21,
105331350000,247.000,2,245.000,30,244.000,9,243.000,29,242.000,20,241.000,20,255.000,30,256.000,20,257.000,29,258.000,20,320.000,1,0,21,
105331481000,247.000,2,245.000,30,244.000,9,243.000,29,241.000,20,84.000,3,255.000,30,256.000,20,257.000,9,258.000,20,320.000,1,0,21,
105331855000,247.000,2,245.000,30,244.000,9,243.000,29,241.000,40,84.000,3,255.000,30,256.000,40,257.000,9,258.000,20,320.000,1,0,21,
105332162000,247.000,2,245.000,30,244.000,9,243.000,9,241.000,40,84.000,3,255.000,30,256.000,40,257.000,9,320.000,1,400.000,1,0,21,
105332223000,247.000,2,245.000,30,244.000,9,243.000,9,241.000,20,84.000,3,255.000,30,256.000,20,257.000,9,320.000,1,400.000,1,0,21,
105332473000,247.000,2,245.000,30,244.000,9,243.000,9,242.000,20,241.000,20,255.000,30,256.000,20,257.000,29,320.000,1,400.000,1,0,21,
105332598000,247.000,2,245.000,30,244.000,9,243.000,9,241.000,20,84.000,3,255.000,30,256.000,20,257.000,9,320.000,1,400.000,1,0,21,
105333003000,247.000,2,245.000,30,244.000,9,243.000,9,241.000,40,84.000,3,255.000,30,256.000,40,257.000,9,320.000,1,400.000,1,0,21,
105333446000,247.000,2,245.000,30,244.000,9,243.000,29,241.000,40,84.000,3,255.000,30,256.000,40,257.000,9,258.000,20,320.000,1,0,21,
105333608000,247.000,2,245.000,30,244.000,9,243.000,29,241.000,20,84.000,3,255.000,30,256.000,20,257.000,9,258.000,20,320.000,1,0,21,
105333608000,247.000,2,245.000,30,244.000,9,243.000,29,242.000,20,241.000,20,255.000,30,256.000,20,257.000,29,258.000,20,320.000,1,0,21,
105334484000,247.000,2,245.000,30,244.000,9,243.000,29,241.000,20,84.000,3,255.000,30,256.000,20,257.000,9,258.000,20,320.000,1,0,21,
105334484000,247.000,2,245.000,30,244.000,9,243.000,29,241.000,40,84.000,3,255.000,30,256.000,40,257.000,9,258.000,20,320.000,1,0,21,
105336873000,247.000,2,245.000,30,244.000,9,243.000,29,241.000,40,84.000,3,255.000,30,256.000,40,258.000,20,320.000,1,400.000,1,0,21,
105336972000,247.000,2,245.000,30,244.000,9,243.000,29,241.000,20,84.000,3,255.000,30,256.000,20,258.000,20,320.000,1,400.000,1,0,21,
105336972000,247.000,2,245.000,30,244.000,9,243.000,29,242.000,20,241.000,20,255.000,30,256.000,20,257.000,20,258.000,20,320.000,1,0,21,
105336994000,247.000,2,245.000,30,244.000,9,243.000,29,242.000,20,241.000,20,255.000,30,256.000,20,257.000,20,258.000,20,259.000,9,0,21,
105337099000,247.000,2,245.000,30,244.000,9,243.000,29,242.000,20,84.000,3,255.000,30,257.000,20,258.000,20,259.000,9,320.000,1,0,21,
105337101000,247.000,2,245.000,9,244.000,9,243.000,29,242.000,20,84.000,3,255.000,9,257.000,20,258.000,20,259.000,9,320.000,1,0,21,
105337101000,247.000,2,245.000,30,244.000,9,243.000,29,242.000,20,84.000,3,255.000,9,256.000,21,257.000,20,258.000,20,259.000,9,0,21,
105337101000,247.000,2,245.000,30,244.000,9,243.000,29,242.000,20,84.000,3,255.000,9,256.000,21,257.000,29,258.000,20,259.000,9,0,21,
105337101000,247.000,2,245.000,30,244.000,9,243.000,38,242.000,20,84.000,3,255.000,9,256.000,21,257.000,29,258.000,20,259.000,9,0,21,
105337101000,247.000,2,245.000,21,244.000,9,243.000,38,242.000,20,84.000,3,255.000,9,256.000,21,257.000,29,258.000,20,259.000,9,0,21,
105337101000,247.000,2,245.000,21,244.000,9,243.000,38,242.000,20,84.000,3,256.000,21,257.000,29,258.000,20,259.000,9,320.000,1,0,21,
105337101000,247.000,2,245.000,21,244.000,9,243.000,38,242.000,20,84.000,3,256.000,30,257.000,29,258.000,20,259.000,9,320.000,1,0,21,
105337101000,247.000,2,245.000,30,244.000,9,243.000,38,242.000,20,84.000,3,256.000,30,257.000,29,258.000,20,259.000,9,320.000,1,0,21,
105337505000,247.000,2,245.000,30,244.000,9,243.000,58,242.000,20,84.000,3,256.000,30,257.000,29,258.000,40,259.000,9,320.000,1,0,21,
105337505000,247.000,2,245.000,30,244.000,9,243.000,49,242.000,20,84.000,3,256.000,30,257.000,29,258.000,40,259.000,9,320.000,1,0,21,
105338969000,247.000,2,245.000,30,244.000,9,243.000,49,84.000,3,39.000,20,256.000,30,257.000,9,258.000,40,259.000,9,320.000,1,0,21,
105338969000,247.000,2,245.000,30,244.000,9,243.000,49,241.000,20,84.000,3,256.000,50,257.000,9,258.000,40,259.000,9,320.000,1,0,21,
105339951000,247.000,2,245.000,30,244.000,9,243.000,49,84.000,3,39.000,20,256.000,30,257.000,9,258.000,40,259.000,9,320.000,1,0,21,
105340118000,247.000,2,245.000,30,244.000,9,243.000,49,242.000,20,84.000,3,256.000,30,257.000,29,258.000,40,259.000,9,320.000,1,0,21,
105344210000,247.000,2,245.000,30,244.000,9,243.000,29,242.000,20,84.000,3,256.000,30,257.000,29,258.000,20,259.000,9,320.000,1,0,21,
105344660000,247.000,2,245.000,30,244.000,29,243.000,29,242.000,20,84.000,3,256.000,30,257.000,29,258.000,20,259.000,29,320.000,1,0,21,
105344898000,247.000,2,245.000,30,244.000,29,243.000,29,84.000,3,39.000,20,256.000,30,257.000,9,258.000,20,259.000,29,320.000,1,0,21,
105344898000,247.000,2,245.000,30,244.000,29,243.000,49,84.000,3,39.000,20,256.000,30,257.000,9,258.000,40,259.000,29,320.000,1,0,21,
105345415000,247.000,2,245.000,9,244.000,29,243.000,49,84.000,3,39.000,20,256.000,9,257.000,9,258.000,40,259.000,29,320.000,1,0,21,
105345415000,247.000,2,245.000,30,244.000,29,243.000,49,84.000,3,39.000,20,256.000,9,257.000,30,258.000,40,259.000,29,320.000,1,0,21,
105345415000,247.000,2,245.000,21,244.000,29,243.000,49,84.000,3,39.000,20,256.000,9,257.000,30,258.000,40,259.000,29,320.000,1,0,21,
105345415000,247.000,2,245.000,21,244.000,29,243.000,49,84.000,3,39.000,20,256.000,9,257.000,30,258.000,49,259.000,29,320.000,1,0,21,
105345415000,247.000,2,245.000,21,244.000,29,243.000,49,84.000,3,39.000,20,257.000,30,258.000,49,259.000,29,320.000,1,400.000,1,0,21,
105345415000,247.000,2,245.000,30,244.000,29,243.000,49,84.000,3,39.000,20,257.000,30,258.000,49,259.000,29,320.000,1,400.000,1,0,21,
105345848000,247.000,2,245.000,30,244.000,29,243.000,29,84.000,3,39.000,20,257.000,30,258.000,29,259.000,29,320.000,1,400.000,1,0,21,
105345848000,247.000,2,245.000,30,244.000,29,243.000,29,242.000,20,84.000,3,257.000,50,258.000,29,259.000,29,320.000,1,400.000,1,0,21,
105346491000,247.000,2,245.000,9,244.000,29,243.000,29,242.000,20,84.000,3,257.000,29,258.000,29,259.000,29,320.000,1,400.000,1,0,21,
105346491000,247.000,2,245.000,30,244.000,29,243.000,29,242.000,20,84.000,3,256.000,21,257.000,29,258.000,29,259.000,29,320.000,1,0,21,
105346491000,247.000,2,245.000,21,244.000,29,243.000,29,242.000,20,84.000,3,256.000,21,257.000,29,258.000,29,259.000,29,320.000,1,0,21,
105346491000,247.000,2,245.000,21,244.000,29,243.000,29,242.000,20,84.000,3,256.000,30,257.000,29,258.000,29,259.000,29,320.000,1,0,21,
105346491000,247.000,2,245.000,30,244.000,29,243.000,29,242.000,20,84.000,3,256.000,30,257.000,29,258.000,29,259.000,29,320.000,1,0,21,
105346505000,247.000,2,245.000,30,244.000,29,243.000,29,242.000,20,84.000,3,256.000,30,257.000,29,258.000,20,259.000,29,320.000,1,0,21,
105347118000,247.000,2,245.000,30,244.000,29,243.000,29,84.000,3,39.000,20,256.000,30,257.000,9,258.000,20,259.000,29,320.000,1,0,21,
105347118000,247.000,2,245.000,30,244.000,29,243.000,49,84.000,3,39.000,20,256.000,30,257.000,9,258.000,40,259.000,29,320.000,1,0,21,
105347809000,247.000,2,245.000,30,244.000,29,243.000,29,84.000,3,39.000,20,256.000,30,257.000,9,258.000,20,259.000,29,320.000,1,0,21,
105348257000,247.000,2,245.000,30,244.000,29,243.000,29,242.000,20,84.000,3,256.000,30,257.000,29,258.000,20,259.000,29,320.000,1,0,21,
105352722000,247.000,2,245.000,30,244.000,29,243.000,29,84.000,3,39.000,20,256.000,30,257.000,9,258.000,20,259.000,29,320.000,1,0,21,
105352879000,247.000,2,245.000,30,244.000,29,243.000,29,242.000,20,84.000,3,256.000,30,257.000,29,258.000,20,259.000,29,320.000,1,0,21,
105354419000,247.000,2,245.000,30,244.000,29,243.000,29,84.000,3,39.000,20,256.000,30,257.000,9,258.000,20,259.000,29,320.000,1,0,21,
105354419000,247.000,2,245.000,30,244.000,29,243.000,49,84.000,3,39.000,20,256.000,30,257.000,9,258.000,40,259.000,29,320.000,1,0,21,
105356730000,247.000,2,245.000,30,244.000,29,243.000,29,84.000,3,39.000,20,256.000,30,257.000,9,258.000,20,259.000,29,320.000,1,0,21,
105356730000,247.000,2,245.000,30,244.000,29,243.000,29,242.000,20,84.000,3,256.000,30,257.000,29,258.000,20,259.000,29,320.000,1,0,21,
105358570000,247.000,2,245.000,30,244.000,29,243.000,29,84.000,3,39.000,20,256.000,30,257.000,9,258.000,20,259.000,29,320.000,1,0,21,
105358570000,247.000,2,245.000,30,244.000,29,243.000,49,84.000,3,39.000,20,256.000,30,257.000,9,258.000,40,259.000,29,320.000,1,0,21,
105401379000,247.000,2,245.000,9,244.000,29,243.000,49,84.000,3,39.000,20,256.000,9,257.000,9,258.000,40,259.000,29,320.000,1,0,21,
105401379000,247.000,2,245.000,30,244.000,29,243.000,49,84.000,3,39.000,20,256.000,9,257.000,30,258.000,40,259.000,29,320.000,1,0,21,
105401379000,247.000,2,245.000,30,244.000,29,243.000,49,84.000,3,39.000,20,257.000,30,258.000,40,259.000,29,320.000,1,400.000,1,0,21,
105401505000,247.000,2,245.000,30,244.000,29,243.000,29,84.000,3,39.000,20,257.000,30,258.000,20,259.000,29,320.000,1,400.000,1,0,21,
105401505000,247.000,2,245.000,50,244.000,29,243.000,29,84.000,3,39.000,20,257.000,30,258.000,20,259.000,29,260.000,20,320.000,1,0,21,
105402377000,247.000,2,245.000,29,244.000,29,243.000,29,84.000,3,39.000,20,257.000,9,258.000,20,259.000,29,260.000,20,320.000,1,0,21,
105402377000,247.000,2,245.000,50,244.000,29,243.000,29,84.000,3,39.000,20,256.000,21,257.000,9,258.000,20,259.000,29,260.000,20,0,21,
105402377000,247.000,2,245.000,50,244.000,29,243.000,29,84.000,3,39.000,20,256.000,21,258.000,20,259.000,29,260.000,20,320.000,1,0,21,
105402377000,247.000,2,245.000,50,244.000,29,243.000,29,84.000,3,39.000,20,256.000,21,258.000,29,259.000,29,260.000,20,320.000,1,0,21,
105402377000,247.000,2,245.000,50,244.000,29,243.000,29,84.000,3,39.000,20,256.000,30,258.000,29,259.000,29,260.000,20,320.000,1,0,21,
105404700000,247.000,2,245.000,50,244.000,9,243.000,29,84.000,3,39.000,20,256.000,30,258.000,29,259.000,9,260.000,20,320.000,1,0,21,
105404995000,247.000,2,245.000,50,244.000,29,243.000,29,84.000,3,39.000,20,256.000,30,258.000,29,259.000,29,260.000,20,320.000,1,0,21,
105409623000,247.000,2,245.000,30,244.000,29,243.000,29,84.000,3,39.000,20,256.000,30,258.000,29,259.000,29,320.000,1,400.000,1,0,21,
105409624000,247.000,2,245.000,30,244.000,29,243.000,9,84.000,3,39.000,20,256.000,30,258.000,9,259.000,29,320.000,1,400.000,1,0,21,
105409624000,247.000,2,245.000,30,244.000,29,243.000,9,242.000,20,84.000,3,256.000,30,257.000,20,258.000,9,259.000,29,320.000,1,0,21,
105409631000,247.000,2,245.000,30,244.000,9,243.000,9,242.000,20,84.000,3,256.000,30,257.000,20,258.000,9,259.000,9,320.000,1,0,21,
105409782000,247.000,2,245.000,30,244.000,29,243.000,9,242.000,20,84.000,3,256.000,30,257.000,20,258.000,9,259.000,29,320.000,1,0,21,
105410005000,247.000,2,245.000,30,244.000,29,243.000,29,242.000,20,84.000,3,256.000,30,257.000,20,258.000,29,259.000,29,320.000,1,0,21,
105410208000,247.000,2,245.000,30,244.000,29,243.000,29,84.000,3,39.000,20,256.000,30,258.000,29,259.000,29,320.000,1,400.000,1,0,21,
105410208000,247.000,2,245.000,30,244.000,29,243.000,49,84.000,3,39.000,20,256.000,30,258.000,49,259.000,29,320.000,1,400.000,1,0,21,
105411809000,247.000,2,245.000,30,244.000,29,243.000,29,84.000,3,39.000,20,256.000,30,258.000,29,259.000,29,320.000,1,400.000,1,0,21,
105411809000,247.000,2,245.000,30,244.000,29,243.000,29,242.000,20,84.000,3,256.000,30,257.000,20,258.000,29,259.000,29,320.000,1,0,21,
105413507000,247.000,2,245.000,30,244.000,29,243.000,29,84.000,3,39.000,20,256.000,30,258.000,29,259.000,29,320.000,1,400.000,1,0,21,
105413629000,247.000,2,245.000,30,244.000,29,243.000,49,84.000,3,39.000,20,256.000,30,258.000,49,259.000,29,320.000,1,400.000,1,0,21,
105421758000,247.000,2,245.000,30,244.000,29,243.000,29,84.000,3,39.000,20,256.000,30,258.000,29,259.000,29,320.000,1,400.000,1,0,21,
105421758000,247.000,2,245.000,30,244.000,49,243.000,29,84.000,3,39.000,20,256.000,30,258.000,29,259.000,49,320.000,1,400.000,1,0,21,
105422180000,247.000,2,245.000,30,244.000,49,243.000,20,84.000,3,39.000,20,256.000,30,258.000,29,259.000,49,320.000,1,400.000,1,0,21,
105422181000,247.000,2,245.000,39,244.000,49,243.000,20,84.000,3,39.000,20,256.000,30,258.000,29,259.000,49,320.000,1,400.000,1,0,21,
105422185000,247.000,2,245.000,39,244.000,29,243.000,20,84.000,3,39.000,20,256.000,30,258.000,29,259.000,29,320.000,1,400.000,1,0,21,
105422253000,247.000,2,245.000,39,244.000,49,243.000,20,84.000,3,39.000,20,256.000,30,258.000,29,259.000,49,320.000,1,400.000,1,0,21,
105423007000,247.000,2,245.000,39,244.000,29,243.000,20,84.000,3,39.000,20,256.000,30,258.000,29,259.000,29,320.000,1,400.000,1,0,21,
105423007000,247.000,2,245.000,39,244.000,29,243.000,40,84.000,3,39.000,20,256.000,30,258.000,49,259.000,29,320.000,1,400.000,1,0,21,
105423629000,247.000,2,245.000,39,244.000,29,243.000,20,84.000,3,39.000,20,256.000,30,258.000,29,259.000,29,320.000,1,400.000,1,0,21,
105423629000,247.000,2,245.000,39,244.000,49,243.000,20,84.000,3,39.000,20,256.000,30,258.000,29,259.000,49,320.000,1,400.000,1,0,21,
105426432000,247.000,2,245.000,18,244.000,49,243.000,20,84.000,3,39.000,20,256.000,9,258.000,29,259.000,49,320.000,1,400.000,1,0,21,
105426432000,247.000,2,245.000,39,244.000,49,243.000,20,84.000,3,39.000,20,256.000,9,257.000,21,258.000,29,259.000,49,320.000,1,0,21,
105426433000,247.000,2,245.000,39,244.000,49,243.000,20,84.000,3,39.000,20,257.000,21,258.000,29,259.000,49,320.000,1,400.000,1,0,21,
105426433000,247.000,2,245.000,39,244.000,49,243.000,20,84.000,3,39.000,20,257.000,30,258.000,29,259.000,49,320.000,1,400.000,1,0,21,
105429366000,247.000,2,245.000,39,244.000,29,243.000,20,84.000,3,39.000,20,257.000,30,258.000,29,259.000,29,320.000,1,400.000,1,0,21,
105429366000,247.000,2,245.000,39,244.000,29,243.000,40,84.000,3,39.000,20,257.000,30,258.000,49,259.000,29,320.000,1,400.000,1,0,21,
105431196000,247.000,2,245.000,39,244.000,29,243.000,40,86.000,1,84.000,3,257.000,30,258.000,49,259.000,29,320.000,1,400.000,1,0,21,
105431248000,247.000,2,245.000,39,244.000,29,243.000,20,86.000,1,84.000,3,257.000,30,258.000,29,259.000,29,320.000,1,400.000,1,0,21,
105431248000,247.000,2,245.000,39,244.000,49,243.000,20,86.000,1,84.000,3,257.000,30,258.000,29,259.000,49,320.000,1,400.000,1,0,21,
105432744000,247.000,2,245.000,39,244.000,29,243.000,20,86.000,1,84.000,3,257.000,30,258.000,29,259.000,29,320.000,1,400.000,1,0,21,
105432744000,247.000,2,245.000,39,244.000,29,243.000,40,86.000,1,84.000,3,257.000,30,258.000,49,259.000,29,320.000,1,400.000,1,0,21,
105432994000,247.000,2,245.000,39,244.000,29,243.000,20,86.000,1,84.000,3,257.000,30,258.000,29,259.000,29,320.000,1,400.000,1,0,21,
105433243000,247.000,2,245.000,39,244.000,49,243.000,20,86.000,1,84.000,3,257.000,30,258.000,29,259.000,49,320.000,1,400.000,1,0,21,
105437904000,247.000,2,245.000,39,244.000,29,243.000,20,86.000,1,84.000,3,257.000,30,258.000,29,259.000,29,320.000,1,400.000,1,0,21,
105438594000,247.000,2,245.000,39,244.000,49,243.000,20,86.000,1,84.000,3,257.000,30,258.000,29,259.000,49,320.000,1,400.000,1,0,21,
105441233000,247.000,2,245.000,39,244.000,29,243.000,20,86.000,1,84.000,3,257.000,30,258.000,29,259.000,29,320.000,1,400.000,1,0,21,
105441660000,247.000,2,245.000,39,244.000,49,243.000,20,86.000,1,84.000,3,257.000,30,258.000,29,259.000,49,320.000,1,400.000,1,0,21,
105442456000,247.000,2,245.000,39,244.000,29,243.000,20,86.000,1,84.000,3,257.000,30,258.000,29,259.000,29,320.000,1,400.000,1,0,21,
105442641000,247.000,2,245.000,39,244.000,29,243.000,20,86.000,1,84.000,3,257.000,30,258.000,29,259.000,20,320.000,1,400.000,1,0,21,
105442681000,247.000,2,245.000,39,244.000,49,243.000,20,86.000,1,84.000,3,257.000,30,258.000,29,259.000,40,320.000,1,400.000,1,0,21,
105442765000,247.000,2,245.000,39,244.000,49,243.000,20,86.000,1,84.000,3,257.000,30,258.000,29,259.000,40,261.000,9,320.000,1,0,21,
105442787000,247.000,2,245.000,39,244.000,29,243.000,20,86.000,1,84.000,3,257.000,30,258.000,29,259.000,20,261.000,9,320.000,1,0,21,
105442787000,247.000,2,245.000,59,244.000,29,243.000,20,86.000,1,84.000,3,257.000,30,258.000,29,259.000,20,260.000,20,261.000,9,0,21,
105442818000,247.000,2,245.000,59,244.000,9,243.000,20,86.000,1,84.000,3,257.000,30,258.000,29,260.000,20,261.000,9,320.000,1,0,21,
105442863000,247.000,2,245.000,59,244.000,9,86.000,1,84.000,3,39.000,20,257.000,30,258.000,9,260.000,20,261.000,9,320.000,1,0,21,
105442979000,247.000,2,245.000,79,244.000,9,86.000,1,84.000,3,39.000,20,257.000,30,258.000,9,260.000,40,261.000,9,320.000,1,0,21,
105443451000,247.000,2,245.000,58,244.000,9,86.000,1,84.000,3,39.000,20,257.000,9,258.000,9,260.000,40,261.000,9,320.000,1,0,21,
105443452000,247.000,2,245.000,79,244.000,9,86.000,1,84.000,3,39.000,20,257.000,9,258.000,30,260.000,40,261.000,9,320.000,1,0,21,
105443452000,247.000,2,245.000,79,244.000,9,86.000,1,84.000,3,39.000,20,258.000,30,260.000,40,261.000,9,320.000,1,400.000,1,0,21,
105443452000,247.000,2,245.000,79,244.000,9,86.000,1,84.000,3,39.000,20,258.000,30,260.000,49,261.000,9,320.000,1,400.000,1,0,21,
105443702000,247.000,2,245.000,79,244.000,29,86.000,1,84.000,3,39.000,20,258.000,30,259.000,20,260.000,49,261.000,9,320.000,1,0,21,
105444711000,247.000,2,247.000,20,245.000,79,244.000,29,86.000,1,84.000,3,258.000,30,259.000,20,260.000,49,261.000,9,262.000,20,0,21,
105444711000,247.000,2,247.000,29,245.000,79,244.000,29,86.000,1,84.000,3,258.000,30,259.000,20,260.000,49,261.000,9,262.000,20,0,21,
105445005000,247.000,2,247.000,29,245.000,79,244.000,20,86.000,1,84.000,3,258.000,30,259.000,20,260.000,49,261.000,9,262.000,20,0,21,
105445448000,247.000,2,247.000,29,245.000,58,244.000,20,86.000,1,84.000,3,258.000,9,259.000,20,260.000,49,261.000,9,262.000,20,0,21,
105445448000,247.000,2,248.000,21,247.000,29,245.000,58,244.000,20,86.000,1,258.000,30,259.000,20,260.000,49,261.000,9,262.000,20,0,21,
105445448000,247.000,2,248.000,21,247.000,29,245.000,58,244.000,20,86.000,1,258.000,30,259.000,29,260.000,49,261.000,9,262.000,20,0,21,
105445448000,247.000,2,248.000,21,247.000,29,245.000,58,244.000,20,86.000,1,258.000,21,259.000,29,260.000,49,261.000,9,262.000,20,0,21,
105445448000,247.000,2,248.000,30,247.000,29,245.000,58,244.000,20,86.000,1,258.000,21,259.000,29,260.000,49,261.000,9,262.000,20,0,21,
105445448000,247.000,2,248.000,30,247.000,29,245.000,58,244.000,20,86.000,1,258.000,30,259.000,29,260.000,49,261.000,9,262.000,20,0,21,
105445498000,247.000,2,248.000,30,247.000,29,245.000,58,86.000,1,84.000,3,258.000,30,259.000,9,260.000,49,261.000,9,262.000,20,0,21,
105445504000,247.000,2,248.000,30,247.000,29,245.000,49,86.000,1,84.000,3,258.000,30,259.000,9,260.000,49,261.000,9,262.000,20,0,21,
105445504000,247.000,2,248.000,30,247.000,29,245.000,49,86.000,1,84.000,3,258.000,30,259.000,9,260.000,40,261.000,9,262.000,20,0,21,
105445537000,247.000,2,248.000,30,247.000,29,245.000,29,86.000,1,84.000,3,258.000,30,259.000,9,260.000,20,261.000,9,262.000,20,0,21,
105445537000,247.000,2,248.000,30,247.000,29,245.000,29,244.000,20,86.000,1,258.000,30,259.000,29,260.000,20,261.000,9,262.000,20,0,21,
105445540000,247.000,2,248.000,30,247.000,29,246.000,20,245.000,29,244.000,20,258.000,30,259.000,29,260.000,20,261.000,29,262.000,20,0,21,
105446279000,247.000,2,248.000,30,247.000,29,246.000,20,245.000,29,86.000,1,258.000,30,259.000,9,260.000,20,261.000,29,262.000,20,0,21,
105446279000,247.000,2,248.000,30,247.000,29,246.000,20,245.000,49,86.000,1,258.000,30,259.000,9,260.000,40,261.000,29,262.000,20,0,21,
105446448000,247.000,2,248.000,9,247.000,29,246.000,20,245.000,49,86.000,1,258.000,9,259.000,9,260.000,40,261.000,29,262.000,20,0,21,
105446448000,247.000,2,248.000,30,247.000,29,246.000,20,245.000,49,86.000,1,257.000,21,258.000,9,259.000,9,260.000,40,261.000,29,0,21,
105446448000,247.000,2,248.000,30,247.000,29,246.000,20,245.000,49,86.000,1,257.000,21,258.000,9,259.000,9,260.000,49,261.000,29,0,21,
105446448000,247.000,2,248.000,30,247.000,29,246.000,20,245.000,49,86.000,1,257.000,21,259.000,9,260.000,49,261.000,29,262.000,20,0,21,
105446448000,247.000,2,248.000,21,247.000,29,246.000,20,245.000,49,86.000,1,257.000,21,259.000,9,260.000,49,261.000,29,262.000,20,0,21,
105446448000,247.000,2,248.000,21,247.000,29,246.000,20,245.000,49,86.000,1,257.000,30,259.000,9,260.000,49,261.000,29,262.000,20,0,21,
105446458000,247.000,2,248.000,30,247.000,29,246.000,20,245.000,49,86.000,1,257.000,30,259.000,9,260.000,49,261.000,29,262.000,20,0,21,
105446504000,247.000,2,248.000,30,247.000,29,246.000,20,245.000,49,86.000,1,257.000,30,259.000,9,260.000,40,261.000,29,262.000,20,0,21,
105446529000,247.000,2,248.000,30,247.000,29,246.000,20,245.000,29,86.000,1,257.000,30,259.000,9,260.000,20,261.000,29,262.000,20,0,21,
105446779000,247.000,2,248.000,30,247.000,29,246.000,20,245.000,29,244.000,20,257.000,30,259.000,29,260.000,20,261.000,29,262.000,20,0,21,
105446994000,247.000,2,248.000,30,247.000,9,246.000,20,245.000,29,244.000,20,257.000,30,259.000,29,260.000,20,261.000,29,320.000,1,0,21,
105446994000,247.000,2,248.000,30,247.000,9,246.000,40,245.000,29,244.000,20,257.000,30,259.000,29,260.000,20,261.000,49,320.000,1,0,21,
105448270000,247.000,2,248.000,30,247.000,9,246.000,20,245.000,29,244.000,20,257.000,30,259.000,29,260.000,20,261.000,29,320.000,1,0,21,
105448368000,247.000,2,248.000,30,247.000,9,245.000,29,244.000,20,86.000,1,257.000,30,259.000,29,260.000,20,261.000,9,320.000,1,0,21,
105448368000,247.000,2,248.000,30,247.000,9,245.000,49,244.000,20,86.000,1,257.000,30,259.000,29,260.000,40,261.000,9,320.000,1,0,21,
105448796000,247.000,2,248.000,30,247.000,9,245.000,69,244.000,20,86.000,1,257.000,30,259.000,29,260.000,60,261.000,9,320.000,1,0,21,
105449618000,247.000,2,248.000,30,247.000,9,245.000,49,244.000,20,86.000,1,257.000,30,259.000,29,260.000,40,261.000,9,320.000,1,0,21,
105449618000,247.000,2,248.000,30,247.000,9,246.000,20,245.000,49,244.000,20,257.000,30,259.000,29,260.000,40,261.000,29,320.000,1,0,21,
105450389000,247.000,2,248.000,30,247.000,9,246.000,20,245.000,49,86.000,1,257.000,30,259.000,9,260.000,40,261.000,29,320.000,1,0,21,
105450389000,247.000,2,248.000,30,247.000,9,246.000,20,245.000,69,86.000,1,257.000,30,259.000,9,260.000,60,261.000,29,320.000,1,0,21,
105450757000,247.000,2,248.000,30,247.000,9,246.000,20,245.000,49,86.000,1,257.000,30,259.000,9,260.000,40,261.000,29,320.000,1,0,21,
105451006000,247.000,2,248.000,30,247.000,9,246.000,20,245.000,49,244.000,20,257.000,30,259.000,29,260.000,40,261.000,29,320.000,1,0,21,
105452618000,247.000,2,248.000,30,247.000,9,245.000,49,244.000,20,86.000,1,257.000,30,259.000,29,260.000,40,261.000,9,320.000,1,0,21,
105452618000,247.000,2,248.000,30,247.000,9,245.000,69,244.000,20,86.000,1,257.000,30,259.000,29,260.000,60,261.000,9,320.000,1,0,21,
105452934000,247.000,2,248.000,30,247.000,9,245.000,49,244.000,20,86.000,1,257.000,30,259.000,29,260.000,40,261.000,9,320.000,1,0,21,
105452934000,247.000,2,248.000,30,247.000,9,246.000,20,245.000,49,244.000,20,257.000,30,259.000,29,260.000,40,261.000,29,320.000,1,0,21,
105454618000,247.000,2,248.000,30,247.000,9,245.000,49,244.000,20,86.000,1,257.000,30,259.000,29,260.000,40,261.000,9,320.000,1,0,21,
105454618000,247.000,2,248.000,30,247.000,9,245.000,69,244.000,20,86.000,1,257.000,30,259.000,29,260.000,60,261.000,9,320.000,1,0,21,
105455868000,247.000,2,248.000,30,247.000,9,245.000,49,244.000,20,86.000,1,257.000,30,259.000,29,260.000,40,261.000,9,320.000,1,0,21,
105455868000,247.000,2,248.000,30,247.000,9,246.000,20,245.000,49,244.000,20,257.000,30,259.000,29,260.000,40,261.000,29,320.000,1,0,21,
105456868000,247.000,2,248.000,30,247.000,9,245.000,49,244.000,20,86.000,1,257.000,30,259.000,29,260.000,40,261.000,9,320.000,1,0,21,
105456868000,247.000,2,248.000,30,247.000,9,245.000,69,244.000,20,86.000,1,257.000,30,259.000,29,260.000,60,261.000,9,320.000,1,0,21,
105458246000,247.000,2,248.000,30,247.000,9,245.000,69,86.000,1,84.000,3,257.000,30,259.000,9,260.000,60,261.000,9,320.000,1,0,21,
105458246000,247.000,2,248.000,30,247.000,9,245.000,69,243.000,20,86.000,1,257.000,30,258.000,20,259.000,9,260.000,60,261.000,9,0,21,
105458493000,247.000,2,248.000,30,247.000,9,245.000,69,86.000,1,84.000,3,257.000,30,259.000,9,260.000,60,261.000,9,320.000,1,0,21,
105458860000,247.000,2,248.000,30,247.000,9,245.000,69,244.000,20,86.000,1,257.000,30,259.000,29,260.000,60,261.000,9,320.000,1,0,21,
105505743000,247.000,2,248.000,30,247.000,9,245.000,49,244.000,20,86.000,1,257.000,30,259.000,29,260.000,40,261.000,9,320.000,1,0,21,
105505743000,247.000,2,248.000,30,247.000,9,246.000,20,245.000,49,244.000,20,257.000,30,259.000,29,260.000,40,261.000,29,320.000,1,0,21,
105506894000,247.000,2,248.000,30,247.000,9,246.000,20,245.000,49,86.000,1,257.000,30,259.000,9,260.000,40,261.000,29,320.000,1,0,21,
105506894000,247.000,2,248.000,30,247.000,9,246.000,20,245.000,69,86.000,1,257.000,30,259.000,9,260.000,60,261.000,29,320.000,1,0,21,
105507267000,247.000,2,248.000,30,247.000,9,246.000,20,245.000,49,86.000,1,257.000,30,259.000,9,260.000,40,261.000,29,320.000,1,0,21,
105507391000,247.000,2,248.000,30,247.000,9,246.000,20,245.000,49,244.000,20,257.000,30,259.000,29,260.000,40,261.000,29,320.000,1,0,21,
105507869000,247.000,2,248.000,30,247.000,9,245.000,49,244.000,20,86.000,1,257.000,30,259.000,29,260.000,40,261.000,9,320.000,1,0,21,
105507869000,247.000,2,248.000,30,247.000,29,245.000,49,244.000,20,86.000,1,257.000,30,259.000,29,260.000,40,261.000,9,262.000,20,0,21,
105507893000,247.000,2,248.000,30,247.000,29,245.000,49,86.000,1,84.000,3,257.000,30,259.000,9,260.000,40,261.000,9,262.000,20,0,21,
105507893000,247.000,2,248.000,30,247.000,29,245.000,69,86.000,1,84.000,3,257.000,30,259.000,9,260.000,60,261.000,9,262.000,20,0,21,
105508800000,247.000,2,248.000,30,247.000,29,245.000,49,86.000,1,84.000,3,257.000,30,259.000,9,260.000,40,261.000,9,262.000,20,0,21,
105509106000,247.000,2,248.000,30,247.000,29,246.000,20,245.000,49,86.000,1,257.000,30,259.000,9,260.000,40,261.000,29,262.000,20,0,21,
105509460000,247.000,2,248.000,9,247.000,29,246.000,20,245.000,49,86.000,1,257.000,9,259.000,9,260.000,40,261.000,29,262.000,20,0,21,
105509460000,247.000,2,248.000,30,247.000,29,246.000,20,245.000,49,86.000,1,257.000,9,258.000,21,259.000,9,260.000,40,261.000,29,0,21,
105509460000,247.000,2,248.000,30,247.000,29,246.000,20,245.000,49,86.000,1,257.000,9,258.000,21,259.000,9,260.000,49,261.000,29,0,21,
105509460000,247.000,2,248.000,21,247.000,29,246.000,20,245.000,49,86.000,1,257.000,9,258.000,21,259.000,9,260.000,49,261.000,29,0,21,
105509460000,247.000,2,248.000,21,247.000,29,246.000,20,245.000,49,86.000,1,257.000,9,258.000,30,259.000,9,260.000,49,261.000,29,0,21,
105509460000,247.000,2,248.000,21,247.000,29,246.000,20,245.000,49,86.000,1,258.000,30,259.000,9,260.000,49,261.000,29,262.000,20,0,21,
105509463000,247.000,2,248.000,30,247.000,29,246.000,20,245.000,49,86.000,1,258.000,30,259.000,9,260.000,49,261.000,29,262.000,20,0,21,
105509505000,247.000,2,248.000,30,247.000,29,246.000,20,245.000,49,86.000,1,258.000,30,259.000,9,260.000,40,261.000,29,262.000,20,0,21,
105513293000,247.000,2,248.000,30,247.000,29,246.000,20,245.000,29,86.000,1,258.000,30,259.000,9,260.000,20,261.000,29,262.000,20,0,21,
105513293000,247.000,2,248.000,30,247.000,29,246.000,20,245.000,29,244.000,20,258.000,30,259.000,29,260.000,20,261.000,29,262.000,20,0,21,
105513368000,247.000,2,248.000,30,247.000,9,246.000,20,245.000,29,244.000,20,258.000,30,259.000,29,260.000,20,261.000,29,320.000,1,0,21,
105513368000,247.000,2,248.000,30,247.000,9,246.000,40,245.000,29,244.000,20,258.000,30,259.000,29,260.000,20,261.000,49,320.000,1,0,21,
105514830000,247.000,2,248.000,30,247.000,9,246.000,40,245.000,29,86.000,1,258.000,30,259.000,9,260.000,20,261.000,49,320.000,1,0,21,
105514830000,247.000,2,248.000,30,247.000,9,246.000,40,245.000,49,86.000,1,258.000,30,259.000,9,260.000,40,261.000,49,320.000,1,0,21,
105515118000,247.000,2,248.000,30,247.000,9,246.000,20,245.000,49,86.000,1,258.000,30,259.000,9,260.000,40,261.000,29,320.000,1,0,21,
105515118000,247.000,2,248.000,30,247.000,29,246.000,20,245.000,49,86.000,1,258.000,30,259.000,9,260.000,40,261.000,29,262.000,20,0,21,
105516492000,247.000,2,248.000,30,247.000,9,246.000,20,245.000,49,86.000,1,258.000,30,259.000,9,260.000,40,261.000,29,320.000,1,0,21,
105516492000,247.000,2,248.000,30,247.000,9,246.000,40,245.000,49,86.000,1,258.000,30,259.000,9,260.000,40,261.000,49,320.000,1,0,21,
105517477000,247.000,2,248.000,30,247.000,9,246.000,40,245.000,29,86.000,1,258.000,30,259.000,9,260.000,20,261.000,49,320.000,1,0,21,
105517477000,247.000,2,248.000,30,247.000,9,246.000,40,245.000,29,244.000,20,258.000,30,259.000,29,260.000,20,261.000,49,320.000,1,0,21,
105518273000,247.000,2,248.000,30,247.000,9,246.000,20,245.000,29,244.000,20,258.000,30,259.000,29,260.000,20,261.000,29,320.000,1,0,21,
105519257000,247.000,2,248.000,30,247.000,9,246.000,20,245.000,49,244.000,20,258.000,30,259.000,29,260.000,40,261.000,29,320.000,1,0,21,
105519868000,247.000,2,248.000,30,247.000,9,245.000,49,244.000,20,86.000,1,258.000,30,259.000,29,260.000,40,261.000,9,320.000,1,0,21,
105519868000,247.000,2,248.000,30,247.000,29,245.000,49,244.000,20,86.000,1,258.000,30,259.000,29,260.000,40,261.000,9,262.000,20,0,21,
105519888000,247.000,2,248.000,30,247.000,29,245.000,49,86.000,1,84.000,3,258.000,30,259.000,9,260.000,40,261.000,9,262.000,20,0,21,
105519888000,247.000,2,248.000,30,247.000,29,245.000,69,86.000,1,84.000,3,258.000,30,259.000,9,260.000,60,261.000,9,262.000,20,0,21,
105522768000,247.000,2,248.000,30,247.000,29,245.000,49,86.000,1,84.000,3,258.000,30,259.000,9,260.000,40,261.000,9,262.000,20,0,21,
105523277000,247.000,2,248.000,30,247.000,29,246.000,20,245.000,49,86.000,1,258.000,30,259.000,9,260.000,40,261.000,29,262.000,20,0,21,
105525145000,247.000,2,248.000,30,247.000,29,246.000,20,245.000,29,86.000,1,258.000,30,259.000,9,260.000,20,261.000,29,262.000,20,0,21,
105525145000,247.000,2,248.000,30,247.000,29,246.000,20,245.000,29,244.000,20,258.000,30,259.000,29,260.000,20,261.000,29,262.000,20,0,21,
105526243000,247.000,2,248.000,30,247.000,9,246.000,20,245.000,29,244.000,20,258.000,30,259.000,29,260.000,20,261.000,29,320.000,1,0,21,
105526243000,247.000,2,248.000,30,247.000,9,246.000,40,245.000,29,244.000,20,258.000,30,259.000,29,260.000,20,261.000,49,320.000,1,0,21,
105526626000,247.000,2,248.000,30,247.000,9,246.000,40,245.000,29,86.000,1,258.000,30,259.000,9,260.000,20,261.000,49,320.000,1,0,21,
105526626000,247.000,2,248.000,30,247.000,9,246.000,40,245.000,29,243.000,20,258.000,50,259.000,9,260.000,20,261.000,49,320.000,1,0,21,
105526743000,247.000,2,248.000,30,247.000,9,246.000,20,245.000,29,243.000,20,258.000,50,259.000,9,260.000,20,261.000,29,320.000,1,0,21,
105526743000,247.000,2,248.000,30,247.000,9,246.000,20,245.000,49,243.000,20,258.000,50,259.000,9,260.000,40,261.000,29,320.000,1,0,21,
105527239000,247.000,2,248.000,30,247.000,9,246.000,20,245.000,49,86.000,1,258.000,30,259.000,9,260.000,40,261.000,29,320.000,1,0,21,
105527239000,247.000,2,248.000,30,247.000,9,246.000,20,245.000,49,244.000,20,258.000,30,259.000,29,260.000,40,261.000,29,320.000,1,0,21,
105528868000,247.000,2,248.000,30,247.000,9,246.000,20,245.000,29,244.000,20,258.000,30,259.000,29,260.000,20,261.000,29,320.000,1,0,21,
105528868000,247.000,2,248.000,30,247.000,9,246.000,40,245.000,29,244.000,20,258.000,30,259.000,29,260.000,20,261.000,49,320.000,1,0,21,
105529431000,247.000,2,248.000,30,247.000,9,246.000,20,245.000,29,244.000,20,258.000,30,259.000,29,260.000,20,261.000,29,320.000,1,0,21,
105530337000,247.000,2,248.000,30,247.000,9,246.000,20,245.000,49,244.000,20,258.000,30,259.000,29,260.000,40,261.000,29,320.000,1,0,21,
105530618000,247.000,2,248.000,30,247.000,9,245.000,49,244.000,20,86.000,1,258.000,30,259.000,29,260.000,40,261.000,9,320.000,1,0,21,
105530618000,247.000,2,248.000,30,247.000,9,245.000,69,244.000,20,86.000,1,258.000,30,259.000,29,260.000,60,261.000,9,320.000,1,0,21,
105531243000,247.000,2,248.000,30,247.000,9,245.000,49,244.000,20,86.000,1,258.000,30,259.000,29,260.000,40,261.000,9,320.000,1,0,21,
105531243000,247.000,2,248.000,30,247.000,9,246.000,20,245.000,49,244.000,20,258.000,30,259.000,29,260.000,40,261.000,29,320.000,1,0,21,
105539118000,247.000,2,248.000,30,247.000,9,245.000,49,244.000,20,86.000,1,258.000,30,259.000,29,260.000,40,261.000,9,320.000,1,0,21,
105539118000,247.000,2,248.000,30,247.000,9,245.000,69,244.000,20,86.000,1,258.000,30,259.000,29,260.000,60,261.000,9,320.000,1,0,21,
105540243000,247.000,2,248.000,30,247.000,9,245.000,49,244.000,20,86.000,1,258.000,30,259.000,29,260.000,40,261.000,9,320.000,1,0,21,
105540243000,247.000,2,248.000,30,247.000,9,246.000,20,245.000,49,244.000,20,258.000,30,259.000,29,260.000,40,261.000,29,320.000,1,0,21,
105544120000,247.000,2,248.000,30,247.000,9,245.000,49,244.000,20,86.000,1,258.000,30,259.000,29,260.000,40,261.000,9,320.000,1,0,21,
105544120000,247.000,2,248.000,30,247.000,9,245.000,69,244.000,20,86.000,1,258.000,30,259.000,29,260.000,60,261.000,9,320.000,1,0,21,
105544276000,247.000,2,248.000,30,247.000,9,245.000,69,86.000,1,84.000,3,258.000,30,259.000,9,260.000,60,261.000,9,320.000,1,0,21,
105544276000,247.000,2,248.000,30,247.000,9,245.000,69,243.000,20,86.000,1,258.000,50,259.000,9,260.000,60,261.000,9,320.000,1,0,21,
105544282000,247.000,2,248.000,30,247.000,9,245.000,69,86.000,1,84.000,3,258.000,30,259.000,9,260.000,60,261.000,9,320.000,1,0,21,
105544837000,247.000,2,248.000,30,247.000,9,245.000,69,244.000,20,86.000,1,258.000,30,259.000,29,260.000,60,261.000,9,320.000,1,0,21,
105549658000,247.000,2,248.000,30,247.000,9,245.000,69,244.000,20,86.000,1,255.000,1,258.000,30,259.000,29,260.000,60,261.000,9,0,21,
105549659000,247.000,2,248.000,30,247.000,9,245.000,69,244.000,20,86.000,1,255.000,10,258.000,30,259.000,29,260.000,60,261.000,9,0,21,
105550005000,247.000,2,248.000,30,247.000,9,245.000,69,244.000,20,86.000,1,255.000,10,258.000,30,259.000,20,260.000,60,261.000,9,0,21,
105550400000,247.000,2,248.000,30,247.000,9,245.000,49,244.000,20,86.000,1,255.000,10,258.000,30,259.000,20,260.000,40,261.000,9,0,21,
105550486000,247.000,2,248.000,9,247.000,9,245.000,49,244.000,20,86.000,1,255.000,10,258.000,9,259.000,20,260.000,40,261.000,9,0,21,
105550486000,247.000,2,248.000,30,247.000,9,245.000,49,244.000,20,86.000,1,255.000,10,256.000,21,258.000,9,259.000,20,260.000,40,0,21,
105550487000,247.000,2,248.000,21,247.000,9,245.000,49,244.000,20,86.000,1,255.000,10,256.000,21,258.000,9,259.000,20,260.000,40,0,21,
105550487000,247.000,2,248.000,21,247.000,9,245.000,58,244.000,20,86.000,1,255.000,10,256.000,21,258.000,9,259.000,20,260.000,40,0,21,
105550487000,247.000,2,248.000,30,247.000,9,245.000,58,244.000,20,86.000,1,255.000,10,256.000,21,258.000,9,259.000,20,260.000,40,0,21,
105550505000,247.000,2,248.000,30,247.000,9,245.000,49,244.000,20,86.000,1,255.000,10,256.000,21,258.000,9,259.000,20,260.000,40,0,21,
105550663000,247.000,2,248.000,30,247.000,9,245.000,69,244.000,20,86.000,1,255.000,10,256.000,21,258.000,9,259.000,20,260.000,60,0,21,
105551368000,247.000,2,248.000,30,247.000,9,245.000,49,244.000,20,86.000,1,255.000,10,256.000,21,258.000,9,259.000,20,260.000,40,0,21,
105551368000,247.000,2,248.000,30,247.000,9,246.000,20,245.000,49,244.000,20,255.000,10,256.000,21,258.000,9,259.000,20,260.000,40,0,21,
105552859000,247.000,2,248.000,30,247.000,9,246.000,20,245.000,49,86.000,1,255.000,10,256.000,21,258.000,9,260.000,40,261.000,29,0,21,
105552859000,247.000,2,248.000,30,247.000,9,246.000,20,245.000,69,86.000,1,255.000,10,256.000,21,258.000,9,260.000,60,261.000,29,0,21,
105554492000,247.000,2,248.000,30,247.000,9,245.000,69,86.000,1,84.000,3,255.000,10,256.000,21,258.000,9,260.000,60,261.000,9,0,21,
105554492000,247.000,2,248.000,30,247.000,29,245.000,69,86.000,1,84.000,3,255.000,10,256.000,21,258.000,9,260.000,60,261.000,9,0,21,
105554545000,247.000,2,248.000,9,247.000,29,245.000,69,86.000,1,84.000,3,255.000,10,258.000,9,260.000,60,261.000,9,262.000,20,0,21,
105554545000,247.000,2,248.000,30,247.000,29,245.000,69,86.000,1,84.000,3,255.000,10,257.000,21,258.000,9,260.000,60,261.000,9,0,21,
105554546000,247.000,2,248.000,21,247.000,29,245.000,69,86.000,1,84.000,3,255.000,10,257.000,21,258.000,9,260.000,60,261.000,9,0,21,
105554546000,247.000,2,248.000,30,247.000,29,245.000,69,86.000,1,84.000,3,255.000,10,257.000,21,258.000,9,260.000,60,261.000,9,0,21,
105555692000,247.000,2,248.000,30,247.000,29,245.000,49,86.000,1,84.000,3,255.000,10,257.000,21,258.000,9,260.000,40,261.000,9,0,21,
105555692000,247.000,2,248.000,30,247.000,29,245.000,49,244.000,20,86.000,1,255.000,10,257.000,21,258.000,9,259.000,20,260.000,40,0,21,
105556493000,247.000,2,248.000,30,247.000,9,245.000,49,244.000,20,86.000,1,255.000,10,257.000,21,258.000,9,259.000,20,260.000,40,0,21,
105556493000,247.000,2,248.000,30,247.000,9,246.000,20,245.000,49,244.000,20,255.000,10,257.000,21,258.000,9,259.000,20,260.000,40,0,21,
105558002000,247.000,2,248.000,9,247.000,9,246.000,20,245.000,49,244.000,20,255.000,10,258.000,9,259.000,20,260.000,40,261.000,29,0,21,
105558002000,247.000,2,248.000,30,247.000,9,246.000,20,245.000,49,244.000,20,255.000,10,256.000,21,258.000,9,259.000,20,260.000,40,0,21,
105558002000,247.000,2,248.000,30,247.000,9,246.000,29,245.000,49,244.000,20,255.000,10,256.000,21,258.000,9,259.000,20,260.000,40,0,21,
105558002000,247.000,2,248.000,21,247.000,9,246.000,29,245.000,49,244.000,20,255.000,10,256.000,21,258.000,9,259.000,20,260.000,40,0,21,
105558002000,247.000,2,248.000,30,247.000,9,246.000,29,245.000,49,244.000,20,255.000,10,256.000,21,258.000,9,259.000,20,260.000,40,0,21,
105558005000,247.000,2,248.000,30,247.000,9,246.000,20,245.000,49,244.000,20,255.000,10,256.000,21,258.000,9,259.000,20,260.000,40,0,21,
105558053000,247.000,2,248.000,30,247.000,9,246.000,20,245.000,49,86.000,1,255.000,10,256.000,21,258.000,9,260.000,40,261.000,29,0,21,
105558378000,247.000,2,248.000,30,247.000,9,246.000,20,245.000,49,243.000,20,255.000,10,256.000,21,258.000,29,260.000,40,261.000,29,0,21,
105558624000,247.000,2,248.000,30,247.000,9,246.000,20,245.000,49,86.000,1,255.000,10,256.000,21,258.000,9,260.000,40,261.000,29,0,21,
105558998000,247.000,2,248.000,30,247.000,9,246.000,20,245.000,49,244.000,20,255.000,10,256.000,21,258.000,9,259.000,20,260.000,40,0,21,
105600191000,247.000,2,248.000,9,247.000,9,246.000,20,245.000,49,244.000,20,255.000,10,258.000,9,259.000,20,260.000,40,261.000,29,0,21,
105600191000,247.000,2,248.000,30,247.000,9,246.000,20,245.000,49,244.000,20,255.000,10,257.000,21,258.000,9,259.000,20,260.000,40,0,21,
105600191000,247.000,2,248.000,30,247.000,9,246.000,29,245.000,49,244.000,20,255.000,10,257.000,21,258.000,9,259.000,20,260.000,40,0,21,
105600191000,247.000,2,248.000,21,247.000,9,246.000,29,245.000,49,244.000,20,255.000,10,257.000,21,258.000,9,259.000,20,260.000,40,0,21,
105600191000,247.000,2,248.000,30,247.000,9,246.000,29,245.000,49,244.000,20,255.000,10,257.000,21,258.000,9,259.000,20,260.000,40,0,21,
105600243000,247.000,2,248.000,30,247.000,9,246.000,9,245.000,49,244.000,20,255.000,10,257.000,21,258.000,9,259.000,20,260.000,40,0,21,
105600243000,247.000,2,248.000,30,247.000,29,246.000,9,245.000,49,244.000,20,255.000,10,257.000,21,258.000,9,259.000,20,260.000,40,0,21,
105600505000,247.000,2,248.000,30,247.000,29,245.000,49,244.000,20,86.000,1,255.000,10,257.000,21,258.000,9,259.000,20,260.000,40,0,21,
105605118000,247.000,2,248.000,30,247.000,9,245.000,49,244.000,20,86.000,1,255.000,10,257.000,21,258.000,9,259.000,20,260.000,40,0,21,
105605118000,247.000,2,248.000,30,247.000,9,246.000,20,245.000,49,244.000,20,255.000,10,257.000,21,258.000,9,259.000,20,260.000,40,0,21,
105605835000,247.000,2,248.000,30,247.000,9,246.000,20,245.000,49,86.000,1,255.000,10,257.000,21,258.000,9,260.000,40,261.000,29,0,21,
105605835000,247.000,2,248.000,30,247.000,9,246.000,20,245.000,49,243.000,20,255.000,10,257.000,21,258.000,29,260.000,40,261.000,29,0,21,
105605961000,247.000,2,248.000,30,247.000,9,246.000,20,245.000,49,86.000,1,255.000,10,257.000,21,258.000,9,260.000,40,261.000,29,0,21,
105606460000,247.000,2,248.000,30,247.000,9,246.000,20,245.000,49,244.000,20,255.000,10,257.000,21,258.000,9,259.000,20,260.000,40,0,21,
105606911000,247.000,2,248.000,30,247.000,9,245.000,49,244.000,20,86.000,1,255.000,10,257.000,21,258.000,9,259.000,20,260.000,40,0,21,
105606911000,247.000,2,248.000,30,247.000,29,245.000,49,244.000,20,86.000,1,255.000,10,257.000,21,258.000,9,259.000,20,260.000,40,0,21,
105607005000,247.000,2,248.000,30,247.000,29,245.000,29,244.000,20,86.000,1,255.000,10,257.000,21,258.000,9,259.000,20,260.000,20,0,21,
105607924000,247.000,2,248.000,30,247.000,29,245.000,49,244.000,20,86.000,1,255.000,10,257.000,21,258.000,9,259.000,20,260.000,40,0,21,
105610118000,247.000,2,248.000,30,247.000,9,245.000,49,244.000,20,86.000,1,255.000,10,257.000,21,258.000,9,259.000,20,260.000,40,0,21,
105610118000,247.000,2,248.000,30,247.000,9,246.000,20,245.000,49,244.000,20,255.000,10,257.000,21,258.000,9,259.000,20,260.000,40,0,21,
105610143000,247.000,2,248.000,30,247.000,9,246.000,20,245.000,49,86.000,1,255.000,10,257.000,21,258.000,9,260.000,40,261.000,29,0,21,
105610143000,247.000,2,248.000,30,247.000,9,246.000,20,245.000,49,243.000,20,255.000,10,257.000,21,258.000,29,260.000,40,261.000,29,0,21,
105610754000,247.000,2,248.000,30,247.000,9,246.000,20,245.000,49,86.000,1,255.000,10,257.000,21,258.000,9,260.000,40,261.000,29,0,21,
105611840000,247.000,2,248.000,30,247.000,9,246.000,20,245.000,49,244.000,20,255.000,10,257.000,21,258.000,9,259.000,20,260.000,40,0,21,
105612102000,247.000,2,248.000,9,247.000,9,246.000,20,245.000,49,244.000,20,255.000,10,258.000,9,259.000,20,260.000,40,261.000,29,0,21,
105612102000,247.000,2,248.000,30,247.000,9,246.000,20,245.000,49,244.000,20,255.000,10,256.000,21,258.000,9,259.000,20,260.000,40,0,21,
105612103000,247.000,2,248.000,30,247.000,9,246.000,29,245.000,49,244.000,20,255.000,10,256.000,21,258.000,9,259.000,20,260.000,40,0,21,
105612103000,247.000,2,248.000,21,247.000,9,246.000,29,245.000,49,244.000,20,255.000,10,256.000,21,258.000,9,259.000,20,260.000,40,0,21,
105612128000,247.000,2,248.000,30,247.000,9,246.000,29,245.000,49,244.000,20,255.000,10,256.000,21,258.000,9,259.000,20,260.000,40,0,21,
105612504000,247.000,2,248.000,30,247.000,9,246.000,20,245.000,49,244.000,20,255.000,10,256.000,21,258.000,9,259.000,20,260.000,40,0,21,
105619495000,247.000,2,248.000,30,247.000,9,245.000,49,244.000,20,86.000,1,255.000,10,256.000,21,258.000,9,259.000,20,260.000,40,0,21,
105619495000,247.000,2,248.000,30,247.000,9,245.000,69,244.000,20,86.000,1,255.000,10,256.000,21,258.000,9,259.000,20,260.000,60,0,21,
105619574000,247.000,2,248.000,30,247.000,9,245.000,69,86.000,1,84.000,3,255.000,10,256.000,21,258.000,9,260.000,60,261.000,9,0,21,
105619574000,247.000,2,248.000,30,247.000,9,245.000,69,243.000,20,86.000,1,255.000,10,256.000,21,258.000,29,260.000,60,261.000,9,0,21,
105620075000,247.000,2,248.000,30,247.000,9,245.000,69,86.000,1,84.000,3,255.000,10,256.000,21,258.000,9,260.000,60,261.000,9,0,21,
105620075000,247.000,2,248.000,30,247.000,9,245.000,69,244.000,20,86.000,1,255.000,10,256.000,21,258.000,9,259.000,20,260.000,60,0,21,
105620318000,247.000,2,248.000,30,247.000,9,245.000,69,86.000,1,84.000,3,255.000,10,256.000,21,258.000,9,260.000,60,261.000,9,0,21,
105620692000,247.000,2,248.000,30,247.000,9,245.000,69,243.000,20,86.000,1,255.000,10,256.000,21,258.000,29,260.000,60,261.000,9,0,21,
105624926000,247.000,2,248.000,30,247.000,9,245.000,69,86.000,1,84.000,3,255.000,10,256.000,21,258.000,9,260.000,60,261.000,9,0,21,
105624926000,247.000,2,248.000,30,247.000,9,245.000,69,244.000,20,86.000,1,255.000,10,256.000,21,258.000,9,259.000,20,260.000,60,0,21,
105626619000,247.000,2,248.000,30,247.000,9,245.000,49,244.000,20,86.000,1,255.000,10,256.000,21,258.000,9,259.000,20,260.000,40,0,21,
105626619000,247.000,2,248.000,30,247.000,9,246.000,20,245.000,49,244.000,20,255.000,10,256.000,21,258.000,9,259.000,20,260.000,40,0,21,
105628000000,247.000,2,248.000,30,247.000,9,246.000,20,245.000,29,244.000,20,255.000,10,256.000,21,258.000,9,259.000,20,260.000,20,0,21,
105628396000,247.000,2,248.000,30,247.000,9,246.000,20,245.000,49,244.000,20,255.000,10,256.000,21,258.000,9,259.000,20,260.000,40,0,21,
105628560000,247.000,2,248.000,9,247.000,9,246.000,20,245.000,49,244.000,20,255.000,10,258.000,9,259.000,20,260.000,40,261.000,29,0,21,
105628560000,247.000,2,248.000,30,247.000,9,246.000,20,245.000,49,244.000,20,255.000,10,257.000,21,258.000,9,259.000,20,260.000,40,0,21,
105632868000,247.000,2,248.000,30,247.000,9,245.000,49,244.000,20,86.000,1,255.000,10,257.000,21,258.000,9,259.000,20,260.000,40,0,21,
105632868000,247.000,2,248.000,30,247.000,9,245.000,69,244.000,20,86.000,1,255.000,10,257.000,21,258.000,9,259.000,20,260.000,60,0,21,
105632874000,247.000,2,248.000,9,247.000,9,245.000,69,244.000,20,86.000,1,255.000,10,258.000,9,259.000,20,260.000,60,261.000,9,0,21,
105632874000,247.000,2,248.000,30,247.000,9,245.000,69,244.000,20,86.000,1,255.000,10,256.000,21,258.000,9,259.000,20,260.000,60,0,21,
105632874000,247.000,2,248.000,30,247.000,9,245.000,78,244.000,20,86.000,1,255.000,10,256.000,21,258.000,9,259.000,20,260.000,60,0,21,
105632874000,247.000,2,248.000,21,247.000,9,245.000,78,244.000,20,86.000,1,255.000,10,256.000,21,258.000,9,259.000,20,260.000,60,0,21,
105632875000,247.000,2,248.000,30,247.000,9,245.000,78,244.000,20,86.000,1,255.000,10,256.000,21,258.000,9,259.000,20,260.000,60,0,21,
105633005000,247.000,2,248.000,30,247.000,9,245.000,69,244.000,20,86.000,1,255.000,10,256.000,21,258.000,9,259.000,20,260.000,60,0,21,
105633351000,247.000,2,248.000,30,247.000,9,245.000,49,244.000,20,86.000,1,255.000,10,256.000,21,258.000,9,259.000,20,260.000,40,0,21,
105633452000,247.000,2,248.000,30,247.000,9,245.000,49,244.000,40,86.000,1,255.000,10,256.000,21,258.000,9,259.000,40,260.000,40,0,21,
105633458000,247.000,2,248.000,30,247.000,9,245.000,49,244.000,20,86.000,1,255.000,10,256.000,21,258.000,9,259.000,20,260.000,40,0,21,
105633458000,247.000,2,248.000,30,247.000,9,245.000,49,244.000,20,243.000,20,255.000,10,256.000,21,258.000,29,259.000,20,260.000,40,0,21,
105633825000,247.000,2,248.000,30,247.000,9,245.000,49,244.000,20,86.000,1,255.000,10,256.000,21,258.000,9,259.000,20,260.000,40,0,21,
105634074000,247.000,2,248.000,30,247.000,9,245.000,49,244.000,40,86.000,1,255.000,10,256.000,21,258.000,9,259.000,40,260.000,40,0,21,
105635118000,247.000,2,248.000,30,247.000,9,245.000,29,244.000,40,86.000,1,255.000,10,256.000,21,258.000,9,259.000,40,260.000,20,0,21,
105635118000,247.000,2,248.000,30,247.000,9,246.000,20,245.000,29,244.000,40,255.000,10,256.000,21,258.000,9,259.000,40,260.000,20,0,21,
105638436000,247.000,2,248.000,30,247.000,9,246.000,20,245.000,29,244.000,20,255.000,10,256.000,21,258.000,9,259.000,20,260.000,20,0,21,
105638500000,247.000,2,248.000,30,247.000,9,246.000,20,245.000,29,86.000,1,255.000,10,256.000,21,258.000,9,260.000,20,261.000,29,0,21,
105638500000,247.000,2,248.000,30,247.000,9,246.000,20,245.000,49,86.000,1,255.000,10,256.000,21,258.000,9,260.000,40,261.000,29,0,21,
105638513000,247.000,2,248.000,30,247.000,9,246.000,40,245.000,49,86.000,1,255.000,10,256.000,21,258.000,9,260.000,40,261.000,49,0,21,
105638755000,247.000,2,248.000,30,247.000,9,246.000,40,245.000,29,86.000,1,255.000,10,256.000,21,258.000,9,260.000,20,261.000,49,0,21,
105639000000,247.000,2,248.000,30,247.000,9,246.000,40,245.000,49,86.000,1,255.000,10,256.000,21,258.000,9,260.000,40,261.000,49,0,21,
105639505000,247.000,2,248.000,9,247.000,9,246.000,40,245.000,49,86.000,1,255.000,10,258.000,9,260.000,40,261.000,49,320.000,1,0,21,
105639505000,247.000,2,248.000,30,247.000,9,246.000,40,245.000,49,86.000,1,255.000,10,257.000,21,258.000,9,260.000,40,261.000,49,0,21,
105639505000,247.000,2,248.000,30,247.000,9,246.000,49,245.000,49,86.000,1,255.000,10,257.000,21,258.000,9,260.000,40,261.000,49,0,21,
105639505000,247.000,2,248.000,21,247.000,9,246.000,49,245.000,49,86.000,1,255.000,10,257.000,21,258.000,9,260.000,40,261.000,49,0,21,
105639506000,247.000,2,248.000,30,247.000,9,246.000,49,245.000,49,86.000,1,255.000,10,257.000,21,258.000,9,260.000,40,261.000,49,0,21,
105640005000,247.000,2,248.000,30,247.000,9,246.000,40,245.000,49,86.000,1,255.000,10,257.000,21,258.000,9,260.000,40,261.000,49,0,21,
105645806000,247.000,2,248.000,30,247.000,9,246.000,40,245.000,29,86.000,1,255.000,10,257.000,21,258.000,9,260.000,20,261.000,49,0,21,
105645806000,247.000,2,248.000,30,247.000,9,246.000,40,245.000,29,244.000,20,255.000,10,257.000,21,258.000,9,259.000,20,260.000,20,0,21,
105646924000,247.000,2,248.000,30,247.000,9,246.000,40,245.000,29,86.000,1,255.000,10,257.000,21,258.000,9,260.000,20,261.000,49,0,21,
105646924000,247.000,2,248.000,30,247.000,9,246.000,40,245.000,49,86.000,1,255.000,10,257.000,21,258.000,9,260.000,40,261.000,49,0,21,
105647424000,247.000,2,248.000,30,247.000,9,246.000,40,245.000,29,86.000,1,255.000,10,257.000,21,258.000,9,260.000,20,261.000,49,0,21,
105647424000,247.000,2,248.000,30,247.000,9,246.000,40,245.000,29,244.000,20,255.000,10,257.000,21,258.000,9,259.000,20,260.000,20,0,21,
105647925000,247.000,2,248.000,30,247.000,9,246.000,40,245.000,29,86.000,1,255.000,10,257.000,21,258.000,9,260.000,20,261.000,49,0,21,
105647925000,247.000,2,248.000,30,247.000,9,246.000,40,245.000,49,86.000,1,255.000,10,257.000,21,258.000,9,260.000,40,261.000,49,0,21,
105652499000,247.000,2,248.000,30,247.000,9,246.000,20,245.000,49,86.000,1,255.000,10,257.000,21,258.000,9,260.000,40,261.000,29,0,21,
105652499000,247.000,2,248.000,30,247.000,29,246.000,20,245.000,49,86.000,1,255.000,10,257.000,21,258.000,9,260.000,40,261.000,29,0,21,
105656230000,247.000,2,248.000,9,247.000,29,246.000,20,245.000,49,86.000,1,255.000,10,258.000,9,260.000,40,261.000,29,262.000,20,0,21,
105656230000,247.000,2,248.000,30,247.000,29,246.000,20,245.000,49,86.000,1,255.000,10,258.000,30,260.000,40,261.000,29,262.000,20,0,21,
105656724000,247.000,2,248.000,30,247.000,29,246.000,20,245.000,29,86.000,1,255.000,10,258.000,30,260.000,20,261.000,29,262.000,20,0,21,
105656724000,247.000,2,248.000,30,247.000,29,246.000,40,245.000,29,86.000,1,255.000,10,258.000,30,260.000,20,261.000,49,262.000,20,0,21,
105657595000,247.000,2,248.000,30,247.000,29,246.000,20,245.000,29,86.000,1,255.000,10,258.000,30,260.000,20,261.000,29,262.000,20,0,21,
105657618000,247.000,2,248.000,30,247.000,9,246.000,20,245.000,29,86.000,1,255.000,10,258.000,30,260.000,20,261.000,29,320.000,1,0,21,
105657618000,247.000,2,248.000,50,247.000,9,246.000,20,245.000,29,86.000,1,255.000,10,258.000,30,260.000,20,261.000,29,263.000,20,0,21,
105657654000,247.000,2,248.000,50,247.000,9,246.000,40,245.000,29,86.000,1,255.000,10,258.000,30,260.000,20,261.000,49,263.000,20,0,21,
105701606000,247.000,2,248.000,50,247.000,9,246.000,40,245.000,20,86.000,1,255.000,10,258.000,30,260.000,20,261.000,49,263.000,20,0,21,
105701608000,247.000,2,248.000,50,247.000,18,246.000,40,245.000,20,86.000,1,255.000,10,258.000,30,260.000,20,261.000,49,263.000,20,0,21,
105703590000,247.000,2,248.000,50,247.000,18,246.000,20,245.000,20,86.000,1,255.000,10,258.000,30,260.000,20,261.000,29,263.000,20,0,21,
105703618000,247.000,2,248.000,30,247.000,18,246.000,20,245.000,20,86.000,1,255.000,10,258.000,30,260.000,20,261.000,29,320.000,1,0,21,
105703618000,247.000,2,248.000,30,247.000,38,246.000,20,245.000,20,86.000,1,255.000,10,258.000,30,260.000,20,261.000,29,262.000,20,0,21,
105703729000,247.000,2,248.000,30,247.000,38,246.000,20,245.000,40,86.000,1,255.000,10,258.000,30,260.000,40,261.000,29,262.000,20,0,21,
105704176000,247.000,2,248.000,30,247.000,38,245.000,40,86.000,1,84.000,3,255.000,10,258.000,30,260.000,40,261.000,9,262.000,20,0,21,
105704395000,247.000,2,248.000,30,247.000,38,246.000,20,245.000,40,86.000,1,255.000,10,258.000,30,260.000,40,261.000,29,262.000,20,0,21,
105704513000,247.000,2,248.000,9,247.000,38,246.000,20,245.000,40,86.000,1,255.000,10,258.000,9,260.000,40,261.000,29,262.000,20,0,21,
105704513000,247.000,2,248.000,30,247.000,38,246.000,20,245.000,40,86.000,1,255.000,10,257.000,21,258.000,9,260.000,40,261.000,29,0,21,
105704513000,247.000,2,248.000,21,247.000,38,246.000,20,245.000,40,86.000,1,255.000,10,257.000,21,258.000,9,260.000,40,261.000,29,0,21,
105705055000,247.000,2,248.000,30,247.000,38,246.000,20,245.000,40,86.000,1,255.000,10,257.000,21,258.000,9,260.000,40,261.000,29,0,21,
105707250000,247.000,2,248.000,30,247.000,38,246.000,20,245.000,20,86.000,1,255.000,10,257.000,21,258.000,9,260.000,20,261.000,29,0,21,
105707250000,247.000,2,248.000,30,247.000,38,246.000,20,245.000,20,244.000,20,255.000,10,257.000,21,258.000,9,259.000,20,260.000,20,0,21,
105707389000,247.000,2,248.000,30,247.000,38,246.000,20,245.000,20,86.000,1,255.000,10,257.000,21,258.000,9,260.000,20,261.000,29,0,21,
105707758000,247.000,2,248.000,30,247.000,38,246.000,20,245.000,40,86.000,1,255.000,10,257.000,21,258.000,9,260.000,40,261.000,29,0,21,
105713243000,247.000,2,248.000,30,247.000,38,246.000,20,245.000,20,86.000,1,255.000,10,257.000,21,258.000,9,260.000,20,261.000,29,0,21,
105713243000,247.000,2,248.000,30,247.000,38,246.000,20,245.000,20,244.000,20,255.000,10,257.000,21,258.000,9,259.000,20,260.000,20,0,21,
105713359000,247.000,2,248.000,30,247.000,38,246.000,20,245.000,20,86.000,1,255.000,10,257.000,21,258.000,9,260.000,20,261.000,29,0,21,
105713859000,247.000,2,248.000,30,247.000,38,246.000,20,245.000,40,86.000,1,255.000,10,257.000,21,258.000,9,260.000,40,261.000,29,0,21,
105715118000,247.000,2,248.000,30,247.000,18,246.000,20,245.000,40,86.000,1,255.000,10,257.000,21,258.000,9,260.000,40,261.000,29,0,21,
105715118000,247.000,2,248.000,30,247.000,18,246.000,40,245.000,40,86.000,1,255.000,10,257.000,21,258.000,9,260.000,40,261.000,49,0,21,
105715138000,247.000,2,248.000,30,247.000,18,246.000,40,245.000,20,86.000,1,255.000,10,257.000,21,258.000,9,260.000,20,261.000,49,0,21,
105715138000,247.000,2,248.000,30,247.000,18,246.000,40,245.000,20,244.000,20,255.000,10,257.000,21,258.000,9,259.000,20,260.000,20,0,21,
105715473000,247.000,2,248.000,30,247.000,9,246.000,40,245.000,20,244.000,20,255.000,10,257.000,21,258.000,9,259.000,20,260.000,20,0,21,
105715475000,247.000,2,248.000,9,247.000,9,246.000,40,245.000,20,244.000,20,255.000,10,258.000,9,259.000,20,260.000,20,261.000,49,0,21,
105715475000,247.000,2,248.000,30,247.000,9,246.000,40,245.000,20,244.000,20,255.000,10,256.000,21,258.000,9,259.000,20,260.000,20,0,21,
105715480000,247.000,2,248.000,21,247.000,9,246.000,40,245.000,20,244.000,20,255.000,10,256.000,21,258.000,9,259.000,20,260.000,20,0,21,
105715480000,247.000,2,248.000,21,247.000,9,246.000,49,245.000,20,244.000,20,255.000,10,256.000,21,258.000,9,259.000,20,260.000,20,0,21,
105715482000,247.000,2,248.000,30,247.000,9,246.000,49,245.000,20,244.000,20,255.000,10,256.000,21,258.000,9,259.000,20,260.000,20,0,21,
105715487000,247.000,2,248.000,30,247.000,9,246.000,49,245.000,20,244.000,20,255.000,10,256.000,21,258.000,9,259.000,29,260.000,20,0,21,
105715494000,247.000,2,248.000,30,247.000,9,246.000,29,245.000,20,244.000,20,255.000,10,256.000,21,258.000,9,259.000,29,260.000,20,0,21,
105715494000,247.000,2,248.000,30,247.000,9,246.000,29,245.000,40,244.000,20,255.000,10,256.000,21,258.000,9,259.000,29,260.000,40,0,21,
105715504000,247.000,2,248.000,30,247.000,9,246.000,20,245.000,40,244.000,20,255.000,10,256.000,21,258.000,9,259.000,29,260.000,40,0,21,
105715528000,247.000,2,248.000,30,247.000,9,245.000,40,244.000,20,86.000,1,255.000,10,256.000,21,258.000,9,259.000,29,260.000,40,0,21,
105715594000,247.000,2,248.000,30,247.000,9,245.000,40,244.000,29,86.000,1,255.000,10,256.000,21,258.000,9,259.000,29,260.000,40,0,21,
105718650000,247.000,2,248.000,30,247.000,9,245.000,60,244.000,29,86.000,1,255.000,10,256.000,21,258.000,9,259.000,29,260.000,60,0,21,
105719968000,247.000,2,248.000,9,247.000,9,245.000,60,244.000,29,86.000,1,255.000,10,258.000,9,259.000,29,260.000,60,320.000,1,0,21,
105719968000,247.000,2,248.000,9,247.000,30,245.000,60,244.000,29,86.000,1,255.000,31,258.000,9,259.000,29,260.000,60,320.000,1,0,21,
105719969000,247.000,2,248.000,9,247.000,30,245.000,60,244.000,9,86.000,1,255.000,31,258.000,9,259.000,9,260.000,60,320.000,1,0,21,
105719969000,247.000,2,248.000,9,247.000,30,245.000,60,244.000,9,243.000,20,255.000,31,258.000,29,259.000,9,260.000,60,320.000,1,0,21,
105719970000,247.000,2,248.000,9,247.000,30,245.000,69,244.000,9,243.000,20,255.000,31,258.000,29,259.000,9,260.000,60,320.000,1,0,21,
105719970000,247.000,2,247.000,30,245.000,69,244.000,9,243.000,20,86.000,1,255.000,31,258.000,29,259.000,9,260.000,60,320.000,1,0,21,
105719994000,247.000,2,247.000,30,245.000,49,244.000,9,243.000,20,86.000,1,255.000,31,258.000,29,259.000,9,260.000,40,320.000,1,0,21,
105719995000,247.000,2,247.000,30,245.000,49,244.000,29,243.000,20,86.000,1,255.000,31,258.000,29,259.000,29,260.000,40,320.000,1,0,21,
105719999000,247.000,2,247.000,30,245.000,29,244.000,29,243.000,20,86.000,1,255.000,31,258.000,29,259.000,29,260.000,20,320.000,1,0,21,
105720005000,247.000,2,247.000,30,245.000,29,244.000,29,243.000,40,86.000,1,255.000,31,258.000,49,259.000,29,260.000,20,320.000,1,0,21,
105721058000,247.000,2,247.000,9,245.000,29,244.000,29,243.000,40,86.000,1,255.000,10,258.000,49,259.000,29,260.000,20,320.000,1,0,21,
105721058000,247.000,2,247.000,30,245.000,29,244.000,29,243.000,40,86.000,1,254.000,21,255.000,10,258.000,49,259.000,29,260.000,20,0,21,
105721059000,247.000,2,247.000,21,245.000,29,244.000,29,243.000,40,86.000,1,254.000,21,255.000,10,258.000,49,259.000,29,260.000,20,0,21,
105721059000,247.000,2,247.000,21,245.000,29,244.000,29,243.000,40,86.000,1,254.000,30,255.000,10,258.000,49,259.000,29,260.000,20,0,21,
105721059000,247.000,2,247.000,30,245.000,29,244.000,29,243.000,40,86.000,1,254.000,30,255.000,10,258.000,49,259.000,29,260.000,20,0,21,
105721243000,247.000,2,247.000,30,245.000,29,244.000,9,243.000,40,86.000,1,254.000,30,255.000,10,258.000,49,259.000,9,260.000,20,0,21,
105721243000,247.000,2,247.000,30,245.000,49,244.000,9,243.000,40,86.000,1,254.000,30,255.000,10,258.000,49,259.000,9,260.000,40,0,21,
105721504000,247.000,2,247.000,30,245.000,49,244.000,9,243.000,40,86.000,1,254.000,30,255.000,10,258.000,40,259.000,9,260.000,40,0,21,
105722290000,247.000,2,247.000,30,245.000,49,244.000,9,243.000,20,86.000,1,254.000,30,255.000,10,258.000,20,259.000,9,260.000,40,0,21,
105722290000,247.000,2,247.000,30,245.000,49,244.000,29,243.000,20,86.000,1,254.000,30,255.000,10,258.000,20,259.000,29,260.000,40,0,21,
105722348000,247.000,2,247.000,9,245.000,49,244.000,29,243.000,20,86.000,1,254.000,9,255.000,10,258.000,20,259.000,29,260.000,40,0,21,
105722348000,247.000,2,248.000,21,247.000,9,245.000,49,244.000,29,243.000,20,254.000,9,255.000,31,258.000,20,259.000,29,260.000,40,0,21,
105722348000,247.000,2,248.000,21,245.000,49,244.000,29,243.000,20,86.000,1,254.000,9,255.000,31,258.000,20,259.000,29,260.000,40,0,21,
105722348000,247.000,2,248.000,21,245.000,49,244.000,29,243.000,20,86.000,1,255.000,31,258.000,20,259.000,29,260.000,40,320.000,1,0,21,
105722348000,247.000,2,248.000,30,245.000,49,244.000,29,243.000,20,86.000,1,255.000,31,258.000,20,259.000,29,260.000,40,320.000,1,0,21,
105722546000,247.000,2,248.000,9,245.000,49,244.000,29,243.000,20,86.000,1,255.000,10,258.000,20,259.000,29,260.000,40,320.000,1,0,21,
105722546000,247.000,2,248.000,9,247.000,21,245.000,49,244.000,29,243.000,20,255.000,31,258.000,20,259.000,29,260.000,40,320.000,1,0,21,
105722546000,247.000,2,247.000,21,245.000,49,244.000,29,243.000,20,86.000,1,255.000,31,258.000,20,259.000,29,260.000,40,320.000,1,0,21,
105722546000,247.000,2,247.000,30,245.000,49,244.000,29,243.000,20,86.000,1,255.000,31,258.000,20,259.000,29,260.000,40,320.000,1,0,21,
105723667000,247.000,2,247.000,30,245.000,49,244.000,9,243.000,20,86.000,1,255.000,31,258.000,20,259.000,9,260.000,40,320.000,1,0,21,
105723667000,247.000,2,247.000,30,245.000,49,244.000,9,243.000,40,86.000,1,255.000,31,258.000,40,259.000,9,260.000,40,320.000,1,0,21,
105724006000,247.000,2,247.000,30,245.000,49,244.000,9,243.000,20,86.000,1,255.000,31,258.000,20,259.000,9,260.000,40,320.000,1,0,21,
105724283000,247.000,2,247.000,30,245.000,49,244.000,29,243.000,20,86.000,1,255.000,31,258.000,20,259.000,29,260.000,40,320.000,1,0,21,
105724494000,247.000,2,247.000,30,245.000,29,244.000,29,243.000,20,86.000,1,255.000,31,258.000,20,259.000,29,260.000,20,320.000,1,0,21,
105724494000,247.000,2,247.000,30,246.000,20,245.000,29,244.000,29,243.000,20,255.000,31,258.000,20,259.000,29,260.000,20,261.000,20,0,21,
105725364000,247.000,2,247.000,30,246.000,20,245.000,29,244.000,9,243.000,20,255.000,31,258.000,20,259.000,9,260.000,20,261.000,20,0,21,
105725364000,247.000,2,247.000,30,246.000,20,245.000,29,244.000,9,243.000,40,255.000,31,258.000,40,259.000,9,260.000,20,261.000,20,0,21,
105725368000,247.000,2,247.000,30,245.000,29,244.000,9,243.000,40,86.000,1,255.000,31,258.000,40,259.000,9,260.000,20,320.000,1,0,21,
105725368000,247.000,2,247.000,30,245.000,49,244.000,9,243.000,40,86.000,1,255.000,31,258.000,40,259.000,9,260.000,40,320.000,1,0,21,
105726739000,247.000,2,247.000,30,245.000,49,244.000,9,243.000,20,86.000,1,255.000,31,258.000,20,259.000,9,260.000,40,320.000,1,0,21,
105726739000,247.000,2,247.000,30,245.000,49,244.000,29,243.000,20,86.000,1,255.000,31,258.000,20,259.000,29,260.000,40,320.000,1,0,21,
105727364000,247.000,2,247.000,30,245.000,49,244.000,9,243.000,20,86.000,1,255.000,31,258.000,20,259.000,9,260.000,40,320.000,1,0,21,
105727364000,247.000,2,247.000,30,245.000,49,244.000,9,243.000,40,86.000,1,255.000,31,258.000,40,259.000,9,260.000,40,320.000,1,0,21,
105729103000,247.000,2,247.000,30,245.000,29,244.000,9,243.000,40,86.000,1,255.000,31,258.000,40,259.000,9,260.000,20,320.000,1,0,21,
105729732000,247.000,2,247.000,30,245.000,29,244.000,29,243.000,40,86.000,1,255.000,31,258.000,40,259.000,29,260.000,20,320.000,1,0,21,
105730516000,247.000,2,247.000,9,245.000,29,244.000,29,243.000,40,86.000,1,255.000,10,258.000,40,259.000,29,260.000,20,320.000,1,0,21,
105730516000,247.000,2,247.000,9,246.000,21,245.000,29,244.000,29,243.000,40,254.000,21,255.000,10,258.000,40,259.000,29,260.000,20,0,21,
105730518000,247.000,2,246.000,21,245.000,29,244.000,29,243.000,40,86.000,1,254.000,21,255.000,10,258.000,40,259.000,29,260.000,20,0,21,
105730518000,247.000,2,246.000,21,245.000,29,244.000,29,243.000,40,86.000,1,254.000,30,255.000,10,258.000,40,259.000,29,260.000,20,0,21,
105730518000,247.000,2,246.000,30,245.000,29,244.000,29,243.000,40,86.000,1,254.000,30,255.000,10,258.000,40,259.000,29,260.000,20,0,21,
105730618000,247.000,2,246.000,30,245.000,9,244.000,29,243.000,40,86.000,1,254.000,30,255.000,10,258.000,40,259.000,29,320.000,1,0,21,
105730618000,247.000,2,246.000,30,245.000,9,244.000,49,243.000,40,86.000,1,254.000,30,255.000,10,258.000,40,259.000,49,320.000,1,0,21,
105730947000,247.000,2,246.000,30,245.000,9,244.000,49,243.000,40,86.000,1,254.000,30,255.000,10,258.000,40,259.000,40,320.000,1,0,21,
105730949000,247.000,2,246.000,30,245.000,9,244.000,40,243.000,40,86.000,1,254.000,30,255.000,10,258.000,40,259.000,40,320.000,1,0,21,
105730950000,247.000,2,246.000,30,245.000,9,244.000,40,243.000,20,86.000,1,254.000,30,255.000,10,258.000,20,259.000,40,320.000,1,0,21,
105730950000,247.000,2,246.000,30,245.000,9,244.000,40,243.000,20,242.000,20,254.000,30,255.000,10,257.000,20,258.000,20,259.000,40,0,21,
105730951000,247.000,2,246.000,30,245.000,9,244.000,40,243.000,20,242.000,20,254.000,30,255.000,10,257.000,29,258.000,20,259.000,40,0,21,
105730994000,247.000,2,246.000,30,245.000,9,244.000,20,243.000,20,242.000,20,254.000,30,255.000,10,257.000,29,258.000,20,259.000,20,0,21,
105730994000,247.000,2,246.000,30,245.000,9,244.000,20,243.000,40,242.000,20,254.000,30,255.000,10,257.000,29,258.000,40,259.000,20,0,21,
105731069000,247.000,2,246.000,30,245.000,9,244.000,20,243.000,40,242.000,29,254.000,30,255.000,10,257.000,29,258.000,40,259.000,20,0,21,
105731868000,247.000,2,246.000,30,245.000,9,244.000,20,243.000,20,242.000,29,254.000,30,255.000,10,257.000,29,258.000,20,259.000,20,0,21,
105731868000,247.000,2,246.000,30,245.000,9,244.000,40,243.000,20,242.000,29,254.000,30,255.000,10,257.000,29,258.000,20,259.000,40,0,21,
105732368000,247.000,2,246.000,30,245.000,9,244.000,20,243.000,20,242.000,29,254.000,30,255.000,10,257.000,29,258.000,20,259.000,20,0,21,
105732368000,247.000,2,246.000,30,245.000,9,244.000,20,243.000,40,242.000,29,254.000,30,255.000,10,257.000,29,258.000,40,259.000,20,0,21,
105738468000,247.000,2,246.000,30,245.000,9,243.000,40,242.000,29,86.000,1,254.000,30,255.000,10,257.000,29,258.000,40,320.000,1,0,21,
105739066000,247.000,2,246.000,30,245.000,9,243.000,40,242.000,49,86.000,1,254.000,30,255.000,10,257.000,49,258.000,40,320.000,1,0,21,
105739577000,247.000,2,246.000,30,245.000,9,243.000,20,242.000,49,86.000,1,254.000,30,255.000,10,257.000,49,258.000,20,320.000,1,0,21,
105739580000,247.000,2,246.000,9,245.000,9,243.000,20,242.000,49,86.000,1,254.000,9,255.000,10,257.000,49,258.000,20,320.000,1,0,21,
105739580000,247.000,2,246.000,9,245.000,30,243.000,20,242.000,49,86.000,1,254.000,30,255.000,10,257.000,49,258.000,20,320.000,1,0,21,
105739580000,247.000,2,246.000,9,245.000,30,243.000,20,242.000,29,86.000,1,254.000,30,255.000,10,257.000,29,258.000,20,320.000,1,0,21,
105739580000,247.000,2,246.000,9,245.000,30,243.000,20,242.000,29,241.000,20,254.000,30,255.000,10,256.000,20,257.000,29,258.000,20,0,21,
105739581000,247.000,2,245.000,30,243.000,20,242.000,29,241.000,20,86.000,1,254.000,30,255.000,10,256.000,20,257.000,29,258.000,20,0,21,
105739581000,247.000,2,245.000,30,243.000,29,242.000,29,241.000,20,86.000,1,254.000,30,255.000,10,256.000,20,257.000,29,258.000,20,0,21,
105739581000,247.000,2,245.000,30,243.000,29,242.000,29,241.000,20,86.000,1,254.000,21,255.000,10,256.000,20,257.000,29,258.000,20,0,21,
105739581000,247.000,2,245.000,30,243.000,29,242.000,29,241.000,20,86.000,1,254.000,30,255.000,10,256.000,20,257.000,29,258.000,20,0,21,
105740005000,247.000,2,245.000,30,243.000,29,242.000,29,241.000,40,86.000,1,254.000,30,255.000,10,256.000,40,257.000,29,258.000,20,0,21,
105740064000,247.000,2,245.000,30,243.000,29,242.000,29,241.000,20,86.000,1,254.000,30,255.000,10,256.000,20,257.000,29,258.000,20,0,21,
105740075000,247.000,2,245.000,30,243.000,29,242.000,49,241.000,20,86.000,1,254.000,30,255.000,10,256.000,20,257.000,49,258.000,20,0,21,
105740189000,247.000,2,245.000,30,243.000,29,242.000,29,241.000,20,86.000,1,254.000,30,255.000,10,256.000,20,257.000,29,258.000,20,0,21,
105740243000,247.000,2,245.000,30,243.000,9,242.000,29,241.000,20,86.000,1,254.000,30,255.000,10,256.000,20,257.000,29,320.000,1,0,21,
105740243000,247.000,2,245.000,30,243.000,9,242.000,49,241.000,20,86.000,1,254.000,30,255.000,10,256.000,20,257.000,49,320.000,1,0,21,
105740689000,247.000,2,245.000,30,243.000,9,242.000,49,241.000,40,86.000,1,254.000,30,255.000,10,256.000,40,257.000,49,320.000,1,0,21,
105742118000,247.000,2,245.000,30,243.000,9,242.000,29,241.000,40,86.000,1,254.000,30,255.000,10,256.000,40,257.000,29,320.000,1,0,21,
105742118000,247.000,2,245.000,30,243.000,29,242.000,29,241.000,40,86.000,1,254.000,30,255.000,10,256.000,40,257.000,29,258.000,20,0,21,
105742743000,247.000,2,245.000,30,243.000,9,242.000,29,241.000,40,86.000,1,254.000,30,255.000,10,256.000,40,257.000,29,320.000,1,0,21,
105742743000,247.000,2,245.000,30,243.000,9,242.000,49,241.000,40,86.000,1,254.000,30,255.000,10,256.000,40,257.000,49,320.000,1,0,21,
105744537000,247.000,2,245.000,9,243.000,9,242.000,49,241.000,40,86.000,1,254.000,9,255.000,10,256.000,40,257.000,49,320.000,1,0,21,
105744537000,247.000,2,245.000,9,244.000,21,243.000,9,242.000,49,241.000,40,254.000,30,255.000,10,256.000,40,257.000,49,320.000,1,0,21,
105744537000,247.000,2,245.000,9,244.000,21,243.000,9,242.000,58,241.000,40,254.000,30,255.000,10,256.000,40,257.000,49,320.000,1,0,21,
105744537000,247.000,2,244.000,21,243.000,9,242.000,58,241.000,40,86.000,1,254.000,30,255.000,10,256.000,40,257.000,49,320.000,1,0,21,
105744537000,247.000,2,244.000,21,243.000,9,242.000,58,241.000,40,86.000,1,254.000,21,255.000,10,256.000,40,257.000,49,320.000,1,0,21,
105744537000,247.000,2,244.000,30,243.000,9,242.000,58,241.000,40,86.000,1,254.000,21,255.000,10,256.000,40,257.000,49,320.000,1,0,21,
105744537000,247.000,2,244.000,30,243.000,9,242.000,58,241.000,40,86.000,1,254.000,30,255.000,10,256.000,40,257.000,49,320.000,1,0,21,
105744695000,247.000,2,244.000,30,243.000,9,242.000,58,241.000,40,86.000,1,254.000,30,255.000,10,256.000,40,257.000,40,320.000,1,0,21,
105744696000,247.000,2,244.000,30,243.000,9,242.000,58,241.000,40,86.000,1,254.000,30,255.000,19,256.000,40,257.000,40,320.000,1,0,21,
105744698000,247.000,2,244.000,30,243.000,9,242.000,58,241.000,20,86.000,1,254.000,30,255.000,19,256.000,20,257.000,40,320.000,1,0,21,
105744698000,247.000,2,244.000,30,243.000,9,242.000,58,241.000,20,240.000,20,254.000,30,255.000,39,256.000,20,257.000,40,320.000,1,0,21,
105744717000,247.000,2,244.000,30,243.000,9,242.000,38,241.000,20,240.000,20,254.000,30,255.000,39,256.000,20,257.000,20,320.000,1,0,21,
105744745000,247.000,2,244.000,30,243.000,9,242.000,18,241.000,20,240.000,20,254.000,30,255.000,39,256.000,20,320.000,1,400.000,1,0,21,
105744745000,247.000,2,244.000,30,243.000,9,242.000,18,241.000,40,240.000,20,254.000,30,255.000,39,256.000,40,320.000,1,400.000,1,0,21,
105744745000,247.000,2,244.000,30,243.000,9,242.000,9,241.000,40,240.000,20,254.000,30,255.000,39,256.000,40,320.000,1,400.000,1,0,21,
105744796000,247.000,2,244.000,30,243.000,9,242.000,9,241.000,40,86.000,1,254.000,30,255.000,19,256.000,40,320.000,1,400.000,1,0,21,
105745005000,247.000,2,244.000,30,243.000,9,241.000,40,86.000,1,84.000,3,254.000,30,255.000,19,256.000,40,320.000,1,400.000,1,0,21,
105745281000,247.000,2,244.000,30,243.000,9,241.000,40,240.000,20,86.000,1,254.000,30,255.000,39,256.000,40,320.000,1,400.000,1,0,21,
105745406000,247.000,2,244.000,30,243.000,9,241.000,40,86.000,1,84.000,3,254.000,30,255.000,19,256.000,40,320.000,1,400.000,1,0,21,
105745747000,247.000,2,244.000,30,243.000,9,241.000,40,240.000,9,86.000,1,254.000,30,255.000,19,256.000,40,320.000,1,400.000,1,0,21,
105745792000,247.000,2,244.000,9,243.000,9,241.000,40,240.000,9,86.000,1,254.000,9,255.000,19,256.000,40,320.000,1,400.000,1,0,21,
105745792000,247.000,2,244.000,9,243.000,30,241.000,40,240.000,9,86.000,1,254.000,30,255.000,19,256.000,40,320.000,1,400.000,1,0,21,
105745793000,247.000,2,243.000,30,241.000,40,240.000,9,86.000,1,84.000,3,254.000,30,255.000,19,256.000,40,320.000,1,400.000,1,0,21,
105745887000,247.000,2,243.000,30,241.000,40,240.000,9,239.000,20,86.000,1,254.000,50,255.000,19,256.000,40,320.000,1,400.000,1,0,21,
105746632000,247.000,2,243.000,30,241.000,40,240.000,9,86.000,1,84.000,3,254.000,30,255.000,19,256.000,40,320.000,1,400.000,1,0,21,
105746632000,247.000,2,243.000,30,241.000,40,240.000,29,86.000,1,84.000,3,254.000,30,255.000,39,256.000,40,320.000,1,400.000,1,0,21,
105746793000,247.000,2,243.000,9,241.000,40,240.000,29,86.000,1,84.000,3,254.000,9,255.000,39,256.000,40,320.000,1,400.000,1,0,21,
105746793000,247.000,2,244.000,21,243.000,9,241.000,40,240.000,29,86.000,1,254.000,30,255.000,39,256.000,40,320.000,1,400.000,1,0,21,
105746793000,247.000,2,244.000,21,243.000,9,241.000,49,240.000,29,86.000,1,254.000,30,255.000,39,256.000,40,320.000,1,400.000,1,0,21,
105746793000,247.000,2,244.000,21,241.000,49,240.000,29,86.000,1,84.000,3,254.000,30,255.000,39,256.000,40,320.000,1,400.000,1,0,21,
105746793000,247.000,2,244.000,21,241.000,49,240.000,29,86.000,1,84.000,3,254.000,21,255.000,39,256.000,40,320.000,1,400.000,1,0,21,
105746793000,247.000,2,244.000,30,241.000,49,240.000,29,86.000,1,84.000,3,254.000,21,255.000,39,256.000,40,320.000,1,400.000,1,0,21,
105746793000,247.000,2,244.000,30,241.000,49,240.000,29,86.000,1,84.000,3,254.000,30,255.000,39,256.000,40,320.000,1,400.000,1,0,21,
105747494000,247.000,2,244.000,30,241.000,29,240.000,29,86.000,1,84.000,3,254.000,30,255.000,39,256.000,20,320.000,1,400.000,1,0,21,
105747494000,247.000,2,244.000,30,242.000,20,241.000,29,240.000,29,86.000,1,254.000,30,255.000,39,256.000,20,257.000,20,320.000,1,0,21,
105748816000,247.000,2,244.000,30,242.000,20,241.000,29,240.000,29,86.000,1,254.000,30,255.000,38,256.000,20,257.000,20,320.000,1,0,21,
105749164000,247.000,2,244.000,30,242.000,20,241.000,49,240.000,29,86.000,1,254.000,30,255.000,38,256.000,40,257.000,20,320.000,1,0,21,
105750554000,247.000,2,244.000,9,242.000,20,241.000,49,240.000,29,86.000,1,254.000,9,255.000,38,256.000,40,257.000,20,320.000,1,0,21,
105750554000,247.000,2,244.000,9,243.000,21,242.000,20,241.000,49,240.000,29,254.000,30,255.000,38,256.000,40,257.000,20,320.000,1,0,21,
105750554000,247.000,2,244.000,9,243.000,21,242.000,20,241.000,49,240.000,29,254.000,21,255.000,38,256.000,40,257.000,20,320.000,1,0,21,
105750554000,247.000,2,244.000,9,243.000,21,242.000,29,241.000,49,240.000,29,254.000,21,255.000,38,256.000,40,257.000,20,320.000,1,0,21,
105750554000,247.000,2,244.000,9,243.000,30,242.000,29,241.000,49,240.000,29,254.000,21,255.000,38,256.000,40,257.000,20,320.000,1,0,21,
105750554000,247.000,2,243.000,30,242.000,29,241.000,49,240.000,29,86.000,1,254.000,21,255.000,38,256.000,40,257.000,20,320.000,1,0,21,
105750555000,247.000,2,243.000,30,242.000,29,241.000,49,240.000,29,86.000,1,254.000,30,255.000,38,256.000,40,257.000,20,320.000,1,0,21,
105751004000,247.000,2,243.000,30,242.000,29,241.000,40,240.000,29,86.000,1,254.000,30,255.000,38,256.000,40,257.000,20,320.000,1,0,21,
105752707000,247.000,2,243.000,30,242.000,29,241.000,40,240.000,29,86.000,1,253.000,1,254.000,30,255.000,38,256.000,40,257.000,20,0,21,
105752707000,247.000,2,243.000,30,242.000,29,241.000,40,240.000,29,86.000,1,253.000,10,254.000,30,255.000,38,256.000,40,257.000,20,0,21,
105753005000,247.000,2,243.000,30,242.000,29,241.000,40,240.000,29,86.000,1,253.000,10,254.000,30,255.000,29,256.000,40,257.000,20,0,21,
105753548000,247.000,2,243.000,9,242.000,29,241.000,40,240.000,29,86.000,1,253.000,10,254.000,9,255.000,29,256.000,40,257.000,20,0,21,
105753548000,247.000,2,243.000,30,242.000,29,241.000,40,240.000,29,86.000,1,252.000,21,253.000,10,254.000,9,255.000,29,256.000,40,0,21,
105753548000,247.000,2,243.000,21,242.000,29,241.000,40,240.000,29,86.000,1,252.000,21,253.000,10,254.000,9,255.000,29,256.000,40,0,21,
105753548000,247.000,2,243.000,21,242.000,29,241.000,40,240.000,29,86.000,1,252.000,30,253.000,10,254.000,9,255.000,29,256.000,40,0,21,
105753548000,247.000,2,243.000,30,242.000,29,241.000,40,240.000,29,86.000,1,252.000,30,253.000,10,254.000,9,255.000,29,256.000,40,0,21,
105753743000,247.000,2,243.000,30,242.000,9,241.000,40,240.000,29,86.000,1,252.000,30,253.000,10,254.000,9,255.000,29,256.000,40,0,21,
105753743000,247.000,2,243.000,30,242.000,9,241.000,60,240.000,29,86.000,1,252.000,30,253.000,10,254.000,9,255.000,29,256.000,60,0,21,
105754005000,247.000,2,243.000,30,242.000,9,241.000,60,240.000,29,86.000,1,252.000,30,253.000,10,255.000,29,256.000,60,320.000,1,0,21,
105754118000,247.000,2,243.000,30,242.000,9,241.000,40,240.000,29,86.000,1,252.000,30,253.000,10,255.000,29,256.000,40,320.000,1,0,21,
105754118000,247.000,2,243.000,30,242.000,29,241.000,40,240.000,29,86.000,1,252.000,30,253.000,10,255.000,29,256.000,40,257.000,20,0,21,
105758164000,247.000,2,243.000,30,242.000,29,241.000,40,240.000,9,86.000,1,252.000,30,253.000,10,255.000,9,256.000,40,257.000,20,0,21,
105758164000,247.000,2,243.000,30,242.000,29,241.000,60,240.000,9,86.000,1,252.000,30,253.000,10,255.000,9,256.000,60,257.000,20,0,21,
105758662000,247.000,2,243.000,30,242.000,29,241.000,40,240.000,9,86.000,1,252.000,30,253.000,10,255.000,9,256.000,40,257.000,20,0,21,
105758672000,247.000,2,243.000,30,242.000,29,241.000,40,240.000,29,86.000,1,252.000,30,253.000,10,255.000,29,256.000,40,257.000,20,0,21,
105759037000,247.000,2,243.000,30,242.000,29,241.000,40,240.000,9,86.000,1,252.000,30,253.000,10,255.000,9,256.000,40,257.000,20,0,21,
105759275000,247.000,2,243.000,30,242.000,29,241.000,60,240.000,9,86.000,1,252.000,30,253.000,10,255.000,9,256.000,60,257.000,20,0,21,
105800141000,247.000,2,243.000,30,242.000,29,241.000,40,240.000,9,86.000,1,252.000,30,253.000,10,255.000,9,256.000,40,257.000,20,0,21,
105800141000,247.000,2,243.000,30,242.000,29,241.000,40,240.000,29,86.000,1,252.000,30,253.000,10,255.000,29,256.000,40,257.000,20,0,21,
105800470000,247.000,2,243.000,30,242.000,29,241.000,40,240.000,9,86.000,1,252.000,30,253.000,10,255.000,9,256.000,40,257.000,20,0,21,
105800720000,247.000,2,243.000,30,242.000,29,241.000,60,240.000,9,86.000,1,252.000,30,253.000,10,255.000,9,256.000,60,257.000,20,0,21,
105801367000,247.000,2,243.000,30,242.000,9,241.000,60,240.000,9,86.000,1,252.000,30,253.000,10,255.000,9,256.000,60,320.000,1,0,21,
105801367000,247.000,2,243.000,50,242.000,9,241.000,60,240.000,9,86.000,1,252.000,30,253.000,10,255.000,9,256.000,60,258.000,20,0,21,
105803470000,247.000,2,243.000,50,242.000,9,241.000,40,240.000,9,86.000,1,252.000,30,253.000,10,255.000,9,256.000,40,258.000,20,0,21,
105804420000,247.000,2,243.000,50,242.000,9,241.000,20,240.000,9,86.000,1,252.000,30,253.000,10,255.000,9,256.000,20,258.000,20,0,21,
105804420000,247.000,2,243.000,50,242.000,9,241.000,20,240.000,29,86.000,1,252.000,30,253.000,10,255.000,29,256.000,20,258.000,20,0,21,
105805618000,247.000,2,243.000,30,242.000,9,241.000,20,240.000,29,86.000,1,252.000,30,253.000,10,255.000,29,256.000,20,320.000,1,0,21,
105805618000,247.000,2,243.000,30,242.000,29,241.000,20,240.000,29,86.000,1,252.000,30,253.000,10,255.000,29,256.000,20,257.000,20,0,21,
105807385000,247.000,2,243.000,30,242.000,29,241.000,40,240.000,29,86.000,1,252.000,30,253.000,10,255.000,29,256.000,40,257.000,20,0,21,
105810363000,247.000,2,243.000,30,242.000,29,241.000,40,240.000,9,86.000,1,252.000,30,253.000,10,255.000,9,256.000,40,257.000,20,0,21,
105810363000,247.000,2,243.000,30,242.000,29,241.000,60,240.000,9,86.000,1,252.000,30,253.000,10,255.000,9,256.000,60,257.000,20,0,21,
105810993000,247.000,2,243.000,30,242.000,9,241.000,60,240.000,9,86.000,1,252.000,30,253.000,10,255.000,9,256.000,60,320.000,1,0,21,
105810993000,247.000,2,243.000,50,242.000,9,241.000,60,240.000,9,86.000,1,252.000,30,253.000,10,255.000,9,256.000,60,258.000,20,0,21,
105812759000,247.000,2,243.000,50,242.000,9,241.000,40,240.000,9,86.000,1,252.000,30,253.000,10,255.000,9,256.000,40,258.000,20,0,21,
105812759000,247.000,2,243.000,50,242.000,9,241.000,40,240.000,29,86.000,1,252.000,30,253.000,10,255.000,29,256.000,40,258.000,20,0,21,
105813124000,247.000,2,243.000,50,242.000,9,241.000,40,240.000,9,86.000,1,252.000,30,253.000,10,255.000,9,256.000,40,258.000,20,0,21,
105813374000,247.000,2,243.000,50,242.000,9,241.000,60,240.000,9,86.000,1,252.000,30,253.000,10,255.000,9,256.000,60,258.000,20,0,21,
105817561000,247.000,2,243.000,29,242.000,9,241.000,60,240.000,9,86.000,1,252.000,9,253.000,10,255.000,9,256.000,60,258.000,20,0,21,
105817561000,247.000,2,243.000,50,242.000,9,241.000,60,240.000,9,86.000,1,252.000,9,253.000,31,255.000,9,256.000,60,258.000,20,0,21,
105817561000,247.000,2,243.000,50,242.000,9,241.000,60,240.000,9,86.000,1,253.000,31,255.000,9,256.000,60,258.000,20,320.000,1,0,21,
105817624000,247.000,2,243.000,50,242.000,9,241.000,40,240.000,9,86.000,1,253.000,31,255.000,9,256.000,40,258.000,20,320.000,1,0,21,
105817710000,247.000,2,243.000,50,242.000,29,241.000,40,240.000,9,86.000,1,253.000,31,255.000,9,256.000,40,257.000,20,258.000,20,0,21,
105817722000,247.000,2,243.000,50,242.000,29,241.000,20,240.000,9,86.000,1,253.000,31,255.000,9,256.000,20,257.000,20,258.000,20,0,21,
105817722000,247.000,2,243.000,50,242.000,49,241.000,20,240.000,9,86.000,1,253.000,31,255.000,9,256.000,20,257.000,40,258.000,20,0,21,
105817743000,247.000,2,243.000,30,242.000,49,241.000,20,240.000,9,86.000,1,253.000,31,255.000,9,256.000,20,257.000,40,320.000,1,0,21,
105817743000,247.000,2,244.000,20,243.000,30,242.000,49,241.000,20,240.000,9,253.000,31,255.000,9,256.000,20,257.000,40,259.000,20,0,21,
105817743000,247.000,2,244.000,29,243.000,30,242.000,49,241.000,20,240.000,9,253.000,31,255.000,9,256.000,20,257.000,40,259.000,20,0,21,
105818005000,247.000,2,244.000,29,243.000,30,242.000,40,241.000,20,240.000,9,253.000,31,255.000,9,256.000,20,257.000,40,259.000,20,0,21,
105818118000,247.000,2,244.000,9,243.000,30,242.000,40,241.000,20,240.000,9,253.000,31,255.000,9,256.000,20,257.000,40,320.000,1,0,21,
105818118000,247.000,2,244.000,9,243.000,50,242.000,40,241.000,20,240.000,9,253.000,31,255.000,9,256.000,20,257.000,40,258.000,20,0,21,
105818118000,247.000,2,243.000,50,242.000,40,241.000,20,240.000,9,86.000,1,253.000,31,255.000,9,256.000,20,257.000,40,258.000,20,0,21,
105818126000,247.000,2,243.000,50,242.000,20,241.000,20,240.000,9,86.000,1,253.000,31,255.000,9,256.000,20,257.000,20,258.000,20,0,21,
105818268000,247.000,2,243.000,50,242.000,20,241.000,40,240.000,9,86.000,1,253.000,31,255.000,9,256.000,40,257.000,20,258.000,20,0,21,
105819574000,247.000,2,243.000,29,242.000,20,241.000,40,240.000,9,86.000,1,253.000,10,255.000,9,256.000,40,257.000,20,258.000,20,0,21,
105819574000,247.000,2,243.000,50,242.000,20,241.000,40,240.000,9,86.000,1,252.000,21,253.000,10,255.000,9,256.000,40,257.000,20,0,21,
105819574000,247.000,2,243.000,50,242.000,20,241.000,40,240.000,9,86.000,1,252.000,30,253.000,10,255.000,9,256.000,40,257.000,20,0,21,
105819607000,247.000,2,243.000,29,242.000,20,241.000,40,240.000,9,86.000,1,252.000,9,253.000,10,255.000,9,256.000,40,257.000,20,0,21,
105819607000,247.000,2,243.000,50,242.000,20,241.000,40,240.000,9,86.000,1,252.000,9,253.000,31,255.000,9,256.000,40,257.000,20,0,21,
105819608000,247.000,2,243.000,50,242.000,20,241.000,40,240.000,9,86.000,1,253.000,31,255.000,9,256.000,40,257.000,20,258.000,20,0,21,
105821373000,247.000,2,243.000,29,242.000,20,241.000,40,240.000,9,86.000,1,253.000,10,255.000,9,256.000,40,257.000,20,258.000,20,0,21,
105821373000,247.000,2,243.000,50,242.000,20,241.000,40,240.000,9,86.000,1,252.000,21,253.000,10,255.000,9,256.000,40,257.000,20,0,21,
105821373000,247.000,2,243.000,50,242.000,20,241.000,40,240.000,9,86.000,1,252.000,30,253.000,10,255.000,9,256.000,40,257.000,20,0,21,
105822846000,247.000,2,243.000,50,241.000,40,240.000,9,86.000,1,84.000,3,252.000,30,253.000,10,255.000,9,256.000,40,258.000,20,0,21,
105823636000,247.000,2,243.000,50,241.000,60,240.000,9,86.000,1,84.000,3,252.000,30,253.000,10,255.000,9,256.000,60,258.000,20,0,21,
105826158000,247.000,2,243.000,50,241.000,60,240.000,9,86.000,1,84.000,3,251.000,1,252.000,30,253.000,10,255.000,9,256.000,60,0,21,
105827091000,247.000,2,243.000,50,241.000,60,240.000,9,86.000,1,84.000,3,251.000,10,252.000,30,253.000,10,255.000,9,256.000,60,0,21,
105827505000,247.000,2,243.000,50,241.000,60,240.000,9,86.000,1,84.000,3,251.000,10,252.000,30,253.000,1,255.000,9,256.000,60,0,21,
105831868000,247.000,2,243.000,30,241.000,60,240.000,9,86.000,1,84.000,3,251.000,10,252.000,30,253.000,1,255.000,9,256.000,60,0,21,
105831868000,247.000,2,244.000,20,243.000,30,241.000,60,240.000,9,86.000,1,251.000,10,252.000,30,253.000,1,255.000,9,256.000,60,0,21,
105831868000,247.000,2,244.000,29,243.000,30,241.000,60,240.000,9,86.000,1,251.000,10,252.000,30,253.000,1,255.000,9,256.000,60,0,21,
105832196000,247.000,2,244.000,29,243.000,9,241.000,60,240.000,9,86.000,1,251.000,10,252.000,9,253.000,1,255.000,9,256.000,60,0,21,
105832196000,247.000,2,245.000,21,244.000,29,243.000,9,241.000,60,240.000,9,251.000,10,252.000,9,253.000,22,255.000,9,256.000,60,0,21,
105832197000,247.000,2,245.000,21,244.000,29,243.000,9,241.000,60,86.000,1,251.000,10,252.000,9,253.000,22,255.000,9,256.000,60,0,21,
105832197000,247.000,2,245.000,21,244.000,29,243.000,9,241.000,60,86.000,1,251.000,10,252.000,9,253.000,22,256.000,60,259.000,20,0,21,
105832199000,247.000,2,245.000,30,244.000,29,243.000,9,241.000,60,86.000,1,251.000,10,252.000,9,253.000,22,256.000,60,259.000,20,0,21,
105832199000,247.000,2,245.000,30,244.000,29,243.000,9,241.000,40,86.000,1,251.000,10,252.000,9,253.000,22,256.000,40,259.000,20,0,21,
105832199000,247.000,2,245.000,30,244.000,29,243.000,9,242.000,20,241.000,40,251.000,10,252.000,9,253.000,22,256.000,40,257.000,20,0,21,
105832200000,247.000,2,245.000,30,244.000,29,243.000,9,242.000,20,241.000,40,251.000,10,252.000,9,253.000,22,256.000,40,257.000,29,0,21,
105832200000,247.000,2,245.000,30,244.000,29,243.000,18,242.000,20,241.000,40,251.000,10,252.000,9,253.000,22,256.000,40,257.000,29,0,21,
105832505000,247.000,2,245.000,30,244.000,29,243.000,9,242.000,20,241.000,40,251.000,10,252.000,9,253.000,22,256.000,40,257.000,29,0,21,
105832530000,247.000,2,245.000,30,244.000,29,243.000,9,242.000,20,241.000,20,251.000,10,252.000,9,253.000,22,256.000,20,257.000,29,0,21,
105832713000,247.000,2,245.000,9,244.000,29,243.000,9,242.000,20,241.000,20,251.000,10,252.000,9,253.000,1,256.000,20,257.000,29,0,21,
105832713000,247.000,2,245.000,30,244.000,29,243.000,9,242.000,20,241.000,20,251.000,10,252.000,9,253.000,1,254.000,21,256.000,20,0,21,
105832713000,247.000,2,245.000,21,244.000,29,243.000,9,242.000,20,241.000,20,251.000,10,252.000,9,253.000,1,254.000,21,256.000,20,0,21,
105832714000,247.000,2,245.000,30,244.000,29,243.000,9,242.000,20,241.000,20,251.000,10,252.000,9,253.000,1,254.000,21,256.000,20,0,21,
105832848000,247.000,2,245.000,30,244.000,29,243.000,29,242.000,20,241.000,20,251.000,10,252.000,9,253.000,1,254.000,21,256.000,20,0,21,
105833775000,247.000,2,245.000,30,244.000,29,243.000,29,242.000,20,241.000,20,251.000,10,252.000,9,254.000,21,256.000,20,257.000,29,0,21,
105833985000,247.000,2,245.000,30,244.000,29,243.000,29,241.000,20,86.000,1,251.000,10,252.000,9,254.000,21,256.000,20,257.000,9,0,21,
105833985000,247.000,2,245.000,30,244.000,29,243.000,29,241.000,40,86.000,1,251.000,10,252.000,9,254.000,21,256.000,40,257.000,9,0,21,
105835412000,247.000,2,245.000,30,244.000,29,243.000,9,241.000,40,86.000,1,251.000,10,252.000,9,254.000,21,256.000,40,257.000,9,0,21,
105835889000,247.000,2,245.000,30,244.000,29,243.000,9,241.000,60,86.000,1,251.000,10,252.000,9,254.000,21,256.000,60,257.000,9,0,21,
105839968000,247.000,2,245.000,9,244.000,29,243.000,9,241.000,60,86.000,1,251.000,10,252.000,9,256.000,60,257.000,9,259.000,20,0,21,
105839968000,247.000,2,245.000,30,244.000,29,243.000,9,241.000,60,86.000,1,251.000,10,252.000,9,253.000,21,256.000,60,257.000,9,0,21,
105839969000,247.000,2,245.000,21,244.000,29,243.000,9,241.000,60,86.000,1,251.000,10,252.000,9,253.000,21,256.000,60,257.000,9,0,21,
105839969000,247.000,2,245.000,30,244.000,29,243.000,9,241.000,60,86.000,1,251.000,10,252.000,9,253.000,21,256.000,60,257.000,9,0,21,
105840357000,247.000,2,245.000,30,244.000,29,243.000,9,241.000,40,86.000,1,251.000,10,252.000,9,253.000,21,256.000,40,257.000,9,0,21,
105840357000,247.000,2,245.000,30,244.000,29,243.000,9,241.000,40,240.000,20,251.000,10,252.000,9,253.000,21,255.000,20,256.000,40,0,21,
105840368000,247.000,2,245.000,30,244.000,9,243.000,9,241.000,40,240.000,20,251.000,10,252.000,9,253.000,21,255.000,20,256.000,40,0,21,
105840368000,247.000,2,245.000,30,244.000,9,243.000,29,241.000,40,240.000,20,251.000,10,252.000,9,253.000,21,255.000,20,256.000,40,0,21,
105842532000,247.000,2,245.000,30,244.000,9,243.000,29,241.000,40,86.000,1,251.000,10,252.000,9,253.000,21,256.000,40,257.000,9,0,21,
105842919000,247.000,2,245.000,30,244.000,9,243.000,29,241.000,60,86.000,1,251.000,10,252.000,9,253.000,21,256.000,60,257.000,9,0,21,
105846212000,247.000,2,245.000,30,244.000,9,243.000,29,241.000,40,86.000,1,251.000,10,252.000,9,253.000,21,256.000,40,257.000,9,0,21,
105846270000,247.000,2,245.000,30,244.000,9,243.000,29,241.000,20,86.000,1,251.000,10,252.000,9,253.000,21,256.000,20,257.000,9,0,21,
105846270000,247.000,2,245.000,30,244.000,9,243.000,29,241.000,20,240.000,20,251.000,10,252.000,9,253.000,21,255.000,20,256.000,20,0,21,
105847044000,247.000,2,245.000,30,244.000,9,243.000,29,241.000,40,240.000,20,251.000,10,252.000,9,253.000,21,255.000,20,256.000,40,0,21,
105852019000,247.000,2,245.000,30,244.000,9,243.000,29,241.000,40,86.000,1,251.000,10,252.000,9,253.000,21,256.000,40,257.000,9,0,21,
105852019000,247.000,2,245.000,30,244.000,9,243.000,29,241.000,60,86.000,1,251.000,10,252.000,9,253.000,21,256.000,60,257.000,9,0,21,
105854619000,247.000,2,245.000,30,244.000,9,243.000,9,241.000,60,86.000,1,251.000,10,252.000,9,253.000,21,256.000,60,257.000,9,0,21,
105854619000,247.000,2,245.000,30,244.000,29,243.000,9,241.000,60,86.000,1,251.000,10,252.000,9,253.000,21,256.000,60,257.000,9,0,21,
105856965000,247.000,2,245.000,30,244.000,29,243.000,9,241.000,40,86.000,1,251.000,10,252.000,9,253.000,21,256.000,40,257.000,9,0,21,
105856965000,247.000,2,245.000,30,244.000,29,243.000,9,241.000,40,240.000,20,251.000,10,252.000,9,253.000,21,255.000,20,256.000,40,0,21,
105857130000,247.000,2,245.000,30,244.000,29,243.000,9,241.000,40,86.000,1,251.000,10,252.000,9,253.000,21,256.000,40,257.000,9,0,21,
105857504000,247.000,2,245.000,30,244.000,29,243.000,9,241.000,60,86.000,1,251.000,10,252.000,9,253.000,21,256.000,60,257.000,9,0,21,
105858743000,247.000,2,245.000,30,244.000,9,243.000,9,241.000,60,86.000,1,251.000,10,252.000,9,253.000,21,256.000,60,257.000,9,0,21,
105858743000,247.000,2,245.000,30,244.000,9,243.000,29,241.000,60,86.000,1,251.000,10,252.000,9,253.000,21,256.000,60,257.000,9,0,21,
105858755000,247.000,2,245.000,30,244.000,9,243.000,29,241.000,40,86.000,1,251.000,10,252.000,9,253.000,21,256.000,40,257.000,9,0,21,
105858755000,247.000,2,245.000,30,244.000,9,243.000,29,241.000,40,240.000,20,251.000,10,252.000,9,253.000,21,255.000,20,256.000,40,0,21,
105900379000,247.000,2,245.000,30,244.000,9,243.000,29,241.000,40,86.000,1,251.000,10,252.000,9,253.000,21,256.000,40,257.000,9,0,21,
105900379000,247.000,2,245.000,30,244.000,9,243.000,29,241.000,60,86.000,1,251.000,10,252.000,9,253.000,21,256.000,60,257.000,9,0,21,
105900503000,247.000,2,245.000,30,244.000,9,243.000,29,241.000,40,86.000,1,251.000,10,252.000,9,253.000,21,256.000,40,257.000,9,0,21,
105900994000,247.000,2,245.000,30,244.000,9,243.000,29,241.000,60,86.000,1,251.000,10,252.000,9,253.000,21,256.000,60,257.000,9,0,21,
105902861000,247.000,2,245.000,30,244.000,9,243.000,29,241.000,40,86.000,1,251.000,10,252.000,9,253.000,21,256.000,40,257.000,9,0,21,
105902861000,247.000,2,245.000,30,244.000,9,243.000,29,241.000,40,240.000,20,251.000,10,252.000,9,253.000,21,255.000,20,256.000,40,0,21,
105904268000,247.000,2,245.000,30,244.000,9,243.000,29,241.000,40,86.000,1,251.000,10,252.000,9,253.000,21,256.000,40,257.000,9,0,21,
105904268000,247.000,2,245.000,30,244.000,9,243.000,29,241.000,60,86.000,1,251.000,10,252.000,9,253.000,21,256.000,60,257.000,9,0,21,
105904369000,247.000,2,245.000,30,244.000,9,243.000,9,241.000,60,86.000,1,251.000,10,252.000,9,253.000,21,256.000,60,257.000,9,0,21,
105904369000,247.000,2,245.000,30,244.000,29,243.000,9,241.000,60,86.000,1,251.000,10,252.000,9,253.000,21,256.000,60,257.000,9,0,21,
105904601000,247.000,2,245.000,9,244.000,29,243.000,9,241.000,60,86.000,1,251.000,10,252.000,9,256.000,60,257.000,9,259.000,20,0,21,
105904601000,247.000,2,245.000,30,244.000,29,243.000,9,241.000,60,86.000,1,251.000,10,252.000,9,254.000,21,256.000,60,257.000,9,0,21,
105904601000,247.000,2,245.000,21,244.000,29,243.000,9,241.000,60,86.000,1,251.000,10,252.000,9,254.000,21,256.000,60,257.000,9,0,21,
105904602000,247.000,2,245.000,30,244.000,29,243.000,9,241.000,60,86.000,1,251.000,10,252.000,9,254.000,21,256.000,60,257.000,9,0,21,
105905537000,247.000,2,245.000,30,244.000,29,243.000,9,241.000,40,86.000,1,251.000,10,252.000,9,254.000,21,256.000,40,257.000,9,0,21,
105905537000,247.000,2,245.000,30,244.000,29,243.000,9,242.000,20,241.000,40,251.000,10,252.000,9,254.000,21,256.000,40,257.000,29,0,21,
105906410000,247.000,2,245.000,30,244.000,29,243.000,9,241.000,40,86.000,1,251.000,10,252.000,9,254.000,21,256.000,40,257.000,9,0,21,
105906410000,247.000,2,245.000,30,244.000,29,243.000,9,241.000,60,86.000,1,251.000,10,252.000,9,254.000,21,256.000,60,257.000,9,0,21,
105907100000,247.000,2,245.000,30,244.000,29,243.000,9,241.000,40,86.000,1,251.000,10,252.000,9,254.000,21,256.000,40,257.000,9,0,21,
105907360000,247.000,2,245.000,30,244.000,29,243.000,9,242.000,20,241.000,40,251.000,10,252.000,9,254.000,21,256.000,40,257.000,29,0,21,
105909867000,247.000,2,245.000,30,244.000,29,243.000,9,242.000,20,241.000,20,251.000,10,252.000,9,254.000,21,256.000,20,257.000,29,0,21,
105909867000,247.000,2,245.000,30,244.000,29,243.000,9,242.000,20,241.000,20,251.000,10,252.000,9,254.000,21,255.000,20,256.000,20,0,21,
105909868000,247.000,2,245.000,30,244.000,9,243.000,9,242.000,20,241.000,20,251.000,10,252.000,9,254.000,21,255.000,20,256.000,20,0,21,
105909868000,247.000,2,245.000,30,244.000,9,243.000,29,242.000,20,241.000,20,251.000,10,252.000,9,254.000,21,255.000,20,256.000,20,0,21,
105910112000,247.000,2,245.000,30,244.000,9,243.000,29,242.000,20,241.000,20,251.000,10,252.000,9,254.000,21,256.000,20,257.000,29,0,21,
105910482000,247.000,2,245.000,30,244.000,9,243.000,29,241.000,20,86.000,1,251.000,10,252.000,9,254.000,21,256.000,20,257.000,9,0,21,
105910487000,247.000,2,245.000,30,244.000,9,243.000,29,241.000,20,240.000,20,251.000,10,252.000,9,254.000,21,255.000,20,256.000,20,0,21,
105911427000,247.000,2,245.000,30,244.000,9,243.000,29,242.000,20,241.000,20,251.000,10,252.000,9,254.000,21,255.000,20,256.000,20,0,21,
105911428000,247.000,2,245.000,30,244.000,9,243.000,29,242.000,20,241.000,20,251.000,10,252.000,9,254.000,21,256.000,20,257.000,29,0,21,
105911428000,247.000,2,245.000,30,244.000,9,243.000,29,242.000,20,241.000,40,251.000,10,252.000,9,254.000,21,256.000,40,257.000,29,0,21,
105912177000,247.000,2,245.000,30,244.000,9,243.000,29,242.000,20,241.000,20,251.000,10,252.000,9,254.000,21,256.000,20,257.000,29,0,21,
105912177000,247.000,2,245.000,30,244.000,9,243.000,29,242.000,20,241.000,20,251.000,10,252.000,9,254.000,21,255.000,20,256.000,20,0,21,
105913753000,247.000,2,245.000,9,244.000,9,243.000,29,242.000,20,241.000,20,251.000,10,252.000,9,255.000,20,256.000,20,257.000,29,0,21,
105913753000,247.000,2,245.000,30,244.000,9,243.000,29,242.000,20,241.000,20,251.000,10,252.000,9,253.000,21,255.000,20,256.000,20,0,21,
105913753000,247.000,2,245.000,30,244.000,9,243.000,38,242.000,20,241.000,20,251.000,10,252.000,9,253.000,21,255.000,20,256.000,20,0,21,
105913753000,247.000,2,245.000,21,244.000,9,243.000,38,242.000,20,241.000,20,251.000,10,252.000,9,253.000,21,255.000,20,256.000,20,0,21,
105914105000,247.000,2,245.000,30,244.000,9,243.000,38,242.000,20,241.000,20,251.000,10,252.000,9,253.000,21,255.000,20,256.000,20,0,21,
105914505000,247.000,2,245.000,30,244.000,9,243.000,29,242.000,20,241.000,20,251.000,10,252.000,9,253.000,21,255.000,20,256.000,20,0,21,
105915001000,247.000,2,245.000,30,244.000,9,243.000,29,242.000,20,241.000,20,251.000,10,252.000,9,253.000,21,256.000,20,257.000,29,0,21,
105915001000,247.000,2,245.000,30,244.000,9,243.000,29,242.000,20,241.000,40,251.000,10,252.000,9,253.000,21,256.000,40,257.000,29,0,21,
105915743000,247.000,2,245.000,30,244.000,9,243.000,9,242.000,20,241.000,40,251.000,10,252.000,9,253.000,21,256.000,40,257.000,29,0,21,
105915743000,247.000,2,245.000,30,244.000,29,243.000,9,242.000,20,241.000,40,251.000,10,252.000,9,253.000,21,256.000,40,257.000,29,0,21,
105916427000,247.000,2,245.000,9,244.000,29,243.000,9,242.000,20,241.000,40,251.000,10,252.000,9,256.000,40,257.000,29,259.000,20,0,21,
105916427000,247.000,2,245.000,30,244.000,29,243.000,9,242.000,20,241.000,40,251.000,10,252.000,9,254.000,21,256.000,40,257.000,29,0,21,
105916429000,247.000,2,245.000,21,244.000,29,243.000,9,242.000,20,241.000,40,251.000,10,252.000,9,254.000,21,256.000,40,257.000,29,0,21,
105916430000,247.000,2,245.000,30,244.000,29,243.000,9,242.000,20,241.000,40,251.000,10,252.000,9,254.000,21,256.000,40,257.000,29,0,21,
105916431000,247.000,2,245.000,30,244.000,29,243.000,9,242.000,20,241.000,20,251.000,10,252.000,9,254.000,21,256.000,20,257.000,29,0,21,
105916431000,247.000,2,245.000,30,244.000,29,243.000,9,242.000,40,241.000,20,251.000,10,252.000,9,254.000,21,256.000,20,257.000,49,0,21,
105917582000,247.000,2,245.000,30,244.000,29,243.000,9,242.000,20,241.000,20,251.000,10,252.000,9,254.000,21,256.000,20,257.000,29,0,21,
105917582000,247.000,2,245.000,30,244.000,29,243.000,9,242.000,20,241.000,40,251.000,10,252.000,9,254.000,21,256.000,40,257.000,29,0,21,
105919730000,247.000,2,245.000,30,244.000,29,243.000,9,242.000,20,241.000,20,251.000,10,252.000,9,254.000,21,256.000,20,257.000,29,0,21,
105919730000,247.000,2,245.000,30,244.000,29,243.000,9,242.000,40,241.000,20,251.000,10,252.000,9,254.000,21,256.000,20,257.000,49,0,21,
105919730000,247.000,2,245.000,30,244.000,29,243.000,9,242.000,20,241.000,20,251.000,10,252.000,9,254.000,21,256.000,20,257.000,29,0,21,
105919746000,247.000,2,245.000,30,244.000,29,243.000,9,242.000,20,241.000,20,251.000,1,252.000,9,254.000,21,256.000,20,257.000,29,0,21,
105919807000,247.000,2,245.000,30,244.000,29,243.000,29,242.000,20,241.000,20,251.000,1,252.000,9,254.000,21,256.000,20,257.000,29,0,21,
105919867000,247.000,2,245.000,30,244.000,9,243.000,29,242.000,20,241.000,20,251.000,1,252.000,9,254.000,21,256.000,20,257.000,29,0,21,
105919867000,247.000,2,245.000,50,244.000,9,243.000,29,242.000,20,241.000,20,251.000,1,252.000,9,254.000,21,256.000,20,257.000,29,0,21,
105920609000,247.000,2,245.000,29,244.000,9,243.000,29,242.000,20,241.000,20,251.000,1,252.000,9,256.000,20,257.000,29,258.000,20,0,21,
105920609000,247.000,2,245.000,50,244.000,9,243.000,29,242.000,20,241.000,20,251.000,1,252.000,9,255.000,21,256.000,20,257.000,29,0,21,
105923119000,247.000,2,245.000,50,244.000,9,243.000,29,242.000,20,86.000,1,251.000,1,252.000,9,255.000,21,257.000,29,258.000,20,0,21,
105923129000,247.000,2,245.000,50,244.000,9,243.000,29,242.000,20,86.000,1,251.000,1,252.000,9,255.000,21,257.000,20,258.000,20,0,21,
105923132000,247.000,2,245.000,50,244.000,9,243.000,29,242.000,20,86.000,1,251.000,1,252.000,9,253.000,9,255.000,21,257.000,20,0,21,
105923132000,247.000,2,245.000,29,244.000,9,243.000,29,242.000,20,86.000,1,251.000,1,252.000,9,253.000,9,257.000,20,258.000,20,0,21,
105923132000,247.000,2,245.000,50,244.000,9,243.000,29,242.000,20,86.000,1,251.000,1,252.000,9,253.000,9,256.000,21,257.000,20,0,21,
105923135000,247.000,2,245.000,50,244.000,9,243.000,29,242.000,20,86.000,1,251.000,1,253.000,9,256.000,21,257.000,20,258.000,20,0,21,
105923136000,247.000,2,245.000,50,244.000,9,243.000,29,86.000,1,84.000,3,251.000,1,253.000,9,256.000,21,258.000,20,260.000,20,0,21,
105923140000,247.000,2,245.000,30,244.000,9,243.000,29,86.000,1,84.000,3,251.000,1,253.000,9,256.000,21,258.000,20,320.000,1,0,21,
105923140000,247.000,2,247.000,20,245.000,30,244.000,9,243.000,29,86.000,1,251.000,1,253.000,9,256.000,21,258.000,20,262.000,20,0,21,
105923146000,247.000,2,247.000,29,245.000,30,244.000,9,243.000,29,86.000,1,251.000,1,253.000,9,256.000,21,258.000,20,262.000,20,0,21,
105923149000,247.000,2,247.000,29,245.000,30,244.000,9,243.000,49,86.000,1,251.000,1,253.000,9,256.000,21,258.000,40,262.000,20,0,21,
105923282000,247.000,2,247.000,29,245.000,30,244.000,9,243.000,69,86.000,1,251.000,1,253.000,9,256.000,21,258.000,60,262.000,20,0,21,
105923493000,247.000,2,247.000,9,245.000,30,244.000,9,243.000,69,86.000,1,251.000,1,253.000,9,256.000,21,258.000,60,320.000,1,0,21,
105923493000,247.000,2,247.000,9,246.000,20,245.000,30,244.000,9,243.000,69,251.000,1,253.000,9,256.000,21,258.000,60,261.000,20,0,21,
105923493000,247.000,2,246.000,20,245.000,30,244.000,9,243.000,69,86.000,1,251.000,1,253.000,9,256.000,21,258.000,60,261.000,20,0,21,
105923494000,247.000,2,246.000,29,245.000,30,244.000,9,243.000,69,86.000,1,251.000,1,253.000,9,256.000,21,258.000,60,261.000,20,0,21,
105923505000,247.000,2,246.000,29,245.000,30,243.000,69,86.000,1,84.000,3,251.000,1,253.000,9,256.000,21,258.000,60,261.000,20,0,21,
105924210000,247.000,2,246.000,29,245.000,9,243.000,69,86.000,1,84.000,3,251.000,1,253.000,9,258.000,60,261.000,20,320.000,1,0,21,
105924210000,247.000,2,247.000,21,246.000,29,245.000,9,243.000,69,86.000,1,251.000,1,253.000,9,256.000,21,258.000,60,261.000,20,0,21,
105924210000,247.000,2,247.000,30,246.000,29,245.000,9,243.000,69,86.000,1,251.000,1,253.000,9,256.000,21,258.000,60,261.000,20,0,21,
105924210000,247.000,2,247.000,30,246.000,29,245.000,9,243.000,69,86.000,1,251.000,1,253.000,9,256.000,21,258.000,60,259.000,9,0,21,
105924505000,247.000,2,247.000,30,246.000,29,243.000,69,86.000,1,84.000,3,251.000,1,253.000,9,256.000,21,258.000,60,259.000,9,0,21,
105924972000,247.000,2,247.000,30,246.000,29,243.000,49,86.000,1,84.000,3,251.000,1,253.000,9,256.000,21,258.000,40,259.000,9,0,21,
105924972000,247.000,2,247.000,30,246.000,29,243.000,49,242.000,20,86.000,1,251.000,1,253.000,9,256.000,21,257.000,20,258.000,40,0,21,
105924993000,247.000,2,247.000,30,246.000,9,243.000,49,242.000,20,86.000,1,251.000,1,253.000,9,256.000,21,257.000,20,258.000,40,0,21,
105924993000,247.000,2,247.000,30,246.000,9,245.000,20,243.000,49,242.000,20,251.000,1,253.000,9,256.000,21,257.000,20,258.000,40,0,21,
105925111000,247.000,2,247.000,30,246.000,9,245.000,20,243.000,49,86.000,1,251.000,1,253.000,9,256.000,21,258.000,40,259.000,9,0,21,
105925311000,247.000,2,247.000,9,246.000,9,245.000,20,243.000,49,86.000,1,251.000,1,253.000,9,258.000,40,259.000,9,260.000,20,0,21,
105925311000,247.000,2,247.000,30,246.000,9,245.000,20,243.000,49,86.000,1,251.000,1,253.000,9,254.000,21,258.000,40,259.000,9,0,21,
105925311000,247.000,2,247.000,21,246.000,9,245.000,20,243.000,49,86.000,1,251.000,1,253.000,9,254.000,21,258.000,40,259.000,9,0,21,
105925338000,247.000,2,247.000,21,246.000,9,245.000,20,243.000,49,86.000,1,251.000,1,252.000,9,253.000,9,254.000,21,258.000,40,0,21,
105925338000,247.000,2,247.000,30,246.000,9,245.000,20,243.000,49,86.000,1,251.000,1,252.000,9,253.000,9,254.000,21,258.000,40,0,21,
105925380000,247.000,2,247.000,30,246.000,9,245.000,20,243.000,49,86.000,1,251.000,6,252.000,9,253.000,9,254.000,21,258.000,40,0,21,
105925478000,247.000,2,247.000,30,246.000,9,245.000,20,243.000,49,241.000,20,251.000,6,252.000,9,253.000,9,254.000,21,256.000,20,0,21,
105925505000,247.000,2,247.000,30,246.000,9,245.000,20,243.000,49,241.000,20,251.000,6,252.000,9,254.000,21,256.000,20,258.000,40,0,21,
105926222000,247.000,2,247.000,30,246.000,9,245.000,20,243.000,49,86.000,1,251.000,6,252.000,9,254.000,21,258.000,40,259.000,9,0,21,
105926222000,247.000,2,247.000,30,246.000,9,245.000,20,243.000,49,242.000,20,251.000,6,252.000,9,254.000,21,257.000,20,258.000,40,0,21,
105926431000,247.000,2,247.000,30,246.000,9,245.000,20,243.000,49,86.000,1,251.000,6,252.000,9,254.000,21,258.000,40,259.000,9,0,21,
105926725000,247.000,2,247.000,30,246.000,9,245.000,20,243.000,49,241.000,20,251.000,6,252.000,9,254.000,21,256.000,20,258.000,40,0,21,
105927598000,247.000,2,247.000,30,246.000,9,245.000,20,243.000,49,86.000,1,251.000,6,252.000,9,254.000,21,258.000,40,259.000,9,0,21,
105927598000,247.000,2,247.000,30,246.000,9,245.000,20,243.000,49,242.000,20,251.000,6,252.000,9,254.000,21,257.000,20,258.000,40,0,21,
105929839000,247.000,2,247.000,30,246.000,9,245.000,20,243.000,49,242.000,20,251.000,1,252.000,9,254.000,21,257.000,20,258.000,40,0,21,
105931104000,247.000,2,247.000,30,246.000,9,245.000,20,243.000,49,242.000,20,251.000,6,252.000,9,254.000,21,257.000,20,258.000,40,0,21,
105931330000,247.000,2,247.000,30,246.000,9,245.000,20,243.000,49,242.000,20,251.000,1,252.000,9,254.000,21,257.000,20,258.000,40,0,21,
105936006000,247.000,2,247.000,30,246.000,9,245.000,20,243.000,49,86.000,1,251.000,1,252.000,9,254.000,21,258.000,40,259.000,9,0,21,
105936006000,247.000,2,247.000,30,246.000,9,245.000,20,243.000,69,86.000,1,251.000,1,252.000,9,254.000,21,258.000,60,259.000,9,0,21,
105936129000,247.000,2,247.000,30,246.000,9,245.000,20,243.000,49,86.000,1,251.000,1,252.000,9,254.000,21,258.000,40,259.000,9,0,21,
105936629000,247.000,2,247.000,30,246.000,9,245.000,20,243.000,49,242.000,20,251.000,1,252.000,9,254.000,21,257.000,20,258.000,40,0,21,
105937473000,247.000,2,247.000,30,246.000,9,245.000,20,243.000,49,242.000,20,248.000,2,251.000,1,252.000,9,254.000,21,257.000,20,0,21,
105937473000,248.000,2,247.000,30,246.000,9,245.000,20,243.000,49,242.000,20,248.000,2,251.000,1,252.000,9,254.000,21,257.000,20,1,23,105937473000
105937473000,248.000,2,247.000,30,246.000,9,245.000,20,243.000,49,242.000,20,251.000,1,252.000,9,254.000,21,257.000,20,258.000,40,0,23,
105937716000,248.000,2,247.000,30,246.000,9,245.000,20,243.000,49,242.000,20,251.000,6,252.000,9,254.000,21,257.000,20,258.000,40,0,23,
105937861000,248.000,2,247.000,30,246.000,9,245.000,20,243.000,49,86.000,1,251.000,6,252.000,9,254.000,21,258.000,40,259.000,9,0,23,
105937861000,248.000,2,247.000,30,246.000,9,245.000,20,243.000,49,241.000,20,251.000,6,252.000,9,254.000,21,256.000,20,258.000,40,0,23,
105937868000,248.000,2,247.000,30,246.000,9,243.000,49,241.000,20,86.000,1,251.000,6,252.000,9,254.000,21,256.000,20,258.000,40,0,23,
105937868000,248.000,2,247.000,30,246.000,9,244.000,20,243.000,49,241.000,20,251.000,6,252.000,9,254.000,21,256.000,20,258.000,40,0,23,
105939900000,248.000,2,247.000,30,246.000,9,244.000,20,243.000,29,241.000,20,251.000,6,252.000,9,254.000,21,256.000,20,258.000,20,0,23,
105940395000,248.000,2,247.000,30,246.000,9,244.000,20,243.000,29,86.000,1,251.000,6,252.000,9,254.000,21,258.000,20,259.000,29,0,23,
105940395000,248.000,2,247.000,30,246.000,9,244.000,20,243.000,29,242.000,20,251.000,6,252.000,9,254.000,21,257.000,20,258.000,20,0,23,
105940751000,248.000,2,247.000,30,246.000,9,244.000,20,243.000,29,86.000,1,251.000,6,252.000,9,254.000,21,258.000,20,259.000,29,0,23,
105940776000,248.000,2,247.000,30,246.000,9,244.000,20,243.000,49,86.000,1,251.000,6,252.000,9,254.000,21,258.000,40,259.000,29,0,23,
105941002000,248.000,2,247.000,30,246.000,9,244.000,20,243.000,49,241.000,20,251.000,6,252.000,9,254.000,21,256.000,20,258.000,40,0,23,
105941376000,248.000,2,247.000,30,246.000,9,244.000,20,243.000,49,86.000,1,251.000,6,252.000,9,254.000,21,258.000,40,259.000,29,0,23,
105941501000,248.000,2,247.000,30,246.000,9,244.000,20,243.000,49,242.000,20,251.000,6,252.000,9,254.000,21,257.000,20,258.000,40,0,23,
105941876000,248.000,2,247.000,30,246.000,9,244.000,20,243.000,49,86.000,1,251.000,6,252.000,9,254.000,21,258.000,40,259.000,29,0,23,
105942000000,248.000,2,247.000,30,246.000,9,244.000,20,243.000,49,241.000,20,251.000,6,252.000,9,254.000,21,256.000,20,258.000,40,0,23,
105942985000,248.000,2,247.000,30,246.000,9,244.000,20,243.000,49,241.000,20,251.000,5,252.000,9,254.000,21,256.000,20,258.000,40,0,23,
105942985000,248.000,2,247.000,30,246.000,9,244.000,20,243.000,49,241.000,20,251.000,5,252.000,9,254.000,30,256.000,20,258.000,40,0,23,
105942985000,248.000,2,247.000,30,246.000,9,244.000,20,243.000,49,241.000,20,252.000,9,254.000,30,256.000,20,258.000,40,259.000,29,0,23,
105942985000,248.000,2,247.000,30,246.000,9,244.000,20,243.000,49,241.000,20,254.000,30,256.000,20,258.000,40,259.000,29,320.000,1,0,23,
105942995000,248.000,2,247.000,30,246.000,9,244.000,20,243.000,49,86.000,1,254.000,30,258.000,40,259.000,29,320.000,1,400.000,1,0,23,
105942995000,248.000,2,247.000,30,246.000,9,244.000,20,243.000,49,242.000,20,254.000,30,257.000,20,258.000,40,259.000,29,320.000,1,0,23,
105943993000,248.000,2,247.000,30,246.000,9,243.000,49,242.000,20,86.000,1,254.000,30,257.000,20,258.000,40,259.000,9,320.000,1,0,23,
105943993000,248.000,2,247.000,30,246.000,9,245.000,20,243.000,49,242.000,20,254.000,30,257.000,20,258.000,40,259.000,9,260.000,20,0,23,
105944618000,248.000,2,247.000,30,246.000,9,243.000,49,242.000,20,86.000,1,254.000,30,257.000,20,258.000,40,259.000,9,320.000,1,0,23,
105944618000,248.000,2,247.000,30,246.000,29,243.000,49,242.000,20,86.000,1,254.000,30,257.000,20,258.000,40,259.000,9,261.000,20,0,23,
105945610000,248.000,2,247.000,9,246.000,29,243.000,49,242.000,20,86.000,1,254.000,9,257.000,20,258.000,40,259.000,9,261.000,20,0,23,
105945610000,248.000,2,247.000,30,246.000,29,243.000,49,242.000,20,86.000,1,254.000,9,255.000,21,257.000,20,258.000,40,259.000,9,0,23,
105945610000,248.000,2,247.000,30,246.000,29,243.000,49,242.000,20,86.000,1,254.000,9,255.000,21,257.000,29,258.000,40,259.000,9,0,23,
105945610000,248.000,2,247.000,21,246.000,29,243.000,49,242.000,20,86.000,1,254.000,9,255.000,21,257.000,29,258.000,40,259.000,9,0,23,
105945610000,248.000,2,247.000,21,246.000,29,243.000,49,242.000,20,86.000,1,255.000,21,257.000,29,258.000,40,259.000,9,261.000,20,0,23,
105945610000,248.000,2,247.000,21,246.000,29,243.000,49,242.000,20,86.000,1,255.000,30,257.000,29,258.000,40,259.000,9,261.000,20,0,23,
105945610000,248.000,2,247.000,30,246.000,29,243.000,49,242.000,20,86.000,1,255.000,30,257.000,29,258.000,40,259.000,9,261.000,20,0,23,
105948234000,248.000,2,247.000,30,246.000,29,243.000,49,86.000,1,84.000,3,255.000,30,257.000,9,258.000,40,259.000,9,261.000,20,0,23,
105948234000,248.000,2,247.000,30,246.000,29,243.000,69,86.000,1,84.000,3,255.000,30,257.000,9,258.000,60,259.000,9,261.000,20,0,23,
105948649000,248.000,2,247.000,9,246.000,29,243.000,69,86.000,1,84.000,3,255.000,9,257.000,9,258.000,60,259.000,9,261.000,20,0,23,
105948649000,248.000,2,247.000,30,246.000,29,243.000,69,86.000,1,84.000,3,255.000,9,256.000,21,257.000,9,258.000,60,259.000,9,0,23,
105948650000,248.000,2,247.000,30,246.000,29,243.000,69,86.000,1,84.000,3,255.000,9,256.000,30,257.000,9,258.000,60,259.000,9,0,23,
105948650000,248.000,2,247.000,30,246.000,29,243.000,69,86.000,1,84.000,3,256.000,30,257.000,9,258.000,60,259.000,9,261.000,20,0,23,
105948655000,248.000,2,247.000,30,246.000,29,243.000,49,86.000,1,84.000,3,256.000,30,257.000,9,258.000,40,259.000,9,261.000,20,0,23,
105949868000,248.000,2,247.000,30,246.000,9,243.000,49,86.000,1,84.000,3,256.000,30,257.000,9,258.000,40,259.000,9,320.000,1,0,23,
105949868000,248.000,2,247.000,50,246.000,9,243.000,49,86.000,1,84.000,3,256.000,30,257.000,9,258.000,40,259.000,9,262.000,20,0,23,
105949875000,248.000,2,247.000,50,246.000,9,244.000,20,243.000,49,86.000,1,256.000,30,257.000,9,258.000,40,259.000,29,262.000,20,0,23,
105950043000,248.000,2,247.000,50,246.000,9,244.000,20,243.000,40,86.000,1,256.000,30,257.000,9,258.000,40,259.000,29,262.000,20,0,23,
105950044000,248.000,2,247.000,50,246.000,9,245.000,9,244.000,20,243.000,40,256.000,30,257.000,9,258.000,40,259.000,29,262.000,20,0,23,
105950139000,248.000,2,247.000,50,246.000,9,245.000,9,244.000,20,243.000,20,256.000,30,257.000,9,258.000,20,259.000,29,262.000,20,0,23,
105950139000,248.000,2,247.000,50,246.000,9,245.000,9,244.000,40,243.000,20,256.000,30,257.000,9,258.000,20,259.000,49,262.000,20,0,23,
105950504000,248.000,2,247.000,50,246.000,9,245.000,9,244.000,20,243.000,20,256.000,30,257.000,9,258.000,20,259.000,29,262.000,20,0,23,
105950629000,248.000,2,247.000,29,246.000,9,245.000,9,244.000,20,243.000,20,256.000,9,257.000,9,258.000,20,259.000,29,262.000,20,0,23,
105950629000,248.000,2,247.000,50,246.000,9,245.000,9,244.000,20,243.000,20,256.000,9,257.000,30,258.000,20,259.000,29,262.000,20,0,23,
105950629000,248.000,2,247.000,50,246.000,9,245.000,9,244.000,20,243.000,20,256.000,9,257.000,30,258.000,29,259.000,29,262.000,20,0,23,
105950630000,248.000,2,247.000,50,246.000,9,245.000,9,244.000,20,243.000,20,257.000,30,258.000,29,259.000,29,262.000,20,320.000,1,0,23,
105951630000,248.000,2,247.000,29,246.000,9,245.000,9,244.000,20,243.000,20,257.000,9,258.000,29,259.000,29,262.000,20,320.000,1,0,23,
105951630000,248.000,2,247.000,50,246.000,9,245.000,9,244.000,20,243.000,20,256.000,21,257.000,9,258.000,29,259.000,29,262.000,20,0,23,
105951630000,248.000,2,247.000,50,246.000,9,245.000,9,244.000,20,243.000,20,256.000,21,258.000,29,259.000,29,262.000,20,320.000,1,0,23,
105951630000,248.000,2,247.000,50,246.000,9,245.000,9,244.000,20,243.000,20,256.000,30,258.000,29,259.000,29,262.000,20,320.000,1,0,23,
105951633000,248.000,2,247.000,50,246.000,9,245.000,9,244.000,20,243.000,40,256.000,30,258.000,49,259.000,29,262.000,20,320.000,1,0,23,
105955137000,248.000,2,247.000,50,246.000,9,245.000,9,244.000,20,243.000,20,256.000,30,258.000,29,259.000,29,262.000,20,320.000,1,0,23,
105955241000,248.000,2,247.000,50,246.000,9,245.000,9,244.000,20,86.000,1,256.000,30,258.000,9,259.000,29,262.000,20,320.000,1,0,23,
105955241000,248.000,2,247.000,50,246.000,9,245.000,9,244.000,40,86.000,1,256.000,30,258.000,9,259.000,49,262.000,20,320.000,1,0,23,
105955505000,248.000,2,247.000,50,246.000,9,245.000,29,244.000,40,86.000,1,256.000,30,258.000,9,259.000,49,260.000,20,262.000,20,0,23,
105955625000,248.000,2,247.000,29,246.000,9,245.000,29,244.000,40,86.000,1,256.000,9,258.000,9,259.000,49,260.000,20,262.000,20,0,23,
105955625000,248.000,2,247.000,50,246.000,9,245.000,29,244.000,40,86.000,1,256.000,9,257.000,21,258.000,9,259.000,49,260.000,20,0,23,
105955626000,248.000,2,247.000,50,246.000,9,245.000,29,244.000,40,86.000,1,256.000,9,257.000,21,258.000,9,259.000,58,260.000,20,0,23,
105955626000,248.000,2,247.000,50,246.000,9,245.000,29,244.000,40,86.000,1,256.000,9,257.000,30,258.000,9,259.000,58,260.000,20,0,23,
105955626000,248.000,2,247.000,50,246.000,9,245.000,29,244.000,40,86.000,1,257.000,30,258.000,9,259.000,58,260.000,20,262.000,20,0,23,
105955988000,248.000,2,247.000,50,246.000,9,245.000,29,244.000,20,86.000,1,257.000,30,258.000,9,259.000,38,260.000,20,262.000,20,0,23,
105955988000,248.000,2,247.000,50,246.000,9,245.000,29,244.000,20,243.000,20,257.000,30,258.000,29,259.000,38,260.000,20,262.000,20,0,23,
105956004000,248.000,2,247.000,50,246.000,9,245.000,29,244.000,20,243.000,20,257.000,30,258.000,29,259.000,29,260.000,20,262.000,20,0,23,
105956531000,248.000,2,247.000,50,246.000,9,245.000,29,244.000,20,86.000,1,257.000,30,258.000,9,259.000,29,260.000,20,262.000,20,0,23,
105956647000,248.000,2,247.000,50,246.000,9,245.000,29,244.000,20,243.000,20,257.000,30,258.000,29,259.000,29,260.000,20,262.000,20,0,23,
105959489000,248.000,2,247.000,50,246.000,9,245.000,29,244.000,20,86.000,1,257.000,30,258.000,9,259.000,29,260.000,20,262.000,20,0,23,
105959489000,248.000,2,247.000,50,246.000,9,245.000,29,244.000,40,86.000,1,257.000,30,258.000,9,259.000,49,260.000,20,262.000,20,0,23,
110000119000,248.000,2,247.000,30,246.000,9,245.000,29,244.000,40,86.000,1,257.000,30,258.000,9,259.000,49,260.000,20,320.000,1,0,23,
110000119000,248.000,2,248.000,20,247.000,30,246.000,9,245.000,29,244.000,40,257.000,30,258.000,9,259.000,49,260.000,20,263.000,20,0,23,
110000212000,248.000,2,248.000,20,247.000,9,246.000,9,245.000,29,244.000,40,257.000,9,258.000,9,259.000,49,260.000,20,263.000,20,0,23,
110000212000,248.000,2,249.000,21,248.000,20,247.000,9,246.000,9,245.000,29,257.000,30,258.000,9,259.000,49,260.000,20,263.000,20,0,23,
110000212000,248.000,2,249.000,21,248.000,20,247.000,9,246.000,9,245.000,29,257.000,21,258.000,9,259.000,49,260.000,20,263.000,20,0,23,
110000316000,248.000,2,249.000,21,248.000,20,247.000,9,246.000,9,245.000,29,257.000,21,258.000,9,259.000,29,260.000,20,263.000,20,0,23,
110000423000,248.000,2,249.000,21,248.000,20,247.000,9,246.000,9,245.000,29,257.000,21,258.000,9,259.000,20,260.000,20,263.000,20,0,23,
110000429000,248.000,2,249.000,21,248.000,20,247.000,9,246.000,9,245.000,29,257.000,21,258.000,9,260.000,20,263.000,20,320.000,1,0,23,
110000429000,248.000,2,249.000,21,248.000,20,247.000,9,246.000,9,245.000,49,257.000,21,258.000,9,260.000,40,263.000,20,320.000,1,0,23,
110000432000,248.000,2,249.000,21,248.000,20,247.000,9,246.000,9,245.000,29,257.000,21,258.000,9,260.000,20,263.000,20,320.000,1,0,23,
110000743000,248.000,2,249.000,21,247.000,9,246.000,9,245.000,29,86.000,1,257.000,21,258.000,9,260.000,20,320.000,1,400.000,1,0,23,
110000743000,248.000,2,249.000,41,247.000,9,246.000,9,245.000,29,86.000,1,257.000,21,258.000,9,260.000,20,264.000,20,320.000,1,0,23,
110000775000,248.000,2,249.000,20,247.000,9,246.000,9,245.000,29,86.000,1,258.000,9,260.000,20,264.000,20,320.000,1,400.000,1,0,23,
110000777000,248.000,2,249.000,20,247.000,9,246.000,9,245.000,9,86.000,1,258.000,9,264.000,20,320.000,1,400.000,1,414.000,1,0,23,
110000784000,248.000,2,249.000,20,247.000,9,246.000,9,245.000,9,86.000,1,264.000,20,320.000,1,400.000,1,414.000,1,450.000,1,0,23,
110000872000,248.000,2,247.000,9,246.000,9,245.000,9,86.000,1,84.000,3,320.000,1,400.000,1,414.000,1,450.000,1,775.000,1,0,23,
110000872000,248.000,2,250.000,20,247.000,9,246.000,9,245.000,9,86.000,1,270.000,20,320.000,1,400.000,1,414.000,1,450.000,1,0,23,
110000872000,248.000,2,250.000,20,246.000,9,245.000,9,86.000,1,84.000,3,270.000,20,320.000,1,400.000,1,414.000,1,450.000,1,0,23,
110000996000,248.000,2,250.000,20,247.000,20,246.000,9,245.000,9,86.000,1,262.000,20,270.000,20,320.000,1,400.000,1,414.000,1,0,23,
110001005000,248.000,2,250.000,20,247.000,40,246.000,9,245.000,9,86.000,1,262.000,40,270.000,20,320.000,1,400.000,1,414.000,1,0,23,
110001029000,248.000,2,250.000,20,247.000,20,246.000,9,245.000,9,86.000,1,262.000,20,270.000,20,320.000,1,400.000,1,414.000,1,0,23,
110001032000,248.000,2,250.000,20,246.000,9,245.000,9,86.000,1,84.000,3,270.000,20,320.000,1,400.000,1,414.000,1,450.000,1,0,23,
110001166000,248.000,2,250.000,40,246.000,9,245.000,9,86.000,1,84.000,3,270.000,40,320.000,1,400.000,1,414.000,1,450.000,1,0,23,
110001503000,248.000,2,250.000,40,246.000,9,245.000,29,86.000,1,84.000,3,260.000,20,270.000,40,320.000,1,400.000,1,414.000,1,0,23,
110001504000,248.000,2,250.000,20,246.000,9,245.000,29,86.000,1,84.000,3,260.000,20,270.000,20,320.000,1,400.000,1,414.000,1,0,23,
110001504000,248.000,2,250.000,20,247.000,20,246.000,9,245.000,29,86.000,1,260.000,20,262.000,20,270.000,20,320.000,1,400.000,1,0,23,
110001526000,248.000,2,250.000,20,247.000,20,246.000,9,245.000,20,86.000,1,260.000,20,262.000,20,270.000,20,320.000,1,400.000,1,0,23,
110001615000,248.000,2,247.000,20,246.000,9,245.000,20,86.000,1,84.000,3,260.000,20,262.000,20,320.000,1,400.000,1,414.000,1,0,23,
110001615000,248.000,2,249.000,20,247.000,20,246.000,9,245.000,20,86.000,1,260.000,20,262.000,20,264.000,20,320.000,1,400.000,1,0,23,
110001739000,248.000,2,249.000,20,247.000,20,246.000,9,86.000,1,84.000,3,262.000,20,264.000,20,320.000,1,400.000,1,414.000,1,0,23,
110001827000,248.000,2,249.000,20,246.000,9,86.000,1,84.000,3,39.000,20,264.000,20,320.000,1,400.000,1,414.000,1,450.000,1,0,23,
110001868000,248.000,2,246.000,9,86.000,1,84.000,3,39.000,20,22.500,20,320.000,1,400.000,1,414.000,1,450.000,1,775.000,1,0,23,
110001868000,248.000,2,248.000,20,246.000,9,86.000,1,84.000,3,39.000,20,263.000,20,320.000,1,400.000,1,414.000,1,450.000,1,0,23,
110001869000,248.000,2,248.000,20,86.000,1,84.000,3,39.000,20,22.500,20,263.000,20,320.000,1,400.000,1,414.000,1,450.000,1,0,23,
110002005000,248.000,2,248.000,40,86.000,1,84.000,3,39.000,20,22.500,20,263.000,40,320.000,1,400.000,1,414.000,1,450.000,1,0,23,
110002096000,248.000,2,248.000,40,243.000,20,86.000,1,84.000,3,39.000,20,258.000,20,263.000,40,320.000,1,400.000,1,414.000,1,0,23,
110002155000,248.000,2,248.000,20,243.000,20,86.000,1,84.000,3,39.000,20,258.000,20,263.000,20,320.000,1,400.000,1,414.000,1,0,23,
110002155000,248.000,2,248.000,20,245.000,20,243.000,20,86.000,1,84.000,3,258.000,20,260.000,20,263.000,20,320.000,1,400.000,1,0,23,
110002369000,248.000,2,245.000,20,243.000,20,86.000,1,84.000,3,39.000,20,258.000,20,260.000,20,320.000,1,400.000,1,414.000,1,0,23,
110002369000,248.000,2,247.000,20,245.000,20,243.000,20,86.000,1,84.000,3,258.000,20,260.000,20,262.000,20,320.000,1,400.000,1,0,23,
110002617000,248.000,2,247.000,20,246.000,9,245.000,20,243.000,20,86.000,1,258.000,20,260.000,20,262.000,20,320.000,1,400.000,1,0,23,
110002617000,248.000,2,247.000,20,246.000,9,245.000,20,243.000,20,86.000,1,258.000,20,260.000,29,262.000,20,320.000,1,400.000,1,0,23,
110002647000,248.000,2,247.000,20,246.000,9,245.000,20,243.000,20,86.000,1,258.000,29,260.000,29,262.000,20,320.000,1,400.000,1,0,23,
110002647000,248.000,2,247.000,29,246.000,9,245.000,20,243.000,20,86.000,1,258.000,29,260.000,29,262.000,20,320.000,1,400.000,1,0,23,
110002704000,248.000,2,247.000,29,246.000,9,245.000,20,86.000,1,84.000,3,258.000,9,260.000,29,262.000,20,320.000,1,400.000,1,0,23,
110002704000,248.000,2,247.000,29,246.000,9,245.000,20,244.000,20,86.000,1,258.000,9,259.000,20,260.000,29,262.000,20,320.000,1,0,23,
110002704000,248.000,2,247.000,29,246.000,9,245.000,20,244.000,20,86.000,1,258.000,9,259.000,20,260.000,38,262.000,20,320.000,1,0,23,
110002704000,248.000,2,247.000,29,246.000,9,245.000,20,244.000,20,86.000,1,259.000,20,260.000,38,262.000,20,320.000,1,400.000,1,0,23,
110002705000,248.000,2,247.000,29,246.000,9,245.000,20,244.000,20,86.000,1,259.000,29,260.000,38,262.000,20,320.000,1,400.000,1,0,23,
110002829000,248.000,2,247.000,29,246.000,9,245.000,20,86.000,1,84.000,3,259.000,9,260.000,38,262.000,20,320.000,1,400.000,1,0,23,
110002829000,248.000,2,247.000,29,246.000,9,245.000,20,86.000,1,84.000,3,260.000,38,262.000,20,320.000,1,400.000,1,414.000,1,0,23,
110003261000,248.000,2,247.000,29,246.000,9,245.000,20,243.000,20,86.000,1,258.000,20,260.000,38,262.000,20,320.000,1,400.000,1,0,23,
110003368000,248.000,2,247.000,9,246.000,9,245.000,20,243.000,20,86.000,1,258.000,20,260.000,38,320.000,1,400.000,1,414.000,1,0,23,
110003368000,248.000,2,248.000,20,247.000,9,246.000,9,245.000,20,243.000,20,258.000,20,260.000,38,263.000,20,320.000,1,400.000,1,0,23,
110003369000,248.000,2,248.000,20,246.000,9,245.000,20,243.000,20,86.000,1,258.000,20,260.000,38,263.000,20,320.000,1,400.000,1,0,23,
110003379000,248.000,2,248.000,20,246.000,9,245.000,20,86.000,1,84.000,3,260.000,38,263.000,20,320.000,1,400.000,1,414.000,1,0,23,
110003512000,248.000,2,249.000,21,248.000,20,246.000,9,245.000,20,86.000,1,259.000,21,260.000,38,263.000,20,320.000,1,400.000,1,0,23,
110003864000,248.000,2,249.000,21,248.000,20,246.000,9,245.000,20,244.000,20,259.000,41,260.000,38,263.000,20,320.000,1,400.000,1,0,23,
110003906000,248.000,2,249.000,21,248.000,20,246.000,29,245.000,20,244.000,20,259.000,41,260.000,38,261.000,20,263.000,20,320.000,1,0,23,
110004622000,248.000,2,249.000,30,248.000,20,246.000,29,245.000,20,244.000,20,259.000,41,260.000,38,261.000,20,263.000,20,320.000,1,0,23,
110004622000,248.000,2,249.000,30,248.000,20,246.000,29,245.000,20,244.000,20,259.000,50,260.000,38,261.000,20,263.000,20,320.000,1,0,23,
110004743000,248.000,2,249.000,30,246.000,29,245.000,20,244.000,20,86.000,1,259.000,50,260.000,38,261.000,20,320.000,1,400.000,1,0,23,
110004743000,248.000,2,249.000,30,247.000,20,246.000,29,245.000,20,244.000,20,259.000,50,260.000,38,261.000,20,262.000,20,320.000,1,0,23,
110005369000,248.000,2,249.000,30,246.000,29,245.000,20,244.000,20,86.000,1,259.000,50,260.000,38,261.000,20,320.000,1,400.000,1,0,23,
110005369000,248.000,2,249.000,30,248.000,20,246.000,29,245.000,20,244.000,20,259.000,50,260.000,38,261.000,20,263.000,20,320.000,1,0,23,
110005774000,248.000,2,249.000,30,248.000,20,246.000,29,245.000,20,86.000,1,259.000,30,260.000,38,261.000,20,263.000,20,320.000,1,0,23,
110005774000,248.000,2,249.000,30,248.000,20,246.000,29,245.000,40,86.000,1,259.000,30,260.000,58,261.000,20,263.000,20,320.000,1,0,23,
110005845000,248.000,2,249.000,30,246.000,29,245.000,40,86.000,1,84.000,3,259.000,30,260.000,58,261.000,20,320.000,1,400.000,1,0,23,
110005845000,248.000,2,249.000,50,246.000,29,245.000,40,86.000,1,84.000,3,259.000,30,260.000,58,261.000,20,264.000,20,320.000,1,0,23,
110005922000,248.000,2,249.000,50,246.000,29,245.000,40,86.000,1,84.000,3,259.000,30,260.000,49,261.000,20,264.000,20,320.000,1,0,23,
110005923000,248.000,2,249.000,50,246.000,29,245.000,20,86.000,1,84.000,3,259.000,30,260.000,29,261.000,20,264.000,20,320.000,1,0,23,
110005994000,248.000,2,249.000,50,246.000,29,86.000,1,84.000,3,39.000,20,259.000,30,260.000,9,261.000,20,264.000,20,320.000,1,0,23,
110005996000,248.000,2,249.000,50,246.000,9,86.000,1,84.000,3,39.000,20,259.000,30,260.000,9,264.000,20,320.000,1,400.000,1,0,23,
110006005000,248.000,2,249.000,50,247.000,20,246.000,9,86.000,1,84.000,3,259.000,30,260.000,9,262.000,20,264.000,20,320.000,1,0,23,
110006025000,248.000,2,249.000,30,247.000,20,246.000,9,86.000,1,84.000,3,259.000,30,260.000,9,262.000,20,320.000,1,400.000,1,0,23,
110006025000,248.000,2,250.000,20,249.000,30,247.000,20,246.000,9,86.000,1,259.000,30,260.000,9,262.000,20,270.000,20,320.000,1,0,23,
110006046000,248.000,2,250.000,20,249.000,30,247.000,20,246.000,9,86.000,1,259.000,30,260.000,9,262.000,20,263.000,9,270.000,20,0,23,
110006387000,248.000,2,250.000,20,249.000,30,247.000,40,246.000,9,86.000,1,259.000,30,260.000,9,262.000,40,263.000,9,270.000,20,0,23,
110006392000,248.000,2,250.000,20,249.000,30,247.000,20,246.000,9,86.000,1,259.000,30,260.000,9,262.000,20,263.000,9,270.000,20,0,23,
110006649000,248.000,2,250.000,29,249.000,30,247.000,20,246.000,9,86.000,1,259.000,30,260.000,9,262.000,20,263.000,9,270.000,20,0,23,
110006736000,248.000,2,250.000,29,249.000,9,247.000,20,246.000,9,86.000,1,259.000,9,260.000,9,262.000,20,263.000,9,270.000,20,0,23,
110006736000,248.000,2,250.000,50,249.000,9,247.000,20,246.000,9,86.000,1,259.000,30,260.000,9,262.000,20,263.000,9,270.000,20,0,23,
110006736000,248.000,2,250.000,50,249.000,9,247.000,20,246.000,9,86.000,1,259.000,21,260.000,9,262.000,20,263.000,9,270.000,20,0,23,
110006743000,248.000,2,250.000,30,249.000,9,247.000,20,246.000,9,86.000,1,259.000,21,260.000,9,262.000,20,263.000,9,320.000,1,0,23,
110006743000,248.000,2,250.000,30,249.000,29,247.000,20,246.000,9,86.000,1,259.000,21,260.000,9,262.000,20,263.000,9,264.000,20,0,23,
110007122000,248.000,2,250.000,30,249.000,29,247.000,20,246.000,9,86.000,1,259.000,30,260.000,9,262.000,20,263.000,9,264.000,20,0,23,
110007126000,248.000,2,250.000,30,249.000,29,247.000,20,246.000,9,245.000,20,259.000,30,260.000,29,262.000,20,263.000,9,264.000,20,0,23,
110008274000,248.000,2,250.000,30,249.000,29,247.000,20,246.000,9,245.000,20,259.000,30,260.000,29,262.000,20,264.000,20,320.000,1,0,23,
110008274000,248.000,2,250.000,30,249.000,29,247.000,20,246.000,9,245.000,20,259.000,30,260.000,29,261.000,9,262.000,20,264.000,20,0,23,
110008368000,248.000,2,250.000,30,249.000,9,247.000,20,246.000,9,245.000,20,259.000,30,260.000,29,261.000,9,262.000,20,320.000,1,0,23,
110008368000,248.000,2,250.000,30,249.000,9,248.000,20,247.000,20,246.000,9,259.000,30,260.000,29,261.000,9,262.000,20,263.000,20,0,23,
110008376000,248.000,2,250.000,30,249.000,9,248.000,20,247.000,20,246.000,9,259.000,30,260.000,9,261.000,9,262.000,20,263.000,20,0,23,
110008376000,248.000,2,250.000,30,249.000,9,248.000,20,247.000,20,246.000,9,259.000,50,260.000,9,261.000,9,262.000,20,263.000,20,0,23,
110008859000,248.000,2,250.000,30,249.000,9,248.000,20,247.000,20,246.000,9,259.000,30,260.000,9,261.000,9,262.000,20,263.000,20,0,23,
110008874000,248.000,2,250.000,30,249.000,9,248.000,20,247.000,20,246.000,29,259.000,30,260.000,9,261.000,29,262.000,20,263.000,20,0,23,
110008994000,248.000,2,250.000,30,249.000,9,248.000,20,247.000,20,246.000,29,259.000,30,260.000,29,261.000,29,262.000,20,263.000,20,0,23,
110008994000,248.000,2,250.000,30,249.000,9,248.000,20,246.000,29,245.000,20,259.000,30,260.000,29,261.000,29,263.000,20,320.000,1,0,23,
110009000000,248.000,2,250.000,30,249.000,9,248.000,20,246.000,29,86.000,1,259.000,30,260.000,9,261.000,29,263.000,20,320.000,1,0,23,
110009005000,248.000,2,250.000,30,249.000,9,248.000,20,246.000,29,245.000,20,259.000,30,260.000,29,261.000,29,263.000,20,320.000,1,0,23,
110009604000,248.000,2,250.000,30,249.000,9,248.000,20,246.000,29,245.000,20,259.000,50,260.000,29,261.000,29,263.000,20,320.000,1,0,23,
110009869000,248.000,2,250.000,30,249.000,9,246.000,29,245.000,20,244.000,20,259.000,50,260.000,29,261.000,29,320.000,1,400.000,1,0,23,
110009869000,248.000,2,250.000,30,249.000,9,247.000,20,246.000,29,245.000,20,259.000,50,260.000,29,261.000,29,262.000,20,320.000,1,0,23,
110010637000,248.000,2,250.000,9,249.000,9,247.000,20,246.000,29,245.000,20,259.000,29,260.000,29,261.000,29,262.000,20,320.000,1,0,23,
110010637000,248.000,2,250.000,9,249.000,30,247.000,20,246.000,29,245.000,20,259.000,50,260.000,29,261.000,29,262.000,20,320.000,1,0,23,
110010637000,248.000,2,249.000,30,247.000,20,246.000,29,245.000,20,244.000,20,259.000,50,260.000,29,261.000,29,262.000,20,320.000,1,0,23,
110010637000,248.000,2,249.000,30,247.000,29,246.000,29,245.000,20,244.000,20,259.000,50,260.000,29,261.000,29,262.000,20,320.000,1,0,23,
110013121000,248.000,2,249.000,30,247.000,29,246.000,9,245.000,20,244.000,20,259.000,50,260.000,29,261.000,9,262.000,20,320.000,1,0,23,
110013179000,248.000,2,249.000,30,247.000,29,246.000,9,245.000,20,86.000,1,259.000,30,260.000,29,261.000,9,262.000,20,320.000,1,0,23,
110013179000,248.000,2,249.000,30,247.000,29,246.000,9,245.000,20,243.000,20,258.000,20,259.000,30,260.000,29,261.000,9,262.000,20,0,23,
110013180000,248.000,2,249.000,30,247.000,29,246.000,9,245.000,20,243.000,20,258.000,29,259.000,30,260.000,29,261.000,9,262.000,20,0,23,
110013493000,248.000,2,249.000,30,247.000,9,246.000,9,245.000,20,243.000,20,258.000,29,259.000,30,260.000,29,261.000,9,320.000,1,0,23,
110013493000,248.000,2,249.000,30,247.000,9,246.000,29,245.000,20,243.000,20,258.000,29,259.000,30,260.000,29,261.000,29,320.000,1,0,23,
110013505000,248.000,2,249.000,30,247.000,9,246.000,29,245.000,20,243.000,20,258.000,29,259.000,30,260.000,20,261.000,29,320.000,1,0,23,
110013620000,248.000,2,249.000,9,247.000,9,246.000,29,245.000,20,243.000,20,258.000,29,259.000,9,260.000,20,261.000,29,320.000,1,0,23,
110013620000,248.000,2,249.000,9,248.000,21,247.000,9,246.000,29,245.000,20,257.000,21,258.000,29,259.000,9,260.000,20,261.000,29,0,23,
110013621000,248.000,2,249.000,9,248.000,21,247.000,9,246.000,38,245.000,20,257.000,21,258.000,29,259.000,9,260.000,20,261.000,29,0,23,
110013621000,248.000,2,249.000,9,248.000,30,247.000,9,246.000,38,245.000,20,257.000,21,258.000,29,259.000,9,260.000,20,261.000,29,0,23,
110013621000,248.000,2,248.000,30,247.000,9,246.000,38,245.000,20,243.000,20,257.000,21,258.000,29,259.000,9,260.000,20,261.000,29,0,23,
110013621000,248.000,2,248.000,30,247.000,9,246.000,38,245.000,20,243.000,20,257.000,30,258.000,29,259.000,9,260.000,20,261.000,29,0,23,
110013741000,248.000,2,248.000,30,247.000,9,246.000,38,245.000,40,243.000,20,257.000,30,258.000,29,259.000,9,260.000,40,261.000,29,0,23,
110014005000,248.000,2,248.000,30,247.000,9,246.000,38,245.000,40,243.000,20,257.000,30,258.000,29,260.000,40,261.000,29,320.000,1,0,23,
110014005000,248.000,2,248.000,30,247.000,9,246.000,29,245.000,40,243.000,20,257.000,30,258.000,29,260.000,40,261.000,29,320.000,1,0,23,
110014632000,248.000,2,248.000,30,247.000,9,246.000,29,245.000,40,86.000,1,257.000,30,258.000,9,260.000,40,261.000,29,320.000,1,0,23,
110014755000,248.000,2,248.000,30,247.000,9,246.000,29,245.000,40,242.000,20,257.000,50,258.000,9,260.000,40,261.000,29,320.000,1,0,23,
110015182000,248.000,2,248.000,30,247.000,9,246.000,29,245.000,40,86.000,1,257.000,30,258.000,9,260.000,40,261.000,29,320.000,1,0,23,
110015243000,248.000,2,248.000,30,247.000,9,246.000,9,245.000,40,86.000,1,257.000,30,258.000,9,260.000,40,261.000,9,320.000,1,0,23,
110015243000,248.000,2,248.000,30,247.000,29,246.000,9,245.000,40,86.000,1,257.000,30,258.000,9,260.000,40,261.000,9,262.000,20,0,23,
110015297000,248.000,2,248.000,30,247.000,29,246.000,9,245.000,40,243.000,20,257.000,30,258.000,29,260.000,40,261.000,9,262.000,20,0,23,
110019756000,248.000,2,248.000,30,247.000,29,246.000,9,245.000,40,86.000,1,257.000,30,258.000,9,260.000,40,261.000,9,262.000,20,0,23,
110019756000,248.000,2,248.000,30,247.000,29,246.000,9,245.000,40,244.000,20,257.000,30,258.000,9,259.000,20,260.000,40,261.000,9,0,23,
110019993000,248.000,2,248.000,30,247.000,9,246.000,9,245.000,40,244.000,20,257.000,30,258.000,9,259.000,20,260.000,40,261.000,9,0,23,
110019993000,248.000,2,248.000,50,247.000,9,246.000,9,245.000,40,244.000,20,257.000,30,258.000,9,259.000,20,260.000,40,261.000,9,0,23,
110021494000,248.000,2,248.000,50,247.000,9,246.000,9,245.000,40,86.000,1,257.000,30,258.000,9,260.000,40,261.000,9,263.000,20,0,23,
110021494000,248.000,2,248.000,50,247.000,9,246.000,9,245.000,60,86.000,1,257.000,30,258.000,9,260.000,60,261.000,9,263.000,20,0,23,
110021620000,248.000,2,248.000,50,247.000,9,246.000,9,245.000,40,86.000,1,257.000,30,258.000,9,260.000,40,261.000,9,263.000,20,0,23,
110022101000,248.000,2,248.000,50,247.000,9,246.000,9,245.000,40,244.000,20,257.000,30,258.000,9,259.000,20,260.000,40,261.000,9,0,23,
110025648000,248.000,2,248.000,50,247.000,9,246.000,9,245.000,20,244.000,20,257.000,30,258.000,9,259.000,20,260.000,20,261.000,9,0,23,
110025993000,248.000,2,248.000,30,247.000,9,246.000,9,245.000,20,244.000,20,257.000,30,258.000,9,259.000,20,260.000,20,261.000,9,0,23,
110025993000,248.000,2,249.000,20,248.000,30,247.000,9,246.000,9,245.000,20,257.000,30,258.000,9,259.000,20,260.000,20,261.000,9,0,23,
110025993000,248.000,2,249.000,29,248.000,30,247.000,9,246.000,9,245.000,20,257.000,30,258.000,9,259.000,20,260.000,20,261.000,9,0,23,
110026005000,248.000,2,249.000,29,248.000,30,246.000,9,245.000,20,244.000,20,257.000,30,258.000,9,259.000,20,260.000,20,261.000,9,0,23,
110026009000,248.000,2,249.000,29,248.000,30,247.000,20,246.000,9,245.000,20,257.000,30,258.000,9,259.000,20,260.000,20,261.000,9,0,23,
110026014000,248.000,2,249.000,29,248.000,30,247.000,20,246.000,9,245.000,20,257.000,30,258.000,9,260.000,20,261.000,9,262.000,20,0,23,
110026014000,248.000,2,249.000,29,248.000,30,247.000,20,246.000,9,245.000,40,257.000,30,258.000,9,260.000,40,261.000,9,262.000,20,0,23,
110026649000,248.000,2,249.000,29,248.000,9,247.000,20,246.000,9,245.000,40,257.000,9,258.000,9,260.000,40,261.000,9,262.000,20,0,23,
110026649000,248.000,2,250.000,21,249.000,29,248.000,9,247.000,20,246.000,9,257.000,30,258.000,9,260.000,40,261.000,9,262.000,20,0,23,
110026649000,248.000,2,250.000,30,249.000,29,248.000,9,247.000,20,246.000,9,257.000,30,258.000,9,260.000,40,261.000,9,262.000,20,0,23,
110027005000,248.000,2,250.000,30,249.000,29,247.000,20,246.000,9,245.000,40,257.000,30,258.000,9,260.000,40,261.000,9,262.000,20,0,23,
110027112000,248.000,2,250.000,30,249.000,29,247.000,20,246.000,9,245.000,20,257.000,30,258.000,9,260.000,20,261.000,9,262.000,20,0,23,
110027118000,248.000,2,250.000,30,249.000,9,247.000,20,246.000,9,245.000,20,257.000,30,258.000,9,260.000,20,261.000,9,262.000,20,0,23,
110027118000,248.000,2,250.000,30,249.000,9,248.000,20,247.000,20,246.000,9,257.000,30,258.000,9,260.000,20,261.000,9,262.000,20,0,23,
110027125000,248.000,2,250.000,30,249.000,9,247.000,20,246.000,9,245.000,20,257.000,30,258.000,9,260.000,20,261.000,9,262.000,20,0,23,
110027125000,248.000,2,250.000,30,249.000,29,247.000,20,246.000,9,245.000,20,257.000,30,258.000,9,260.000,20,261.000,9,262.000,20,0,23,
110027249000,248.000,2,250.000,30,249.000,29,247.000,20,246.000,9,245.000,40,257.000,30,258.000,9,260.000,40,261.000,9,262.000,20,0,23,
110027364000,248.000,2,250.000,30,249.000,29,247.000,20,246.000,9,245.000,20,257.000,30,258.000,9,260.000,20,261.000,9,262.000,20,0,23,
110027864000,248.000,2,250.000,30,249.000,29,247.000,20,246.000,9,245.000,20,257.000,30,258.000,9,259.000,20,260.000,20,261.000,9,0,23,
110028738000,248.000,2,250.000,30,249.000,29,247.000,20,246.000,9,245.000,20,257.000,30,258.000,9,260.000,20,261.000,9,262.000,20,0,23,
110028738000,248.000,2,250.000,30,249.000,29,247.000,20,246.000,9,245.000,40,257.000,30,258.000,9,260.000,40,261.000,9,262.000,20,0,23,
110031389000,248.000,2,250.000,9,249.000,29,247.000,20,246.000,9,245.000,40,257.000,9,258.000,9,260.000,40,261.000,9,262.000,20,0,23,
110031389000,248.000,2,250.000,30,249.000,29,247.000,20,246.000,9,245.000,40,257.000,9,258.000,30,260.000,40,261.000,9,262.000,20,0,23,
110031389000,248.000,2,250.000,30,249.000,29,247.000,20,246.000,9,245.000,40,258.000,30,260.000,40,261.000,9,262.000,20,264.000,20,0,23,
110031440000,248.000,2,250.000,30,249.000,29,247.000,20,246.000,9,245.000,20,258.000,30,260.000,20,261.000,9,262.000,20,264.000,20,0,23,
110031504000,248.000,2,250.000,30,249.000,29,247.000,40,246.000,9,245.000,20,258.000,30,260.000,20,261.000,9,262.000,40,264.000,20,0,23,
110036779000,248.000,2,250.000,30,249.000,29,247.000,40,246.000,9,86.000,1,258.000,30,261.000,9,262.000,40,264.000,20,320.000,1,0,23,
110036779000,248.000,2,250.000,30,249.000,29,247.000,40,246.000,29,86.000,1,258.000,30,261.000,29,262.000,40,264.000,20,320.000,1,0,23,
110036869000,248.000,2,250.000,30,249.000,9,247.000,40,246.000,29,86.000,1,258.000,30,261.000,29,262.000,40,320.000,1,400.000,1,0,23,
110036869000,248.000,2,250.000,50,249.000,9,247.000,40,246.000,29,86.000,1,258.000,30,261.000,29,262.000,40,270.000,20,320.000,1,0,23,
110036895000,248.000,2,250.000,50,249.000,9,247.000,40,246.000,9,86.000,1,258.000,30,261.000,9,262.000,40,270.000,20,320.000,1,0,23,
110037373000,248.000,2,250.000,29,249.000,9,247.000,40,246.000,9,86.000,1,258.000,9,261.000,9,262.000,40,270.000,20,320.000,1,0,23,
110037373000,248.000,2,250.000,50,249.000,9,247.000,40,246.000,9,86.000,1,258.000,9,259.000,21,261.000,9,262.000,40,270.000,20,0,23,
110037376000,248.000,2,250.000,50,249.000,9,247.000,40,86.000,1,84.000,3,258.000,9,259.000,21,261.000,9,262.000,40,270.000,20,0,23,
110037376000,248.000,2,250.000,50,249.000,9,247.000,20,86.000,1,84.000,3,258.000,9,259.000,21,261.000,9,262.000,20,270.000,20,0,23,
110037377000,248.000,2,250.000,50,249.000,9,247.000,20,86.000,1,84.000,3,258.000,9,259.000,21,262.000,20,270.000,20,320.000,1,0,23,
110037377000,248.000,2,250.000,50,249.000,9,247.000,20,86.000,1,84.000,3,259.000,21,262.000,20,270.000,20,320.000,1,400.000,1,0,23,
110037378000,248.000,2,250.000,50,249.000,9,247.000,20,246.000,20,86.000,1,259.000,21,261.000,20,262.000,20,270.000,20,320.000,1,0,23,
110037378000,248.000,2,250.000,50,249.000,9,248.000,9,247.000,20,246.000,20,259.000,21,261.000,20,262.000,20,270.000,20,320.000,1,0,23,
110037379000,248.000,2,250.000,50,249.000,9,248.000,9,247.000,20,246.000,20,259.000,21,261.000,20,262.000,20,263.000,9,270.000,20,0,23,
110037402000,248.000,2,250.000,50,249.000,9,248.000,9,247.000,20,86.000,1,259.000,21,262.000,20,263.000,9,270.000,20,320.000,1,0,23,
110037825000,248.000,2,250.000,50,249.000,9,248.000,9,247.000,20,86.000,1,259.000,30,262.000,20,263.000,9,270.000,20,320.000,1,0,23,
110038429000,248.000,2,250.000,29,249.000,9,248.000,9,247.000,20,86.000,1,259.000,9,262.000,20,263.000,9,270.000,20,320.000,1,0,23,
110038429000,248.000,2,250.000,50,249.000,9,248.000,9,247.000,20,86.000,1,259.000,9,260.000,21,262.000,20,263.000,9,270.000,20,0,23,
110038430000,248.000,2,250.000,50,249.000,9,248.000,9,247.000,20,86.000,1,259.000,9,260.000,21,262.000,29,263.000,9,270.000,20,0,23,
110038430000,248.000,2,250.000,50,249.000,9,248.000,9,247.000,20,86.000,1,260.000,21,262.000,29,263.000,9,270.000,20,320.000,1,0,23,
110038430000,248.000,2,250.000,50,249.000,9,248.000,9,247.000,20,86.000,1,260.000,30,262.000,29,263.000,9,270.000,20,320.000,1,0,23,
110039742000,248.000,2,250.000,30,249.000,9,248.000,9,247.000,20,86.000,1,260.000,30,262.000,29,263.000,9,320.000,1,400.000,1,0,23,
110039742000,248.000,2,251.000,20,250.000,30,249.000,9,248.000,9,247.000,20,260.000,30,262.000,29,263.000,9,271.000,20,320.000,1,0,23,
110039743000,248.000,2,251.000,29,250.000,30,249.000,9,248.000,9,247.000,20,260.000,30,262.000,29,263.000,9,271.000,20,320.000,1,0,23,
110040006000,248.000,2,251.000,29,250.000,30,248.000,9,247.000,20,86.000,1,260.000,30,262.000,29,263.000,9,271.000,20,320.000,1,0,23,
110040446000,248.000,2,251.000,29,250.000,30,248.000,29,247.000,20,86.000,1,260.000,30,262.000,29,263.000,29,271.000,20,320.000,1,0,23,
110040661000,248.000,2,251.000,29,250.000,9,248.000,29,247.000,20,86.000,1,260.000,9,262.000,29,263.000,29,271.000,20,320.000,1,0,23,
110040661000,248.000,2,252.000,21,251.000,29,250.000,9,248.000,29,247.000,20,260.000,30,262.000,29,263.000,29,271.000,20,320.000,1,0,23,
110040661000,248.000,2,252.000,21,251.000,29,250.000,9,248.000,29,247.000,20,260.000,21,262.000,29,263.000,29,271.000,20,320.000,1,0,23,
110041080000,248.000,2,252.000,21,251.000,29,250.000,9,248.000,29,247.000,20,260.000,30,262.000,29,263.000,29,271.000,20,320.000,1,0,23,
110041080000,248.000,2,252.000,30,251.000,29,250.000,9,248.000,29,247.000,20,260.000,30,262.000,29,263.000,29,271.000,20,320.000,1,0,23,
110041504000,248.000,2,252.000,30,251.000,29,248.000,29,247.000,20,86.000,1,260.000,30,262.000,29,263.000,29,271.000,20,320.000,1,0,23,
110043617000,248.000,2,252.000,30,251.000,9,248.000,29,247.000,20,86.000,1,260.000,30,262.000,29,263.000,29,320.000,1,400.000,1,0,23,
110043617000,248.000,2,252.000,30,251.000,9,250.000,20,248.000,29,247.000,20,260.000,30,262.000,29,263.000,29,270.000,20,320.000,1,0,23,
110047118000,248.000,2,252.000,30,251.000,9,248.000,29,247.000,20,86.000,1,260.000,30,262.000,29,263.000,29,320.000,1,400.000,1,0,23,
110047118000,248.000,2,252.000,30,251.000,29,248.000,29,247.000,20,86.000,1,260.000,30,262.000,29,263.000,29,271.000,20,320.000,1,0,23,
110050369000,248.000,2,252.000,30,251.000,9,248.000,29,247.000,20,86.000,1,260.000,30,262.000,29,263.000,29,320.000,1,400.000,1,0,23,
110050369000,248.000,2,252.000,30,251.000,9,250.000,20,248.000,29,247.000,20,260.000,30,262.000,29,263.000,29,270.000,20,320.000,1,0,23,
110050764000,248.000,2,252.000,30,251.000,9,250.000,20,248.000,29,86.000,1,260.000,30,262.000,9,263.000,29,270.000,20,320.000,1,0,23,
110051005000,248.000,2,252.000,30,251.000,9,250.000,20,249.000,20,248.000,29,260.000,30,262.000,9,263.000,29,264.000,20,270.000,20,0,23,
110055242000,248.000,2,252.000,30,251.000,9,249.000,20,248.000,29,86.000,1,260.000,30,262.000,9,263.000,29,264.000,20,320.000,1,0,23,
110055242000,248.000,2,252.000,30,251.000,29,249.000,20,248.000,29,86.000,1,260.000,30,262.000,9,263.000,29,264.000,20,271.000,20,0,23,
110056243000,248.000,2,252.000,30,251.000,9,249.000,20,248.000,29,86.000,1,260.000,30,262.000,9,263.000,29,264.000,20,320.000,1,0,23,
110056243000,248.000,2,252.000,30,251.000,9,250.000,20,249.000,20,248.000,29,260.000,30,262.000,9,263.000,29,264.000,20,270.000,20,0,23,
110057996000,248.000,2,252.000,30,251.000,9,250.000,20,249.000,20,248.000,20,260.000,30,262.000,9,263.000,29,264.000,20,270.000,20,0,23,
110057998000,248.000,2,252.000,30,251.000,9,250.000,20,249.000,20,248.000,20,260.000,30,262.000,9,263.000,20,264.000,20,270.000,20,0,23,
110058001000,248.000,2,252.000,9,251.000,9,250.000,20,249.000,20,248.000,20,260.000,9,262.000,9,263.000,20,264.000,20,270.000,20,0,23,
110058001000,248.000,2,252.000,30,251.000,9,250.000,20,249.000,20,248.000,20,260.000,9,261.000,21,262.000,9,263.000,20,264.000,20,0,23,
110058005000,248.000,2,252.000,30,251.000,9,250.000,20,249.000,20,86.000,1,260.000,9,261.000,21,262.000,9,264.000,20,270.000,20,0,23,
110058010000,248.000,2,252.000,30,251.000,9,250.000,29,249.000,20,86.000,1,260.000,9,261.000,21,262.000,9,264.000,20,270.000,20,0,23,
110058011000,248.000,2,252.000,30,251.000,9,250.000,29,249.000,20,86.000,1,261.000,21,262.000,9,264.000,20,270.000,20,320.000,1,0,23,
110058079000,248.000,2,252.000,30,251.000,9,250.000,9,249.000,20,86.000,1,261.000,21,262.000,9,264.000,20,320.000,1,400.000,1,0,23,
110058079000,248.000,2,252.000,30,251.000,29,250.000,9,249.000,20,86.000,1,261.000,21,262.000,9,264.000,20,271.000,20,320.000,1,0,23,
110058120000,248.000,2,252.000,30,251.000,9,250.000,9,249.000,20,86.000,1,261.000,21,262.000,9,264.000,20,320.000,1,400.000,1,0,23,
110058120000,248.000,2,252.000,50,251.000,9,250.000,9,249.000,20,86.000,1,261.000,21,262.000,9,264.000,20,272.000,20,320.000,1,0,23,
110058342000,248.000,2,252.000,50,251.000,9,250.000,9,249.000,20,86.000,1,261.000,30,262.000,9,264.000,20,272.000,20,320.000,1,0,23,
110058376000,248.000,2,252.000,29,251.000,9,250.000,9,249.000,20,86.000,1,261.000,9,262.000,9,264.000,20,272.000,20,320.000,1,0,23,
110058377000,248.000,2,252.000,29,251.000,9,250.000,9,249.000,20,86.000,1,261.000,9,262.000,9,264.000,29,272.000,20,320.000,1,0,23,
110058377000,248.000,2,252.000,29,251.000,9,250.000,9,249.000,20,86.000,1,262.000,9,264.000,29,272.000,20,320.000,1,400.000,1,0,23,
110058377000,248.000,2,252.000,29,251.000,9,250.000,9,249.000,20,86.000,1,264.000,29,272.000,20,320.000,1,400.000,1,414.000,1,0,23,
110059099000,248.000,2,252.000,29,251.000,9,250.000,9,249.000,20,86.000,1,264.000,29,266.000,9,272.000,20,320.000,1,400.000,1,0,23,
110100189000,248.000,2,253.000,21,252.000,29,251.000,9,250.000,9,249.000,20,263.000,21,264.000,29,266.000,9,272.000,20,320.000,1,0,23,
110100520000,248.000,2,253.000,21,252.000,29,251.000,9,250.000,9,249.000,20,263.000,30,264.000,29,266.000,9,272.000,20,320.000,1,0,23,
110100520000,248.000,2,253.000,30,252.000,29,251.000,9,250.000,9,249.000,20,263.000,30,264.000,29,266.000,9,272.000,20,320.000,1,0,23,
110101005000,248.000,2,253.000,30,252.000,29,250.000,9,249.000,20,86.000,1,263.000,30,264.000,29,266.000,9,272.000,20,320.000,1,0,23,
110101133000,248.000,2,253.000,30,252.000,29,250.000,9,249.000,40,86.000,1,263.000,30,264.000,49,266.000,9,272.000,20,320.000,1,0,23,
110102617000,248.000,2,253.000,30,252.000,9,250.000,9,249.000,40,86.000,1,263.000,30,264.000,49,266.000,9,320.000,1,400.000,1,0,23,
110102617000,248.000,2,253.000,30,252.000,9,251.000,20,250.000,9,249.000,40,263.000,30,264.000,49,266.000,9,271.000,20,320.000,1,0,23,
110103368000,248.000,2,253.000,30,252.000,9,250.000,9,249.000,40,86.000,1,263.000,30,264.000,49,266.000,9,320.000,1,400.000,1,0,23,
110103368000,248.000,2,253.000,30,252.000,9,250.000,29,249.000,40,86.000,1,263.000,30,264.000,49,266.000,9,270.000,20,320.000,1,0,23,
110104742000,248.000,2,253.000,30,252.000,9,250.000,29,249.000,20,86.000,1,263.000,30,264.000,29,266.000,9,270.000,20,320.000,1,0,23,
110105218000,248.000,2,253.000,30,252.000,9,250.000,29,249.000,40,86.000,1,263.000,30,264.000,49,266.000,9,270.000,20,320.000,1,0,23,
110107260000,248.000,2,253.000,30,252.000,9,250.000,29,249.000,40,86.000,1,263.000,30,264.000,49,270.000,20,320.000,1,400.000,1,0,23,
110107260000,248.000,2,253.000,30,252.000,9,250.000,29,249.000,40,86.000,1,263.000,30,264.000,58,270.000,20,320.000,1,400.000,1,0,23,
110116594000,248.000,2,253.000,30,252.000,9,250.000,29,249.000,20,86.000,1,263.000,30,264.000,38,270.000,20,320.000,1,400.000,1,0,23,
110117436000,248.000,2,253.000,30,252.000,9,250.000,29,249.000,40,86.000,1,263.000,30,264.000,58,270.000,20,320.000,1,400.000,1,0,23,
110118368000,248.000,2,253.000,30,252.000,9,250.000,9,249.000,40,86.000,1,263.000,30,264.000,58,320.000,1,400.000,1,414.000,1,0,23,
110118368000,248.000,2,253.000,30,252.000,9,251.000,20,250.000,9,249.000,40,263.000,30,264.000,58,271.000,20,320.000,1,400.000,1,0,23,
110118409000,248.000,2,253.000,30,252.000,9,251.000,20,250.000,9,249.000,20,263.000,30,264.000,38,271.000,20,320.000,1,400.000,1,0,23,
110118456000,248.000,2,253.000,30,252.000,9,251.000,20,250.000,29,249.000,20,263.000,30,264.000,38,265.000,20,271.000,20,320.000,1,0,23,
110118882000,248.000,2,253.000,30,252.000,9,251.000,20,250.000,29,249.000,20,263.000,30,264.000,29,265.000,20,271.000,20,320.000,1,0,23,
110118994000,248.000,2,253.000,30,252.000,9,250.000,29,249.000,20,86.000,1,263.000,30,264.000,29,265.000,20,320.000,1,400.000,1,0,23,
110118994000,248.000,2,253.000,30,252.000,29,250.000,29,249.000,20,86.000,1,263.000,30,264.000,29,265.000,20,272.000,20,320.000,1,0,23,
110119007000,248.000,2,253.000,30,252.000,29,250.000,29,249.000,20,86.000,1,263.000,30,264.000,29,265.000,20,266.000,9,272.000,20,0,23,
110130832000,248.000,2,253.000,30,252.000,29,250.000,20,249.000,20,86.000,1,263.000,30,264.000,29,265.000,20,266.000,9,272.000,20,0,23,
110130833000,248.000,2,253.000,30,252.000,38,250.000,20,249.000,20,86.000,1,263.000,30,264.000,29,265.000,20,266.000,9,272.000,20,0,23,
110130960000,248.000,2,253.000,9,252.000,38,250.000,20,249.000,20,86.000,1,263.000,9,264.000,29,265.000,20,266.000,9,272.000,20,0,23,
110130960000,248.000,2,253.000,30,252.000,38,250.000,20,249.000,20,86.000,1,263.000,9,264.000,50,265.000,20,266.000,9,272.000,20,0,23,
110130960000,248.000,2,253.000,30,252.000,38,250.000,20,249.000,20,86.000,1,264.000,50,265.000,20,266.000,9,272.000,20,320.000,1,0,23,
110130960000,248.000,2,253.000,21,252.000,38,250.000,20,249.000,20,86.000,1,264.000,50,265.000,20,266.000,9,272.000,20,320.000,1,0,23,
110130960000,248.000,2,253.000,30,252.000,38,250.000,20,249.000,20,86.000,1,264.000,50,265.000,20,266.000,9,272.000,20,320.000,1,0,23,
110131005000,248.000,2,253.000,30,252.000,38,249.000,20,86.000,1,84.000,3,264.000,50,266.000,9,272.000,20,320.000,1,400.000,1,0,23,
110131031000,248.000,2,253.000,30,252.000,38,250.000,20,249.000,20,86.000,1,264.000,50,266.000,29,272.000,20,320.000,1,400.000,1,0,23,
110131392000,248.000,2,253.000,30,252.000,38,249.000,20,86.000,1,84.000,3,264.000,50,266.000,9,272.000,20,320.000,1,400.000,1,0,23,
110131409000,248.000,2,253.000,30,252.000,18,249.000,20,86.000,1,84.000,3,264.000,50,266.000,9,320.000,1,400.000,1,414.000,1,0,23,
110131409000,248.000,2,253.000,50,252.000,18,249.000,20,86.000,1,84.000,3,264.000,50,266.000,9,273.000,20,320.000,1,400.000,1,0,23,
110131460000,248.000,2,253.000,50,252.000,18,249.000,20,86.000,1,84.000,3,264.000,50,273.000,20,320.000,1,400.000,1,414.000,1,0,23,
110131498000,248.000,2,253.000,50,252.000,18,86.000,1,84.000,3,39.000,20,264.000,30,273.000,20,320.000,1,400.000,1,414.000,1,0,23,
110131505000,248.000,2,253.000,50,252.000,18,251.000,20,86.000,1,84.000,3,264.000,30,271.000,20,273.000,20,320.000,1,400.000,1,0,23,
110131544000,248.000,2,253.000,30,252.000,18,251.000,20,86.000,1,84.000,3,264.000,30,271.000,20,320.000,1,400.000,1,414.000,1,0,23,
110131544000,248.000,2,254.000,20,253.000,30,252.000,18,251.000,20,86.000,1,264.000,30,271.000,20,274.000,20,320.000,1,400.000,1,0,23,
110131742000,248.000,2,254.000,29,253.000,30,252.000,18,251.000,20,86.000,1,264.000,30,271.000,20,274.000,20,320.000,1,400.000,1,0,23,
110132005000,248.000,2,254.000,29,253.000,30,252.000,9,251.000,20,86.000,1,264.000,30,271.000,20,274.000,20,320.000,1,400.000,1,0,23,
110132056000,248.000,2,254.000,29,253.000,9,252.000,9,251.000,20,86.000,1,264.000,9,271.000,20,274.000,20,320.000,1,400.000,1,0,23,
110132056000,248.000,2,255.000,21,254.000,29,253.000,9,252.000,9,251.000,20,264.000,9,265.000,21,271.000,20,274.000,20,320.000,1,0,23,
110132057000,248.000,2,255.000,21,254.000,29,253.000,9,252.000,9,251.000,20,265.000,21,271.000,20,274.000,20,320.000,1,400.000,1,0,23,
110132057000,248.000,2,255.000,30,254.000,29,253.000,9,252.000,9,251.000,20,265.000,21,271.000,20,274.000,20,320.000,1,400.000,1,0,23,
110132057000,248.000,2,255.000,30,254.000,29,253.000,9,252.000,9,251.000,20,265.000,21,271.000,29,274.000,20,320.000,1,400.000,1,0,23,
110132057000,248.000,2,255.000,30,254.000,29,253.000,9,252.000,9,251.000,20,265.000,30,271.000,29,274.000,20,320.000,1,400.000,1,0,23,
110132095000,248.000,2,255.000,30,254.000,29,253.000,9,252.000,9,251.000,20,265.000,30,268.000,9,271.000,29,274.000,20,320.000,1,0,23,
110132505000,248.000,2,255.000,30,254.000,29,252.000,9,251.000,20,86.000,1,265.000,30,268.000,9,271.000,29,274.000,20,320.000,1,0,23,
110133045000,248.000,2,255.000,30,254.000,29,252.000,9,251.000,20,250.000,20,265.000,30,267.000,20,268.000,9,271.000,29,274.000,20,0,23,
110134745000,248.000,2,255.000,30,254.000,9,252.000,9,251.000,20,250.000,20,265.000,30,267.000,20,268.000,9,271.000,29,320.000,1,0,23,
110134745000,248.000,2,255.000,30,254.000,9,253.000,20,252.000,9,251.000,20,265.000,30,267.000,20,268.000,9,271.000,29,273.000,20,0,23,
110136117000,248.000,2,255.000,30,254.000,9,252.000,9,251.000,20,250.000,20,265.000,30,267.000,20,268.000,9,271.000,29,320.000,1,0,23,
110136117000,248.000,2,255.000,30,254.000,29,252.000,9,251.000,20,250.000,20,265.000,30,267.000,20,268.000,9,271.000,29,274.000,20,0,23,
110136548000,248.000,2,255.000,30,254.000,29,251.000,20,250.000,20,86.000,1,265.000,30,267.000,20,268.000,9,271.000,29,274.000,20,0,23,
110136553000,248.000,2,255.000,30,254.000,38,251.000,20,250.000,20,86.000,1,265.000,30,267.000,20,268.000,9,271.000,29,274.000,20,0,23,
110136619000,248.000,2,255.000,30,254.000,18,251.000,20,250.000,20,86.000,1,265.000,30,267.000,20,268.000,9,271.000,29,320.000,1,0,23,
110136619000,248.000,2,255.000,50,254.000,18,251.000,20,250.000,20,86.000,1,265.000,30,267.000,20,268.000,9,271.000,29,275.000,20,0,23,
110137244000,248.000,2,255.000,30,254.000,18,251.000,20,250.000,20,86.000,1,265.000,30,267.000,20,268.000,9,271.000,29,320.000,1,0,23,
110137244000,248.000,2,255.000,30,254.000,38,251.000,20,250.000,20,86.000,1,265.000,30,267.000,20,268.000,9,271.000,29,274.000,20,0,23,
110138917000,248.000,2,255.000,30,254.000,18,251.000,20,250.000,20,86.000,1,265.000,30,267.000,20,268.000,9,271.000,29,320.000,1,0,23,
110138917000,248.000,2,255.000,50,254.000,18,251.000,20,250.000,20,86.000,1,265.000,30,267.000,20,268.000,9,271.000,29,275.000,20,0,23,
110139031000,248.000,2,255.000,50,254.000,18,251.000,20,86.000,1,84.000,3,265.000,30,268.000,9,271.000,29,275.000,20,320.000,1,0,23,
110139668000,248.000,2,255.000,29,254.000,18,251.000,20,86.000,1,84.000,3,265.000,9,268.000,9,271.000,29,275.000,20,320.000,1,0,23,
110139668000,248.000,2,255.000,50,254.000,18,251.000,20,86.000,1,84.000,3,265.000,9,266.000,21,268.000,9,271.000,29,275.000,20,0,23,
110139668000,248.000,2,255.000,50,254.000,18,251.000,20,86.000,1,84.000,3,266.000,21,268.000,9,271.000,29,275.000,20,320.000,1,0,23,
110139758000,248.000,2,255.000,50,254.000,18,251.000,20,250.000,20,86.000,1,266.000,21,268.000,29,271.000,29,275.000,20,320.000,1,0,23,
110140054000,248.000,2,255.000,50,254.000,18,251.000,20,250.000,20,86.000,1,266.000,30,268.000,29,271.000,29,275.000,20,320.000,1,0,23,
110143209000,248.000,2,255.000,50,254.000,18,250.000,20,86.000,1,84.000,3,266.000,30,268.000,29,271.000,9,275.000,20,320.000,1,0,23,
110143235000,248.000,2,255.000,50,254.000,18,253.000,20,250.000,20,86.000,1,266.000,30,268.000,29,271.000,9,273.000,20,275.000,20,0,23,
110145672000,248.000,2,255.000,50,254.000,18,253.000,20,250.000,20,86.000,1,266.000,30,268.000,20,271.000,9,273.000,20,275.000,20,0,23,
110145791000,248.000,2,255.000,29,254.000,18,253.000,20,250.000,20,86.000,1,266.000,9,268.000,20,271.000,9,273.000,20,275.000,20,0,23,
110145791000,248.000,2,255.000,50,254.000,18,253.000,20,250.000,20,86.000,1,266.000,9,267.000,21,268.000,20,271.000,9,273.000,20,0,23,
110145791000,248.000,2,255.000,50,254.000,18,253.000,20,250.000,20,86.000,1,266.000,9,267.000,21,268.000,29,271.000,9,273.000,20,0,23,
110145791000,248.000,2,255.000,50,254.000,18,253.000,20,250.000,20,86.000,1,266.000,9,267.000,30,268.000,29,271.000,9,273.000,20,0,23,
110145791000,248.000,2,255.000,50,254.000,18,253.000,20,250.000,20,86.000,1,267.000,30,268.000,29,271.000,9,273.000,20,275.000,20,0,23,
110145795000,248.000,2,255.000,50,254.000,18,253.000,20,250.000,20,86.000,1,267.000,30,268.000,29,270.000,9,271.000,9,273.000,20,0,23,
110146005000,248.000,2,255.000,50,254.000,18,253.000,20,250.000,20,86.000,1,267.000,30,268.000,29,270.000,9,273.000,20,275.000,20,0,23,
110159367000,248.000,2,255.000,30,254.000,18,253.000,20,250.000,20,86.000,1,267.000,30,268.000,29,270.000,9,273.000,20,320.000,1,0,23,
110159367000,248.000,2,255.000,30,254.000,38,253.000,20,250.000,20,86.000,1,267.000,30,268.000,29,270.000,9,273.000,20,274.000,20,0,23,
110159620000,248.000,2,255.000,30,254.000,38,250.000,20,86.000,1,84.000,3,267.000,30,268.000,29,270.000,9,274.000,20,320.000,1,0,23,
110159691000,248.000,2,255.000,30,254.000,38,250.000,20,86.000,1,84.000,3,267.000,30,268.000,29,274.000,20,320.000,1,400.000,1,0,23,
110159692000,248.000,2,255.000,30,254.000,38,250.000,20,86.000,1,84.000,3,267.000,30,268.000,38,274.000,20,320.000,1,400.000,1,0,23,
110159800000,248.000,2,255.000,30,254.000,38,86.000,1,84.000,3,39.000,20,267.000,30,268.000,18,274.000,20,320.000,1,400.000,1,0,23,
110200005000,248.000,2,255.000,30,254.000,38,251.000,20,86.000,1,84.000,3,267.000,30,268.000,18,271.000,20,274.000,20,320.000,1,0,23,
110201464000,248.000,2,255.000,30,254.000,38,251.000,20,250.000,20,86.000,1,267.000,30,268.000,38,271.000,20,274.000,20,320.000,1,0,23,
110201745000,248.000,2,255.000,30,254.000,18,251.000,20,250.000,20,86.000,1,267.000,30,268.000,38,271.000,20,320.000,1,400.000,1,0,23,
110201745000,248.000,2,255.000,30,254.000,18,253.000,20,251.000,20,250.000,20,267.000,30,268.000,38,271.000,20,273.000,20,320.000,1,0,23,
110205243000,248.000,2,255.000,30,254.000,18,251.000,20,250.000,20,86.000,1,267.000,30,268.000,38,271.000,20,320.000,1,400.000,1,0,23,
110205243000,248.000,2,255.000,30,254.000,38,251.000,20,250.000,20,86.000,1,267.000,30,268.000,38,271.000,20,274.000,20,320.000,1,0,23,
110208118000,248.000,2,255.000,30,254.000,18,251.000,20,250.000,20,86.000,1,267.000,30,268.000,38,271.000,20,320.000,1,400.000,1,0,23,
110208118000,248.000,2,255.000,30,254.000,18,253.000,20,251.000,20,250.000,20,267.000,30,268.000,38,271.000,20,273.000,20,320.000,1,0,23,
110210117000,248.000,2,255.000,30,254.000,18,251.000,20,250.000,20,86.000,1,267.000,30,268.000,38,271.000,20,320.000,1,400.000,1,0,23,
110210117000,248.000,2,255.000,30,254.000,38,251.000,20,250.000,20,86.000,1,267.000,30,268.000,38,271.000,20,274.000,20,320.000,1,0,23,
110210368000,248.000,2,255.000,30,254.000,18,251.000,20,250.000,20,86.000,1,267.000,30,268.000,38,271.000,20,320.000,1,400.000,1,0,23,
110210368000,248.000,2,255.000,30,254.000,18,253.000,20,251.000,20,250.000,20,267.000,30,268.000,38,271.000,20,273.000,20,320.000,1,0,23,
110211033000,248.000,2,255.000,30,254.000,18,253.000,20,251.000,20,86.000,1,267.000,30,268.000,18,271.000,20,273.000,20,320.000,1,0,23,
110211118000,248.000,2,255.000,30,254.000,18,251.000,20,86.000,1,84.000,3,267.000,30,268.000,18,271.000,20,320.000,1,400.000,1,0,23,
110211118000,248.000,2,255.000,30,254.000,18,252.000,20,251.000,20,86.000,1,267.000,30,268.000,18,271.000,20,272.000,20,320.000,1,0,23,
110211933000,248.000,2,255.000,30,254.000,18,252.000,20,251.000,20,250.000,20,267.000,30,268.000,38,271.000,20,272.000,20,320.000,1,0,23,
110212367000,248.000,2,255.000,30,254.000,18,251.000,20,250.000,20,86.000,1,267.000,30,268.000,38,271.000,20,320.000,1,400.000,1,0,23,
110212367000,248.000,2,255.000,30,254.000,18,253.000,20,251.000,20,250.000,20,267.000,30,268.000,38,271.000,20,273.000,20,320.000,1,0,23,
110217868000,248.000,2,255.000,30,254.000,18,251.000,20,250.000,20,86.000,1,267.000,30,268.000,38,271.000,20,320.000,1,400.000,1,0,23,
110217868000,248.000,2,255.000,30,254.000,38,251.000,20,250.000,20,86.000,1,267.000,30,268.000,38,271.000,20,274.000,20,320.000,1,0,23,
110223299000,248.000,2,255.000,30,254.000,18,251.000,20,250.000,20,86.000,1,267.000,30,268.000,38,271.000,20,320.000,1,400.000,1,0,23,
110223299000,248.000,2,255.000,30,254.000,18,253.000,20,251.000,20,250.000,20,267.000,30,268.000,38,271.000,20,273.000,20,320.000,1,0,23,
110228624000,248.000,2,255.000,30,254.000,18,251.000,20,250.000,20,86.000,1,267.000,30,268.000,38,271.000,20,320.000,1,400.000,1,0,23,
110228624000,248.000,2,255.000,30,254.000,18,252.000,20,251.000,20,250.000,20,267.000,30,268.000,38,271.000,20,272.000,20,320.000,1,0,23,
110229053000,248.000,2,255.000,30,254.000,9,252.000,20,251.000,20,250.000,20,267.000,30,268.000,38,271.000,20,272.000,20,320.000,1,0,23,
110229178000,248.000,2,255.000,30,254.000,9,252.000,29,251.000,20,250.000,20,267.000,30,268.000,38,271.000,20,272.000,20,320.000,1,0,23,
110232000000,248.000,2,255.000,30,254.000,9,252.000,29,251.000,20,86.000,1,267.000,30,268.000,18,271.000,20,272.000,20,320.000,1,0,23,
110232255000,248.000,2,255.000,30,254.000,9,252.000,29,251.000,20,250.000,20,267.000,30,268.000,38,271.000,20,272.000,20,320.000,1,0,23,
110239118000,248.000,2,255.000,30,254.000,9,252.000,9,251.000,20,250.000,20,267.000,30,268.000,38,271.000,20,320.000,1,400.000,1,0,23,
110239118000,248.000,2,255.000,30,254.000,9,252.000,9,251.000,40,250.000,20,267.000,30,268.000,38,271.000,40,320.000,1,400.000,1,0,23,
110239247000,248.000,2,255.000,30,254.000,9,252.000,9,251.000,40,86.000,1,267.000,30,268.000,18,271.000,40,320.000,1,400.000,1,0,23,
110239368000,248.000,2,255.000,30,254.000,9,252.000,9,251.000,20,86.000,1,267.000,30,268.000,18,271.000,20,320.000,1,400.000,1,0,23,
110239368000,248.000,2,255.000,30,254.000,9,252.000,9,251.000,20,250.000,20,267.000,30,268.000,18,270.000,20,271.000,20,320.000,1,0,23,
110240075000,248.000,2,255.000,9,254.000,9,252.000,9,251.000,20,250.000,20,267.000,9,268.000,18,270.000,20,271.000,20,320.000,1,0,23,
110240075000,248.000,2,255.000,9,254.000,30,252.000,9,251.000,20,250.000,20,267.000,30,268.000,18,270.000,20,271.000,20,320.000,1,0,23,
110240075000,248.000,2,254.000,30,252.000,9,251.000,20,250.000,20,86.000,1,267.000,30,268.000,18,270.000,20,271.000,20,320.000,1,0,23,
110240167000,248.000,2,254.000,30,252.000,9,251.000,20,250.000,40,86.000,1,267.000,50,268.000,18,270.000,20,271.000,20,320.000,1,0,23,
110242719000,248.000,2,254.000,9,252.000,9,251.000,20,250.000,40,86.000,1,267.000,29,268.000,18,270.000,20,271.000,20,320.000,1,0,23,
110242719000,248.000,2,255.000,21,254.000,9,252.000,9,251.000,20,250.000,40,267.000,50,268.000,18,270.000,20,271.000,20,320.000,1,0,23,
110242719000,248.000,2,255.000,21,252.000,9,251.000,20,250.000,40,86.000,1,267.000,50,268.000,18,270.000,20,271.000,20,320.000,1,0,23,
110242719000,248.000,2,255.000,21,252.000,18,251.000,20,250.000,40,86.000,1,267.000,50,268.000,18,270.000,20,271.000,20,320.000,1,0,23,
110242719000,248.000,2,255.000,30,252.000,18,251.000,20,250.000,40,86.000,1,267.000,50,268.000,18,270.000,20,271.000,20,320.000,1,0,23,
110242993000,248.000,2,255.000,30,252.000,18,251.000,20,250.000,20,86.000,1,267.000,50,268.000,18,271.000,20,320.000,1,400.000,1,0,23,
110242993000,248.000,2,255.000,30,252.000,18,251.000,40,250.000,20,86.000,1,267.000,50,268.000,18,271.000,40,320.000,1,400.000,1,0,23,
110244715000,248.000,2,255.000,9,252.000,18,251.000,40,250.000,20,86.000,1,267.000,29,268.000,18,271.000,40,320.000,1,400.000,1,0,23,
110244715000,248.000,2,255.000,9,254.000,21,252.000,18,251.000,40,250.000,20,267.000,50,268.000,18,271.000,40,320.000,1,400.000,1,0,23,
110244715000,248.000,2,254.000,21,252.000,18,251.000,40,250.000,20,86.000,1,267.000,50,268.000,18,271.000,40,320.000,1,400.000,1,0,23,
110244715000,248.000,2,254.000,30,252.000,18,251.000,40,250.000,20,86.000,1,267.000,50,268.000,18,271.000,40,320.000,1,400.000,1,0,23,
110244743000,248.000,2,254.000,30,252.000,18,251.000,20,250.000,20,86.000,1,267.000,50,268.000,18,271.000,20,320.000,1,400.000,1,0,23,
110244743000,248.000,2,254.000,30,252.000,18,251.000,20,250.000,40,86.000,1,267.000,50,268.000,18,270.000,20,271.000,20,320.000,1,0,23,
110250119000,248.000,2,254.000,30,252.000,18,251.000,20,250.000,20,86.000,1,267.000,50,268.000,18,271.000,20,320.000,1,400.000,1,0,23,
110250119000,248.000,2,254.000,30,252.000,18,251.000,40,250.000,20,86.000,1,267.000,50,268.000,18,271.000,40,320.000,1,400.000,1,0,23,
110250157000,248.000,2,254.000,30,252.000,18,251.000,40,86.000,1,84.000,3,267.000,30,268.000,18,271.000,40,320.000,1,400.000,1,0,23,
110250296000,248.000,2,254.000,30,252.000,18,251.000,40,250.000,20,86.000,1,267.000,30,268.000,38,271.000,40,320.000,1,400.000,1,0,23,
110251618000,248.000,2,254.000,30,252.000,18,251.000,20,250.000,20,86.000,1,267.000,30,268.000,38,271.000,20,320.000,1,400.000,1,0,23,
110251618000,248.000,2,254.000,30,252.000,18,251.000,20,250.000,40,86.000,1,267.000,30,268.000,38,270.000,20,271.000,20,320.000,1,0,23,
110254684000,248.000,2,254.000,30,252.000,9,251.000,20,250.000,40,86.000,1,267.000,30,268.000,38,270.000,20,271.000,20,320.000,1,0,23,
110254727000,248.000,2,254.000,9,252.000,9,251.000,20,250.000,40,86.000,1,267.000,9,268.000,38,270.000,20,271.000,20,320.000,1,0,23,
110254727000,248.000,2,254.000,9,253.000,21,252.000,9,251.000,20,250.000,40,267.000,30,268.000,38,270.000,20,271.000,20,320.000,1,0,23,
110254728000,248.000,2,254.000,9,253.000,21,252.000,9,251.000,20,250.000,40,267.000,21,268.000,38,270.000,20,271.000,20,320.000,1,0,23,
110254728000,248.000,2,254.000,9,253.000,21,252.000,9,251.000,29,250.000,40,267.000,21,268.000,38,270.000,20,271.000,20,320.000,1,0,23,
110254728000,248.000,2,254.000,9,253.000,30,252.000,9,251.000,29,250.000,40,267.000,21,268.000,38,270.000,20,271.000,20,320.000,1,0,23,
110254728000,248.000,2,253.000,30,252.000,9,251.000,29,250.000,40,86.000,1,267.000,21,268.000,38,270.000,20,271.000,20,320.000,1,0,23,
110254728000,248.000,2,253.000,30,252.000,9,251.000,29,250.000,40,86.000,1,267.000,30,268.000,38,270.000,20,271.000,20,320.000,1,0,23,
110254744000,248.000,2,253.000,30,252.000,9,251.000,29,250.000,20,86.000,1,267.000,30,268.000,38,271.000,20,320.000,1,400.000,1,0,23,
110254744000,248.000,2,253.000,30,252.000,9,251.000,49,250.000,20,86.000,1,267.000,30,268.000,38,271.000,40,320.000,1,400.000,1,0,23,
110254803000,248.000,2,253.000,30,252.000,9,251.000,49,250.000,29,86.000,1,267.000,30,268.000,38,271.000,40,320.000,1,400.000,1,0,23,
110255005000,248.000,2,253.000,30,252.000,9,251.000,40,250.000,29,86.000,1,267.000,30,268.000,38,271.000,40,320.000,1,400.000,1,0,23,
110257244000,248.000,2,253.000,30,252.000,9,251.000,20,250.000,29,86.000,1,267.000,30,268.000,38,271.000,20,320.000,1,400.000,1,0,23,
110257244000,248.000,2,253.000,30,252.000,9,251.000,20,250.000,49,86.000,1,267.000,30,268.000,38,270.000,20,271.000,20,320.000,1,0,23,
110257824000,248.000,2,253.000,30,252.000,9,251.000,20,250.000,29,86.000,1,267.000,30,268.000,18,270.000,20,271.000,20,320.000,1,0,23,
110259627000,248.000,2,253.000,30,252.000,9,251.000,20,250.000,49,86.000,1,267.000,50,268.000,18,270.000,20,271.000,20,320.000,1,0,23,
110303118000,248.000,2,253.000,30,252.000,9,251.000,20,250.000,29,86.000,1,267.000,50,268.000,18,271.000,20,320.000,1,400.000,1,0,23,
110303118000,248.000,2,253.000,30,252.000,9,251.000,40,250.000,29,86.000,1,267.000,50,268.000,18,271.000,40,320.000,1,400.000,1,0,23,
110304992000,248.000,2,253.000,30,252.000,9,251.000,20,250.000,29,86.000,1,267.000,50,268.000,18,271.000,20,320.000,1,400.000,1,0,23,
110304992000,248.000,2,253.000,30,252.000,9,251.000,20,250.000,49,86.000,1,267.000,50,268.000,18,270.000,20,271.000,20,320.000,1,0,23,
110311565000,248.000,2,253.000,30,252.000,9,251.000,20,250.000,29,86.000,1,267.000,50,268.000,18,271.000,20,320.000,1,400.000,1,0,23,
110311565000,248.000,2,253.000,30,252.000,9,251.000,40,250.000,29,86.000,1,267.000,50,268.000,18,271.000,40,320.000,1,400.000,1,0,23,
110311622000,248.000,2,253.000,30,252.000,9,251.000,20,250.000,29,86.000,1,267.000,50,268.000,18,271.000,20,320.000,1,400.000,1,0,23,
110311622000,248.000,2,253.000,30,252.000,9,251.000,20,250.000,49,86.000,1,267.000,50,268.000,18,270.000,20,271.000,20,320.000,1,0,23,
110312414000,248.000,2,253.000,9,252.000,9,251.000,20,250.000,49,86.000,1,267.000,29,268.000,18,270.000,20,271.000,20,320.000,1,0,23,
110312414000,248.000,2,253.000,9,252.000,30,251.000,20,250.000,49,86.000,1,267.000,50,268.000,18,270.000,20,271.000,20,320.000,1,0,23,
110312415000,248.000,2,252.000,30,251.000,20,250.000,49,86.000,1,84.000,3,267.000,50,268.000,18,270.000,20,271.000,20,320.000,1,0,23,
110314117000,248.000,2,252.000,30,251.000,20,250.000,29,86.000,1,84.000,3,267.000,50,268.000,18,271.000,20,320.000,1,400.000,1,0,23,
110314117000,248.000,2,252.000,30,251.000,40,250.000,29,86.000,1,84.000,3,267.000,50,268.000,18,271.000,40,320.000,1,400.000,1,0,23,
110314461000,248.000,2,252.000,9,251.000,40,250.000,29,86.000,1,84.000,3,267.000,29,268.000,18,271.000,40,320.000,1,400.000,1,0,23,
110314461000,248.000,2,253.000,21,252.000,9,251.000,40,250.000,29,86.000,1,267.000,50,268.000,18,271.000,40,320.000,1,400.000,1,0,23,
110314462000,248.000,2,253.000,21,251.000,40,250.000,29,86.000,1,84.000,3,267.000,50,268.000,18,271.000,40,320.000,1,400.000,1,0,23,
110315228000,248.000,2,253.000,30,251.000,40,250.000,29,86.000,1,84.000,3,267.000,50,268.000,18,271.000,40,320.000,1,400.000,1,0,23,
110319653000,248.000,2,253.000,30,251.000,40,250.000,9,86.000,1,84.000,3,267.000,30,268.000,18,271.000,40,320.000,1,400.000,1,0,23,
110319738000,248.000,2,253.000,9,251.000,40,250.000,9,86.000,1,84.000,3,267.000,9,268.000,18,271.000,40,320.000,1,400.000,1,0,23,
110319738000,248.000,2,253.000,9,252.000,21,251.000,40,250.000,9,86.000,1,267.000,30,268.000,18,271.000,40,320.000,1,400.000,1,0,23,
110319738000,248.000,2,253.000,9,252.000,21,251.000,49,250.000,9,86.000,1,267.000,30,268.000,18,271.000,40,320.000,1,400.000,1,0,23,
110319738000,248.000,2,252.000,21,251.000,49,250.000,9,86.000,1,84.000,3,267.000,30,268.000,18,271.000,40,320.000,1,400.000,1,0,23,
110319738000,248.000,2,252.000,30,251.000,49,250.000,9,86.000,1,84.000,3,267.000,30,268.000,18,271.000,40,320.000,1,400.000,1,0,23,
110319738000,248.000,2,252.000,30,251.000,49,250.000,9,86.000,1,84.000,3,267.000,21,268.000,18,271.000,40,320.000,1,400.000,1,0,23,
110319742000,248.000,2,252.000,30,251.000,29,250.000,9,86.000,1,84.000,3,267.000,21,268.000,18,271.000,20,320.000,1,400.000,1,0,23,
110319742000,248.000,2,252.000,30,251.000,29,250.000,29,86.000,1,84.000,3,267.000,21,268.000,18,270.000,20,271.000,20,320.000,1,0,23,
110320255000,248.000,2,252.000,30,251.000,29,250.000,29,86.000,1,84.000,3,267.000,30,268.000,18,270.000,20,271.000,20,320.000,1,0,23,
110321667000,248.000,2,252.000,30,251.000,29,250.000,49,86.000,1,84.000,3,267.000,50,268.000,18,270.000,20,271.000,20,320.000,1,0,23,
110324351000,248.000,2,252.000,30,251.000,29,250.000,40,86.000,1,84.000,3,267.000,50,268.000,18,270.000,20,271.000,20,320.000,1,0,23,
110324469000,248.000,2,252.000,30,251.000,29,250.000,40,247.000,9,86.000,1,267.000,50,268.000,18,270.000,20,271.000,20,320.000,1,0,23,
110324741000,248.000,2,252.000,9,251.000,29,250.000,40,247.000,9,86.000,1,267.000,29,268.000,18,270.000,20,271.000,20,320.000,1,0,23,
110324741000,248.000,2,252.000,9,251.000,50,250.000,40,247.000,9,86.000,1,267.000,50,268.000,18,270.000,20,271.000,20,320.000,1,0,23,
110324741000,248.000,2,251.000,50,250.000,40,247.000,9,86.000,1,84.000,3,267.000,50,268.000,18,270.000,20,271.000,20,320.000,1,0,23,
110324743000,248.000,2,251.000,50,250.000,20,247.000,9,86.000,1,84.000,3,267.000,50,268.000,18,271.000,20,320.000,1,400.000,1,0,23,
110324743000,248.000,2,251.000,50,250.000,20,249.000,20,247.000,9,86.000,1,264.000,20,267.000,50,268.000,18,271.000,20,320.000,1,0,23,
110324743000,248.000,2,251.000,50,250.000,20,249.000,20,247.000,9,86.000,1,264.000,29,267.000,50,268.000,18,271.000,20,320.000,1,0,23,
110324809000,248.000,2,251.000,30,250.000,20,249.000,20,247.000,9,86.000,1,264.000,29,267.000,50,268.000,18,320.000,1,400.000,1,0,23,
110324959000,248.000,2,251.000,30,249.000,20,247.000,9,86.000,1,84.000,3,264.000,29,267.000,30,268.000,18,320.000,1,400.000,1,0,23,
110325005000,248.000,2,251.000,30,249.000,40,247.000,9,86.000,1,84.000,3,264.000,49,267.000,30,268.000,18,320.000,1,400.000,1,0,23,
110325005000,248.000,2,251.000,30,249.000,40,247.000,9,86.000,1,84.000,3,264.000,49,267.000,30,268.000,9,320.000,1,400.000,1,0,23,
110325743000,248.000,2,251.000,30,249.000,20,247.000,9,86.000,1,84.000,3,264.000,29,267.000,30,268.000,9,320.000,1,400.000,1,0,23,
110325743000,248.000,2,251.000,30,250.000,20,249.000,20,247.000,9,86.000,1,264.000,29,267.000,30,268.000,9,270.000,20,320.000,1,0,23,
110325842000,248.000,2,251.000,9,250.000,20,249.000,20,247.000,9,86.000,1,264.000,29,267.000,9,268.000,9,270.000,20,320.000,1,0,23,
110325842000,248.000,2,251.000,30,250.000,20,249.000,20,247.000,9,86.000,1,263.000,21,264.000,29,267.000,9,268.000,9,270.000,20,0,23,
110325842000,248.000,2,251.000,21,250.000,20,249.000,20,247.000,9,86.000,1,263.000,21,264.000,29,267.000,9,268.000,9,270.000,20,0,23,
110326186000,248.000,2,251.000,30,250.000,20,249.000,20,247.000,9,86.000,1,263.000,21,264.000,29,267.000,9,268.000,9,270.000,20,0,23,
110326186000,248.000,2,251.000,30,250.000,20,249.000,20,247.000,9,86.000,1,263.000,30,264.000,29,267.000,9,268.000,9,270.000,20,0,23,
110326505000,248.000,2,251.000,30,250.000,20,249.000,20,247.000,9,86.000,1,263.000,30,264.000,29,268.000,9,270.000,20,320.000,1,0,23,
110326746000,248.000,2,251.000,30,250.000,20,249.000,20,247.000,9,86.000,1,263.000,30,264.000,29,270.000,20,320.000,1,400.000,1,0,23,
110326746000,248.000,2,251.000,30,250.000,20,249.000,20,247.000,9,86.000,1,263.000,30,264.000,38,270.000,20,320.000,1,400.000,1,0,23,
110326883000,248.000,2,251.000,9,250.000,20,249.000,20,247.000,9,86.000,1,263.000,9,264.000,38,270.000,20,320.000,1,400.000,1,0,23,
110326883000,248.000,2,252.000,21,251.000,9,250.000,20,249.000,20,247.000,9,263.000,30,264.000,38,270.000,20,320.000,1,400.000,1,0,23,
110326883000,248.000,2,252.000,21,250.000,20,249.000,20,247.000,9,86.000,1,263.000,30,264.000,38,270.000,20,320.000,1,400.000,1,0,23,
110326883000,248.000,2,252.000,21,250.000,29,249.000,20,247.000,9,86.000,1,263.000,30,264.000,38,270.000,20,320.000,1,400.000,1,0,23,
110326883000,248.000,2,252.000,30,250.000,29,249.000,20,247.000,9,86.000,1,263.000,30,264.000,38,270.000,20,320.000,1,400.000,1,0,23,
110326883000,248.000,2,252.000,30,250.000,29,249.000,20,247.000,9,86.000,1,263.000,21,264.000,38,270.000,20,320.000,1,400.000,1,0,23,
110326884000,248.000,2,252.000,30,250.000,29,249.000,20,247.000,9,86.000,1,263.000,30,264.000,38,270.000,20,320.000,1,400.000,1,0,23,
110327721000,248.000,2,252.000,30,250.000,49,249.000,20,247.000,9,86.000,1,263.000,30,264.000,38,265.000,20,270.000,20,320.000,1,0,23,
110328075000,248.000,2,252.000,30,250.000,29,249.000,20,247.000,9,86.000,1,263.000,30,264.000,38,270.000,20,320.000,1,400.000,1,0,23,
110328618000,248.000,2,252.000,30,250.000,9,249.000,20,247.000,9,86.000,1,263.000,30,264.000,38,320.000,1,400.000,1,414.000,1,0,23,
110328618000,248.000,2,252.000,30,250.000,9,249.000,40,247.000,9,86.000,1,263.000,30,264.000,58,320.000,1,400.000,1,414.000,1,0,23,
110328767000,248.000,2,252.000,30,250.000,9,249.000,60,247.000,9,86.000,1,263.000,30,264.000,78,320.000,1,400.000,1,414.000,1,0,23,
110328851000,248.000,2,252.000,9,250.000,9,249.000,60,247.000,9,86.000,1,263.000,9,264.000,78,320.000,1,400.000,1,414.000,1,0,23,
110328851000,248.000,2,252.000,9,251.000,21,250.000,9,249.000,60,247.000,9,263.000,30,264.000,78,320.000,1,400.000,1,414.000,1,0,23,
110328851000,248.000,2,252.000,9,251.000,21,250.000,9,249.000,69,247.000,9,263.000,30,264.000,78,320.000,1,400.000,1,414.000,1,0,23,
110328851000,248.000,2,252.000,9,251.000,21,250.000,9,249.000,69,247.000,9,263.000,21,264.000,78,320.000,1,400.000,1,414.000,1,0,23,
110328851000,248.000,2,251.000,21,250.000,9,249.000,69,247.000,9,86.000,1,263.000,21,264.000,78,320.000,1,400.000,1,414.000,1,0,23,
110328851000,248.000,2,251.000,30,250.000,9,249.000,69,247.000,9,86.000,1,263.000,21,264.000,78,320.000,1,400.000,1,414.000,1,0,23,
110328852000,248.000,2,251.000,30,250.000,9,249.000,69,247.000,9,86.000,1,263.000,30,264.000,78,320.000,1,400.000,1,414.000,1,0,23,
110329004000,248.000,2,251.000,30,250.000,9,249.000,60,247.000,9,86.000,1,263.000,30,264.000,78,320.000,1,400.000,1,414.000,1,0,23,
110331869000,248.000,2,251.000,30,250.000,9,249.000,40,247.000,9,86.000,1,263.000,30,264.000,58,320.000,1,400.000,1,414.000,1,0,23,
110331869000,248.000,2,251.000,30,250.000,29,249.000,40,247.000,9,86.000,1,263.000,30,264.000,58,270.000,20,320.000,1,400.000,1,0,23,
110338258000,248.000,2,251.000,30,250.000,29,249.000,20,247.000,9,86.000,1,263.000,30,264.000,38,270.000,20,320.000,1,400.000,1,0,23,
110338891000,248.000,2,251.000,30,250.000,49,249.000,20,247.000,9,86.000,1,263.000,30,264.000,38,265.000,20,270.000,20,320.000,1,0,23,
110340712000,248.000,2,251.000,30,250.000,49,249.000,20,86.000,1,84.000,3,263.000,30,264.000,38,265.000,20,270.000,20,320.000,1,0,23,
110340712000,248.000,2,251.000,30,250.000,49,249.000,29,86.000,1,84.000,3,263.000,30,264.000,38,265.000,20,270.000,20,320.000,1,0,23,
110345128000,248.000,2,251.000,30,250.000,29,249.000,29,86.000,1,84.000,3,263.000,30,264.000,38,270.000,20,320.000,1,400.000,1,0,23,
110346026000,248.000,2,251.000,30,250.000,29,249.000,49,86.000,1,84.000,3,263.000,30,264.000,58,270.000,20,320.000,1,400.000,1,0,23,
110347249000,248.000,2,251.000,30,250.000,29,249.000,29,86.000,1,84.000,3,263.000,30,264.000,38,270.000,20,320.000,1,400.000,1,0,23,
110348186000,248.000,2,251.000,30,250.000,49,249.000,29,86.000,1,84.000,3,263.000,30,264.000,38,265.000,20,270.000,20,320.000,1,0,23,
110350584000,248.000,2,251.000,30,250.000,29,249.000,29,86.000,1,84.000,3,263.000,30,264.000,38,270.000,20,320.000,1,400.000,1,0,23,
110351227000,248.000,2,251.000,30,250.000,29,249.000,49,86.000,1,84.000,3,263.000,30,264.000,58,270.000,20,320.000,1,400.000,1,0,23,
110353427000,248.000,2,251.000,30,250.000,29,249.000,29,86.000,1,84.000,3,263.000,30,264.000,38,270.000,20,320.000,1,400.000,1,0,23,
110354262000,248.000,2,251.000,30,250.000,29,249.000,49,86.000,1,84.000,3,263.000,30,264.000,58,270.000,20,320.000,1,400.000,1,0,23,
110401868000,248.000,2,251.000,30,250.000,9,249.000,49,86.000,1,84.000,3,263.000,30,264.000,58,320.000,1,400.000,1,414.000,1,0,23,
110401868000,248.000,2,251.000,30,250.000,9,249.000,69,86.000,1,84.000,3,263.000,30,264.000,78,320.000,1,400.000,1,414.000,1,0,23,
110402750000,248.000,2,251.000,30,250.000,9,249.000,60,86.000,1,84.000,3,263.000,30,264.000,78,320.000,1,400.000,1,414.000,1,0,23,
110402750000,248.000,2,251.000,30,250.000,9,249.000,60,86.000,1,84.000,3,263.000,30,264.000,69,320.000,1,400.000,1,414.000,1,0,23,
110402750000,248.000,2,251.000,9,250.000,9,249.000,60,86.000,1,84.000,3,263.000,9,264.000,69,320.000,1,400.000,1,414.000,1,0,23,
110402750000,248.000,2,251.000,9,250.000,30,249.000,60,86.000,1,84.000,3,263.000,30,264.000,69,320.000,1,400.000,1,414.000,1,0,23,
110402750000,248.000,2,251.000,9,250.000,30,249.000,60,247.000,9,86.000,1,263.000,30,264.000,69,320.000,1,400.000,1,414.000,1,0,23,
110402750000,248.000,2,250.000,30,249.000,60,247.000,9,86.000,1,84.000,3,263.000,30,264.000,69,320.000,1,400.000,1,414.000,1,0,23,
110402750000,248.000,2,250.000,30,249.000,69,247.000,9,86.000,1,84.000,3,263.000,30,264.000,69,320.000,1,400.000,1,414.000,1,0,23,
110402750000,248.000,2,250.000,30,249.000,69,247.000,9,86.000,1,84.000,3,263.000,21,264.000,69,320.000,1,400.000,1,414.000,1,0,23,
110402750000,248.000,2,250.000,30,249.000,69,247.000,9,86.000,1,84.000,3,263.000,30,264.000,69,320.000,1,400.000,1,414.000,1,0,23,
110402824000,248.000,2,250.000,30,249.000,49,247.000,9,86.000,1,84.000,3,263.000,30,264.000,49,320.000,1,400.000,1,414.000,1,0,23,
110402869000,248.000,2,250.000,30,249.000,29,247.000,9,86.000,1,84.000,3,263.000,30,264.000,29,320.000,1,400.000,1,414.000,1,0,23,
110402869000,248.000,2,250.000,30,249.000,29,248.000,20,247.000,9,86.000,1,263.000,50,264.000,29,320.000,1,400.000,1,414.000,1,0,23,
110403743000,248.000,2,250.000,30,249.000,29,247.000,9,86.000,1,84.000,3,263.000,30,264.000,29,320.000,1,400.000,1,414.000,1,0,23,
110403743000,248.000,2,250.000,30,249.000,49,247.000,9,86.000,1,84.000,3,263.000,30,264.000,49,320.000,1,400.000,1,414.000,1,0,23,
110404106000,248.000,2,258.000,2,250.000,30,249.000,49,247.000,9,86.000,1,263.000,30,264.000,49,320.000,1,400.000,1,414.000,1,0,23,
110404107000,258.000,2,258.000,2,250.000,30,249.000,49,247.000,9,86.000,1,263.000,30,264.000,49,320.000,1,400.000,1,414.000,1,1,25,110404107000
110404107000,258.000,2,250.000,30,249.000,49,247.000,9,86.000,1,84.000,3,263.000,30,264.000,49,320.000,1,400.000,1,414.000,1,0,25,
110404107000,258.000,2,254.000,5,250.000,30,249.000,49,247.000,9,86.000,1,263.000,30,264.000,49,320.000,1,400.000,1,414.000,1,0,25,
110404107000,258.000,2,250.000,30,249.000,49,247.000,9,86.000,1,84.000,3,263.000,30,264.000,49,320.000,1,400.000,1,414.000,1,0,25,
110406630000,258.000,2,250.000,30,249.000,49,248.000,20,247.000,9,86.000,1,263.000,50,264.000,49,320.000,1,400.000,1,414.000,1,0,25,
110411769000,258.000,2,250.000,9,249.000,49,248.000,20,247.000,9,86.000,1,263.000,29,264.000,49,320.000,1,400.000,1,414.000,1,0,25,
110411769000,258.000,2,251.000,21,250.000,9,249.000,49,248.000,20,247.000,9,263.000,50,264.000,49,320.000,1,400.000,1,414.000,1,0,25,
110411769000,258.000,2,251.000,21,249.000,49,248.000,20,247.000,9,86.000,1,263.000,50,264.000,49,320.000,1,400.000,1,414.000,1,0,25,
110411769000,258.000,2,251.000,30,249.000,49,248.000,20,247.000,9,86.000,1,263.000,50,264.000,49,320.000,1,400.000,1,414.000,1,0,25,
110413765000,258.000,2,251.000,9,249.000,49,248.000,20,247.000,9,86.000,1,263.000,29,264.000,49,320.000,1,400.000,1,414.000,1,0,25,
110413765000,258.000,2,251.000,9,250.000,21,249.000,49,248.000,20,247.000,9,263.000,50,264.000,49,320.000,1,400.000,1,414.000,1,0,25,
110413765000,258.000,2,250.000,21,249.000,49,248.000,20,247.000,9,86.000,1,263.000,50,264.000,49,320.000,1,400.000,1,414.000,1,0,25,
110413765000,258.000,2,250.000,30,249.000,49,248.000,20,247.000,9,86.000,1,263.000,50,264.000,49,320.000,1,400.000,1,414.000,1,0,25,
110417993000,258.000,2,250.000,30,249.000,29,248.000,20,247.000,9,86.000,1,263.000,50,264.000,29,320.000,1,400.000,1,414.000,1,0,25,
110417993000,258.000,2,250.000,30,249.000,29,248.000,40,247.000,9,86.000,1,263.000,70,264.000,29,320.000,1,400.000,1,414.000,1,0,25,
110419868000,258.000,2,250.000,30,249.000,29,248.000,20,247.000,9,86.000,1,263.000,50,264.000,29,320.000,1,400.000,1,414.000,1,0,25,
110419868000,258.000,2,250.000,30,249.000,49,248.000,20,247.000,9,86.000,1,263.000,50,264.000,49,320.000,1,400.000,1,414.000,1,0,25,
110420618000,258.000,2,250.000,30,249.000,29,248.000,20,247.000,9,86.000,1,263.000,50,264.000,29,320.000,1,400.000,1,414.000,1,0,25,
110420618000,258.000,2,250.000,30,249.000,29,248.000,40,247.000,9,86.000,1,263.000,70,264.000,29,320.000,1,400.000,1,414.000,1,0,25,
110422368000,258.000,2,250.000,30,249.000,29,248.000,20,247.000,9,86.000,1,263.000,50,264.000,29,320.000,1,400.000,1,414.000,1,0,25,
110422368000,258.000,2,250.000,30,249.000,49,248.000,20,247.000,9,86.000,1,263.000,50,264.000,49,320.000,1,400.000,1,414.000,1,0,25,
110426700000,258.000,2,250.000,30,249.000,49,247.000,9,86.000,1,84.000,3,263.000,30,264.000,49,320.000,1,400.000,1,414.000,1,0,25,
110426788000,258.000,2,250.000,30,249.000,49,248.000,20,247.000,9,86.000,1,263.000,50,264.000,49,320.000,1,400.000,1,414.000,1,0,25,
110427868000,258.000,2,250.000,30,249.000,29,248.000,20,247.000,9,86.000,1,263.000,50,264.000,29,320.000,1,400.000,1,414.000,1,0,25,
110427868000,258.000,2,250.000,30,249.000,29,248.000,40,247.000,9,86.000,1,263.000,70,264.000,29,320.000,1,400.000,1,414.000,1,0,25,
110432761000,258.000,2,250.000,30,249.000,29,248.000,40,247.000,9,86.000,1,262.000,9,263.000,70,264.000,29,320.000,1,400.000,1,0,25,
110432762000,258.000,2,250.000,30,249.000,29,248.000,40,247.000,9,86.000,1,262.000,18,263.000,70,264.000,29,320.000,1,400.000,1,0,25,
110432771000,258.000,2,250.000,9,249.000,29,248.000,40,247.000,9,86.000,1,262.000,18,263.000,49,264.000,29,320.000,1,400.000,1,0,25,
110432771000,258.000,2,250.000,30,249.000,29,248.000,40,247.000,9,86.000,1,261.000,21,262.000,18,263.000,49,264.000,29,320.000,1,0,25,
110432772000,258.000,2,250.000,21,249.000,29,248.000,40,247.000,9,86.000,1,261.000,21,262.000,18,263.000,49,264.000,29,320.000,1,0,25,
110432772000,258.000,2,250.000,21,249.000,29,248.000,40,247.000,9,86.000,1,261.000,30,262.000,18,263.000,49,264.000,29,320.000,1,0,25,
110432772000,258.000,2,250.000,30,249.000,29,248.000,40,247.000,9,86.000,1,261.000,30,262.000,18,263.000,49,264.000,29,320.000,1,0,25,
110433004000,258.000,2,250.000,30,249.000,29,248.000,40,247.000,9,86.000,1,261.000,30,262.000,18,263.000,40,264.000,29,320.000,1,0,25,
110433004000,258.000,2,250.000,30,249.000,29,248.000,40,247.000,9,86.000,1,261.000,30,262.000,18,263.000,40,264.000,20,320.000,1,0,25,
110434732000,258.000,2,250.000,30,249.000,29,248.000,20,247.000,9,86.000,1,261.000,30,262.000,18,263.000,20,264.000,20,320.000,1,0,25,
110434732000,258.000,2,250.000,30,249.000,49,248.000,20,247.000,9,86.000,1,261.000,30,262.000,18,263.000,20,264.000,40,320.000,1,0,25,
110437368000,258.000,2,250.000,30,249.000,29,248.000,20,247.000,9,86.000,1,261.000,30,262.000,18,263.000,20,264.000,20,320.000,1,0,25,
110437368000,258.000,2,250.000,30,249.000,29,248.000,40,247.000,9,86.000,1,261.000,30,262.000,18,263.000,40,264.000,20,320.000,1,0,25,
110443493000,258.000,2,250.000,30,249.000,29,248.000,20,247.000,9,86.000,1,261.000,30,262.000,18,263.000,20,264.000,20,320.000,1,0,25,
110443493000,258.000,2,250.000,30,249.000,49,248.000,20,247.000,9,86.000,1,261.000,30,262.000,18,263.000,20,264.000,40,320.000,1,0,25,
110444743000,258.000,2,250.000,30,249.000,29,248.000,20,247.000,9,86.000,1,261.000,30,262.000,18,263.000,20,264.000,20,320.000,1,0,25,
110444743000,258.000,2,250.000,30,249.000,29,248.000,40,247.000,9,86.000,1,261.000,30,262.000,18,263.000,40,264.000,20,320.000,1,0,25,
110445993000,258.000,2,250.000,30,249.000,29,248.000,20,247.000,9,86.000,1,261.000,30,262.000,18,263.000,20,264.000,20,320.000,1,0,25,
110445993000,258.000,2,250.000,30,249.000,49,248.000,20,247.000,9,86.000,1,261.000,30,262.000,18,263.000,20,264.000,40,320.000,1,0,25,
110446800000,258.000,2,250.000,30,249.000,49,247.000,9,86.000,1,84.000,3,261.000,30,262.000,18,264.000,40,320.000,1,400.000,1,0,25,
110446873000,258.000,2,250.000,30,249.000,49,248.000,20,247.000,9,86.000,1,261.000,30,262.000,18,263.000,20,264.000,40,320.000,1,0,25,
110447618000,258.000,2,250.000,30,249.000,29,248.000,20,247.000,9,86.000,1,261.000,30,262.000,18,263.000,20,264.000,20,320.000,1,0,25,
110447618000,258.000,2,250.000,30,249.000,29,248.000,40,247.000,9,86.000,1,261.000,30,262.000,18,263.000,40,264.000,20,320.000,1,0,25,
110449545000,258.000,2,250.000,30,249.000,9,248.000,40,247.000,9,86.000,1,261.000,30,262.000,18,263.000,40,320.000,1,400.000,1,0,25,
110449659000,258.000,2,250.000,30,249.000,9,248.000,20,247.000,9,86.000,1,261.000,30,262.000,18,263.000,20,320.000,1,400.000,1,0,25,
110449779000,258.000,2,250.000,9,249.000,9,248.000,20,247.000,9,86.000,1,261.000,9,262.000,18,263.000,20,320.000,1,400.000,1,0,25,
110449779000,258.000,2,250.000,9,249.000,30,248.000,20,247.000,9,86.000,1,261.000,30,262.000,18,263.000,20,320.000,1,400.000,1,0,25,
110449779000,258.000,2,250.000,9,249.000,30,248.000,20,247.000,9,86.000,1,261.000,21,262.000,18,263.000,20,320.000,1,400.000,1,0,25,
110449779000,258.000,2,250.000,9,249.000,30,248.000,29,247.000,9,86.000,1,261.000,21,262.000,18,263.000,20,320.000,1,400.000,1,0,25,
110449779000,258.000,2,249.000,30,248.000,29,247.000,9,86.000,1,84.000,3,261.000,21,262.000,18,263.000,20,320.000,1,400.000,1,0,25,
110449780000,258.000,2,249.000,30,248.000,29,247.000,9,86.000,1,84.000,3,261.000,30,262.000,18,263.000,20,320.000,1,400.000,1,0,25,
110449874000,258.000,2,249.000,30,248.000,29,247.000,29,86.000,1,84.000,3,261.000,30,262.000,38,263.000,20,320.000,1,400.000,1,0,25,
110450005000,258.000,2,249.000,30,248.000,29,247.000,49,86.000,1,84.000,3,261.000,30,262.000,58,263.000,20,320.000,1,400.000,1,0,25,
110450164000,258.000,2,249.000,30,248.000,9,247.000,49,86.000,1,84.000,3,261.000,30,262.000,58,320.000,1,400.000,1,414.000,1,0,25,
110450164000,258.000,2,249.000,30,248.000,9,247.000,69,86.000,1,84.000,3,261.000,30,262.000,78,320.000,1,400.000,1,414.000,1,0,25,
110500493000,258.000,2,249.000,30,248.000,9,247.000,49,86.000,1,84.000,3,261.000,30,262.000,58,320.000,1,400.000,1,414.000,1,0,25,
110500493000,258.000,2,249.000,30,248.000,29,247.000,49,86.000,1,84.000,3,261.000,30,262.000,58,263.000,20,320.000,1,400.000,1,0,25,
110500784000,258.000,2,249.000,9,248.000,29,247.000,49,86.000,1,84.000,3,261.000,9,262.000,58,263.000,20,320.000,1,400.000,1,0,25,
110500784000,258.000,2,250.000,21,249.000,9,248.000,29,247.000,49,86.000,1,261.000,30,262.000,58,263.000,20,320.000,1,400.000,1,0,25,
110500784000,258.000,2,250.000,21,248.000,29,247.000,49,86.000,1,84.000,3,261.000,30,262.000,58,263.000,20,320.000,1,400.000,1,0,25,
110500784000,258.000,2,250.000,21,248.000,29,247.000,49,86.000,1,84.000,3,261.000,21,262.000,58,263.000,20,320.000,1,400.000,1,0,25,
110500952000,258.000,2,250.000,21,248.000,9,247.000,49,86.000,1,84.000,3,261.000,21,262.000,58,320.000,1,400.000,1,414.000,1,0,25,
110500952000,258.000,2,250.000,21,249.000,20,248.000,9,247.000,49,86.000,1,261.000,21,262.000,58,264.000,20,320.000,1,400.000,1,0,25,
110501120000,258.000,2,250.000,30,249.000,20,248.000,9,247.000,49,86.000,1,261.000,21,262.000,58,264.000,20,320.000,1,400.000,1,0,25,
110501120000,258.000,2,250.000,30,249.000,20,248.000,9,247.000,49,86.000,1,261.000,30,262.000,58,264.000,20,320.000,1,400.000,1,0,25,
110502243000,258.000,2,250.000,30,248.000,9,247.000,49,86.000,1,84.000,3,261.000,30,262.000,58,320.000,1,400.000,1,414.000,1,0,25,
110502243000,258.000,2,250.000,30,248.000,29,247.000,49,86.000,1,84.000,3,261.000,30,262.000,58,263.000,20,320.000,1,400.000,1,0,25,
110503801000,258.000,2,250.000,9,248.000,29,247.000,49,86.000,1,84.000,3,261.000,9,262.000,58,263.000,20,320.000,1,400.000,1,0,25,
110503801000,258.000,2,250.000,9,249.000,21,248.000,29,247.000,49,86.000,1,261.000,30,262.000,58,263.000,20,320.000,1,400.000,1,0,25,
110503801000,258.000,2,249.000,21,248.000,29,247.000,49,86.000,1,84.000,3,261.000,30,262.000,58,263.000,20,320.000,1,400.000,1,0,25,
110503801000,258.000,2,249.000,21,248.000,29,247.000,49,86.000,1,84.000,3,261.000,21,262.000,58,263.000,20,320.000,1,400.000,1,0,25,
110503801000,258.000,2,249.000,30,248.000,29,247.000,49,86.000,1,84.000,3,261.000,21,262.000,58,263.000,20,320.000,1,400.000,1,0,25,
110503802000,258.000,2,249.000,30,248.000,29,247.000,49,86.000,1,84.000,3,261.000,30,262.000,58,263.000,20,320.000,1,400.000,1,0,25,
110504244000,258.000,2,249.000,30,248.000,9,247.000,49,86.000,1,84.000,3,261.000,30,262.000,58,320.000,1,400.000,1,414.000,1,0,25,
110504244000,258.000,2,249.000,30,248.000,9,247.000,69,86.000,1,84.000,3,261.000,30,262.000,78,320.000,1,400.000,1,414.000,1,0,25,
110504293000,258.000,2,249.000,30,248.000,9,247.000,69,86.000,1,84.000,3,261.000,30,262.000,69,320.000,1,400.000,1,414.000,1,0,25,
110504293000,258.000,2,249.000,30,248.000,9,247.000,69,86.000,1,84.000,3,260.000,9,261.000,30,262.000,69,320.000,1,400.000,1,0,25,
110504294000,258.000,2,249.000,30,248.000,9,247.000,69,86.000,1,84.000,3,260.000,18,261.000,30,262.000,69,320.000,1,400.000,1,0,25,
110504373000,258.000,2,249.000,30,248.000,9,247.000,49,86.000,1,84.000,3,260.000,18,261.000,30,262.000,49,320.000,1,400.000,1,0,25,
110504505000,258.000,2,249.000,30,248.000,9,247.000,49,86.000,1,84.000,3,260.000,18,261.000,30,262.000,40,320.000,1,400.000,1,0,25,
110504802000,258.000,2,249.000,9,248.000,9,247.000,49,86.000,1,84.000,3,260.000,18,261.000,9,262.000,40,320.000,1,400.000,1,0,25,
110504802000,258.000,2,249.000,30,248.000,9,247.000,49,86.000,1,84.000,3,259.000,21,260.000,18,261.000,9,262.000,40,320.000,1,0,25,
110504802000,258.000,2,249.000,30,248.000,9,247.000,58,86.000,1,84.000,3,259.000,21,260.000,18,261.000,9,262.000,40,320.000,1,0,25,
110504802000,258.000,2,249.000,30,248.000,9,247.000,58,86.000,1,84.000,3,259.000,30,260.000,18,261.000,9,262.000,40,320.000,1,0,25,
110504802000,258.000,2,249.000,21,248.000,9,247.000,58,86.000,1,84.000,3,259.000,30,260.000,18,261.000,9,262.000,40,320.000,1,0,25,
110504802000,258.000,2,249.000,30,248.000,9,247.000,58,86.000,1,84.000,3,259.000,30,260.000,18,261.000,9,262.000,40,320.000,1,0,25,
110504894000,258.000,2,249.000,30,248.000,9,247.000,78,86.000,1,84.000,3,259.000,30,260.000,18,261.000,9,262.000,60,320.000,1,0,25,
110505005000,258.000,2,249.000,30,248.000,9,247.000,78,86.000,1,84.000,3,259.000,30,260.000,18,262.000,60,320.000,1,400.000,1,0,25,
110505005000,258.000,2,249.000,30,248.000,9,247.000,69,86.000,1,84.000,3,259.000,30,260.000,18,262.000,60,320.000,1,400.000,1,0,25,
110507028000,258.000,2,249.000,30,248.000,9,247.000,60,86.000,1,84.000,3,259.000,30,260.000,18,262.000,60,320.000,1,400.000,1,0,25,
110507151000,258.000,2,249.000,30,248.000,9,247.000,60,245.000,9,86.000,1,259.000,30,260.000,18,262.000,60,320.000,1,400.000,1,0,25,
110507246000,258.000,2,249.000,9,248.000,9,247.000,60,245.000,9,86.000,1,259.000,9,260.000,18,262.000,60,320.000,1,400.000,1,0,25,
110507246000,258.000,2,249.000,9,248.000,30,247.000,60,245.000,9,86.000,1,259.000,30,260.000,18,262.000,60,320.000,1,400.000,1,0,25,
110507247000,258.000,2,248.000,30,247.000,60,245.000,9,86.000,1,84.000,3,259.000,30,260.000,18,262.000,60,320.000,1,400.000,1,0,25,
110507372000,258.000,2,248.000,30,247.000,40,245.000,9,86.000,1,84.000,3,259.000,30,260.000,18,262.000,40,320.000,1,400.000,1,0,25,
110507372000,258.000,2,248.000,30,247.000,40,245.000,29,86.000,1,84.000,3,259.000,30,260.000,38,262.000,40,320.000,1,400.000,1,0,25,
110508789000,258.000,2,248.000,9,247.000,40,245.000,29,86.000,1,84.000,3,259.000,9,260.000,38,262.000,40,320.000,1,400.000,1,0,25,
110508789000,258.000,2,249.000,21,248.000,9,247.000,40,245.000,29,86.000,1,259.000,30,260.000,38,262.000,40,320.000,1,400.000,1,0,25,
110508789000,258.000,2,249.000,30,248.000,9,247.000,40,245.000,29,86.000,1,259.000,30,260.000,38,262.000,40,320.000,1,400.000,1,0,25,
110509788000,258.000,2,249.000,9,248.000,9,247.000,40,245.000,29,86.000,1,259.000,9,260.000,38,262.000,40,320.000,1,400.000,1,0,25,
110509788000,258.000,2,249.000,9,248.000,30,247.000,40,245.000,29,86.000,1,259.000,30,260.000,38,262.000,40,320.000,1,400.000,1,0,25,
110509789000,258.000,2,248.000,30,247.000,40,245.000,29,86.000,1,84.000,3,259.000,30,260.000,38,262.000,40,320.000,1,400.000,1,0,25,
110511071000,258.000,2,248.000,30,247.000,20,245.000,29,86.000,1,84.000,3,259.000,30,260.000,38,262.000,20,320.000,1,400.000,1,0,25,
110511250000,258.000,2,248.000,30,247.000,20,246.000,20,245.000,29,86.000,1,259.000,30,260.000,38,261.000,20,262.000,20,320.000,1,0,25,
110516618000,258.000,2,248.000,30,246.000,20,245.000,29,86.000,1,84.000,3,259.000,30,260.000,38,261.000,20,320.000,1,400.000,1,0,25,
110516618000,258.000,2,248.000,30,246.000,40,245.000,29,86.000,1,84.000,3,259.000,30,260.000,38,261.000,40,320.000,1,400.000,1,0,25,
110518243000,258.000,2,248.000,30,246.000,20,245.000,29,86.000,1,84.000,3,259.000,30,260.000,38,261.000,20,320.000,1,400.000,1,0,25,
110518243000,258.000,2,248.000,30,247.000,20,246.000,20,245.000,29,86.000,1,259.000,30,260.000,38,261.000,20,262.000,20,320.000,1,0,25,
110518792000,258.000,2,248.000,9,247.000,20,246.000,20,245.000,29,86.000,1,259.000,9,260.000,38,261.000,20,262.000,20,320.000,1,0,25,
110518792000,258.000,2,249.000,21,248.000,9,247.000,20,246.000,20,245.000,29,259.000,30,260.000,38,261.000,20,262.000,20,320.000,1,0,25,
110518792000,258.000,2,249.000,21,247.000,20,246.000,20,245.000,29,86.000,1,259.000,30,260.000,38,261.000,20,262.000,20,320.000,1,0,25,
110518792000,258.000,2,249.000,21,247.000,29,246.000,20,245.000,29,86.000,1,259.000,30,260.000,38,261.000,20,262.000,20,320.000,1,0,25,
110518792000,258.000,2,249.000,21,247.000,29,246.000,20,245.000,29,86.000,1,259.000,21,260.000,38,261.000,20,262.000,20,320.000,1,0,25,
110518792000,258.000,2,249.000,30,247.000,29,246.000,20,245.000,29,86.000,1,259.000,21,260.000,38,261.000,20,262.000,20,320.000,1,0,25,
110518793000,258.000,2,249.000,30,247.000,29,246.000,20,245.000,29,86.000,1,259.000,30,260.000,38,261.000,20,262.000,20,320.000,1,0,25,
110519793000,258.000,2,249.000,9,247.000,29,246.000,20,245.000,29,86.000,1,259.000,9,260.000,38,261.000,20,262.000,20,320.000,1,0,25,
110519793000,258.000,2,249.000,9,248.000,21,247.000,29,246.000,20,245.000,29,259.000,30,260.000,38,261.000,20,262.000,20,320.000,1,0,25,
110519793000,258.000,2,248.000,21,247.000,29,246.000,20,245.000,29,86.000,1,259.000,30,260.000,38,261.000,20,262.000,20,320.000,1,0,25,
110519793000,258.000,2,248.000,21,247.000,29,246.000,20,245.000,29,86.000,1,259.000,21,260.000,38,261.000,20,262.000,20,320.000,1,0,25,
110519793000,258.000,2,248.000,30,247.000,29,246.000,20,245.000,29,86.000,1,259.000,21,260.000,38,261.000,20,262.000,20,320.000,1,0,25,
110519793000,258.000,2,248.000,30,247.000,29,246.000,20,245.000,29,86.000,1,259.000,30,260.000,38,261.000,20,262.000,20,320.000,1,0,25,
110521567000,258.000,2,248.000,30,247.000,29,246.000,20,245.000,29,86.000,1,256.000,2,259.000,30,260.000,38,261.000,20,262.000,20,0,25,
110521568000,258.000,2,248.000,30,247.000,29,246.000,20,245.000,29,86.000,1,256.000,11,259.000,30,260.000,38,261.000,20,262.000,20,0,25,
110521793000,258.000,2,248.000,9,247.000,29,246.000,20,245.000,29,86.000,1,256.000,11,259.000,9,260.000,38,261.000,20,262.000,20,0,25,
110521793000,258.000,2,248.000,30,247.000,29,246.000,20,245.000,29,86.000,1,256.000,32,259.000,9,260.000,38,261.000,20,262.000,20,0,25,
110521794000,258.000,2,248.000,21,247.000,29,246.000,20,245.000,29,86.000,1,256.000,32,259.000,9,260.000,38,261.000,20,262.000,20,0,25,
110521794000,258.000,2,248.000,30,247.000,29,246.000,20,245.000,29,86.000,1,256.000,32,259.000,9,260.000,38,261.000,20,262.000,20,0,25,
110522005000,258.000,2,248.000,30,247.000,29,246.000,20,245.000,29,86.000,1,256.000,32,259.000,9,260.000,29,261.000,20,262.000,20,0,25,
110522743000,258.000,2,248.000,30,247.000,9,246.000,20,245.000,29,86.000,1,256.000,32,259.000,9,260.000,29,261.000,20,320.000,1,0,25,
110522743000,258.000,2,248.000,30,247.000,9,246.000,40,245.000,29,86.000,1,256.000,32,259.000,9,260.000,29,261.000,40,320.000,1,0,25,
110523244000,258.000,2,248.000,30,247.000,9,246.000,20,245.000,29,86.000,1,256.000,32,259.000,9,260.000,29,261.000,20,320.000,1,0,25,
110523244000,258.000,2,248.000,30,247.000,9,246.000,20,245.000,49,86.000,1,256.000,32,259.000,9,260.000,49,261.000,20,320.000,1,0,25,
110524092000,258.000,2,248.000,9,247.000,9,246.000,20,245.000,49,86.000,1,256.000,11,259.000,9,260.000,49,261.000,20,320.000,1,0,25,
110524092000,258.000,2,248.000,9,247.000,30,246.000,20,245.000,49,86.000,1,255.000,21,256.000,11,259.000,9,260.000,49,261.000,20,0,25,
110524093000,258.000,2,247.000,30,246.000,20,245.000,49,86.000,1,84.000,3,255.000,21,256.000,11,259.000,9,260.000,49,261.000,20,0,25,
110524093000,258.000,2,247.000,30,246.000,29,245.000,49,86.000,1,84.000,3,255.000,21,256.000,11,259.000,9,260.000,49,261.000,20,0,25,
110524093000,258.000,2,247.000,30,246.000,29,245.000,49,86.000,1,84.000,3,255.000,30,256.000,11,259.000,9,260.000,49,261.000,20,0,25,
110524223000,258.000,2,247.000,30,246.000,9,245.000,49,86.000,1,84.000,3,255.000,30,256.000,11,259.000,9,260.000,49,320.000,1,0,25,
110524505000,258.000,2,247.000,30,246.000,9,245.000,49,86.000,1,84.000,3,255.000,30,256.000,11,260.000,49,320.000,1,400.000,1,0,25,
110525433000,258.000,2,247.000,30,246.000,9,245.000,69,86.000,1,84.000,3,255.000,30,256.000,11,260.000,69,320.000,1,400.000,1,0,25,
110527683000,258.000,2,247.000,30,246.000,9,245.000,49,86.000,1,84.000,3,255.000,30,256.000,11,260.000,49,320.000,1,400.000,1,0,25,
110528005000,258.000,2,247.000,30,246.000,9,245.000,49,243.000,20,86.000,1,255.000,30,256.000,11,258.000,20,260.000,49,320.000,1,0,25,
110528623000,258.000,2,247.000,30,246.000,9,245.000,29,243.000,20,86.000,1,255.000,30,256.000,11,258.000,20,260.000,29,320.000,1,0,25,
110528868000,258.000,2,247.000,30,246.000,9,245.000,9,243.000,20,86.000,1,255.000,30,256.000,11,258.000,20,260.000,9,320.000,1,0,25,
110528868000,258.000,2,247.000,30,246.000,9,245.000,9,244.000,20,243.000,20,255.000,30,256.000,11,258.000,20,259.000,20,260.000,9,0,25,
110529487000,258.000,2,247.000,30,246.000,9,245.000,29,244.000,20,243.000,20,255.000,30,256.000,11,258.000,20,259.000,20,260.000,29,0,25,
110530454000,258.000,2,247.000,30,246.000,9,245.000,29,243.000,20,86.000,1,255.000,30,256.000,11,258.000,20,260.000,29,320.000,1,0,25,
110530454000,258.000,2,247.000,30,246.000,9,245.000,49,243.000,20,86.000,1,255.000,30,256.000,11,258.000,20,260.000,49,320.000,1,0,25,
110530827000,258.000,2,247.000,30,246.000,9,245.000,49,243.000,20,86.000,1,255.000,30,256.000,11,258.000,20,260.000,40,320.000,1,0,25,
110530827000,258.000,2,247.000,30,246.000,9,245.000,49,243.000,20,86.000,1,255.000,30,256.000,11,258.000,29,260.000,40,320.000,1,0,25,
110530868000,258.000,2,247.000,30,246.000,9,245.000,29,243.000,20,86.000,1,255.000,30,256.000,11,258.000,29,260.000,20,320.000,1,0,25,
110530868000,258.000,2,247.000,30,246.000,9,245.000,29,244.000,20,243.000,20,255.000,30,256.000,11,258.000,29,259.000,20,260.000,20,0,25,
110533493000,258.000,2,247.000,30,246.000,9,245.000,29,243.000,20,86.000,1,255.000,30,256.000,11,258.000,29,260.000,20,320.000,1,0,25,
110533493000,258.000,2,247.000,30,246.000,9,245.000,49,243.000,20,86.000,1,255.000,30,256.000,11,258.000,29,260.000,40,320.000,1,0,25,
110535825000,258.000,2,247.000,30,246.000,9,245.000,49,243.000,20,86.000,1,255.000,30,256.000,9,258.000,29,260.000,40,320.000,1,0,25,
110536369000,258.000,2,247.000,30,246.000,9,245.000,29,243.000,20,86.000,1,255.000,30,256.000,9,258.000,29,260.000,20,320.000,1,0,25,
110536369000,258.000,2,247.000,30,246.000,29,245.000,29,243.000,20,86.000,1,255.000,30,256.000,9,258.000,29,260.000,20,261.000,20,0,25,
110541746000,258.000,2,247.000,30,246.000,29,245.000,9,243.000,20,86.000,1,255.000,30,256.000,9,258.000,29,261.000,20,320.000,1,0,25,
110542657000,258.000,2,247.000,30,246.000,29,245.000,9,244.000,20,243.000,20,255.000,30,256.000,9,258.000,29,259.000,20,261.000,20,0,25,
110551219000,258.000,2,247.000,30,246.000,29,245.000,9,243.000,20,86.000,1,255.000,30,256.000,9,258.000,29,261.000,20,320.000,1,0,25,
110551245000,258.000,2,247.000,30,246.000,9,245.000,9,243.000,20,86.000,1,255.000,30,256.000,9,258.000,29,320.000,1,400.000,1,0,25,
110551245000,258.000,2,247.000,50,246.000,9,245.000,9,243.000,20,86.000,1,255.000,30,256.000,9,258.000,29,262.000,20,320.000,1,0,25,
110551270000,258.000,2,247.000,50,246.000,29,245.000,9,243.000,20,86.000,1,255.000,30,256.000,9,258.000,29,261.000,20,262.000,20,0,25,
110557870000,258.000,2,250.000,2,247.000,50,246.000,29,245.000,9,243.000,20,255.000,30,256.000,9,258.000,29,261.000,20,262.000,20,0,25,
110557870000,258.000,2,250.000,11,247.000,50,246.000,29,245.000,9,243.000,20,255.000,30,256.000,9,258.000,29,261.000,20,262.000,20,0,25,
110558005000,258.000,2,250.000,11,247.000,50,246.000,20,245.000,9,243.000,20,255.000,30,256.000,9,258.000,29,261.000,20,262.000,20,0,25,
110559244000,258.000,2,250.000,11,247.000,30,246.000,20,245.000,9,243.000,20,255.000,30,256.000,9,258.000,29,261.000,20,320.000,1,0,25,
110559244000,258.000,2,250.000,11,247.000,30,246.000,40,245.000,9,243.000,20,255.000,30,256.000,9,258.000,29,261.000,40,320.000,1,0,25,
110606053000,258.000,2,250.000,11,247.000,9,246.000,40,245.000,9,243.000,20,255.000,9,256.000,9,258.000,29,261.000,40,320.000,1,0,25,
110606053000,258.000,2,250.000,11,248.000,21,247.000,9,246.000,40,245.000,9,255.000,9,256.000,30,258.000,29,261.000,40,320.000,1,0,25,
110606054000,258.000,2,250.000,11,248.000,21,247.000,9,246.000,40,245.000,9,256.000,30,258.000,29,261.000,40,320.000,1,400.000,1,0,25,
110606054000,258.000,2,250.000,11,248.000,21,247.000,9,246.000,40,245.000,9,256.000,30,258.000,38,261.000,40,320.000,1,400.000,1,0,25,
110606054000,258.000,2,250.000,11,248.000,21,247.000,9,246.000,40,245.000,9,256.000,30,258.000,18,261.000,40,320.000,1,400.000,1,0,25,
110606377000,258.000,2,250.000,11,248.000,21,247.000,9,246.000,40,245.000,29,256.000,30,258.000,18,260.000,20,261.000,40,320.000,1,0,25,
110611300000,258.000,2,250.000,11,248.000,21,247.000,9,246.000,20,245.000,29,256.000,30,258.000,18,260.000,20,261.000,20,320.000,1,0,25,
110611567000,258.000,2,250.000,11,248.000,21,247.000,9,246.000,20,245.000,49,256.000,30,258.000,18,260.000,40,261.000,20,320.000,1,0,25,
110628368000,258.000,2,250.000,11,248.000,21,247.000,9,245.000,49,86.000,1,256.000,30,258.000,18,260.000,40,320.000,1,400.000,1,0,25,
110628368000,258.000,2,250.000,11,248.000,21,247.000,29,245.000,49,86.000,1,256.000,30,258.000,18,260.000,40,262.000,20,320.000,1,0,25,
110628875000,258.000,2,250.000,11,248.000,21,247.000,29,245.000,49,86.000,1,256.000,30,258.000,9,260.000,40,262.000,20,320.000,1,0,25,
110628884000,258.000,2,250.000,11,248.000,21,247.000,29,245.000,29,86.000,1,256.000,30,258.000,9,260.000,20,262.000,20,320.000,1,0,25,
110628997000,258.000,2,250.000,11,247.000,29,245.000,29,86.000,1,84.000,3,256.000,9,258.000,9,260.000,20,262.000,20,320.000,1,0,25,
110628997000,258.000,2,250.000,11,249.000,21,247.000,29,245.000,29,86.000,1,256.000,9,257.000,21,258.000,9,260.000,20,262.000,20,0,25,
110628998000,258.000,2,250.000,11,249.000,21,247.000,29,245.000,29,86.000,1,256.000,9,257.000,21,258.000,9,260.000,20,261.000,9,0,25,
110628999000,258.000,2,250.000,11,249.000,21,247.000,29,245.000,29,86.000,1,256.000,9,257.000,30,258.000,9,260.000,20,261.000,9,0,25,
110628999000,258.000,2,250.000,11,249.000,21,247.000,29,245.000,29,86.000,1,257.000,30,258.000,9,260.000,20,261.000,9,262.000,20,0,25,
110629118000,258.000,2,250.000,11,249.000,21,247.000,9,245.000,29,86.000,1,257.000,30,258.000,9,260.000,20,261.000,9,320.000,1,0,25,
110629118000,258.000,2,250.000,11,249.000,21,248.000,20,247.000,9,245.000,29,257.000,30,258.000,9,260.000,20,261.000,9,263.000,20,0,25,
110632944000,258.000,2,250.000,11,248.000,20,247.000,9,245.000,29,86.000,1,257.000,9,258.000,9,260.000,20,261.000,9,263.000,20,0,25,
110632944000,258.000,2,250.000,32,248.000,20,247.000,9,245.000,29,86.000,1,257.000,9,258.000,30,260.000,20,261.000,9,263.000,20,0,25,
110632944000,258.000,2,250.000,32,247.000,9,245.000,29,86.000,1,84.000,3,257.000,9,258.000,30,260.000,20,261.000,9,320.000,1,0,25,
110632944000,258.000,2,250.000,32,249.000,20,247.000,9,245.000,29,86.000,1,257.000,9,258.000,30,260.000,20,261.000,9,264.000,20,0,25,
110632946000,258.000,2,250.000,32,249.000,20,247.000,9,245.000,29,86.000,1,257.000,9,258.000,30,260.000,29,261.000,9,264.000,20,0,25,
110632946000,258.000,2,250.000,32,249.000,20,247.000,9,245.000,29,86.000,1,258.000,30,260.000,29,261.000,9,264.000,20,320.000,1,0,25,
110632952000,258.000,2,250.000,32,249.000,20,247.000,9,245.000,9,86.000,1,258.000,30,260.000,9,261.000,9,264.000,20,320.000,1,0,25,
110632960000,258.000,2,250.000,32,249.000,20,247.000,9,246.000,20,245.000,9,258.000,30,260.000,9,261.000,29,264.000,20,320.000,1,0,25,
110632997000,258.000,2,250.000,32,247.000,9,246.000,20,245.000,9,86.000,1,258.000,30,260.000,9,261.000,29,320.000,1,400.000,1,0,25,
110632997000,258.000,2,250.000,52,247.000,9,246.000,20,245.000,9,86.000,1,258.000,30,260.000,9,261.000,29,270.000,20,320.000,1,0,25,
110632999000,258.000,2,250.000,52,247.000,9,246.000,20,86.000,1,84.000,3,258.000,30,260.000,9,261.000,29,270.000,20,320.000,1,0,25,
110632999000,258.000,2,250.000,52,247.000,18,246.000,20,86.000,1,84.000,3,258.000,30,260.000,9,261.000,29,270.000,20,320.000,1,0,25,
110633006000,258.000,2,250.000,52,247.000,38,246.000,20,86.000,1,84.000,3,258.000,30,260.000,9,261.000,29,262.000,20,270.000,20,0,25,
110635118000,258.000,2,250.000,32,247.000,38,246.000,20,86.000,1,84.000,3,258.000,30,260.000,9,261.000,29,262.000,20,320.000,1,0,25,
110635118000,258.000,2,250.000,32,249.000,20,247.000,38,246.000,20,86.000,1,258.000,30,260.000,9,261.000,29,262.000,20,264.000,20,0,25,
110635132000,258.000,2,250.000,11,249.000,20,247.000,38,246.000,20,86.000,1,258.000,9,260.000,9,261.000,29,262.000,20,264.000,20,0,25,
110635132000,258.000,2,250.000,32,249.000,20,247.000,38,246.000,20,86.000,1,257.000,21,258.000,9,260.000,9,261.000,29,262.000,20,0,25,
110635132000,258.000,2,250.000,32,249.000,20,247.000,38,246.000,20,86.000,1,257.000,21,258.000,9,260.000,9,261.000,38,262.000,20,0,25,
110635132000,258.000,2,250.000,32,249.000,20,247.000,38,246.000,20,86.000,1,257.000,30,258.000,9,260.000,9,261.000,38,262.000,20,0,25,
110635132000,258.000,2,250.000,32,249.000,20,247.000,38,246.000,20,86.000,1,257.000,30,260.000,9,261.000,38,262.000,20,264.000,20,0,25,
110635505000,258.000,2,250.000,32,249.000,20,247.000,38,246.000,20,86.000,1,257.000,30,260.000,9,261.000,29,262.000,20,264.000,20,0,25,
110635826000,258.000,2,250.000,11,249.000,20,247.000,38,246.000,20,86.000,1,257.000,9,260.000,9,261.000,29,262.000,20,264.000,20,0,25,
110635826000,258.000,2,250.000,32,249.000,20,247.000,38,246.000,20,86.000,1,257.000,9,258.000,21,260.000,9,261.000,29,262.000,20,0,25,
110635826000,258.000,2,250.000,32,249.000,20,247.000,38,246.000,20,86.000,1,257.000,9,258.000,21,260.000,9,261.000,38,262.000,20,0,25,
110635826000,258.000,2,250.000,32,249.000,20,247.000,38,246.000,20,86.000,1,258.000,21,260.000,9,261.000,38,262.000,20,264.000,20,0,25,
110635826000,258.000,2,250.000,32,249.000,20,247.000,38,246.000,20,86.000,1,258.000,30,260.000,9,261.000,38,262.000,20,264.000,20,0,25,
110636005000,258.000,2,250.000,32,249.000,20,247.000,38,246.000,20,86.000,1,258.000,30,260.000,9,261.000,29,262.000,20,264.000,20,0,25,
110646492000,258.000,2,250.000,32,247.000,38,246.000,20,86.000,1,84.000,3,258.000,30,260.000,9,261.000,29,262.000,20,320.000,1,0,25,
110646492000,258.000,2,250.000,32,248.000,20,247.000,38,246.000,20,86.000,1,258.000,30,260.000,9,261.000,29,262.000,20,263.000,20,0,25,
110648118000,258.000,2,250.000,32,247.000,38,246.000,20,86.000,1,84.000,3,258.000,30,260.000,9,261.000,29,262.000,20,320.000,1,0,25,
110648118000,258.000,2,250.000,32,249.000,20,247.000,38,246.000,20,86.000,1,258.000,30,260.000,9,261.000,29,262.000,20,264.000,20,0,25,
110648868000,258.000,2,250.000,32,247.000,38,246.000,20,86.000,1,84.000,3,258.000,30,260.000,9,261.000,29,262.000,20,320.000,1,0,25,
110648868000,258.000,2,250.000,32,248.000,20,247.000,38,246.000,20,86.000,1,258.000,30,260.000,9,261.000,29,262.000,20,263.000,20,0,25,
110650287000,258.000,2,250.000,32,248.000,20,247.000,18,246.000,20,86.000,1,258.000,30,260.000,9,261.000,29,263.000,20,320.000,1,0,25,
110650431000,258.000,2,250.000,32,248.000,20,247.000,18,246.000,20,245.000,20,258.000,30,260.000,29,261.000,29,263.000,20,320.000,1,0,25,
110650832000,258.000,2,250.000,11,248.000,20,247.000,18,246.000,20,245.000,20,258.000,9,260.000,29,261.000,29,263.000,20,320.000,1,0,25,
110650832000,258.000,2,250.000,11,249.000,21,248.000,20,247.000,18,246.000,20,258.000,30,260.000,29,261.000,29,263.000,20,320.000,1,0,25,
110650932000,258.000,2,250.000,11,249.000,21,248.000,20,247.000,18,245.000,20,258.000,30,260.000,29,261.000,9,263.000,20,320.000,1,0,25,
110652167000,258.000,2,250.000,11,249.000,21,248.000,20,247.000,18,246.000,20,258.000,30,260.000,29,261.000,29,263.000,20,320.000,1,0,25,
110653465000,250.000,5,250.000,11,249.000,21,248.000,20,247.000,18,246.000,20,258.000,30,260.000,29,261.000,29,263.000,20,320.000,1,1,30,110653465000
110653465000,250.000,5,250.000,6,249.000,21,248.000,20,247.000,18,246.000,20,258.000,30,260.000,29,261.000,29,263.000,20,320.000,1,0,30,
110653465000,250.000,5,249.000,21,248.000,20,247.000,18,246.000,20,245.000,20,258.000,30,260.000,29,261.000,29,263.000,20,320.000,1,0,30,
110653466000,250.000,5,249.000,30,248.000,20,247.000,18,246.000,20,245.000,20,258.000,30,260.000,29,261.000,29,263.000,20,320.000,1,0,30,
110655743000,250.000,5,249.000,30,247.000,18,246.000,20,245.000,20,86.000,1,258.000,30,260.000,29,261.000,29,320.000,1,400.000,1,0,30,
110655743000,250.000,5,249.000,50,247.000,18,246.000,20,245.000,20,86.000,1,258.000,30,260.000,29,261.000,29,264.000,20,320.000,1,0,30,
110658549000,250.000,5,249.000,30,247.000,18,246.000,20,245.000,20,86.000,1,258.000,30,260.000,29,261.000,29,320.000,1,400.000,1,0,30,
110658549000,250.000,5,249.000,30,248.000,20,247.000,18,246.000,20,245.000,20,258.000,30,260.000,29,261.000,29,263.000,20,320.000,1,0,30,
110659493000,250.000,5,249.000,30,247.000,18,246.000,20,245.000,20,86.000,1,258.000,30,260.000,29,261.000,29,320.000,1,400.000,1,0,30,
110659493000,250.000,5,249.000,50,247.000,18,246.000,20,245.000,20,86.000,1,258.000,30,260.000,29,261.000,29,264.000,20,320.000,1,0,30,
110659546000,250.000,5,249.000,50,247.000,18,245.000,20,86.000,1,84.000,3,258.000,30,260.000,29,261.000,9,264.000,20,320.000,1,0,30,
110700253000,250.000,5,249.000,50,247.000,18,246.000,20,245.000,20,86.000,1,258.000,30,260.000,29,261.000,29,264.000,20,320.000,1,0,30,
110700869000,250.000,5,249.000,30,247.000,18,246.000,20,245.000,20,86.000,1,258.000,30,260.000,29,261.000,29,320.000,1,400.000,1,0,30,
110700869000,250.000,5,249.000,30,248.000,20,247.000,18,246.000,20,245.000,20,258.000,30,260.000,29,261.000,29,263.000,20,320.000,1,0,30,
110701243000,250.000,5,249.000,30,247.000,18,246.000,20,245.000,20,86.000,1,258.000,30,260.000,29,261.000,29,320.000,1,400.000,1,0,30,
110701243000,250.000,5,249.000,50,247.000,18,246.000,20,245.000,20,86.000,1,258.000,30,260.000,29,261.000,29,264.000,20,320.000,1,0,30,
110704868000,250.000,5,249.000,30,247.000,18,246.000,20,245.000,20,86.000,1,258.000,30,260.000,29,261.000,29,320.000,1,400.000,1,0,30,
110704868000,250.000,5,249.000,30,248.000,20,247.000,18,246.000,20,245.000,20,258.000,30,260.000,29,261.000,29,263.000,20,320.000,1,0,30,
110717149000,250.000,5,249.000,30,248.000,20,247.000,18,245.000,20,86.000,1,258.000,30,260.000,29,261.000,9,263.000,20,320.000,1,0,30,
110717777000,250.000,5,249.000,30,248.000,20,247.000,18,245.000,40,86.000,1,258.000,30,260.000,49,261.000,9,263.000,20,320.000,1,0,30,
110720277000,250.000,5,249.000,30,248.000,20,247.000,18,245.000,20,86.000,1,258.000,30,260.000,29,261.000,9,263.000,20,320.000,1,0,30,
110720830000,250.000,5,249.000,30,248.000,20,247.000,18,246.000,20,245.000,20,258.000,30,260.000,29,261.000,29,263.000,20,320.000,1,0,30,
110728957000,250.000,5,249.000,30,248.000,20,247.000,9,246.000,20,245.000,20,258.000,30,260.000,29,261.000,29,263.000,20,320.000,1,0,30,
110728957000,250.000,5,249.000,9,248.000,20,247.000,9,246.000,20,245.000,20,258.000,9,260.000,29,261.000,29,263.000,20,320.000,1,0,30,
110728957000,250.000,5,249.000,9,248.000,41,247.000,9,246.000,20,245.000,20,258.000,30,260.000,29,261.000,29,263.000,20,320.000,1,0,30,
110728957000,250.000,5,249.000,9,248.000,50,247.000,9,246.000,20,245.000,20,258.000,30,260.000,29,261.000,29,263.000,20,320.000,1,0,30,
110728957000,250.000,5,248.000,50,247.000,9,246.000,20,245.000,20,86.000,1,258.000,30,260.000,29,261.000,29,263.000,20,320.000,1,0,30,
110728957000,250.000,5,248.000,50,247.000,9,246.000,20,245.000,20,86.000,1,258.000,21,260.000,29,261.000,29,263.000,20,320.000,1,0,30,
110728964000,250.000,5,248.000,50,247.000,9,246.000,20,245.000,20,86.000,1,258.000,30,260.000,29,261.000,29,263.000,20,320.000,1,0,30,
110728993000,250.000,5,248.000,30,247.000,9,246.000,20,245.000,20,86.000,1,258.000,30,260.000,29,261.000,29,320.000,1,400.000,1,0,30,
110728993000,250.000,5,248.000,30,247.000,29,246.000,20,245.000,20,86.000,1,258.000,30,260.000,29,261.000,29,262.000,20,320.000,1,0,30,
110729082000,250.000,5,248.000,30,247.000,29,246.000,20,245.000,29,86.000,1,258.000,30,260.000,29,261.000,29,262.000,20,320.000,1,0,30,
110730065000,250.000,5,248.000,30,247.000,29,245.000,29,86.000,1,84.000,3,258.000,30,260.000,29,261.000,9,262.000,20,320.000,1,0,30,
110730983000,250.000,5,248.000,30,247.000,29,245.000,49,86.000,1,84.000,3,258.000,30,260.000,49,261.000,9,262.000,20,320.000,1,0,30,
110733118000,250.000,5,248.000,30,247.000,9,245.000,49,86.000,1,84.000,3,258.000,30,260.000,49,261.000,9,320.000,1,400.000,1,0,30,
110733118000,250.000,5,248.000,50,247.000,9,245.000,49,86.000,1,84.000,3,258.000,30,260.000,49,261.000,9,263.000,20,320.000,1,0,30,
110733851000,250.000,5,248.000,29,247.000,9,245.000,49,86.000,1,84.000,3,258.000,9,260.000,49,261.000,9,263.000,20,320.000,1,0,30,
110733851000,250.000,5,249.000,21,248.000,29,247.000,9,245.000,49,86.000,1,258.000,30,260.000,49,261.000,9,263.000,20,320.000,1,0,30,
110733851000,250.000,5,249.000,21,248.000,29,247.000,9,245.000,49,86.000,1,258.000,21,260.000,49,261.000,9,263.000,20,320.000,1,0,30,
110733851000,250.000,5,249.000,30,248.000,29,247.000,9,245.000,49,86.000,1,258.000,21,260.000,49,261.000,9,263.000,20,320.000,1,0,30,
110733851000,250.000,5,249.000,30,248.000,29,247.000,9,245.000,49,86.000,1,258.000,30,260.000,49,261.000,9,263.000,20,320.000,1,0,30,
110734005000,250.000,5,249.000,30,248.000,29,245.000,49,86.000,1,84.000,3,258.000,30,260.000,49,261.000,9,263.000,20,320.000,1,0,30,
110736368000,250.000,5,249.000,30,248.000,9,245.000,49,86.000,1,84.000,3,258.000,30,260.000,49,261.000,9,320.000,1,400.000,1,0,30,
110736368000,250.000,5,249.000,30,248.000,9,247.000,20,245.000,49,86.000,1,258.000,30,260.000,49,261.000,9,262.000,20,320.000,1,0,30,
110736852000,250.000,5,249.000,9,248.000,9,247.000,20,245.000,49,86.000,1,258.000,9,260.000,49,261.000,9,262.000,20,320.000,1,0,30,
110736852000,250.000,5,249.000,9,248.000,30,247.000,20,245.000,49,86.000,1,258.000,30,260.000,49,261.000,9,262.000,20,320.000,1,0,30,
110736852000,250.000,5,249.000,9,248.000,30,247.000,29,245.000,49,86.000,1,258.000,30,260.000,49,261.000,9,262.000,20,320.000,1,0,30,
110736852000,250.000,5,249.000,9,248.000,30,247.000,29,245.000,49,86.000,1,258.000,21,260.000,49,261.000,9,262.000,20,320.000,1,0,30,
110736852000,250.000,5,248.000,30,247.000,29,245.000,49,86.000,1,84.000,3,258.000,21,260.000,49,261.000,9,262.000,20,320.000,1,0,30,
110736853000,250.000,5,248.000,30,247.000,29,245.000,49,86.000,1,84.000,3,258.000,30,260.000,49,261.000,9,262.000,20,320.000,1,0,30,
110736868000,250.000,5,248.000,30,247.000,9,245.000,49,86.000,1,84.000,3,258.000,30,260.000,49,261.000,9,320.000,1,400.000,1,0,30,
110736868000,250.000,5,248.000,50,247.000,9,245.000,49,86.000,1,84.000,3,258.000,30,260.000,49,261.000,9,263.000,20,320.000,1,0,30,
110737852000,250.000,5,248.000,29,247.000,9,245.000,49,86.000,1,84.000,3,258.000,9,260.000,49,261.000,9,263.000,20,320.000,1,0,30,
110737852000,250.000,5,249.000,21,248.000,29,247.000,9,245.000,49,86.000,1,258.000,30,260.000,49,261.000,9,263.000,20,320.000,1,0,30,
110737853000,250.000,5,249.000,30,248.000,29,247.000,9,245.000,49,86.000,1,258.000,30,260.000,49,261.000,9,263.000,20,320.000,1,0,30,
110738005000,250.000,5,249.000,30,248.000,29,245.000,49,86.000,1,84.000,3,258.000,30,260.000,49,261.000,9,263.000,20,320.000,1,0,30,
110738489000,250.000,5,249.000,30,248.000,29,245.000,29,86.000,1,84.000,3,258.000,30,260.000,29,261.000,9,263.000,20,320.000,1,0,30,
110738743000,250.000,5,249.000,30,248.000,9,245.000,29,86.000,1,84.000,3,258.000,30,260.000,29,261.000,9,320.000,1,400.000,1,0,30,
110738743000,250.000,5,249.000,30,248.000,9,247.000,20,245.000,29,86.000,1,258.000,30,260.000,29,261.000,9,262.000,20,320.000,1,0,30,
110738853000,250.000,5,249.000,9,248.000,9,247.000,20,245.000,29,86.000,1,258.000,9,260.000,29,261.000,9,262.000,20,320.000,1,0,30,
110738853000,250.000,5,249.000,9,248.000,30,247.000,20,245.000,29,86.000,1,258.000,30,260.000,29,261.000,9,262.000,20,320.000,1,0,30,
110738853000,250.000,5,248.000,30,247.000,20,245.000,29,86.000,1,84.000,3,258.000,30,260.000,29,261.000,9,262.000,20,320.000,1,0,30,
110738853000,250.000,5,248.000,30,247.000,29,245.000,29,86.000,1,84.000,3,258.000,30,260.000,29,261.000,9,262.000,20,320.000,1,0,30,
110738853000,250.000,5,248.000,30,247.000,29,245.000,29,86.000,1,84.000,3,258.000,21,260.000,29,261.000,9,262.000,20,320.000,1,0,30,
110738853000,250.000,5,248.000,30,247.000,29,245.000,29,86.000,1,84.000,3,258.000,30,260.000,29,261.000,9,262.000,20,320.000,1,0,30,
110738882000,250.000,5,248.000,30,247.000,29,246.000,20,245.000,29,86.000,1,258.000,30,260.000,29,261.000,29,262.000,20,320.000,1,0,30,
110741000000,250.000,5,248.000,30,247.000,29,246.000,20,245.000,29,86.000,1,258.000,30,260.000,29,261.000,20,262.000,20,320.000,1,0,30,
110741000000,250.000,5,248.000,30,247.000,29,246.000,20,245.000,29,86.000,1,258.000,30,259.000,9,260.000,29,261.000,20,262.000,20,0,30,
110743493000,250.000,5,248.000,30,247.000,9,246.000,20,245.000,29,86.000,1,258.000,30,259.000,9,260.000,29,261.000,20,320.000,1,0,30,
110743493000,250.000,5,248.000,50,247.000,9,246.000,20,245.000,29,86.000,1,258.000,30,259.000,9,260.000,29,261.000,20,263.000,20,0,30,
110743855000,250.000,5,248.000,29,247.000,9,246.000,20,245.000,29,86.000,1,258.000,9,259.000,9,260.000,29,261.000,20,263.000,20,0,30,
110743855000,250.000,5,249.000,21,248.000,29,247.000,9,246.000,20,245.000,29,258.000,30,259.000,9,260.000,29,261.000,20,263.000,20,0,30,
110743855000,250.000,5,249.000,21,248.000,29,247.000,9,246.000,20,245.000,29,258.000,30,259.000,18,260.000,29,261.000,20,263.000,20,0,30,
110743855000,250.000,5,249.000,30,248.000,29,247.000,9,246.000,20,245.000,29,258.000,30,259.000,18,260.000,29,261.000,20,263.000,20,0,30,
110743855000,250.000,5,249.000,30,248.000,29,247.000,9,246.000,20,245.000,29,258.000,21,259.000,18,260.000,29,261.000,20,263.000,20,0,30,
110743856000,250.000,5,249.000,30,248.000,29,247.000,9,246.000,20,245.000,29,258.000,30,259.000,18,260.000,29,261.000,20,263.000,20,0,30,
110744005000,250.000,5,249.000,30,248.000,29,246.000,20,245.000,29,86.000,1,258.000,30,259.000,18,260.000,29,261.000,20,263.000,20,0,30,
110744005000,250.000,5,249.000,30,248.000,29,246.000,20,245.000,29,86.000,1,258.000,30,259.000,18,260.000,20,261.000,20,263.000,20,0,30,
110744855000,250.000,5,249.000,9,248.000,29,246.000,20,245.000,29,86.000,1,258.000,9,259.000,18,260.000,20,261.000,20,263.000,20,0,30,
110744855000,250.000,5,249.000,9,248.000,50,246.000,20,245.000,29,86.000,1,258.000,30,259.000,18,260.000,20,261.000,20,263.000,20,0,30,
110744856000,250.000,5,249.000,9,248.000,50,246.000,20,245.000,29,86.000,1,258.000,21,259.000,18,260.000,20,261.000,20,263.000,20,0,30,
110744856000,250.000,5,248.000,50,246.000,20,245.000,29,86.000,1,84.000,3,258.000,21,259.000,18,260.000,20,261.000,20,263.000,20,0,30,
110744856000,250.000,5,248.000,50,246.000,20,245.000,29,86.000,1,84.000,3,258.000,30,259.000,18,260.000,20,261.000,20,263.000,20,0,30,
110746618000,250.000,5,248.000,30,246.000,20,245.000,29,86.000,1,84.000,3,258.000,30,259.000,18,260.000,20,261.000,20,320.000,1,0,30,
110746618000,250.000,5,248.000,30,247.000,20,246.000,20,245.000,29,86.000,1,258.000,30,259.000,18,260.000,20,261.000,20,262.000,20,0,30,
110758900000,250.000,5,248.000,30,247.000,20,245.000,29,86.000,1,84.000,3,258.000,30,259.000,18,260.000,20,262.000,20,320.000,1,0,30,
110758980000,250.000,5,248.000,9,247.000,20,245.000,29,86.000,1,84.000,3,258.000,9,259.000,18,260.000,20,262.000,20,320.000,1,0,30,
110758980000,250.000,5,248.000,9,247.000,41,245.000,29,86.000,1,84.000,3,258.000,30,259.000,18,260.000,20,262.000,20,320.000,1,0,30,
110758980000,250.000,5,248.000,9,247.000,50,245.000,29,86.000,1,84.000,3,258.000,30,259.000,18,260.000,20,262.000,20,320.000,1,0,30,
110758980000,250.000,5,247.000,50,245.000,29,86.000,1,84.000,3,39.000,20,258.000,30,259.000,18,260.000,20,262.000,20,320.000,1,0,30,
110758980000,250.000,5,247.000,50,245.000,29,86.000,1,84.000,3,39.000,20,258.000,21,259.000,18,260.000,20,262.000,20,320.000,1,0,30,
110759013000,250.000,5,247.000,50,245.000,49,86.000,1,84.000,3,39.000,20,258.000,21,259.000,18,260.000,40,262.000,20,320.000,1,0,30,
110759402000,250.000,5,247.000,50,245.000,49,86.000,1,84.000,3,39.000,20,258.000,30,259.000,18,260.000,40,262.000,20,320.000,1,0,30,
110802345000,250.000,5,247.000,50,245.000,29,86.000,1,84.000,3,39.000,20,258.000,30,259.000,18,260.000,20,262.000,20,320.000,1,0,30,
110802368000,250.000,5,247.000,30,245.000,29,86.000,1,84.000,3,39.000,20,258.000,30,259.000,18,260.000,20,320.000,1,400.000,1,0,30,
110802368000,250.000,5,247.000,30,246.000,20,245.000,29,86.000,1,84.000,3,258.000,30,259.000,18,260.000,20,261.000,20,320.000,1,0,30,
110802404000,250.000,5,247.000,30,246.000,20,245.000,29,243.000,20,86.000,1,258.000,50,259.000,18,260.000,20,261.000,20,320.000,1,0,30,
110803545000,250.000,5,247.000,30,246.000,20,245.000,20,243.000,20,86.000,1,258.000,50,259.000,18,260.000,20,261.000,20,320.000,1,0,30,
110803669000,250.000,5,247.000,30,246.000,20,245.000,20,243.000,29,86.000,1,258.000,50,259.000,18,260.000,20,261.000,20,320.000,1,0,30,
110803865000,250.000,5,247.000,9,246.000,20,245.000,20,243.000,29,86.000,1,258.000,29,259.000,18,260.000,20,261.000,20,320.000,1,0,30,
110803865000,250.000,5,247.000,9,246.000,41,245.000,20,243.000,29,86.000,1,258.000,50,259.000,18,260.000,20,261.000,20,320.000,1,0,30,
110803866000,250.000,5,247.000,9,246.000,50,245.000,20,243.000,29,86.000,1,258.000,50,259.000,18,260.000,20,261.000,20,320.000,1,0,30,
110803866000,250.000,5,246.000,50,245.000,20,243.000,29,86.000,1,84.000,3,258.000,50,259.000,18,260.000,20,261.000,20,320.000,1,0,30,
110806089000,250.000,5,246.000,50,243.000,29,86.000,1,84.000,3,39.000,20,258.000,50,259.000,18,261.000,20,320.000,1,400.000,1,0,30,
110806487000,250.000,5,246.000,50,243.000,49,86.000,1,84.000,3,39.000,20,258.000,70,259.000,18,261.000,20,320.000,1,400.000,1,0,30,
110808493000,250.000,5,246.000,30,243.000,49,86.000,1,84.000,3,39.000,20,258.000,70,259.000,18,320.000,1,400.000,1,414.000,1,0,30,
110808493000,250.000,5,246.000,30,245.000,20,243.000,49,86.000,1,84.000,3,258.000,70,259.000,18,260.000,20,320.000,1,400.000,1,0,30,
110811892000,250.000,5,246.000,9,245.000,20,243.000,49,86.000,1,84.000,3,258.000,49,259.000,18,260.000,20,320.000,1,400.000,1,0,30,
110811892000,250.000,5,246.000,9,245.000,41,243.000,49,86.000,1,84.000,3,258.000,70,259.000,18,260.000,20,320.000,1,400.000,1,0,30,
110811893000,250.000,5,246.000,9,245.000,50,243.000,49,86.000,1,84.000,3,258.000,70,259.000,18,260.000,20,320.000,1,400.000,1,0,30,
110811893000,250.000,5,245.000,50,243.000,49,86.000,1,84.000,3,39.000,20,258.000,70,259.000,18,260.000,20,320.000,1,400.000,1,0,30,
110812893000,250.000,5,245.000,29,243.000,49,86.000,1,84.000,3,39.000,20,258.000,49,259.000,18,260.000,20,320.000,1,400.000,1,0,30,
110812893000,250.000,5,246.000,21,245.000,29,243.000,49,86.000,1,84.000,3,258.000,70,259.000,18,260.000,20,320.000,1,400.000,1,0,30,
110812893000,250.000,5,246.000,30,245.000,29,243.000,49,86.000,1,84.000,3,258.000,70,259.000,18,260.000,20,320.000,1,400.000,1,0,30,
110818273000,250.000,5,246.000,30,245.000,29,243.000,29,86.000,1,84.000,3,258.000,50,259.000,18,260.000,20,320.000,1,400.000,1,0,30,
110818376000,250.000,5,246.000,30,245.000,29,244.000,20,243.000,29,86.000,1,258.000,50,259.000,38,260.000,20,320.000,1,400.000,1,0,30,
110830904000,250.000,5,246.000,9,245.000,29,244.000,20,243.000,29,86.000,1,258.000,29,259.000,38,260.000,20,320.000,1,400.000,1,0,30,
110830904000,250.000,5,246.000,9,245.000,50,244.000,20,243.000,29,86.000,1,258.000,50,259.000,38,260.000,20,320.000,1,400.000,1,0,30,
110830904000,250.000,5,245.000,50,244.000,20,243.000,29,86.000,1,84.000,3,258.000,50,259.000,38,260.000,20,320.000,1,400.000,1,0,30,
110833556000,250.000,5,245.000,50,244.000,20,243.000,29,86.000,1,84.000,3,258.000,50,259.000,29,260.000,20,320.000,1,400.000,1,0,30,
110833556000,250.000,5,245.000,50,244.000,20,243.000,29,86.000,1,84.000,3,257.000,9,258.000,50,259.000,29,260.000,20,320.000,1,0,30,
110833556000,250.000,5,245.000,50,244.000,20,243.000,29,86.000,1,84.000,3,257.000,18,258.000,50,259.000,29,260.000,20,320.000,1,0,30,
110833877000,250.000,5,245.000,29,244.000,20,243.000,29,86.000,1,84.000,3,257.000,18,258.000,29,259.000,29,260.000,20,320.000,1,0,30,
110833877000,250.000,5,246.000,21,245.000,29,244.000,20,243.000,29,86.000,1,256.000,21,257.000,18,258.000,29,259.000,29,260.000,20,0,30,
110833877000,250.000,5,246.000,21,245.000,29,244.000,20,243.000,29,86.000,1,256.000,30,257.000,18,258.000,29,259.000,29,260.000,20,0,30,
110833877000,250.000,5,246.000,30,245.000,29,244.000,20,243.000,29,86.000,1,256.000,30,257.000,18,258.000,29,259.000,29,260.000,20,0,30,
110834005000,250.000,5,246.000,30,245.000,29,244.000,20,243.000,29,86.000,1,256.000,30,257.000,18,258.000,20,259.000,29,260.000,20,0,30,
110834005000,250.000,5,246.000,30,245.000,29,244.000,20,243.000,29,86.000,1,256.000,30,257.000,18,258.000,20,259.000,20,260.000,20,0,30,
110838400000,250.000,5,246.000,30,245.000,29,243.000,29,86.000,1,84.000,3,256.000,30,257.000,18,258.000,20,260.000,20,320.000,1,0,30,
110838888000,250.000,5,246.000,30,245.000,29,244.000,20,243.000,29,86.000,1,256.000,30,257.000,18,258.000,20,259.000,20,260.000,20,0,30,
110842922000,250.000,5,246.000,9,245.000,29,244.000,20,243.000,29,86.000,1,256.000,9,257.000,18,258.000,20,259.000,20,260.000,20,0,30,
110842922000,250.000,5,246.000,9,245.000,50,244.000,20,243.000,29,86.000,1,256.000,30,257.000,18,258.000,20,259.000,20,260.000,20,0,30,
110842922000,250.000,5,245.000,50,244.000,20,243.000,29,86.000,1,84.000,3,256.000,30,257.000,18,258.000,20,259.000,20,260.000,20,0,30,
110842922000,250.000,5,245.000,50,244.000,20,243.000,29,86.000,1,84.000,3,256.000,21,257.000,18,258.000,20,259.000,20,260.000,20,0,30,
110842922000,250.000,5,245.000,50,244.000,20,243.000,29,86.000,1,84.000,3,256.000,30,257.000,18,258.000,20,259.000,20,260.000,20,0,30,
110843922000,250.000,5,245.000,29,244.000,20,243.000,29,86.000,1,84.000,3,256.000,9,257.000,18,258.000,20,259.000,20,260.000,20,0,30,
110843922000,250.000,5,246.000,21,245.000,29,244.000,20,243.000,29,86.000,1,256.000,30,257.000,18,258.000,20,259.000,20,260.000,20,0,30,
110843922000,250.000,5,246.000,21,245.000,29,244.000,20,243.000,29,86.000,1,256.000,21,257.000,18,258.000,20,259.000,20,260.000,20,0,30,
110843922000,250.000,5,246.000,30,245.000,29,244.000,20,243.000,29,86.000,1,256.000,21,257.000,18,258.000,20,259.000,20,260.000,20,0,30,
110843923000,250.000,5,246.000,30,245.000,29,244.000,20,243.000,29,86.000,1,256.000,30,257.000,18,258.000,20,259.000,20,260.000,20,0,30,
110847057000,250.000,5,246.000,9,245.000,29,244.000,20,243.000,29,86.000,1,256.000,9,257.000,18,258.000,20,259.000,20,260.000,20,0,30,
110847057000,250.000,5,246.000,9,245.000,50,244.000,20,243.000,29,86.000,1,256.000,30,257.000,18,258.000,20,259.000,20,260.000,20,0,30,
110847057000,250.000,5,245.000,50,244.000,20,243.000,29,86.000,1,84.000,3,256.000,30,257.000,18,258.000,20,259.000,20,260.000,20,0,30,
110847449000,250.000,5,245.000,50,244.000,20,243.000,9,86.000,1,84.000,3,256.000,30,257.000,18,259.000,20,260.000,20,320.000,1,0,30,
110847449000,250.000,5,245.000,50,244.000,20,243.000,9,241.000,20,86.000,1,256.000,50,257.000,18,259.000,20,260.000,20,320.000,1,0,30,
110847618000,250.000,5,245.000,30,244.000,20,243.000,9,241.000,20,86.000,1,256.000,50,257.000,18,259.000,20,320.000,1,400.000,1,0,30,
110847618000,250.000,5,245.000,30,244.000,40,243.000,9,241.000,20,86.000,1,256.000,50,257.000,18,259.000,40,320.000,1,400.000,1,0,30,
110852319000,250.000,5,245.000,30,244.000,20,243.000,9,241.000,20,86.000,1,256.000,50,257.000,18,259.000,20,320.000,1,400.000,1,0,30,
110853082000,250.000,5,245.000,30,244.000,20,243.000,29,241.000,20,86.000,1,256.000,50,257.000,18,258.000,20,259.000,20,320.000,1,0,30,
110853493000,250.000,5,245.000,30,243.000,29,241.000,20,86.000,1,84.000,3,256.000,50,257.000,18,258.000,20,320.000,1,400.000,1,0,30,
110853493000,250.000,5,245.000,30,243.000,49,241.000,20,86.000,1,84.000,3,256.000,50,257.000,18,258.000,40,320.000,1,400.000,1,0,30,
110854074000,250.000,5,245.000,30,243.000,40,241.000,20,86.000,1,84.000,3,256.000,50,257.000,18,258.000,40,320.000,1,400.000,1,0,30,
110854076000,250.000,5,245.000,9,243.000,40,241.000,20,86.000,1,84.000,3,256.000,29,257.000,18,258.000,40,320.000,1,400.000,1,0,30,
110854076000,250.000,5,245.000,9,244.000,21,243.000,40,241.000,20,86.000,1,256.000,50,257.000,18,258.000,40,320.000,1,400.000,1,0,30,
110854077000,250.000,5,245.000,9,244.000,21,243.000,49,241.000,20,86.000,1,256.000,50,257.000,18,258.000,40,320.000,1,400.000,1,0,30,
110854077000,250.000,5,244.000,21,243.000,49,241.000,20,86.000,1,84.000,3,256.000,50,257.000,18,258.000,40,320.000,1,400.000,1,0,30,
110854077000,250.000,5,244.000,30,243.000,49,241.000,20,86.000,1,84.000,3,256.000,50,257.000,18,258.000,40,320.000,1,400.000,1,0,30,
110854196000,250.000,5,244.000,30,243.000,49,241.000,20,240.000,9,86.000,1,256.000,50,257.000,18,258.000,40,320.000,1,400.000,1,0,30,
110900877000,250.000,5,244.000,30,243.000,29,241.000,20,240.000,9,86.000,1,256.000,50,257.000,18,258.000,20,320.000,1,400.000,1,0,30,
110900877000,250.000,5,244.000,30,243.000,29,242.000,20,241.000,20,240.000,9,256.000,50,257.000,38,258.000,20,320.000,1,400.000,1,0,30,
110900898000,250.000,5,244.000,30,243.000,9,242.000,20,241.000,20,240.000,9,256.000,50,257.000,38,320.000,1,400.000,1,414.000,1,0,30,
110900995000,250.000,5,244.000,30,243.000,9,241.000,20,240.000,9,86.000,1,256.000,50,257.000,18,320.000,1,400.000,1,414.000,1,0,30,
110900995000,250.000,5,244.000,30,243.000,9,241.000,40,240.000,9,86.000,1,256.000,70,257.000,18,320.000,1,400.000,1,414.000,1,0,30,
110901208000,250.000,5,244.000,30,243.000,9,241.000,20,240.000,9,86.000,1,256.000,50,257.000,18,320.000,1,400.000,1,414.000,1,0,30,
110901208000,250.000,5,244.000,30,243.000,9,242.000,20,241.000,20,240.000,9,256.000,50,257.000,38,320.000,1,400.000,1,414.000,1,0,30,
110901369000,250.000,5,244.000,30,243.000,9,241.000,20,240.000,9,86.000,1,256.000,50,257.000,18,320.000,1,400.000,1,414.000,1,0,30,
110901369000,250.000,5,244.000,30,243.000,29,241.000,20,240.000,9,86.000,1,256.000,50,257.000,18,258.000,20,320.000,1,400.000,1,0,30,
110902105000,250.000,5,244.000,30,243.000,9,241.000,20,240.000,9,86.000,1,256.000,50,257.000,18,320.000,1,400.000,1,414.000,1,0,30,
110902105000,250.000,5,244.000,30,243.000,9,242.000,20,241.000,20,240.000,9,256.000,50,257.000,38,320.000,1,400.000,1,414.000,1,0,30,
110902889000,250.000,5,244.000,9,243.000,9,242.000,20,241.000,20,240.000,9,256.000,29,257.000,38,320.000,1,400.000,1,414.000,1,0,30,
110902889000,250.000,5,244.000,9,243.000,30,242.000,20,241.000,20,240.000,9,256.000,50,257.000,38,320.000,1,400.000,1,414.000,1,0,30,
110902889000,250.000,5,243.000,30,242.000,20,241.000,20,240.000,9,86.000,1,256.000,50,257.000,38,320.000,1,400.000,1,414.000,1,0,30,
110902889000,250.000,5,243.000,30,242.000,29,241.000,20,240.000,9,86.000,1,256.000,50,257.000,38,320.000,1,400.000,1,414.000,1,0,30,
110903118000,250.000,5,243.000,30,242.000,9,241.000,20,240.000,9,86.000,1,256.000,50,257.000,18,320.000,1,400.000,1,414.000,1,0,30,
110903118000,250.000,5,243.000,30,242.000,9,241.000,40,240.000,9,86.000,1,256.000,70,257.000,18,320.000,1,400.000,1,414.000,1,0,30,
110904494000,250.000,5,243.000,30,242.000,9,241.000,20,240.000,9,86.000,1,256.000,50,257.000,18,320.000,1,400.000,1,414.000,1,0,30,
110904494000,250.000,5,243.000,30,242.000,29,241.000,20,240.000,9,86.000,1,256.000,50,257.000,38,320.000,1,400.000,1,414.000,1,0,30,
110905117000,250.000,5,243.000,30,242.000,9,241.000,20,240.000,9,86.000,1,256.000,50,257.000,18,320.000,1,400.000,1,414.000,1,0,30,
110905117000,250.000,5,243.000,30,242.000,9,241.000,40,240.000,9,86.000,1,256.000,70,257.000,18,320.000,1,400.000,1,414.000,1,0,30,
110905154000,250.000,5,243.000,30,242.000,9,241.000,60,240.000,9,86.000,1,256.000,90,257.000,18,320.000,1,400.000,1,414.000,1,0,30,
110905243000,250.000,5,243.000,30,242.000,9,241.000,40,240.000,9,86.000,1,256.000,70,257.000,18,320.000,1,400.000,1,414.000,1,0,30,
110905243000,250.000,5,243.000,30,242.000,29,241.000,40,240.000,9,86.000,1,256.000,70,257.000,38,320.000,1,400.000,1,414.000,1,0,30,
110920945000,250.000,5,243.000,9,242.000,29,241.000,40,240.000,9,86.000,1,256.000,49,257.000,38,320.000,1,400.000,1,414.000,1,0,30,
110920945000,250.000,5,244.000,21,243.000,9,242.000,29,241.000,40,240.000,9,256.000,70,257.000,38,320.000,1,400.000,1,414.000,1,0,30,
110920945000,250.000,5,244.000,30,243.000,9,242.000,29,241.000,40,240.000,9,256.000,70,257.000,38,320.000,1,400.000,1,414.000,1,0,30,
110921005000,250.000,5,244.000,30,243.000,9,242.000,20,241.000,40,240.000,9,256.000,70,257.000,38,320.000,1,400.000,1,414.000,1,0,30,
110921897000,250.000,5,244.000,9,243.000,9,242.000,20,241.000,40,240.000,9,256.000,49,257.000,38,320.000,1,400.000,1,414.000,1,0,30,
110921897000,250.000,5,244.000,9,243.000,30,242.000,20,241.000,40,240.000,9,256.000,70,257.000,38,320.000,1,400.000,1,414.000,1,0,30,
110921897000,250.000,5,244.000,9,243.000,30,242.000,29,241.000,40,240.000,9,256.000,70,257.000,38,320.000,1,400.000,1,414.000,1,0,30,
110921897000,250.000,5,243.000,30,242.000,29,241.000,40,240.000,9,86.000,1,256.000,70,257.000,38,320.000,1,400.000,1,414.000,1,0,30,
110922494000,250.000,5,243.000,30,242.000,9,241.000,40,240.000,9,86.000,1,256.000,70,257.000,18,320.000,1,400.000,1,414.000,1,0,30,
110922494000,250.000,5,243.000,30,242.000,9,241.000,60,240.000,9,86.000,1,256.000,90,257.000,18,320.000,1,400.000,1,414.000,1,0,30,
110924083000,250.000,5,243.000,30,242.000,9,241.000,60,240.000,9,86.000,1,256.000,90,257.000,9,320.000,1,400.000,1,414.000,1,0,30,
110924083000,250.000,5,243.000,30,242.000,9,241.000,60,240.000,9,86.000,1,255.000,9,256.000,90,257.000,9,320.000,1,400.000,1,0,30,
110924084000,250.000,5,243.000,30,242.000,9,241.000,60,240.000,9,86.000,1,255.000,18,256.000,90,257.000,9,320.000,1,400.000,1,0,30,
110924505000,250.000,5,243.000,30,242.000,9,241.000,60,240.000,9,86.000,1,255.000,18,256.000,90,320.000,1,400.000,1,414.000,1,0,30,
110924898000,250.000,5,243.000,9,242.000,9,241.000,60,240.000,9,86.000,1,255.000,18,256.000,69,320.000,1,400.000,1,414.000,1,0,30,
110924898000,250.000,5,243.000,9,242.000,30,241.000,60,240.000,9,86.000,1,254.000,21,255.000,18,256.000,69,320.000,1,400.000,1,0,30,
110924899000,250.000,5,242.000,30,241.000,60,240.000,9,86.000,1,84.000,3,254.000,21,255.000,18,256.000,69,320.000,1,400.000,1,0,30,
110924899000,250.000,5,242.000,30,241.000,69,240.000,9,86.000,1,84.000,3,254.000,21,255.000,18,256.000,69,320.000,1,400.000,1,0,30,
110924899000,250.000,5,242.000,30,241.000,69,240.000,9,86.000,1,84.000,3,254.000,30,255.000,18,256.000,69,320.000,1,400.000,1,0,30,
110924986000,250.000,5,242.000,30,241.000,49,240.000,9,86.000,1,84.000,3,254.000,30,255.000,18,256.000,49,320.000,1,400.000,1,0,30,
110925005000,250.000,5,242.000,30,241.000,49,240.000,9,86.000,1,84.000,3,254.000,30,255.000,18,256.000,40,320.000,1,400.000,1,0,30,
110925005000,250.000,5,242.000,30,241.000,49,240.000,9,239.000,20,86.000,1,254.000,50,255.000,18,256.000,40,320.000,1,400.000,1,0,30,
110925200000,250.000,5,242.000,30,241.000,29,240.000,9,239.000,20,86.000,1,254.000,50,255.000,18,256.000,20,320.000,1,400.000,1,0,30,
110925464000,250.000,5,242.000,30,241.000,29,240.000,29,239.000,20,86.000,1,254.000,50,255.000,38,256.000,20,320.000,1,400.000,1,0,30,
110926868000,250.000,5,242.000,30,241.000,9,240.000,29,239.000,20,86.000,1,254.000,50,255.000,38,320.000,1,400.000,1,414.000,1,0,30,
110926868000,250.000,5,242.000,30,241.000,9,240.000,49,239.000,20,86.000,1,254.000,50,255.000,58,320.000,1,400.000,1,414.000,1,0,30,
110927566000,250.000,5,242.000,30,241.000,9,240.000,40,239.000,20,86.000,1,254.000,50,255.000,58,320.000,1,400.000,1,414.000,1,0,30,
110927566000,250.000,5,242.000,9,241.000,9,240.000,40,239.000,20,86.000,1,254.000,29,255.000,58,320.000,1,400.000,1,414.000,1,0,30,
110927566000,250.000,5,242.000,9,241.000,30,240.000,40,239.000,20,86.000,1,254.000,50,255.000,58,320.000,1,400.000,1,414.000,1,0,30,
110927566000,250.000,5,242.000,9,241.000,30,240.000,49,239.000,20,86.000,1,254.000,50,255.000,58,320.000,1,400.000,1,414.000,1,0,30,
110927566000,250.000,5,241.000,30,240.000,49,239.000,20,86.000,1,84.000,3,254.000,50,255.000,58,320.000,1,400.000,1,414.000,1,0,30,
110927933000,250.000,5,241.000,30,240.000,49,239.000,20,238.000,9,86.000,1,254.000,50,255.000,58,320.000,1,400.000,1,414.000,1,0,30,
110928566000,250.000,5,241.000,9,240.000,49,239.000,20,238.000,9,86.000,1,254.000,29,255.000,58,320.000,1,400.000,1,414.000,1,0,30,
110928566000,250.000,5,242.000,21,241.000,9,240.000,49,239.000,20,238.000,9,254.000,50,255.000,58,320.000,1,400.000,1,414.000,1,0,30,
110928567000,250.000,5,242.000,21,240.000,49,239.000,20,238.000,9,86.000,1,254.000,50,255.000,58,320.000,1,400.000,1,414.000,1,0,30,
110928567000,250.000,5,242.000,30,240.000,49,239.000,20,238.000,9,86.000,1,254.000,50,255.000,58,320.000,1,400.000,1,414.000,1,0,30,
110930744000,250.000,5,242.000,30,240.000,29,239.000,20,238.000,9,86.000,1,254.000,50,255.000,38,320.000,1,400.000,1,414.000,1,0,30,
110930744000,250.000,5,242.000,30,241.000,20,240.000,29,239.000,20,238.000,9,254.000,50,255.000,38,256.000,20,320.000,1,400.000,1,0,30,
110933121000,250.000,5,242.000,30,240.000,29,239.000,20,238.000,9,86.000,1,254.000,50,255.000,38,320.000,1,400.000,1,414.000,1,0,30,
110933121000,250.000,5,242.000,50,240.000,29,239.000,20,238.000,9,86.000,1,254.000,50,255.000,38,257.000,20,320.000,1,400.000,1,0,30,
110933743000,250.000,5,242.000,30,240.000,29,239.000,20,238.000,9,86.000,1,254.000,50,255.000,38,320.000,1,400.000,1,414.000,1,0,30,
110933743000,250.000,5,242.000,30,241.000,20,240.000,29,239.000,20,238.000,9,254.000,50,255.000,38,256.000,20,320.000,1,400.000,1,0,30,
110933847000,250.000,5,242.000,30,241.000,20,240.000,9,239.000,20,238.000,9,254.000,50,255.000,18,256.000,20,320.000,1,400.000,1,0,30,
110934605000,250.000,5,242.000,30,241.000,40,240.000,9,239.000,20,238.000,9,254.000,50,255.000,18,256.000,40,320.000,1,400.000,1,0,30,
110934992000,250.000,5,242.000,30,241.000,20,240.000,9,239.000,20,238.000,9,254.000,50,255.000,18,256.000,20,320.000,1,400.000,1,0,30,
110934992000,250.000,5,242.000,50,241.000,20,240.000,9,239.000,20,238.000,9,254.000,50,255.000,18,256.000,20,257.000,20,320.000,1,0,30,
110936104000,250.000,5,242.000,50,241.000,20,240.000,9,239.000,20,86.000,1,254.000,50,255.000,18,256.000,20,257.000,20,320.000,1,0,30,
110936105000,250.000,5,242.000,50,241.000,20,240.000,18,239.000,20,86.000,1,254.000,50,255.000,18,256.000,20,257.000,20,320.000,1,0,30,
110936368000,250.000,5,242.000,30,241.000,20,240.000,18,239.000,20,86.000,1,254.000,50,255.000,18,256.000,20,320.000,1,400.000,1,0,30,
110936368000,250.000,5,243.000,20,242.000,30,241.000,20,240.000,18,239.000,20,254.000,50,255.000,18,256.000,20,258.000,20,320.000,1,0,30,
110936369000,250.000,5,243.000,29,242.000,30,241.000,20,240.000,18,239.000,20,254.000,50,255.000,18,256.000,20,258.000,20,320.000,1,0,30,
110936505000,250.000,5,243.000,29,242.000,30,241.000,20,240.000,9,239.000,20,254.000,50,255.000,18,256.000,20,258.000,20,320.000,1,0,30,
110936904000,250.000,5,243.000,29,242.000,9,241.000,20,240.000,9,239.000,20,254.000,29,255.000,18,256.000,20,258.000,20,320.000,1,0,30,
110936904000,250.000,5,244.000,21,243.000,29,242.000,9,241.000,20,240.000,9,254.000,50,255.000,18,256.000,20,258.000,20,320.000,1,0,30,
110936904000,250.000,5,244.000,30,243.000,29,242.000,9,241.000,20,240.000,9,254.000,50,255.000,18,256.000,20,258.000,20,320.000,1,0,30,
110937005000,250.000,5,244.000,30,243.000,29,241.000,20,240.000,9,239.000,20,254.000,50,255.000,18,256.000,20,258.000,20,320.000,1,0,30,
110937618000,250.000,5,244.000,30,243.000,9,241.000,20,240.000,9,239.000,20,254.000,50,255.000,18,256.000,20,320.000,1,400.000,1,0,30,
110937618000,250.000,5,244.000,30,243.000,9,242.000,20,241.000,20,240.000,9,254.000,50,255.000,18,256.000,20,257.000,20,320.000,1,0,30,
110945889000,250.000,5,244.000,9,243.000,9,242.000,20,241.000,20,240.000,9,254.000,29,255.000,18,256.000,20,257.000,20,320.000,1,0,30,
110945889000,250.000,5,244.000,9,243.000,30,242.000,20,241.000,20,240.000,9,254.000,50,255.000,18,256.000,20,257.000,20,320.000,1,0,30,
110945890000,250.000,5,244.000,9,243.000,30,242.000,29,241.000,20,240.000,9,254.000,50,255.000,18,256.000,20,257.000,20,320.000,1,0,30,
110945890000,250.000,5,243.000,30,242.000,29,241.000,20,240.000,9,239.000,20,254.000,50,255.000,18,256.000,20,257.000,20,320.000,1,0,30,
110946037000,250.000,5,243.000,30,242.000,29,240.000,9,239.000,20,86.000,1,254.000,50,255.000,18,257.000,20,320.000,1,400.000,1,0,30,
110946119000,250.000,5,243.000,30,242.000,9,240.000,9,239.000,20,86.000,1,254.000,50,255.000,18,320.000,1,400.000,1,414.000,1,0,30,
110946119000,250.000,5,243.000,30,242.000,9,241.000,20,240.000,9,239.000,20,254.000,50,255.000,18,256.000,20,320.000,1,400.000,1,0,30,
110948118000,250.000,5,243.000,30,242.000,9,240.000,9,239.000,20,86.000,1,254.000,50,255.000,18,320.000,1,400.000,1,414.000,1,0,30,
110948118000,250.000,5,243.000,30,242.000,9,240.000,29,239.000,20,86.000,1,254.000,50,255.000,38,320.000,1,400.000,1,414.000,1,0,30,
110948909000,250.000,5,243.000,9,242.000,9,240.000,29,239.000,20,86.000,1,254.000,29,255.000,38,320.000,1,400.000,1,414.000,1,0,30,
110948909000,250.000,5,243.000,9,242.000,30,240.000,29,239.000,20,86.000,1,254.000,50,255.000,38,320.000,1,400.000,1,414.000,1,0,30,
110948909000,250.000,5,243.000,9,242.000,30,240.000,38,239.000,20,86.000,1,254.000,50,255.000,38,320.000,1,400.000,1,414.000,1,0,30,
110948909000,250.000,5,242.000,30,240.000,38,239.000,20,86.000,1,84.000,3,254.000,50,255.000,38,320.000,1,400.000,1,414.000,1,0,30,
110949244000,250.000,5,242.000,30,240.000,18,239.000,20,86.000,1,84.000,3,254.000,50,255.000,18,320.000,1,400.000,1,414.000,1,0,30,
110949244000,250.000,5,242.000,30,241.000,20,240.000,18,239.000,20,86.000,1,254.000,50,255.000,18,256.000,20,320.000,1,400.000,1,0,30,
110950010000,250.000,5,242.000,9,241.000,20,240.000,18,239.000,20,86.000,1,254.000,29,255.000,18,256.000,20,320.000,1,400.000,1,0,30,
110950010000,250.000,5,243.000,21,242.000,9,241.000,20,240.000,18,239.000,20,254.000,50,255.000,18,256.000,20,320.000,1,400.000,1,0,30,
110950010000,250.000,5,243.000,21,241.000,20,240.000,18,239.000,20,86.000,1,254.000,50,255.000,18,256.000,20,320.000,1,400.000,1,0,30,
110950010000,250.000,5,243.000,21,241.000,29,240.000,18,239.000,20,86.000,1,254.000,50,255.000,18,256.000,20,320.000,1,400.000,1,0,30,
110950010000,250.000,5,243.000,30,241.000,29,240.000,18,239.000,20,86.000,1,254.000,50,255.000,18,256.000,20,320.000,1,400.000,1,0,30,
110950160000,250.000,5,243.000,30,241.000,29,240.000,38,239.000,20,86.000,1,254.000,50,255.000,38,256.000,20,320.000,1,400.000,1,0,30,
110950505000,250.000,5,243.000,30,241.000,29,240.000,29,239.000,20,86.000,1,254.000,50,255.000,38,256.000,20,320.000,1,400.000,1,0,30,
111001373000,250.000,5,243.000,30,241.000,9,240.000,29,239.000,20,86.000,1,254.000,50,255.000,38,320.000,1,400.000,1,414.000,1,0,30,
111001373000,250.000,5,243.000,30,242.000,20,241.000,9,240.000,29,239.000,20,254.000,50,255.000,38,257.000,20,320.000,1,400.000,1,0,30,
111001399000,250.000,5,243.000,30,242.000,20,241.000,9,240.000,9,239.000,20,254.000,50,255.000,18,257.000,20,320.000,1,400.000,1,0,30,
111002054000,250.000,5,243.000,30,242.000,20,241.000,29,240.000,9,239.000,20,254.000,50,255.000,18,256.000,20,257.000,20,320.000,1,0,30,
111003103000,250.000,5,243.000,30,242.000,20,241.000,9,240.000,9,239.000,20,254.000,50,255.000,18,257.000,20,320.000,1,400.000,1,0,30,
111003243000,250.000,5,243.000,30,241.000,9,240.000,9,239.000,20,86.000,1,254.000,50,255.000,18,320.000,1,400.000,1,414.000,1,0,30,
111003243000,250.000,5,243.000,30,241.000,29,240.000,9,239.000,20,86.000,1,254.000,50,255.000,18,256.000,20,320.000,1,400.000,1,0,30,
111003493000,250.000,5,243.000,30,241.000,9,240.000,9,239.000,20,86.000,1,254.000,50,255.000,18,320.000,1,400.000,1,414.000,1,0,30,
111003493000,250.000,5,243.000,30,241.000,9,240.000,29,239.000,20,86.000,1,254.000,50,255.000,38,320.000,1,400.000,1,414.000,1,0,30,
111003915000,250.000,5,243.000,9,241.000,9,240.000,29,239.000,20,86.000,1,254.000,29,255.000,38,320.000,1,400.000,1,414.000,1,0,30,
111003915000,250.000,5,243.000,9,242.000,21,241.000,9,240.000,29,239.000,20,254.000,50,255.000,38,320.000,1,400.000,1,414.000,1,0,30,
111003915000,250.000,5,243.000,9,242.000,21,241.000,9,240.000,38,239.000,20,254.000,50,255.000,38,320.000,1,400.000,1,414.000,1,0,30,
111003915000,250.000,5,243.000,9,242.000,30,241.000,9,240.000,38,239.000,20,254.000,50,255.000,38,320.000,1,400.000,1,414.000,1,0,30,
111003915000,250.000,5,242.000,30,241.000,9,240.000,38,239.000,20,86.000,1,254.000,50,255.000,38,320.000,1,400.000,1,414.000,1,0,30,
111004005000,250.000,5,242.000,30,241.000,9,240.000,29,239.000,20,86.000,1,254.000,50,255.000,38,320.000,1,400.000,1,414.000,1,0,30,
111004009000,250.000,5,242.000,30,241.000,9,240.000,49,239.000,20,86.000,1,254.000,50,255.000,58,320.000,1,400.000,1,414.000,1,0,30,
111004646000,250.000,5,242.000,30,241.000,9,240.000,40,239.000,20,86.000,1,254.000,50,255.000,58,320.000,1,400.000,1,414.000,1,0,30,
111004771000,250.000,5,242.000,30,241.000,9,240.000,40,239.000,20,237.000,9,254.000,50,255.000,58,320.000,1,400.000,1,414.000,1,0,30,
111005041000,250.000,5,242.000,9,241.000,9,240.000,40,239.000,20,237.000,9,254.000,29,255.000,58,320.000,1,400.000,1,414.000,1,0,30,
111005041000,250.000,5,242.000,9,241.000,30,240.000,40,239.000,20,237.000,9,254.000,50,255.000,58,320.000,1,400.000,1,414.000,1,0,30,
111005041000,250.000,5,241.000,30,240.000,40,239.000,20,237.000,9,86.000,1,254.000,50,255.000,58,320.000,1,400.000,1,414.000,1,0,30,
111005041000,250.000,5,241.000,30,240.000,49,239.000,20,237.000,9,86.000,1,254.000,50,255.000,58,320.000,1,400.000,1,414.000,1,0,30,
111005743000,250.000,5,241.000,30,240.000,29,239.000,20,237.000,9,86.000,1,254.000,50,255.000,38,320.000,1,400.000,1,414.000,1,0,30,
111005743000,250.000,5,241.000,50,240.000,29,239.000,20,237.000,9,86.000,1,254.000,50,255.000,38,256.000,20,320.000,1,400.000,1,0,30,
111006140000,250.000,5,241.000,29,240.000,29,239.000,20,237.000,9,86.000,1,254.000,29,255.000,38,256.000,20,320.000,1,400.000,1,0,30,
111006140000,250.000,5,242.000,21,241.000,29,240.000,29,239.000,20,237.000,9,254.000,50,255.000,38,256.000,20,320.000,1,400.000,1,0,30,
111006140000,250.000,5,242.000,30,241.000,29,240.000,29,239.000,20,237.000,9,254.000,50,255.000,38,256.000,20,320.000,1,400.000,1,0,30,
111006506000,250.000,5,242.000,30,241.000,29,240.000,20,239.000,20,237.000,9,254.000,50,255.000,38,256.000,20,320.000,1,400.000,1,0,30,
111010645000,250.000,5,242.000,30,241.000,29,240.000,20,239.000,20,86.000,1,254.000,50,255.000,38,256.000,20,320.000,1,400.000,1,0,30,
111010646000,250.000,5,242.000,30,241.000,29,240.000,20,239.000,29,86.000,1,254.000,50,255.000,38,256.000,20,320.000,1,400.000,1,0,30,
111010745000,250.000,5,242.000,30,241.000,9,240.000,20,239.000,29,86.000,1,254.000,50,255.000,38,320.000,1,400.000,1,414.000,1,0,30,
111010745000,250.000,5,242.000,50,241.000,9,240.000,20,239.000,29,86.000,1,254.000,50,255.000,38,257.000,20,320.000,1,400.000,1,0,30,
111015741000,250.000,5,242.000,50,241.000,9,239.000,29,86.000,1,84.000,3,254.000,50,255.000,18,257.000,20,320.000,1,400.000,1,0,30,
111015744000,250.000,5,242.000,30,241.000,9,239.000,29,86.000,1,84.000,3,254.000,50,255.000,18,320.000,1,400.000,1,414.000,1,0,30,
111015744000,250.000,5,243.000,20,242.000,30,241.000,9,239.000,29,86.000,1,254.000,50,255.000,18,258.000,20,320.000,1,400.000,1,0,30,
111015744000,250.000,5,243.000,29,242.000,30,241.000,9,239.000,29,86.000,1,254.000,50,255.000,18,258.000,20,320.000,1,400.000,1,0,30,
111015797000,250.000,5,243.000,29,242.000,30,241.000,29,239.000,29,86.000,1,254.000,50,255.000,18,256.000,20,258.000,20,320.000,1,0,30,
111015920000,250.000,5,243.000,29,242.000,9,241.000,29,239.000,29,86.000,1,254.000,29,255.000,18,256.000,20,258.000,20,320.000,1,0,30,
111015920000,250.000,5,244.000,21,243.000,29,242.000,9,241.000,29,239.000,29,254.000,50,255.000,18,256.000,20,258.000,20,320.000,1,0,30,
111015921000,250.000,5,244.000,30,243.000,29,242.000,9,241.000,29,239.000,29,254.000,50,255.000,18,256.000,20,258.000,20,320.000,1,0,30,
111016005000,250.000,5,244.000,30,243.000,29,242.000,9,241.000,20,239.000,29,254.000,50,255.000,18,256.000,20,258.000,20,320.000,1,0,30,
111016005000,250.000,5,244.000,30,243.000,29,241.000,20,239.000,29,86.000,1,254.000,50,255.000,18,256.000,20,258.000,20,320.000,1,0,30,
111021896000,250.000,5,244.000,30,243.000,29,241.000,20,239.000,20,86.000,1,254.000,50,255.000,18,256.000,20,258.000,20,320.000,1,0,30,
111021896000,250.000,5,244.000,30,243.000,29,241.000,29,239.000,20,86.000,1,254.000,50,255.000,18,256.000,20,258.000,20,320.000,1,0,30,
111022743000,250.000,5,244.000,30,243.000,9,241.000,29,239.000,20,86.000,1,254.000,50,255.000,18,256.000,20,320.000,1,400.000,1,0,30,
111022743000,250.000,5,244.000,50,243.000,9,241.000,29,239.000,20,86.000,1,254.000,50,255.000,18,256.000,20,259.000,20,320.000,1,0,30,
111025743000,250.000,5,244.000,30,243.000,9,241.000,29,239.000,20,86.000,1,254.000,50,255.000,18,256.000,20,320.000,1,400.000,1,0,30,
111025743000,250.000,5,244.000,30,243.000,29,241.000,29,239.000,20,86.000,1,254.000,50,255.000,18,256.000,20,258.000,20,320.000,1,0,30,
111027743000,250.000,5,244.000,30,243.000,9,241.000,29,239.000,20,86.000,1,254.000,50,255.000,18,256.000,20,320.000,1,400.000,1,0,30,
111027743000,250.000,5,244.000,50,243.000,9,241.000,29,239.000,20,86.000,1,254.000,50,255.000,18,256.000,20,259.000,20,320.000,1,0,30,
111031971000,250.000,5,244.000,50,243.000,9,241.000,29,239.000,20,86.000,1,254.000,50,255.000,9,256.000,20,259.000,20,320.000,1,0,30,
111031971000,250.000,5,244.000,50,243.000,9,241.000,29,239.000,20,86.000,1,254.000,50,255.000,9,256.000,20,257.000,9,259.000,20,0,30,
111031994000,250.000,5,244.000,30,243.000,9,241.000,29,239.000,20,86.000,1,254.000,50,255.000,9,256.000,20,257.000,9,320.000,1,0,30,
111031994000,250.000,5,245.000,20,244.000,30,243.000,9,241.000,29,239.000,20,254.000,50,255.000,9,256.000,20,257.000,9,260.000,20,0,30,
111031994000,250.000,5,245.000,29,244.000,30,243.000,9,241.000,29,239.000,20,254.000,50,255.000,9,256.000,20,257.000,9,260.000,20,0,30,
111032006000,250.000,5,245.000,29,244.000,30,241.000,29,239.000,20,86.000,1,254.000,50,255.000,9,256.000,20,257.000,9,260.000,20,0,30,
111032007000,250.000,5,245.000,29,244.000,30,241.000,29,86.000,1,84.000,3,254.000,30,255.000,9,256.000,20,257.000,9,260.000,20,0,30,
111032007000,250.000,5,245.000,29,244.000,30,241.000,49,86.000,1,84.000,3,254.000,30,255.000,9,256.000,40,257.000,9,260.000,20,0,30,
111032351000,250.000,5,245.000,29,244.000,30,241.000,29,86.000,1,84.000,3,254.000,30,255.000,9,256.000,20,257.000,9,260.000,20,0,30,
111033013000,250.000,5,245.000,29,244.000,9,241.000,29,86.000,1,84.000,3,254.000,9,255.000,9,256.000,20,257.000,9,260.000,20,0,30,
111033013000,250.000,5,246.000,21,245.000,29,244.000,9,241.000,29,86.000,1,254.000,30,255.000,9,256.000,20,257.000,9,260.000,20,0,30,
111033014000,250.000,5,246.000,21,245.000,29,244.000,9,241.000,29,86.000,1,254.000,30,255.000,9,256.000,29,257.000,9,260.000,20,0,30,
111033014000,250.000,5,246.000,30,245.000,29,244.000,9,241.000,29,86.000,1,254.000,30,255.000,9,256.000,29,257.000,9,260.000,20,0,30,
111033014000,250.000,5,246.000,30,245.000,29,244.000,9,241.000,29,86.000,1,254.000,21,255.000,9,256.000,29,257.000,9,260.000,20,0,30,
111033255000,250.000,5,246.000,30,245.000,29,244.000,9,241.000,29,86.000,1,254.000,30,255.000,9,256.000,29,257.000,9,260.000,20,0,30,
111033505000,250.000,5,246.000,30,245.000,29,244.000,9,241.000,29,86.000,1,254.000,30,255.000,9,256.000,20,257.000,9,260.000,20,0,30,
111033505000,250.000,5,246.000,30,245.000,29,241.000,29,86.000,1,84.000,3,254.000,30,255.000,9,256.000,20,257.000,9,260.000,20,0,30,
111035485000,250.000,5,246.000,30,245.000,29,242.000,20,241.000,29,86.000,1,254.000,30,255.000,9,256.000,20,257.000,29,260.000,20,0,30,
111043187000,250.000,5,246.000,30,245.000,29,241.000,29,86.000,1,84.000,3,254.000,30,255.000,9,256.000,20,257.000,9,260.000,20,0,30,
111043243000,250.000,5,246.000,30,245.000,9,241.000,29,86.000,1,84.000,3,254.000,30,255.000,9,256.000,20,257.000,9,320.000,1,0,30,
111043243000,250.000,5,246.000,30,245.000,9,244.000,20,241.000,29,86.000,1,254.000,30,255.000,9,256.000,20,257.000,9,259.000,20,0,30,
111043629000,250.000,5,246.000,30,245.000,9,244.000,20,241.000,49,86.000,1,254.000,30,255.000,9,256.000,40,257.000,9,259.000,20,0,30,
111045985000,250.000,5,246.000,9,245.000,9,244.000,20,241.000,49,86.000,1,254.000,9,255.000,9,256.000,40,257.000,9,259.000,20,0,30,
111045985000,250.000,5,246.000,9,245.000,30,244.000,20,241.000,49,86.000,1,254.000,30,255.000,9,256.000,40,257.000,9,259.000,20,0,30,
111045986000,250.000,5,246.000,9,245.000,30,244.000,20,241.000,49,86.000,1,254.000,30,255.000,9,256.000,49,257.000,9,259.000,20,0,30,
111045986000,250.000,5,246.000,9,245.000,30,244.000,29,241.000,49,86.000,1,254.000,30,255.000,9,256.000,49,257.000,9,259.000,20,0,30,
111045986000,250.000,5,246.000,9,245.000,30,244.000,29,241.000,49,86.000,1,254.000,21,255.000,9,256.000,49,257.000,9,259.000,20,0,30,
111045986000,250.000,5,245.000,30,244.000,29,241.000,49,86.000,1,84.000,3,254.000,21,255.000,9,256.000,49,257.000,9,259.000,20,0,30,
111045986000,250.000,5,245.000,30,244.000,29,241.000,49,86.000,1,84.000,3,254.000,30,255.000,9,256.000,49,257.000,9,259.000,20,0,30,
111045986000,250.000,5,246.000,9,245.000,30,244.000,29,241.000,49,86.000,1,254.000,30,255.000,9,256.000,49,257.000,9,259.000,20,0,30,
111045987000,250.000,5,245.000,30,244.000,29,241.000,49,86.000,1,84.000,3,254.000,30,255.000,9,256.000,49,257.000,9,259.000,20,0,30,
111046006000,250.000,5,245.000,30,244.000,29,241.000,49,86.000,1,84.000,3,254.000,30,255.000,9,256.000,40,257.000,9,259.000,20,0,30,
111053869000,250.000,5,245.000,30,244.000,9,241.000,49,86.000,1,84.000,3,254.000,30,255.000,9,256.000,40,257.000,9,320.000,1,0,30,
111053869000,250.000,5,245.000,50,244.000,9,241.000,49,86.000,1,84.000,3,254.000,30,255.000,9,256.000,40,257.000,9,260.000,20,0,30,
111057743000,250.000,5,245.000,30,244.000,9,241.000,49,86.000,1,84.000,3,254.000,30,255.000,9,256.000,40,257.000,9,320.000,1,0,30,
111057743000,250.000,5,245.000,30,244.000,29,241.000,49,86.000,1,84.000,3,254.000,30,255.000,9,256.000,40,257.000,9,259.000,20,0,30,
111058868000,250.000,5,245.000,30,244.000,9,241.000,49,86.000,1,84.000,3,254.000,30,255.000,9,256.000,40,257.000,9,320.000,1,0,30,
111058868000,250.000,5,245.000,50,244.000,9,241.000,49,86.000,1,84.000,3,254.000,30,255.000,9,256.000,40,257.000,9,260.000,20,0,30,
111101984000,250.000,5,245.000,29,244.000,9,241.000,49,86.000,1,84.000,3,254.000,9,255.000,9,256.000,40,257.000,9,260.000,20,0,30,
111101984000,250.000,5,246.000,21,245.000,29,244.000,9,241.000,49,86.000,1,254.000,30,255.000,9,256.000,40,257.000,9,260.000,20,0,30,
111101985000,250.000,5,246.000,30,245.000,29,244.000,9,241.000,49,86.000,1,254.000,30,255.000,9,256.000,40,257.000,9,260.000,20,0,30,
111101985000,250.000,5,246.000,30,245.000,29,244.000,9,241.000,49,86.000,1,254.000,30,255.000,9,256.000,49,257.000,9,260.000,20,0,30,
111101985000,250.000,5,246.000,30,245.000,29,244.000,9,241.000,49,86.000,1,254.000,21,255.000,9,256.000,49,257.000,9,260.000,20,0,30,
111102015000,250.000,5,246.000,30,245.000,29,244.000,9,241.000,49,86.000,1,254.000,30,255.000,9,256.000,49,257.000,9,260.000,20,0,30,
111102505000,250.000,5,246.000,30,245.000,29,241.000,49,86.000,1,84.000,3,254.000,30,255.000,9,256.000,49,257.000,9,260.000,20,0,30,
111102505000,250.000,5,246.000,30,245.000,29,241.000,49,86.000,1,84.000,3,254.000,30,255.000,9,256.000,40,257.000,9,260.000,20,0,30,
111103700000,250.000,5,246.000,30,245.000,29,241.000,29,86.000,1,84.000,3,254.000,30,255.000,9,256.000,20,257.000,9,260.000,20,0,30,
111104100000,250.000,5,246.000,30,245.000,29,241.000,20,86.000,1,84.000,3,254.000,30,255.000,9,256.000,20,257.000,9,260.000,20,0,30,
111104102000,250.000,5,246.000,30,245.000,29,243.000,9,241.000,20,86.000,1,254.000,30,255.000,9,256.000,20,257.000,9,260.000,20,0,30,
111104119000,250.000,5,246.000,30,245.000,9,243.000,9,241.000,20,86.000,1,254.000,30,255.000,9,256.000,20,257.000,9,320.000,1,0,30,
111104119000,250.000,5,246.000,50,245.000,9,243.000,9,241.000,20,86.000,1,254.000,30,255.000,9,256.000,20,257.000,9,261.000,20,0,30,
111104137000,250.000,5,246.000,50,245.000,9,243.000,29,241.000,20,86.000,1,254.000,30,255.000,9,256.000,20,257.000,9,258.000,20,0,30,
111107121000,250.000,5,246.000,29,245.000,9,243.000,29,241.000,20,86.000,1,254.000,9,255.000,9,256.000,20,257.000,9,258.000,20,0,30,
111107121000,250.000,5,246.000,50,245.000,9,243.000,29,241.000,20,86.000,1,254.000,9,255.000,30,256.000,20,257.000,9,258.000,20,0,30,
111107121000,250.000,5,246.000,50,245.000,9,243.000,29,241.000,20,86.000,1,254.000,9,255.000,30,256.000,29,257.000,9,258.000,20,0,30,
111107121000,250.000,5,246.000,50,245.000,9,243.000,29,241.000,20,86.000,1,255.000,30,256.000,29,257.000,9,258.000,20,261.000,20,0,30,
111107618000,250.000,5,246.000,30,245.000,9,243.000,29,241.000,20,86.000,1,255.000,30,256.000,29,257.000,9,258.000,20,320.000,1,0,30,
111107618000,250.000,5,247.000,20,246.000,30,245.000,9,243.000,29,241.000,20,255.000,30,256.000,29,257.000,9,258.000,20,262.000,20,0,30,
111108121000,250.000,5,247.000,20,246.000,9,245.000,9,243.000,29,241.000,20,255.000,9,256.000,29,257.000,9,258.000,20,262.000,20,0,30,
111108121000,250.000,5,247.000,41,246.000,9,245.000,9,243.000,29,241.000,20,255.000,30,256.000,29,257.000,9,258.000,20,262.000,20,0,30,
111108121000,250.000,5,247.000,41,246.000,9,245.000,9,243.000,29,241.000,20,255.000,21,256.000,29,257.000,9,258.000,20,262.000,20,0,30,
111108121000,250.000,5,247.000,50,246.000,9,245.000,9,243.000,29,241.000,20,255.000,21,256.000,29,257.000,9,258.000,20,262.000,20,0,30,
111108122000,250.000,5,247.000,50,246.000,9,245.000,9,243.000,29,241.000,20,255.000,30,256.000,29,257.000,9,258.000,20,262.000,20,0,30,
111108505000,250.000,5,247.000,50,246.000,9,243.000,29,241.000,20,86.000,1,255.000,30,256.000,29,257.000,9,258.000,20,262.000,20,0,30,
111108917000,250.000,5,247.000,30,246.000,9,243.000,29,241.000,20,86.000,1,255.000,30,256.000,29,257.000,9,258.000,20,320.000,1,0,30,
111108917000,250.000,5,247.000,30,246.000,29,243.000,29,241.000,20,86.000,1,255.000,30,256.000,29,257.000,9,258.000,20,261.000,20,0,30,
111109252000,250.000,5,247.000,9,246.000,29,243.000,29,241.000,20,86.000,1,255.000,9,256.000,29,257.000,9,258.000,20,261.000,20,0,30,
111109252000,250.000,5,247.000,9,246.000,50,243.000,29,241.000,20,86.000,1,254.000,21,255.000,9,256.000,29,257.000,9,258.000,20,0,30,
111109252000,250.000,5,246.000,50,243.000,29,241.000,20,86.000,1,84.000,3,254.000,21,255.000,9,256.000,29,257.000,9,258.000,20,0,30,
111109252000,250.000,5,246.000,50,243.000,29,241.000,20,86.000,1,84.000,3,254.000,21,256.000,29,257.000,9,258.000,20,261.000,20,0,30,
111109272000,250.000,5,246.000,29,243.000,29,241.000,20,86.000,1,84.000,3,256.000,29,257.000,9,258.000,20,261.000,20,320.000,1,0,30,
111109272000,250.000,5,246.000,50,243.000,29,241.000,20,86.000,1,84.000,3,255.000,21,256.000,29,257.000,9,258.000,20,261.000,20,0,30,
111109921000,250.000,5,246.000,50,243.000,29,241.000,20,86.000,1,84.000,3,255.000,30,256.000,29,257.000,9,258.000,20,261.000,20,0,30,
111113493000,250.000,5,246.000,30,243.000,29,241.000,20,86.000,1,84.000,3,255.000,30,256.000,29,257.000,9,258.000,20,320.000,1,0,30,
111113493000,250.000,5,246.000,30,245.000,20,243.000,29,241.000,20,86.000,1,255.000,30,256.000,29,257.000,9,258.000,20,260.000,20,0,30,
111113525000,250.000,5,246.000,30,245.000,20,243.000,9,241.000,20,86.000,1,255.000,30,256.000,29,257.000,9,260.000,20,320.000,1,0,30,
111114178000,250.000,5,246.000,30,245.000,20,243.000,9,242.000,20,241.000,20,255.000,30,256.000,29,257.000,29,260.000,20,320.000,1,0,30,
111115619000,250.000,5,246.000,30,243.000,9,242.000,20,241.000,20,86.000,1,255.000,30,256.000,29,257.000,29,320.000,1,400.000,1,0,30,
111115619000,250.000,5,246.000,30,244.000,20,243.000,9,242.000,20,241.000,20,255.000,30,256.000,29,257.000,29,259.000,20,320.000,1,0,30,
111116118000,250.000,5,246.000,30,243.000,9,242.000,20,241.000,20,86.000,1,255.000,30,256.000,29,257.000,29,320.000,1,400.000,1,0,30,
111116118000,250.000,5,246.000,30,245.000,20,243.000,9,242.000,20,241.000,20,255.000,30,256.000,29,257.000,29,260.000,20,320.000,1,0,30,
111119618000,250.000,5,246.000,30,243.000,9,242.000,20,241.000,20,86.000,1,255.000,30,256.000,29,257.000,29,320.000,1,400.000,1,0,30,
111119618000,250.000,5,246.000,30,244.000,20,243.000,9,242.000,20,241.000,20,255.000,30,256.000,29,257.000,29,259.000,20,320.000,1,0,30,
111122017000,250.000,5,246.000,30,243.000,9,242.000,20,241.000,20,86.000,1,255.000,30,256.000,29,257.000,29,320.000,1,400.000,1,0,30,
111122017000,250.000,5,246.000,30,245.000,20,243.000,9,242.000,20,241.000,20,255.000,30,256.000,29,257.000,29,260.000,20,320.000,1,0,30,
111125118000,250.000,5,246.000,30,243.000,9,242.000,20,241.000,20,86.000,1,255.000,30,256.000,29,257.000,29,320.000,1,400.000,1,0,30,
111125118000,250.000,5,246.000,50,243.000,9,242.000,20,241.000,20,86.000,1,255.000,30,256.000,29,257.000,29,261.000,20,320.000,1,0,30,
111127618000,250.000,5,246.000,30,243.000,9,242.000,20,241.000,20,86.000,1,255.000,30,256.000,29,257.000,29,320.000,1,400.000,1,0,30,
111127618000,250.000,5,246.000,30,245.000,20,243.000,9,242.000,20,241.000,20,255.000,30,256.000,29,257.000,29,260.000,20,320.000,1,0,30,
111129368000,250.000,5,246.000,30,243.000,9,242.000,20,241.000,20,86.000,1,255.000,30,256.000,29,257.000,29,320.000,1,400.000,1,0,30,
111129368000,250.000,5,246.000,50,243.000,9,242.000,20,241.000,20,86.000,1,255.000,30,256.000,29,257.000,29,261.000,20,320.000,1,0,30,
111129474000,250.000,5,246.000,50,243.000,9,241.000,20,86.000,1,84.000,3,255.000,30,256.000,29,257.000,9,261.000,20,320.000,1,0,30,
111130367000,250.000,5,246.000,50,243.000,29,241.000,20,86.000,1,84.000,3,255.000,30,256.000,29,257.000,9,258.000,20,261.000,20,0,30,
111131281000,250.000,5,246.000,50,243.000,29,86.000,1,84.000,3,39.000,20,255.000,30,256.000,9,257.000,9,258.000,20,261.000,20,0,30,
111131282000,250.000,5,246.000,50,243.000,29,86.000,1,84.000,3,39.000,20,255.000,30,256.000,9,258.000,20,261.000,20,320.000,1,0,30,
111131369000,250.000,5,246.000,30,243.000,29,86.000,1,84.000,3,39.000,20,255.000,30,256.000,9,258.000,20,320.000,1,400.000,1,0,30,
111131369000,250.000,5,247.000,20,246.000,30,243.000,29,86.000,1,84.000,3,255.000,30,256.000,9,258.000,20,262.000,20,320.000,1,0,30,
111131369000,250.000,5,247.000,29,246.000,30,243.000,29,86.000,1,84.000,3,255.000,30,256.000,9,258.000,20,262.000,20,320.000,1,0,30,
111131404000,250.000,5,247.000,29,246.000,30,243.000,29,86.000,1,84.000,3,255.000,30,256.000,9,258.000,20,259.000,9,262.000,20,0,30,
111131505000,250.000,5,247.000,29,246.000,30,243.000,49,86.000,1,84.000,3,255.000,30,256.000,9,258.000,40,259.000,9,262.000,20,0,30,
111131953000,250.000,5,247.000,29,246.000,9,243.000,49,86.000,1,84.000,3,255.000,9,256.000,9,258.000,40,259.000,9,262.000,20,0,30,
111131953000,250.000,5,248.000,21,247.000,29,246.000,9,243.000,49,86.000,1,255.000,9,256.000,30,258.000,40,259.000,9,262.000,20,0,30,
111131953000,250.000,5,248.000,21,247.000,29,246.000,9,243.000,49,86.000,1,256.000,30,258.000,40,259.000,9,262.000,20,320.000,1,0,30,
111131953000,250.000,5,248.000,21,247.000,29,246.000,9,243.000,49,86.000,1,256.000,30,258.000,49,259.000,9,262.000,20,320.000,1,0,30,
111131953000,250.000,5,248.000,30,247.000,29,246.000,9,243.000,49,86.000,1,256.000,30,258.000,49,259.000,9,262.000,20,320.000,1,0,30,
111132005000,250.000,5,248.000,30,247.000,29,243.000,49,86.000,1,84.000,3,256.000,30,258.000,49,259.000,9,262.000,20,320.000,1,0,30,
111132493000,250.000,5,248.000,30,247.000,9,243.000,49,86.000,1,84.000,3,256.000,30,258.000,49,259.000,9,320.000,1,400.000,1,0,30,
111132493000,250.000,5,248.000,30,247.000,9,246.000,20,243.000,49,86.000,1,256.000,30,258.000,49,259.000,9,261.000,20,320.000,1,0,30,
111132953000,250.000,5,248.000,9,247.000,9,246.000,20,243.000,49,86.000,1,256.000,9,258.000,49,259.000,9,261.000,20,320.000,1,0,30,
111132953000,250.000,5,248.000,9,247.000,30,246.000,20,243.000,49,86.000,1,256.000,30,258.000,49,259.000,9,261.000,20,320.000,1,0,30,
111132953000,250.000,5,247.000,30,246.000,20,243.000,49,86.000,1,84.000,3,256.000,30,258.000,49,259.000,9,261.000,20,320.000,1,0,30,
111132953000,250.000,5,247.000,30,246.000,20,243.000,49,86.000,1,84.000,3,256.000,21,258.000,49,259.000,9,261.000,20,320.000,1,0,30,
111133624000,250.000,5,247.000,30,246.000,20,243.000,49,86.000,1,84.000,3,256.000,30,258.000,49,259.000,9,261.000,20,320.000,1,0,30,
111133743000,250.000,5,247.000,30,243.000,49,86.000,1,84.000,3,39.000,20,256.000,30,258.000,49,259.000,9,320.000,1,400.000,1,0,30,
111133743000,250.000,5,247.000,50,243.000,49,86.000,1,84.000,3,39.000,20,256.000,30,258.000,49,259.000,9,262.000,20,320.000,1,0,30,
111133954000,250.000,5,247.000,29,243.000,49,86.000,1,84.000,3,39.000,20,256.000,9,258.000,49,259.000,9,262.000,20,320.000,1,0,30,
111133954000,250.000,5,247.000,50,243.000,49,86.000,1,84.000,3,39.000,20,255.000,21,256.000,9,258.000,49,259.000,9,262.000,20,0,30,
111133954000,250.000,5,247.000,50,243.000,49,86.000,1,84.000,3,39.000,20,255.000,21,258.000,49,259.000,9,262.000,20,320.000,1,0,30,
111134218000,250.000,5,247.000,50,243.000,49,86.000,1,84.000,3,39.000,20,255.000,30,258.000,49,259.000,9,262.000,20,320.000,1,0,30,
111134243000,250.000,5,247.000,30,243.000,49,86.000,1,84.000,3,39.000,20,255.000,30,258.000,49,259.000,9,320.000,1,400.000,1,0,30,
111134243000,250.000,5,247.000,30,246.000,20,243.000,49,86.000,1,84.000,3,255.000,30,258.000,49,259.000,9,261.000,20,320.000,1,0,30,
111135744000,250.000,5,247.000,30,243.000,49,86.000,1,84.000,3,39.000,20,255.000,30,258.000,49,259.000,9,320.000,1,400.000,1,0,30,
111135744000,250.000,5,247.000,50,243.000,49,86.000,1,84.000,3,39.000,20,255.000,30,258.000,49,259.000,9,262.000,20,320.000,1,0,30,
111136359000,250.000,5,247.000,30,243.000,49,86.000,1,84.000,3,39.000,20,255.000,30,258.000,49,259.000,9,320.000,1,400.000,1,0,30,
111136359000,250.000,5,248.000,20,247.000,30,243.000,49,86.000,1,84.000,3,255.000,30,258.000,49,259.000,9,263.000,20,320.000,1,0,30,
111136359000,250.000,5,248.000,29,247.000,30,243.000,49,86.000,1,84.000,3,255.000,30,258.000,49,259.000,9,263.000,20,320.000,1,0,30,
111136863000,250.000,5,248.000,29,247.000,9,243.000,49,86.000,1,84.000,3,255.000,9,258.000,49,259.000,9,263.000,20,320.000,1,0,30,
111136863000,250.000,5,248.000,50,247.000,9,243.000,49,86.000,1,84.000,3,255.000,9,256.000,21,258.000,49,259.000,9,263.000,20,0,30,
111136864000,250.000,5,248.000,50,247.000,9,243.000,49,86.000,1,84.000,3,256.000,21,258.000,49,259.000,9,263.000,20,320.000,1,0,30,
111136864000,250.000,5,248.000,50,247.000,9,243.000,49,86.000,1,84.000,3,256.000,30,258.000,49,259.000,9,263.000,20,320.000,1,0,30,
111143458000,250.000,5,248.000,50,247.000,9,243.000,40,86.000,1,84.000,3,256.000,30,258.000,49,259.000,9,263.000,20,320.000,1,0,30,
111143461000,250.000,5,248.000,50,247.000,9,245.000,9,243.000,40,86.000,1,256.000,30,258.000,49,259.000,9,263.000,20,320.000,1,0,30,
111143555000,250.000,5,248.000,50,247.000,9,245.000,9,243.000,20,86.000,1,256.000,30,258.000,29,259.000,9,263.000,20,320.000,1,0,30,
111144543000,250.000,5,248.000,50,247.000,9,245.000,9,244.000,20,243.000,20,256.000,30,258.000,29,259.000,29,263.000,20,320.000,1,0,30,
111146274000,250.000,5,248.000,30,247.000,9,245.000,9,244.000,20,243.000,20,256.000,30,258.000,29,259.000,29,320.000,1,400.000,1,0,30,
111146274000,250.000,5,249.000,20,248.000,30,247.000,9,245.000,9,244.000,20,256.000,30,258.000,29,259.000,29,264.000,20,320.000,1,0,30,
111146276000,250.000,5,249.000,20,248.000,30,247.000,9,245.000,9,244.000,20,256.000,30,258.000,29,259.000,20,264.000,20,320.000,1,0,30,
111146279000,250.000,5,249.000,20,248.000,9,247.000,9,245.000,9,244.000,20,256.000,9,258.000,29,259.000,20,264.000,20,320.000,1,0,30,
111146279000,250.000,5,249.000,41,248.000,9,247.000,9,245.000,9,244.000,20,256.000,9,257.000,21,258.000,29,259.000,20,264.000,20,0,30,
111146279000,250.000,5,249.000,20,248.000,9,247.000,9,245.000,9,244.000,20,256.000,9,258.000,29,259.000,20,264.000,20,320.000,1,0,30,
111146280000,250.000,5,249.000,41,248.000,9,247.000,9,245.000,9,244.000,20,256.000,9,258.000,50,259.000,20,264.000,20,320.000,1,0,30,
111146282000,250.000,5,249.000,41,248.000,9,247.000,9,245.000,9,244.000,20,256.000,9,258.000,30,259.000,20,264.000,20,320.000,1,0,30,
111146289000,250.000,5,249.000,41,248.000,9,247.000,9,245.000,9,244.000,20,258.000,30,259.000,20,264.000,20,320.000,1,400.000,1,0,30,
111146335000,250.000,5,249.000,41,248.000,9,247.000,9,245.000,9,86.000,1,258.000,30,264.000,20,320.000,1,400.000,1,414.000,1,0,30,
111146370000,250.000,5,249.000,21,248.000,9,247.000,9,245.000,9,86.000,1,258.000,30,320.000,1,400.000,1,414.000,1,450.000,1,0,30,
111146370000,250.000,5,250.000,20,249.000,21,248.000,9,247.000,9,245.000,9,258.000,30,270.000,20,320.000,1,400.000,1,414.000,1,0,30,
111146505000,250.000,5,250.000,20,249.000,21,248.000,9,247.000,9,245.000,29,258.000,30,260.000,20,270.000,20,320.000,1,400.000,1,0,30,
111146674000,250.000,5,250.000,20,249.000,21,248.000,9,247.000,9,245.000,9,258.000,30,270.000,20,320.000,1,400.000,1,414.000,1,0,30,
111147005000,250.000,5,250.000,20,249.000,21,248.000,9,247.000,29,245.000,9,258.000,30,262.000,20,270.000,20,320.000,1,400.000,1,0,30,
111147119000,250.000,5,249.000,21,248.000,9,247.000,29,245.000,9,86.000,1,258.000,30,262.000,20,320.000,1,400.000,1,414.000,1,0,30,
111147119000,250.000,5,251.000,20,249.000,21,248.000,9,247.000,29,245.000,9,258.000,30,262.000,20,271.000,20,320.000,1,400.000,1,0,30,
111147260000,250.000,5,251.000,29,249.000,21,248.000,9,247.000,29,245.000,9,258.000,30,262.000,20,271.000,20,320.000,1,400.000,1,0,30,
111147368000,250.000,5,251.000,29,248.000,9,247.000,29,245.000,9,86.000,1,258.000,9,262.000,20,271.000,20,320.000,1,400.000,1,0,30,
111147368000,250.000,5,252.000,21,251.000,29,248.000,9,247.000,29,245.000,9,258.000,9,260.000,21,262.000,20,271.000,20,320.000,1,0,30,
111147368000,250.000,5,252.000,21,251.000,29,248.000,9,247.000,29,245.000,9,260.000,21,262.000,20,271.000,20,320.000,1,400.000,1,0,30,
111147368000,250.000,5,252.000,21,251.000,29,248.000,9,247.000,29,245.000,9,260.000,21,262.000,29,271.000,20,320.000,1,400.000,1,0,30,
111147368000,250.000,5,252.000,30,251.000,29,248.000,9,247.000,29,245.000,9,260.000,21,262.000,29,271.000,20,320.000,1,400.000,1,0,30,
111147368000,250.000,5,252.000,30,251.000,29,248.000,9,247.000,29,245.000,9,260.000,30,262.000,29,271.000,20,320.000,1,400.000,1,0,30,
111147743000,250.000,5,252.000,30,251.000,9,248.000,9,247.000,29,245.000,9,260.000,30,262.000,29,320.000,1,400.000,1,414.000,1,0,30,
111147743000,250.000,5,252.000,30,251.000,9,250.000,20,248.000,9,247.000,29,260.000,30,262.000,29,270.000,20,320.000,1,400.000,1,0,30,
111148368000,250.000,5,252.000,30,251.000,9,248.000,9,247.000,29,245.000,9,260.000,30,262.000,29,320.000,1,400.000,1,414.000,1,0,30,
111148368000,250.000,5,252.000,30,251.000,29,248.000,9,247.000,29,245.000,9,260.000,30,262.000,29,271.000,20,320.000,1,400.000,1,0,30,
111148462000,250.000,5,252.000,30,251.000,29,248.000,9,247.000,29,86.000,1,260.000,30,262.000,29,271.000,20,320.000,1,400.000,1,0,30,
111148462000,250.000,5,252.000,30,251.000,29,248.000,9,247.000,29,86.000,1,260.000,30,262.000,29,263.000,9,271.000,20,320.000,1,0,30,
111148470000,250.000,5,252.000,30,251.000,29,248.000,18,247.000,29,86.000,1,260.000,30,262.000,29,263.000,9,271.000,20,320.000,1,0,30,
111148505000,250.000,5,252.000,30,251.000,29,248.000,9,247.000,29,86.000,1,260.000,30,262.000,29,263.000,9,271.000,20,320.000,1,0,30,
111149005000,250.000,5,252.000,30,251.000,29,248.000,9,247.000,20,86.000,1,260.000,30,262.000,29,263.000,9,271.000,20,320.000,1,0,30,
111149368000,250.000,5,252.000,30,251.000,9,248.000,9,247.000,20,86.000,1,260.000,30,262.000,29,263.000,9,320.000,1,400.000,1,0,30,
111149368000,250.000,5,252.000,30,251.000,9,250.000,20,248.000,9,247.000,20,260.000,30,262.000,29,263.000,9,270.000,20,320.000,1,0,30,
111151611000,250.000,5,252.000,30,251.000,9,250.000,20,248.000,9,247.000,40,260.000,30,262.000,49,263.000,9,270.000,20,320.000,1,0,30,
111155455000,250.000,5,252.000,30,251.000,9,250.000,20,248.000,9,247.000,40,260.000,30,262.000,49,270.000,20,320.000,1,400.000,1,0,30,
111155457000,250.000,5,252.000,30,251.000,9,250.000,20,247.000,40,86.000,1,260.000,30,262.000,49,270.000,20,320.000,1,400.000,1,0,30,
111155458000,250.000,5,252.000,30,251.000,9,250.000,20,247.000,20,86.000,1,260.000,30,262.000,29,270.000,20,320.000,1,400.000,1,0,30,
111155460000,250.000,5,252.000,30,251.000,9,250.000,20,86.000,1,84.000,3,260.000,30,262.000,9,270.000,20,320.000,1,400.000,1,0,30,
111155460000,250.000,5,252.000,30,251.000,9,250.000,29,86.000,1,84.000,3,260.000,30,262.000,9,270.000,20,320.000,1,400.000,1,0,30,
111155467000,250.000,5,252.000,9,251.000,9,250.000,29,86.000,1,84.000,3,260.000,9,262.000,9,270.000,20,320.000,1,400.000,1,0,30,
111155467000,250.000,5,252.000,30,251.000,9,250.000,29,86.000,1,84.000,3,260.000,9,262.000,30,270.000,20,320.000,1,400.000,1,0,30,
111155467000,250.000,5,252.000,30,251.000,9,250.000,29,86.000,1,84.000,3,260.000,9,262.000,30,270.000,29,320.000,1,400.000,1,0,30,
111155467000,250.000,5,252.000,30,251.000,9,250.000,38,86.000,1,84.000,3,260.000,9,262.000,30,270.000,29,320.000,1,400.000,1,0,30,
111155467000,250.000,5,252.000,30,251.000,9,250.000,38,86.000,1,84.000,3,262.000,30,270.000,29,320.000,1,400.000,1,414.000,1,0,30,
111155467000,250.000,5,252.000,21,251.000,9,250.000,38,86.000,1,84.000,3,262.000,30,270.000,29,320.000,1,400.000,1,414.000,1,0,30,
111155467000,250.000,5,252.000,30,251.000,9,250.000,38,86.000,1,84.000,3,262.000,30,270.000,29,320.000,1,400.000,1,414.000,1,0,30,
111155493000,250.000,5,252.000,30,251.000,9,250.000,18,86.000,1,84.000,3,262.000,30,270.000,9,320.000,1,400.000,1,414.000,1,0,30,
111155493000,250.000,5,252.000,30,251.000,29,250.000,18,86.000,1,84.000,3,262.000,30,270.000,9,271.000,20,320.000,1,400.000,1,0,30,
111155505000,250.000,5,252.000,30,251.000,29,250.000,18,249.000,20,86.000,1,262.000,30,264.000,20,270.000,9,271.000,20,320.000,1,0,30,
111155505000,250.000,5,252.000,30,251.000,29,250.000,9,249.000,20,86.000,1,262.000,30,264.000,20,270.000,9,271.000,20,320.000,1,0,30,
111155806000,250.000,5,252.000,30,251.000,29,250.000,9,249.000,20,86.000,1,262.000,30,264.000,20,265.000,9,270.000,9,271.000,20,0,30,
111156467000,250.000,5,252.000,9,251.000,29,250.000,9,249.000,20,86.000,1,262.000,9,264.000,20,265.000,9,270.000,9,271.000,20,0,30,
111156467000,250.000,5,252.000,30,251.000,29,250.000,9,249.000,20,86.000,1,261.000,21,262.000,9,264.000,20,265.000,9,270.000,9,0,30,
111156467000,250.000,5,252.000,30,251.000,29,250.000,9,249.000,20,86.000,1,261.000,21,262.000,9,264.000,29,265.000,9,270.000,9,0,30,
111156467000,250.000,5,252.000,21,251.000,29,250.000,9,249.000,20,86.000,1,261.000,21,262.000,9,264.000,29,265.000,9,270.000,9,0,30,
111156467000,250.000,5,252.000,21,251.000,29,250.000,9,249.000,20,86.000,1,261.000,21,264.000,29,265.000,9,270.000,9,271.000,20,0,30,
111156467000,250.000,5,252.000,21,251.000,29,250.000,9,249.000,20,86.000,1,261.000,30,264.000,29,265.000,9,270.000,9,271.000,20,0,30,
111156468000,250.000,5,252.000,30,251.000,29,250.000,9,249.000,20,86.000,1,261.000,30,264.000,29,265.000,9,270.000,9,271.000,20,0,30,
111156505000,250.000,5,252.000,30,251.000,29,250.000,9,249.000,20,86.000,1,261.000,30,264.000,29,265.000,9,271.000,20,320.000,1,0,30,
111158757000,250.000,5,252.000,30,251.000,29,250.000,9,249.000,40,86.000,1,261.000,30,264.000,49,265.000,9,271.000,20,320.000,1,0,30,
111200368000,250.000,5,252.000,30,251.000,9,250.000,9,249.000,40,86.000,1,261.000,30,264.000,49,265.000,9,320.000,1,400.000,1,0,30,
111200368000,250.000,5,252.000,30,251.000,9,250.000,29,249.000,40,86.000,1,261.000,30,264.000,49,265.000,9,270.000,20,320.000,1,0,30,
111201369000,250.000,5,252.000,30,251.000,9,250.000,9,249.000,40,86.000,1,261.000,30,264.000,49,265.000,9,320.000,1,400.000,1,0,30,
111201369000,250.000,5,252.000,30,251.000,29,250.000,9,249.000,40,86.000,1,261.000,30,264.000,49,265.000,9,271.000,20,320.000,1,0,30,
111201856000,250.000,5,252.000,30,251.000,29,250.000,9,249.000,20,86.000,1,261.000,30,264.000,29,265.000,9,271.000,20,320.000,1,0,30,
111202118000,250.000,5,252.000,30,251.000,9,250.000,9,249.000,20,86.000,1,261.000,30,264.000,29,265.000,9,320.000,1,400.000,1,0,30,
111202118000,250.000,5,252.000,50,251.000,9,250.000,9,249.000,20,86.000,1,261.000,30,264.000,29,265.000,9,272.000,20,320.000,1,0,30,
111202463000,250.000,5,252.000,29,251.000,9,250.000,9,249.000,20,86.000,1,261.000,9,264.000,29,265.000,9,272.000,20,320.000,1,0,30,
111202463000,250.000,5,252.000,50,251.000,9,250.000,9,249.000,20,86.000,1,261.000,9,262.000,21,264.000,29,265.000,9,272.000,20,0,30,
111202463000,250.000,5,252.000,50,251.000,9,250.000,9,249.000,20,86.000,1,262.000,21,264.000,29,265.000,9,272.000,20,320.000,1,0,30,
111202463000,250.000,5,252.000,50,251.000,9,250.000,9,249.000,20,86.000,1,262.000,30,264.000,29,265.000,9,272.000,20,320.000,1,0,30,
111202993000,250.000,5,252.000,30,251.000,9,250.000,9,249.000,20,86.000,1,262.000,30,264.000,29,265.000,9,320.000,1,400.000,1,0,30,
111202993000,250.000,5,252.000,30,251.000,29,250.000,9,249.000,20,86.000,1,262.000,30,264.000,29,265.000,9,271.000,20,320.000,1,0,30,
111203619000,250.000,5,252.000,30,251.000,9,250.000,9,249.000,20,86.000,1,262.000,30,264.000,29,265.000,9,320.000,1,400.000,1,0,30,
111203619000,250.000,5,252.000,50,251.000,9,250.000,9,249.000,20,86.000,1,262.000,30,264.000,29,265.000,9,272.000,20,320.000,1,0,30,
111204052000,250.000,5,252.000,29,251.000,9,250.000,9,249.000,20,86.000,1,262.000,9,264.000,29,265.000,9,272.000,20,320.000,1,0,30,
111204052000,250.000,5,252.000,50,251.000,9,250.000,9,249.000,20,86.000,1,262.000,9,263.000,21,264.000,29,265.000,9,272.000,20,0,30,
111204053000,250.000,5,252.000,50,251.000,9,250.000,9,249.000,20,86.000,1,263.000,21,264.000,29,265.000,9,272.000,20,320.000,1,0,30,
111204216000,250.000,5,252.000,50,251.000,9,250.000,9,249.000,20,86.000,1,263.000,30,264.000,29,265.000,9,272.000,20,320.000,1,0,30,
111204651000,250.000,5,252.000,30,251.000,9,250.000,9,249.000,20,86.000,1,263.000,30,264.000,29,265.000,9,320.000,1,400.000,1,0,30,
111204651000,250.000,5,253.000,20,252.000,30,251.000,9,250.000,9,249.000,20,263.000,30,264.000,29,265.000,9,273.000,20,320.000,1,0,30,
111204652000,250.000,5,253.000,20,252.000,30,251.000,9,250.000,9,249.000,20,263.000,30,264.000,29,273.000,20,320.000,1,400.000,1,0,30,
111204653000,250.000,5,253.000,29,252.000,30,251.000,9,250.000,9,249.000,20,263.000,30,264.000,29,273.000,20,320.000,1,400.000,1,0,30,
111205005000,250.000,5,253.000,29,252.000,30,250.000,9,249.000,20,86.000,1,263.000,30,264.000,29,273.000,20,320.000,1,400.000,1,0,30,
111205153000,250.000,5,253.000,29,252.000,9,250.000,9,249.000,20,86.000,1,263.000,9,264.000,29,273.000,20,320.000,1,400.000,1,0,30,
111205153000,250.000,5,254.000,21,253.000,29,252.000,9,250.000,9,249.000,20,263.000,9,264.000,50,273.000,20,320.000,1,400.000,1,0,30,
111205153000,250.000,5,254.000,21,253.000,29,252.000,9,250.000,9,249.000,20,264.000,50,273.000,20,320.000,1,400.000,1,414.000,1,0,30,
111205153000,250.000,5,254.000,30,253.000,29,252.000,9,250.000,9,249.000,20,264.000,50,273.000,20,320.000,1,400.000,1,414.000,1,0,30,
111205392000,250.000,5,254.000,30,253.000,29,252.000,9,249.000,20,86.000,1,264.000,50,273.000,20,320.000,1,400.000,1,414.000,1,0,30,
111205392000,250.000,5,254.000,30,253.000,29,252.000,9,249.000,20,86.000,1,264.000,50,267.000,9,273.000,20,320.000,1,400.000,1,0,30,
111205393000,250.000,5,254.000,30,253.000,29,252.000,18,249.000,20,86.000,1,264.000,50,267.000,9,273.000,20,320.000,1,400.000,1,0,30,
111205505000,250.000,5,254.000,30,253.000,29,252.000,9,249.000,20,86.000,1,264.000,50,267.000,9,273.000,20,320.000,1,400.000,1,0,30,
111206618000,250.000,5,254.000,30,253.000,9,252.000,9,249.000,20,86.000,1,264.000,50,267.000,9,320.000,1,400.000,1,414.000,1,0,30,
111206618000,250.000,5,254.000,30,253.000,9,252.000,29,249.000,20,86.000,1,264.000,50,267.000,9,272.000,20,320.000,1,400.000,1,0,30,
111206867000,250.000,5,254.000,30,253.000,9,252.000,9,249.000,20,86.000,1,264.000,50,267.000,9,320.000,1,400.000,1,414.000,1,0,30,
111206867000,250.000,5,254.000,30,253.000,29,252.000,9,249.000,20,86.000,1,264.000,50,267.000,9,273.000,20,320.000,1,400.000,1,0,30,
111207030000,250.000,5,254.000,9,253.000,29,252.000,9,249.000,20,86.000,1,264.000,29,267.000,9,273.000,20,320.000,1,400.000,1,0,30,
111207030000,250.000,5,254.000,30,253.000,29,252.000,9,249.000,20,86.000,1,263.000,21,264.000,29,267.000,9,273.000,20,320.000,1,0,30,
111207030000,250.000,5,254.000,21,253.000,29,252.000,9,249.000,20,86.000,1,263.000,21,264.000,29,267.000,9,273.000,20,320.000,1,0,30,
111207067000,250.000,5,254.000,21,253.000,29,252.000,9,250.000,20,249.000,20,263.000,21,264.000,29,265.000,20,267.000,9,273.000,20,0,30,
111207121000,250.000,5,254.000,30,253.000,29,252.000,9,250.000,20,249.000,20,263.000,21,264.000,29,265.000,20,267.000,9,273.000,20,0,30,
111207121000,250.000,5,254.000,30,253.000,29,252.000,9,250.000,20,249.000,20,263.000,30,264.000,29,265.000,20,267.000,9,273.000,20,0,30,
111207867000,250.000,5,254.000,30,253.000,9,252.000,9,250.000,20,249.000,20,263.000,30,264.000,29,265.000,20,267.000,9,320.000,1,0,30,
111207867000,250.000,5,254.000,30,253.000,9,252.000,29,250.000,20,249.000,20,263.000,30,264.000,29,265.000,20,267.000,9,272.000,20,0,30,
111213868000,250.000,5,254.000,30,253.000,9,252.000,9,250.000,20,249.000,20,263.000,30,264.000,29,265.000,20,267.000,9,320.000,1,0,30,
111213868000,250.000,5,254.000,30,253.000,29,252.000,9,250.000,20,249.000,20,263.000,30,264.000,29,265.000,20,267.000,9,273.000,20,0,30,
111213994000,250.000,5,254.000,30,253.000,9,252.000,9,250.000,20,249.000,20,263.000,30,264.000,29,265.000,20,267.000,9,320.000,1,0,30,
111213994000,250.000,5,254.000,50,253.000,9,252.000,9,250.000,20,249.000,20,263.000,30,264.000,29,265.000,20,267.000,9,274.000,20,0,30,
111214819000,250.000,5,254.000,29,253.000,9,252.000,9,250.000,20,249.000,20,263.000,9,264.000,29,265.000,20,267.000,9,274.000,20,0,30,
111214819000,250.000,5,254.000,50,253.000,9,252.000,9,250.000,20,249.000,20,263.000,9,264.000,50,265.000,20,267.000,9,274.000,20,0,30,
111214819000,250.000,5,254.000,50,253.000,9,252.000,9,250.000,20,249.000,20,264.000,50,265.000,20,267.000,9,274.000,20,320.000,1,0,30,
111217289000,250.000,5,254.000,50,253.000,9,252.000,9,249.000,20,86.000,1,264.000,50,267.000,9,274.000,20,320.000,1,400.000,1,0,30,
111218267000,250.000,5,254.000,50,253.000,9,252.000,9,250.000,20,249.000,20,264.000,50,266.000,20,267.000,9,274.000,20,320.000,1,0,30,
111219367000,250.000,5,254.000,30,253.000,9,252.000,9,250.000,20,249.000,20,264.000,50,266.000,20,267.000,9,320.000,1,400.000,1,0,30,
111219367000,250.000,5,254.000,30,253.000,29,252.000,9,250.000,20,249.000,20,264.000,50,266.000,20,267.000,9,273.000,20,320.000,1,0,30,
111219973000,250.000,5,254.000,9,253.000,29,252.000,9,250.000,20,249.000,20,264.000,29,266.000,20,267.000,9,273.000,20,320.000,1,0,30,
111219973000,250.000,5,254.000,30,253.000,29,252.000,9,250.000,20,249.000,20,263.000,21,264.000,29,266.000,20,267.000,9,273.000,20,0,30,
111219973000,250.000,5,254.000,21,253.000,29,252.000,9,250.000,20,249.000,20,263.000,21,264.000,29,266.000,20,267.000,9,273.000,20,0,30,
111219973000,250.000,5,254.000,21,253.000,29,252.000,9,250.000,20,249.000,20,263.000,30,264.000,29,266.000,20,267.000,9,273.000,20,0,30,
111219974000,250.000,5,254.000,30,253.000,29,252.000,9,250.000,20,249.000,20,263.000,30,264.000,29,266.000,20,267.000,9,273.000,20,0,30,
111220911000,250.000,5,254.000,30,253.000,29,252.000,9,249.000,20,86.000,1,263.000,30,264.000,29,267.000,9,273.000,20,320.000,1,0,30,
111221119000,250.000,5,254.000,30,253.000,9,252.000,9,249.000,20,86.000,1,263.000,30,264.000,29,267.000,9,320.000,1,400.000,1,0,30,
111221119000,250.000,5,254.000,30,253.000,9,252.000,29,249.000,20,86.000,1,263.000,30,264.000,29,267.000,9,272.000,20,320.000,1,0,30,
111225351000,250.000,5,254.000,30,253.000,9,252.000,29,249.000,40,86.000,1,263.000,30,264.000,49,267.000,9,272.000,20,320.000,1,0,30,
111234286000,250.000,5,254.000,30,253.000,9,252.000,29,249.000,20,86.000,1,263.000,30,264.000,29,267.000,9,272.000,20,320.000,1,0,30,
111234552000,250.000,5,254.000,30,253.000,9,252.000,29,249.000,40,86.000,1,263.000,30,264.000,49,267.000,9,272.000,20,320.000,1,0,30,
111235728000,250.000,5,254.000,30,253.000,9,252.000,29,249.000,40,86.000,1,263.000,30,264.000,49,272.000,20,320.000,1,400.000,1,0,30,
111235729000,250.000,5,254.000,30,253.000,9,252.000,29,249.000,40,86.000,1,263.000,30,264.000,49,265.000,9,272.000,20,320.000,1,0,30,
111235743000,250.000,5,254.000,30,253.000,9,252.000,9,249.000,40,86.000,1,263.000,30,264.000,49,265.000,9,320.000,1,400.000,1,0,30,
111235743000,250.000,5,254.000,30,253.000,9,252.000,9,251.000,20,249.000,40,263.000,30,264.000,49,265.000,9,271.000,20,320.000,1,0,30,
111236743000,250.000,5,254.000,30,253.000,9,251.000,20,249.000,40,86.000,1,263.000,30,264.000,49,265.000,9,271.000,20,320.000,1,0,30,
111236867000,250.000,5,254.000,30,253.000,9,251.000,20,250.000,9,249.000,40,263.000,30,264.000,49,265.000,9,271.000,20,320.000,1,0,30,
111236980000,250.000,5,254.000,9,253.000,9,251.000,20,250.000,9,249.000,40,263.000,9,264.000,49,265.000,9,271.000,20,320.000,1,0,30,
111236980000,250.000,5,254.000,9,253.000,30,251.000,20,250.000,9,249.000,40,263.000,30,264.000,49,265.000,9,271.000,20,320.000,1,0,30,
111236981000,250.000,5,253.000,30,251.000,20,250.000,9,249.000,40,86.000,1,263.000,30,264.000,49,265.000,9,271.000,20,320.000,1,0,30,
111237981000,250.000,5,253.000,9,251.000,20,250.000,9,249.000,40,86.000,1,263.000,9,264.000,49,265.000,9,271.000,20,320.000,1,0,30,
111237981000,250.000,5,254.000,21,253.000,9,251.000,20,250.000,9,249.000,40,263.000,30,264.000,49,265.000,9,271.000,20,320.000,1,0,30,
111237981000,250.000,5,254.000,30,253.000,9,251.000,20,250.000,9,249.000,40,263.000,30,264.000,49,265.000,9,271.000,20,320.000,1,0,30,
111237981000,250.000,5,254.000,30,253.000,9,251.000,29,250.000,9,249.000,40,263.000,30,264.000,49,265.000,9,271.000,20,320.000,1,0,30,
111237981000,250.000,5,254.000,30,251.000,29,250.000,9,249.000,40,86.000,1,263.000,30,264.000,49,265.000,9,271.000,20,320.000,1,0,30,
111237981000,250.000,5,254.000,30,251.000,29,250.000,9,249.000,40,86.000,1,263.000,21,264.000,49,265.000,9,271.000,20,320.000,1,0,30,
111238555000,250.000,5,254.000,30,251.000,29,250.000,9,249.000,40,86.000,1,263.000,30,264.000,49,265.000,9,271.000,20,320.000,1,0,30,
111240231000,250.000,5,254.000,30,251.000,29,250.000,9,249.000,20,86.000,1,263.000,30,264.000,29,265.000,9,271.000,20,320.000,1,0,30,
111240637000,250.000,5,254.000,30,251.000,29,250.000,9,249.000,40,86.000,1,263.000,30,264.000,49,265.000,9,271.000,20,320.000,1,0,30,
111240982000,250.000,5,254.000,9,251.000,29,250.000,9,249.000,40,86.000,1,263.000,9,264.000,49,265.000,9,271.000,20,320.000,1,0,30,
111240982000,250.000,5,254.000,9,253.000,21,251.000,29,250.000,9,249.000,40,263.000,30,264.000,49,265.000,9,271.000,20,320.000,1,0,30,
111240982000,250.000,5,254.000,9,253.000,21,251.000,29,250.000,9,249.000,40,263.000,21,264.000,49,265.000,9,271.000,20,320.000,1,0,30,
111240982000,250.000,5,253.000,21,251.000,29,250.000,9,249.000,40,86.000,1,263.000,21,264.000,49,265.000,9,271.000,20,320.000,1,0,30,
111240982000,250.000,5,253.000,30,251.000,29,250.000,9,249.000,40,86.000,1,263.000,21,264.000,49,265.000,9,271.000,20,320.000,1,0,30,
111240983000,250.000,5,253.000,30,251.000,29,250.000,9,249.000,40,86.000,1,263.000,30,264.000,49,265.000,9,271.000,20,320.000,1,0,30,
111242680000,250.000,5,253.000,30,251.000,29,250.000,9,249.000,20,86.000,1,263.000,30,264.000,29,265.000,9,271.000,20,320.000,1,0,30,
111243681000,250.000,5,253.000,30,251.000,29,250.000,29,249.000,20,86.000,1,263.000,30,264.000,29,265.000,29,271.000,20,320.000,1,0,30,
111244768000,250.000,5,253.000,30,251.000,29,250.000,9,249.000,20,86.000,1,263.000,30,264.000,29,265.000,9,271.000,20,320.000,1,0,30,
111245699000,250.000,5,253.000,30,251.000,29,250.000,29,249.000,20,86.000,1,263.000,30,264.000,29,265.000,29,271.000,20,320.000,1,0,30,
111246242000,250.000,5,253.000,30,251.000,9,250.000,29,249.000,20,86.000,1,263.000,30,264.000,29,265.000,29,320.000,1,400.000,1,0,30,
111246242000,250.000,5,253.000,30,252.000,20,251.000,9,250.000,29,249.000,20,263.000,30,264.000,29,265.000,29,272.000,20,320.000,1,0,30,
111251243000,250.000,5,253.000,30,251.000,9,250.000,29,249.000,20,86.000,1,263.000,30,264.000,29,265.000,29,320.000,1,400.000,1,0,30,
111251243000,250.000,5,253.000,30,251.000,29,250.000,29,249.000,20,86.000,1,263.000,30,264.000,29,265.000,29,271.000,20,320.000,1,0,30,
111255618000,250.000,5,253.000,30,251.000,9,250.000,29,249.000,20,86.000,1,263.000,30,264.000,29,265.000,29,320.000,1,400.000,1,0,30,
111255618000,250.000,5,253.000,30,251.000,9,250.000,49,249.000,20,86.000,1,263.000,30,264.000,29,265.000,29,270.000,20,320.000,1,0,30,
111259987000,250.000,5,253.000,30,251.000,9,250.000,29,249.000,20,86.000,1,263.000,30,264.000,29,265.000,9,270.000,20,320.000,1,0,30,
111300137000,250.000,5,253.000,30,251.000,9,250.000,29,249.000,40,86.000,1,263.000,30,264.000,49,265.000,9,270.000,20,320.000,1,0,30,
111301868000,250.000,5,253.000,30,251.000,9,250.000,9,249.000,40,86.000,1,263.000,30,264.000,49,265.000,9,320.000,1,400.000,1,0,30,
111301868000,250.000,5,253.000,30,251.000,29,250.000,9,249.000,40,86.000,1,263.000,30,264.000,49,265.000,9,271.000,20,320.000,1,0,30,
111304181000,250.000,5,253.000,30,251.000,9,250.000,9,249.000,40,86.000,1,263.000,30,264.000,49,265.000,9,320.000,1,400.000,1,0,30,
111304181000,250.000,5,253.000,30,251.000,9,250.000,29,249.000,40,86.000,1,263.000,30,264.000,49,265.000,9,270.000,20,320.000,1,0,30,
111304609000,250.000,5,253.000,30,251.000,9,250.000,20,249.000,40,86.000,1,263.000,30,264.000,49,265.000,9,270.000,20,320.000,1,0,30,
111305279000,250.000,5,253.000,9,251.000,9,250.000,20,249.000,40,86.000,1,263.000,9,264.000,49,265.000,9,270.000,20,320.000,1,0,30,
111305279000,250.000,5,253.000,9,251.000,30,250.000,20,249.000,40,86.000,1,263.000,30,264.000,49,265.000,9,270.000,20,320.000,1,0,30,
111305280000,250.000,5,251.000,30,250.000,20,249.000,40,86.000,1,84.000,3,263.000,30,264.000,49,265.000,9,270.000,20,320.000,1,0,30,
111305280000,250.000,5,251.000,30,250.000,29,249.000,40,86.000,1,84.000,3,263.000,30,264.000,49,265.000,9,270.000,20,320.000,1,0,30,
111305280000,250.000,5,251.000,30,250.000,29,249.000,40,86.000,1,84.000,3,263.000,21,264.000,49,265.000,9,270.000,20,320.000,1,0,30,
111305280000,250.000,5,251.000,30,250.000,29,249.000,40,86.000,1,84.000,3,263.000,30,264.000,49,265.000,9,270.000,20,320.000,1,0,30,
111305280000,250.000,5,251.000,30,250.000,29,249.000,40,248.000,9,86.000,1,263.000,30,264.000,49,265.000,9,270.000,20,320.000,1,0,30,
111307363000,250.000,5,251.000,30,250.000,29,249.000,20,248.000,9,86.000,1,263.000,30,264.000,29,265.000,9,270.000,20,320.000,1,0,30,
111307396000,250.000,5,251.000,9,250.000,29,249.000,20,248.000,9,86.000,1,263.000,9,264.000,29,265.000,9,270.000,20,320.000,1,0,30,
111307396000,250.000,5,251.000,9,250.000,50,249.000,20,248.000,9,86.000,1,263.000,30,264.000,29,265.000,9,270.000,20,320.000,1,0,30,
111307396000,250.000,5,250.000,50,249.000,20,248.000,9,86.000,1,84.000,3,263.000,30,264.000,29,265.000,9,270.000,20,320.000,1,0,30,
111307396000,250.000,5,250.000,50,249.000,20,248.000,9,86.000,1,84.000,3,263.000,21,264.000,29,265.000,9,270.000,20,320.000,1,0,30,
111307396000,250.000,5,250.000,50,249.000,20,248.000,9,86.000,1,84.000,3,263.000,30,264.000,29,265.000,9,270.000,20,320.000,1,0,30,
111308201000,250.000,5,250.000,50,249.000,20,248.000,29,86.000,1,84.000,3,263.000,50,264.000,29,265.000,9,270.000,20,320.000,1,0,30,
111309595000,250.000,5,250.000,50,249.000,20,248.000,20,86.000,1,84.000,3,263.000,50,264.000,29,265.000,9,270.000,20,320.000,1,0,30,
111309596000,250.000,5,250.000,29,249.000,20,248.000,20,86.000,1,84.000,3,263.000,29,264.000,29,265.000,9,270.000,20,320.000,1,0,30,
111309596000,250.000,5,250.000,29,249.000,41,248.000,20,86.000,1,84.000,3,263.000,50,264.000,29,265.000,9,270.000,20,320.000,1,0,30,
111309720000,250.000,5,250.000,29,249.000,41,248.000,20,246.000,9,86.000,1,263.000,50,264.000,29,265.000,9,270.000,20,320.000,1,0,30,
111312976000,250.000,5,250.000,29,249.000,41,246.000,9,86.000,1,84.000,3,263.000,30,264.000,29,265.000,9,270.000,20,320.000,1,0,30,
111313338000,250.000,5,250.000,29,249.000,41,248.000,20,246.000,9,86.000,1,263.000,50,264.000,29,265.000,9,270.000,20,320.000,1,0,30,
111318055000,250.000,5,250.000,29,249.000,20,248.000,20,246.000,9,86.000,1,263.000,29,264.000,29,265.000,9,270.000,20,320.000,1,0,30,
111318055000,250.000,5,250.000,50,249.000,20,248.000,20,246.000,9,86.000,1,263.000,50,264.000,29,265.000,9,270.000,20,320.000,1,0,30,
111318999000,250.000,5,250.000,29,249.000,20,248.000,20,246.000,9,86.000,1,263.000,29,264.000,29,265.000,9,270.000,20,320.000,1,0,30,
111318999000,250.000,5,250.000,29,249.000,41,248.000,20,246.000,9,86.000,1,263.000,50,264.000,29,265.000,9,270.000,20,320.000,1,0,30,
111323869000,250.000,5,250.000,9,249.000,41,248.000,20,246.000,9,86.000,1,263.000,50,264.000,29,265.000,9,320.000,1,400.000,1,0,30,
111323869000,250.000,5,250.000,9,249.000,61,248.000,20,246.000,9,86.000,1,263.000,50,264.000,49,265.000,9,320.000,1,400.000,1,0,30,
111323869000,250.000,5,249.000,61,248.000,20,246.000,9,86.000,1,84.000,3,263.000,50,264.000,49,265.000,9,320.000,1,400.000,1,0,30,
111323869000,250.000,5,249.000,70,248.000,20,246.000,9,86.000,1,84.000,3,263.000,50,264.000,49,265.000,9,320.000,1,400.000,1,0,30,
111323892000,250.000,5,249.000,70,246.000,9,86.000,1,84.000,3,39.000,20,263.000,30,264.000,49,265.000,9,320.000,1,400.000,1,0,30,
111323998000,250.000,5,249.000,49,246.000,9,86.000,1,84.000,3,39.000,20,263.000,9,264.000,49,265.000,9,320.000,1,400.000,1,0,30,
111323998000,250.000,5,249.000,49,248.000,21,246.000,9,86.000,1,84.000,3,263.000,30,264.000,49,265.000,9,320.000,1,400.000,1,0,30,
111323999000,250.000,5,249.000,49,248.000,21,246.000,9,86.000,1,84.000,3,263.000,21,264.000,49,265.000,9,320.000,1,400.000,1,0,30,
111323999000,250.000,5,249.000,49,248.000,21,246.000,9,86.000,1,84.000,3,263.000,30,264.000,49,265.000,9,320.000,1,400.000,1,0,30,
111324098000,250.000,5,249.000,49,248.000,21,86.000,1,84.000,3,39.000,20,263.000,30,264.000,49,265.000,9,320.000,1,400.000,1,0,30,
111324619000,250.000,5,249.000,29,248.000,21,86.000,1,84.000,3,39.000,20,263.000,30,264.000,29,265.000,9,320.000,1,400.000,1,0,30,
111324619000,250.000,5,249.000,29,248.000,41,86.000,1,84.000,3,39.000,20,263.000,50,264.000,29,265.000,9,320.000,1,400.000,1,0,30,
111325093000,250.000,5,249.000,29,248.000,41,243.000,9,86.000,1,84.000,3,263.000,50,264.000,29,265.000,9,320.000,1,400.000,1,0,30,
111325098000,250.000,5,249.000,29,248.000,20,243.000,9,86.000,1,84.000,3,263.000,29,264.000,29,265.000,9,320.000,1,400.000,1,0,30,
111325098000,250.000,5,249.000,29,248.000,20,247.000,21,243.000,9,86.000,1,262.000,21,263.000,29,264.000,29,265.000,9,320.000,1,0,30,
111325153000,250.000,5,249.000,9,248.000,20,247.000,21,243.000,9,86.000,1,262.000,21,263.000,29,264.000,9,265.000,9,320.000,1,0,30,
111325153000,250.000,5,248.000,20,247.000,21,243.000,9,86.000,1,84.000,3,262.000,21,263.000,29,264.000,9,265.000,9,320.000,1,0,30,
111325460000,250.000,5,248.000,29,247.000,21,243.000,9,86.000,1,84.000,3,262.000,21,263.000,29,264.000,9,265.000,9,320.000,1,0,30,
111325460000,250.000,5,248.000,29,247.000,21,243.000,9,86.000,1,84.000,3,262.000,30,263.000,29,264.000,9,265.000,9,320.000,1,0,30,
111325505000,250.000,5,248.000,29,247.000,41,243.000,9,86.000,1,84.000,3,262.000,50,263.000,29,264.000,9,265.000,9,320.000,1,0,30,
111325505000,250.000,5,248.000,29,247.000,41,243.000,9,86.000,1,84.000,3,262.000,50,263.000,29,265.000,9,320.000,1,400.000,1,0,30,
111327118000,250.000,5,248.000,9,247.000,41,243.000,9,86.000,1,84.000,3,262.000,50,263.000,9,265.000,9,320.000,1,400.000,1,0,30,
111327118000,250.000,5,248.000,9,247.000,61,243.000,9,86.000,1,84.000,3,262.000,70,263.000,9,265.000,9,320.000,1,400.000,1,0,30,
111327118000,250.000,5,247.000,61,243.000,9,86.000,1,84.000,3,39.000,20,262.000,70,263.000,9,265.000,9,320.000,1,400.000,1,0,30,
111327118000,250.000,5,247.000,70,243.000,9,86.000,1,84.000,3,39.000,20,262.000,70,263.000,9,265.000,9,320.000,1,400.000,1,0,30,
111327185000,250.000,5,247.000,90,243.000,9,86.000,1,84.000,3,39.000,20,262.000,90,263.000,9,265.000,9,320.000,1,400.000,1,0,30,
111327218000,250.000,5,247.000,70,243.000,9,86.000,1,84.000,3,39.000,20,262.000,70,263.000,9,265.000,9,320.000,1,400.000,1,0,30,
111328368000,250.000,5,247.000,50,243.000,9,86.000,1,84.000,3,39.000,20,262.000,50,263.000,9,265.000,9,320.000,1,400.000,1,0,30,
111328368000,250.000,5,248.000,20,247.000,50,243.000,9,86.000,1,84.000,3,262.000,50,263.000,29,265.000,9,320.000,1,400.000,1,0,30,
111328368000,250.000,5,248.000,29,247.000,50,243.000,9,86.000,1,84.000,3,262.000,50,263.000,29,265.000,9,320.000,1,400.000,1,0,30,
111328868000,250.000,5,248.000,9,247.000,50,243.000,9,86.000,1,84.000,3,262.000,50,263.000,9,265.000,9,320.000,1,400.000,1,0,30,
111328868000,250.000,5,249.000,20,248.000,9,247.000,50,243.000,9,86.000,1,262.000,50,263.000,9,264.000,20,265.000,9,320.000,1,0,30,
111328868000,250.000,5,249.000,20,247.000,50,243.000,9,86.000,1,84.000,3,262.000,50,263.000,9,264.000,20,265.000,9,320.000,1,0,30,
111328868000,250.000,5,249.000,29,247.000,50,243.000,9,86.000,1,84.000,3,262.000,50,263.000,9,264.000,20,265.000,9,320.000,1,0,30,
111328896000,250.000,5,249.000,29,247.000,70,243.000,9,86.000,1,84.000,3,262.000,70,263.000,9,264.000,20,265.000,9,320.000,1,0,30,
111329003000,250.000,5,249.000,29,247.000,49,243.000,9,86.000,1,84.000,3,262.000,49,263.000,9,264.000,20,265.000,9,320.000,1,0,30,
111329003000,250.000,5,249.000,29,248.000,21,247.000,49,243.000,9,86.000,1,262.000,70,263.000,9,264.000,20,265.000,9,320.000,1,0,30,
111329492000,250.000,5,249.000,9,248.000,21,247.000,49,243.000,9,86.000,1,262.000,70,263.000,9,265.000,9,320.000,1,400.000,1,0,30,
111329492000,250.000,5,249.000,9,248.000,41,247.000,49,243.000,9,86.000,1,262.000,70,263.000,29,265.000,9,320.000,1,400.000,1,0,30,
111329493000,250.000,5,248.000,41,247.000,49,243.000,9,86.000,1,84.000,3,262.000,70,263.000,29,265.000,9,320.000,1,400.000,1,0,30,
111329493000,250.000,5,248.000,50,247.000,49,243.000,9,86.000,1,84.000,3,262.000,70,263.000,29,265.000,9,320.000,1,400.000,1,0,30,
111329585000,250.000,5,248.000,50,247.000,29,243.000,9,86.000,1,84.000,3,262.000,50,263.000,29,265.000,9,320.000,1,400.000,1,0,30,
111330562000,250.000,5,248.000,50,247.000,49,243.000,9,86.000,1,84.000,3,262.000,70,263.000,29,265.000,9,320.000,1,400.000,1,0,30,
111332065000,250.000,5,248.000,29,247.000,49,243.000,9,86.000,1,84.000,3,262.000,49,263.000,29,265.000,9,320.000,1,400.000,1,0,30,
111332065000,250.000,5,248.000,29,247.000,70,243.000,9,86.000,1,84.000,3,262.000,70,263.000,29,265.000,9,320.000,1,400.000,1,0,30,
111332128000,250.000,5,248.000,29,247.000,50,243.000,9,86.000,1,84.000,3,262.000,50,263.000,29,265.000,9,320.000,1,400.000,1,0,30,
111335618000,250.000,5,248.000,9,247.000,50,243.000,9,86.000,1,84.000,3,262.000,50,263.000,9,265.000,9,320.000,1,400.000,1,0,30,
111335618000,250.000,5,248.000,9,247.000,70,243.000,9,86.000,1,84.000,3,262.000,70,263.000,9,265.000,9,320.000,1,400.000,1,0,30,
111335618000,250.000,5,247.000,70,243.000,9,86.000,1,84.000,3,39.000,20,262.000,70,263.000,9,265.000,9,320.000,1,400.000,1,0,30,
111335710000,250.000,5,247.000,90,243.000,9,86.000,1,84.000,3,39.000,20,262.000,90,263.000,9,265.000,9,320.000,1,400.000,1,0,30,
111336608000,250.000,5,247.000,70,243.000,9,86.000,1,84.000,3,39.000,20,262.000,70,263.000,9,265.000,9,320.000,1,400.000,1,0,30,
111339618000,250.000,5,247.000,50,243.000,9,86.000,1,84.000,3,39.000,20,262.000,50,263.000,9,265.000,9,320.000,1,400.000,1,0,30,
111339618000,250.000,5,247.000,50,246.000,20,243.000,9,86.000,1,84.000,3,261.000,20,262.000,50,263.000,9,265.000,9,320.000,1,0,30,
111339619000,250.000,5,247.000,50,246.000,20,243.000,9,86.000,1,84.000,3,261.000,29,262.000,50,263.000,9,265.000,9,320.000,1,0,30,
111339826000,250.000,5,247.000,29,246.000,20,243.000,9,86.000,1,84.000,3,261.000,29,262.000,29,263.000,9,265.000,9,320.000,1,0,30,
111339826000,250.000,5,247.000,29,246.000,20,245.000,21,243.000,9,86.000,1,260.000,21,261.000,29,262.000,29,263.000,9,265.000,9,0,30,
111339826000,250.000,5,247.000,29,246.000,20,245.000,21,243.000,9,86.000,1,260.000,30,261.000,29,262.000,29,263.000,9,265.000,9,0,30,
111339872000,250.000,5,247.000,9,246.000,20,245.000,21,243.000,9,86.000,1,260.000,30,261.000,29,262.000,9,263.000,9,265.000,9,0,30,
111339872000,250.000,5,247.000,9,246.000,29,245.000,21,243.000,9,86.000,1,260.000,30,261.000,29,262.000,9,263.000,9,265.000,9,0,30,
111339872000,250.000,5,246.000,29,245.000,21,243.000,9,86.000,1,84.000,3,260.000,30,261.000,29,262.000,9,263.000,9,265.000,9,0,30,
111339902000,250.000,5,246.000,29,245.000,41,243.000,9,86.000,1,84.000,3,260.000,50,261.000,29,262.000,9,263.000,9,265.000,9,0,30,
111340005000,250.000,5,246.000,29,245.000,41,243.000,9,86.000,1,84.000,3,260.000,50,261.000,29,262.000,9,265.000,9,320.000,1,0,30,
111340005000,250.000,5,246.000,29,245.000,61,243.000,9,86.000,1,84.000,3,260.000,70,261.000,29,262.000,9,265.000,9,320.000,1,0,30,
111340005000,250.000,5,246.000,29,245.000,61,243.000,9,86.000,1,84.000,3,260.000,70,261.000,29,265.000,9,320.000,1,400.000,1,0,30,
111340866000,250.000,5,246.000,29,245.000,40,243.000,9,86.000,1,84.000,3,260.000,49,261.000,29,265.000,9,320.000,1,400.000,1,0,30,
111340866000,250.000,5,246.000,50,245.000,40,243.000,9,86.000,1,84.000,3,260.000,70,261.000,29,265.000,9,320.000,1,400.000,1,0,30,
111340872000,250.000,5,246.000,30,245.000,40,243.000,9,86.000,1,84.000,3,260.000,70,261.000,9,265.000,9,320.000,1,400.000,1,0,30,
111340872000,250.000,5,247.000,20,246.000,30,245.000,40,243.000,9,86.000,1,260.000,70,261.000,9,262.000,20,265.000,9,320.000,1,0,30,
111340874000,250.000,5,247.000,29,246.000,30,245.000,40,243.000,9,86.000,1,260.000,70,261.000,9,262.000,20,265.000,9,320.000,1,0,30,
111341939000,250.000,5,247.000,29,246.000,9,245.000,40,243.000,9,86.000,1,260.000,49,261.000,9,262.000,20,265.000,9,320.000,1,0,30,
111341939000,250.000,5,247.000,50,246.000,9,245.000,40,243.000,9,86.000,1,260.000,70,261.000,9,262.000,20,265.000,9,320.000,1,0,30,
111343971000,250.000,5,247.000,29,246.000,9,245.000,40,243.000,9,86.000,1,260.000,49,261.000,9,262.000,20,265.000,9,320.000,1,0,30,
111343971000,250.000,5,247.000,29,246.000,30,245.000,40,243.000,9,86.000,1,260.000,70,261.000,9,262.000,20,265.000,9,320.000,1,0,30,
111343994000,250.000,5,247.000,9,246.000,30,245.000,40,243.000,9,86.000,1,260.000,70,261.000,9,265.000,9,320.000,1,400.000,1,0,30,
111343994000,250.000,5,247.000,9,246.000,50,245.000,40,243.000,9,86.000,1,260.000,70,261.000,29,265.000,9,320.000,1,400.000,1,0,30,
111343994000,250.000,5,246.000,50,245.000,40,243.000,9,86.000,1,84.000,3,260.000,70,261.000,29,265.000,9,320.000,1,400.000,1,0,30,
111344009000,250.000,5,246.000,29,245.000,40,243.000,9,86.000,1,84.000,3,260.000,49,261.000,29,265.000,9,320.000,1,400.000,1,0,30,
111344009000,250.000,5,246.000,29,245.000,61,243.000,9,86.000,1,84.000,3,260.000,70,261.000,29,265.000,9,320.000,1,400.000,1,0,30,
111344618000,250.000,5,246.000,9,245.000,61,243.000,9,86.000,1,84.000,3,260.000,70,261.000,9,265.000,9,320.000,1,400.000,1,0,30,
111344618000,250.000,5,246.000,9,245.000,81,243.000,9,86.000,1,84.000,3,260.000,90,261.000,9,265.000,9,320.000,1,400.000,1,0,30,
111344618000,250.000,5,246.000,9,245.000,90,243.000,9,86.000,1,84.000,3,260.000,90,261.000,9,265.000,9,320.000,1,400.000,1,0,30,
111344618000,250.000,5,245.000,90,243.000,9,86.000,1,84.000,3,39.000,20,260.000,90,261.000,9,265.000,9,320.000,1,400.000,1,0,30,
111345081000,250.000,5,245.000,69,243.000,9,86.000,1,84.000,3,39.000,20,260.000,69,261.000,9,265.000,9,320.000,1,400.000,1,0,30,
111345081000,250.000,5,246.000,21,245.000,69,243.000,9,86.000,1,84.000,3,260.000,90,261.000,9,265.000,9,320.000,1,400.000,1,0,30,
111345454000,250.000,5,245.000,69,243.000,9,86.000,1,84.000,3,39.000,20,260.000,69,261.000,9,265.000,9,320.000,1,400.000,1,0,30,
111345454000,250.000,5,245.000,90,243.000,9,86.000,1,84.000,3,39.000,20,260.000,90,261.000,9,265.000,9,320.000,1,400.000,1,0,30,
111345493000,250.000,5,245.000,70,243.000,9,86.000,1,84.000,3,39.000,20,260.000,70,261.000,9,265.000,9,320.000,1,400.000,1,0,30,
111345493000,250.000,5,246.000,20,245.000,70,243.000,9,86.000,1,84.000,3,260.000,70,261.000,29,265.000,9,320.000,1,400.000,1,0,30,
111346160000,250.000,5,246.000,29,245.000,70,243.000,9,86.000,1,84.000,3,260.000,70,261.000,29,265.000,9,320.000,1,400.000,1,0,30,
111346368000,250.000,5,246.000,9,245.000,70,243.000,9,86.000,1,84.000,3,260.000,70,261.000,9,265.000,9,320.000,1,400.000,1,0,30,
111346368000,250.000,5,247.000,20,246.000,9,245.000,70,243.000,9,86.000,1,260.000,70,261.000,9,262.000,20,265.000,9,320.000,1,0,30,
111346368000,250.000,5,247.000,20,245.000,70,243.000,9,86.000,1,84.000,3,260.000,70,261.000,9,262.000,20,265.000,9,320.000,1,0,30,
111346369000,250.000,5,247.000,29,245.000,70,243.000,9,86.000,1,84.000,3,260.000,70,261.000,9,262.000,20,265.000,9,320.000,1,0,30,
111346454000,250.000,5,247.000,29,245.000,49,243.000,9,86.000,1,84.000,3,260.000,49,261.000,9,262.000,20,265.000,9,320.000,1,0,30,
111346454000,250.000,5,247.000,29,246.000,21,245.000,49,243.000,9,86.000,1,260.000,70,261.000,9,262.000,20,265.000,9,320.000,1,0,30,
111350871000,250.000,5,247.000,9,246.000,21,245.000,49,243.000,9,86.000,1,260.000,70,261.000,9,265.000,9,320.000,1,400.000,1,0,30,
111350871000,250.000,5,247.000,9,246.000,41,245.000,49,243.000,9,86.000,1,260.000,70,261.000,29,265.000,9,320.000,1,400.000,1,0,30,
111350872000,250.000,5,246.000,41,245.000,49,243.000,9,86.000,1,84.000,3,260.000,70,261.000,29,265.000,9,320.000,1,400.000,1,0,30,
111350872000,250.000,5,246.000,50,245.000,49,243.000,9,86.000,1,84.000,3,260.000,70,261.000,29,265.000,9,320.000,1,400.000,1,0,30,
111351009000,250.000,5,246.000,29,245.000,49,243.000,9,86.000,1,84.000,3,260.000,49,261.000,29,265.000,9,320.000,1,400.000,1,0,30,
111351009000,250.000,5,246.000,29,245.000,70,243.000,9,86.000,1,84.000,3,260.000,70,261.000,29,265.000,9,320.000,1,400.000,1,0,30,
111351070000,250.000,5,246.000,29,245.000,50,243.000,9,86.000,1,84.000,3,260.000,50,261.000,29,265.000,9,320.000,1,400.000,1,0,30,
111351118000,250.000,5,246.000,9,245.000,50,243.000,9,86.000,1,84.000,3,260.000,50,261.000,9,265.000,9,320.000,1,400.000,1,0,30,
111351118000,250.000,5,246.000,9,245.000,70,243.000,9,86.000,1,84.000,3,260.000,70,261.000,9,265.000,9,320.000,1,400.000,1,0,30,
111351118000,250.000,5,245.000,70,243.000,9,86.000,1,84.000,3,39.000,20,260.000,70,261.000,9,265.000,9,320.000,1,400.000,1,0,30,
111351305000,250.000,5,245.000,90,243.000,9,86.000,1,84.000,3,39.000,20,260.000,90,261.000,9,265.000,9,320.000,1,400.000,1,0,30,
111351368000,250.000,5,245.000,70,243.000,9,86.000,1,84.000,3,39.000,20,260.000,70,261.000,9,265.000,9,320.000,1,400.000,1,0,30,
111351368000,250.000,5,246.000,20,245.000,70,243.000,9,86.000,1,84.000,3,260.000,70,261.000,29,265.000,9,320.000,1,400.000,1,0,30,
111351369000,250.000,5,246.000,20,245.000,50,243.000,9,86.000,1,84.000,3,260.000,50,261.000,29,265.000,9,320.000,1,400.000,1,0,30,
111352604000,250.000,5,246.000,29,245.000,50,243.000,9,86.000,1,84.000,3,260.000,50,261.000,29,265.000,9,320.000,1,400.000,1,0,30,
111352994000,250.000,5,246.000,29,245.000,70,243.000,9,86.000,1,84.000,3,260.000,70,261.000,29,265.000,9,320.000,1,400.000,1,0,30,
111353870000,250.000,5,246.000,9,245.000,70,243.000,9,86.000,1,84.000,3,260.000,70,261.000,9,265.000,9,320.000,1,400.000,1,0,30,
111353870000,250.000,5,246.000,9,245.000,90,243.000,9,86.000,1,84.000,3,260.000,90,261.000,9,265.000,9,320.000,1,400.000,1,0,30,
111353872000,250.000,5,245.000,90,243.000,9,86.000,1,84.000,3,39.000,20,260.000,90,261.000,9,265.000,9,320.000,1,400.000,1,0,30,
111353875000,250.000,5,245.000,90,86.000,1,84.000,3,39.000,20,22.500,20,260.000,90,261.000,9,265.000,9,320.000,1,400.000,1,0,30,
111353891000,250.000,5,245.000,70,86.000,1,84.000,3,39.000,20,22.500,20,260.000,70,261.000,9,265.000,9,320.000,1,400.000,1,0,30,
111353998000,250.000,5,245.000,70,241.000,9,86.000,1,84.000,3,39.000,20,260.000,70,261.000,9,265.000,9,320.000,1,400.000,1,0,30,
111355060000,250.000,5,245.000,90,241.000,9,86.000,1,84.000,3,39.000,20,260.000,90,261.000,9,265.000,9,320.000,1,400.000,1,0,30,
111355664000,250.000,5,245.000,70,241.000,9,86.000,1,84.000,3,39.000,20,260.000,70,261.000,9,265.000,9,320.000,1,400.000,1,0,30,
111356014000,250.000,5,245.000,49,241.000,9,86.000,1,84.000,3,39.000,20,260.000,49,261.000,9,265.000,9,320.000,1,400.000,1,0,30,
111356014000,250.000,5,246.000,21,245.000,49,241.000,9,86.000,1,84.000,3,260.000,70,261.000,9,265.000,9,320.000,1,400.000,1,0,30,
111356015000,250.000,5,246.000,30,245.000,49,241.000,9,86.000,1,84.000,3,260.000,70,261.000,9,265.000,9,320.000,1,400.000,1,0,30,
111356095000,250.000,5,246.000,30,245.000,69,241.000,9,86.000,1,84.000,3,260.000,90,261.000,9,265.000,9,320.000,1,400.000,1,0,30,
111358096000,250.000,5,246.000,30,245.000,49,241.000,9,86.000,1,84.000,3,260.000,70,261.000,9,265.000,9,320.000,1,400.000,1,0,30,
111401230000,250.000,5,246.000,30,245.000,69,241.000,9,86.000,1,84.000,3,260.000,90,261.000,9,265.000,9,320.000,1,400.000,1,0,30,
111401754000,250.000,5,246.000,30,245.000,49,241.000,9,86.000,1,84.000,3,260.000,70,261.000,9,265.000,9,320.000,1,400.000,1,0,30,
111403069000,250.000,5,246.000,30,245.000,49,86.000,1,84.000,3,39.000,20,260.000,70,261.000,9,265.000,9,320.000,1,400.000,1,0,30,
111403070000,250.000,5,246.000,30,245.000,49,243.000,9,86.000,1,84.000,3,260.000,70,261.000,9,265.000,9,320.000,1,400.000,1,0,30,
111403120000,250.000,5,246.000,30,245.000,29,243.000,9,86.000,1,84.000,3,260.000,50,261.000,9,265.000,9,320.000,1,400.000,1,0,30,
111403120000,250.000,5,246.000,50,245.000,29,243.000,9,86.000,1,84.000,3,260.000,50,261.000,29,265.000,9,320.000,1,400.000,1,0,30,
111404368000,250.000,5,246.000,30,245.000,29,243.000,9,86.000,1,84.000,3,260.000,50,261.000,9,265.000,9,320.000,1,400.000,1,0,30,
111404368000,250.000,5,246.000,30,245.000,49,243.000,9,86.000,1,84.000,3,260.000,70,261.000,9,265.000,9,320.000,1,400.000,1,0,30,
111406184000,250.000,5,246.000,9,245.000,49,243.000,9,86.000,1,84.000,3,260.000,49,261.000,9,265.000,9,320.000,1,400.000,1,0,30,
111406184000,250.000,5,246.000,9,245.000,70,243.000,9,86.000,1,84.000,3,260.000,70,261.000,9,265.000,9,320.000,1,400.000,1,0,30,
111406185000,250.000,5,245.000,70,243.000,9,86.000,1,84.000,3,39.000,20,260.000,70,261.000,9,265.000,9,320.000,1,400.000,1,0,30,
111406259000,250.000,5,245.000,90,243.000,9,86.000,1,84.000,3,39.000,20,260.000,90,261.000,9,265.000,9,320.000,1,400.000,1,0,30,
111406296000,250.000,5,245.000,70,243.000,9,86.000,1,84.000,3,39.000,20,260.000,70,261.000,9,265.000,9,320.000,1,400.000,1,0,30,
111406493000,250.000,5,245.000,50,243.000,9,86.000,1,84.000,3,39.000,20,260.000,50,261.000,9,265.000,9,320.000,1,400.000,1,0,30,
111406493000,250.000,5,245.000,50,244.000,20,243.000,9,86.000,1,84.000,3,259.000,20,260.000,50,261.000,9,265.000,9,320.000,1,0,30,
111406493000,250.000,5,245.000,50,244.000,20,243.000,9,86.000,1,84.000,3,259.000,29,260.000,50,261.000,9,265.000,9,320.000,1,0,30,
111406505000,250.000,5,245.000,50,244.000,20,243.000,9,86.000,1,84.000,3,259.000,29,260.000,50,265.000,9,320.000,1,400.000,1,0,30,
111407207000,250.000,5,245.000,29,244.000,20,243.000,9,86.000,1,84.000,3,259.000,29,260.000,29,265.000,9,320.000,1,400.000,1,0,30,
111407207000,250.000,5,245.000,50,244.000,20,243.000,9,86.000,1,84.000,3,258.000,21,259.000,29,260.000,29,265.000,9,320.000,1,0,30,
111407207000,250.000,5,245.000,50,244.000,20,243.000,9,86.000,1,84.000,3,258.000,30,259.000,29,260.000,29,265.000,9,320.000,1,0,30,
111407271000,250.000,5,245.000,50,244.000,20,243.000,29,86.000,1,84.000,3,258.000,50,259.000,29,260.000,29,265.000,9,320.000,1,0,30,
111407480000,250.000,5,245.000,30,244.000,20,243.000,29,86.000,1,84.000,3,258.000,50,259.000,29,260.000,9,265.000,9,320.000,1,0,30,
111407505000,250.000,5,245.000,30,244.000,20,243.000,49,86.000,1,84.000,3,258.000,70,259.000,29,260.000,9,265.000,9,320.000,1,0,30,
111407505000,250.000,5,245.000,30,244.000,20,243.000,49,86.000,1,84.000,3,258.000,70,259.000,29,265.000,9,320.000,1,400.000,1,0,30,
111408744000,250.000,5,245.000,30,243.000,49,86.000,1,84.000,3,39.000,20,258.000,70,259.000,9,265.000,9,320.000,1,400.000,1,0,30,
111408744000,250.000,5,245.000,50,243.000,49,86.000,1,84.000,3,39.000,20,258.000,70,259.000,9,260.000,20,265.000,9,320.000,1,0,30,
111409020000,250.000,5,245.000,29,243.000,49,86.000,1,84.000,3,39.000,20,258.000,49,259.000,9,260.000,20,265.000,9,320.000,1,0,30,
111409020000,250.000,5,246.000,21,245.000,29,243.000,49,86.000,1,84.000,3,258.000,70,259.000,9,260.000,20,265.000,9,320.000,1,0,30,
111409468000,250.000,5,246.000,30,245.000,29,243.000,49,86.000,1,84.000,3,258.000,70,259.000,9,260.000,20,265.000,9,320.000,1,0,30,
111412489000,250.000,5,246.000,30,245.000,29,243.000,29,86.000,1,84.000,3,258.000,50,259.000,9,260.000,20,265.000,9,320.000,1,0,30,
111412575000,250.000,5,246.000,30,245.000,29,244.000,20,243.000,29,86.000,1,258.000,50,259.000,29,260.000,20,265.000,9,320.000,1,0,30,
111416088000,250.000,5,246.000,9,245.000,29,244.000,20,243.000,29,86.000,1,258.000,29,259.000,29,260.000,20,265.000,9,320.000,1,0,30,
111416088000,250.000,5,246.000,9,245.000,50,244.000,20,243.000,29,86.000,1,258.000,50,259.000,29,260.000,20,265.000,9,320.000,1,0,30,
111416088000,250.000,5,245.000,50,244.000,20,243.000,29,86.000,1,84.000,3,258.000,50,259.000,29,260.000,20,265.000,9,320.000,1,0,30,
111421108000,250.000,5,245.000,29,244.000,20,243.000,29,86.000,1,84.000,3,258.000,29,259.000,29,260.000,20,265.000,9,320.000,1,0,30,
111421108000,250.000,5,246.000,21,245.000,29,244.000,20,243.000,29,86.000,1,258.000,50,259.000,29,260.000,20,265.000,9,320.000,1,0,30,
111421109000,250.000,5,246.000,30,245.000,29,244.000,20,243.000,29,86.000,1,258.000,50,259.000,29,260.000,20,265.000,9,320.000,1,0,30,
111422025000,250.000,5,246.000,9,245.000,29,244.000,20,243.000,29,86.000,1,258.000,29,259.000,29,260.000,20,265.000,9,320.000,1,0,30,
111422025000,250.000,5,246.000,9,245.000,50,244.000,20,243.000,29,86.000,1,258.000,50,259.000,29,260.000,20,265.000,9,320.000,1,0,30,
111422026000,250.000,5,245.000,50,244.000,20,243.000,29,86.000,1,84.000,3,258.000,50,259.000,29,260.000,20,265.000,9,320.000,1,0,30,
111423885000,250.000,5,245.000,50,244.000,20,243.000,29,86.000,1,84.000,3,258.000,50,259.000,29,260.000,20,320.000,1,400.000,1,0,30,
111423885000,250.000,5,245.000,50,244.000,20,243.000,29,86.000,1,84.000,3,257.000,9,258.000,50,259.000,29,260.000,20,320.000,1,0,30,
111423886000,250.000,5,245.000,50,244.000,20,243.000,29,86.000,1,84.000,3,257.000,18,258.000,50,259.000,29,260.000,20,320.000,1,0,30,
111424005000,250.000,5,245.000,50,244.000,20,243.000,29,86.000,1,84.000,3,257.000,18,258.000,50,259.000,20,260.000,20,320.000,1,0,30,
111424026000,250.000,5,245.000,29,244.000,20,243.000,29,86.000,1,84.000,3,257.000,18,258.000,29,259.000,20,260.000,20,320.000,1,0,30,
111424026000,250.000,5,245.000,50,244.000,20,243.000,29,86.000,1,84.000,3,256.000,21,257.000,18,258.000,29,259.000,20,260.000,20,0,30,
111424026000,250.000,5,245.000,50,244.000,20,243.000,29,86.000,1,84.000,3,256.000,30,257.000,18,258.000,29,259.000,20,260.000,20,0,30,
111424505000,250.000,5,245.000,50,244.000,20,243.000,29,86.000,1,84.000,3,256.000,30,257.000,18,258.000,20,259.000,20,260.000,20,0,30,
111425027000,250.000,5,245.000,29,244.000,20,243.000,29,86.000,1,84.000,3,256.000,9,257.000,18,258.000,20,259.000,20,260.000,20,0,30,
111425027000,250.000,5,246.000,21,245.000,29,244.000,20,243.000,29,86.000,1,256.000,30,257.000,18,258.000,20,259.000,20,260.000,20,0,30,
111425027000,250.000,5,246.000,30,245.000,29,244.000,20,243.000,29,86.000,1,256.000,30,257.000,18,258.000,20,259.000,20,260.000,20,0,30,
111425027000,250.000,5,246.000,30,245.000,29,244.000,20,243.000,29,86.000,1,256.000,21,257.000,18,258.000,20,259.000,20,260.000,20,0,30,
111425027000,250.000,5,246.000,30,245.000,29,244.000,20,243.000,29,86.000,1,256.000,30,257.000,18,258.000,20,259.000,20,260.000,20,0,30,
111427618000,250.000,5,246.000,30,245.000,9,244.000,20,243.000,29,86.000,1,256.000,30,257.000,18,258.000,20,259.000,20,320.000,1,0,30,
111427618000,250.000,5,246.000,50,245.000,9,244.000,20,243.000,29,86.000,1,256.000,30,257.000,18,258.000,20,259.000,20,261.000,20,0,30,
111429504000,250.000,5,246.000,50,245.000,9,243.000,29,86.000,1,84.000,3,256.000,30,257.000,18,258.000,20,261.000,20,320.000,1,0,30,
111429557000,250.000,5,246.000,50,245.000,9,244.000,20,243.000,29,86.000,1,256.000,30,257.000,18,258.000,20,259.000,20,261.000,20,0,30,
111431993000,250.000,5,246.000,30,245.000,9,244.000,20,243.000,29,86.000,1,256.000,30,257.000,18,258.000,20,259.000,20,320.000,1,0,30,
111431993000,250.000,5,247.000,20,246.000,30,245.000,9,244.000,20,243.000,29,256.000,30,257.000,18,258.000,20,259.000,20,262.000,20,0,30,
111431993000,250.000,5,247.000,29,246.000,30,245.000,9,244.000,20,243.000,29,256.000,30,257.000,18,258.000,20,259.000,20,262.000,20,0,30,
111432005000,250.000,5,247.000,29,246.000,30,244.000,20,243.000,29,86.000,1,256.000,30,257.000,18,258.000,20,259.000,20,262.000,20,0,30,
111432030000,250.000,5,247.000,29,246.000,9,244.000,20,243.000,29,86.000,1,256.000,9,257.000,18,258.000,20,259.000,20,262.000,20,0,30,
111432030000,250.000,5,247.000,50,246.000,9,244.000,20,243.000,29,86.000,1,256.000,30,257.000,18,258.000,20,259.000,20,262.000,20,0,30,
111432030000,250.000,5,247.000,50,246.000,9,244.000,20,243.000,29,86.000,1,256.000,21,257.000,18,258.000,20,259.000,20,262.000,20,0,30,
111432030000,250.000,5,247.000,50,246.000,9,244.000,20,243.000,29,86.000,1,256.000,30,257.000,18,258.000,20,259.000,20,262.000,20,0,30,
111433520000,250.000,5,247.000,29,246.000,9,244.000,20,243.000,29,86.000,1,256.000,9,257.000,18,258.000,20,259.000,20,262.000,20,0,30,
111433520000,250.000,5,247.000,29,246.000,30,244.000,20,243.000,29,86.000,1,256.000,30,257.000,18,258.000,20,259.000,20,262.000,20,0,30,
111433520000,250.000,5,247.000,29,246.000,30,244.000,20,243.000,29,86.000,1,256.000,21,257.000,18,258.000,20,259.000,20,262.000,20,0,30,
111433520000,250.000,5,247.000,29,246.000,30,244.000,20,243.000,29,86.000,1,256.000,30,257.000,18,258.000,20,259.000,20,262.000,20,0,30,
111434494000,250.000,5,247.000,9,246.000,30,244.000,20,243.000,29,86.000,1,256.000,30,257.000,18,258.000,20,259.000,20,320.000,1,0,30,
111434494000,250.000,5,247.000,9,246.000,50,244.000,20,243.000,29,86.000,1,256.000,30,257.000,18,258.000,20,259.000,20,261.000,20,0,30,
111434494000,250.000,5,246.000,50,244.000,20,243.000,29,86.000,1,84.000,3,256.000,30,257.000,18,258.000,20,259.000,20,261.000,20,0,30,
111441242000,250.000,5,246.000,30,244.000,20,243.000,29,86.000,1,84.000,3,256.000,30,257.000,18,258.000,20,259.000,20,320.000,1,0,30,
111441243000,250.000,5,247.000,20,246.000,30,244.000,20,243.000,29,86.000,1,256.000,30,257.000,18,258.000,20,259.000,20,262.000,20,0,30,
111441577000,250.000,5,247.000,29,246.000,30,244.000,20,243.000,29,86.000,1,256.000,30,257.000,18,258.000,20,259.000,20,262.000,20,0,30,
111441958000,250.000,5,247.000,29,246.000,9,244.000,20,243.000,29,86.000,1,256.000,9,257.000,18,258.000,20,259.000,20,262.000,20,0,30,
111441958000,250.000,5,247.000,50,246.000,9,244.000,20,243.000,29,86.000,1,256.000,30,257.000,18,258.000,20,259.000,20,262.000,20,0,30,
111441958000,250.000,5,247.000,50,246.000,9,244.000,20,243.000,29,86.000,1,256.000,21,257.000,18,258.000,20,259.000,20,262.000,20,0,30,
111441959000,250.000,5,247.000,50,246.000,9,244.000,20,243.000,29,86.000,1,256.000,30,257.000,18,258.000,20,259.000,20,262.000,20,0,30,
111441962000,250.000,5,247.000,50,246.000,9,243.000,29,86.000,1,84.000,3,256.000,30,257.000,18,258.000,20,262.000,20,320.000,1,0,30,
111442029000,250.000,5,247.000,50,246.000,9,244.000,20,243.000,29,86.000,1,256.000,30,257.000,18,258.000,20,259.000,20,262.000,20,0,30,
111442493000,250.000,5,247.000,30,246.000,9,244.000,20,243.000,29,86.000,1,256.000,30,257.000,18,258.000,20,259.000,20,320.000,1,0,30,
111442493000,250.000,5,248.000,20,247.000,30,246.000,9,244.000,20,243.000,29,256.000,30,257.000,18,258.000,20,259.000,20,263.000,20,0,30,
111442493000,250.000,5,248.000,29,247.000,30,246.000,9,244.000,20,243.000,29,256.000,30,257.000,18,258.000,20,259.000,20,263.000,20,0,30,
111442505000,250.000,5,248.000,29,247.000,30,244.000,20,243.000,29,86.000,1,256.000,30,257.000,18,258.000,20,259.000,20,263.000,20,0,30,
111448493000,250.000,5,248.000,9,247.000,30,244.000,20,243.000,29,86.000,1,256.000,30,257.000,18,258.000,20,259.000,20,320.000,1,0,30,
111448493000,250.000,5,248.000,9,247.000,50,244.000,20,243.000,29,86.000,1,256.000,30,257.000,18,258.000,20,259.000,20,262.000,20,0,30,
111448493000,250.000,5,247.000,50,244.000,20,243.000,29,86.000,1,84.000,3,256.000,30,257.000,18,258.000,20,259.000,20,262.000,20,0,30,
111449783000,250.000,5,247.000,50,243.000,29,86.000,1,84.000,3,39.000,20,256.000,30,257.000,18,258.000,20,262.000,20,320.000,1,0,30,
111450096000,250.000,5,247.000,50,243.000,49,86.000,1,84.000,3,39.000,20,256.000,30,257.000,18,258.000,40,262.000,20,320.000,1,0,30,
111456177000,250.000,5,247.000,50,243.000,49,86.000,1,84.000,3,39.000,20,256.000,30,257.000,9,258.000,40,262.000,20,320.000,1,0,30,
111456243000,250.000,5,247.000,30,243.000,49,86.000,1,84.000,3,39.000,20,256.000,30,257.000,9,258.000,40,320.000,1,400.000,1,0,30,
111456243000,250.000,5,248.000,20,247.000,30,243.000,49,86.000,1,84.000,3,256.000,30,257.000,9,258.000,40,263.000,20,320.000,1,0,30,
111456244000,250.000,5,248.000,29,247.000,30,243.000,49,86.000,1,84.000,3,256.000,30,257.000,9,258.000,40,263.000,20,320.000,1,0,30,
111456301000,250.000,5,248.000,29,247.000,30,243.000,49,86.000,1,84.000,3,256.000,30,257.000,9,258.000,40,259.000,9,263.000,20,0,30,
111458416000,250.000,5,248.000,29,247.000,30,243.000,29,86.000,1,84.000,3,256.000,30,257.000,9,258.000,20,259.000,9,263.000,20,0,30,
111458618000,250.000,5,248.000,9,247.000,30,243.000,29,86.000,1,84.000,3,256.000,30,257.000,9,258.000,20,259.000,9,320.000,1,0,30,
111458618000,250.000,5,249.000,20,248.000,9,247.000,30,243.000,29,86.000,1,256.000,30,257.000,9,258.000,20,259.000,9,264.000,20,0,30,
111458618000,250.000,5,249.000,20,247.000,30,243.000,29,86.000,1,84.000,3,256.000,30,257.000,9,258.000,20,259.000,9,264.000,20,0,30,
111458634000,250.000,5,249.000,20,247.000,30,245.000,20,243.000,29,86.000,1,256.000,30,257.000,9,258.000,20,259.000,9,260.000,20,0,30,
111459232000,250.000,5,249.000,29,247.000,30,245.000,20,243.000,29,86.000,1,256.000,30,257.000,9,258.000,20,259.000,9,260.000,20,0,30,
111459233000,250.000,5,249.000,29,247.000,9,245.000,20,243.000,29,86.000,1,256.000,9,257.000,9,258.000,20,259.000,9,260.000,20,0,30,
111459233000,250.000,5,249.000,29,248.000,21,247.000,9,245.000,20,243.000,29,256.000,30,257.000,9,258.000,20,259.000,9,260.000,20,0,30,
111459233000,250.000,5,249.000,29,248.000,21,247.000,9,245.000,20,243.000,29,256.000,30,257.000,9,258.000,29,259.000,9,260.000,20,0,30,
111459234000,250.000,5,249.000,29,248.000,21,247.000,9,245.000,20,243.000,29,256.000,21,257.000,9,258.000,29,259.000,9,260.000,20,0,30,
111459234000,250.000,5,249.000,29,248.000,21,247.000,9,245.000,20,243.000,29,256.000,30,257.000,9,258.000,29,259.000,9,260.000,20,0,30,
111500006000,250.000,5,249.000,29,248.000,21,247.000,9,245.000,20,243.000,29,256.000,30,257.000,9,258.000,20,259.000,9,260.000,20,0,30,
111500210000,250.000,5,249.000,29,248.000,21,247.000,9,245.000,20,243.000,20,256.000,30,257.000,9,258.000,20,259.000,9,260.000,20,0,30,
111500210000,250.000,5,249.000,29,248.000,21,247.000,9,245.000,29,243.000,20,256.000,30,257.000,9,258.000,20,259.000,9,260.000,20,0,30,
111500424000,250.000,5,249.000,29,248.000,21,247.000,9,245.000,29,86.000,1,256.000,30,257.000,9,259.000,9,260.000,20,264.000,20,0,30,
111500424000,250.000,5,249.000,29,247.000,9,245.000,29,86.000,1,84.000,3,256.000,9,257.000,9,259.000,9,260.000,20,264.000,20,0,30,
111500424000,250.000,5,249.000,50,247.000,9,245.000,29,86.000,1,84.000,3,256.000,9,257.000,30,259.000,9,260.000,20,264.000,20,0,30,
111500426000,250.000,5,249.000,50,247.000,9,245.000,29,86.000,1,84.000,3,257.000,30,259.000,9,260.000,20,264.000,20,320.000,1,0,30,
111500457000,250.000,5,249.000,30,247.000,9,245.000,29,86.000,1,84.000,3,257.000,30,259.000,9,260.000,20,320.000,1,400.000,1,0,30,
111500457000,250.000,5,250.000,20,249.000,30,247.000,9,245.000,29,86.000,1,257.000,30,259.000,9,260.000,20,270.000,20,320.000,1,0,30,
111500457000,250.000,5,250.000,29,249.000,30,247.000,9,245.000,29,86.000,1,257.000,30,259.000,9,260.000,20,270.000,20,320.000,1,0,30,
111500459000,250.000,5,250.000,29,249.000,30,247.000,9,245.000,9,86.000,1,257.000,30,259.000,9,270.000,20,320.000,1,400.000,1,0,30,
111500505000,250.000,5,250.000,29,249.000,30,245.000,9,86.000,1,84.000,3,257.000,30,259.000,9,270.000,20,320.000,1,400.000,1,0,30,
111500505000,250.000,5,250.000,29,249.000,30,245.000,29,86.000,1,84.000,3,257.000,30,259.000,9,260.000,20,270.000,20,320.000,1,0,30,
111500614000,250.000,5,250.000,29,249.000,30,245.000,29,86.000,1,84.000,3,257.000,30,260.000,20,270.000,20,320.000,1,400.000,1,0,30,
111501310000,250.000,5,250.000,29,249.000,30,245.000,29,86.000,1,84.000,3,257.000,30,260.000,20,261.000,9,270.000,20,320.000,1,0,30,
111502022000,250.000,5,250.000,20,249.000,30,245.000,29,86.000,1,84.000,3,257.000,30,260.000,20,261.000,9,270.000,20,320.000,1,0,30,
111502023000,250.000,5,250.000,20,249.000,30,245.000,9,86.000,1,84.000,3,257.000,30,261.000,9,270.000,20,320.000,1,400.000,1,0,30,
111502023000,250.000,5,250.000,20,249.000,21,245.000,9,86.000,1,84.000,3,257.000,30,261.000,9,270.000,20,320.000,1,400.000,1,0,30,
111502028000,250.000,5,250.000,20,249.000,21,245.000,9,242.000,20,86.000,1,257.000,30,261.000,9,270.000,20,320.000,1,400.000,1,0,30,
111502031000,250.000,5,249.000,21,245.000,9,242.000,20,86.000,1,84.000,3,257.000,30,261.000,9,320.000,1,400.000,1,414.000,1,0,30,
111502032000,250.000,5,249.000,21,245.000,9,242.000,20,241.000,20,86.000,1,257.000,30,261.000,9,320.000,1,400.000,1,414.000,1,0,30,
111502032000,250.000,5,249.000,21,245.000,9,242.000,20,241.000,20,86.000,1,257.000,30,261.000,9,272.000,20,320.000,1,400.000,1,0,30,
111502033000,250.000,5,249.000,21,245.000,9,242.000,20,241.000,20,86.000,1,257.000,30,272.000,20,320.000,1,400.000,1,414.000,1,0,30,
111502034000,250.000,5,249.000,21,245.000,9,242.000,20,241.000,20,86.000,1,257.000,30,271.000,20,272.000,20,320.000,1,400.000,1,0,30,
111502034000,250.000,5,249.000,21,245.000,9,242.000,20,241.000,20,86.000,1,257.000,30,271.000,20,272.000,40,320.000,1,400.000,1,0,30,
111502034000,250.000,5,249.000,21,245.000,9,242.000,40,241.000,20,86.000,1,257.000,30,271.000,20,272.000,40,320.000,1,400.000,1,0,30,
111502036000,250.000,5,249.000,21,245.000,9,242.000,40,241.000,20,86.000,1,257.000,30,259.000,9,271.000,20,272.000,40,320.000,1,0,30,
111502534000,250.000,5,245.000,9,242.000,40,241.000,20,86.000,1,84.000,3,257.000,9,259.000,9,271.000,20,272.000,40,320.000,1,0,30,
111502534000,250.000,5,246.000,21,245.000,9,242.000,40,241.000,20,86.000,1,256.000,21,257.000,9,259.000,9,271.000,20,272.000,40,0,30,
111502534000,250.000,5,246.000,21,245.000,9,242.000,40,241.000,20,86.000,1,256.000,21,259.000,9,271.000,20,272.000,40,320.000,1,0,30,
111502566000,250.000,5,246.000,21,245.000,9,242.000,40,241.000,20,86.000,1,256.000,30,259.000,9,271.000,20,272.000,40,320.000,1,0,30,
111502566000,250.000,5,246.000,30,245.000,9,242.000,40,241.000,20,86.000,1,256.000,30,259.000,9,271.000,20,272.000,40,320.000,1,0,30,
111502660000,250.000,5,246.000,30,245.000,9,243.000,20,242.000,40,241.000,20,256.000,30,258.000,20,259.000,9,271.000,20,272.000,40,0,30,
111503027000,250.000,5,246.000,30,245.000,9,243.000,20,242.000,20,241.000,20,256.000,30,258.000,20,259.000,9,271.000,20,272.000,40,0,30,
111503037000,250.000,5,246.000,30,245.000,9,243.000,20,242.000,20,86.000,1,256.000,30,258.000,20,259.000,9,271.000,20,272.000,40,0,30,
111503037000,250.000,5,246.000,30,245.000,9,243.000,20,242.000,20,86.000,1,256.000,30,258.000,20,259.000,9,271.000,20,272.000,20,0,30,
111503038000,250.000,5,246.000,30,245.000,9,243.000,20,242.000,20,86.000,1,256.000,30,258.000,20,259.000,9,272.000,20,320.000,1,0,30,
111503039000,250.000,5,246.000,30,245.000,9,243.000,20,242.000,20,86.000,1,256.000,30,258.000,20,259.000,9,320.000,1,400.000,1,0,30,
111503039000,250.000,5,246.000,30,245.000,9,243.000,20,86.000,1,84.000,3,256.000,30,258.000,20,259.000,9,320.000,1,400.000,1,0,30,
111505279000,250.000,5,246.000,30,245.000,9,244.000,20,243.000,20,86.000,1,256.000,30,258.000,20,259.000,29,320.000,1,400.000,1,0,30,
111513878000,250.000,5,246.000,30,244.000,20,243.000,20,86.000,1,84.000,3,256.000,30,258.000,20,259.000,29,320.000,1,400.000,1,0,30,
111514000000,250.000,5,246.000,30,244.000,20,243.000,29,86.000,1,84.000,3,256.000,30,258.000,20,259.000,29,320.000,1,400.000,1,0,30,
111515276000,250.000,5,246.000,30,243.000,29,86.000,1,84.000,3,39.000,20,256.000,30,258.000,20,259.000,9,320.000,1,400.000,1,0,30,
111516527000,250.000,5,246.000,30,244.000,20,243.000,29,86.000,1,84.000,3,256.000,30,258.000,20,259.000,29,320.000,1,400.000,1,0,30,
111520812000,250.000,5,246.000,30,244.000,20,243.000,29,86.000,1,84.000,3,256.000,30,258.000,20,259.000,20,320.000,1,400.000,1,0,30,
111520814000,250.000,5,246.000,30,244.000,20,243.000,29,86.000,1,84.000,3,256.000,30,257.000,9,258.000,20,259.000,20,320.000,1,0,30,
111521119000,250.000,5,246.000,9,244.000,20,243.000,29,86.000,1,84.000,3,256.000,9,257.000,9,258.000,20,259.000,20,320.000,1,0,30,
111521119000,250.000,5,246.000,9,245.000,21,244.000,20,243.000,29,86.000,1,256.000,30,257.000,9,258.000,20,259.000,20,320.000,1,0,30,
111521119000,250.000,5,246.000,9,245.000,30,244.000,20,243.000,29,86.000,1,256.000,30,257.000,9,258.000,20,259.000,20,320.000,1,0,30,
111521119000,250.000,5,245.000,30,244.000,20,243.000,29,86.000,1,84.000,3,256.000,30,257.000,9,258.000,20,259.000,20,320.000,1,0,30,
111521782000,250.000,5,245.000,30,244.000,20,243.000,9,86.000,1,84.000,3,256.000,30,257.000,9,259.000,20,320.000,1,400.000,1,0,30,
111522005000,250.000,5,245.000,30,244.000,20,243.000,9,241.000,20,86.000,1,256.000,50,257.000,9,259.000,20,320.000,1,400.000,1,0,30,
111523944000,250.000,5,245.000,30,243.000,9,241.000,20,86.000,1,84.000,3,256.000,50,257.000,9,320.000,1,400.000,1,414.000,1,0,30,
111524052000,250.000,5,245.000,9,243.000,9,241.000,20,86.000,1,84.000,3,256.000,29,257.000,9,320.000,1,400.000,1,414.000,1,0,30,
111524052000,250.000,5,245.000,9,244.000,21,243.000,9,241.000,20,86.000,1,256.000,50,257.000,9,320.000,1,400.000,1,414.000,1,0,30,
111524052000,250.000,5,244.000,21,243.000,9,241.000,20,86.000,1,84.000,3,256.000,50,257.000,9,320.000,1,400.000,1,414.000,1,0,30,
111524540000,250.000,5,244.000,30,243.000,9,241.000,20,86.000,1,84.000,3,256.000,50,257.000,9,320.000,1,400.000,1,414.000,1,0,30,
111525676000,250.000,5,244.000,30,243.000,9,242.000,20,241.000,20,86.000,1,256.000,50,257.000,29,320.000,1,400.000,1,414.000,1,0,30,
111526739000,250.000,5,244.000,30,242.000,20,241.000,20,86.000,1,84.000,3,256.000,50,257.000,29,320.000,1,400.000,1,414.000,1,0,30,
111526855000,250.000,5,244.000,30,242.000,20,241.000,29,86.000,1,84.000,3,256.000,50,257.000,29,320.000,1,400.000,1,414.000,1,0,30,
111529718000,250.000,5,244.000,30,241.000,29,86.000,1,84.000,3,39.000,20,256.000,50,257.000,9,320.000,1,400.000,1,414.000,1,0,30,
111530689000,250.000,5,244.000,9,241.000,29,86.000,1,84.000,3,39.000,20,256.000,29,257.000,9,320.000,1,400.000,1,414.000,1,0,30,
111530689000,250.000,5,244.000,9,243.000,21,241.000,29,86.000,1,84.000,3,256.000,50,257.000,9,320.000,1,400.000,1,414.000,1,0,30,
111530689000,250.000,5,244.000,9,243.000,21,241.000,38,86.000,1,84.000,3,256.000,50,257.000,9,320.000,1,400.000,1,414.000,1,0,30,
111530689000,250.000,5,243.000,21,241.000,38,86.000,1,84.000,3,39.000,20,256.000,50,257.000,9,320.000,1,400.000,1,414.000,1,0,30,
111530689000,250.000,5,243.000,30,241.000,38,86.000,1,84.000,3,39.000,20,256.000,50,257.000,9,320.000,1,400.000,1,414.000,1,0,30,
111532733000,250.000,5,243.000,30,242.000,20,241.000,38,86.000,1,84.000,3,256.000,50,257.000,29,320.000,1,400.000,1,414.000,1,0,30,
111535235000,250.000,5,243.000,30,241.000,38,86.000,1,84.000,3,39.000,20,256.000,50,257.000,9,320.000,1,400.000,1,414.000,1,0,30,
111535793000,250.000,5,243.000,30,242.000,20,241.000,38,86.000,1,84.000,3,256.000,50,257.000,29,320.000,1,400.000,1,414.000,1,0,30,
111555800000,250.000,5,243.000,30,241.000,38,86.000,1,84.000,3,39.000,20,256.000,50,257.000,9,320.000,1,400.000,1,414.000,1,0,30,
111556258000,250.000,5,243.000,30,242.000,20,241.000,38,86.000,1,84.000,3,256.000,50,257.000,29,320.000,1,400.000,1,414.000,1,0,30,
111616300000,250.000,5,243.000,30,241.000,38,86.000,1,84.000,3,39.000,20,256.000,50,257.000,9,320.000,1,400.000,1,414.000,1,0,30,
111616607000,250.000,5,243.000,30,242.000,20,241.000,38,86.000,1,84.000,3,256.000,50,257.000,29,320.000,1,400.000,1,414.000,1,0,30,
111619999000,250.000,5,243.000,30,241.000,38,86.000,1,84.000,3,39.000,20,256.000,50,257.000,9,320.000,1,400.000,1,414.000,1,0,30,
111620683000,250.000,5,243.000,30,242.000,20,241.000,38,86.000,1,84.000,3,256.000,50,257.000,29,320.000,1,400.000,1,414.000,1,0,30,
111622360000,250.000,5,243.000,30,241.000,38,86.000,1,84.000,3,39.000,20,256.000,50,257.000,9,320.000,1,400.000,1,414.000,1,0,30,
111622714000,250.000,5,243.000,30,242.000,20,241.000,38,86.000,1,84.000,3,256.000,50,257.000,29,320.000,1,400.000,1,414.000,1,0,30,
111638247000,250.000,5,243.000,30,241.000,38,86.000,1,84.000,3,39.000,20,256.000,50,257.000,9,320.000,1,400.000,1,414.000,1,0,30,
111638909000,250.000,5,243.000,30,242.000,20,241.000,38,86.000,1,84.000,3,256.000,50,257.000,29,320.000,1,400.000,1,414.000,1,0,30,
111642751000,250.000,5,243.000,30,241.000,38,86.000,1,84.000,3,39.000,20,256.000,50,257.000,9,320.000,1,400.000,1,414.000,1,0,30,
111643012000,250.000,5,243.000,30,242.000,20,241.000,38,86.000,1,84.000,3,256.000,50,257.000,29,320.000,1,400.000,1,414.000,1,0,30,
111643945000,250.000,5,243.000,30,241.000,38,86.000,1,84.000,3,39.000,20,256.000,50,257.000,9,320.000,1,400.000,1,414.000,1,0,30,
111644020000,250.000,5,243.000,30,242.000,20,241.000,38,86.000,1,84.000,3,256.000,50,257.000,29,320.000,1,400.000,1,414.000,1,0,30,
111701532000,250.000,5,243.000,30,241.000,38,86.000,1,84.000,3,39.000,20,256.000,50,257.000,9,320.000,1,400.000,1,414.000,1,0,30,
111702320000,250.000,5,243.000,30,242.000,20,241.000,38,86.000,1,84.000,3,256.000,50,257.000,29,320.000,1,400.000,1,414.000,1,0,30,
111710968000,250.000,5,243.000,30,241.000,38,86.000,1,84.000,3,39.000,20,256.000,50,257.000,9,320.000,1,400.000,1,414.000,1,0,30,
111711506000,250.000,5,243.000,30,242.000,20,241.000,38,86.000,1,84.000,3,256.000,50,257.000,29,320.000,1,400.000,1,414.000,1,0,30,
111726199000,250.000,5,243.000,30,242.000,20,241.000,38,86.000,1,84.000,3,256.000,50,257.000,20,320.000,1,400.000,1,414.000,1,0,30,
111726199000,250.000,5,243.000,30,242.000,20,241.000,38,86.000,1,84.000,3,255.000,9,256.000,50,257.000,20,320.000,1,400.000,1,0,30,
111726199000,250.000,5,243.000,30,242.000,20,241.000,38,86.000,1,84.000,3,255.000,18,256.000,50,257.000,20,320.000,1,400.000,1,0,30,
111727104000,250.000,5,243.000,9,242.000,20,241.000,38,86.000,1,84.000,3,255.000,18,256.000,29,257.000,20,320.000,1,400.000,1,0,30,
111727104000,250.000,5,243.000,30,242.000,20,241.000,38,86.000,1,84.000,3,254.000,21,255.000,18,256.000,29,257.000,20,320.000,1,0,30,
111727105000,250.000,5,243.000,21,242.000,20,241.000,38,86.000,1,84.000,3,254.000,21,255.000,18,256.000,29,257.000,20,320.000,1,0,30,
111727705000,250.000,5,243.000,30,242.000,20,241.000,38,86.000,1,84.000,3,254.000,21,255.000,18,256.000,29,257.000,20,320.000,1,0,30,
111727705000,250.000,5,243.000,30,242.000,20,241.000,38,86.000,1,84.000,3,254.000,30,255.000,18,256.000,29,257.000,20,320.000,1,0,30,
111728005000,250.000,5,243.000,30,242.000,20,241.000,38,86.000,1,84.000,3,254.000,30,255.000,18,256.000,20,257.000,20,320.000,1,0,30,
111731600000,250.000,5,243.000,30,241.000,38,86.000,1,84.000,3,39.000,20,254.000,30,255.000,18,256.000,20,320.000,1,400.000,1,0,30,
111732325000,250.000,5,243.000,30,242.000,20,241.000,38,86.000,1,84.000,3,254.000,30,255.000,18,256.000,20,257.000,20,320.000,1,0,30,
111733275000,250.000,5,243.000,30,241.000,38,86.000,1,84.000,3,39.000,20,254.000,30,255.000,18,256.000,20,320.000,1,400.000,1,0,30,
111733342000,250.000,5,243.000,30,242.000,20,241.000,38,86.000,1,84.000,3,254.000,30,255.000,18,256.000,20,257.000,20,320.000,1,0,30,
111741250000,250.000,5,243.000,30,241.000,38,86.000,1,84.000,3,39.000,20,254.000,30,255.000,18,256.000,20,320.000,1,400.000,1,0,30,
111741431000,250.000,5,243.000,30,241.000,58,86.000,1,84.000,3,39.000,20,254.000,30,255.000,18,256.000,40,320.000,1,400.000,1,0,30,
111747427000,250.000,5,243.000,30,241.000,38,86.000,1,84.000,3,39.000,20,254.000,30,255.000,18,256.000,20,320.000,1,400.000,1,0,30,
111747505000,250.000,5,243.000,30,241.000,38,239.000,20,86.000,1,84.000,3,254.000,50,255.000,18,256.000,20,320.000,1,400.000,1,0,30,
111749529000,250.000,5,243.000,30,241.000,18,239.000,20,86.000,1,84.000,3,254.000,50,255.000,18,320.000,1,400.000,1,414.000,1,0,30,
111749588000,250.000,5,243.000,30,241.000,38,239.000,20,86.000,1,84.000,3,254.000,50,255.000,18,256.000,20,320.000,1,400.000,1,0,30,
111755202000,250.000,5,243.000,9,241.000,38,239.000,20,86.000,1,84.000,3,254.000,29,255.000,18,256.000,20,320.000,1,400.000,1,0,30,
111755202000,250.000,5,243.000,9,242.000,21,241.000,38,239.000,20,86.000,1,254.000,50,255.000,18,256.000,20,320.000,1,400.000,1,0,30,
111755202000,250.000,5,243.000,9,242.000,30,241.000,38,239.000,20,86.000,1,254.000,50,255.000,18,256.000,20,320.000,1,400.000,1,0,30,
111755202000,250.000,5,242.000,30,241.000,38,239.000,20,86.000,1,84.000,3,254.000,50,255.000,18,256.000,20,320.000,1,400.000,1,0,30,
111759043000,250.000,5,242.000,30,241.000,29,239.000,20,86.000,1,84.000,3,254.000,50,255.000,18,256.000,20,320.000,1,400.000,1,0,30,
111759167000,250.000,5,242.000,30,241.000,29,239.000,20,238.000,9,86.000,1,254.000,50,255.000,18,256.000,20,320.000,1,400.000,1,0,30,
111759370000,250.000,5,242.000,30,241.000,9,239.000,20,238.000,9,86.000,1,254.000,50,255.000,18,320.000,1,400.000,1,414.000,1,0,30,
111759713000,250.000,5,242.000,30,241.000,9,240.000,20,239.000,20,238.000,9,254.000,50,255.000,38,320.000,1,400.000,1,414.000,1,0,30,
111800310000,250.000,5,242.000,9,241.000,9,240.000,20,239.000,20,238.000,9,254.000,29,255.000,38,320.000,1,400.000,1,414.000,1,0,30,
111800310000,250.000,5,242.000,9,241.000,30,240.000,20,239.000,20,238.000,9,254.000,50,255.000,38,320.000,1,400.000,1,414.000,1,0,30,
111800310000,250.000,5,242.000,9,241.000,30,240.000,29,239.000,20,238.000,9,254.000,50,255.000,38,320.000,1,400.000,1,414.000,1,0,30,
111800310000,250.000,5,241.000,30,240.000,29,239.000,20,238.000,9,86.000,1,254.000,50,255.000,38,320.000,1,400.000,1,414.000,1,0,30,
111801319000,250.000,5,241.000,9,240.000,29,239.000,20,238.000,9,86.000,1,254.000,29,255.000,38,320.000,1,400.000,1,414.000,1,0,30,
111801319000,250.000,5,242.000,21,241.000,9,240.000,29,239.000,20,238.000,9,254.000,50,255.000,38,320.000,1,400.000,1,414.000,1,0,30,
111801320000,250.000,5,242.000,21,240.000,29,239.000,20,238.000,9,86.000,1,254.000,50,255.000,38,320.000,1,400.000,1,414.000,1,0,30,
111801320000,250.000,5,242.000,30,240.000,29,239.000,20,238.000,9,86.000,1,254.000,50,255.000,38,320.000,1,400.000,1,414.000,1,0,30,
111807028000,250.000,5,242.000,30,241.000,20,240.000,29,239.000,20,238.000,9,254.000,50,255.000,38,256.000,20,320.000,1,400.000,1,0,30,
111811993000,250.000,5,242.000,30,240.000,29,239.000,20,238.000,9,86.000,1,254.000,50,255.000,38,320.000,1,400.000,1,414.000,1,0,30,
111811993000,250.000,5,242.000,50,240.000,29,239.000,20,238.000,9,86.000,1,254.000,50,255.000,38,257.000,20,320.000,1,400.000,1,0,30,
111819800000,250.000,5,242.000,50,240.000,9,239.000,20,238.000,9,86.000,1,254.000,50,255.000,18,257.000,20,320.000,1,400.000,1,0,30,
111820276000,250.000,5,242.000,50,240.000,29,239.000,20,238.000,9,86.000,1,254.000,50,255.000,38,257.000,20,320.000,1,400.000,1,0,30,
111821993000,250.000,5,242.000,30,240.000,29,239.000,20,238.000,9,86.000,1,254.000,50,255.000,38,320.000,1,400.000,1,414.000,1,0,30,
111821993000,250.000,5,242.000,30,241.000,20,240.000,29,239.000,20,238.000,9,254.000,50,255.000,38,256.000,20,320.000,1,400.000,1,0,30,
111823230000,250.000,5,242.000,30,241.000,20,240.000,9,239.000,20,238.000,9,254.000,50,255.000,18,256.000,20,320.000,1,400.000,1,0,30,
111823235000,250.000,5,242.000,9,241.000,20,240.000,9,239.000,20,238.000,9,254.000,29,255.000,18,256.000,20,320.000,1,400.000,1,0,30,
111823235000,250.000,5,242.000,9,241.000,41,240.000,9,239.000,20,238.000,9,254.000,50,255.000,18,256.000,20,320.000,1,400.000,1,0,30,
111823242000,250.000,5,241.000,41,240.000,9,239.000,20,238.000,9,86.000,1,254.000,50,255.000,18,256.000,20,320.000,1,400.000,1,0,30,
111823248000,250.000,5,241.000,21,240.000,9,239.000,20,238.000,9,86.000,1,254.000,50,255.000,18,320.000,1,400.000,1,414.000,1,0,30,
111823248000,250.000,5,241.000,21,240.000,29,239.000,20,238.000,9,86.000,1,254.000,50,255.000,38,320.000,1,400.000,1,414.000,1,0,30,
111823381000,250.000,5,241.000,21,240.000,9,239.000,20,238.000,9,86.000,1,254.000,50,255.000,18,320.000,1,400.000,1,414.000,1,0,30,
111823381000,250.000,5,241.000,21,240.000,9,239.000,40,238.000,9,86.000,1,254.000,70,255.000,18,320.000,1,400.000,1,414.000,1,0,30,
111823714000,250.000,5,241.000,30,240.000,9,239.000,40,238.000,9,86.000,1,254.000,70,255.000,18,320.000,1,400.000,1,414.000,1,0,30,
111824119000,250.000,5,241.000,30,240.000,9,239.000,20,238.000,9,86.000,1,254.000,50,255.000,18,320.000,1,400.000,1,414.000,1,0,30,
111824119000,250.000,5,241.000,30,240.000,29,239.000,20,238.000,9,86.000,1,254.000,50,255.000,38,320.000,1,400.000,1,414.000,1,0,30,
111825223000,250.000,5,241.000,9,240.000,29,239.000,20,238.000,9,86.000,1,254.000,29,255.000,38,320.000,1,400.000,1,414.000,1,0,30,
111825223000,250.000,5,241.000,9,240.000,50,239.000,20,238.000,9,86.000,1,254.000,50,255.000,38,320.000,1,400.000,1,414.000,1,0,30,
111825223000,250.000,5,240.000,50,239.000,20,238.000,9,86.000,1,84.000,3,254.000,50,255.000,38,320.000,1,400.000,1,414.000,1,0,30,
111826118000,250.000,5,240.000,30,239.000,20,238.000,9,86.000,1,84.000,3,254.000,50,255.000,18,320.000,1,400.000,1,414.000,1,0,30,
111826118000,250.000,5,240.000,30,239.000,40,238.000,9,86.000,1,84.000,3,254.000,70,255.000,18,320.000,1,400.000,1,414.000,1,0,30,
111826362000,250.000,5,240.000,30,239.000,60,238.000,9,86.000,1,84.000,3,254.000,90,255.000,18,320.000,1,400.000,1,414.000,1,0,30,
111826441000,250.000,5,240.000,30,239.000,40,238.000,9,86.000,1,84.000,3,254.000,70,255.000,18,320.000,1,400.000,1,414.000,1,0,30,
111826441000,250.000,5,240.000,50,239.000,40,238.000,9,86.000,1,84.000,3,254.000,70,255.000,38,320.000,1,400.000,1,414.000,1,0,30,
111827130000,250.000,5,240.000,29,239.000,40,238.000,9,86.000,1,84.000,3,254.000,49,255.000,38,320.000,1,400.000,1,414.000,1,0,30,
111827130000,250.000,5,241.000,21,240.000,29,239.000,40,238.000,9,86.000,1,254.000,70,255.000,38,320.000,1,400.000,1,414.000,1,0,30,
111827548000,250.000,5,241.000,30,240.000,29,239.000,40,238.000,9,86.000,1,254.000,70,255.000,38,320.000,1,400.000,1,414.000,1,0,30,
111827869000,250.000,5,241.000,30,240.000,9,239.000,40,238.000,9,86.000,1,254.000,70,255.000,18,320.000,1,400.000,1,414.000,1,0,30,
111827869000,250.000,5,241.000,50,240.000,9,239.000,40,238.000,9,86.000,1,254.000,70,255.000,18,256.000,20,320.000,1,400.000,1,0,30,
111829054000,250.000,5,241.000,50,240.000,9,239.000,40,238.000,9,86.000,1,254.000,70,255.000,9,256.000,20,320.000,1,400.000,1,0,30,
111829054000,250.000,5,241.000,50,240.000,9,239.000,40,238.000,9,86.000,1,253.000,9,254.000,70,255.000,9,256.000,20,320.000,1,0,30,
111829054000,250.000,5,241.000,50,240.000,9,239.000,40,238.000,9,86.000,1,253.000,18,254.000,70,255.000,9,256.000,20,320.000,1,0,30,
111829131000,250.000,5,241.000,29,240.000,9,239.000,40,238.000,9,86.000,1,253.000,18,254.000,49,255.000,9,256.000,20,320.000,1,0,30,
111829131000,250.000,5,241.000,50,240.000,9,239.000,40,238.000,9,86.000,1,252.000,21,253.000,18,254.000,49,255.000,9,256.000,20,0,30,
111829131000,250.000,5,241.000,50,240.000,9,239.000,40,238.000,9,86.000,1,252.000,30,253.000,18,254.000,49,255.000,9,256.000,20,0,30,
111829505000,250.000,5,241.000,50,240.000,9,239.000,40,238.000,9,86.000,1,252.000,30,253.000,18,254.000,40,255.000,9,256.000,20,0,30,
111829505000,250.000,5,241.000,50,240.000,9,239.000,40,238.000,9,86.000,1,252.000,30,253.000,18,254.000,40,256.000,20,320.000,1,0,30,
111831606000,250.000,5,241.000,50,240.000,9,239.000,20,238.000,9,86.000,1,252.000,30,253.000,18,254.000,20,256.000,20,320.000,1,0,30,
111832430000,250.000,5,241.000,50,240.000,29,239.000,20,238.000,9,86.000,1,252.000,30,253.000,18,254.000,20,255.000,20,256.000,20,0,30,
111832953000,250.000,5,241.000,50,240.000,29,238.000,9,86.000,1,84.000,3,252.000,30,253.000,18,255.000,20,256.000,20,320.000,1,0,30,
111833005000,250.000,5,241.000,50,240.000,29,238.000,9,237.000,20,86.000,1,252.000,50,253.000,18,255.000,20,256.000,20,320.000,1,0,30,
111833118000,250.000,5,241.000,30,240.000,29,238.000,9,237.000,20,86.000,1,252.000,50,253.000,18,255.000,20,320.000,1,400.000,1,0,30,
111833118000,250.000,5,241.000,30,240.000,49,238.000,9,237.000,20,86.000,1,252.000,50,253.000,18,255.000,40,320.000,1,400.000,1,0,30,
111835871000,250.000,5,241.000,30,240.000,29,238.000,9,237.000,20,86.000,1,252.000,50,253.000,18,255.000,20,320.000,1,400.000,1,0,30,
111835871000,250.000,5,241.000,50,240.000,29,238.000,9,237.000,20,86.000,1,252.000,50,253.000,18,255.000,20,256.000,20,320.000,1,0,30,
111839243000,250.000,5,241.000,30,240.000,29,238.000,9,237.000,20,86.000,1,252.000,50,253.000,18,255.000,20,320.000,1,400.000,1,0,30,
111839243000,250.000,5,242.000,20,241.000,30,240.000,29,238.000,9,237.000,20,252.000,50,253.000,18,255.000,20,257.000,20,320.000,1,0,30,
111839505000,250.000,5,242.000,20,241.000,30,240.000,29,238.000,9,86.000,1,252.000,30,253.000,18,255.000,20,257.000,20,320.000,1,0,30,
111839505000,250.000,5,242.000,20,241.000,30,240.000,29,239.000,20,238.000,9,252.000,30,253.000,18,254.000,20,255.000,20,257.000,20,0,30,
111839755000,250.000,5,242.000,29,241.000,30,240.000,29,239.000,20,238.000,9,252.000,30,253.000,18,254.000,20,255.000,20,257.000,20,0,30,
111840005000,250.000,5,242.000,29,241.000,30,240.000,20,239.000,20,238.000,9,252.000,30,253.000,18,254.000,20,255.000,20,257.000,20,0,30,
111840136000,250.000,5,242.000,29,241.000,9,240.000,20,239.000,20,238.000,9,252.000,9,253.000,18,254.000,20,255.000,20,257.000,20,0,30,
111840136000,250.000,5,242.000,50,241.000,9,240.000,20,239.000,20,238.000,9,252.000,30,253.000,18,254.000,20,255.000,20,257.000,20,0,30,
111840136000,250.000,5,242.000,50,241.000,9,240.000,20,239.000,20,238.000,9,252.000,21,253.000,18,254.000,20,255.000,20,257.000,20,0,30,
111840387000,250.000,5,242.000,50,241.000,9,240.000,20,239.000,20,238.000,9,252.000,30,253.000,18,254.000,20,255.000,20,257.000,20,0,30,
111844231000,250.000,5,242.000,29,241.000,9,240.000,20,239.000,20,238.000,9,252.000,9,253.000,18,254.000,20,255.000,20,257.000,20,0,30,
111844231000,250.000,5,243.000,21,242.000,29,241.000,9,240.000,20,239.000,20,252.000,30,253.000,18,254.000,20,255.000,20,257.000,20,0,30,
111844232000,250.000,5,243.000,21,242.000,29,241.000,9,240.000,20,239.000,20,252.000,21,253.000,18,254.000,20,255.000,20,257.000,20,0,30,
111844232000,250.000,5,243.000,30,242.000,29,241.000,9,240.000,20,239.000,20,252.000,21,253.000,18,254.000,20,255.000,20,257.000,20,0,30,
111844232000,250.000,5,243.000,30,242.000,29,241.000,9,240.000,20,239.000,20,252.000,30,253.000,18,254.000,20,255.000,20,257.000,20,0,30,
111844505000,250.000,5,243.000,30,242.000,29,240.000,20,239.000,20,238.000,9,252.000,30,253.000,18,254.000,20,255.000,20,257.000,20,0,30,
111852500000,250.000,5,243.000,30,242.000,29,239.000,20,238.000,9,86.000,1,252.000,30,253.000,18,254.000,20,257.000,20,320.000,1,0,30,
111852713000,250.000,5,243.000,30,242.000,29,241.000,20,239.000,20,238.000,9,252.000,30,253.000,18,254.000,20,256.000,20,257.000,20,0,30,
111901743000,250.000,5,243.000,30,242.000,9,241.000,20,239.000,20,238.000,9,252.000,30,253.000,18,254.000,20,256.000,20,320.000,1,0,30,
111901743000,250.000,5,243.000,50,242.000,9,241.000,20,239.000,20,238.000,9,252.000,30,253.000,18,254.000,20,256.000,20,258.000,20,0,30,
111902493000,250.000,5,243.000,30,242.000,9,241.000,20,239.000,20,238.000,9,252.000,30,253.000,18,254.000,20,256.000,20,320.000,1,0,30,
111902493000,250.000,5,243.000,30,242.000,29,241.000,20,239.000,20,238.000,9,252.000,30,253.000,18,254.000,20,256.000,20,257.000,20,0,30,
111905004000,250.000,5,243.000,30,242.000,29,239.000,20,238.000,9,86.000,1,252.000,30,253.000,18,254.000,20,257.000,20,320.000,1,0,30,
111905146000,250.000,5,243.000,9,242.000,29,239.000,20,238.000,9,86.000,1,252.000,9,253.000,18,254.000,20,257.000,20,320.000,1,0,30,
111905146000,250.000,5,243.000,9,242.000,50,239.000,20,238.000,9,86.000,1,252.000,30,253.000,18,254.000,20,257.000,20,320.000,1,0,30,
111905147000,250.000,5,243.000,9,242.000,50,239.000,20,238.000,9,86.000,1,252.000,21,253.000,18,254.000,20,257.000,20,320.000,1,0,30,
111905147000,250.000,5,242.000,50,239.000,20,238.000,9,86.000,1,84.000,3,252.000,21,253.000,18,254.000,20,257.000,20,320.000,1,0,30,
111905147000,250.000,5,242.000,50,239.000,20,238.000,9,86.000,1,84.000,3,252.000,30,253.000,18,254.000,20,257.000,20,320.000,1,0,30,
111905191000,250.000,5,242.000,50,240.000,20,239.000,20,238.000,9,86.000,1,252.000,30,253.000,18,254.000,20,255.000,20,257.000,20,0,30,
111906618000,250.000,5,242.000,30,240.000,20,239.000,20,238.000,9,86.000,1,252.000,30,253.000,18,254.000,20,255.000,20,320.000,1,0,30,
111906618000,250.000,5,242.000,30,241.000,20,240.000,20,239.000,20,238.000,9,252.000,30,253.000,18,254.000,20,255.000,20,256.000,20,0,30,
111908372000,250.000,5,242.000,30,241.000,20,239.000,20,238.000,9,86.000,1,252.000,30,253.000,18,254.000,20,256.000,20,320.000,1,0,30,
111909148000,250.000,5,242.000,9,241.000,20,239.000,20,238.000,9,86.000,1,252.000,9,253.000,18,254.000,20,256.000,20,320.000,1,0,30,
111909148000,250.000,5,242.000,9,241.000,41,239.000,20,238.000,9,86.000,1,252.000,30,253.000,18,254.000,20,256.000,20,320.000,1,0,30,
111909148000,250.000,5,242.000,9,241.000,50,239.000,20,238.000,9,86.000,1,252.000,30,253.000,18,254.000,20,256.000,20,320.000,1,0,30,
111909148000,250.000,5,241.000,50,239.000,20,238.000,9,86.000,1,84.000,3,252.000,30,253.000,18,254.000,20,256.000,20,320.000,1,0,30,
111909255000,250.000,5,241.000,50,239.000,40,238.000,9,86.000,1,84.000,3,252.000,30,253.000,18,254.000,40,256.000,20,320.000,1,0,30,
111910256000,250.000,5,241.000,29,239.000,40,238.000,9,86.000,1,84.000,3,252.000,9,253.000,18,254.000,40,256.000,20,320.000,1,0,30,
111910256000,250.000,5,242.000,21,241.000,29,239.000,40,238.000,9,86.000,1,252.000,30,253.000,18,254.000,40,256.000,20,320.000,1,0,30,
111910256000,250.000,5,242.000,21,241.000,29,239.000,40,238.000,9,86.000,1,252.000,21,253.000,18,254.000,40,256.000,20,320.000,1,0,30,
111910256000,250.000,5,242.000,30,241.000,29,239.000,40,238.000,9,86.000,1,252.000,21,253.000,18,254.000,40,256.000,20,320.000,1,0,30,
111910257000,250.000,5,242.000,30,241.000,29,239.000,40,238.000,9,86.000,1,252.000,30,253.000,18,254.000,40,256.000,20,320.000,1,0,30,
111911149000,250.000,5,242.000,9,241.000,29,239.000,40,238.000,9,86.000,1,252.000,9,253.000,18,254.000,40,256.000,20,320.000,1,0,30,
111911149000,250.000,5,242.000,9,241.000,50,239.000,40,238.000,9,86.000,1,252.000,30,253.000,18,254.000,40,256.000,20,320.000,1,0,30,
111911149000,250.000,5,242.000,9,241.000,50,239.000,40,238.000,9,86.000,1,252.000,21,253.000,18,254.000,40,256.000,20,320.000,1,0,30,
111911149000,250.000,5,241.000,50,239.000,40,238.000,9,86.000,1,84.000,3,252.000,21,253.000,18,254.000,40,256.000,20,320.000,1,0,30,
111911149000,250.000,5,241.000,50,239.000,40,238.000,9,86.000,1,84.000,3,252.000,30,253.000,18,254.000,40,256.000,20,320.000,1,0,30,
111911505000,250.000,5,241.000,50,239.000,20,238.000,9,86.000,1,84.000,3,252.000,30,253.000,18,254.000,20,256.000,20,320.000,1,0,30,
111911505000,250.000,5,241.000,50,239.000,20,238.000,9,237.000,20,86.000,1,252.000,50,253.000,18,254.000,20,256.000,20,320.000,1,0,30,
111912277000,250.000,5,241.000,30,239.000,20,238.000,9,237.000,20,86.000,1,252.000,50,253.000,18,254.000,20,320.000,1,400.000,1,0,30,
111912277000,250.000,5,241.000,30,240.000,20,239.000,20,238.000,9,237.000,20,252.000,50,253.000,18,254.000,20,255.000,20,320.000,1,0,30,
111913494000,250.000,5,241.000,30,239.000,20,238.000,9,237.000,20,86.000,1,252.000,50,253.000,18,254.000,20,320.000,1,400.000,1,0,30,
111913494000,250.000,5,241.000,50,239.000,20,238.000,9,237.000,20,86.000,1,252.000,50,253.000,18,254.000,20,256.000,20,320.000,1,0,30,
111914150000,250.000,5,241.000,29,239.000,20,238.000,9,237.000,20,86.000,1,252.000,29,253.000,18,254.000,20,256.000,20,320.000,1,0,30,
111914150000,250.000,5,242.000,21,241.000,29,239.000,20,238.000,9,237.000,20,252.000,50,253.000,18,254.000,20,256.000,20,320.000,1,0,30,
111914151000,250.000,5,242.000,30,241.000,29,239.000,20,238.000,9,237.000,20,252.000,50,253.000,18,254.000,20,256.000,20,320.000,1,0,30,
111915368000,250.000,5,242.000,30,241.000,9,239.000,20,238.000,9,237.000,20,252.000,50,253.000,18,254.000,20,320.000,1,400.000,1,0,30,
111915368000,250.000,5,242.000,30,241.000,9,240.000,20,239.000,20,238.000,9,252.000,50,253.000,18,254.000,20,255.000,20,320.000,1,0,30,
111916151000,250.000,5,242.000,9,241.000,9,240.000,20,239.000,20,238.000,9,252.000,29,253.000,18,254.000,20,255.000,20,320.000,1,0,30,
111916151000,250.000,5,242.000,9,241.000,30,240.000,20,239.000,20,238.000,9,252.000,50,253.000,18,254.000,20,255.000,20,320.000,1,0,30,
111916151000,250.000,5,241.000,30,240.000,20,239.000,20,238.000,9,237.000,20,252.000,50,253.000,18,254.000,20,255.000,20,320.000,1,0,30,
111916368000,250.000,5,241.000,30,239.000,20,238.000,9,237.000,20,86.000,1,252.000,50,253.000,18,254.000,20,320.000,1,400.000,1,0,30,
111916368000,250.000,5,241.000,50,239.000,20,238.000,9,237.000,20,86.000,1,252.000,50,253.000,18,254.000,20,256.000,20,320.000,1,0,30,
111917151000,250.000,5,241.000,29,239.000,20,238.000,9,237.000,20,86.000,1,252.000,29,253.000,18,254.000,20,256.000,20,320.000,1,0,30,
111917151000,250.000,5,242.000,21,241.000,29,239.000,20,238.000,9,237.000,20,252.000,50,253.000,18,254.000,20,256.000,20,320.000,1,0,30,
111917152000,250.000,5,242.000,30,241.000,29,239.000,20,238.000,9,237.000,20,252.000,50,253.000,18,254.000,20,256.000,20,320.000,1,0,30,
111921648000,250.000,5,242.000,30,241.000,9,239.000,20,238.000,9,237.000,20,252.000,50,253.000,18,254.000,20,320.000,1,400.000,1,0,30,
111921648000,250.000,5,242.000,50,241.000,9,239.000,20,238.000,9,237.000,20,252.000,50,253.000,18,254.000,20,257.000,20,320.000,1,0,30,
111927296000,250.000,5,242.000,50,241.000,9,238.000,9,237.000,20,86.000,1,252.000,50,253.000,18,257.000,20,320.000,1,400.000,1,0,30,
111927696000,250.000,5,242.000,50,241.000,29,238.000,9,237.000,20,86.000,1,252.000,50,253.000,18,256.000,20,257.000,20,320.000,1,0,30,
111928869000,250.000,5,242.000,30,241.000,29,238.000,9,237.000,20,86.000,1,252.000,50,253.000,18,256.000,20,320.000,1,400.000,1,0,30,
111928869000,250.000,5,243.000,20,242.000,30,241.000,29,238.000,9,237.000,20,252.000,50,253.000,18,256.000,20,258.000,20,320.000,1,0,30,
111928869000,250.000,5,243.000,29,242.000,30,241.000,29,238.000,9,237.000,20,252.000,50,253.000,18,256.000,20,258.000,20,320.000,1,0,30,
111928898000,250.000,5,243.000,29,242.000,30,241.000,29,238.000,9,86.000,1,252.000,30,253.000,18,256.000,20,258.000,20,320.000,1,0,30,
111929005000,250.000,5,243.000,29,242.000,30,241.000,29,239.000,20,238.000,9,252.000,30,253.000,18,254.000,20,256.000,20,258.000,20,0,30,
111929005000,250.000,5,243.000,29,242.000,30,241.000,20,239.000,20,238.000,9,252.000,30,253.000,18,254.000,20,256.000,20,258.000,20,0,30,
111929253000,250.000,5,243.000,29,242.000,9,241.000,20,239.000,20,238.000,9,252.000,9,253.000,18,254.000,20,256.000,20,258.000,20,0,30,
111929253000,250.000,5,243.000,50,242.000,9,241.000,20,239.000,20,238.000,9,252.000,30,253.000,18,254.000,20,256.000,20,258.000,20,0,30,
111929253000,250.000,5,243.000,50,242.000,9,241.000,20,239.000,20,238.000,9,252.000,21,253.000,18,254.000,20,256.000,20,258.000,20,0,30,
111929403000,250.000,5,243.000,50,242.000,9,241.000,20,239.000,20,238.000,9,252.000,30,253.000,18,254.000,20,256.000,20,258.000,20,0,30,
111929743000,250.000,5,243.000,30,242.000,9,241.000,20,239.000,20,238.000,9,252.000,30,253.000,18,254.000,20,256.000,20,320.000,1,0,30,
111929743000,250.000,5,243.000,30,242.000,29,241.000,20,239.000,20,238.000,9,252.000,30,253.000,18,254.000,20,256.000,20,257.000,20,0,30,
111931242000,250.000,5,243.000,30,242.000,9,241.000,20,239.000,20,238.000,9,252.000,30,253.000,18,254.000,20,256.000,20,320.000,1,0,30,
111931242000,250.000,5,243.000,50,242.000,9,241.000,20,239.000,20,238.000,9,252.000,30,253.000,18,254.000,20,256.000,20,258.000,20,0,30,
111931498000,250.000,5,243.000,50,242.000,9,241.000,20,239.000,20,238.000,9,252.000,30,253.000,9,254.000,20,256.000,20,258.000,20,0,30,
111931500000,250.000,5,243.000,50,242.000,9,241.000,20,239.000,20,86.000,1,252.000,30,253.000,9,254.000,20,256.000,20,258.000,20,0,30,
111931502000,250.000,5,243.000,50,242.000,9,241.000,20,239.000,20,86.000,1,252.000,30,253.000,9,254.000,20,255.000,9,256.000,20,0,30,
111931504000,250.000,5,243.000,50,242.000,9,241.000,20,240.000,9,239.000,20,252.000,30,253.000,9,254.000,20,255.000,9,256.000,20,0,30,
111935118000,250.000,5,243.000,30,242.000,9,241.000,20,240.000,9,239.000,20,252.000,30,253.000,9,254.000,20,255.000,9,256.000,20,0,30,
111935118000,250.000,5,244.000,20,243.000,30,242.000,9,241.000,20,240.000,9,252.000,30,253.000,9,254.000,20,255.000,9,256.000,20,0,30,
111935119000,250.000,5,244.000,29,243.000,30,242.000,9,241.000,20,240.000,9,252.000,30,253.000,9,254.000,20,255.000,9,256.000,20,0,30,
111935505000,250.000,5,244.000,29,243.000,30,241.000,20,240.000,9,239.000,20,252.000,30,253.000,9,254.000,20,255.000,9,256.000,20,0,30,
111938133000,250.000,5,244.000,29,243.000,9,241.000,20,240.000,9,239.000,20,252.000,9,253.000,9,254.000,20,255.000,9,256.000,20,0,30,
111938133000,250.000,5,244.000,50,243.000,9,241.000,20,240.000,9,239.000,20,252.000,30,253.000,9,254.000,20,255.000,9,256.000,20,0,30,
111938134000,250.000,5,244.000,50,243.000,9,241.000,20,240.000,9,239.000,20,252.000,30,253.000,9,254.000,29,255.000,9,256.000,20,0,30,
111938134000,250.000,5,244.000,50,243.000,9,241.000,20,240.000,9,239.000,20,252.000,21,253.000,9,254.000,29,255.000,9,256.000,20,0,30,
111938134000,250.000,5,244.000,50,243.000,9,241.000,20,240.000,9,239.000,20,252.000,30,253.000,9,254.000,29,255.000,9,256.000,20,0,30,
111938505000,250.000,5,244.000,50,243.000,9,241.000,20,240.000,9,239.000,20,252.000,30,253.000,9,254.000,20,255.000,9,256.000,20,0,30,
111939712000,250.000,5,244.000,50,243.000,9,240.000,9,239.000,20,86.000,1,252.000,30,253.000,9,254.000,20,255.000,9,259.000,20,0,30,
111940001000,250.000,5,244.000,50,243.000,9,241.000,20,240.000,9,239.000,20,252.000,30,253.000,9,254.000,20,255.000,9,256.000,20,0,30,
111950743000,250.000,5,244.000,30,243.000,9,241.000,20,240.000,9,239.000,20,252.000,30,253.000,9,254.000,20,255.000,9,256.000,20,0,30,
111950743000,250.000,5,244.000,30,243.000,29,241.000,20,240.000,9,239.000,20,252.000,30,253.000,9,254.000,20,255.000,9,256.000,20,0,30,
111950749000,250.000,5,244.000,30,243.000,29,240.000,9,239.000,20,86.000,1,252.000,30,253.000,9,254.000,20,255.000,9,258.000,20,0,30,
111950790000,250.000,5,244.000,30,243.000,29,240.000,29,239.000,20,86.000,1,252.000,30,253.000,9,254.000,20,255.000,29,258.000,20,0,30,
111951166000,250.000,5,244.000,9,243.000,29,240.000,29,239.000,20,86.000,1,252.000,9,253.000,9,254.000,20,255.000,29,258.000,20,0,30,
111951166000,250.000,5,244.000,9,243.000,50,240.000,29,239.000,20,86.000,1,252.000,30,253.000,9,254.000,20,255.000,29,258.000,20,0,30,
111951166000,250.000,5,244.000,9,243.000,50,240.000,29,239.000,20,86.000,1,252.000,30,253.000,9,254.000,29,255.000,29,258.000,20,0,30,
111951166000,250.000,5,243.000,50,240.000,29,239.000,20,86.000,1,84.000,3,252.000,30,253.000,9,254.000,29,255.000,29,258.000,20,0,30,
111951166000,250.000,5,243.000,50,240.000,29,239.000,20,86.000,1,84.000,3,252.000,21,253.000,9,254.000,29,255.000,29,258.000,20,0,30,
111951167000,250.000,5,243.000,50,240.000,29,239.000,20,86.000,1,84.000,3,252.000,30,253.000,9,254.000,29,255.000,29,258.000,20,0,30,
111951505000,250.000,5,243.000,50,240.000,29,239.000,20,86.000,1,84.000,3,252.000,30,253.000,9,254.000,20,255.000,29,258.000,20,0,30,
111951746000,250.000,5,243.000,30,240.000,29,239.000,20,86.000,1,84.000,3,252.000,30,253.000,9,254.000,20,255.000,29,320.000,1,0,30,
111951746000,250.000,5,243.000,30,242.000,20,240.000,29,239.000,20,86.000,1,252.000,30,253.000,9,254.000,20,255.000,29,257.000,20,0,30,
111957494000,250.000,5,243.000,30,240.000,29,239.000,20,86.000,1,84.000,3,252.000,30,253.000,9,254.000,20,255.000,29,320.000,1,0,30,
111957494000,250.000,5,243.000,30,241.000,20,240.000,29,239.000,20,86.000,1,252.000,30,253.000,9,254.000,20,255.000,29,256.000,20,0,30,
111957722000,250.000,5,243.000,30,241.000,20,240.000,29,239.000,20,86.000,1,252.000,30,253.000,9,254.000,20,255.000,20,256.000,20,0,30,
111957723000,250.000,5,243.000,9,241.000,20,240.000,29,239.000,20,86.000,1,252.000,9,253.000,9,254.000,20,255.000,20,256.000,20,0,30,
111957723000,250.000,5,243.000,9,242.000,21,241.000,20,240.000,29,239.000,20,252.000,30,253.000,9,254.000,20,255.000,20,256.000,20,0,30,
111957723000,250.000,5,243.000,9,242.000,21,241.000,20,240.000,29,239.000,20,252.000,30,253.000,18,254.000,20,255.000,20,256.000,20,0,30,
111957723000,250.000,5,243.000,9,242.000,21,241.000,20,240.000,29,239.000,20,252.000,21,253.000,18,254.000,20,255.000,20,256.000,20,0,30,
111957723000,250.000,5,242.000,21,241.000,20,240.000,29,239.000,20,86.000,1,252.000,21,253.000,18,254.000,20,255.000,20,256.000,20,0,30,
111957726000,250.000,5,242.000,21,241.000,20,240.000,29,86.000,1,84.000,3,252.000,21,253.000,18,255.000,20,256.000,20,320.000,1,0,30,
111957778000,250.000,5,242.000,21,241.000,20,240.000,29,237.000,20,86.000,1,252.000,41,253.000,18,255.000,20,256.000,20,320.000,1,0,30,
111957808000,250.000,5,242.000,21,241.000,20,240.000,9,237.000,20,86.000,1,252.000,41,253.000,18,256.000,20,320.000,1,400.000,1,0,30,
111958476000,250.000,5,241.000,20,240.000,9,237.000,20,86.000,1,84.000,3,252.000,20,253.000,18,256.000,20,320.000,1,400.000,1,0,30,
111958476000,250.000,5,241.000,41,240.000,9,237.000,20,86.000,1,84.000,3,252.000,41,253.000,18,256.000,20,320.000,1,400.000,1,0,30,
111958476000,250.000,5,241.000,41,240.000,9,237.000,20,86.000,1,84.000,3,252.000,50,253.000,18,256.000,20,320.000,1,400.000,1,0,30,
111958476000,250.000,5,241.000,50,240.000,9,237.000,20,86.000,1,84.000,3,252.000,50,253.000,18,256.000,20,320.000,1,400.000,1,0,30,
112002257000,250.000,5,241.000,50,240.000,9,239.000,20,237.000,20,86.000,1,252.000,50,253.000,18,254.000,20,256.000,20,320.000,1,0,30,
112002260000,250.000,5,241.000,29,240.000,9,239.000,20,237.000,20,86.000,1,252.000,29,253.000,18,254.000,20,256.000,20,320.000,1,0,30,
112002260000,250.000,5,242.000,21,241.000,29,240.000,9,239.000,20,237.000,20,252.000,50,253.000,18,254.000,20,256.000,20,320.000,1,0,30,
112002260000,250.000,5,242.000,30,241.000,29,240.000,9,239.000,20,237.000,20,252.000,50,253.000,18,254.000,20,256.000,20,320.000,1,0,30,
112005208000,250.000,5,242.000,30,241.000,29,239.000,20,237.000,20,86.000,1,252.000,50,253.000,18,254.000,20,256.000,20,320.000,1,0,30,
112005332000,250.000,5,242.000,30,241.000,29,239.000,20,238.000,9,237.000,20,252.000,50,253.000,18,254.000,20,256.000,20,320.000,1,0,30,
112010754000,250.000,5,242.000,30,241.000,29,238.000,9,237.000,20,86.000,1,252.000,50,253.000,18,256.000,20,320.000,1,400.000,1,0,30,
112011578000,250.000,5,242.000,30,241.000,29,240.000,20,238.000,9,237.000,20,252.000,50,253.000,18,255.000,20,256.000,20,320.000,1,0,30,
112011619000,250.000,5,242.000,30,241.000,9,240.000,20,238.000,9,237.000,20,252.000,50,253.000,18,255.000,20,320.000,1,400.000,1,0,30,
112011619000,250.000,5,242.000,50,241.000,9,240.000,20,238.000,9,237.000,20,252.000,50,253.000,18,255.000,20,257.000,20,320.000,1,0,30,
112013119000,250.000,5,242.000,30,241.000,9,240.000,20,238.000,9,237.000,20,252.000,50,253.000,18,255.000,20,320.000,1,400.000,1,0,30,
112013119000,250.000,5,242.000,30,241.000,29,240.000,20,238.000,9,237.000,20,252.000,50,253.000,18,255.000,20,256.000,20,320.000,1,0,30,
112015263000,250.000,5,242.000,9,241.000,29,240.000,20,238.000,9,237.000,20,252.000,29,253.000,18,255.000,20,256.000,20,320.000,1,0,30,
112015263000,250.000,5,242.000,9,241.000,50,240.000,20,238.000,9,237.000,20,252.000,50,253.000,18,255.000,20,256.000,20,320.000,1,0,30,
112015263000,250.000,5,241.000,50,240.000,20,238.000,9,237.000,20,86.000,1,252.000,50,253.000,18,255.000,20,256.000,20,320.000,1,0,30,
112017699000,250.000,5,241.000,30,240.000,20,238.000,9,237.000,20,86.000,1,252.000,50,253.000,18,255.000,20,320.000,1,400.000,1,0,30,
112017699000,250.000,5,241.000,30,240.000,40,238.000,9,237.000,20,86.000,1,252.000,50,253.000,18,255.000,40,320.000,1,400.000,1,0,30,
112017709000,250.000,5,241.000,30,240.000,20,238.000,9,237.000,20,86.000,1,252.000,50,253.000,18,255.000,20,320.000,1,400.000,1,0,30,
112018780000,250.000,5,241.000,9,240.000,20,238.000,9,237.000,20,86.000,1,252.000,29,253.000,18,255.000,20,320.000,1,400.000,1,0,30,
112018780000,250.000,5,241.000,9,240.000,41,238.000,9,237.000,20,86.000,1,252.000,50,253.000,18,255.000,20,320.000,1,400.000,1,0,30,
112018780000,250.000,5,241.000,9,240.000,50,238.000,9,237.000,20,86.000,1,252.000,50,253.000,18,255.000,20,320.000,1,400.000,1,0,30,
112018780000,250.000,5,240.000,50,238.000,9,237.000,20,86.000,1,84.000,3,252.000,50,253.000,18,255.000,20,320.000,1,400.000,1,0,30,
112021262000,250.000,5,240.000,29,238.000,9,237.000,20,86.000,1,84.000,3,252.000,29,253.000,18,255.000,20,320.000,1,400.000,1,0,30,
112021263000,250.000,5,241.000,21,240.000,29,238.000,9,237.000,20,86.000,1,252.000,50,253.000,18,255.000,20,320.000,1,400.000,1,0,30,
112021263000,250.000,5,241.000,30,240.000,29,238.000,9,237.000,20,86.000,1,252.000,50,253.000,18,255.000,20,320.000,1,400.000,1,0,30,
112021433000,250.000,5,241.000,30,240.000,29,239.000,20,238.000,9,237.000,20,252.000,50,253.000,18,254.000,20,255.000,20,320.000,1,0,30,
112025493000,250.000,5,241.000,30,240.000,9,239.000,20,238.000,9,237.000,20,252.000,50,253.000,18,254.000,20,320.000,1,400.000,1,0,30,
112025493000,250.000,5,241.000,50,240.000,9,239.000,20,238.000,9,237.000,20,252.000,50,253.000,18,254.000,20,256.000,20,320.000,1,0,30,
112031020000,250.000,5,241.000,50,240.000,9,238.000,9,237.000,20,86.000,1,252.000,50,253.000,18,256.000,20,320.000,1,400.000,1,0,30,
112031863000,250.000,5,241.000,50,240.000,29,238.000,9,237.000,20,86.000,1,252.000,50,253.000,18,255.000,20,256.000,20,320.000,1,0,30,
112031993000,250.000,5,241.000,30,240.000,29,238.000,9,237.000,20,86.000,1,252.000,50,253.000,18,255.000,20,320.000,1,400.000,1,0,30,
112031993000,250.000,5,242.000,20,241.000,30,240.000,29,238.000,9,237.000,20,252.000,50,253.000,18,255.000,20,257.000,20,320.000,1,0,30,
112031993000,250.000,5,242.000,29,241.000,30,240.000,29,238.000,9,237.000,20,252.000,50,253.000,18,255.000,20,257.000,20,320.000,1,0,30,
112032005000,250.000,5,242.000,29,241.000,30,240.000,20,238.000,9,237.000,20,252.000,50,253.000,18,255.000,20,257.000,20,320.000,1,0,30,
112032183000,250.000,5,242.000,29,241.000,9,240.000,20,238.000,9,237.000,20,252.000,29,253.000,18,255.000,20,257.000,20,320.000,1,0,30,
112032183000,250.000,5,243.000,21,242.000,29,241.000,9,240.000,20,238.000,9,252.000,50,253.000,18,255.000,20,257.000,20,320.000,1,0,30,
112032184000,250.000,5,243.000,30,242.000,29,241.000,9,240.000,20,238.000,9,252.000,50,253.000,18,255.000,20,257.000,20,320.000,1,0,30,
112032505000,250.000,5,243.000,30,242.000,29,240.000,20,238.000,9,237.000,20,252.000,50,253.000,18,255.000,20,257.000,20,320.000,1,0,30,
112034993000,250.000,5,243.000,30,242.000,9,240.000,20,238.000,9,237.000,20,252.000,50,253.000,18,255.000,20,320.000,1,400.000,1,0,30,
112034993000,250.000,5,243.000,30,242.000,9,241.000,20,240.000,20,238.000,9,252.000,50,253.000,18,255.000,20,256.000,20,320.000,1,0,30,
112035185000,250.000,5,243.000,9,242.000,9,241.000,20,240.000,20,238.000,9,252.000,29,253.000,18,255.000,20,256.000,20,320.000,1,0,30,
112035185000,250.000,5,243.000,9,242.000,30,241.000,20,240.000,20,238.000,9,252.000,50,253.000,18,255.000,20,256.000,20,320.000,1,0,30,
112035185000,250.000,5,243.000,9,242.000,30,241.000,29,240.000,20,238.000,9,252.000,50,253.000,18,255.000,20,256.000,20,320.000,1,0,30,
112035185000,250.000,5,242.000,30,241.000,29,240.000,20,238.000,9,237.000,20,252.000,50,253.000,18,255.000,20,256.000,20,320.000,1,0,30,
112035528000,250.000,5,242.000,30,241.000,29,238.000,9,237.000,20,86.000,1,252.000,50,253.000,18,256.000,20,320.000,1,400.000,1,0,30,
112035619000,250.000,5,242.000,30,241.000,9,238.000,9,237.000,20,86.000,1,252.000,50,253.000,18,320.000,1,400.000,1,414.000,1,0,30,
112035619000,250.000,5,242.000,30,241.000,9,240.000,20,238.000,9,237.000,20,252.000,50,253.000,18,255.000,20,320.000,1,400.000,1,0,30,
112035928000,250.000,5,242.000,30,241.000,9,240.000,20,238.000,29,237.000,20,252.000,50,253.000,38,255.000,20,320.000,1,400.000,1,0,30,
112036185000,250.000,5,242.000,9,241.000,9,240.000,20,238.000,29,237.000,20,252.000,29,253.000,38,255.000,20,320.000,1,400.000,1,0,30,
112036185000,250.000,5,242.000,9,241.000,30,240.000,20,238.000,29,237.000,20,252.000,50,253.000,38,255.000,20,320.000,1,400.000,1,0,30,
112036186000,250.000,5,242.000,9,241.000,30,240.000,29,238.000,29,237.000,20,252.000,50,253.000,38,255.000,20,320.000,1,400.000,1,0,30,
112036186000,250.000,5,241.000,30,240.000,29,238.000,29,237.000,20,86.000,1,252.000,50,253.000,38,255.000,20,320.000,1,400.000,1,0,30,
112041368000,250.000,5,241.000,30,240.000,9,238.000,29,237.000,20,86.000,1,252.000,50,253.000,38,320.000,1,400.000,1,414.000,1,0,30,
112041368000,250.000,5,241.000,50,240.000,9,238.000,29,237.000,20,86.000,1,252.000,50,253.000,38,256.000,20,320.000,1,400.000,1,0,30,
112044663000,250.000,5,241.000,50,240.000,9,238.000,9,237.000,20,86.000,1,252.000,50,253.000,18,256.000,20,320.000,1,400.000,1,0,30,
112044868000,250.000,5,241.000,30,240.000,9,238.000,9,237.000,20,86.000,1,252.000,50,253.000,18,320.000,1,400.000,1,414.000,1,0,30,
112044868000,250.000,5,241.000,30,240.000,29,238.000,9,237.000,20,86.000,1,252.000,50,253.000,18,255.000,20,320.000,1,400.000,1,0,30,
112044928000,250.000,5,241.000,30,240.000,29,239.000,20,238.000,9,237.000,20,252.000,50,253.000,18,254.000,20,255.000,20,320.000,1,0,30,
112049286000,250.000,5,241.000,9,240.000,29,239.000,20,238.000,9,237.000,20,252.000,29,253.000,18,254.000,20,255.000,20,320.000,1,0,30,
112049286000,250.000,5,241.000,9,240.000,50,239.000,20,238.000,9,237.000,20,252.000,50,253.000,18,254.000,20,255.000,20,320.000,1,0,30,
112049286000,250.000,5,240.000,50,239.000,20,238.000,9,237.000,20,86.000,1,252.000,50,253.000,18,254.000,20,255.000,20,320.000,1,0,30,
112059289000,250.000,5,240.000,29,239.000,20,238.000,9,237.000,20,86.000,1,252.000,29,253.000,18,254.000,20,255.000,20,320.000,1,0,30,
112059289000,250.000,5,241.000,21,240.000,29,239.000,20,238.000,9,237.000,20,252.000,50,253.000,18,254.000,20,255.000,20,320.000,1,0,30,
112059289000,250.000,5,241.000,30,240.000,29,239.000,20,238.000,9,237.000,20,252.000,50,253.000,18,254.000,20,255.000,20,320.000,1,0,30,
112059518000,250.000,5,241.000,30,240.000,29,238.000,9,237.000,20,86.000,1,252.000,50,253.000,18,255.000,20,320.000,1,400.000,1,0,30,
112100304000,250.000,5,241.000,30,240.000,29,239.000,20,238.000,9,237.000,20,252.000,50,253.000,18,254.000,20,255.000,20,320.000,1,0,30,
112102472000,250.000,5,241.000,30,240.000,29,238.000,9,237.000,20,86.000,1,252.000,50,253.000,18,255.000,20,320.000,1,400.000,1,0,30,
112102494000,250.000,5,241.000,30,240.000,9,238.000,9,237.000,20,86.000,1,252.000,50,253.000,18,320.000,1,400.000,1,414.000,1,0,30,
112102494000,250.000,5,241.000,30,240.000,9,239.000,20,238.000,9,237.000,20,252.000,50,253.000,18,254.000,20,320.000,1,400.000,1,0,30,
112103197000,250.000,5,241.000,9,240.000,9,239.000,20,238.000,9,237.000,20,252.000,29,253.000,18,254.000,20,320.000,1,400.000,1,0,30,
112103197000,250.000,5,241.000,9,240.000,30,239.000,20,238.000,9,237.000,20,252.000,50,253.000,18,254.000,20,320.000,1,400.000,1,0,30,
112103197000,250.000,5,241.000,9,240.000,30,239.000,29,238.000,9,237.000,20,252.000,50,253.000,18,254.000,20,320.000,1,400.000,1,0,30,
112103197000,250.000,5,240.000,30,239.000,29,238.000,9,237.000,20,86.000,1,252.000,50,253.000,18,254.000,20,320.000,1,400.000,1,0,30,
112103252000,250.000,5,240.000,30,239.000,29,238.000,29,237.000,20,86.000,1,252.000,50,253.000,38,254.000,20,320.000,1,400.000,1,0,30,
112104298000,250.000,5,240.000,30,239.000,29,238.000,29,237.000,20,86.000,1,252.000,50,253.000,29,254.000,20,320.000,1,400.000,1,0,30,
112104298000,250.000,5,240.000,30,239.000,29,238.000,29,237.000,20,86.000,1,251.000,9,252.000,50,253.000,29,254.000,20,320.000,1,0,30,
112104299000,250.000,5,240.000,30,239.000,29,238.000,29,237.000,20,86.000,1,251.000,18,252.000,50,253.000,29,254.000,20,320.000,1,0,30,
112104509000,250.000,5,240.000,30,239.000,29,238.000,29,237.000,20,86.000,1,251.000,18,252.000,50,253.000,20,254.000,20,320.000,1,0,30,
112105198000,250.000,5,240.000,9,239.000,29,238.000,29,237.000,20,86.000,1,251.000,18,252.000,29,253.000,20,254.000,20,320.000,1,0,30,
112105198000,250.000,5,240.000,30,239.000,29,238.000,29,237.000,20,86.000,1,250.000,21,251.000,18,252.000,29,253.000,20,254.000,20,0,30,
112105198000,250.000,5,240.000,30,239.000,29,238.000,29,237.000,20,86.000,1,250.000,30,251.000,18,252.000,29,253.000,20,254.000,20,0,30,
112105296000,250.000,5,240.000,9,239.000,29,238.000,29,237.000,20,86.000,1,250.000,9,251.000,18,252.000,29,253.000,20,254.000,20,0,30,
112105296000,250.000,5,240.000,9,239.000,50,238.000,29,237.000,20,86.000,1,250.000,30,251.000,18,252.000,29,253.000,20,254.000,20,0,30,
112105296000,250.000,5,239.000,50,238.000,29,237.000,20,86.000,1,84.000,3,250.000,30,251.000,18,252.000,29,253.000,20,254.000,20,0,30,
112105296000,250.000,5,239.000,50,238.000,29,237.000,20,86.000,1,84.000,3,250.000,21,251.000,18,252.000,29,253.000,20,254.000,20,0,30,
112105706000,250.000,5,239.000,50,238.000,29,237.000,20,86.000,1,84.000,3,250.000,30,251.000,18,252.000,29,253.000,20,254.000,20,0,30,
112106005000,250.000,5,239.000,50,238.000,29,237.000,20,86.000,1,84.000,3,250.000,30,251.000,18,252.000,20,253.000,20,254.000,20,0,30,
112106306000,250.000,5,239.000,29,238.000,29,237.000,20,86.000,1,84.000,3,250.000,9,251.000,18,252.000,20,253.000,20,254.000,20,0,30,
112106306000,250.000,5,240.000,21,239.000,29,238.000,29,237.000,20,86.000,1,250.000,30,251.000,18,252.000,20,253.000,20,254.000,20,0,30,
112106306000,250.000,5,240.000,30,239.000,29,238.000,29,237.000,20,86.000,1,250.000,30,251.000,18,252.000,20,253.000,20,254.000,20,0,30,
112106782000,250.000,5,240.000,30,239.000,29,238.000,20,237.000,20,86.000,1,250.000,30,251.000,18,252.000,20,253.000,20,254.000,20,0,30,
112106906000,250.000,5,240.000,30,239.000,29,238.000,20,237.000,20,236.000,9,250.000,30,251.000,18,252.000,20,253.000,20,254.000,20,0,30,
112107118000,250.000,5,240.000,30,239.000,9,238.000,20,237.000,20,236.000,9,250.000,30,251.000,18,252.000,20,253.000,20,320.000,1,0,30,
112107118000,250.000,5,240.000,30,239.000,9,238.000,40,237.000,20,236.000,9,250.000,30,251.000,18,252.000,20,253.000,40,320.000,1,0,30,
112107199000,250.000,5,240.000,9,239.000,9,238.000,40,237.000,20,236.000,9,250.000,9,251.000,18,252.000,20,253.000,40,320.000,1,0,30,
112107199000,250.000,5,240.000,9,239.000,30,238.000,40,237.000,20,236.000,9,250.000,30,251.000,18,252.000,20,253.000,40,320.000,1,0,30,
112107199000,250.000,5,239.000,30,238.000,40,237.000,20,236.000,9,86.000,1,250.000,30,251.000,18,252.000,20,253.000,40,320.000,1,0,30,
112107868000,250.000,5,239.000,30,238.000,20,237.000,20,236.000,9,86.000,1,250.000,30,251.000,18,252.000,20,253.000,20,320.000,1,0,30,
112107868000,250.000,5,239.000,50,238.000,20,237.000,20,236.000,9,86.000,1,250.000,30,251.000,18,252.000,20,253.000,20,254.000,20,0,30,
112111308000,250.000,5,239.000,29,238.000,20,237.000,20,236.000,9,86.000,1,250.000,9,251.000,18,252.000,20,253.000,20,254.000,20,0,30,
112111308000,250.000,5,240.000,21,239.000,29,238.000,20,237.000,20,236.000,9,250.000,30,251.000,18,252.000,20,253.000,20,254.000,20,0,30,
112111309000,250.000,5,240.000,21,239.000,29,238.000,20,237.000,20,236.000,9,250.000,21,251.000,18,252.000,20,253.000,20,254.000,20,0,30,
112111309000,250.000,5,240.000,30,239.000,29,238.000,20,237.000,20,236.000,9,250.000,21,251.000,18,252.000,20,253.000,20,254.000,20,0,30,
112111309000,250.000,5,240.000,30,239.000,29,238.000,20,237.000,20,236.000,9,250.000,30,251.000,18,252.000,20,253.000,20,254.000,20,0,30,
112112201000,250.000,5,240.000,9,239.000,29,238.000,20,237.000,20,236.000,9,250.000,9,251.000,18,252.000,20,253.000,20,254.000,20,0,30,
112112201000,250.000,5,240.000,9,239.000,50,238.000,20,237.000,20,236.000,9,250.000,30,251.000,18,252.000,20,253.000,20,254.000,20,0,30,
112112201000,250.000,5,239.000,50,238.000,20,237.000,20,236.000,9,86.000,1,250.000,30,251.000,18,252.000,20,253.000,20,254.000,20,0,30,
112112201000,250.000,5,239.000,50,238.000,20,237.000,20,236.000,9,86.000,1,250.000,21,251.000,18,252.000,20,253.000,20,254.000,20,0,30,
112112201000,250.000,5,239.000,50,238.000,20,237.000,20,236.000,9,86.000,1,250.000,30,251.000,18,252.000,20,253.000,20,254.000,20,0,30,
112114493000,250.000,5,239.000,30,238.000,20,237.000,20,236.000,9,86.000,1,250.000,30,251.000,18,252.000,20,253.000,20,320.000,1,0,30,
112114493000,250.000,5,239.000,30,238.000,40,237.000,20,236.000,9,86.000,1,250.000,30,251.000,18,252.000,20,253.000,40,320.000,1,0,30,
112116118000,250.000,5,239.000,30,238.000,20,237.000,20,236.000,9,86.000,1,250.000,30,251.000,18,252.000,20,253.000,20,320.000,1,0,30,
112116118000,250.000,5,239.000,50,238.000,20,237.000,20,236.000,9,86.000,1,250.000,30,251.000,18,252.000,20,253.000,20,254.000,20,0,30,
112116202000,250.000,5,239.000,29,238.000,20,237.000,20,236.000,9,86.000,1,250.000,9,251.000,18,252.000,20,253.000,20,254.000,20,0,30,
112116202000,250.000,5,240.000,21,239.000,29,238.000,20,237.000,20,236.000,9,250.000,30,251.000,18,252.000,20,253.000,20,254.000,20,0,30,
112116202000,250.000,5,240.000,21,239.000,29,238.000,20,237.000,20,236.000,9,250.000,21,251.000,18,252.000,20,253.000,20,254.000,20,0,30,
112116202000,250.000,5,240.000,30,239.000,29,238.000,20,237.000,20,236.000,9,250.000,21,251.000,18,252.000,20,253.000,20,254.000,20,0,30,
112116203000,250.000,5,240.000,30,239.000,29,238.000,20,237.000,20,236.000,9,250.000,30,251.000,18,252.000,20,253.000,20,254.000,20,0,30,
112120305000,250.000,5,240.000,9,239.000,29,238.000,20,237.000,20,236.000,9,250.000,9,251.000,18,252.000,20,253.000,20,254.000,20,0,30,
112120305000,250.000,5,240.000,9,239.000,50,238.000,20,237.000,20,236.000,9,250.000,30,251.000,18,252.000,20,253.000,20,254.000,20,0,30,
112120305000,250.000,5,239.000,50,238.000,20,237.000,20,236.000,9,86.000,1,250.000,30,251.000,18,252.000,20,253.000,20,254.000,20,0,30,
112120305000,250.000,5,239.000,50,238.000,20,237.000,20,236.000,9,86.000,1,250.000,21,251.000,18,252.000,20,253.000,20,254.000,20,0,30,
112120306000,250.000,5,239.000,50,238.000,20,237.000,20,236.000,9,86.000,1,250.000,30,251.000,18,252.000,20,253.000,20,254.000,20,0,30,
112122300000,250.000,5,239.000,29,238.000,20,237.000,20,236.000,9,86.000,1,250.000,9,251.000,18,252.000,20,253.000,20,254.000,20,0,30,
112122300000,250.000,5,240.000,21,239.000,29,238.000,20,237.000,20,236.000,9,250.000,30,251.000,18,252.000,20,253.000,20,254.000,20,0,30,
112122301000,250.000,5,240.000,21,239.000,29,238.000,20,237.000,20,236.000,9,250.000,21,251.000,18,252.000,20,253.000,20,254.000,20,0,30,
112122301000,250.000,5,240.000,30,239.000,29,238.000,20,237.000,20,236.000,9,250.000,21,251.000,18,252.000,20,253.000,20,254.000,20,0,30,
112122301000,250.000,5,240.000,30,239.000,29,238.000,20,237.000,20,236.000,9,250.000,30,251.000,18,252.000,20,253.000,20,254.000,20,0,30,
112123119000,250.000,5,240.000,30,239.000,9,238.000,20,237.000,20,236.000,9,250.000,30,251.000,18,252.000,20,253.000,20,320.000,1,0,30,
112123119000,250.000,5,240.000,50,239.000,9,238.000,20,237.000,20,236.000,9,250.000,30,251.000,18,252.000,20,253.000,20,255.000,20,0,30,
112123300000,250.000,5,240.000,50,239.000,9,237.000,20,236.000,9,86.000,1,250.000,30,251.000,18,252.000,20,255.000,20,320.000,1,0,30,
112123674000,250.000,5,240.000,50,239.000,9,238.000,20,237.000,20,236.000,9,250.000,30,251.000,18,252.000,20,253.000,20,255.000,20,0,30,
112124493000,250.000,5,240.000,30,239.000,9,238.000,20,237.000,20,236.000,9,250.000,30,251.000,18,252.000,20,253.000,20,320.000,1,0,30,
112124493000,250.000,5,240.000,30,239.000,29,238.000,20,237.000,20,236.000,9,250.000,30,251.000,18,252.000,20,253.000,20,254.000,20,0,30,
112126319000,250.000,5,240.000,30,239.000,29,237.000,20,236.000,9,86.000,1,250.000,30,251.000,18,252.000,20,254.000,20,320.000,1,0,30,
112126749000,250.000,5,240.000,30,239.000,29,237.000,40,236.000,9,86.000,1,250.000,30,251.000,18,252.000,40,254.000,20,320.000,1,0,30,
112129243000,250.000,5,240.000,30,239.000,9,237.000,40,236.000,9,86.000,1,250.000,30,251.000,18,252.000,40,320.000,1,400.000,1,0,30,
112129243000,250.000,5,240.000,30,239.000,9,238.000,20,237.000,40,236.000,9,250.000,30,251.000,18,252.000,40,253.000,20,320.000,1,0,30,
112130909000,250.000,5,240.000,30,239.000,9,238.000,20,237.000,20,236.000,9,250.000,30,251.000,18,252.000,20,253.000,20,320.000,1,0,30,
112131005000,250.000,5,240.000,30,239.000,9,238.000,20,237.000,20,236.000,9,250.000,50,251.000,18,252.000,20,253.000,20,320.000,1,0,30,
112131209000,250.000,5,240.000,9,239.000,9,238.000,20,237.000,20,236.000,9,250.000,29,251.000,18,252.000,20,253.000,20,320.000,1,0,30,
112131209000,250.000,5,240.000,9,239.000,30,238.000,20,237.000,20,236.000,9,250.000,50,251.000,18,252.000,20,253.000,20,320.000,1,0,30,
112131209000,250.000,5,239.000,30,238.000,20,237.000,20,236.000,9,235.000,20,250.000,50,251.000,18,252.000,20,253.000,20,320.000,1,0,30,
112136493000,250.000,5,239.000,30,237.000,20,236.000,9,235.000,20,86.000,1,250.000,50,251.000,18,252.000,20,320.000,1,400.000,1,0,30,
112136493000,250.000,5,239.000,50,237.000,20,236.000,9,235.000,20,86.000,1,250.000,50,251.000,18,252.000,20,254.000,20,320.000,1,0,30,
112137211000,250.000,5,239.000,29,237.000,20,236.000,9,235.000,20,86.000,1,250.000,29,251.000,18,252.000,20,254.000,20,320.000,1,0,30,
112137211000,250.000,5,240.000,21,239.000,29,237.000,20,236.000,9,235.000,20,250.000,50,251.000,18,252.000,20,254.000,20,320.000,1,0,30,
112137212000,250.000,5,240.000,30,239.000,29,237.000,20,236.000,9,235.000,20,250.000,50,251.000,18,252.000,20,254.000,20,320.000,1,0,30,
112138993000,250.000,5,240.000,30,239.000,9,237.000,20,236.000,9,235.000,20,250.000,50,251.000,18,252.000,20,320.000,1,400.000,1,0,30,
112138993000,250.000,5,240.000,30,239.000,9,238.000,20,237.000,20,236.000,9,250.000,50,251.000,18,252.000,20,253.000,20,320.000,1,0,30,
112139212000,250.000,5,240.000,9,239.000,9,238.000,20,237.000,20,236.000,9,250.000,29,251.000,18,252.000,20,253.000,20,320.000,1,0,30,
112139212000,250.000,5,240.000,9,239.000,30,238.000,20,237.000,20,236.000,9,250.000,50,251.000,18,252.000,20,253.000,20,320.000,1,0,30,
112139212000,250.000,5,239.000,30,238.000,20,237.000,20,236.000,9,235.000,20,250.000,50,251.000,18,252.000,20,253.000,20,320.000,1,0,30,
112140118000,250.000,5,239.000,30,237.000,20,236.000,9,235.000,20,86.000,1,250.000,50,251.000,18,252.000,20,320.000,1,400.000,1,0,30,
112140118000,250.000,5,239.000,50,237.000,20,236.000,9,235.000,20,86.000,1,250.000,50,251.000,18,252.000,20,254.000,20,320.000,1,0,30,
112146618000,250.000,5,239.000,30,237.000,20,236.000,9,235.000,20,86.000,1,250.000,50,251.000,18,252.000,20,320.000,1,400.000,1,0,30,
112146618000,250.000,5,239.000,30,238.000,20,237.000,20,236.000,9,235.000,20,250.000,50,251.000,18,252.000,20,253.000,20,320.000,1,0,30,
112146800000,250.000,5,239.000,30,238.000,20,236.000,9,235.000,20,86.000,1,250.000,50,251.000,18,253.000,20,320.000,1,400.000,1,0,30,
112147124000,250.000,5,239.000,30,238.000,20,237.000,20,236.000,9,235.000,20,250.000,50,251.000,18,252.000,20,253.000,20,320.000,1,0,30,
112147796000,250.000,5,239.000,30,237.000,20,236.000,9,235.000,20,86.000,1,250.000,50,251.000,18,252.000,20,320.000,1,400.000,1,0,30,
112147796000,250.000,5,239.000,30,237.000,40,236.000,9,235.000,20,86.000,1,250.000,50,251.000,18,252.000,40,320.000,1,400.000,1,0,30,
112148010000,250.000,5,239.000,30,237.000,40,235.000,20,86.000,1,84.000,3,250.000,50,251.000,18,252.000,40,320.000,1,400.000,1,0,30,
112148012000,250.000,5,239.000,30,237.000,20,235.000,20,86.000,1,84.000,3,250.000,50,251.000,18,252.000,20,320.000,1,400.000,1,0,30,
112148109000,250.000,5,239.000,30,235.000,20,86.000,1,84.000,3,39.000,20,250.000,50,251.000,18,320.000,1,400.000,1,414.000,1,0,30,
112148109000,250.000,5,239.000,30,236.000,20,235.000,20,86.000,1,84.000,3,250.000,50,251.000,38,320.000,1,400.000,1,414.000,1,0,30,
112148882000,250.000,5,239.000,9,236.000,20,235.000,20,86.000,1,84.000,3,250.000,29,251.000,38,320.000,1,400.000,1,414.000,1,0,30,
112148882000,250.000,5,239.000,9,238.000,21,236.000,20,235.000,20,86.000,1,250.000,50,251.000,38,320.000,1,400.000,1,414.000,1,0,30,
112148883000,250.000,5,239.000,9,238.000,21,236.000,29,235.000,20,86.000,1,250.000,50,251.000,38,320.000,1,400.000,1,414.000,1,0,30,
112148883000,250.000,5,238.000,21,236.000,29,235.000,20,86.000,1,84.000,3,250.000,50,251.000,38,320.000,1,400.000,1,414.000,1,0,30,
112148883000,250.000,5,238.000,30,236.000,29,235.000,20,86.000,1,84.000,3,250.000,50,251.000,38,320.000,1,400.000,1,414.000,1,0,30,
112148893000,250.000,5,238.000,30,236.000,29,235.000,20,234.000,9,86.000,1,250.000,50,251.000,38,320.000,1,400.000,1,414.000,1,0,30,
112149496000,250.000,5,238.000,30,236.000,9,235.000,20,234.000,9,86.000,1,250.000,50,251.000,18,320.000,1,400.000,1,414.000,1,0,30,
112149496000,250.000,5,238.000,30,237.000,20,236.000,9,235.000,20,234.000,9,250.000,50,251.000,18,252.000,20,320.000,1,400.000,1,0,30,
112152186000,250.000,5,238.000,30,237.000,20,236.000,29,235.000,20,234.000,9,250.000,50,251.000,38,252.000,20,320.000,1,400.000,1,0,30,
112153743000,250.000,5,238.000,30,236.000,29,235.000,20,234.000,9,86.000,1,250.000,50,251.000,38,320.000,1,400.000,1,414.000,1,0,30,
112153743000,250.000,5,238.000,30,236.000,49,235.000,20,234.000,9,86.000,1,250.000,50,251.000,58,320.000,1,400.000,1,414.000,1,0,30,
112154618000,250.000,5,238.000,30,236.000,29,235.000,20,234.000,9,86.000,1,250.000,50,251.000,38,320.000,1,400.000,1,414.000,1,0,30,
112154618000,250.000,5,238.000,30,237.000,20,236.000,29,235.000,20,234.000,9,250.000,50,251.000,38,252.000,20,320.000,1,400.000,1,0,30,
112155493000,250.000,5,238.000,30,236.000,29,235.000,20,234.000,9,86.000,1,250.000,50,251.000,38,320.000,1,400.000,1,414.000,1,0,30,
112155493000,250.000,5,238.000,30,236.000,49,235.000,20,234.000,9,86.000,1,250.000,50,251.000,58,320.000,1,400.000,1,414.000,1,0,30,
112156219000,250.000,5,238.000,9,236.000,49,235.000,20,234.000,9,86.000,1,250.000,29,251.000,58,320.000,1,400.000,1,414.000,1,0,30,
112156219000,250.000,5,238.000,9,237.000,21,236.000,49,235.000,20,234.000,9,250.000,50,251.000,58,320.000,1,400.000,1,414.000,1,0,30,
112156220000,250.000,5,237.000,21,236.000,49,235.000,20,234.000,9,86.000,1,250.000,50,251.000,58,320.000,1,400.000,1,414.000,1,0,30,
112156220000,250.000,5,237.000,30,236.000,49,235.000,20,234.000,9,86.000,1,250.000,50,251.000,58,320.000,1,400.000,1,414.000,1,0,30,
112203118000,250.000,5,237.000,30,236.000,29,235.000,20,234.000,9,86.000,1,250.000,50,251.000,38,320.000,1,400.000,1,414.000,1,0,30,
112203118000,250.000,5,237.000,50,236.000,29,235.000,20,234.000,9,86.000,1,250.000,50,251.000,38,252.000,20,320.000,1,400.000,1,0,30,
112203645000,250.000,5,237.000,50,236.000,9,235.000,20,234.000,9,86.000,1,250.000,50,251.000,18,252.000,20,320.000,1,400.000,1,0,30,
112203743000,250.000,5,237.000,30,236.000,9,235.000,20,234.000,9,86.000,1,250.000,50,251.000,18,320.000,1,400.000,1,414.000,1,0,30,
112203743000,250.000,5,238.000,20,237.000,30,236.000,9,235.000,20,234.000,9,250.000,50,251.000,18,253.000,20,320.000,1,400.000,1,0,30,
112203743000,250.000,5,238.000,29,237.000,30,236.000,9,235.000,20,234.000,9,250.000,50,251.000,18,253.000,20,320.000,1,400.000,1,0,30,
112203778000,250.000,5,238.000,29,237.000,50,236.000,9,235.000,20,234.000,9,250.000,50,251.000,18,252.000,20,253.000,20,320.000,1,0,30,
112204005000,250.000,5,238.000,29,237.000,50,235.000,20,234.000,9,86.000,1,250.000,50,251.000,18,252.000,20,253.000,20,320.000,1,0,30,
112204437000,250.000,5,238.000,29,237.000,29,235.000,20,234.000,9,86.000,1,250.000,29,251.000,18,252.000,20,253.000,20,320.000,1,0,30,
112204437000,250.000,5,239.000,21,238.000,29,237.000,29,235.000,20,234.000,9,250.000,50,251.000,18,252.000,20,253.000,20,320.000,1,0,30,
112204438000,250.000,5,239.000,30,238.000,29,237.000,29,235.000,20,234.000,9,250.000,50,251.000,18,252.000,20,253.000,20,320.000,1,0,30,
112204505000,250.000,5,239.000,30,238.000,29,237.000,20,235.000,20,234.000,9,250.000,50,251.000,18,252.000,20,253.000,20,320.000,1,0,30,
112207336000,250.000,5,239.000,9,238.000,29,237.000,20,235.000,20,234.000,9,250.000,29,251.000,18,252.000,20,253.000,20,320.000,1,0,30,
112207336000,250.000,5,239.000,9,238.000,50,237.000,20,235.000,20,234.000,9,250.000,50,251.000,18,252.000,20,253.000,20,320.000,1,0,30,
112207337000,250.000,5,238.000,50,237.000,20,235.000,20,234.000,9,86.000,1,250.000,50,251.000,18,252.000,20,253.000,20,320.000,1,0,30,
112208337000,250.000,5,238.000,29,237.000,20,235.000,20,234.000,9,86.000,1,250.000,29,251.000,18,252.000,20,253.000,20,320.000,1,0,30,
112208337000,250.000,5,239.000,21,238.000,29,237.000,20,235.000,20,234.000,9,250.000,50,251.000,18,252.000,20,253.000,20,320.000,1,0,30,
112208337000,250.000,5,239.000,30,238.000,29,237.000,20,235.000,20,234.000,9,250.000,50,251.000,18,252.000,20,253.000,20,320.000,1,0,30,
112209870000,250.000,5,239.000,30,238.000,9,237.000,20,235.000,20,234.000,9,250.000,50,251.000,18,252.000,20,320.000,1,400.000,1,0,30,
112209870000,250.000,5,239.000,30,238.000,9,237.000,40,235.000,20,234.000,9,250.000,50,251.000,18,252.000,40,320.000,1,400.000,1,0,30,
112210868000,250.000,5,239.000,30,238.000,9,237.000,20,235.000,20,234.000,9,250.000,50,251.000,18,252.000,20,320.000,1,400.000,1,0,30,
112210868000,250.000,5,239.000,30,238.000,29,237.000,20,235.000,20,234.000,9,250.000,50,251.000,18,252.000,20,253.000,20,320.000,1,0,30,
112212118000,250.000,5,239.000,30,238.000,9,237.000,20,235.000,20,234.000,9,250.000,50,251.000,18,252.000,20,320.000,1,400.000,1,0,30,
112212118000,250.000,5,239.000,30,238.000,9,237.000,40,235.000,20,234.000,9,250.000,50,251.000,18,252.000,40,320.000,1,400.000,1,0,30,
112212226000,250.000,5,239.000,9,238.000,9,237.000,40,235.000,20,234.000,9,250.000,29,251.000,18,252.000,40,320.000,1,400.000,1,0,30,
112212226000,250.000,5,239.000,9,238.000,30,237.000,40,235.000,20,234.000,9,250.000,50,251.000,18,252.000,40,320.000,1,400.000,1,0,30,
112212227000,250.000,5,238.000,30,237.000,40,235.000,20,234.000,9,86.000,1,250.000,50,251.000,18,252.000,40,320.000,1,400.000,1,0,30,
112216340000,250.000,5,238.000,9,237.000,40,235.000,20,234.000,9,86.000,1,250.000,29,251.000,18,252.000,40,320.000,1,400.000,1,0,30,
112216340000,250.000,5,239.000,21,238.000,9,237.000,40,235.000,20,234.000,9,250.000,50,251.000,18,252.000,40,320.000,1,400.000,1,0,30,
112216340000,250.000,5,239.000,21,237.000,40,235.000,20,234.000,9,86.000,1,250.000,50,251.000,18,252.000,40,320.000,1,400.000,1,0,30,
112216368000,250.000,5,239.000,21,237.000,20,235.000,20,234.000,9,86.000,1,250.000,50,251.000,18,252.000,20,320.000,1,400.000,1,0,30,
112216368000,250.000,5,239.000,21,238.000,20,237.000,20,235.000,20,234.000,9,250.000,50,251.000,18,252.000,20,253.000,20,320.000,1,0,30,
112216855000,250.000,5,239.000,30,238.000,20,237.000,20,235.000,20,234.000,9,250.000,50,251.000,18,252.000,20,253.000,20,320.000,1,0,30,
112217743000,250.000,5,239.000,30,237.000,20,235.000,20,234.000,9,86.000,1,250.000,50,251.000,18,252.000,20,320.000,1,400.000,1,0,30,
112217743000,250.000,5,239.000,30,237.000,40,235.000,20,234.000,9,86.000,1,250.000,50,251.000,18,252.000,40,320.000,1,400.000,1,0,30,
112218229000,250.000,5,239.000,9,237.000,40,235.000,20,234.000,9,86.000,1,250.000,29,251.000,18,252.000,40,320.000,1,400.000,1,0,30,
112218229000,250.000,5,239.000,9,238.000,21,237.000,40,235.000,20,234.000,9,250.000,50,251.000,18,252.000,40,320.000,1,400.000,1,0,30,
112218229000,250.000,5,238.000,21,237.000,40,235.000,20,234.000,9,86.000,1,250.000,50,251.000,18,252.000,40,320.000,1,400.000,1,0,30,
112218229000,250.000,5,238.000,21,237.000,49,235.000,20,234.000,9,86.000,1,250.000,50,251.000,18,252.000,40,320.000,1,400.000,1,0,30,
112218229000,250.000,5,238.000,30,237.000,49,235.000,20,234.000,9,86.000,1,250.000,50,251.000,18,252.000,40,320.000,1,400.000,1,0,30,
112219204000,250.000,5,238.000,30,237.000,29,235.000,20,234.000,9,86.000,1,250.000,50,251.000,18,252.000,20,320.000,1,400.000,1,0,30,
112220012000,250.000,5,238.000,30,237.000,29,236.000,20,235.000,20,234.000,9,250.000,50,251.000,38,252.000,20,320.000,1,400.000,1,0,30,
112225994000,250.000,5,238.000,30,237.000,9,236.000,20,235.000,20,234.000,9,250.000,50,251.000,38,320.000,1,400.000,1,414.000,1,0,30,
112225994000,250.000,5,238.000,30,237.000,9,236.000,40,235.000,20,234.000,9,250.000,50,251.000,58,320.000,1,400.000,1,414.000,1,0,30,
112226232000,250.000,5,238.000,9,237.000,9,236.000,40,235.000,20,234.000,9,250.000,29,251.000,58,320.000,1,400.000,1,414.000,1,0,30,
112226232000,250.000,5,238.000,9,237.000,30,236.000,40,235.000,20,234.000,9,250.000,50,251.000,58,320.000,1,400.000,1,414.000,1,0,30,
112226232000,250.000,5,237.000,30,236.000,40,235.000,20,234.000,9,86.000,1,250.000,50,251.000,58,320.000,1,400.000,1,414.000,1,0,30,
112226232000,250.000,5,237.000,30,236.000,49,235.000,20,234.000,9,86.000,1,250.000,50,251.000,58,320.000,1,400.000,1,414.000,1,0,30,
112226246000,250.000,5,237.000,30,236.000,29,235.000,20,234.000,9,86.000,1,250.000,50,251.000,38,320.000,1,400.000,1,414.000,1,0,30,
112226282000,250.000,5,237.000,30,236.000,29,235.000,40,234.000,9,86.000,1,250.000,70,251.000,38,320.000,1,400.000,1,414.000,1,0,30,
112226361000,250.000,5,237.000,30,236.000,29,235.000,40,234.000,9,86.000,1,250.000,70,251.000,29,320.000,1,400.000,1,414.000,1,0,30,
112226361000,250.000,5,237.000,30,236.000,29,235.000,40,234.000,9,86.000,1,249.000,9,250.000,70,251.000,29,320.000,1,400.000,1,0,30,
112226362000,250.000,5,237.000,30,236.000,29,235.000,40,234.000,9,86.000,1,249.000,18,250.000,70,251.000,29,320.000,1,400.000,1,0,30,
112226505000,250.000,5,237.000,30,236.000,29,235.000,40,234.000,9,86.000,1,249.000,18,250.000,70,251.000,20,320.000,1,400.000,1,0,30,
112227233000,250.000,5,237.000,9,236.000,29,235.000,40,234.000,9,86.000,1,249.000,18,250.000,49,251.000,20,320.000,1,400.000,1,0,30,
112227233000,250.000,5,237.000,30,236.000,29,235.000,40,234.000,9,86.000,1,248.000,21,249.000,18,250.000,49,251.000,20,320.000,1,0,30,
112227233000,250.000,5,237.000,21,236.000,29,235.000,40,234.000,9,86.000,1,248.000,21,249.000,18,250.000,49,251.000,20,320.000,1,0,30,
112227233000,250.000,5,237.000,21,236.000,29,235.000,40,234.000,9,86.000,1,248.000,30,249.000,18,250.000,49,251.000,20,320.000,1,0,30,
112227233000,250.000,5,237.000,30,236.000,29,235.000,40,234.000,9,86.000,1,248.000,30,249.000,18,250.000,49,251.000,20,320.000,1,0,30,
112227506000,250.000,5,237.000,30,236.000,29,235.000,40,234.000,9,86.000,1,248.000,30,249.000,18,250.000,40,251.000,20,320.000,1,0,30,
112228233000,250.000,5,237.000,9,236.000,29,235.000,40,234.000,9,86.000,1,248.000,9,249.000,18,250.000,40,251.000,20,320.000,1,0,30,
112228233000,250.000,5,238.000,21,237.000,9,236.000,29,235.000,40,234.000,9,248.000,30,249.000,18,250.000,40,251.000,20,320.000,1,0,30,
112228233000,250.000,5,238.000,21,236.000,29,235.000,40,234.000,9,86.000,1,248.000,30,249.000,18,250.000,40,251.000,20,320.000,1,0,30,
112228233000,250.000,5,238.000,21,236.000,29,235.000,40,234.000,9,86.000,1,248.000,21,249.000,18,250.000,40,251.000,20,320.000,1,0,30,
112228233000,250.000,5,238.000,30,236.000,29,235.000,40,234.000,9,86.000,1,248.000,21,249.000,18,250.000,40,251.000,20,320.000,1,0,30,
112228234000,250.000,5,238.000,30,236.000,29,235.000,40,234.000,9,86.000,1,248.000,30,249.000,18,250.000,40,251.000,20,320.000,1,0,30,
112229743000,250.000,5,238.000,30,236.000,9,235.000,40,234.000,9,86.000,1,248.000,30,249.000,18,250.000,40,320.000,1,400.000,1,0,30,
112229743000,250.000,5,238.000,30,237.000,20,236.000,9,235.000,40,234.000,9,248.000,30,249.000,18,250.000,40,252.000,20,320.000,1,0,30,
112238743000,250.000,5,238.000,30,236.000,9,235.000,40,234.000,9,86.000,1,248.000,30,249.000,18,250.000,40,320.000,1,400.000,1,0,30,
112238743000,250.000,5,238.000,30,236.000,29,235.000,40,234.000,9,86.000,1,248.000,30,249.000,18,250.000,40,251.000,20,320.000,1,0,30,
112239238000,250.000,5,238.000,9,236.000,29,235.000,40,234.000,9,86.000,1,248.000,9,249.000,18,250.000,40,251.000,20,320.000,1,0,30,
112239238000,250.000,5,238.000,9,237.000,21,236.000,29,235.000,40,234.000,9,248.000,30,249.000,18,250.000,40,251.000,20,320.000,1,0,30,
112239238000,250.000,5,237.000,21,236.000,29,235.000,40,234.000,9,86.000,1,248.000,30,249.000,18,250.000,40,251.000,20,320.000,1,0,30,
112239238000,250.000,5,237.000,21,236.000,29,235.000,40,234.000,9,86.000,1,248.000,21,249.000,18,250.000,40,251.000,20,320.000,1,0,30,
112239238000,250.000,5,237.000,30,236.000,29,235.000,40,234.000,9,86.000,1,248.000,21,249.000,18,250.000,40,251.000,20,320.000,1,0,30,
112239238000,250.000,5,237.000,30,236.000,29,235.000,40,234.000,9,86.000,1,248.000,30,249.000,18,250.000,40,251.000,20,320.000,1,0,30,
112246300000,250.000,5,237.000,30,236.000,29,235.000,20,234.000,9,86.000,1,248.000,30,249.000,18,250.000,20,251.000,20,320.000,1,0,30,
112246618000,250.000,5,237.000,30,236.000,9,235.000,20,234.000,9,86.000,1,248.000,30,249.000,18,250.000,20,320.000,1,400.000,1,0,30,
112246618000,250.000,5,237.000,30,236.000,9,235.000,40,234.000,9,86.000,1,248.000,30,249.000,18,250.000,40,320.000,1,400.000,1,0,30,
112246847000,250.000,5,237.000,30,236.000,9,235.000,60,234.000,9,86.000,1,248.000,30,249.000,18,250.000,60,320.000,1,400.000,1,0,30,
112247807000,250.000,5,237.000,30,236.000,9,235.000,40,234.000,9,86.000,1,248.000,30,249.000,18,250.000,40,320.000,1,400.000,1,0,30,
112247807000,250.000,5,237.000,30,236.000,29,235.000,40,234.000,9,86.000,1,248.000,30,249.000,18,250.000,40,251.000,20,320.000,1,0,30,
112251368000,250.000,5,237.000,30,236.000,9,235.000,40,234.000,9,86.000,1,248.000,30,249.000,18,250.000,40,320.000,1,400.000,1,0,30,
112251368000,250.000,5,237.000,30,236.000,9,235.000,60,234.000,9,86.000,1,248.000,30,249.000,18,250.000,60,320.000,1,400.000,1,0,30,
112255582000,250.000,5,237.000,30,236.000,9,235.000,40,234.000,9,86.000,1,248.000,30,249.000,18,250.000,40,320.000,1,400.000,1,0,30,
112255880000,250.000,5,237.000,30,236.000,9,235.000,40,234.000,9,233.000,20,248.000,50,249.000,18,250.000,40,320.000,1,400.000,1,0,30,
112306900000,250.000,5,237.000,30,236.000,9,235.000,20,234.000,9,233.000,20,248.000,50,249.000,18,250.000,20,320.000,1,400.000,1,0,30,
112307268000,250.000,5,237.000,30,236.000,9,235.000,20,234.000,29,233.000,20,248.000,50,249.000,38,250.000,20,320.000,1,400.000,1,0,30,
112312868000,250.000,5,237.000,30,236.000,9,234.000,29,233.000,20,86.000,1,248.000,50,249.000,38,320.000,1,400.000,1,414.000,1,0,30,
112312868000,250.000,5,237.000,30,236.000,29,234.000,29,233.000,20,86.000,1,248.000,50,249.000,38,251.000,20,320.000,1,400.000,1,0,30,
112314618000,250.000,5,237.000,30,236.000,9,234.000,29,233.000,20,86.000,1,248.000,50,249.000,38,320.000,1,400.000,1,414.000,1,0,30,
112314618000,250.000,5,237.000,30,236.000,9,235.000,20,234.000,29,233.000,20,248.000,50,249.000,38,250.000,20,320.000,1,400.000,1,0,30,
112318379000,250.000,5,237.000,9,236.000,9,235.000,20,234.000,29,233.000,20,248.000,29,249.000,38,250.000,20,320.000,1,400.000,1,0,30,
112318379000,250.000,5,237.000,9,236.000,30,235.000,20,234.000,29,233.000,20,248.000,50,249.000,38,250.000,20,320.000,1,400.000,1,0,30,
112318380000,250.000,5,237.000,9,236.000,30,235.000,29,234.000,29,233.000,20,248.000,50,249.000,38,250.000,20,320.000,1,400.000,1,0,30,
112318380000,250.000,5,236.000,30,235.000,29,234.000,29,233.000,20,86.000,1,248.000,50,249.000,38,250.000,20,320.000,1,400.000,1,0,30,
112321357000,250.000,5,236.000,9,235.000,29,234.000,29,233.000,20,86.000,1,248.000,29,249.000,38,250.000,20,320.000,1,400.000,1,0,30,
112321357000,250.000,5,237.000,21,236.000,9,235.000,29,234.000,29,233.000,20,248.000,50,249.000,38,250.000,20,320.000,1,400.000,1,0,30,
112321357000,250.000,5,237.000,21,235.000,29,234.000,29,233.000,20,86.000,1,248.000,50,249.000,38,250.000,20,320.000,1,400.000,1,0,30,
112321357000,250.000,5,237.000,30,235.000,29,234.000,29,233.000,20,86.000,1,248.000,50,249.000,38,250.000,20,320.000,1,400.000,1,0,30,
112322650000,250.000,5,237.000,30,235.000,9,234.000,29,233.000,20,86.000,1,248.000,50,249.000,38,320.000,1,400.000,1,414.000,1,0,30,
112322650000,250.000,5,237.000,30,236.000,20,235.000,9,234.000,29,233.000,20,248.000,50,249.000,38,251.000,20,320.000,1,400.000,1,0,30,
112323986000,250.000,5,237.000,9,236.000,20,235.000,9,234.000,29,233.000,20,248.000,29,249.000,38,251.000,20,320.000,1,400.000,1,0,30,
112323986000,250.000,5,237.000,9,236.000,20,235.000,30,234.000,29,233.000,20,248.000,50,249.000,38,251.000,20,320.000,1,400.000,1,0,30,
112323990000,250.000,5,237.000,9,236.000,20,235.000,30,234.000,29,233.000,20,248.000,50,249.000,29,251.000,20,320.000,1,400.000,1,0,30,
112323991000,250.000,5,237.000,9,235.000,30,234.000,29,233.000,20,86.000,1,248.000,50,249.000,29,320.000,1,400.000,1,414.000,1,0,30,
112323991000,250.000,5,237.000,9,235.000,50,234.000,29,233.000,20,86.000,1,248.000,50,249.000,29,250.000,20,320.000,1,400.000,1,0,30,
112323992000,250.000,5,237.000,9,235.000,50,234.000,20,233.000,20,86.000,1,248.000,50,249.000,29,250.000,20,320.000,1,400.000,1,0,30,
112323994000,250.000,5,235.000,50,234.000,20,233.000,20,86.000,1,84.000,3,248.000,50,249.000,29,250.000,20,320.000,1,400.000,1,0,30,
112323998000,250.000,5,235.000,30,234.000,20,233.000,20,86.000,1,84.000,3,248.000,50,249.000,29,320.000,1,400.000,1,414.000,1,0,30,
112323998000,250.000,5,235.000,30,234.000,40,233.000,20,86.000,1,84.000,3,248.000,50,249.000,49,320.000,1,400.000,1,414.000,1,0,30,
112325081000,250.000,5,235.000,9,234.000,40,233.000,20,86.000,1,84.000,3,248.000,29,249.000,49,320.000,1,400.000,1,414.000,1,0,30,
112325081000,250.000,5,236.000,21,235.000,9,234.000,40,233.000,20,86.000,1,248.000,50,249.000,49,320.000,1,400.000,1,414.000,1,0,30,
112325083000,250.000,5,236.000,21,235.000,9,234.000,49,233.000,20,86.000,1,248.000,50,249.000,49,320.000,1,400.000,1,414.000,1,0,30,
112325083000,250.000,5,236.000,30,235.000,9,234.000,49,233.000,20,86.000,1,248.000,50,249.000,49,320.000,1,400.000,1,414.000,1,0,30,
112325083000,250.000,5,236.000,30,234.000,49,233.000,20,86.000,1,84.000,3,248.000,50,249.000,49,320.000,1,400.000,1,414.000,1,0,30,
112325083000,250.000,5,236.000,30,234.000,49,233.000,20,232.000,9,86.000,1,248.000,50,249.000,49,320.000,1,400.000,1,414.000,1,0,30,
112325119000,250.000,5,236.000,30,234.000,29,233.000,20,232.000,9,86.000,1,248.000,50,249.000,29,320.000,1,400.000,1,414.000,1,0,30,
112325119000,250.000,5,236.000,30,235.000,20,234.000,29,233.000,20,232.000,9,248.000,50,249.000,29,250.000,20,320.000,1,400.000,1,0,30,
112327300000,250.000,5,236.000,30,235.000,20,234.000,9,233.000,20,232.000,9,248.000,50,249.000,9,250.000,20,320.000,1,400.000,1,0,30,
112328612000,250.000,5,236.000,30,235.000,20,234.000,29,233.000,20,232.000,9,248.000,50,249.000,29,250.000,20,320.000,1,400.000,1,0,30,
112337993000,250.000,5,236.000,30,234.000,29,233.000,20,232.000,9,86.000,1,248.000,50,249.000,29,320.000,1,400.000,1,414.000,1,0,30,
112337993000,250.000,5,236.000,50,234.000,29,233.000,20,232.000,9,86.000,1,248.000,50,249.000,29,251.000,20,320.000,1,400.000,1,0,30,
112339243000,250.000,5,236.000,30,234.000,29,233.000,20,232.000,9,86.000,1,248.000,50,249.000,29,320.000,1,400.000,1,414.000,1,0,30,
112339243000,250.000,5,236.000,30,235.000,20,234.000,29,233.000,20,232.000,9,248.000,50,249.000,29,250.000,20,320.000,1,400.000,1,0,30,
112344370000,250.000,5,236.000,30,234.000,29,233.000,20,232.000,9,86.000,1,248.000,50,249.000,29,320.000,1,400.000,1,414.000,1,0,30,
112344370000,250.000,5,236.000,50,234.000,29,233.000,20,232.000,9,86.000,1,248.000,50,249.000,29,251.000,20,320.000,1,400.000,1,0,30,
112348700000,250.000,5,236.000,50,234.000,9,233.000,20,232.000,9,86.000,1,248.000,50,249.000,9,251.000,20,320.000,1,400.000,1,0,30,
112349273000,250.000,5,236.000,50,235.000,20,234.000,9,233.000,20,232.000,9,248.000,50,249.000,9,250.000,20,251.000,20,320.000,1,0,30,
112350541000,250.000,5,236.000,50,235.000,20,234.000,9,233.000,20,86.000,1,248.000,50,249.000,9,250.000,20,251.000,20,320.000,1,0,30,
112350542000,250.000,5,236.000,50,235.000,20,234.000,9,233.000,20,86.000,1,248.000,50,249.000,18,250.000,20,251.000,20,320.000,1,0,30,
112350544000,250.000,5,236.000,50,235.000,20,234.000,18,233.000,20,86.000,1,248.000,50,249.000,18,250.000,20,251.000,20,320.000,1,0,30,
112350619000,250.000,5,236.000,30,235.000,20,234.000,18,233.000,20,86.000,1,248.000,50,249.000,18,250.000,20,320.000,1,400.000,1,0,30,
112350619000,250.000,5,237.000,20,236.000,30,235.000,20,234.000,18,233.000,20,248.000,50,249.000,18,250.000,20,252.000,20,320.000,1,0,30,
112350619000,250.000,5,237.000,29,236.000,30,235.000,20,234.000,18,233.000,20,248.000,50,249.000,18,250.000,20,252.000,20,320.000,1,0,30,
112351005000,250.000,5,237.000,29,236.000,30,235.000,20,234.000,9,233.000,20,248.000,50,249.000,18,250.000,20,252.000,20,320.000,1,0,30,
112351269000,250.000,5,237.000,29,236.000,9,235.000,20,234.000,9,233.000,20,248.000,29,249.000,18,250.000,20,252.000,20,320.000,1,0,30,
112351269000,250.000,5,238.000,21,237.000,29,236.000,9,235.000,20,234.000,9,248.000,50,249.000,18,250.000,20,252.000,20,320.000,1,0,30,
112351269000,250.000,5,238.000,30,237.000,29,236.000,9,235.000,20,234.000,9,248.000,50,249.000,18,250.000,20,252.000,20,320.000,1,0,30,
112351505000,250.000,5,238.000,30,237.000,29,235.000,20,234.000,9,233.000,20,248.000,50,249.000,18,250.000,20,252.000,20,320.000,1,0,30,
112359392000,250.000,5,238.000,9,237.000,29,235.000,20,234.000,9,233.000,20,248.000,29,249.000,18,250.000,20,252.000,20,320.000,1,0,30,
112359392000,250.000,5,238.000,9,237.000,50,235.000,20,234.000,9,233.000,20,248.000,50,249.000,18,250.000,20,252.000,20,320.000,1,0,30,
112359393000,250.000,5,237.000,50,235.000,20,234.000,9,233.000,20,86.000,1,248.000,50,249.000,18,250.000,20,252.000,20,320.000,1,0,30,
112400395000,250.000,5,237.000,29,235.000,20,234.000,9,233.000,20,86.000,1,248.000,29,249.000,18,250.000,20,252.000,20,320.000,1,0,30,
112400395000,250.000,5,238.000,21,237.000,29,235.000,20,234.000,9,233.000,20,248.000,50,249.000,18,250.000,20,252.000,20,320.000,1,0,30,
112400905000,250.000,5,238.000,30,237.000,29,235.000,20,234.000,9,233.000,20,248.000,50,249.000,18,250.000,20,252.000,20,320.000,1,0,30,
112401299000,250.000,5,238.000,9,237.000,29,235.000,20,234.000,9,233.000,20,248.000,29,249.000,18,250.000,20,252.000,20,320.000,1,0,30,
112401299000,250.000,5,238.000,9,237.000,50,235.000,20,234.000,9,233.000,20,248.000,50,249.000,18,250.000,20,252.000,20,320.000,1,0,30,
112401299000,250.000,5,237.000,50,235.000,20,234.000,9,233.000,20,86.000,1,248.000,50,249.000,18,250.000,20,252.000,20,320.000,1,0,30,
112406994000,250.000,5,237.000,30,235.000,20,234.000,9,233.000,20,86.000,1,248.000,50,249.000,18,250.000,20,320.000,1,400.000,1,0,30,
112406994000,250.000,5,237.000,30,236.000,20,235.000,20,234.000,9,233.000,20,248.000,50,249.000,18,250.000,20,251.000,20,320.000,1,0,30,
112409300000,250.000,5,237.000,30,236.000,20,234.000,9,233.000,20,86.000,1,248.000,50,249.000,18,251.000,20,320.000,1,400.000,1,0,30,
112411124000,250.000,5,237.000,9,236.000,20,234.000,9,233.000,20,86.000,1,248.000,29,249.000,18,251.000,20,320.000,1,400.000,1,0,30,
112411124000,250.000,5,238.000,21,237.000,9,236.000,20,234.000,9,233.000,20,248.000,50,249.000,18,251.000,20,320.000,1,400.000,1,0,30,
112411124000,250.000,5,238.000,21,236.000,20,234.000,9,233.000,20,86.000,1,248.000,50,249.000,18,251.000,20,320.000,1,400.000,1,0,30,
112411124000,250.000,5,238.000,21,236.000,29,234.000,9,233.000,20,86.000,1,248.000,50,249.000,18,251.000,20,320.000,1,400.000,1,0,30,
112411124000,250.000,5,238.000,30,236.000,29,234.000,9,233.000,20,86.000,1,248.000,50,249.000,18,251.000,20,320.000,1,400.000,1,0,30,
112411271000,250.000,5,238.000,30,236.000,29,234.000,29,233.000,20,86.000,1,248.000,50,249.000,38,251.000,20,320.000,1,400.000,1,0,30,
112411277000,250.000,5,238.000,9,236.000,29,234.000,29,233.000,20,86.000,1,248.000,29,249.000,38,251.000,20,320.000,1,400.000,1,0,30,
112411277000,250.000,5,238.000,9,237.000,21,236.000,29,234.000,29,233.000,20,248.000,50,249.000,38,251.000,20,320.000,1,400.000,1,0,30,
112411277000,250.000,5,237.000,21,236.000,29,234.000,29,233.000,20,86.000,1,248.000,50,249.000,38,251.000,20,320.000,1,400.000,1,0,30,
112411277000,250.000,5,237.000,30,236.000,29,234.000,29,233.000,20,86.000,1,248.000,50,249.000,38,251.000,20,320.000,1,400.000,1,0,30,
112413370000,250.000,5,237.000,30,236.000,9,234.000,29,233.000,20,86.000,1,248.000,50,249.000,38,320.000,1,400.000,1,414.000,1,0,30,
112413370000,250.000,5,237.000,50,236.000,9,234.000,29,233.000,20,86.000,1,248.000,50,249.000,38,252.000,20,320.000,1,400.000,1,0,30,
112416369000,250.000,5,237.000,50,236.000,9,234.000,9,233.000,20,86.000,1,248.000,50,249.000,18,252.000,20,320.000,1,400.000,1,0,30,
112416712000,250.000,5,237.000,50,236.000,9,235.000,20,234.000,9,233.000,20,248.000,50,249.000,18,250.000,20,252.000,20,320.000,1,0,30,
112432744000,250.000,5,237.000,30,236.000,9,235.000,20,234.000,9,233.000,20,248.000,50,249.000,18,250.000,20,320.000,1,400.000,1,0,30,
112432744000,250.000,5,238.000,20,237.000,30,236.000,9,235.000,20,234.000,9,248.000,50,249.000,18,250.000,20,253.000,20,320.000,1,0,30,
112432744000,250.000,5,238.000,29,237.000,30,236.000,9,235.000,20,234.000,9,248.000,50,249.000,18,250.000,20,253.000,20,320.000,1,0,30,
112433005000,250.000,5,238.000,29,237.000,30,235.000,20,234.000,9,233.000,20,248.000,50,249.000,18,250.000,20,253.000,20,320.000,1,0,30,
112433118000,250.000,5,238.000,9,237.000,30,235.000,20,234.000,9,233.000,20,248.000,50,249.000,18,250.000,20,320.000,1,400.000,1,0,30,
112433118000,250.000,5,238.000,9,237.000,50,235.000,20,234.000,9,233.000,20,248.000,50,249.000,18,250.000,20,252.000,20,320.000,1,0,30,
112433118000,250.000,5,237.000,50,235.000,20,234.000,9,233.000,20,86.000,1,248.000,50,249.000,18,250.000,20,252.000,20,320.000,1,0,30,
112434994000,250.000,5,237.000,30,235.000,20,234.000,9,233.000,20,86.000,1,248.000,50,249.000,18,250.000,20,320.000,1,400.000,1,0,30,
112434994000,250.000,5,237.000,30,236.000,20,235.000,20,234.000,9,233.000,20,248.000,50,249.000,18,250.000,20,251.000,20,320.000,1,0,30,
112436800000,250.000,5,237.000,30,236.000,20,234.000,9,233.000,20,86.000,1,248.000,50,249.000,18,251.000,20,320.000,1,400.000,1,0,30,
112436943000,250.000,5,237.000,30,236.000,20,235.000,20,234.000,9,233.000,20,248.000,50,249.000,18,250.000,20,251.000,20,320.000,1,0,30,
112456618000,250.000,5,237.000,30,235.000,20,234.000,9,233.000,20,86.000,1,248.000,50,249.000,18,250.000,20,320.000,1,400.000,1,0,30,
112456618000,250.000,5,237.000,50,235.000,20,234.000,9,233.000,20,86.000,1,248.000,50,249.000,18,250.000,20,252.000,20,320.000,1,0,30,
112457000000,250.000,5,237.000,50,234.000,9,233.000,20,86.000,1,84.000,3,248.000,50,249.000,18,252.000,20,320.000,1,400.000,1,0,30,
112457052000,250.000,5,237.000,50,235.000,20,234.000,9,233.000,20,86.000,1,248.000,50,249.000,18,250.000,20,252.000,20,320.000,1,0,30,
112505618000,250.000,5,237.000,30,235.000,20,234.000,9,233.000,20,86.000,1,248.000,50,249.000,18,250.000,20,320.000,1,400.000,1,0,30,
112505618000,250.000,5,238.000,20,237.000,30,235.000,20,234.000,9,233.000,20,248.000,50,249.000,18,250.000,20,253.000,20,320.000,1,0,30,
112505619000,250.000,5,238.000,29,237.000,30,235.000,20,234.000,9,233.000,20,248.000,50,249.000,18,250.000,20,253.000,20,320.000,1,0,30,
112505648000,250.000,5,238.000,29,237.000,30,235.000,20,234.000,9,86.000,1,248.000,30,249.000,18,250.000,20,253.000,20,320.000,1,0,30,
112505966000,250.000,5,238.000,29,237.000,30,235.000,40,234.000,9,86.000,1,248.000,30,249.000,18,250.000,40,253.000,20,320.000,1,0,30,
112506301000,250.000,5,238.000,29,237.000,9,235.000,40,234.000,9,86.000,1,248.000,9,249.000,18,250.000,40,253.000,20,320.000,1,0,30,
112506301000,250.000,5,239.000,21,238.000,29,237.000,9,235.000,40,234.000,9,248.000,30,249.000,18,250.000,40,253.000,20,320.000,1,0,30,
112506301000,250.000,5,239.000,21,238.000,29,237.000,9,235.000,40,234.000,9,248.000,21,249.000,18,250.000,40,253.000,20,320.000,1,0,30,
112506301000,250.000,5,239.000,30,238.000,29,237.000,9,235.000,40,234.000,9,248.000,21,249.000,18,250.000,40,253.000,20,320.000,1,0,30,
112506301000,250.000,5,239.000,30,238.000,29,237.000,9,235.000,40,234.000,9,248.000,30,249.000,18,250.000,40,253.000,20,320.000,1,0,30,
112506428000,250.000,5,239.000,9,238.000,29,237.000,9,235.000,40,234.000,9,248.000,9,249.000,18,250.000,40,253.000,20,320.000,1,0,30,
112506428000,250.000,5,239.000,9,238.000,50,237.000,9,235.000,40,234.000,9,248.000,30,249.000,18,250.000,40,253.000,20,320.000,1,0,30,
112506429000,250.000,5,238.000,50,237.000,9,235.000,40,234.000,9,86.000,1,248.000,30,249.000,18,250.000,40,253.000,20,320.000,1,0,30,
112506429000,250.000,5,238.000,50,237.000,9,235.000,40,234.000,9,86.000,1,248.000,21,249.000,18,250.000,40,253.000,20,320.000,1,0,30,
112506429000,250.000,5,238.000,50,237.000,9,235.000,40,234.000,9,86.000,1,248.000,30,249.000,18,250.000,40,253.000,20,320.000,1,0,30,
112507429000,250.000,5,238.000,29,237.000,9,235.000,40,234.000,9,86.000,1,248.000,9,249.000,18,250.000,40,253.000,20,320.000,1,0,30,
112507429000,250.000,5,239.000,21,238.000,29,237.000,9,235.000,40,234.000,9,248.000,30,249.000,18,250.000,40,253.000,20,320.000,1,0,30,
112507429000,250.000,5,239.000,21,238.000,29,237.000,9,235.000,40,234.000,9,248.000,21,249.000,18,250.000,40,253.000,20,320.000,1,0,30,
112507429000,250.000,5,239.000,30,238.000,29,237.000,9,235.000,40,234.000,9,248.000,21,249.000,18,250.000,40,253.000,20,320.000,1,0,30,
112507429000,250.000,5,239.000,30,238.000,29,237.000,9,235.000,40,234.000,9,248.000,30,249.000,18,250.000,40,253.000,20,320.000,1,0,30,
112507505000,250.000,5,239.000,30,238.000,29,235.000,40,234.000,9,86.000,1,248.000,30,249.000,18,250.000,40,253.000,20,320.000,1,0,30,
112509614000,250.000,5,239.000,30,238.000,29,235.000,20,234.000,9,86.000,1,248.000,30,249.000,18,250.000,20,253.000,20,320.000,1,0,30,
112509868000,250.000,5,239.000,30,238.000,9,235.000,20,234.000,9,86.000,1,248.000,30,249.000,18,250.000,20,320.000,1,400.000,1,0,30,
112509868000,250.000,5,239.000,50,238.000,9,235.000,20,234.000,9,86.000,1,248.000,30,249.000,18,250.000,20,254.000,20,320.000,1,0,30,
112509894000,250.000,5,239.000,50,238.000,9,236.000,20,235.000,20,234.000,9,248.000,30,249.000,18,250.000,20,251.000,20,254.000,20,0,30,
112510118000,250.000,5,239.000,30,238.000,9,236.000,20,235.000,20,234.000,9,248.000,30,249.000,18,250.000,20,251.000,20,320.000,1,0,30,
112510118000,250.000,5,239.000,30,238.000,29,236.000,20,235.000,20,234.000,9,248.000,30,249.000,18,250.000,20,251.000,20,253.000,20,0,30,
112515193000,250.000,5,239.000,30,238.000,29,235.000,20,234.000,9,86.000,1,248.000,30,249.000,18,250.000,20,253.000,20,320.000,1,0,30,
112515304000,250.000,5,239.000,9,238.000,29,235.000,20,234.000,9,86.000,1,248.000,9,249.000,18,250.000,20,253.000,20,320.000,1,0,30,
112515304000,250.000,5,239.000,9,238.000,50,235.000,20,234.000,9,86.000,1,248.000,30,249.000,18,250.000,20,253.000,20,320.000,1,0,30,
112515305000,250.000,5,239.000,9,238.000,50,235.000,20,234.000,9,86.000,1,248.000,21,249.000,18,250.000,20,253.000,20,320.000,1,0,30,
112515305000,250.000,5,238.000,50,235.000,20,234.000,9,86.000,1,84.000,3,248.000,21,249.000,18,250.000,20,253.000,20,320.000,1,0,30,
112515305000,250.000,5,238.000,50,235.000,20,234.000,9,86.000,1,84.000,3,248.000,30,249.000,18,250.000,20,253.000,20,320.000,1,0,30,
112515376000,250.000,5,238.000,50,235.000,40,234.000,9,86.000,1,84.000,3,248.000,30,249.000,18,250.000,40,253.000,20,320.000,1,0,30,
112516448000,250.000,5,238.000,29,235.000,40,234.000,9,86.000,1,84.000,3,248.000,9,249.000,18,250.000,40,253.000,20,320.000,1,0,30,
112516448000,250.000,5,239.000,21,238.000,29,235.000,40,234.000,9,86.000,1,248.000,30,249.000,18,250.000,40,253.000,20,320.000,1,0,30,
112516448000,250.000,5,239.000,21,238.000,29,235.000,40,234.000,9,86.000,1,248.000,21,249.000,18,250.000,40,253.000,20,320.000,1,0,30,
112516448000,250.000,5,239.000,30,238.000,29,235.000,40,234.000,9,86.000,1,248.000,21,249.000,18,250.000,40,253.000,20,320.000,1,0,30,
112516448000,250.000,5,239.000,30,238.000,29,235.000,40,234.000,9,86.000,1,248.000,30,249.000,18,250.000,40,253.000,20,320.000,1,0,30,
112531868000,250.000,5,239.000,30,238.000,9,235.000,40,234.000,9,86.000,1,248.000,30,249.000,18,250.000,40,320.000,1,400.000,1,0,30,
112531868000,250.000,5,239.000,30,238.000,9,237.000,20,235.000,40,234.000,9,248.000,30,249.000,18,250.000,40,252.000,20,320.000,1,0,30,
112532142000,250.000,5,239.000,9,238.000,9,237.000,20,235.000,40,234.000,9,248.000,9,249.000,18,250.000,40,252.000,20,320.000,1,0,30,
112532142000,250.000,5,239.000,9,238.000,30,237.000,20,235.000,40,234.000,9,248.000,30,249.000,18,250.000,40,252.000,20,320.000,1,0,30,
112532144000,250.000,5,238.000,30,237.000,20,235.000,40,234.000,9,86.000,1,248.000,30,249.000,18,250.000,40,252.000,20,320.000,1,0,30,
112532144000,250.000,5,238.000,30,237.000,20,235.000,40,234.000,9,86.000,1,248.000,21,249.000,18,250.000,40,252.000,20,320.000,1,0,30,
112532243000,250.000,5,238.000,30,235.000,40,234.000,9,86.000,1,84.000,3,248.000,21,249.000,18,250.000,40,320.000,1,400.000,1,0,30,
112532243000,250.000,5,238.000,30,236.000,20,235.000,40,234.000,9,86.000,1,248.000,21,249.000,18,250.000,40,251.000,20,320.000,1,0,30,
112532255000,250.000,5,238.000,30,236.000,20,235.000,40,234.000,9,86.000,1,248.000,30,249.000,18,250.000,40,251.000,20,320.000,1,0,30,
112534118000,250.000,5,238.000,30,235.000,40,234.000,9,86.000,1,84.000,3,248.000,30,249.000,18,250.000,40,320.000,1,400.000,1,0,30,
112534118000,250.000,5,238.000,30,237.000,20,235.000,40,234.000,9,86.000,1,248.000,30,249.000,18,250.000,40,252.000,20,320.000,1,0,30,
112534515000,250.000,5,238.000,30,237.000,20,235.000,20,234.000,9,86.000,1,248.000,30,249.000,18,250.000,20,252.000,20,320.000,1,0,30,
112535567000,250.000,5,238.000,30,237.000,20,235.000,40,234.000,9,86.000,1,248.000,30,249.000,18,250.000,40,252.000,20,320.000,1,0,30,
112546446000,250.000,5,238.000,9,237.000,20,235.000,40,234.000,9,86.000,1,248.000,9,249.000,18,250.000,40,252.000,20,320.000,1,0,30,
112546446000,250.000,5,239.000,21,238.000,9,237.000,20,235.000,40,234.000,9,248.000,30,249.000,18,250.000,40,252.000,20,320.000,1,0,30,
112546446000,250.000,5,239.000,21,238.000,9,237.000,29,235.000,40,234.000,9,248.000,30,249.000,18,250.000,40,252.000,20,320.000,1,0,30,
112546447000,250.000,5,239.000,30,238.000,9,237.000,29,235.000,40,234.000,9,248.000,30,249.000,18,250.000,40,252.000,20,320.000,1,0,30,
112546447000,250.000,5,239.000,30,237.000,29,235.000,40,234.000,9,86.000,1,248.000,30,249.000,18,250.000,40,252.000,20,320.000,1,0,30,
112546447000,250.000,5,239.000,30,237.000,29,235.000,40,234.000,9,86.000,1,248.000,21,249.000,18,250.000,40,252.000,20,320.000,1,0,30,
112546447000,250.000,5,239.000,30,237.000,29,235.000,40,234.000,9,86.000,1,248.000,30,249.000,18,250.000,40,252.000,20,320.000,1,0,30,
112547742000,250.000,5,239.000,30,237.000,9,235.000,40,234.000,9,86.000,1,248.000,30,249.000,18,250.000,40,320.000,1,400.000,1,0,30,
112547742000,250.000,5,239.000,30,238.000,20,237.000,9,235.000,40,234.000,9,248.000,30,249.000,18,250.000,40,253.000,20,320.000,1,0,30,
112551450000,250.000,5,239.000,9,238.000,20,237.000,9,235.000,40,234.000,9,248.000,9,249.000,18,250.000,40,253.000,20,320.000,1,0,30,
112551450000,250.000,5,239.000,9,238.000,41,237.000,9,235.000,40,234.000,9,248.000,30,249.000,18,250.000,40,253.000,20,320.000,1,0,30,
112551451000,250.000,5,238.000,41,237.000,9,235.000,40,234.000,9,86.000,1,248.000,30,249.000,18,250.000,40,253.000,20,320.000,1,0,30,
112551451000,250.000,5,238.000,50,237.000,9,235.000,40,234.000,9,86.000,1,248.000,30,249.000,18,250.000,40,253.000,20,320.000,1,0,30,
112551451000,250.000,5,238.000,50,237.000,9,235.000,40,234.000,9,86.000,1,248.000,21,249.000,18,250.000,40,253.000,20,320.000,1,0,30,
112551451000,250.000,5,238.000,50,237.000,9,235.000,40,234.000,9,86.000,1,248.000,30,249.000,18,250.000,40,253.000,20,320.000,1,0,30,
112552117000,250.000,5,238.000,30,237.000,9,235.000,40,234.000,9,86.000,1,248.000,30,249.000,18,250.000,40,320.000,1,400.000,1,0,30,
112552117000,250.000,5,238.000,30,237.000,29,235.000,40,234.000,9,86.000,1,248.000,30,249.000,18,250.000,40,252.000,20,320.000,1,0,30,
112555600000,250.000,5,238.000,30,237.000,29,235.000,20,234.000,9,86.000,1,248.000,30,249.000,18,250.000,20,252.000,20,320.000,1,0,30,
112556607000,250.000,5,238.000,30,237.000,29,235.000,40,234.000,9,86.000,1,248.000,30,249.000,18,250.000,40,252.000,20,320.000,1,0,30,
112607245000,250.000,5,238.000,30,237.000,9,235.000,40,234.000,9,86.000,1,248.000,30,249.000,18,250.000,40,320.000,1,400.000,1,0,30,
112607245000,250.000,5,238.000,50,237.000,9,235.000,40,234.000,9,86.000,1,248.000,30,249.000,18,250.000,40,253.000,20,320.000,1,0,30,
112607367000,250.000,5,238.000,30,237.000,9,235.000,40,234.000,9,86.000,1,248.000,30,249.000,18,250.000,40,320.000,1,400.000,1,0,30,
112607367000,250.000,5,238.000,30,237.000,29,235.000,40,234.000,9,86.000,1,248.000,30,249.000,18,250.000,40,252.000,20,320.000,1,0,30,
112608742000,250.000,5,238.000,30,237.000,9,235.000,40,234.000,9,86.000,1,248.000,30,249.000,18,250.000,40,320.000,1,400.000,1,0,30,
112608742000,250.000,5,238.000,50,237.000,9,235.000,40,234.000,9,86.000,1,248.000,30,249.000,18,250.000,40,253.000,20,320.000,1,0,30,
112609327000,250.000,5,238.000,29,237.000,9,235.000,40,234.000,9,86.000,1,248.000,9,249.000,18,250.000,40,253.000,20,320.000,1,0,30,
112609327000,250.000,5,239.000,21,238.000,29,237.000,9,235.000,40,234.000,9,248.000,30,249.000,18,250.000,40,253.000,20,320.000,1,0,30,
112609328000,250.000,5,239.000,30,238.000,29,237.000,9,235.000,40,234.000,9,248.000,30,249.000,18,250.000,40,253.000,20,320.000,1,0,30,
112609328000,250.000,5,239.000,30,238.000,29,237.000,9,235.000,40,234.000,9,248.000,21,249.000,18,250.000,40,253.000,20,320.000,1,0,30,
112609328000,250.000,5,239.000,30,238.000,29,237.000,9,235.000,40,234.000,9,248.000,30,249.000,18,250.000,40,253.000,20,320.000,1,0,30,
112609505000,250.000,5,239.000,30,238.000,29,235.000,40,234.000,9,86.000,1,248.000,30,249.000,18,250.000,40,253.000,20,320.000,1,0,30,
112610620000,250.000,5,239.000,30,238.000,9,235.000,40,234.000,9,86.000,1,248.000,30,249.000,18,250.000,40,320.000,1,400.000,1,0,30,
112610620000,250.000,5,239.000,30,238.000,9,237.000,20,235.000,40,234.000,9,248.000,30,249.000,18,250.000,40,252.000,20,320.000,1,0,30,
112611328000,250.000,5,239.000,9,238.000,9,237.000,20,235.000,40,234.000,9,248.000,9,249.000,18,250.000,40,252.000,20,320.000,1,0,30,
112611328000,250.000,5,239.000,9,238.000,30,237.000,20,235.000,40,234.000,9,248.000,30,249.000,18,250.000,40,252.000,20,320.000,1,0,30,
112611329000,250.000,5,239.000,9,238.000,30,237.000,20,235.000,40,234.000,9,248.000,21,249.000,18,250.000,40,252.000,20,320.000,1,0,30,
112611329000,250.000,5,239.000,9,238.000,30,237.000,29,235.000,40,234.000,9,248.000,21,249.000,18,250.000,40,252.000,20,320.000,1,0,30,
112611329000,250.000,5,238.000,30,237.000,29,235.000,40,234.000,9,86.000,1,248.000,21,249.000,18,250.000,40,252.000,20,320.000,1,0,30,
112611329000,250.000,5,238.000,30,237.000,29,235.000,40,234.000,9,86.000,1,248.000,30,249.000,18,250.000,40,252.000,20,320.000,1,0,30,
112616700000,250.000,5,238.000,30,237.000,29,235.000,20,234.000,9,86.000,1,248.000,30,249.000,18,250.000,20,252.000,20,320.000,1,0,30,
112617103000,250.000,5,238.000,30,237.000,29,235.000,40,234.000,9,86.000,1,248.000,30,249.000,18,250.000,40,252.000,20,320.000,1,0,30,
112624869000,250.000,5,238.000,30,237.000,9,235.000,40,234.000,9,86.000,1,248.000,30,249.000,18,250.000,40,320.000,1,400.000,1,0,30,
112624869000,250.000,5,238.000,30,237.000,9,236.000,20,235.000,40,234.000,9,248.000,30,249.000,18,250.000,40,251.000,20,320.000,1,0,30,
112625334000,250.000,5,238.000,9,237.000,9,236.000,20,235.000,40,234.000,9,248.000,9,249.000,18,250.000,40,251.000,20,320.000,1,0,30,
112625334000,250.000,5,238.000,9,237.000,30,236.000,20,235.000,40,234.000,9,248.000,30,249.000,18,250.000,40,251.000,20,320.000,1,0,30,
112625335000,250.000,5,238.000,9,237.000,30,236.000,29,235.000,40,234.000,9,248.000,30,249.000,18,250.000,40,251.000,20,320.000,1,0,30,
112625335000,250.000,5,237.000,30,236.000,29,235.000,40,234.000,9,86.000,1,248.000,30,249.000,18,250.000,40,251.000,20,320.000,1,0,30,
112625335000,250.000,5,237.000,30,236.000,29,235.000,40,234.000,9,86.000,1,248.000,21,249.000,18,250.000,40,251.000,20,320.000,1,0,30,
112625598000,250.000,5,237.000,30,236.000,29,235.000,40,234.000,9,86.000,1,248.000,30,249.000,18,250.000,40,251.000,20,320.000,1,0,30,
112626075000,250.000,5,237.000,30,236.000,29,235.000,20,234.000,9,86.000,1,248.000,30,249.000,18,250.000,20,251.000,20,320.000,1,0,30,
112626335000,250.000,5,237.000,9,236.000,29,235.000,20,234.000,9,86.000,1,248.000,9,249.000,18,250.000,20,251.000,20,320.000,1,0,30,
112626335000,250.000,5,237.000,9,236.000,50,235.000,20,234.000,9,86.000,1,248.000,30,249.000,18,250.000,20,251.000,20,320.000,1,0,30,
112626335000,250.000,5,236.000,50,235.000,20,234.000,9,86.000,1,84.000,3,248.000,30,249.000,18,250.000,20,251.000,20,320.000,1,0,30,
112626335000,250.000,5,236.000,50,235.000,20,234.000,9,86.000,1,84.000,3,248.000,21,249.000,18,250.000,20,251.000,20,320.000,1,0,30,
112626335000,250.000,5,236.000,50,235.000,20,234.000,9,86.000,1,84.000,3,248.000,30,249.000,18,250.000,20,251.000,20,320.000,1,0,30,
112626505000,250.000,5,236.000,50,234.000,9,86.000,1,84.000,3,39.000,20,248.000,30,249.000,18,251.000,20,320.000,1,400.000,1,0,30,
112626505000,250.000,5,236.000,50,234.000,9,233.000,20,86.000,1,84.000,3,248.000,50,249.000,18,251.000,20,320.000,1,400.000,1,0,30,
112626600000,250.000,5,236.000,30,234.000,9,233.000,20,86.000,1,84.000,3,248.000,50,249.000,18,320.000,1,400.000,1,414.000,1,0,30,
112626600000,250.000,5,236.000,30,235.000,20,234.000,9,233.000,20,86.000,1,248.000,50,249.000,18,250.000,20,320.000,1,400.000,1,0,30,
112626667000,250.000,5,236.000,30,235.000,20,234.000,29,233.000,20,86.000,1,248.000,50,249.000,38,250.000,20,320.000,1,400.000,1,0,30,
112629461000,250.000,5,236.000,9,235.000,20,234.000,29,233.000,20,86.000,1,248.000,29,249.000,38,250.000,20,320.000,1,400.000,1,0,30,
112629461000,250.000,5,237.000,21,236.000,9,235.000,20,234.000,29,233.000,20,248.000,50,249.000,38,250.000,20,320.000,1,400.000,1,0,30,
112629461000,250.000,5,237.000,21,235.000,20,234.000,29,233.000,20,86.000,1,248.000,50,249.000,38,250.000,20,320.000,1,400.000,1,0,30,
112629461000,250.000,5,237.000,21,235.000,29,234.000,29,233.000,20,86.000,1,248.000,50,249.000,38,250.000,20,320.000,1,400.000,1,0,30,
112629461000,250.000,5,237.000,30,235.000,29,234.000,29,233.000,20,86.000,1,248.000,50,249.000,38,250.000,20,320.000,1,400.000,1,0,30,
112629743000,250.000,5,237.000,30,235.000,9,234.000,29,233.000,20,86.000,1,248.000,50,249.000,38,320.000,1,400.000,1,414.000,1,0,30,
112629743000,250.000,5,237.000,30,236.000,20,235.000,9,234.000,29,233.000,20,248.000,50,249.000,38,251.000,20,320.000,1,400.000,1,0,30,
112631868000,250.000,5,237.000,30,235.000,9,234.000,29,233.000,20,86.000,1,248.000,50,249.000,38,320.000,1,400.000,1,414.000,1,0,30,
112631868000,250.000,5,237.000,30,235.000,29,234.000,29,233.000,20,86.000,1,248.000,50,249.000,38,250.000,20,320.000,1,400.000,1,0,30,
112633993000,250.000,5,237.000,30,235.000,9,234.000,29,233.000,20,86.000,1,248.000,50,249.000,38,320.000,1,400.000,1,414.000,1,0,30,
112633993000,250.000,5,237.000,30,236.000,20,235.000,9,234.000,29,233.000,20,248.000,50,249.000,38,251.000,20,320.000,1,400.000,1,0,30,
112646700000,250.000,5,237.000,30,236.000,20,235.000,9,234.000,9,233.000,20,248.000,50,249.000,18,251.000,20,320.000,1,400.000,1,0,30,
112647966000,250.000,5,237.000,30,236.000,20,235.000,9,234.000,29,233.000,20,248.000,50,249.000,38,251.000,20,320.000,1,400.000,1,0,30,
112648744000,250.000,5,237.000,30,235.000,9,234.000,29,233.000,20,86.000,1,248.000,50,249.000,38,320.000,1,400.000,1,414.000,1,0,30,
112648745000,250.000,5,237.000,30,235.000,29,234.000,29,233.000,20,86.000,1,248.000,50,249.000,38,250.000,20,320.000,1,400.000,1,0,30,
112649345000,250.000,5,237.000,9,235.000,29,234.000,29,233.000,20,86.000,1,248.000,29,249.000,38,250.000,20,320.000,1,400.000,1,0,30,
112649345000,250.000,5,237.000,9,236.000,21,235.000,29,234.000,29,233.000,20,248.000,50,249.000,38,250.000,20,320.000,1,400.000,1,0,30,
112649345000,250.000,5,236.000,21,235.000,29,234.000,29,233.000,20,86.000,1,248.000,50,249.000,38,250.000,20,320.000,1,400.000,1,0,30,
112649345000,250.000,5,236.000,30,235.000,29,234.000,29,233.000,20,86.000,1,248.000,50,249.000,38,250.000,20,320.000,1,400.000,1,0,30,
112702118000,250.000,5,236.000,30,235.000,9,234.000,29,233.000,20,86.000,1,248.000,50,249.000,38,320.000,1,400.000,1,414.000,1,0,30,
112702118000,250.000,5,236.000,50,235.000,9,234.000,29,233.000,20,86.000,1,248.000,50,249.000,38,251.000,20,320.000,1,400.000,1,0,30,
112708000000,250.000,5,236.000,50,235.000,9,234.000,9,233.000,20,86.000,1,248.000,50,249.000,18,251.000,20,320.000,1,400.000,1,0,30,
112708288000,250.000,5,236.000,50,235.000,9,234.000,29,233.000,20,86.000,1,248.000,50,249.000,38,251.000,20,320.000,1,400.000,1,0,30,
112721618000,250.000,5,236.000,30,235.000,9,234.000,29,233.000,20,86.000,1,248.000,50,249.000,38,320.000,1,400.000,1,414.000,1,0,30,
112721618000,250.000,5,237.000,20,236.000,30,235.000,9,234.000,29,233.000,20,248.000,50,249.000,38,252.000,20,320.000,1,400.000,1,0,30,
112721619000,250.000,5,237.000,29,236.000,30,235.000,9,234.000,29,233.000,20,248.000,50,249.000,38,252.000,20,320.000,1,400.000,1,0,30,
112722006000,250.000,5,237.000,29,236.000,30,234.000,29,233.000,20,86.000,1,248.000,50,249.000,38,252.000,20,320.000,1,400.000,1,0,30,
112722359000,250.000,5,237.000,29,236.000,9,234.000,29,233.000,20,86.000,1,248.000,29,249.000,38,252.000,20,320.000,1,400.000,1,0,30,
112722359000,250.000,5,238.000,21,237.000,29,236.000,9,234.000,29,233.000,20,248.000,50,249.000,38,252.000,20,320.000,1,400.000,1,0,30,
112722359000,250.000,5,238.000,30,237.000,29,236.000,9,234.000,29,233.000,20,248.000,50,249.000,38,252.000,20,320.000,1,400.000,1,0,30,
112722505000,250.000,5,238.000,30,237.000,29,234.000,29,233.000,20,86.000,1,248.000,50,249.000,38,252.000,20,320.000,1,400.000,1,0,30,
112722604000,250.000,5,238.000,30,237.000,29,234.000,9,233.000,20,86.000,1,248.000,50,249.000,18,252.000,20,320.000,1,400.000,1,0,30,
112722758000,250.000,5,238.000,30,237.000,29,235.000,20,234.000,9,233.000,20,248.000,50,249.000,18,250.000,20,252.000,20,320.000,1,0,30,
112729367000,250.000,5,238.000,30,237.000,9,235.000,20,234.000,9,233.000,20,248.000,50,249.000,18,250.000,20,320.000,1,400.000,1,0,30,
112729367000,250.000,5,238.000,30,237.000,9,236.000,20,235.000,20,234.000,9,248.000,50,249.000,18,250.000,20,251.000,20,320.000,1,0,30,
112729508000,250.000,5,238.000,9,237.000,9,236.000,20,235.000,20,234.000,9,248.000,29,249.000,18,250.000,20,251.000,20,320.000,1,0,30,
112729508000,250.000,5,238.000,9,237.000,30,236.000,20,235.000,20,234.000,9,248.000,50,249.000,18,250.000,20,251.000,20,320.000,1,0,30,
112729509000,250.000,5,237.000,30,236.000,20,235.000,20,234.000,9,233.000,20,248.000,50,249.000,18,250.000,20,251.000,20,320.000,1,0,30,
112730243000,250.000,5,237.000,30,235.000,20,234.000,9,233.000,20,86.000,1,248.000,50,249.000,18,250.000,20,320.000,1,400.000,1,0,30,
112730243000,250.000,5,237.000,50,235.000,20,234.000,9,233.000,20,86.000,1,248.000,50,249.000,18,250.000,20,252.000,20,320.000,1,0,30,
112730509000,250.000,5,237.000,29,235.000,20,234.000,9,233.000,20,86.000,1,248.000,29,249.000,18,250.000,20,252.000,20,320.000,1,0,30,
112730509000,250.000,5,238.000,21,237.000,29,235.000,20,234.000,9,233.000,20,248.000,50,249.000,18,250.000,20,252.000,20,320.000,1,0,30,
112730509000,250.000,5,238.000,30,237.000,29,235.000,20,234.000,9,233.000,20,248.000,50,249.000,18,250.000,20,252.000,20,320.000,1,0,30,
112735493000,250.000,5,238.000,30,237.000,9,235.000,20,234.000,9,233.000,20,248.000,50,249.000,18,250.000,20,320.000,1,400.000,1,0,30,
112735493000,250.000,5,238.000,30,237.000,9,236.000,20,235.000,20,234.000,9,248.000,50,249.000,18,250.000,20,251.000,20,320.000,1,0,30,
112736365000,250.000,5,238.000,9,237.000,9,236.000,20,235.000,20,234.000,9,248.000,29,249.000,18,250.000,20,251.000,20,320.000,1,0,30,
112736365000,250.000,5,238.000,9,237.000,30,236.000,20,235.000,20,234.000,9,248.000,50,249.000,18,250.000,20,251.000,20,320.000,1,0,30,
112736365000,250.000,5,237.000,30,236.000,20,235.000,20,234.000,9,233.000,20,248.000,50,249.000,18,250.000,20,251.000,20,320.000,1,0,30,
112736365000,250.000,5,237.000,30,236.000,29,235.000,20,234.000,9,233.000,20,248.000,50,249.000,18,250.000,20,251.000,20,320.000,1,0,30,
112738368000,250.000,5,237.000,30,236.000,9,235.000,20,234.000,9,233.000,20,248.000,50,249.000,18,250.000,20,320.000,1,400.000,1,0,30,
112738368000,250.000,5,237.000,50,236.000,9,235.000,20,234.000,9,233.000,20,248.000,50,249.000,18,250.000,20,252.000,20,320.000,1,0,30,
112739366000,250.000,5,237.000,29,236.000,9,235.000,20,234.000,9,233.000,20,248.000,29,249.000,18,250.000,20,252.000,20,320.000,1,0,30,
112739366000,250.000,5,238.000,21,237.000,29,236.000,9,235.000,20,234.000,9,248.000,50,249.000,18,250.000,20,252.000,20,320.000,1,0,30,
112739366000,250.000,5,238.000,30,237.000,29,236.000,9,235.000,20,234.000,9,248.000,50,249.000,18,250.000,20,252.000,20,320.000,1,0,30,
112739505000,250.000,5,238.000,30,237.000,29,235.000,20,234.000,9,233.000,20,248.000,50,249.000,18,250.000,20,252.000,20,320.000,1,0,30,
112742800000,250.000,5,238.000,30,237.000,29,234.000,9,233.000,20,86.000,1,248.000,50,249.000,18,252.000,20,320.000,1,400.000,1,0,30,
112743267000,250.000,5,238.000,30,237.000,29,235.000,20,234.000,9,233.000,20,248.000,50,249.000,18,250.000,20,252.000,20,320.000,1,0,30,
112743868000,250.000,5,238.000,30,237.000,9,235.000,20,234.000,9,233.000,20,248.000,50,249.000,18,250.000,20,320.000,1,400.000,1,0,30,
112743868000,250.000,5,238.000,30,237.000,9,236.000,20,235.000,20,234.000,9,248.000,50,249.000,18,250.000,20,251.000,20,320.000,1,0,30,
112744368000,250.000,5,238.000,9,237.000,9,236.000,20,235.000,20,234.000,9,248.000,29,249.000,18,250.000,20,251.000,20,320.000,1,0,30,
112744368000,250.000,5,238.000,9,237.000,30,236.000,20,235.000,20,234.000,9,248.000,50,249.000,18,250.000,20,251.000,20,320.000,1,0,30,
112744368000,250.000,5,237.000,30,236.000,20,235.000,20,234.000,9,233.000,20,248.000,50,249.000,18,250.000,20,251.000,20,320.000,1,0,30,
112744368000,250.000,5,237.000,30,236.000,29,235.000,20,234.000,9,233.000,20,248.000,50,249.000,18,250.000,20,251.000,20,320.000,1,0,30,
112751517000,250.000,5,237.000,30,236.000,29,234.000,9,233.000,20,86.000,1,248.000,50,249.000,18,251.000,20,320.000,1,400.000,1,0,30,
112751618000,250.000,5,237.000,30,236.000,9,234.000,9,233.000,20,86.000,1,248.000,50,249.000,18,320.000,1,400.000,1,414.000,1,0,30,
112751618000,250.000,5,237.000,30,236.000,9,235.000,20,234.000,9,233.000,20,248.000,50,249.000,18,250.000,20,320.000,1,400.000,1,0,30,
112752372000,250.000,5,237.000,9,236.000,9,235.000,20,234.000,9,233.000,20,248.000,29,249.000,18,250.000,20,320.000,1,400.000,1,0,30,
112752372000,250.000,5,237.000,9,236.000,30,235.000,20,234.000,9,233.000,20,248.000,50,249.000,18,250.000,20,320.000,1,400.000,1,0,30,
112752372000,250.000,5,237.000,9,236.000,30,235.000,29,234.000,9,233.000,20,248.000,50,249.000,18,250.000,20,320.000,1,400.000,1,0,30,
112752372000,250.000,5,236.000,30,235.000,29,234.000,9,233.000,20,86.000,1,248.000,50,249.000,18,250.000,20,320.000,1,400.000,1,0,30,
112752475000,250.000,5,236.000,30,235.000,29,234.000,29,233.000,20,86.000,1,248.000,50,249.000,38,250.000,20,320.000,1,400.000,1,0,30,
112754515000,250.000,5,236.000,30,235.000,29,234.000,29,233.000,20,86.000,1,248.000,50,249.000,29,250.000,20,320.000,1,400.000,1,0,30,
112754516000,250.000,5,236.000,30,235.000,29,234.000,29,233.000,20,86.000,1,247.000,9,248.000,50,249.000,29,250.000,20,320.000,1,0,30,
112754516000,250.000,5,236.000,30,235.000,29,234.000,29,233.000,20,86.000,1,247.000,18,248.000,50,249.000,29,250.000,20,320.000,1,0,30,
112754994000,250.000,5,236.000,30,235.000,9,234.000,29,233.000,20,86.000,1,247.000,18,248.000,50,249.000,29,320.000,1,400.000,1,0,30,
112754994000,250.000,5,236.000,30,235.000,9,234.000,49,233.000,20,86.000,1,247.000,18,248.000,50,249.000,49,320.000,1,400.000,1,0,30,
112755005000,250.000,5,236.000,30,235.000,9,234.000,49,233.000,20,86.000,1,247.000,18,248.000,50,249.000,40,320.000,1,400.000,1,0,30,
112755243000,250.000,5,236.000,30,235.000,9,234.000,40,233.000,20,86.000,1,247.000,18,248.000,50,249.000,40,320.000,1,400.000,1,0,30,
112755367000,250.000,5,236.000,30,235.000,9,234.000,40,233.000,20,232.000,9,247.000,18,248.000,50,249.000,40,320.000,1,400.000,1,0,30,
112755373000,250.000,5,236.000,9,235.000,9,234.000,40,233.000,20,232.000,9,247.000,18,248.000,29,249.000,40,320.000,1,400.000,1,0,30,
112755373000,250.000,5,236.000,9,235.000,30,234.000,40,233.000,20,232.000,9,246.000,21,247.000,18,248.000,29,249.000,40,320.000,1,0,30,
112755373000,250.000,5,235.000,30,234.000,40,233.000,20,232.000,9,86.000,1,246.000,21,247.000,18,248.000,29,249.000,40,320.000,1,0,30,
112755373000,250.000,5,235.000,30,234.000,49,233.000,20,232.000,9,86.000,1,246.000,21,247.000,18,248.000,29,249.000,40,320.000,1,0,30,
112755373000,250.000,5,235.000,30,234.000,49,233.000,20,232.000,9,86.000,1,246.000,30,247.000,18,248.000,29,249.000,40,320.000,1,0,30,
112755505000,250.000,5,235.000,30,234.000,49,233.000,20,232.000,9,86.000,1,246.000,30,247.000,18,248.000,20,249.000,40,320.000,1,0,30,
112757868000,250.000,5,235.000,30,234.000,29,233.000,20,232.000,9,86.000,1,246.000,30,247.000,18,248.000,20,249.000,20,320.000,1,0,30,
112757868000,250.000,5,235.000,50,234.000,29,233.000,20,232.000,9,86.000,1,246.000,30,247.000,18,248.000,20,249.000,20,250.000,20,0,30,
112758374000,250.000,5,235.000,29,234.000,29,233.000,20,232.000,9,86.000,1,246.000,9,247.000,18,248.000,20,249.000,20,250.000,20,0,30,
112758374000,250.000,5,236.000,21,235.000,29,234.000,29,233.000,20,232.000,9,246.000,30,247.000,18,248.000,20,249.000,20,250.000,20,0,30,
112758374000,250.000,5,236.000,21,235.000,29,234.000,29,233.000,20,232.000,9,246.000,21,247.000,18,248.000,20,249.000,20,250.000,20,0,30,
112758374000,250.000,5,236.000,30,235.000,29,234.000,29,233.000,20,232.000,9,246.000,21,247.000,18,248.000,20,249.000,20,250.000,20,0,30,
112758375000,250.000,5,236.000,30,235.000,29,234.000,29,233.000,20,232.000,9,246.000,30,247.000,18,248.000,20,249.000,20,250.000,20,0,30,
112758505000,250.000,5,236.000,30,235.000,29,234.000,20,233.000,20,232.000,9,246.000,30,247.000,18,248.000,20,249.000,20,250.000,20,0,30,
112810525000,250.000,5,236.000,9,235.000,29,234.000,20,233.000,20,232.000,9,246.000,9,247.000,18,248.000,20,249.000,20,250.000,20,0,30,
112810525000,250.000,5,236.000,9,235.000,50,234.000,20,233.000,20,232.000,9,246.000,30,247.000,18,248.000,20,249.000,20,250.000,20,0,30,
112810525000,250.000,5,235.000,50,234.000,20,233.000,20,232.000,9,86.000,1,246.000,30,247.000,18,248.000,20,249.000,20,250.000,20,0,30,
112810525000,250.000,5,235.000,50,234.000,20,233.000,20,232.000,9,86.000,1,246.000,21,247.000,18,248.000,20,249.000,20,250.000,20,0,30,
112810526000,250.000,5,235.000,50,234.000,20,233.000,20,232.000,9,86.000,1,246.000,30,247.000,18,248.000,20,249.000,20,250.000,20,0,30,
112811526000,250.000,5,235.000,29,234.000,20,233.000,20,232.000,9,86.000,1,246.000,9,247.000,18,248.000,20,249.000,20,250.000,20,0,30,
112811526000,250.000,5,236.000,21,235.000,29,234.000,20,233.000,20,232.000,9,246.000,30,247.000,18,248.000,20,249.000,20,250.000,20,0,30,
112811526000,250.000,5,236.000,21,235.000,29,234.000,20,233.000,20,232.000,9,246.000,21,247.000,18,248.000,20,249.000,20,250.000,20,0,30,
112811526000,250.000,5,236.000,30,235.000,29,234.000,20,233.000,20,232.000,9,246.000,21,247.000,18,248.000,20,249.000,20,250.000,20,0,30,
112811526000,250.000,5,236.000,30,235.000,29,234.000,20,233.000,20,232.000,9,246.000,30,247.000,18,248.000,20,249.000,20,250.000,20,0,30,
112812500000,250.000,5,236.000,30,235.000,29,233.000,20,232.000,9,86.000,1,246.000,30,247.000,18,248.000,20,250.000,20,320.000,1,0,30,
112812818000,250.000,5,236.000,30,235.000,29,233.000,40,232.000,9,86.000,1,246.000,30,247.000,18,248.000,40,250.000,20,320.000,1,0,30,
112816118000,250.000,5,236.000,30,235.000,9,233.000,40,232.000,9,86.000,1,246.000,30,247.000,18,248.000,40,320.000,1,400.000,1,0,30,
112816118000,250.000,5,236.000,30,235.000,9,234.000,20,233.000,40,232.000,9,246.000,30,247.000,18,248.000,40,249.000,20,320.000,1,0,30,
112816382000,250.000,5,236.000,9,235.000,9,234.000,20,233.000,40,232.000,9,246.000,9,247.000,18,248.000,40,249.000,20,320.000,1,0,30,
112816382000,250.000,5,236.000,9,235.000,30,234.000,20,233.000,40,232.000,9,246.000,30,247.000,18,248.000,40,249.000,20,320.000,1,0,30,
112816382000,250.000,5,235.000,30,234.000,20,233.000,40,232.000,9,86.000,1,246.000,30,247.000,18,248.000,40,249.000,20,320.000,1,0,30,
112816382000,250.000,5,235.000,30,234.000,20,233.000,40,232.000,9,86.000,1,246.000,21,247.000,18,248.000,40,249.000,20,320.000,1,0,30,
112816735000,250.000,5,235.000,30,234.000,20,233.000,40,232.000,9,86.000,1,246.000,30,247.000,18,248.000,40,249.000,20,320.000,1,0,30,
112818372000,250.000,5,235.000,30,233.000,40,232.000,9,86.000,1,84.000,3,246.000,30,247.000,18,248.000,40,320.000,1,400.000,1,0,30,
112818372000,250.000,5,235.000,50,233.000,40,232.000,9,86.000,1,84.000,3,246.000,30,247.000,18,248.000,40,250.000,20,320.000,1,0,30,
112818383000,250.000,5,235.000,29,233.000,40,232.000,9,86.000,1,84.000,3,246.000,9,247.000,18,248.000,40,250.000,20,320.000,1,0,30,
112818383000,250.000,5,236.000,21,235.000,29,233.000,40,232.000,9,86.000,1,246.000,30,247.000,18,248.000,40,250.000,20,320.000,1,0,30,
112818383000,250.000,5,236.000,21,235.000,29,233.000,40,232.000,9,86.000,1,246.000,21,247.000,18,248.000,40,250.000,20,320.000,1,0,30,
112818383000,250.000,5,236.000,30,235.000,29,233.000,40,232.000,9,86.000,1,246.000,21,247.000,18,248.000,40,250.000,20,320.000,1,0,30,
112818383000,250.000,5,236.000,30,235.000,29,233.000,40,232.000,9,86.000,1,246.000,30,247.000,18,248.000,40,250.000,20,320.000,1,0,30,
112820617000,250.000,5,236.000,30,235.000,9,233.000,40,232.000,9,86.000,1,246.000,30,247.000,18,248.000,40,320.000,1,400.000,1,0,30,
112820617000,250.000,5,236.000,30,235.000,9,234.000,20,233.000,40,232.000,9,246.000,30,247.000,18,248.000,40,249.000,20,320.000,1,0,30,
112821384000,250.000,5,236.000,9,235.000,9,234.000,20,233.000,40,232.000,9,246.000,9,247.000,18,248.000,40,249.000,20,320.000,1,0,30,
112821384000,250.000,5,236.000,9,235.000,30,234.000,20,233.000,40,232.000,9,246.000,30,247.000,18,248.000,40,249.000,20,320.000,1,0,30,
112821384000,250.000,5,235.000,30,234.000,20,233.000,40,232.000,9,86.000,1,246.000,30,247.000,18,248.000,40,249.000,20,320.000,1,0,30,
112821384000,250.000,5,235.000,30,234.000,29,233.000,40,232.000,9,86.000,1,246.000,30,247.000,18,248.000,40,249.000,20,320.000,1,0,30,
112821384000,250.000,5,235.000,30,234.000,29,233.000,40,232.000,9,86.000,1,246.000,21,247.000,18,248.000,40,249.000,20,320.000,1,0,30,
112821385000,250.000,5,235.000,30,234.000,29,233.000,40,232.000,9,86.000,1,246.000,30,247.000,18,248.000,40,249.000,20,320.000,1,0,30,
112829527000,250.000,5,235.000,9,234.000,29,233.000,40,232.000,9,86.000,1,246.000,9,247.000,18,248.000,40,249.000,20,320.000,1,0,30,
112829527000,250.000,5,236.000,21,235.000,9,234.000,29,233.000,40,232.000,9,246.000,30,247.000,18,248.000,40,249.000,20,320.000,1,0,30,
112829527000,250.000,5,236.000,21,234.000,29,233.000,40,232.000,9,86.000,1,246.000,30,247.000,18,248.000,40,249.000,20,320.000,1,0,30,
112829527000,250.000,5,236.000,21,234.000,29,233.000,40,232.000,9,86.000,1,246.000,21,247.000,18,248.000,40,249.000,20,320.000,1,0,30,
112829527000,250.000,5,236.000,30,234.000,29,233.000,40,232.000,9,86.000,1,246.000,21,247.000,18,248.000,40,249.000,20,320.000,1,0,30,
112829528000,250.000,5,236.000,30,234.000,29,233.000,40,232.000,9,86.000,1,246.000,30,247.000,18,248.000,40,249.000,20,320.000,1,0,30,
112829618000,250.000,5,236.000,30,234.000,9,233.000,40,232.000,9,86.000,1,246.000,30,247.000,18,248.000,40,320.000,1,400.000,1,0,30,
112829618000,250.000,5,236.000,30,235.000,20,234.000,9,233.000,40,232.000,9,246.000,30,247.000,18,248.000,40,250.000,20,320.000,1,0,30,
112830392000,250.000,5,236.000,30,235.000,20,234.000,9,233.000,20,232.000,9,246.000,30,247.000,18,248.000,20,250.000,20,320.000,1,0,30,
112830494000,250.000,5,236.000,30,234.000,9,233.000,20,232.000,9,86.000,1,246.000,30,247.000,18,248.000,20,320.000,1,400.000,1,0,30,
112830494000,250.000,5,236.000,50,234.000,9,233.000,20,232.000,9,86.000,1,246.000,30,247.000,18,248.000,20,251.000,20,320.000,1,0,30,
112830510000,250.000,5,236.000,50,234.000,29,233.000,20,232.000,9,86.000,1,246.000,30,247.000,18,248.000,20,249.000,20,251.000,20,0,30,
112832055000,250.000,5,236.000,50,234.000,9,233.000,20,232.000,9,86.000,1,246.000,30,247.000,18,248.000,20,251.000,20,320.000,1,0,30,
112832118000,250.000,5,236.000,30,234.000,9,233.000,20,232.000,9,86.000,1,246.000,30,247.000,18,248.000,20,320.000,1,400.000,1,0,30,
112832118000,250.000,5,237.000,20,236.000,30,234.000,9,233.000,20,232.000,9,246.000,30,247.000,18,248.000,20,252.000,20,320.000,1,0,30,
112832118000,250.000,5,237.000,29,236.000,30,234.000,9,233.000,20,232.000,9,246.000,30,247.000,18,248.000,20,252.000,20,320.000,1,0,30,
112832214000,250.000,5,237.000,29,236.000,30,235.000,20,234.000,9,233.000,20,246.000,30,247.000,18,248.000,20,250.000,20,252.000,20,0,30,
112832389000,250.000,5,237.000,29,236.000,9,235.000,20,234.000,9,233.000,20,246.000,9,247.000,18,248.000,20,250.000,20,252.000,20,0,30,
112832389000,250.000,5,237.000,50,236.000,9,235.000,20,234.000,9,233.000,20,246.000,30,247.000,18,248.000,20,250.000,20,252.000,20,0,30,
112832389000,250.000,5,237.000,50,236.000,9,235.000,20,234.000,9,233.000,20,246.000,21,247.000,18,248.000,20,250.000,20,252.000,20,0,30,
112832492000,250.000,5,237.000,50,236.000,9,235.000,20,234.000,9,233.000,20,246.000,30,247.000,18,248.000,20,250.000,20,252.000,20,0,30,
112832505000,250.000,5,237.000,50,236.000,9,235.000,20,233.000,20,232.000,9,246.000,30,247.000,18,248.000,20,250.000,20,252.000,20,0,30,
112832871000,250.000,5,237.000,50,236.000,9,235.000,20,233.000,20,86.000,1,246.000,30,247.000,18,248.000,20,250.000,20,252.000,20,0,30,
112832871000,250.000,5,237.000,50,236.000,9,235.000,20,233.000,20,86.000,1,246.000,30,247.000,9,248.000,20,250.000,20,252.000,20,0,30,
112832871000,250.000,5,237.000,50,236.000,9,235.000,20,234.000,9,233.000,20,246.000,30,247.000,9,248.000,20,250.000,20,252.000,20,0,30,
112832871000,250.000,5,237.000,50,236.000,9,235.000,20,234.000,9,233.000,20,246.000,30,247.000,9,248.000,20,249.000,9,250.000,20,0,30,
112852300000,250.000,5,237.000,50,236.000,9,234.000,9,233.000,20,86.000,1,246.000,30,247.000,9,248.000,20,249.000,9,252.000,20,0,30,
112855119000,250.000,5,237.000,30,236.000,9,234.000,9,233.000,20,86.000,1,246.000,30,247.000,9,248.000,20,249.000,9,320.000,1,0,30,
112855119000,250.000,5,237.000,30,236.000,29,234.000,9,233.000,20,86.000,1,246.000,30,247.000,9,248.000,20,249.000,9,251.000,20,0,30,
112855231000,250.000,5,237.000,30,236.000,29,234.000,9,233.000,40,86.000,1,246.000,30,247.000,9,248.000,40,249.000,9,251.000,20,0,30,
112855895000,250.000,5,237.000,30,236.000,29,234.000,9,233.000,20,86.000,1,246.000,30,247.000,9,248.000,20,249.000,9,251.000,20,0,30,
112856884000,250.000,5,237.000,30,236.000,29,234.000,29,233.000,20,86.000,1,246.000,30,247.000,9,248.000,20,249.000,29,251.000,20,0,30,
112915720000,250.000,5,237.000,30,236.000,9,234.000,29,233.000,20,86.000,1,246.000,30,247.000,9,248.000,20,249.000,29,320.000,1,0,30,
112915720000,250.000,5,237.000,30,236.000,9,235.000,20,234.000,29,233.000,20,246.000,30,247.000,9,248.000,20,249.000,29,250.000,20,0,30,
112916407000,250.000,5,237.000,9,236.000,9,235.000,20,234.000,29,233.000,20,246.000,9,247.000,9,248.000,20,249.000,29,250.000,20,0,30,
112916407000,250.000,5,237.000,9,236.000,30,235.000,20,234.000,29,233.000,20,246.000,30,247.000,9,248.000,20,249.000,29,250.000,20,0,30,
112916408000,250.000,5,237.000,9,236.000,30,235.000,29,234.000,29,233.000,20,246.000,30,247.000,9,248.000,20,249.000,29,250.000,20,0,30,
112916408000,250.000,5,237.000,9,236.000,30,235.000,29,234.000,29,233.000,20,246.000,30,247.000,9,248.000,29,249.000,29,250.000,20,0,30,
112916408000,250.000,5,236.000,30,235.000,29,234.000,29,233.000,20,86.000,1,246.000,30,247.000,9,248.000,29,249.000,29,250.000,20,0,30,
112916408000,250.000,5,236.000,30,235.000,29,234.000,29,233.000,20,86.000,1,246.000,21,247.000,9,248.000,29,249.000,29,250.000,20,0,30,
112916425000,250.000,5,236.000,30,235.000,29,234.000,29,233.000,20,86.000,1,246.000,30,247.000,9,248.000,29,249.000,29,250.000,20,0,30,
112916506000,250.000,5,236.000,30,235.000,29,234.000,29,233.000,20,86.000,1,246.000,30,247.000,9,248.000,20,249.000,29,250.000,20,0,30,
112916900000,250.000,5,236.000,30,235.000,29,234.000,9,233.000,20,86.000,1,246.000,30,247.000,9,248.000,20,249.000,9,250.000,20,0,30,
112917255000,250.000,5,236.000,30,235.000,29,234.000,29,233.000,20,86.000,1,246.000,30,247.000,9,248.000,20,249.000,29,250.000,20,0,30,
112917408000,250.000,5,236.000,9,235.000,29,234.000,29,233.000,20,86.000,1,246.000,9,247.000,9,248.000,20,249.000,29,250.000,20,0,30,
112917408000,250.000,5,237.000,21,236.000,9,235.000,29,234.000,29,233.000,20,246.000,30,247.000,9,248.000,20,249.000,29,250.000,20,0,30,
112917408000,250.000,5,237.000,21,236.000,9,235.000,29,234.000,29,233.000,20,246.000,30,247.000,9,248.000,29,249.000,29,250.000,20,0,30,
112917408000,250.000,5,237.000,30,236.000,9,235.000,29,234.000,29,233.000,20,246.000,30,247.000,9,248.000,29,249.000,29,250.000,20,0,30,
112917408000,250.000,5,237.000,30,235.000,29,234.000,29,233.000,20,86.000,1,246.000,30,247.000,9,248.000,29,249.000,29,250.000,20,0,30,
112917408000,250.000,5,237.000,30,235.000,29,234.000,29,233.000,20,86.000,1,246.000,21,247.000,9,248.000,29,249.000,29,250.000,20,0,30,
112917408000,250.000,5,237.000,30,235.000,29,234.000,29,233.000,20,86.000,1,246.000,30,247.000,9,248.000,29,249.000,29,250.000,20,0,30,
112917505000,250.000,5,237.000,30,235.000,29,234.000,29,233.000,20,86.000,1,246.000,30,247.000,9,248.000,20,249.000,29,250.000,20,0,30,
112920118000,250.000,5,237.000,30,235.000,9,234.000,29,233.000,20,86.000,1,246.000,30,247.000,9,248.000,20,249.000,29,320.000,1,0,30,
112920118000,250.000,5,237.000,30,236.000,20,235.000,9,234.000,29,233.000,20,246.000,30,247.000,9,248.000,20,249.000,29,251.000,20,0,30,
112937300000,250.000,5,237.000,30,236.000,20,235.000,9,234.000,9,233.000,20,246.000,30,247.000,9,248.000,20,249.000,9,251.000,20,0,30,
112937946000,250.000,5,237.000,30,236.000,20,235.000,29,234.000,9,233.000,20,246.000,30,247.000,9,248.000,20,249.000,9,250.000,20,0,30,
112958000000,250.000,5,237.000,30,236.000,20,235.000,9,234.000,9,233.000,20,246.000,30,247.000,9,248.000,20,249.000,9,251.000,20,0,30,
112958304000,250.000,5,237.000,30,236.000,20,235.000,9,234.000,29,233.000,20,246.000,30,247.000,9,248.000,20,249.000,29,251.000,20,0,30,
113001016000,250.000,5,237.000,30,235.000,9,234.000,29,233.000,20,86.000,1,246.000,30,247.000,9,248.000,20,249.000,29,320.000,1,0,30,
113001016000,250.000,5,237.000,30,235.000,29,234.000,29,233.000,20,86.000,1,246.000,30,247.000,9,248.000,20,249.000,29,250.000,20,0,30,
113001427000,250.000,5,237.000,9,235.000,29,234.000,29,233.000,20,86.000,1,246.000,9,247.000,9,248.000,20,249.000,29,250.000,20,0,30,
113001427000,250.000,5,237.000,9,236.000,21,235.000,29,234.000,29,233.000,20,246.000,30,247.000,9,248.000,20,249.000,29,250.000,20,0,30,
113001427000,250.000,5,237.000,9,236.000,21,235.000,29,234.000,29,233.000,20,246.000,30,247.000,9,248.000,29,249.000,29,250.000,20,0,30,
113001427000,250.000,5,236.000,21,235.000,29,234.000,29,233.000,20,86.000,1,246.000,30,247.000,9,248.000,29,249.000,29,250.000,20,0,30,
113001427000,250.000,5,236.000,21,235.000,29,234.000,29,233.000,20,86.000,1,246.000,21,247.000,9,248.000,29,249.000,29,250.000,20,0,30,
113001427000,250.000,5,236.000,30,235.000,29,234.000,29,233.000,20,86.000,1,246.000,21,247.000,9,248.000,29,249.000,29,250.000,20,0,30,
113001489000,250.000,5,236.000,30,235.000,29,234.000,29,233.000,20,86.000,1,246.000,30,247.000,9,248.000,29,249.000,29,250.000,20,0,30,
113001505000,250.000,5,236.000,30,235.000,29,234.000,29,233.000,20,86.000,1,246.000,30,247.000,9,248.000,20,249.000,29,250.000,20,0,30,
113003868000,250.000,5,236.000,30,235.000,9,234.000,29,233.000,20,86.000,1,246.000,30,247.000,9,248.000,20,249.000,29,320.000,1,0,30,
113003868000,250.000,5,236.000,30,235.000,9,234.000,49,233.000,20,86.000,1,246.000,30,247.000,9,248.000,20,249.000,49,320.000,1,0,30,
113003875000,250.000,5,236.000,30,235.000,9,234.000,29,233.000,20,86.000,1,246.000,30,247.000,9,248.000,20,249.000,29,320.000,1,0,30,
113004431000,250.000,5,236.000,30,235.000,9,234.000,29,233.000,40,86.000,1,246.000,30,247.000,9,248.000,40,249.000,29,320.000,1,0,30,
113009118000,250.000,5,236.000,30,235.000,9,234.000,9,233.000,40,86.000,1,246.000,30,247.000,9,248.000,40,249.000,9,320.000,1,0,30,
113009118000,250.000,5,236.000,30,235.000,29,234.000,9,233.000,40,86.000,1,246.000,30,247.000,9,248.000,40,249.000,9,250.000,20,0,30,
113009874000,250.000,5,236.000,30,235.000,29,234.000,9,233.000,40,86.000,1,246.000,30,247.000,9,248.000,40,250.000,20,320.000,1,0,30,
113009875000,250.000,5,236.000,30,235.000,29,234.000,9,233.000,40,86.000,1,246.000,30,247.000,18,248.000,40,250.000,20,320.000,1,0,30,
113009994000,250.000,5,236.000,30,235.000,9,234.000,9,233.000,40,86.000,1,246.000,30,247.000,18,248.000,40,320.000,1,400.000,1,0,30,
113009994000,250.000,5,236.000,30,235.000,9,234.000,29,233.000,40,86.000,1,246.000,30,247.000,18,248.000,40,249.000,20,320.000,1,0,30,
113010431000,250.000,5,236.000,9,235.000,9,234.000,29,233.000,40,86.000,1,246.000,9,247.000,18,248.000,40,249.000,20,320.000,1,0,30,
113010431000,250.000,5,236.000,9,235.000,30,234.000,29,233.000,40,86.000,1,246.000,30,247.000,18,248.000,40,249.000,20,320.000,1,0,30,
113010431000,250.000,5,235.000,30,234.000,29,233.000,40,86.000,1,84.000,3,246.000,30,247.000,18,248.000,40,249.000,20,320.000,1,0,30,
113010431000,250.000,5,235.000,30,234.000,38,233.000,40,86.000,1,84.000,3,246.000,30,247.000,18,248.000,40,249.000,20,320.000,1,0,30,
113010431000,250.000,5,235.000,30,234.000,38,233.000,40,86.000,1,84.000,3,246.000,21,247.000,18,248.000,40,249.000,20,320.000,1,0,30,
113010431000,250.000,5,235.000,30,234.000,38,233.000,40,86.000,1,84.000,3,246.000,30,247.000,18,248.000,40,249.000,20,320.000,1,0,30,
113013566000,250.000,5,235.000,9,234.000,38,233.000,40,86.000,1,84.000,3,246.000,9,247.000,18,248.000,40,249.000,20,320.000,1,0,30,
113013566000,250.000,5,236.000,21,235.000,9,234.000,38,233.000,40,86.000,1,246.000,30,247.000,18,248.000,40,249.000,20,320.000,1,0,30,
113013566000,250.000,5,236.000,21,235.000,9,234.000,38,233.000,40,86.000,1,246.000,21,247.000,18,248.000,40,249.000,20,320.000,1,0,30,
113013566000,250.000,5,236.000,21,234.000,38,233.000,40,86.000,1,84.000,3,246.000,21,247.000,18,248.000,40,249.000,20,320.000,1,0,30,
113013566000,250.000,5,236.000,30,234.000,38,233.000,40,86.000,1,84.000,3,246.000,21,247.000,18,248.000,40,249.000,20,320.000,1,0,30,
113013566000,250.000,5,236.000,30,234.000,38,233.000,40,86.000,1,84.000,3,246.000,30,247.000,18,248.000,40,249.000,20,320.000,1,0,30,
113014432000,250.000,5,236.000,9,234.000,38,233.000,40,86.000,1,84.000,3,246.000,9,247.000,18,248.000,40,249.000,20,320.000,1,0,30,
113014432000,250.000,5,236.000,9,235.000,21,234.000,38,233.000,40,86.000,1,246.000,30,247.000,18,248.000,40,249.000,20,320.000,1,0,30,
113014432000,250.000,5,235.000,21,234.000,38,233.000,40,86.000,1,84.000,3,246.000,30,247.000,18,248.000,40,249.000,20,320.000,1,0,30,
113014432000,250.000,5,235.000,21,234.000,38,233.000,40,86.000,1,84.000,3,246.000,21,247.000,18,248.000,40,249.000,20,320.000,1,0,30,
113014432000,250.000,5,235.000,30,234.000,38,233.000,40,86.000,1,84.000,3,246.000,21,247.000,18,248.000,40,249.000,20,320.000,1,0,30,
113014433000,250.000,5,235.000,30,234.000,38,233.000,40,86.000,1,84.000,3,246.000,30,247.000,18,248.000,40,249.000,20,320.000,1,0,30,
113015088000,250.000,5,235.000,30,234.000,29,233.000,40,86.000,1,84.000,3,246.000,30,247.000,18,248.000,40,249.000,20,320.000,1,0,30,
113015119000,250.000,5,235.000,30,234.000,9,233.000,40,86.000,1,84.000,3,246.000,30,247.000,18,248.000,40,320.000,1,400.000,1,0,30,
113015119000,250.000,5,235.000,30,234.000,9,233.000,60,86.000,1,84.000,3,246.000,30,247.000,18,248.000,60,320.000,1,400.000,1,0,30,
113015210000,250.000,5,235.000,30,234.000,9,233.000,60,231.000,9,86.000,1,246.000,30,247.000,18,248.000,60,320.000,1,400.000,1,0,30,
113015224000,250.000,5,235.000,30,234.000,9,233.000,40,231.000,9,86.000,1,246.000,30,247.000,18,248.000,40,320.000,1,400.000,1,0,30,
113015271000,250.000,5,235.000,30,234.000,9,233.000,20,231.000,9,86.000,1,246.000,30,247.000,18,248.000,20,320.000,1,400.000,1,0,30,
113015272000,250.000,5,235.000,9,234.000,9,233.000,20,231.000,9,86.000,1,246.000,9,247.000,18,248.000,20,320.000,1,400.000,1,0,30,
113015272000,250.000,5,235.000,9,234.000,30,233.000,20,231.000,9,86.000,1,246.000,30,247.000,18,248.000,20,320.000,1,400.000,1,0,30,
113015272000,250.000,5,234.000,30,233.000,20,231.000,9,86.000,1,84.000,3,246.000,30,247.000,18,248.000,20,320.000,1,400.000,1,0,30,
113015376000,250.000,5,234.000,30,231.000,9,86.000,1,84.000,3,39.000,20,246.000,30,247.000,18,320.000,1,400.000,1,414.000,1,0,30,
113015376000,250.000,5,234.000,30,232.000,20,231.000,9,86.000,1,84.000,3,246.000,30,247.000,38,320.000,1,400.000,1,414.000,1,0,30,
113015505000,250.000,5,234.000,30,232.000,20,231.000,29,86.000,1,84.000,3,246.000,50,247.000,38,320.000,1,400.000,1,414.000,1,0,30,
113015642000,250.000,5,234.000,30,231.000,29,86.000,1,84.000,3,39.000,20,246.000,50,247.000,18,320.000,1,400.000,1,414.000,1,0,30,
113015642000,250.000,5,234.000,30,231.000,49,86.000,1,84.000,3,39.000,20,246.000,70,247.000,18,320.000,1,400.000,1,414.000,1,0,30,
113016119000,250.000,5,234.000,30,231.000,29,86.000,1,84.000,3,39.000,20,246.000,50,247.000,18,320.000,1,400.000,1,414.000,1,0,30,
113016119000,250.000,5,234.000,30,232.000,20,231.000,29,86.000,1,84.000,3,246.000,50,247.000,38,320.000,1,400.000,1,414.000,1,0,30,
113019618000,250.000,5,234.000,30,231.000,29,86.000,1,84.000,3,39.000,20,246.000,50,247.000,18,320.000,1,400.000,1,414.000,1,0,30,
113019618000,250.000,5,234.000,30,231.000,49,86.000,1,84.000,3,39.000,20,246.000,70,247.000,18,320.000,1,400.000,1,414.000,1,0,30,
113019637000,250.000,5,234.000,30,231.000,69,86.000,1,84.000,3,39.000,20,246.000,90,247.000,18,320.000,1,400.000,1,414.000,1,0,30,
113020435000,250.000,5,234.000,9,231.000,69,86.000,1,84.000,3,39.000,20,246.000,69,247.000,18,320.000,1,400.000,1,414.000,1,0,30,
113020435000,250.000,5,234.000,9,233.000,21,231.000,69,86.000,1,84.000,3,246.000,90,247.000,18,320.000,1,400.000,1,414.000,1,0,30,
113020436000,250.000,5,234.000,9,233.000,21,231.000,78,86.000,1,84.000,3,246.000,90,247.000,18,320.000,1,400.000,1,414.000,1,0,30,
113020436000,250.000,5,233.000,21,231.000,78,86.000,1,84.000,3,39.000,20,246.000,90,247.000,18,320.000,1,400.000,1,414.000,1,0,30,
113020436000,250.000,5,233.000,30,231.000,78,86.000,1,84.000,3,39.000,20,246.000,90,247.000,18,320.000,1,400.000,1,414.000,1,0,30,
113026993000,250.000,5,233.000,30,231.000,58,86.000,1,84.000,3,39.000,20,246.000,70,247.000,18,320.000,1,400.000,1,414.000,1,0,30,
113026993000,250.000,5,233.000,30,231.000,58,230.000,20,86.000,1,84.000,3,245.000,20,246.000,70,247.000,18,320.000,1,400.000,1,0,30,
113027155000,250.000,5,233.000,30,231.000,58,230.000,20,86.000,1,84.000,3,245.000,29,246.000,70,247.000,18,320.000,1,400.000,1,0,30,
113027438000,250.000,5,233.000,9,231.000,58,230.000,20,86.000,1,84.000,3,245.000,29,246.000,49,247.000,18,320.000,1,400.000,1,0,30,
113027438000,250.000,5,233.000,9,232.000,21,231.000,58,230.000,20,86.000,1,244.000,21,245.000,29,246.000,49,247.000,18,320.000,1,0,30,
113027438000,250.000,5,232.000,21,231.000,58,230.000,20,86.000,1,84.000,3,244.000,21,245.000,29,246.000,49,247.000,18,320.000,1,0,30,
113027438000,250.000,5,232.000,21,231.000,58,230.000,20,86.000,1,84.000,3,244.000,30,245.000,29,246.000,49,247.000,18,320.000,1,0,30,
113027438000,250.000,5,232.000,30,231.000,58,230.000,20,86.000,1,84.000,3,244.000,30,245.000,29,246.000,49,247.000,18,320.000,1,0,30,
113027505000,250.000,5,232.000,30,231.000,38,230.000,20,86.000,1,84.000,3,244.000,30,245.000,29,246.000,29,247.000,18,320.000,1,0,30,
113027505000,250.000,5,232.000,30,231.000,38,230.000,20,229.000,20,86.000,1,244.000,50,245.000,29,246.000,29,247.000,18,320.000,1,0,30,
113027505000,250.000,5,232.000,30,231.000,38,230.000,20,229.000,20,86.000,1,244.000,50,245.000,29,246.000,20,247.000,18,320.000,1,0,30,
113027505000,250.000,5,232.000,30,231.000,38,230.000,20,229.000,20,86.000,1,244.000,50,245.000,29,246.000,20,247.000,9,320.000,1,0,30,
113027804000,250.000,5,232.000,30,231.000,29,230.000,20,229.000,20,86.000,1,244.000,50,245.000,29,246.000,20,247.000,9,320.000,1,0,30,
113027929000,250.000,5,232.000,30,231.000,29,230.000,20,229.000,30,86.000,1,244.000,50,245.000,29,246.000,20,247.000,9,320.000,1,0,30,
113028298000,250.000,5,232.000,30,231.000,9,230.000,20,229.000,30,86.000,1,244.000,50,245.000,29,247.000,9,320.000,1,400.000,1,0,30,
113028861000,250.000,5,232.000,30,231.000,29,230.000,20,229.000,30,86.000,1,244.000,50,245.000,29,246.000,20,247.000,9,320.000,1,0,30,
113030743000,250.000,5,232.000,30,231.000,29,229.000,30,86.000,1,84.000,3,244.000,50,245.000,9,246.000,20,247.000,9,320.000,1,0,30,
113030743000,250.000,5,232.000,30,231.000,49,229.000,30,86.000,1,84.000,3,244.000,50,245.000,9,246.000,40,247.000,9,320.000,1,0,30,
113034368000,250.000,5,232.000,30,231.000,29,229.000,30,86.000,1,84.000,3,244.000,50,245.000,9,246.000,20,247.000,9,320.000,1,0,30,
113034368000,250.000,5,232.000,30,231.000,29,230.000,20,229.000,30,86.000,1,244.000,50,245.000,29,246.000,20,247.000,9,320.000,1,0,30,
113041603000,250.000,5,232.000,9,231.000,29,230.000,20,229.000,30,86.000,1,244.000,29,245.000,29,246.000,20,247.000,9,320.000,1,0,30,
113041603000,250.000,5,232.000,9,231.000,50,230.000,20,229.000,30,86.000,1,244.000,50,245.000,29,246.000,20,247.000,9,320.000,1,0,30,
113041604000,250.000,5,231.000,50,230.000,20,229.000,30,86.000,1,84.000,3,244.000,50,245.000,29,246.000,20,247.000,9,320.000,1,0,30,
113041993000,250.000,5,231.000,50,229.000,30,86.000,1,84.000,3,39.000,20,244.000,50,245.000,9,246.000,20,247.000,9,320.000,1,0,30,
113041993000,250.000,5,231.000,50,229.000,50,86.000,1,84.000,3,39.000,20,244.000,70,245.000,9,246.000,20,247.000,9,320.000,1,0,30,
113042368000,250.000,5,231.000,50,229.000,30,86.000,1,84.000,3,39.000,20,244.000,50,245.000,9,246.000,20,247.000,9,320.000,1,0,30,
113042368000,250.000,5,231.000,50,230.000,20,229.000,30,86.000,1,84.000,3,244.000,50,245.000,29,246.000,20,247.000,9,320.000,1,0,30,
113042604000,250.000,5,231.000,29,230.000,20,229.000,30,86.000,1,84.000,3,244.000,29,245.000,29,246.000,20,247.000,9,320.000,1,0,30,
113042604000,250.000,5,232.000,21,231.000,29,230.000,20,229.000,30,86.000,1,244.000,50,245.000,29,246.000,20,247.000,9,320.000,1,0,30,
113042604000,250.000,5,232.000,30,231.000,29,230.000,20,229.000,30,86.000,1,244.000,50,245.000,29,246.000,20,247.000,9,320.000,1,0,30,
113042743000,250.000,5,232.000,30,231.000,29,229.000,30,86.000,1,84.000,3,244.000,50,245.000,9,246.000,20,247.000,9,320.000,1,0,30,
113042743000,250.000,5,232.000,30,231.000,29,229.000,50,86.000,1,84.000,3,244.000,70,245.000,9,246.000,20,247.000,9,320.000,1,0,30,
113043369000,250.000,5,232.000,30,231.000,9,229.000,50,86.000,1,84.000,3,244.000,70,245.000,9,247.000,9,320.000,1,400.000,1,0,30,
113043445000,250.000,5,232.000,9,231.000,9,229.000,50,86.000,1,84.000,3,244.000,49,245.000,9,247.000,9,320.000,1,400.000,1,0,30,
113043445000,250.000,5,232.000,9,231.000,30,229.000,50,86.000,1,84.000,3,244.000,70,245.000,9,247.000,9,320.000,1,400.000,1,0,30,
113043445000,250.000,5,232.000,9,231.000,30,229.000,59,86.000,1,84.000,3,244.000,70,245.000,9,247.000,9,320.000,1,400.000,1,0,30,
113043445000,250.000,5,231.000,30,229.000,59,86.000,1,84.000,3,39.000,20,244.000,70,245.000,9,247.000,9,320.000,1,400.000,1,0,30,
113043537000,250.000,5,231.000,30,229.000,79,86.000,1,84.000,3,39.000,20,244.000,90,245.000,9,247.000,9,320.000,1,400.000,1,0,30,
113044243000,250.000,5,231.000,30,229.000,59,86.000,1,84.000,3,39.000,20,244.000,70,245.000,9,247.000,9,320.000,1,400.000,1,0,30,
113044243000,250.000,5,231.000,30,229.000,59,228.000,20,86.000,1,84.000,3,243.000,20,244.000,70,245.000,9,247.000,9,320.000,1,0,30,
113044350000,250.000,5,231.000,30,229.000,49,228.000,20,86.000,1,84.000,3,243.000,20,244.000,70,245.000,9,247.000,9,320.000,1,0,30,
113044472000,250.000,5,231.000,30,229.000,49,228.000,20,227.000,10,86.000,1,243.000,20,244.000,70,245.000,9,247.000,9,320.000,1,0,30,
113044545000,250.000,5,231.000,9,229.000,49,228.000,20,227.000,10,86.000,1,243.000,20,244.000,49,245.000,9,247.000,9,320.000,1,0,30,
113044545000,250.000,5,231.000,9,230.000,21,229.000,49,228.000,20,227.000,10,242.000,21,243.000,20,244.000,49,245.000,9,247.000,9,0,30,
113044545000,250.000,5,230.000,21,229.000,49,228.000,20,227.000,10,86.000,1,242.000,21,243.000,20,244.000,49,245.000,9,247.000,9,0,30,
113044697000,250.000,5,230.000,30,229.000,49,228.000,20,227.000,10,86.000,1,242.000,21,243.000,20,244.000,49,245.000,9,247.000,9,0,30,
113044697000,250.000,5,230.000,30,229.000,49,228.000,20,227.000,10,86.000,1,242.000,30,243.000,20,244.000,49,245.000,9,247.000,9,0,30,
113044697000,250.000,5,230.000,30,229.000,29,228.000,20,227.000,10,86.000,1,242.000,30,243.000,20,244.000,29,245.000,9,247.000,9,0,30,
113045005000,250.000,5,230.000,30,229.000,29,228.000,20,227.000,30,86.000,1,242.000,50,243.000,20,244.000,29,245.000,9,247.000,9,0,30,
113045005000,250.000,5,230.000,30,229.000,29,228.000,20,227.000,30,86.000,1,242.000,50,243.000,20,244.000,29,247.000,9,320.000,1,0,30,
113046368000,250.000,5,230.000,30,229.000,29,227.000,30,86.000,1,84.000,3,242.000,50,244.000,29,247.000,9,320.000,1,400.000,1,0,30,
113046368000,250.000,5,230.000,30,229.000,49,227.000,30,86.000,1,84.000,3,242.000,50,244.000,49,247.000,9,320.000,1,400.000,1,0,30,
113046743000,250.000,5,230.000,30,229.000,29,227.000,30,86.000,1,84.000,3,242.000,50,244.000,29,247.000,9,320.000,1,400.000,1,0,30,
113046743000,250.000,5,230.000,30,229.000,29,228.000,20,227.000,30,86.000,1,242.000,50,243.000,20,244.000,29,247.000,9,320.000,1,0,30,
113049574000,250.000,5,230.000,30,229.000,9,228.000,20,227.000,30,86.000,1,242.000,50,243.000,20,244.000,9,247.000,9,320.000,1,0,30,
113050407000,250.000,5,230.000,30,229.000,29,228.000,20,227.000,30,86.000,1,242.000,50,243.000,20,244.000,29,247.000,9,320.000,1,0,30,
113052492000,250.000,5,230.000,30,229.000,29,227.000,30,86.000,1,84.000,3,242.000,50,244.000,29,247.000,9,320.000,1,400.000,1,0,30,
113052492000,250.000,5,230.000,30,229.000,49,227.000,30,86.000,1,84.000,3,242.000,50,244.000,49,247.000,9,320.000,1,400.000,1,0,30,
113052993000,250.000,5,230.000,30,229.000,29,227.000,30,86.000,1,84.000,3,242.000,50,244.000,29,247.000,9,320.000,1,400.000,1,0,30,
113052993000,250.000,5,230.000,30,229.000,29,228.000,20,227.000,30,86.000,1,242.000,50,243.000,20,244.000,29,247.000,9,320.000,1,0,30,
113101743000,250.000,5,230.000,30,229.000,29,227.000,30,86.000,1,84.000,3,242.000,50,244.000,29,247.000,9,320.000,1,400.000,1,0,30,
113101743000,250.000,5,230.000,30,229.000,29,227.000,50,86.000,1,84.000,3,242.000,70,244.000,29,247.000,9,320.000,1,400.000,1,0,30,
113104372000,250.000,5,230.000,30,229.000,29,227.000,30,86.000,1,84.000,3,242.000,50,244.000,29,247.000,9,320.000,1,400.000,1,0,30,
113104372000,250.000,5,230.000,30,229.000,29,228.000,20,227.000,30,86.000,1,242.000,50,243.000,20,244.000,29,247.000,9,320.000,1,0,30,
113106743000,250.000,5,230.000,30,229.000,29,227.000,30,86.000,1,84.000,3,242.000,50,244.000,29,247.000,9,320.000,1,400.000,1,0,30,
113106743000,250.000,5,230.000,30,229.000,49,227.000,30,86.000,1,84.000,3,242.000,50,244.000,49,247.000,9,320.000,1,400.000,1,0,30,
113107192000,250.000,5,230.000,30,229.000,29,227.000,30,86.000,1,84.000,3,242.000,50,244.000,29,247.000,9,320.000,1,400.000,1,0,30,
113107192000,250.000,5,230.000,30,229.000,29,228.000,20,227.000,30,86.000,1,242.000,50,243.000,20,244.000,29,247.000,9,320.000,1,0,30,
113107494000,250.000,5,230.000,30,229.000,29,227.000,30,86.000,1,84.000,3,242.000,50,244.000,29,247.000,9,320.000,1,400.000,1,0,30,
113107494000,250.000,5,230.000,30,229.000,49,227.000,30,86.000,1,84.000,3,242.000,50,244.000,49,247.000,9,320.000,1,400.000,1,0,30,
113110500000,250.000,5,230.000,30,229.000,29,227.000,30,86.000,1,84.000,3,242.000,50,244.000,29,247.000,9,320.000,1,400.000,1,0,30,
113111118000,250.000,5,230.000,30,229.000,9,227.000,30,86.000,1,84.000,3,242.000,50,244.000,9,247.000,9,320.000,1,400.000,1,0,30,
113111118000,250.000,5,230.000,30,229.000,9,228.000,20,227.000,30,86.000,1,242.000,50,243.000,20,244.000,9,247.000,9,320.000,1,0,30,
113111339000,250.000,5,230.000,30,229.000,9,228.000,40,227.000,30,86.000,1,242.000,50,243.000,40,244.000,9,247.000,9,320.000,1,0,30,
113114358000,250.000,5,230.000,30,229.000,9,228.000,40,227.000,30,86.000,1,242.000,50,243.000,40,244.000,9,320.000,1,400.000,1,0,30,
113114359000,250.000,5,230.000,30,229.000,9,228.000,40,227.000,30,86.000,1,242.000,60,243.000,40,244.000,9,320.000,1,400.000,1,0,30,
113114368000,250.000,5,230.000,30,229.000,9,228.000,20,227.000,30,86.000,1,242.000,60,243.000,20,244.000,9,320.000,1,400.000,1,0,30,
113114368000,250.000,5,230.000,30,229.000,29,228.000,20,227.000,30,86.000,1,242.000,60,243.000,20,244.000,29,320.000,1,400.000,1,0,30,
113119113000,250.000,5,230.000,30,229.000,9,228.000,20,227.000,30,86.000,1,242.000,60,243.000,20,244.000,9,320.000,1,400.000,1,0,30,
113119113000,250.000,5,230.000,30,229.000,9,228.000,40,227.000,30,86.000,1,242.000,60,243.000,40,244.000,9,320.000,1,400.000,1,0,30,
113120993000,250.000,5,230.000,30,229.000,9,228.000,20,227.000,30,86.000,1,242.000,60,243.000,20,244.000,9,320.000,1,400.000,1,0,30,
113120993000,250.000,5,230.000,30,229.000,29,228.000,20,227.000,30,86.000,1,242.000,60,243.000,20,244.000,29,320.000,1,400.000,1,0,30,
113124640000,250.000,5,230.000,30,229.000,29,227.000,30,86.000,1,84.000,3,242.000,60,244.000,29,320.000,1,400.000,1,414.000,1,0,30,
113125543000,250.000,5,230.000,30,229.000,49,227.000,30,86.000,1,84.000,3,242.000,60,244.000,49,320.000,1,400.000,1,414.000,1,0,30,
113125720000,250.000,5,230.000,30,229.000,49,227.000,10,86.000,1,84.000,3,242.000,40,244.000,49,320.000,1,400.000,1,414.000,1,0,30,
113125745000,250.000,5,230.000,30,229.000,29,227.000,10,86.000,1,84.000,3,242.000,40,244.000,29,320.000,1,400.000,1,414.000,1,0,30,
113125745000,250.000,5,230.000,50,229.000,29,227.000,10,86.000,1,84.000,3,242.000,40,244.000,29,245.000,20,320.000,1,400.000,1,0,30,
113126006000,250.000,5,230.000,50,229.000,49,227.000,10,86.000,1,84.000,3,242.000,40,244.000,49,245.000,20,320.000,1,400.000,1,0,30,
113126114000,250.000,5,230.000,50,229.000,49,86.000,1,84.000,3,39.000,20,242.000,40,244.000,49,245.000,20,320.000,1,400.000,1,0,30,
113126115000,250.000,5,230.000,50,229.000,59,86.000,1,84.000,3,39.000,20,242.000,40,244.000,49,245.000,20,320.000,1,400.000,1,0,30,
113126119000,250.000,5,230.000,30,229.000,59,86.000,1,84.000,3,39.000,20,242.000,40,244.000,49,320.000,1,400.000,1,414.000,1,0,30,
113126119000,250.000,5,231.000,20,230.000,30,229.000,59,86.000,1,84.000,3,242.000,40,244.000,49,246.000,20,320.000,1,400.000,1,0,30,
113126120000,250.000,5,231.000,29,230.000,30,229.000,59,86.000,1,84.000,3,242.000,40,244.000,49,246.000,20,320.000,1,400.000,1,0,30,
113126130000,250.000,5,231.000,29,230.000,30,229.000,59,86.000,1,84.000,3,242.000,30,244.000,49,246.000,20,320.000,1,400.000,1,0,30,
113126254000,250.000,5,231.000,29,230.000,30,229.000,59,86.000,1,84.000,3,242.000,30,244.000,59,246.000,20,320.000,1,400.000,1,0,30,
113126505000,250.000,5,231.000,29,230.000,30,229.000,50,86.000,1,84.000,3,242.000,30,244.000,59,246.000,20,320.000,1,400.000,1,0,30,
113126843000,250.000,5,231.000,29,230.000,9,229.000,50,86.000,1,84.000,3,242.000,9,244.000,59,246.000,20,320.000,1,400.000,1,0,30,
113126843000,250.000,5,232.000,21,231.000,29,230.000,9,229.000,50,86.000,1,242.000,30,244.000,59,246.000,20,320.000,1,400.000,1,0,30,
113126844000,250.000,5,232.000,21,231.000,29,230.000,9,229.000,50,86.000,1,242.000,21,244.000,59,246.000,20,320.000,1,400.000,1,0,30,
113126844000,250.000,5,232.000,30,231.000,29,230.000,9,229.000,50,86.000,1,242.000,21,244.000,59,246.000,20,320.000,1,400.000,1,0,30,
113126844000,250.000,5,232.000,30,231.000,29,230.000,9,229.000,50,86.000,1,242.000,30,244.000,59,246.000,20,320.000,1,400.000,1,0,30,
113127006000,250.000,5,232.000,30,231.000,29,229.000,50,86.000,1,84.000,3,242.000,30,244.000,59,246.000,20,320.000,1,400.000,1,0,30,
113129368000,250.000,5,232.000,30,231.000,9,229.000,50,86.000,1,84.000,3,242.000,30,244.000,59,320.000,1,400.000,1,414.000,1,0,30,
113129368000,250.000,5,232.000,30,231.000,9,230.000,20,229.000,50,86.000,1,242.000,30,244.000,59,245.000,20,320.000,1,400.000,1,0,30,
113131368000,250.000,5,232.000,30,231.000,9,229.000,50,86.000,1,84.000,3,242.000,30,244.000,59,320.000,1,400.000,1,414.000,1,0,30,
113131368000,250.000,5,232.000,30,231.000,29,229.000,50,86.000,1,84.000,3,242.000,30,244.000,59,246.000,20,320.000,1,400.000,1,0,30,
113132118000,250.000,5,232.000,30,231.000,9,229.000,50,86.000,1,84.000,3,242.000,30,244.000,59,320.000,1,400.000,1,414.000,1,0,30,
113132118000,250.000,5,232.000,30,231.000,9,230.000,20,229.000,50,86.000,1,242.000,30,244.000,59,245.000,20,320.000,1,400.000,1,0,30,
113134495000,250.000,5,232.000,30,231.000,9,229.000,50,86.000,1,84.000,3,242.000,30,244.000,59,320.000,1,400.000,1,414.000,1,0,30,
113134495000,250.000,5,232.000,30,231.000,29,229.000,50,86.000,1,84.000,3,242.000,30,244.000,59,246.000,20,320.000,1,400.000,1,0,30,
113134850000,250.000,5,232.000,30,231.000,29,229.000,70,86.000,1,84.000,3,242.000,30,244.000,79,246.000,20,320.000,1,400.000,1,0,30,
113135118000,250.000,5,232.000,30,231.000,29,229.000,50,86.000,1,84.000,3,242.000,30,244.000,59,246.000,20,320.000,1,400.000,1,0,30,
113135365000,250.000,5,232.000,30,231.000,29,230.000,20,229.000,50,86.000,1,242.000,30,244.000,59,245.000,20,246.000,20,320.000,1,0,30,
113135367000,250.000,5,232.000,30,231.000,29,230.000,20,229.000,30,86.000,1,242.000,30,244.000,39,245.000,20,246.000,20,320.000,1,0,30,
113135735000,250.000,5,232.000,30,231.000,29,230.000,40,229.000,30,86.000,1,242.000,30,244.000,39,245.000,40,246.000,20,320.000,1,0,30,
113136040000,250.000,5,232.000,30,231.000,29,230.000,20,229.000,30,86.000,1,242.000,30,244.000,39,245.000,20,246.000,20,320.000,1,0,30,
113136040000,250.000,5,232.000,30,231.000,29,230.000,20,229.000,50,86.000,1,242.000,30,244.000,59,245.000,20,246.000,20,320.000,1,0,30,
113136300000,250.000,5,232.000,30,231.000,29,230.000,20,229.000,30,86.000,1,242.000,30,244.000,39,245.000,20,246.000,20,320.000,1,0,30,
113136551000,250.000,5,232.000,30,231.000,29,230.000,40,229.000,30,86.000,1,242.000,30,244.000,39,245.000,40,246.000,20,320.000,1,0,30,
113138040000,250.000,5,232.000,30,231.000,29,230.000,20,229.000,30,86.000,1,242.000,30,244.000,39,245.000,20,246.000,20,320.000,1,0,30,
113138040000,250.000,5,232.000,30,231.000,29,230.000,20,229.000,50,86.000,1,242.000,30,244.000,59,245.000,20,246.000,20,320.000,1,0,30,
113138165000,250.000,5,232.000,30,231.000,29,230.000,20,229.000,30,86.000,1,242.000,30,244.000,39,245.000,20,246.000,20,320.000,1,0,30,
113138539000,250.000,5,232.000,30,231.000,29,230.000,40,229.000,30,86.000,1,242.000,30,244.000,39,245.000,40,246.000,20,320.000,1,0,30,
113141028000,250.000,5,232.000,30,231.000,29,230.000,20,229.000,30,86.000,1,242.000,30,244.000,39,245.000,20,246.000,20,320.000,1,0,30,
113141028000,250.000,5,232.000,30,231.000,29,230.000,20,229.000,50,86.000,1,242.000,30,244.000,59,245.000,20,246.000,20,320.000,1,0,30,
113141153000,250.000,5,232.000,30,231.000,29,230.000,20,229.000,30,86.000,1,242.000,30,244.000,39,245.000,20,246.000,20,320.000,1,0,30,
113141527000,250.000,5,232.000,30,231.000,29,230.000,40,229.000,30,86.000,1,242.000,30,244.000,39,245.000,40,246.000,20,320.000,1,0,30,
113146124000,250.000,5,232.000,30,231.000,29,230.000,20,229.000,30,86.000,1,242.000,30,244.000,39,245.000,20,246.000,20,320.000,1,0,30,
113146124000,250.000,5,232.000,30,231.000,29,230.000,20,229.000,50,86.000,1,242.000,30,244.000,59,245.000,20,246.000,20,320.000,1,0,30,
113147499000,250.000,5,232.000,30,231.000,29,230.000,20,229.000,30,86.000,1,242.000,30,244.000,39,245.000,20,246.000,20,320.000,1,0,30,
113147499000,250.000,5,232.000,30,231.000,29,230.000,40,229.000,30,86.000,1,242.000,30,244.000,39,245.000,40,246.000,20,320.000,1,0,30,
113151305000,250.000,5,232.000,30,231.000,29,230.000,20,229.000,30,86.000,1,242.000,30,244.000,39,245.000,20,246.000,20,320.000,1,0,30,
113151315000,250.000,5,232.000,30,231.000,29,230.000,20,229.000,50,86.000,1,242.000,30,244.000,59,245.000,20,246.000,20,320.000,1,0,30,
113152923000,250.000,5,232.000,30,231.000,29,230.000,20,229.000,30,86.000,1,242.000,30,244.000,39,245.000,20,246.000,20,320.000,1,0,30,
113152923000,250.000,5,232.000,30,231.000,29,230.000,40,229.000,30,86.000,1,242.000,30,244.000,39,245.000,40,246.000,20,320.000,1,0,30,
113153298000,250.000,5,232.000,30,231.000,29,230.000,20,229.000,30,86.000,1,242.000,30,244.000,39,245.000,20,246.000,20,320.000,1,0,30,
113153422000,250.000,5,232.000,30,231.000,29,230.000,20,229.000,50,86.000,1,242.000,30,244.000,59,245.000,20,246.000,20,320.000,1,0,30,
113154368000,250.000,5,232.000,30,231.000,9,230.000,20,229.000,50,86.000,1,242.000,30,244.000,59,245.000,20,320.000,1,400.000,1,0,30,
113154368000,250.000,5,232.000,30,231.000,9,230.000,40,229.000,50,86.000,1,242.000,30,244.000,59,245.000,40,320.000,1,400.000,1,0,30,
113155252000,250.000,5,232.000,30,231.000,9,230.000,20,229.000,50,86.000,1,242.000,30,244.000,59,245.000,20,320.000,1,400.000,1,0,30,
113155362000,250.000,5,232.000,30,231.000,9,230.000,20,229.000,30,86.000,1,242.000,30,244.000,39,245.000,20,320.000,1,400.000,1,0,30,
113155362000,250.000,5,232.000,30,231.000,9,230.000,20,229.000,30,228.000,20,242.000,30,243.000,20,244.000,39,245.000,20,320.000,1,0,30,
113155619000,250.000,5,232.000,30,231.000,9,229.000,30,228.000,20,86.000,1,242.000,30,243.000,20,244.000,39,320.000,1,400.000,1,0,30,
113155619000,250.000,5,232.000,30,231.000,9,229.000,50,228.000,20,86.000,1,242.000,30,243.000,20,244.000,59,320.000,1,400.000,1,0,30,
113156197000,250.000,5,232.000,30,231.000,9,229.000,50,228.000,40,86.000,1,242.000,30,243.000,40,244.000,59,320.000,1,400.000,1,0,30,
113157007000,250.000,5,232.000,30,231.000,9,229.000,50,228.000,20,86.000,1,242.000,30,243.000,20,244.000,59,320.000,1,400.000,1,0,30,
113157007000,250.000,5,232.000,30,231.000,9,229.000,50,228.000,20,227.000,20,242.000,50,243.000,20,244.000,59,320.000,1,400.000,1,0,30,
113157130000,250.000,5,232.000,30,231.000,9,229.000,50,228.000,20,86.000,1,242.000,30,243.000,20,244.000,59,320.000,1,400.000,1,0,30,
113157264000,250.000,5,232.000,9,231.000,9,229.000,50,228.000,20,86.000,1,242.000,9,243.000,20,244.000,59,320.000,1,400.000,1,0,30,
113157264000,250.000,5,232.000,9,231.000,30,229.000,50,228.000,20,86.000,1,242.000,30,243.000,20,244.000,59,320.000,1,400.000,1,0,30,
113157264000,250.000,5,232.000,9,231.000,30,229.000,50,228.000,20,86.000,1,242.000,30,243.000,29,244.000,59,320.000,1,400.000,1,0,30,
113157264000,250.000,5,232.000,9,231.000,30,229.000,59,228.000,20,86.000,1,242.000,30,243.000,29,244.000,59,320.000,1,400.000,1,0,30,
113157264000,250.000,5,231.000,30,229.000,59,228.000,20,86.000,1,84.000,3,242.000,30,243.000,29,244.000,59,320.000,1,400.000,1,0,30,
113157264000,250.000,5,231.000,30,229.000,59,228.000,20,86.000,1,84.000,3,242.000,21,243.000,29,244.000,59,320.000,1,400.000,1,0,30,
113157505000,250.000,5,231.000,30,229.000,39,228.000,20,86.000,1,84.000,3,242.000,21,243.000,29,244.000,39,320.000,1,400.000,1,0,30,
113157505000,250.000,5,231.000,30,229.000,39,228.000,20,227.000,20,86.000,1,242.000,41,243.000,29,244.000,39,320.000,1,400.000,1,0,30,
113157506000,250.000,5,231.000,30,229.000,39,228.000,20,227.000,20,86.000,1,242.000,50,243.000,29,244.000,39,320.000,1,400.000,1,0,30,
113157631000,250.000,5,231.000,30,229.000,39,228.000,20,227.000,40,86.000,1,242.000,70,243.000,29,244.000,39,320.000,1,400.000,1,0,30,
113158005000,250.000,5,231.000,30,229.000,39,228.000,20,227.000,40,86.000,1,242.000,70,243.000,29,244.000,30,320.000,1,400.000,1,0,30,
113158255000,250.000,5,231.000,30,229.000,39,228.000,20,227.000,20,86.000,1,242.000,50,243.000,29,244.000,30,320.000,1,400.000,1,0,30,
113158255000,250.000,5,231.000,30,229.000,39,228.000,40,227.000,20,86.000,1,242.000,50,243.000,49,244.000,30,320.000,1,400.000,1,0,30,
113158304000,250.000,5,231.000,30,229.000,39,228.000,20,227.000,20,86.000,1,242.000,50,243.000,29,244.000,30,320.000,1,400.000,1,0,30,
113158755000,250.000,5,231.000,30,229.000,39,228.000,40,227.000,20,86.000,1,242.000,50,243.000,49,244.000,30,320.000,1,400.000,1,0,30,
113158957000,250.000,5,231.000,30,229.000,39,228.000,20,227.000,20,86.000,1,242.000,50,243.000,29,244.000,30,320.000,1,400.000,1,0,30,
113159477000,250.000,5,231.000,9,229.000,39,228.000,20,227.000,20,86.000,1,242.000,29,243.000,29,244.000,30,320.000,1,400.000,1,0,30,
113159477000,250.000,5,232.000,21,231.000,9,229.000,39,228.000,20,227.000,20,242.000,50,243.000,29,244.000,30,320.000,1,400.000,1,0,30,
113159478000,250.000,5,232.000,21,229.000,39,228.000,20,227.000,20,86.000,1,242.000,50,243.000,29,244.000,30,320.000,1,400.000,1,0,30,
113159478000,250.000,5,232.000,30,229.000,39,228.000,20,227.000,20,86.000,1,242.000,50,243.000,29,244.000,30,320.000,1,400.000,1,0,30,
113159534000,250.000,5,232.000,30,230.000,20,229.000,39,228.000,20,227.000,20,242.000,50,243.000,29,244.000,30,245.000,20,320.000,1,0,30,
113200231000,250.000,5,232.000,30,230.000,20,229.000,39,227.000,20,86.000,1,242.000,50,243.000,9,244.000,30,245.000,20,320.000,1,0,30,
113200231000,250.000,5,232.000,30,230.000,20,229.000,59,227.000,20,86.000,1,242.000,50,243.000,9,244.000,50,245.000,20,320.000,1,0,30,
113200493000,250.000,5,232.000,30,230.000,20,229.000,39,227.000,20,86.000,1,242.000,50,243.000,9,244.000,30,245.000,20,320.000,1,0,30,
113200493000,250.000,5,232.000,30,230.000,40,229.000,39,227.000,20,86.000,1,242.000,50,243.000,9,244.000,30,245.000,40,320.000,1,0,30,
113200722000,250.000,5,232.000,30,230.000,40,229.000,19,227.000,20,86.000,1,242.000,50,243.000,9,244.000,10,245.000,40,320.000,1,0,30,
113200731000,250.000,5,232.000,30,230.000,40,229.000,19,228.000,20,227.000,20,242.000,50,243.000,29,244.000,10,245.000,40,320.000,1,0,30,
113204242000,250.000,5,232.000,30,230.000,20,229.000,19,228.000,20,227.000,20,242.000,50,243.000,29,244.000,10,245.000,20,320.000,1,0,30,
113204242000,250.000,5,232.000,30,230.000,20,229.000,39,228.000,20,227.000,20,242.000,50,243.000,29,244.000,30,245.000,20,320.000,1,0,30,
113209812000,250.000,5,232.000,30,229.000,39,228.000,20,227.000,20,86.000,1,242.000,50,243.000,29,244.000,30,320.000,1,400.000,1,0,30,
113210482000,250.000,5,232.000,9,229.000,39,228.000,20,227.000,20,86.000,1,242.000,29,243.000,29,244.000,30,320.000,1,400.000,1,0,30,
113210482000,250.000,5,232.000,9,231.000,21,229.000,39,228.000,20,227.000,20,242.000,50,243.000,29,244.000,30,320.000,1,400.000,1,0,30,
113210482000,250.000,5,231.000,21,229.000,39,228.000,20,227.000,20,86.000,1,242.000,50,243.000,29,244.000,30,320.000,1,400.000,1,0,30,
113210482000,250.000,5,231.000,30,229.000,39,228.000,20,227.000,20,86.000,1,242.000,50,243.000,29,244.000,30,320.000,1,400.000,1,0,30,
113210498000,250.000,5,231.000,30,229.000,59,228.000,20,227.000,20,86.000,1,242.000,50,243.000,29,244.000,50,320.000,1,400.000,1,0,30,
113213749000,250.000,5,231.000,30,229.000,59,227.000,20,86.000,1,84.000,3,242.000,50,243.000,9,244.000,50,320.000,1,400.000,1,0,30,
113213749000,250.000,5,231.000,30,229.000,79,227.000,20,86.000,1,84.000,3,242.000,50,243.000,9,244.000,70,320.000,1,400.000,1,0,30,
113213869000,250.000,5,231.000,30,229.000,59,227.000,20,86.000,1,84.000,3,242.000,50,243.000,9,244.000,50,320.000,1,400.000,1,0,30,
113213869000,250.000,5,231.000,30,230.000,20,229.000,59,227.000,20,86.000,1,242.000,50,243.000,9,244.000,50,245.000,20,320.000,1,0,30,
113214050000,250.000,5,231.000,30,230.000,20,229.000,59,86.000,1,84.000,3,242.000,30,243.000,9,244.000,50,245.000,20,320.000,1,0,30,
113214120000,250.000,5,231.000,30,229.000,59,86.000,1,84.000,3,39.000,20,242.000,30,243.000,9,244.000,50,320.000,1,400.000,1,0,30,
113214120000,250.000,5,231.000,50,229.000,59,86.000,1,84.000,3,39.000,20,242.000,30,243.000,9,244.000,50,246.000,20,320.000,1,0,30,
113214239000,250.000,5,231.000,50,229.000,79,86.000,1,84.000,3,39.000,20,242.000,30,243.000,9,244.000,70,246.000,20,320.000,1,0,30,
113214368000,250.000,5,231.000,50,229.000,59,86.000,1,84.000,3,39.000,20,242.000,30,243.000,9,244.000,50,246.000,20,320.000,1,0,30,
113214368000,250.000,5,231.000,50,230.000,20,229.000,59,86.000,1,84.000,3,242.000,30,243.000,9,244.000,50,245.000,20,246.000,20,0,30,
113214407000,250.000,5,231.000,50,230.000,20,229.000,39,86.000,1,84.000,3,242.000,30,243.000,9,244.000,30,245.000,20,246.000,20,0,30,
113216917000,250.000,5,231.000,50,229.000,39,86.000,1,84.000,3,39.000,20,242.000,30,243.000,9,244.000,30,246.000,20,320.000,1,0,30,
113216917000,250.000,5,231.000,50,229.000,59,86.000,1,84.000,3,39.000,20,242.000,30,243.000,9,244.000,50,246.000,20,320.000,1,0,30,
113216998000,250.000,5,231.000,30,229.000,59,86.000,1,84.000,3,39.000,20,242.000,30,243.000,9,244.000,50,320.000,1,400.000,1,0,30,
113216998000,250.000,5,231.000,30,230.000,20,229.000,59,86.000,1,84.000,3,242.000,30,243.000,9,244.000,50,245.000,20,320.000,1,0,30,
113221038000,250.000,5,231.000,30,230.000,20,229.000,79,86.000,1,84.000,3,242.000,30,243.000,9,244.000,70,245.000,20,320.000,1,0,30,
113225744000,250.000,5,231.000,30,229.000,79,86.000,1,84.000,3,39.000,20,242.000,30,243.000,9,244.000,70,320.000,1,400.000,1,0,30,
113225744000,250.000,5,231.000,50,229.000,79,86.000,1,84.000,3,39.000,20,242.000,30,243.000,9,244.000,70,246.000,20,320.000,1,0,30,
113225745000,250.000,5,231.000,50,229.000,59,86.000,1,84.000,3,39.000,20,242.000,30,243.000,9,244.000,50,246.000,20,320.000,1,0,30,
113225745000,250.000,5,231.000,50,230.000,20,229.000,59,86.000,1,84.000,3,242.000,30,243.000,9,244.000,50,245.000,20,246.000,20,0,30,
113226495000,250.000,5,231.000,50,229.000,59,86.000,1,84.000,3,39.000,20,242.000,30,243.000,9,244.000,50,246.000,20,320.000,1,0,30,
113226495000,250.000,5,231.000,50,229.000,79,86.000,1,84.000,3,39.000,20,242.000,30,243.000,9,244.000,70,246.000,20,320.000,1,0,30,
113226868000,250.000,5,231.000,30,229.000,79,86.000,1,84.000,3,39.000,20,242.000,30,243.000,9,244.000,70,320.000,1,400.000,1,0,30,
113226868000,250.000,5,231.000,30,230.000,20,229.000,79,86.000,1,84.000,3,242.000,30,243.000,9,244.000,70,245.000,20,320.000,1,0,30,
113228074000,250.000,5,231.000,30,230.000,20,229.000,59,86.000,1,84.000,3,242.000,30,243.000,9,244.000,50,245.000,20,320.000,1,0,30,
113228074000,250.000,5,231.000,30,230.000,20,229.000,59,228.000,20,86.000,1,242.000,30,243.000,29,244.000,50,245.000,20,320.000,1,0,30,
113229568000,250.000,5,231.000,30,230.000,20,229.000,59,86.000,1,84.000,3,242.000,30,243.000,9,244.000,50,245.000,20,320.000,1,0,30,
113229568000,250.000,5,231.000,30,230.000,20,229.000,79,86.000,1,84.000,3,242.000,30,243.000,9,244.000,70,245.000,20,320.000,1,0,30,
113230562000,250.000,5,231.000,30,230.000,20,229.000,59,86.000,1,84.000,3,242.000,30,243.000,9,244.000,50,245.000,20,320.000,1,0,30,
113230562000,250.000,5,231.000,30,230.000,20,229.000,59,228.000,20,86.000,1,242.000,30,243.000,29,244.000,50,245.000,20,320.000,1,0,30,
113231243000,250.000,5,231.000,30,229.000,59,228.000,20,86.000,1,84.000,3,242.000,30,243.000,29,244.000,50,320.000,1,400.000,1,0,30,
113231243000,250.000,5,231.000,30,229.000,79,228.000,20,86.000,1,84.000,3,242.000,30,243.000,29,244.000,70,320.000,1,400.000,1,0,30,
113231799000,250.000,5,231.000,30,229.000,79,86.000,1,84.000,3,39.000,20,242.000,30,243.000,9,244.000,70,320.000,1,400.000,1,0,30,
113231799000,250.000,5,231.000,30,229.000,99,86.000,1,84.000,3,39.000,20,242.000,30,243.000,9,244.000,90,320.000,1,400.000,1,0,30,
113231868000,250.000,5,231.000,30,229.000,79,86.000,1,84.000,3,39.000,20,242.000,30,243.000,9,244.000,70,320.000,1,400.000,1,0,30,
113231868000,250.000,5,231.000,30,230.000,20,229.000,79,86.000,1,84.000,3,242.000,30,243.000,9,244.000,70,245.000,20,320.000,1,0,30,
113231923000,250.000,5,231.000,30,230.000,20,229.000,59,86.000,1,84.000,3,242.000,30,243.000,9,244.000,50,245.000,20,320.000,1,0,30,
113232118000,250.000,5,231.000,30,229.000,59,86.000,1,84.000,3,39.000,20,242.000,30,243.000,9,244.000,50,320.000,1,400.000,1,0,30,
113232118000,250.000,5,231.000,30,229.000,79,86.000,1,84.000,3,39.000,20,242.000,30,243.000,9,244.000,70,320.000,1,400.000,1,0,30,
113232326000,250.000,5,231.000,30,229.000,79,228.000,20,86.000,1,84.000,3,242.000,30,243.000,29,244.000,70,320.000,1,400.000,1,0,30,
113234781000,250.000,5,231.000,30,229.000,79,86.000,1,84.000,3,39.000,20,242.000,30,243.000,9,244.000,70,320.000,1,400.000,1,0,30,
113234781000,250.000,5,231.000,30,229.000,79,227.000,20,86.000,1,84.000,3,242.000,50,243.000,9,244.000,70,320.000,1,400.000,1,0,30,
113235280000,250.000,5,231.000,30,229.000,79,86.000,1,84.000,3,39.000,20,242.000,30,243.000,9,244.000,70,320.000,1,400.000,1,0,30,
113235280000,250.000,5,231.000,30,229.000,79,228.000,20,86.000,1,84.000,3,242.000,30,243.000,29,244.000,70,320.000,1,400.000,1,0,30,
113235580000,250.000,5,231.000,30,229.000,79,228.000,20,86.000,1,84.000,3,242.000,30,243.000,29,244.000,60,320.000,1,400.000,1,0,30,
113235581000,250.000,5,231.000,30,229.000,79,228.000,20,86.000,1,84.000,3,242.000,40,243.000,29,244.000,60,320.000,1,400.000,1,0,30,
113235588000,250.000,5,231.000,30,229.000,59,228.000,20,86.000,1,84.000,3,242.000,40,243.000,29,244.000,40,320.000,1,400.000,1,0,30,
113235619000,250.000,5,231.000,30,229.000,39,228.000,20,86.000,1,84.000,3,242.000,40,243.000,29,244.000,20,320.000,1,400.000,1,0,30,
113235619000,250.000,5,231.000,30,229.000,39,228.000,40,86.000,1,84.000,3,242.000,40,243.000,49,244.000,20,320.000,1,400.000,1,0,30,
113235658000,250.000,5,231.000,30,229.000,39,228.000,20,86.000,1,84.000,3,242.000,40,243.000,29,244.000,20,320.000,1,400.000,1,0,30,
113235781000,250.000,5,231.000,30,229.000,39,228.000,20,227.000,20,86.000,1,242.000,60,243.000,29,244.000,20,320.000,1,400.000,1,0,30,
113236367000,250.000,5,231.000,30,229.000,29,228.000,20,227.000,20,86.000,1,242.000,60,243.000,29,244.000,20,320.000,1,400.000,1,0,30,
113236368000,250.000,5,231.000,30,229.000,9,228.000,20,227.000,20,86.000,1,242.000,60,243.000,29,320.000,1,400.000,1,414.000,1,0,30,
113236369000,250.000,5,231.000,30,229.000,9,227.000,20,86.000,1,84.000,3,242.000,60,243.000,9,320.000,1,400.000,1,414.000,1,0,30,
113236369000,250.000,5,231.000,30,229.000,9,227.000,40,86.000,1,84.000,3,242.000,80,243.000,9,320.000,1,400.000,1,414.000,1,0,30,
113236490000,250.000,5,231.000,30,229.000,9,227.000,50,86.000,1,84.000,3,242.000,80,243.000,9,320.000,1,400.000,1,414.000,1,0,30,
113236505000,250.000,5,231.000,30,229.000,9,227.000,70,86.000,1,84.000,3,242.000,100,243.000,9,320.000,1,400.000,1,414.000,1,0,30,
113236678000,250.000,5,231.000,9,229.000,9,227.000,70,86.000,1,84.000,3,242.000,79,243.000,9,320.000,1,400.000,1,414.000,1,0,30,
113236678000,250.000,5,231.000,9,230.000,21,229.000,9,227.000,70,86.000,1,242.000,100,243.000,9,320.000,1,400.000,1,414.000,1,0,30,
113236679000,250.000,5,231.000,9,230.000,21,229.000,9,227.000,79,86.000,1,242.000,100,243.000,9,320.000,1,400.000,1,414.000,1,0,30,
113236679000,250.000,5,231.000,9,230.000,30,229.000,9,227.000,79,86.000,1,242.000,100,243.000,9,320.000,1,400.000,1,414.000,1,0,30,
113236679000,250.000,5,230.000,30,229.000,9,227.000,79,86.000,1,84.000,3,242.000,100,243.000,9,320.000,1,400.000,1,414.000,1,0,30,
113236993000,250.000,5,230.000,30,229.000,9,227.000,59,86.000,1,84.000,3,242.000,80,243.000,9,320.000,1,400.000,1,414.000,1,0,30,
113236993000,250.000,5,230.000,30,229.000,9,228.000,20,227.000,59,86.000,1,242.000,80,243.000,29,320.000,1,400.000,1,414.000,1,0,30,
113237005000,250.000,5,230.000,30,229.000,9,228.000,20,227.000,50,86.000,1,242.000,80,243.000,29,320.000,1,400.000,1,414.000,1,0,30,
113237244000,250.000,5,230.000,30,229.000,9,228.000,20,227.000,30,86.000,1,242.000,60,243.000,29,320.000,1,400.000,1,414.000,1,0,30,
113237244000,250.000,5,230.000,30,229.000,9,228.000,40,227.000,30,86.000,1,242.000,60,243.000,49,320.000,1,400.000,1,414.000,1,0,30,
113237248000,250.000,5,230.000,30,229.000,9,228.000,20,227.000,30,86.000,1,242.000,60,243.000,29,320.000,1,400.000,1,414.000,1,0,30,
113237248000,250.000,5,230.000,30,229.000,29,228.000,20,227.000,30,86.000,1,242.000,60,243.000,29,244.000,20,320.000,1,400.000,1,0,30,
113237992000,250.000,5,230.000,30,229.000,9,228.000,20,227.000,30,86.000,1,242.000,60,243.000,29,320.000,1,400.000,1,414.000,1,0,30,
113237992000,250.000,5,230.000,30,229.000,9,228.000,40,227.000,30,86.000,1,242.000,60,243.000,49,320.000,1,400.000,1,414.000,1,0,30,
113238742000,250.000,5,230.000,30,229.000,9,228.000,20,227.000,30,86.000,1,242.000,60,243.000,29,320.000,1,400.000,1,414.000,1,0,30,
113238743000,250.000,5,230.000,30,229.000,9,228.000,20,227.000,50,86.000,1,242.000,80,243.000,29,320.000,1,400.000,1,414.000,1,0,30,
113239548000,250.000,5,230.000,30,229.000,9,228.000,40,227.000,50,86.000,1,242.000,80,243.000,49,320.000,1,400.000,1,414.000,1,0,30,
113250523000,250.000,5,230.000,30,229.000,9,228.000,40,227.000,30,86.000,1,242.000,60,243.000,49,320.000,1,400.000,1,414.000,1,0,30,
113250523000,250.000,5,230.000,30,229.000,9,228.000,40,227.000,30,226.000,20,241.000,20,242.000,60,243.000,49,320.000,1,400.000,1,0,30,
113250524000,250.000,5,230.000,30,229.000,9,228.000,40,227.000,30,226.000,20,241.000,29,242.000,60,243.000,49,320.000,1,400.000,1,0,30,
113250659000,250.000,5,230.000,9,229.000,9,228.000,40,227.000,30,226.000,20,241.000,29,242.000,39,243.000,49,320.000,1,400.000,1,0,30,
113250659000,250.000,5,230.000,30,229.000,9,228.000,40,227.000,30,226.000,20,240.000,21,241.000,29,242.000,39,243.000,49,320.000,1,0,30,
113250660000,250.000,5,230.000,30,229.000,9,228.000,49,227.000,30,226.000,20,240.000,21,241.000,29,242.000,39,243.000,49,320.000,1,0,30,
113250660000,250.000,5,230.000,30,229.000,9,228.000,49,227.000,30,226.000,20,240.000,30,241.000,29,242.000,39,243.000,49,320.000,1,0,30,
113250660000,250.000,5,230.000,21,229.000,9,228.000,49,227.000,30,226.000,20,240.000,30,241.000,29,242.000,39,243.000,49,320.000,1,0,30,
113250660000,250.000,5,230.000,30,229.000,9,228.000,49,227.000,30,226.000,20,240.000,30,241.000,29,242.000,39,243.000,49,320.000,1,0,30,
113250743000,250.000,5,230.000,30,229.000,9,228.000,29,227.000,30,226.000,20,240.000,30,241.000,29,242.000,39,243.000,29,320.000,1,0,30,
113250743000,250.000,5,230.000,30,229.000,9,228.000,29,227.000,50,226.000,20,240.000,30,241.000,29,242.000,59,243.000,29,320.000,1,0,30,
113251005000,250.000,5,230.000,30,229.000,9,228.000,20,227.000,50,226.000,20,240.000,30,241.000,29,242.000,59,243.000,29,320.000,1,0,30,
113251005000,250.000,5,230.000,30,229.000,9,228.000,20,227.000,50,226.000,20,240.000,30,241.000,29,242.000,50,243.000,29,320.000,1,0,30,
113251005000,250.000,5,230.000,30,229.000,9,228.000,20,227.000,50,226.000,20,240.000,30,241.000,29,242.000,50,243.000,20,320.000,1,0,30,
113251374000,250.000,5,230.000,30,229.000,9,228.000,20,227.000,50,86.000,1,240.000,30,241.000,9,242.000,50,243.000,20,320.000,1,0,30,
113251374000,250.000,5,230.000,30,229.000,9,228.000,20,227.000,70,86.000,1,240.000,30,241.000,9,242.000,70,243.000,20,320.000,1,0,30,
113251618000,250.000,5,230.000,30,229.000,9,228.000,20,227.000,50,86.000,1,240.000,30,241.000,9,242.000,50,243.000,20,320.000,1,0,30,
113251993000,250.000,5,230.000,30,229.000,9,228.000,20,227.000,50,226.000,20,240.000,30,241.000,29,242.000,50,243.000,20,320.000,1,0,30,
113252243000,250.000,5,230.000,30,229.000,9,228.000,20,227.000,50,86.000,1,240.000,30,241.000,9,242.000,50,243.000,20,320.000,1,0,30,
113252541000,250.000,5,230.000,30,229.000,9,227.000,50,86.000,1,84.000,3,240.000,30,241.000,9,242.000,50,320.000,1,400.000,1,0,30,
113252616000,250.000,5,230.000,30,229.000,9,227.000,70,86.000,1,84.000,3,240.000,30,241.000,9,242.000,70,320.000,1,400.000,1,0,30,
113252966000,250.000,5,230.000,30,229.000,9,227.000,90,86.000,1,84.000,3,240.000,30,241.000,9,242.000,90,320.000,1,400.000,1,0,30,
113255972000,250.000,5,230.000,30,229.000,9,227.000,70,86.000,1,84.000,3,240.000,30,241.000,9,242.000,70,320.000,1,400.000,1,0,30,
113255972000,250.000,5,230.000,30,229.000,9,227.000,70,226.000,20,86.000,1,240.000,30,241.000,29,242.000,70,320.000,1,400.000,1,0,30,
113256069000,250.000,5,230.000,30,229.000,9,227.000,50,226.000,20,86.000,1,240.000,30,241.000,29,242.000,50,320.000,1,400.000,1,0,30,
113256069000,250.000,5,230.000,30,229.000,9,228.000,20,227.000,50,226.000,20,240.000,30,241.000,29,242.000,50,243.000,20,320.000,1,0,30,
113258858000,250.000,5,230.000,30,229.000,9,228.000,20,227.000,50,86.000,1,240.000,30,241.000,9,242.000,50,243.000,20,320.000,1,0,30,
113258858000,250.000,5,230.000,30,229.000,9,228.000,20,227.000,70,86.000,1,240.000,30,241.000,9,242.000,70,243.000,20,320.000,1,0,30,
113301495000,250.000,5,230.000,30,229.000,9,228.000,20,227.000,50,86.000,1,240.000,30,241.000,9,242.000,50,243.000,20,320.000,1,0,30,
113301495000,250.000,5,230.000,30,229.000,9,228.000,20,227.000,50,226.000,20,240.000,30,241.000,29,242.000,50,243.000,20,320.000,1,0,30,
113301868000,250.000,5,230.000,30,229.000,9,227.000,50,226.000,20,86.000,1,240.000,30,241.000,29,242.000,50,320.000,1,400.000,1,0,30,
113301868000,250.000,5,230.000,30,229.000,9,227.000,70,226.000,20,86.000,1,240.000,30,241.000,29,242.000,70,320.000,1,400.000,1,0,30,
113302986000,250.000,5,230.000,30,229.000,9,227.000,70,86.000,1,84.000,3,240.000,30,241.000,9,242.000,70,320.000,1,400.000,1,0,30,
113302986000,250.000,5,230.000,30,229.000,9,227.000,90,86.000,1,84.000,3,240.000,30,241.000,9,242.000,90,320.000,1,400.000,1,0,30,
113302993000,250.000,5,230.000,30,229.000,9,227.000,70,86.000,1,84.000,3,240.000,30,241.000,9,242.000,70,320.000,1,400.000,1,0,30,
113302993000,250.000,5,230.000,30,229.000,9,228.000,20,227.000,70,86.000,1,240.000,30,241.000,9,242.000,70,243.000,20,320.000,1,0,30,
113303494000,250.000,5,230.000,30,229.000,9,228.000,20,227.000,50,86.000,1,240.000,30,241.000,9,242.000,50,243.000,20,320.000,1,0,30,
113303494000,250.000,5,230.000,30,229.000,9,228.000,20,227.000,50,226.000,20,240.000,30,241.000,29,242.000,50,243.000,20,320.000,1,0,30,
113303603000,250.000,5,230.000,30,229.000,9,227.000,50,226.000,20,86.000,1,240.000,30,241.000,29,242.000,50,320.000,1,400.000,1,0,30,
113303603000,250.000,5,230.000,30,229.000,9,227.000,70,226.000,20,86.000,1,240.000,30,241.000,29,242.000,70,320.000,1,400.000,1,0,30,
113303780000,250.000,5,230.000,30,229.000,9,227.000,50,226.000,20,86.000,1,240.000,30,241.000,29,242.000,50,320.000,1,400.000,1,0,30,
113304140000,250.000,5,230.000,30,229.000,9,227.000,70,226.000,20,86.000,1,240.000,30,241.000,29,242.000,70,320.000,1,400.000,1,0,30,
113304368000,250.000,5,230.000,30,229.000,9,227.000,50,226.000,20,86.000,1,240.000,30,241.000,29,242.000,50,320.000,1,400.000,1,0,30,
113304368000,250.000,5,230.000,30,229.000,9,228.000,20,227.000,50,226.000,20,240.000,30,241.000,29,242.000,50,243.000,20,320.000,1,0,30,
113304427000,250.000,5,230.000,30,229.000,9,228.000,20,227.000,50,86.000,1,240.000,30,241.000,9,242.000,50,243.000,20,320.000,1,0,30,
113304427000,250.000,5,230.000,30,229.000,9,228.000,20,227.000,70,86.000,1,240.000,30,241.000,9,242.000,70,243.000,20,320.000,1,0,30,
113306001000,250.000,5,230.000,30,229.000,9,228.000,20,227.000,50,86.000,1,240.000,30,241.000,9,242.000,50,243.000,20,320.000,1,0,30,
113306001000,250.000,5,230.000,30,229.000,9,228.000,20,227.000,50,226.000,20,240.000,30,241.000,29,242.000,50,243.000,20,320.000,1,0,30,
113306368000,250.000,5,230.000,30,229.000,9,227.000,50,226.000,20,86.000,1,240.000,30,241.000,29,242.000,50,320.000,1,400.000,1,0,30,
113306368000,250.000,5,230.000,30,229.000,9,227.000,70,226.000,20,86.000,1,240.000,30,241.000,29,242.000,70,320.000,1,400.000,1,0,30,
113307124000,250.000,5,230.000,30,229.000,9,227.000,50,226.000,20,86.000,1,240.000,30,241.000,29,242.000,50,320.000,1,400.000,1,0,30,
113307124000,250.000,5,230.000,30,229.000,9,228.000,20,227.000,50,226.000,20,240.000,30,241.000,29,242.000,50,243.000,20,320.000,1,0,30,
113307244000,250.000,5,230.000,30,229.000,9,227.000,50,226.000,20,86.000,1,240.000,30,241.000,29,242.000,50,320.000,1,400.000,1,0,30,
113307244000,250.000,5,230.000,30,229.000,9,227.000,70,226.000,20,86.000,1,240.000,30,241.000,29,242.000,70,320.000,1,400.000,1,0,30,
113309136000,250.000,5,230.000,30,229.000,9,227.000,70,86.000,1,84.000,3,240.000,30,241.000,9,242.000,70,320.000,1,400.000,1,0,30,
113309136000,250.000,5,230.000,30,229.000,9,227.000,90,86.000,1,84.000,3,240.000,30,241.000,9,242.000,90,320.000,1,400.000,1,0,30,
113309382000,250.000,5,230.000,30,229.000,9,227.000,70,86.000,1,84.000,3,240.000,30,241.000,9,242.000,70,320.000,1,400.000,1,0,30,
113309618000,250.000,5,230.000,30,229.000,9,227.000,50,86.000,1,84.000,3,240.000,30,241.000,9,242.000,50,320.000,1,400.000,1,0,30,
113309618000,250.000,5,230.000,30,229.000,9,228.000,20,227.000,50,86.000,1,240.000,30,241.000,9,242.000,50,243.000,20,320.000,1,0,30,
113309681000,250.000,5,230.000,30,229.000,9,228.000,20,227.000,70,86.000,1,240.000,30,241.000,9,242.000,70,243.000,20,320.000,1,0,30,
113310767000,250.000,5,230.000,30,229.000,9,228.000,20,227.000,50,86.000,1,240.000,30,241.000,9,242.000,50,243.000,20,320.000,1,0,30,
113310767000,250.000,5,230.000,30,229.000,9,228.000,20,227.000,50,226.000,20,240.000,30,241.000,29,242.000,50,243.000,20,320.000,1,0,30,
113311368000,250.000,5,230.000,30,229.000,9,227.000,50,226.000,20,86.000,1,240.000,30,241.000,29,242.000,50,320.000,1,400.000,1,0,30,
113311368000,250.000,5,230.000,30,229.000,9,227.000,70,226.000,20,86.000,1,240.000,30,241.000,29,242.000,70,320.000,1,400.000,1,0,30,
113311618000,250.000,5,230.000,30,229.000,9,227.000,50,226.000,20,86.000,1,240.000,30,241.000,29,242.000,50,320.000,1,400.000,1,0,30,
113311618000,250.000,5,230.000,30,229.000,9,228.000,20,227.000,50,226.000,20,240.000,30,241.000,29,242.000,50,243.000,20,320.000,1,0,30,
113312368000,250.000,5,230.000,30,229.000,9,227.000,50,226.000,20,86.000,1,240.000,30,241.000,29,242.000,50,320.000,1,400.000,1,0,30,
113312368000,250.000,5,230.000,30,229.000,9,227.000,70,226.000,20,86.000,1,240.000,30,241.000,29,242.000,70,320.000,1,400.000,1,0,30,
113314675000,250.000,5,230.000,9,229.000,9,227.000,70,226.000,20,86.000,1,240.000,9,241.000,29,242.000,70,320.000,1,400.000,1,0,30,
113314675000,250.000,5,230.000,9,229.000,30,227.000,70,226.000,20,86.000,1,240.000,30,241.000,29,242.000,70,320.000,1,400.000,1,0,30,
113314675000,250.000,5,229.000,30,227.000,70,226.000,20,86.000,1,84.000,3,240.000,30,241.000,29,242.000,70,320.000,1,400.000,1,0,30,
113324200000,250.000,5,229.000,30,227.000,50,226.000,20,86.000,1,84.000,3,240.000,30,241.000,29,242.000,50,320.000,1,400.000,1,0,30,
113324285000,250.000,5,229.000,9,227.000,50,226.000,20,86.000,1,84.000,3,240.000,9,241.000,29,242.000,50,320.000,1,400.000,1,0,30,
113324285000,250.000,5,230.000,21,229.000,9,227.000,50,226.000,20,86.000,1,240.000,30,241.000,29,242.000,50,320.000,1,400.000,1,0,30,
113324285000,250.000,5,230.000,21,229.000,9,227.000,59,226.000,20,86.000,1,240.000,30,241.000,29,242.000,50,320.000,1,400.000,1,0,30,
113324285000,250.000,5,230.000,30,229.000,9,227.000,59,226.000,20,86.000,1,240.000,30,241.000,29,242.000,50,320.000,1,400.000,1,0,30,
113324285000,250.000,5,230.000,30,227.000,59,226.000,20,86.000,1,84.000,3,240.000,30,241.000,29,242.000,50,320.000,1,400.000,1,0,30,
113324285000,250.000,5,230.000,30,227.000,59,226.000,20,86.000,1,84.000,3,240.000,21,241.000,29,242.000,50,320.000,1,400.000,1,0,30,
113324286000,250.000,5,230.000,30,227.000,59,226.000,20,86.000,1,84.000,3,240.000,30,241.000,29,242.000,50,320.000,1,400.000,1,0,30,
113324385000,250.000,5,230.000,30,227.000,79,226.000,20,86.000,1,84.000,3,240.000,30,241.000,29,242.000,70,320.000,1,400.000,1,0,30,
113324396000,250.000,5,230.000,30,227.000,79,86.000,1,84.000,3,39.000,20,240.000,30,241.000,9,242.000,70,320.000,1,400.000,1,0,30,
113324396000,250.000,5,230.000,30,227.000,99,86.000,1,84.000,3,39.000,20,240.000,30,241.000,9,242.000,90,320.000,1,400.000,1,0,30,
113324495000,250.000,5,230.000,30,227.000,79,86.000,1,84.000,3,39.000,20,240.000,30,241.000,9,242.000,70,320.000,1,400.000,1,0,30,
113324495000,250.000,5,230.000,30,228.000,20,227.000,79,86.000,1,84.000,3,240.000,30,241.000,9,242.000,70,243.000,20,320.000,1,0,30,
113326503000,250.000,5,230.000,30,228.000,20,227.000,59,86.000,1,84.000,3,240.000,30,241.000,9,242.000,50,243.000,20,320.000,1,0,30,
113326503000,250.000,5,230.000,30,228.000,20,227.000,59,226.000,20,86.000,1,240.000,30,241.000,29,242.000,50,243.000,20,320.000,1,0,30,
113326618000,250.000,5,230.000,30,227.000,59,226.000,20,86.000,1,84.000,3,240.000,30,241.000,29,242.000,50,320.000,1,400.000,1,0,30,
113326618000,250.000,5,230.000,30,227.000,79,226.000,20,86.000,1,84.000,3,240.000,30,241.000,29,242.000,70,320.000,1,400.000,1,0,30,
113326720000,250.000,5,230.000,9,227.000,79,226.000,20,86.000,1,84.000,3,240.000,9,241.000,29,242.000,70,320.000,1,400.000,1,0,30,
113326720000,250.000,5,230.000,9,229.000,21,227.000,79,226.000,20,86.000,1,240.000,30,241.000,29,242.000,70,320.000,1,400.000,1,0,30,
113326720000,250.000,5,229.000,21,227.000,79,226.000,20,86.000,1,84.000,3,240.000,30,241.000,29,242.000,70,320.000,1,400.000,1,0,30,
113326720000,250.000,5,229.000,21,227.000,79,226.000,20,86.000,1,84.000,3,240.000,21,241.000,29,242.000,70,320.000,1,400.000,1,0,30,
113326720000,250.000,5,229.000,30,227.000,79,226.000,20,86.000,1,84.000,3,240.000,21,241.000,29,242.000,70,320.000,1,400.000,1,0,30,
113326721000,250.000,5,229.000,30,227.000,79,226.000,20,86.000,1,84.000,3,240.000,30,241.000,29,242.000,70,320.000,1,400.000,1,0,30,
113328281000,250.000,5,229.000,30,227.000,79,86.000,1,84.000,3,39.000,20,240.000,30,241.000,9,242.000,70,320.000,1,400.000,1,0,30,
113328281000,250.000,5,229.000,30,227.000,99,86.000,1,84.000,3,39.000,20,240.000,30,241.000,9,242.000,90,320.000,1,400.000,1,0,30,
113328367000,250.000,5,229.000,30,227.000,79,86.000,1,84.000,3,39.000,20,240.000,30,241.000,9,242.000,70,320.000,1,400.000,1,0,30,
113328367000,250.000,5,229.000,30,228.000,20,227.000,79,86.000,1,84.000,3,240.000,30,241.000,9,242.000,70,243.000,20,320.000,1,0,30,
113330911000,250.000,5,229.000,30,228.000,20,227.000,59,86.000,1,84.000,3,240.000,30,241.000,9,242.000,50,243.000,20,320.000,1,0,30,
113330911000,250.000,5,229.000,30,228.000,20,227.000,59,226.000,20,86.000,1,240.000,30,241.000,29,242.000,50,243.000,20,320.000,1,0,30,
113331003000,250.000,5,229.000,30,227.000,59,226.000,20,86.000,1,84.000,3,240.000,30,241.000,29,242.000,50,320.000,1,400.000,1,0,30,
113331003000,250.000,5,229.000,30,227.000,79,226.000,20,86.000,1,84.000,3,240.000,30,241.000,29,242.000,70,320.000,1,400.000,1,0,30,
113331036000,250.000,5,229.000,30,227.000,79,86.000,1,84.000,3,39.000,20,240.000,30,241.000,9,242.000,70,320.000,1,400.000,1,0,30,
113331526000,250.000,5,229.000,30,227.000,99,86.000,1,84.000,3,39.000,20,240.000,30,241.000,9,242.000,90,320.000,1,400.000,1,0,30,
113331869000,250.000,5,229.000,30,227.000,79,86.000,1,84.000,3,39.000,20,240.000,30,241.000,9,242.000,70,320.000,1,400.000,1,0,30,
113331869000,250.000,5,229.000,30,228.000,20,227.000,79,86.000,1,84.000,3,240.000,30,241.000,9,242.000,70,243.000,20,320.000,1,0,30,
113336001000,250.000,5,229.000,30,228.000,20,227.000,59,86.000,1,84.000,3,240.000,30,241.000,9,242.000,50,243.000,20,320.000,1,0,30,
113336001000,250.000,5,229.000,30,228.000,20,227.000,59,226.000,20,86.000,1,240.000,30,241.000,29,242.000,50,243.000,20,320.000,1,0,30,
113337129000,250.000,5,229.000,30,228.000,20,227.000,59,86.000,1,84.000,3,240.000,30,241.000,9,242.000,50,243.000,20,320.000,1,0,30,
113337129000,250.000,5,229.000,30,228.000,20,227.000,79,86.000,1,84.000,3,240.000,30,241.000,9,242.000,70,243.000,20,320.000,1,0,30,
113344400000,250.000,5,229.000,30,228.000,20,227.000,59,86.000,1,84.000,3,240.000,30,241.000,9,242.000,50,243.000,20,320.000,1,0,30,
113345382000,250.000,5,229.000,30,228.000,20,227.000,79,86.000,1,84.000,3,240.000,30,241.000,9,242.000,70,243.000,20,320.000,1,0,30,
113346941000,250.000,5,229.000,30,228.000,20,227.000,59,86.000,1,84.000,3,240.000,30,241.000,9,242.000,50,243.000,20,320.000,1,0,30,
113346941000,250.000,5,229.000,30,228.000,40,227.000,59,86.000,1,84.000,3,240.000,30,241.000,9,242.000,50,243.000,40,320.000,1,0,30,
113346995000,250.000,5,229.000,30,228.000,20,227.000,59,86.000,1,84.000,3,240.000,30,241.000,9,242.000,50,243.000,20,320.000,1,0,30,
113346995000,250.000,5,229.000,50,228.000,20,227.000,59,86.000,1,84.000,3,240.000,30,241.000,9,242.000,50,243.000,20,244.000,20,0,30,
113348157000,250.000,5,229.000,50,227.000,59,86.000,1,84.000,3,39.000,20,240.000,30,241.000,9,242.000,50,244.000,20,320.000,1,0,30,
113348157000,250.000,5,229.000,50,227.000,79,86.000,1,84.000,3,39.000,20,240.000,30,241.000,9,242.000,70,244.000,20,320.000,1,0,30,
113348406000,250.000,5,229.000,50,227.000,59,86.000,1,84.000,3,39.000,20,240.000,30,241.000,9,242.000,50,244.000,20,320.000,1,0,30,
113348656000,250.000,5,229.000,50,228.000,20,227.000,59,86.000,1,84.000,3,240.000,30,241.000,9,242.000,50,243.000,20,244.000,20,0,30,
113349774000,250.000,5,229.000,50,227.000,59,86.000,1,84.000,3,39.000,20,240.000,30,241.000,9,242.000,50,244.000,20,320.000,1,0,30,
113349774000,250.000,5,229.000,70,227.000,59,86.000,1,84.000,3,39.000,20,240.000,30,241.000,9,242.000,50,244.000,40,320.000,1,0,30,
113349869000,250.000,5,229.000,50,227.000,59,86.000,1,84.000,3,39.000,20,240.000,30,241.000,9,242.000,50,244.000,20,320.000,1,0,30,
113349869000,250.000,5,230.000,20,229.000,50,227.000,59,86.000,1,84.000,3,240.000,30,241.000,9,242.000,50,244.000,20,245.000,20,0,30,
113349869000,250.000,5,230.000,29,229.000,50,227.000,59,86.000,1,84.000,3,240.000,30,241.000,9,242.000,50,244.000,20,245.000,20,0,30,
113350006000,250.000,5,230.000,29,229.000,50,227.000,50,86.000,1,84.000,3,240.000,30,241.000,9,242.000,50,244.000,20,245.000,20,0,30,
113350077000,250.000,5,230.000,29,229.000,50,227.000,30,86.000,1,84.000,3,240.000,30,241.000,9,242.000,30,244.000,20,245.000,20,0,30,
113350442000,250.000,5,230.000,29,229.000,50,228.000,20,227.000,30,86.000,1,240.000,30,241.000,9,242.000,30,243.000,20,244.000,20,0,30,
113350525000,250.000,5,230.000,29,229.000,29,228.000,20,227.000,30,86.000,1,240.000,9,241.000,9,242.000,30,243.000,20,244.000,20,0,30,
113350525000,250.000,5,231.000,21,230.000,29,229.000,29,228.000,20,227.000,30,240.000,30,241.000,9,242.000,30,243.000,20,244.000,20,0,30,
113350525000,250.000,5,231.000,21,230.000,29,229.000,29,228.000,20,227.000,30,240.000,21,241.000,9,242.000,30,243.000,20,244.000,20,0,30,
113350525000,250.000,5,231.000,21,230.000,29,229.000,29,228.000,20,227.000,30,240.000,21,241.000,9,242.000,39,243.000,20,244.000,20,0,30,
113350525000,250.000,5,231.000,30,230.000,29,229.000,29,228.000,20,227.000,30,240.000,21,241.000,9,242.000,39,243.000,20,244.000,20,0,30,
113350525000,250.000,5,231.000,30,230.000,29,229.000,29,228.000,20,227.000,30,240.000,30,241.000,9,242.000,39,243.000,20,244.000,20,0,30,
113350704000,250.000,5,231.000,30,230.000,29,229.000,29,228.000,20,227.000,10,240.000,30,241.000,9,242.000,19,243.000,20,244.000,20,0,30,
113350945000,250.000,5,231.000,30,230.000,29,229.000,9,228.000,20,227.000,10,240.000,30,241.000,9,242.000,19,243.000,20,245.000,20,0,30,
113350945000,250.000,5,231.000,30,230.000,29,229.000,9,228.000,40,227.000,10,240.000,30,241.000,9,242.000,19,243.000,40,245.000,20,0,30,
113351005000,250.000,5,231.000,30,230.000,29,228.000,40,227.000,10,86.000,1,240.000,30,241.000,9,242.000,19,243.000,40,245.000,20,0,30,
113351005000,250.000,5,231.000,30,230.000,29,229.000,20,228.000,40,227.000,10,240.000,30,241.000,9,242.000,19,243.000,40,244.000,20,0,30,
113351005000,250.000,5,231.000,30,230.000,29,229.000,20,228.000,40,227.000,10,240.000,30,241.000,9,242.000,10,243.000,40,244.000,20,0,30,
113351563000,250.000,5,231.000,30,230.000,29,229.000,20,228.000,20,227.000,10,240.000,30,241.000,9,242.000,10,243.000,20,244.000,20,0,30,
113351563000,250.000,5,231.000,30,230.000,29,229.000,40,228.000,20,227.000,10,240.000,30,241.000,9,242.000,10,243.000,20,244.000,40,0,30,
113351813000,250.000,5,231.000,30,230.000,29,229.000,20,228.000,20,227.000,10,240.000,30,241.000,9,242.000,10,243.000,20,244.000,20,0,30,
113352063000,250.000,5,231.000,30,230.000,29,229.000,40,228.000,20,227.000,10,240.000,30,241.000,9,242.000,10,243.000,20,244.000,40,0,30,
113352664000,250.000,5,231.000,30,230.000,29,229.000,20,228.000,20,227.000,10,240.000,30,241.000,9,242.000,10,243.000,20,244.000,20,0,30,
113352664000,250.000,5,231.000,30,230.000,29,229.000,20,228.000,40,227.000,10,240.000,30,241.000,9,242.000,10,243.000,40,244.000,20,0,30,
113352788000,250.000,5,231.000,30,230.000,29,229.000,20,228.000,20,227.000,10,240.000,30,241.000,9,242.000,10,243.000,20,244.000,20,0,30,
113353163000,250.000,5,231.000,30,230.000,29,229.000,40,228.000,20,227.000,10,240.000,30,241.000,9,242.000,10,243.000,20,244.000,40,0,30,
113353290000,250.000,5,231.000,30,230.000,29,229.000,20,228.000,20,227.000,10,240.000,30,241.000,9,242.000,10,243.000,20,244.000,20,0,30,
113353742000,250.000,5,231.000,30,230.000,9,229.000,20,228.000,20,227.000,10,240.000,30,241.000,9,242.000,10,243.000,20,244.000,20,0,30,
113353742000,250.000,5,231.000,30,230.000,9,229.000,40,228.000,20,227.000,10,240.000,30,241.000,9,242.000,10,243.000,20,244.000,40,0,30,
113353788000,250.000,5,231.000,30,230.000,9,229.000,40,228.000,20,227.000,30,240.000,30,241.000,9,242.000,30,243.000,20,244.000,40,0,30,
113354062000,250.000,5,231.000,30,230.000,9,229.000,40,227.000,30,86.000,1,240.000,30,241.000,9,242.000,30,244.000,40,320.000,1,0,30,
113354585000,250.000,5,231.000,30,230.000,9,229.000,40,228.000,20,227.000,30,240.000,30,241.000,9,242.000,30,243.000,20,244.000,40,0,30,
113355005000,250.000,5,231.000,30,230.000,9,229.000,40,228.000,20,227.000,10,240.000,30,241.000,9,242.000,10,243.000,20,244.000,40,0,30,
113355164000,250.000,5,231.000,30,230.000,9,229.000,40,228.000,40,227.000,10,240.000,30,241.000,9,242.000,10,243.000,40,244.000,40,0,30,
113358622000,250.000,5,231.000,30,230.000,9,229.000,20,228.000,40,227.000,10,240.000,30,241.000,9,242.000,10,243.000,40,244.000,20,0,30,
113358643000,250.000,5,231.000,30,230.000,9,229.000,20,228.000,20,227.000,10,240.000,30,241.000,9,242.000,10,243.000,20,244.000,20,0,30,
113358643000,250.000,5,231.000,30,230.000,9,229.000,20,228.000,20,227.000,30,240.000,30,241.000,9,242.000,30,243.000,20,244.000,20,0,30,
113358768000,250.000,5,231.000,30,230.000,9,229.000,20,228.000,20,227.000,10,240.000,30,241.000,9,242.000,10,243.000,20,244.000,20,0,30,
113359005000,250.000,5,231.000,30,230.000,9,229.000,20,228.000,20,227.000,30,240.000,30,241.000,9,242.000,30,243.000,20,244.000,20,0,30,
113359252000,250.000,5,231.000,30,230.000,9,229.000,20,228.000,40,227.000,30,240.000,30,241.000,9,242.000,30,243.000,40,244.000,20,0,30,
113406368000,250.000,5,231.000,30,230.000,9,228.000,40,227.000,30,86.000,1,240.000,30,241.000,9,242.000,30,243.000,40,320.000,1,0,30,
113406368000,250.000,5,231.000,30,230.000,29,228.000,40,227.000,30,86.000,1,240.000,30,241.000,9,242.000,30,243.000,40,245.000,20,0,30,
113408705000,250.000,5,231.000,30,230.000,29,228.000,20,227.000,30,86.000,1,240.000,30,241.000,9,242.000,30,243.000,20,245.000,20,0,30,
113408705000,250.000,5,231.000,30,230.000,29,229.000,20,228.000,20,227.000,30,240.000,30,241.000,9,242.000,30,243.000,20,244.000,20,0,30,
113409955000,250.000,5,231.000,30,230.000,29,228.000,20,227.000,30,86.000,1,240.000,30,241.000,9,242.000,30,243.000,20,245.000,20,0,30,
113410075000,250.000,5,231.000,30,230.000,29,228.000,40,227.000,30,86.000,1,240.000,30,241.000,9,242.000,30,243.000,40,245.000,20,0,30,
113413474000,250.000,5,231.000,30,230.000,9,228.000,40,227.000,30,86.000,1,240.000,30,241.000,9,242.000,30,243.000,40,320.000,1,0,30,
113413474000,250.000,5,231.000,30,230.000,9,229.000,20,228.000,40,227.000,30,240.000,30,241.000,9,242.000,30,243.000,40,244.000,20,0,30,
113414600000,250.000,5,231.000,30,230.000,9,229.000,20,228.000,20,227.000,30,240.000,30,241.000,9,242.000,30,243.000,20,244.000,20,0,30,
113415176000,250.000,5,231.000,30,230.000,9,229.000,20,228.000,40,227.000,30,240.000,30,241.000,9,242.000,30,243.000,40,244.000,20,0,30,
113415810000,250.000,5,231.000,30,230.000,9,229.000,20,228.000,20,227.000,30,240.000,30,241.000,9,242.000,30,243.000,20,244.000,20,0,30,
113415810000,250.000,5,231.000,30,230.000,9,229.000,40,228.000,20,227.000,30,240.000,30,241.000,9,242.000,30,243.000,20,244.000,40,0,30,
113415871000,250.000,5,231.000,30,230.000,9,229.000,20,228.000,20,227.000,30,240.000,30,241.000,9,242.000,30,243.000,20,244.000,20,0,30,
113415871000,250.000,5,231.000,30,230.000,29,229.000,20,228.000,20,227.000,30,240.000,30,241.000,9,242.000,30,243.000,20,244.000,20,0,30,
113417420000,250.000,5,231.000,30,230.000,29,228.000,20,227.000,30,86.000,1,240.000,30,241.000,9,242.000,30,243.000,20,245.000,20,0,30,
113417420000,250.000,5,231.000,30,230.000,29,228.000,40,227.000,30,86.000,1,240.000,30,241.000,9,242.000,30,243.000,40,245.000,20,0,30,
113418242000,250.000,5,231.000,30,230.000,9,228.000,40,227.000,30,86.000,1,240.000,30,241.000,9,242.000,30,243.000,40,320.000,1,0,30,
113418243000,250.000,5,231.000,30,230.000,9,229.000,20,228.000,40,227.000,30,240.000,30,241.000,9,242.000,30,243.000,40,244.000,20,0,30,
113418748000,250.000,5,231.000,30,230.000,9,229.000,20,228.000,20,227.000,30,240.000,30,241.000,9,242.000,30,243.000,20,244.000,20,0,30,
113418748000,250.000,5,231.000,30,230.000,9,229.000,40,228.000,20,227.000,30,240.000,30,241.000,9,242.000,30,243.000,20,244.000,40,0,30,
113418993000,250.000,5,231.000,30,230.000,9,229.000,20,228.000,20,227.000,30,240.000,30,241.000,9,242.000,30,243.000,20,244.000,20,0,30,
113418993000,250.000,5,231.000,30,230.000,29,229.000,20,228.000,20,227.000,30,240.000,30,241.000,9,242.000,30,243.000,20,244.000,20,0,30,
113421258000,250.000,5,231.000,30,230.000,29,228.000,20,227.000,30,86.000,1,240.000,30,241.000,9,242.000,30,243.000,20,245.000,20,0,30,
113421258000,250.000,5,231.000,30,230.000,29,228.000,40,227.000,30,86.000,1,240.000,30,241.000,9,242.000,30,243.000,40,245.000,20,0,30,
113421757000,250.000,5,231.000,30,230.000,29,228.000,20,227.000,30,86.000,1,240.000,30,241.000,9,242.000,30,243.000,20,245.000,20,0,30,
113421757000,250.000,5,231.000,30,230.000,29,229.000,20,228.000,20,227.000,30,240.000,30,241.000,9,242.000,30,243.000,20,244.000,20,0,30,
113424619000,250.000,5,231.000,30,230.000,9,229.000,20,228.000,20,227.000,30,240.000,30,241.000,9,242.000,30,243.000,20,244.000,20,0,30,
113424619000,250.000,5,231.000,50,230.000,9,229.000,20,228.000,20,227.000,30,240.000,30,241.000,9,242.000,30,243.000,20,244.000,20,0,30,
113424756000,250.000,5,231.000,50,230.000,9,228.000,20,227.000,30,86.000,1,240.000,30,241.000,9,242.000,30,243.000,20,246.000,20,0,30,
113424756000,250.000,5,231.000,50,230.000,29,228.000,20,227.000,30,86.000,1,240.000,30,241.000,9,242.000,30,243.000,20,245.000,20,0,30,
113424879000,250.000,5,231.000,50,230.000,9,228.000,20,227.000,30,86.000,1,240.000,30,241.000,9,242.000,30,243.000,20,246.000,20,0,30,
113425254000,250.000,5,231.000,50,230.000,9,229.000,20,228.000,20,227.000,30,240.000,30,241.000,9,242.000,30,243.000,20,244.000,20,0,30,
113425868000,250.000,5,231.000,30,230.000,9,229.000,20,228.000,20,227.000,30,240.000,30,241.000,9,242.000,30,243.000,20,244.000,20,0,30,
113425868000,250.000,5,231.000,30,230.000,29,229.000,20,228.000,20,227.000,30,240.000,30,241.000,9,242.000,30,243.000,20,244.000,20,0,30,
113426368000,250.000,5,231.000,30,230.000,9,229.000,20,228.000,20,227.000,30,240.000,30,241.000,9,242.000,30,243.000,20,244.000,20,0,30,
113426368000,250.000,5,231.000,50,230.000,9,229.000,20,228.000,20,227.000,30,240.000,30,241.000,9,242.000,30,243.000,20,244.000,20,0,30,
113427499000,250.000,5,231.000,50,230.000,9,229.000,20,228.000,20,227.000,20,240.000,30,241.000,9,242.000,30,243.000,20,244.000,20,0,30,
113427500000,250.000,5,231.000,50,230.000,9,229.000,20,228.000,20,227.000,20,240.000,30,241.000,9,242.000,20,243.000,20,244.000,20,0,30,
113427501000,250.000,5,231.000,50,230.000,9,229.000,30,228.000,20,227.000,20,240.000,30,241.000,9,242.000,20,243.000,20,244.000,20,0,30,
113427541000,250.000,5,231.000,29,230.000,9,229.000,30,228.000,20,227.000,20,240.000,9,241.000,9,242.000,20,243.000,20,244.000,20,0,30,
113427541000,250.000,5,231.000,50,230.000,9,229.000,30,228.000,20,227.000,20,240.000,9,241.000,30,242.000,20,243.000,20,244.000,20,0,30,
113427541000,250.000,5,231.000,50,230.000,9,229.000,30,228.000,20,227.000,20,241.000,30,242.000,20,243.000,20,244.000,20,246.000,20,0,30,
113427541000,250.000,5,231.000,50,230.000,9,229.000,30,228.000,20,227.000,20,241.000,30,242.000,29,243.000,20,244.000,20,246.000,20,0,30,
113427616000,250.000,5,231.000,50,230.000,9,229.000,10,228.000,20,227.000,20,241.000,30,242.000,29,243.000,20,246.000,20,320.000,1,0,30,
113427616000,250.000,5,231.000,50,230.000,29,229.000,10,228.000,20,227.000,20,241.000,30,242.000,29,243.000,20,245.000,20,246.000,20,0,30,
113427622000,250.000,5,231.000,50,230.000,29,229.000,10,228.000,20,227.000,20,241.000,30,242.000,29,243.000,20,244.000,10,245.000,20,0,30,
113428006000,250.000,5,231.000,50,230.000,29,229.000,10,228.000,20,86.000,1,241.000,30,242.000,9,243.000,20,244.000,10,245.000,20,0,30,
113428006000,250.000,5,231.000,50,230.000,29,229.000,30,228.000,20,86.000,1,241.000,30,242.000,9,243.000,20,244.000,30,245.000,20,0,30,
113428722000,250.000,5,231.000,29,230.000,29,229.000,30,228.000,20,86.000,1,241.000,9,242.000,9,243.000,20,244.000,30,245.000,20,0,30,
113428722000,250.000,5,231.000,50,230.000,29,229.000,30,228.000,20,86.000,1,240.000,21,241.000,9,242.000,9,243.000,20,244.000,30,0,30,
113428722000,250.000,5,231.000,50,230.000,29,229.000,30,228.000,20,86.000,1,240.000,30,241.000,9,242.000,9,243.000,20,244.000,30,0,30,
113428722000,250.000,5,231.000,50,230.000,29,229.000,30,228.000,20,86.000,1,240.000,30,241.000,9,242.000,9,243.000,29,244.000,30,0,30,
113428722000,250.000,5,231.000,50,230.000,29,229.000,30,228.000,20,86.000,1,240.000,30,242.000,9,243.000,29,244.000,30,245.000,20,0,30,
113428865000,250.000,5,231.000,50,230.000,9,229.000,30,228.000,20,86.000,1,240.000,30,242.000,9,243.000,29,244.000,30,246.000,20,0,30,
113428865000,250.000,5,231.000,50,230.000,9,229.000,50,228.000,20,86.000,1,240.000,30,242.000,9,243.000,29,244.000,50,246.000,20,0,30,
113429006000,250.000,5,231.000,50,230.000,9,229.000,50,228.000,20,86.000,1,240.000,30,242.000,9,243.000,20,244.000,50,246.000,20,0,30,
113429615000,250.000,5,231.000,50,230.000,9,229.000,30,228.000,20,86.000,1,240.000,30,242.000,9,243.000,20,244.000,30,246.000,20,0,30,
113429615000,250.000,5,231.000,50,230.000,29,229.000,30,228.000,20,86.000,1,240.000,30,242.000,9,243.000,20,244.000,30,245.000,20,0,30,
113429707000,250.000,5,231.000,50,230.000,29,229.000,30,86.000,1,84.000,3,240.000,30,242.000,9,244.000,30,245.000,20,246.000,20,0,30,
113430615000,250.000,5,231.000,50,230.000,9,229.000,30,86.000,1,84.000,3,240.000,30,242.000,9,244.000,30,246.000,20,320.000,1,0,30,
113430615000,250.000,5,231.000,50,230.000,9,229.000,50,86.000,1,84.000,3,240.000,30,242.000,9,244.000,50,246.000,20,320.000,1,0,30,
113430648000,250.000,5,231.000,50,230.000,9,229.000,70,86.000,1,84.000,3,240.000,30,242.000,9,244.000,70,246.000,20,320.000,1,0,30,
113430740000,250.000,5,231.000,50,230.000,9,229.000,50,86.000,1,84.000,3,240.000,30,242.000,9,244.000,50,246.000,20,320.000,1,0,30,
113431114000,250.000,5,231.000,50,230.000,29,229.000,50,86.000,1,84.000,3,240.000,30,242.000,9,244.000,50,245.000,20,246.000,20,0,30,
113432089000,250.000,5,231.000,50,230.000,9,229.000,50,86.000,1,84.000,3,240.000,30,242.000,9,244.000,50,246.000,20,320.000,1,0,30,
113432089000,250.000,5,231.000,50,230.000,9,229.000,70,86.000,1,84.000,3,240.000,30,242.000,9,244.000,70,246.000,20,320.000,1,0,30,
113432339000,250.000,5,231.000,50,230.000,9,229.000,50,86.000,1,84.000,3,240.000,30,242.000,9,244.000,50,246.000,20,320.000,1,0,30,
113432589000,250.000,5,231.000,50,230.000,29,229.000,50,86.000,1,84.000,3,240.000,30,242.000,9,244.000,50,245.000,20,246.000,20,0,30,
113433543000,250.000,5,231.000,29,230.000,29,229.000,50,86.000,1,84.000,3,240.000,9,242.000,9,244.000,50,245.000,20,246.000,20,0,30,
113433543000,250.000,5,231.000,50,230.000,29,229.000,50,86.000,1,84.000,3,240.000,9,241.000,21,242.000,9,244.000,50,245.000,20,0,30,
113433543000,250.000,5,231.000,50,230.000,29,229.000,50,86.000,1,84.000,3,241.000,21,242.000,9,244.000,50,245.000,20,246.000,20,0,30,
113433543000,250.000,5,231.000,50,230.000,29,229.000,50,86.000,1,84.000,3,241.000,21,242.000,9,244.000,59,245.000,20,246.000,20,0,30,
113433543000,250.000,5,231.000,50,230.000,29,229.000,50,86.000,1,84.000,3,241.000,30,242.000,9,244.000,59,245.000,20,246.000,20,0,30,
113433666000,250.000,5,231.000,50,230.000,9,229.000,50,86.000,1,84.000,3,241.000,30,242.000,9,244.000,59,246.000,20,320.000,1,0,30,
113433666000,250.000,5,231.000,50,230.000,9,229.000,70,86.000,1,84.000,3,241.000,30,242.000,9,244.000,79,246.000,20,320.000,1,0,30,
113434005000,250.000,5,231.000,50,230.000,9,229.000,70,86.000,1,84.000,3,241.000,30,242.000,9,244.000,70,246.000,20,320.000,1,0,30,
113435383000,250.000,5,231.000,50,230.000,9,229.000,50,86.000,1,84.000,3,241.000,30,242.000,9,244.000,50,246.000,20,320.000,1,0,30,
113435383000,250.000,5,231.000,50,230.000,29,229.000,50,86.000,1,84.000,3,241.000,30,242.000,9,244.000,50,245.000,20,246.000,20,0,30,
113440098000,250.000,5,231.000,50,230.000,9,229.000,50,86.000,1,84.000,3,241.000,30,242.000,9,244.000,50,246.000,20,320.000,1,0,30,
113440098000,250.000,5,231.000,50,230.000,9,229.000,70,86.000,1,84.000,3,241.000,30,242.000,9,244.000,70,246.000,20,320.000,1,0,30,
113440118000,250.000,5,231.000,30,230.000,9,229.000,70,86.000,1,84.000,3,241.000,30,242.000,9,244.000,70,320.000,1,400.000,1,0,30,
113440118000,250.000,5,231.000,30,230.000,29,229.000,70,86.000,1,84.000,3,241.000,30,242.000,9,244.000,70,245.000,20,320.000,1,0,30,
113447169000,250.000,5,231.000,30,230.000,29,229.000,50,86.000,1,84.000,3,241.000,30,242.000,9,244.000,50,245.000,20,320.000,1,0,30,
113447170000,250.000,5,231.000,30,230.000,29,229.000,30,86.000,1,84.000,3,241.000,30,242.000,9,244.000,30,245.000,20,320.000,1,0,30,
113447170000,250.000,5,231.000,30,230.000,29,229.000,30,228.000,20,86.000,1,241.000,30,242.000,9,243.000,20,244.000,30,245.000,20,0,30,
113447177000,250.000,5,231.000,30,230.000,29,229.000,30,86.000,1,84.000,3,241.000,30,242.000,9,244.000,30,245.000,20,320.000,1,0,30,
113447177000,250.000,5,231.000,30,230.000,29,229.000,30,86.000,1,84.000,3,241.000,30,242.000,9,244.000,20,245.000,20,320.000,1,0,30,
113447178000,250.000,5,231.000,30,230.000,29,229.000,30,86.000,1,84.000,3,241.000,30,242.000,19,244.000,20,245.000,20,320.000,1,0,30,
113447186000,250.000,5,231.000,30,230.000,29,229.000,10,86.000,1,84.000,3,241.000,30,242.000,19,245.000,20,320.000,1,400.000,1,0,30,
113447244000,250.000,5,231.000,30,230.000,9,229.000,10,86.000,1,84.000,3,241.000,30,242.000,19,320.000,1,400.000,1,414.000,1,0,30,
113447244000,250.000,5,231.000,30,230.000,9,229.000,30,86.000,1,84.000,3,241.000,30,242.000,19,244.000,20,320.000,1,400.000,1,0,30,
113447294000,250.000,5,231.000,30,230.000,9,229.000,30,227.000,20,86.000,1,241.000,30,242.000,39,244.000,20,320.000,1,400.000,1,0,30,
113447672000,250.000,5,231.000,30,230.000,9,229.000,30,228.000,20,227.000,20,241.000,30,242.000,39,243.000,20,244.000,20,320.000,1,0,30,
113452120000,250.000,5,231.000,30,230.000,9,229.000,30,228.000,40,227.000,20,241.000,30,242.000,39,243.000,40,244.000,20,320.000,1,0,30,
113452551000,250.000,5,231.000,9,230.000,9,229.000,30,228.000,40,227.000,20,241.000,9,242.000,39,243.000,40,244.000,20,320.000,1,0,30,
113452551000,250.000,5,231.000,9,230.000,30,229.000,30,228.000,40,227.000,20,241.000,30,242.000,39,243.000,40,244.000,20,320.000,1,0,30,
113452552000,250.000,5,230.000,30,229.000,30,228.000,40,227.000,20,86.000,1,241.000,30,242.000,39,243.000,40,244.000,20,320.000,1,0,30,
113452552000,250.000,5,230.000,30,229.000,30,228.000,40,227.000,20,86.000,1,241.000,21,242.000,39,243.000,40,244.000,20,320.000,1,0,30,
113452740000,250.000,5,230.000,30,229.000,20,228.000,40,227.000,20,86.000,1,241.000,21,242.000,39,243.000,40,244.000,20,320.000,1,0,30,
113452796000,250.000,5,230.000,30,229.000,20,228.000,40,227.000,20,86.000,1,241.000,30,242.000,39,243.000,40,244.000,20,320.000,1,0,30,
113452805000,250.000,5,230.000,30,229.000,20,228.000,20,227.000,20,86.000,1,241.000,30,242.000,39,243.000,20,244.000,20,320.000,1,0,30,
113452857000,250.000,5,230.000,30,229.000,20,227.000,20,86.000,1,84.000,3,241.000,30,242.000,39,244.000,20,320.000,1,400.000,1,0,30,
113452857000,250.000,5,230.000,30,229.000,20,227.000,40,86.000,1,84.000,3,241.000,30,242.000,59,244.000,20,320.000,1,400.000,1,0,30,
113452865000,250.000,5,230.000,30,229.000,20,227.000,40,226.000,10,86.000,1,241.000,30,242.000,59,244.000,20,320.000,1,400.000,1,0,30,
113452869000,250.000,5,230.000,30,227.000,40,226.000,10,86.000,1,84.000,3,241.000,30,242.000,59,320.000,1,400.000,1,414.000,1,0,30,
113452869000,250.000,5,230.000,30,228.000,20,227.000,40,226.000,10,86.000,1,241.000,30,242.000,59,243.000,20,320.000,1,400.000,1,0,30,
113454181000,250.000,5,230.000,30,228.000,20,227.000,60,226.000,10,86.000,1,241.000,30,242.000,79,243.000,20,320.000,1,400.000,1,0,30,
113459546000,250.000,5,230.000,30,228.000,20,227.000,40,226.000,10,86.000,1,241.000,30,242.000,59,243.000,20,320.000,1,400.000,1,0,30,
113459546000,250.000,5,230.000,30,228.000,40,227.000,40,226.000,10,86.000,1,241.000,30,242.000,59,243.000,40,320.000,1,400.000,1,0,30,
113459670000,250.000,5,230.000,30,228.000,20,227.000,40,226.000,10,86.000,1,241.000,30,242.000,59,243.000,20,320.000,1,400.000,1,0,30,
113500142000,250.000,5,230.000,30,228.000,40,227.000,40,226.000,10,86.000,1,241.000,30,242.000,59,243.000,40,320.000,1,400.000,1,0,30,
113500242000,250.000,5,230.000,30,228.000,20,227.000,40,226.000,10,86.000,1,241.000,30,242.000,59,243.000,20,320.000,1,400.000,1,0,30,
113500242000,250.000,5,230.000,30,229.000,20,228.000,20,227.000,40,226.000,10,241.000,30,242.000,59,243.000,20,244.000,20,320.000,1,0,30,
113500633000,250.000,5,230.000,30,229.000,20,227.000,40,226.000,10,86.000,1,241.000,30,242.000,59,244.000,20,320.000,1,400.000,1,0,30,
113500643000,250.000,5,230.000,30,229.000,20,227.000,60,226.000,10,86.000,1,241.000,30,242.000,79,244.000,20,320.000,1,400.000,1,0,30,
113500758000,250.000,5,230.000,30,229.000,20,227.000,40,226.000,10,86.000,1,241.000,30,242.000,59,244.000,20,320.000,1,400.000,1,0,30,
113501242000,250.000,5,230.000,30,227.000,40,226.000,10,86.000,1,84.000,3,241.000,30,242.000,59,320.000,1,400.000,1,414.000,1,0,30,
113501242000,250.000,5,230.000,30,228.000,20,227.000,40,226.000,10,86.000,1,241.000,30,242.000,59,243.000,20,320.000,1,400.000,1,0,30,
113501258000,250.000,5,230.000,30,228.000,20,227.000,60,226.000,10,86.000,1,241.000,30,242.000,79,243.000,20,320.000,1,400.000,1,0,30,
113502744000,250.000,5,230.000,30,227.000,60,226.000,10,86.000,1,84.000,3,241.000,30,242.000,79,320.000,1,400.000,1,414.000,1,0,30,
113502744000,250.000,5,230.000,30,227.000,80,226.000,10,86.000,1,84.000,3,241.000,30,242.000,99,320.000,1,400.000,1,414.000,1,0,30,
113502762000,250.000,5,230.000,9,227.000,80,226.000,10,86.000,1,84.000,3,241.000,9,242.000,99,320.000,1,400.000,1,414.000,1,0,30,
113502762000,250.000,5,230.000,9,229.000,21,227.000,80,226.000,10,86.000,1,241.000,30,242.000,99,320.000,1,400.000,1,414.000,1,0,30,
113502762000,250.000,5,229.000,21,227.000,80,226.000,10,86.000,1,84.000,3,241.000,30,242.000,99,320.000,1,400.000,1,414.000,1,0,30,
113502762000,250.000,5,229.000,30,227.000,80,226.000,10,86.000,1,84.000,3,241.000,30,242.000,99,320.000,1,400.000,1,414.000,1,0,30,
113505234000,250.000,5,229.000,30,227.000,60,226.000,10,86.000,1,84.000,3,241.000,30,242.000,79,320.000,1,400.000,1,414.000,1,0,30,
113505234000,250.000,5,229.000,30,227.000,60,226.000,30,86.000,1,84.000,3,241.000,50,242.000,79,320.000,1,400.000,1,414.000,1,0,30,
113505359000,250.000,5,229.000,30,227.000,60,226.000,10,86.000,1,84.000,3,241.000,30,242.000,79,320.000,1,400.000,1,414.000,1,0,30,
113505737000,250.000,5,229.000,30,227.000,80,226.000,10,86.000,1,84.000,3,241.000,30,242.000,99,320.000,1,400.000,1,414.000,1,0,30,
113505871000,250.000,5,229.000,30,227.000,60,226.000,10,86.000,1,84.000,3,241.000,30,242.000,79,320.000,1,400.000,1,414.000,1,0,30,
113505871000,250.000,5,229.000,30,228.000,20,227.000,60,226.000,10,86.000,1,241.000,30,242.000,79,243.000,20,320.000,1,400.000,1,0,30,
113514200000,250.000,5,229.000,30,228.000,20,227.000,40,226.000,10,86.000,1,241.000,30,242.000,59,243.000,20,320.000,1,400.000,1,0,30,
113514739000,250.000,5,229.000,30,228.000,20,227.000,60,226.000,10,86.000,1,241.000,30,242.000,79,243.000,20,320.000,1,400.000,1,0,30,
113516869000,250.000,5,229.000,30,227.000,60,226.000,10,86.000,1,84.000,3,241.000,30,242.000,79,320.000,1,400.000,1,414.000,1,0,30,
113516869000,250.000,5,229.000,30,227.000,80,226.000,10,86.000,1,84.000,3,241.000,30,242.000,99,320.000,1,400.000,1,414.000,1,0,30,
113516871000,250.000,5,229.000,30,227.000,60,226.000,10,86.000,1,84.000,3,241.000,30,242.000,79,320.000,1,400.000,1,414.000,1,0,30,
113516871000,250.000,5,229.000,30,227.000,60,226.000,30,86.000,1,84.000,3,241.000,50,242.000,79,320.000,1,400.000,1,414.000,1,0,30,
113517239000,250.000,5,229.000,30,227.000,60,226.000,10,86.000,1,84.000,3,241.000,30,242.000,79,320.000,1,400.000,1,414.000,1,0,30,
113517489000,250.000,5,229.000,30,227.000,60,226.000,30,86.000,1,84.000,3,241.000,50,242.000,79,320.000,1,400.000,1,414.000,1,0,30,
113518619000,250.000,5,229.000,30,227.000,60,226.000,10,86.000,1,84.000,3,241.000,30,242.000,79,320.000,1,400.000,1,414.000,1,0,30,
113518619000,250.000,5,229.000,30,227.000,80,226.000,10,86.000,1,84.000,3,241.000,30,242.000,99,320.000,1,400.000,1,414.000,1,0,30,
113519360000,250.000,5,229.000,30,227.000,60,226.000,10,86.000,1,84.000,3,241.000,30,242.000,79,320.000,1,400.000,1,414.000,1,0,30,
113519360000,250.000,5,229.000,30,227.000,60,226.000,30,86.000,1,84.000,3,241.000,50,242.000,79,320.000,1,400.000,1,414.000,1,0,30,
113520107000,250.000,5,229.000,30,227.000,60,226.000,10,86.000,1,84.000,3,241.000,30,242.000,79,320.000,1,400.000,1,414.000,1,0,30,
113520107000,250.000,5,229.000,30,227.000,80,226.000,10,86.000,1,84.000,3,241.000,30,242.000,99,320.000,1,400.000,1,414.000,1,0,30,
113525597000,250.000,5,229.000,30,227.000,60,226.000,10,86.000,1,84.000,3,241.000,30,242.000,79,320.000,1,400.000,1,414.000,1,0,30,
113525597000,250.000,5,229.000,30,227.000,60,226.000,30,86.000,1,84.000,3,241.000,50,242.000,79,320.000,1,400.000,1,414.000,1,0,30,
113525722000,250.000,5,229.000,30,227.000,60,226.000,10,86.000,1,84.000,3,241.000,30,242.000,79,320.000,1,400.000,1,414.000,1,0,30,
113526217000,250.000,5,229.000,30,227.000,60,226.000,30,86.000,1,84.000,3,241.000,50,242.000,79,320.000,1,400.000,1,414.000,1,0,30,
113527135000,250.000,5,229.000,30,227.000,60,226.000,10,86.000,1,84.000,3,241.000,30,242.000,79,320.000,1,400.000,1,414.000,1,0,30,
113527135000,250.000,5,229.000,30,227.000,80,226.000,10,86.000,1,84.000,3,241.000,30,242.000,99,320.000,1,400.000,1,414.000,1,0,30,
113528996000,250.000,5,229.000,30,227.000,60,226.000,10,86.000,1,84.000,3,241.000,30,242.000,79,320.000,1,400.000,1,414.000,1,0,30,
113528996000,250.000,5,229.000,30,228.000,20,227.000,60,226.000,10,86.000,1,241.000,30,242.000,79,243.000,20,320.000,1,400.000,1,0,30,
113529375000,250.000,5,229.000,30,228.000,20,227.000,40,226.000,10,86.000,1,241.000,30,242.000,59,243.000,20,320.000,1,400.000,1,0,30,
113529375000,250.000,5,229.000,30,228.000,40,227.000,40,226.000,10,86.000,1,241.000,30,242.000,59,243.000,40,320.000,1,400.000,1,0,30,
113529501000,250.000,5,229.000,30,228.000,20,227.000,40,226.000,10,86.000,1,241.000,30,242.000,59,243.000,20,320.000,1,400.000,1,0,30,
113529567000,250.000,5,229.000,30,228.000,20,227.000,40,86.000,1,84.000,3,241.000,30,242.000,59,243.000,20,320.000,1,400.000,1,0,30,
113529567000,250.000,5,229.000,30,228.000,30,227.000,40,86.000,1,84.000,3,241.000,30,242.000,59,243.000,20,320.000,1,400.000,1,0,30,
113529620000,250.000,5,229.000,30,228.000,10,227.000,40,86.000,1,84.000,3,241.000,30,242.000,59,320.000,1,400.000,1,414.000,1,0,30,
113529620000,250.000,5,229.000,50,228.000,10,227.000,40,86.000,1,84.000,3,241.000,30,242.000,59,244.000,20,320.000,1,400.000,1,0,30,
113529764000,250.000,5,229.000,30,228.000,10,227.000,40,86.000,1,84.000,3,241.000,30,242.000,59,320.000,1,400.000,1,414.000,1,0,30,
113529764000,250.000,5,230.000,20,229.000,30,228.000,10,227.000,40,86.000,1,241.000,30,242.000,59,245.000,20,320.000,1,400.000,1,0,30,
113529765000,250.000,5,230.000,29,229.000,30,228.000,10,227.000,40,86.000,1,241.000,30,242.000,59,245.000,20,320.000,1,400.000,1,0,30,
113529985000,250.000,5,230.000,29,229.000,50,228.000,10,227.000,40,86.000,1,241.000,30,242.000,59,244.000,20,245.000,20,320.000,1,0,30,
113530463000,250.000,5,230.000,29,229.000,29,228.000,10,227.000,40,86.000,1,241.000,9,242.000,59,244.000,20,245.000,20,320.000,1,0,30,
113530463000,250.000,5,231.000,21,230.000,29,229.000,29,228.000,10,227.000,40,241.000,30,242.000,59,244.000,20,245.000,20,320.000,1,0,30,
113530463000,250.000,5,231.000,21,230.000,29,229.000,29,228.000,10,227.000,40,241.000,21,242.000,59,244.000,20,245.000,20,320.000,1,0,30,
113530976000,250.000,5,231.000,21,230.000,29,229.000,9,228.000,10,227.000,40,241.000,21,242.000,59,245.000,20,320.000,1,400.000,1,0,30,
113530976000,250.000,5,231.000,21,230.000,29,229.000,9,228.000,30,227.000,40,241.000,21,242.000,59,243.000,20,245.000,20,320.000,1,0,30,
113531305000,250.000,5,231.000,21,230.000,29,229.000,9,228.000,30,227.000,40,241.000,30,242.000,59,243.000,20,245.000,20,320.000,1,0,30,
113531305000,250.000,5,231.000,30,230.000,29,229.000,9,228.000,30,227.000,40,241.000,30,242.000,59,243.000,20,245.000,20,320.000,1,0,30,
113531369000,250.000,5,231.000,30,230.000,9,229.000,9,228.000,30,227.000,40,241.000,30,242.000,59,243.000,20,320.000,1,400.000,1,0,30,
113531369000,250.000,5,231.000,30,230.000,9,229.000,29,228.000,30,227.000,40,241.000,30,242.000,59,243.000,20,244.000,20,320.000,1,0,30,
113531505000,250.000,5,231.000,30,230.000,9,229.000,20,228.000,30,227.000,40,241.000,30,242.000,59,243.000,20,244.000,20,320.000,1,0,30,
113532243000,250.000,5,231.000,30,230.000,9,228.000,30,227.000,40,86.000,1,241.000,30,242.000,59,243.000,20,320.000,1,400.000,1,0,30,
113532243000,250.000,5,231.000,30,230.000,29,228.000,30,227.000,40,86.000,1,241.000,30,242.000,59,243.000,20,245.000,20,320.000,1,0,30,
113532284000,250.000,5,231.000,30,230.000,29,228.000,10,227.000,40,86.000,1,241.000,30,242.000,59,245.000,20,320.000,1,400.000,1,0,30,
113532284000,250.000,5,231.000,30,230.000,29,229.000,20,228.000,10,227.000,40,241.000,30,242.000,59,244.000,20,245.000,20,320.000,1,0,30,
113533540000,250.000,5,231.000,30,230.000,29,229.000,20,228.000,10,227.000,20,241.000,30,242.000,39,244.000,20,245.000,20,320.000,1,0,30,
113534218000,250.000,5,231.000,30,230.000,29,229.000,20,228.000,30,227.000,20,241.000,30,242.000,39,243.000,20,244.000,20,245.000,20,0,30,
113534904000,250.000,5,231.000,30,230.000,29,228.000,30,227.000,20,86.000,1,241.000,30,242.000,39,243.000,20,245.000,20,320.000,1,0,30,
113534905000,250.000,5,231.000,30,230.000,29,228.000,50,227.000,20,86.000,1,241.000,30,242.000,39,243.000,40,245.000,20,320.000,1,0,30,
113535403000,250.000,5,231.000,30,230.000,29,228.000,30,227.000,20,86.000,1,241.000,30,242.000,39,243.000,20,245.000,20,320.000,1,0,30,
113535403000,250.000,5,231.000,30,230.000,29,229.000,20,228.000,30,227.000,20,241.000,30,242.000,39,243.000,20,244.000,20,245.000,20,0,30,
113536153000,250.000,5,231.000,30,230.000,29,228.000,30,227.000,20,86.000,1,241.000,30,242.000,39,243.000,20,245.000,20,320.000,1,0,30,
113536153000,250.000,5,231.000,30,230.000,29,228.000,50,227.000,20,86.000,1,241.000,30,242.000,39,243.000,40,245.000,20,320.000,1,0,30,
113536693000,250.000,5,231.000,30,230.000,29,228.000,30,227.000,20,86.000,1,241.000,30,242.000,39,243.000,20,245.000,20,320.000,1,0,30,
113536693000,250.000,5,231.000,30,230.000,29,229.000,20,228.000,30,227.000,20,241.000,30,242.000,39,243.000,20,244.000,20,245.000,20,0,30,
113537947000,250.000,5,231.000,30,230.000,29,228.000,30,227.000,20,86.000,1,241.000,30,242.000,39,243.000,20,245.000,20,320.000,1,0,30,
113537947000,250.000,5,231.000,30,230.000,29,228.000,50,227.000,20,86.000,1,241.000,30,242.000,39,243.000,40,245.000,20,320.000,1,0,30,
113540336000,250.000,5,231.000,30,230.000,29,228.000,30,227.000,20,86.000,1,241.000,30,242.000,39,243.000,20,245.000,20,320.000,1,0,30,
113540368000,250.000,5,231.000,30,230.000,9,228.000,30,227.000,20,86.000,1,241.000,30,242.000,39,243.000,20,320.000,1,400.000,1,0,30,
113540368000,250.000,5,231.000,30,230.000,9,229.000,20,228.000,30,227.000,20,241.000,30,242.000,39,243.000,20,244.000,20,320.000,1,0,30,
113540420000,250.000,5,231.000,30,230.000,9,229.000,20,228.000,50,227.000,20,241.000,30,242.000,39,243.000,40,244.000,20,320.000,1,0,30,
113541493000,250.000,5,231.000,30,230.000,9,228.000,50,227.000,20,86.000,1,241.000,30,242.000,39,243.000,40,320.000,1,400.000,1,0,30,
113541493000,250.000,5,231.000,30,230.000,29,228.000,50,227.000,20,86.000,1,241.000,30,242.000,39,243.000,40,245.000,20,320.000,1,0,30,
113541875000,250.000,5,231.000,30,230.000,29,228.000,30,227.000,20,86.000,1,241.000,30,242.000,39,243.000,20,245.000,20,320.000,1,0,30,
113541875000,250.000,5,231.000,30,230.000,29,229.000,20,228.000,30,227.000,20,241.000,30,242.000,39,243.000,20,244.000,20,245.000,20,0,30,
113544838000,250.000,5,231.000,30,230.000,29,228.000,30,227.000,20,86.000,1,241.000,30,242.000,39,243.000,20,245.000,20,320.000,1,0,30,
113544838000,250.000,5,231.000,30,230.000,29,228.000,50,227.000,20,86.000,1,241.000,30,242.000,39,243.000,40,245.000,20,320.000,1,0,30,
113545290000,250.000,5,231.000,30,230.000,29,228.000,30,227.000,20,86.000,1,241.000,30,242.000,39,243.000,20,245.000,20,320.000,1,0,30,
113545414000,250.000,5,231.000,30,230.000,29,229.000,20,228.000,30,227.000,20,241.000,30,242.000,39,243.000,20,244.000,20,245.000,20,0,30,
113547896000,250.000,5,231.000,30,230.000,29,229.000,20,228.000,30,227.000,20,241.000,30,242.000,29,243.000,20,244.000,20,245.000,20,0,30,
113547996000,250.000,5,231.000,30,230.000,9,229.000,20,228.000,30,227.000,20,241.000,30,242.000,29,243.000,20,244.000,20,320.000,1,0,30,
113547996000,250.000,5,231.000,50,230.000,9,229.000,20,228.000,30,227.000,20,241.000,30,242.000,29,243.000,20,244.000,20,246.000,20,0,30,
113548020000,250.000,5,231.000,50,230.000,9,229.000,20,228.000,30,227.000,20,241.000,30,242.000,29,243.000,20,244.000,20,245.000,10,0,30,
113548742000,250.000,5,231.000,30,230.000,9,229.000,20,228.000,30,227.000,20,241.000,30,242.000,29,243.000,20,244.000,20,245.000,10,0,30,
113548743000,250.000,5,231.000,30,230.000,29,229.000,20,228.000,30,227.000,20,241.000,30,242.000,29,243.000,20,244.000,20,245.000,30,0,30,
113548764000,250.000,5,231.000,30,230.000,29,228.000,30,227.000,20,86.000,1,241.000,30,242.000,29,243.000,20,245.000,30,320.000,1,0,30,
113548764000,250.000,5,231.000,30,230.000,29,228.000,50,227.000,20,86.000,1,241.000,30,242.000,29,243.000,40,245.000,30,320.000,1,0,30,
113549636000,250.000,5,231.000,30,230.000,29,228.000,30,227.000,20,86.000,1,241.000,30,242.000,29,243.000,20,245.000,30,320.000,1,0,30,
113549636000,250.000,5,231.000,30,230.000,29,229.000,20,228.000,30,227.000,20,241.000,30,242.000,29,243.000,20,244.000,20,245.000,30,0,30,
113550618000,250.000,5,231.000,30,230.000,9,229.000,20,228.000,30,227.000,20,241.000,30,242.000,29,243.000,20,244.000,20,245.000,10,0,30,
113550618000,250.000,5,231.000,50,230.000,9,229.000,20,228.000,30,227.000,20,241.000,30,242.000,29,243.000,20,244.000,20,245.000,10,0,30,
113550855000,250.000,5,231.000,50,230.000,9,229.000,20,228.000,30,86.000,1,241.000,30,242.000,9,243.000,20,244.000,20,245.000,10,0,30,
113551006000,250.000,5,231.000,50,230.000,9,229.000,40,228.000,30,86.000,1,241.000,30,242.000,9,243.000,20,244.000,40,245.000,10,0,30,
113557117000,250.000,5,231.000,30,230.000,9,229.000,40,228.000,30,86.000,1,241.000,30,242.000,9,243.000,20,244.000,40,245.000,10,0,30,
113557118000,250.000,5,231.000,30,230.000,29,229.000,40,228.000,30,86.000,1,241.000,30,242.000,9,243.000,20,244.000,40,245.000,30,0,30,
113557324000,250.000,5,231.000,30,230.000,29,229.000,20,228.000,30,86.000,1,241.000,30,242.000,9,243.000,20,244.000,20,245.000,30,0,30,
113557324000,250.000,5,231.000,30,230.000,29,229.000,20,228.000,50,86.000,1,241.000,30,242.000,9,243.000,40,244.000,20,245.000,30,0,30,
113558869000,250.000,5,231.000,30,230.000,9,229.000,20,228.000,50,86.000,1,241.000,30,242.000,9,243.000,40,244.000,20,245.000,10,0,30,
113558869000,250.000,5,231.000,30,230.000,9,229.000,40,228.000,50,86.000,1,241.000,30,242.000,9,243.000,40,244.000,40,245.000,10,0,30,
113600295000,250.000,5,231.000,30,230.000,9,229.000,40,228.000,30,86.000,1,241.000,30,242.000,9,243.000,20,244.000,40,245.000,10,0,30,
113600295000,250.000,5,231.000,30,230.000,9,229.000,60,228.000,30,86.000,1,241.000,30,242.000,9,243.000,20,244.000,60,245.000,10,0,30,
113600421000,250.000,5,231.000,30,230.000,9,229.000,40,228.000,30,86.000,1,241.000,30,242.000,9,243.000,20,244.000,40,245.000,10,0,30,
113600500000,250.000,5,231.000,30,230.000,9,229.000,40,228.000,10,86.000,1,241.000,30,242.000,9,244.000,40,245.000,10,320.000,1,0,30,
113600795000,250.000,5,231.000,30,230.000,9,229.000,40,228.000,30,86.000,1,241.000,30,242.000,9,243.000,20,244.000,40,245.000,10,0,30,
113600836000,250.000,5,231.000,30,230.000,9,229.000,40,228.000,30,227.000,20,241.000,30,242.000,29,243.000,20,244.000,40,245.000,10,0,30,
113602033000,250.000,5,231.000,30,230.000,9,229.000,40,228.000,30,86.000,1,241.000,30,242.000,9,243.000,20,244.000,40,245.000,10,0,30,
113602894000,250.000,5,231.000,30,230.000,9,229.000,40,228.000,50,86.000,1,241.000,30,242.000,9,243.000,40,244.000,40,245.000,10,0,30,
113604243000,250.000,5,231.000,30,230.000,9,229.000,40,228.000,30,86.000,1,241.000,30,242.000,9,243.000,20,244.000,40,245.000,10,0,30,
113604243000,250.000,5,231.000,30,230.000,9,229.000,60,228.000,30,86.000,1,241.000,30,242.000,9,243.000,20,244.000,60,245.000,10,0,30,
113604243000,250.000,5,231.000,30,230.000,9,229.000,40,228.000,30,86.000,1,241.000,30,242.000,9,243.000,20,244.000,40,245.000,10,0,30,
113604243000,250.000,5,231.000,30,230.000,29,229.000,40,228.000,30,86.000,1,241.000,30,242.000,9,243.000,20,244.000,40,245.000,30,0,30,
113604627000,250.000,5,231.000,30,230.000,29,229.000,40,228.000,10,86.000,1,241.000,30,242.000,9,244.000,40,245.000,30,320.000,1,0,30,
113604929000,250.000,5,231.000,30,230.000,29,229.000,60,228.000,10,86.000,1,241.000,30,242.000,9,244.000,60,245.000,30,320.000,1,0,30,
113606421000,250.000,5,231.000,30,230.000,29,229.000,40,228.000,10,86.000,1,241.000,30,242.000,9,244.000,40,245.000,30,320.000,1,0,30,
113606421000,250.000,5,231.000,30,230.000,29,229.000,40,228.000,30,86.000,1,241.000,30,242.000,9,243.000,20,244.000,40,245.000,30,0,30,
113608284000,250.000,5,231.000,30,230.000,29,229.000,40,228.000,10,86.000,1,241.000,30,242.000,9,244.000,40,245.000,30,320.000,1,0,30,
113608284000,250.000,5,231.000,30,230.000,29,229.000,60,228.000,10,86.000,1,241.000,30,242.000,9,244.000,60,245.000,30,320.000,1,0,30,
113609350000,250.000,5,231.000,30,230.000,29,229.000,40,228.000,10,86.000,1,241.000,30,242.000,9,244.000,40,245.000,30,320.000,1,0,30,
113609350000,250.000,5,231.000,30,230.000,49,229.000,40,228.000,10,86.000,1,241.000,30,242.000,9,244.000,40,245.000,50,320.000,1,0,30,
113609351000,250.000,5,231.000,30,230.000,49,229.000,40,86.000,1,84.000,3,241.000,30,242.000,9,244.000,40,245.000,50,320.000,1,0,30,
113609351000,250.000,5,231.000,30,230.000,59,229.000,40,86.000,1,84.000,3,241.000,30,242.000,9,244.000,40,245.000,50,320.000,1,0,30,
113609369000,250.000,5,231.000,30,230.000,39,229.000,40,86.000,1,84.000,3,241.000,30,242.000,9,244.000,40,245.000,30,320.000,1,0,30,
113609369000,250.000,5,231.000,50,230.000,39,229.000,40,86.000,1,84.000,3,241.000,30,242.000,9,244.000,40,245.000,30,246.000,20,0,30,
113610005000,250.000,5,231.000,50,230.000,19,229.000,40,86.000,1,84.000,3,241.000,30,242.000,9,244.000,40,245.000,10,246.000,20,0,30,
113610005000,250.000,5,231.000,50,230.000,19,229.000,60,86.000,1,84.000,3,241.000,30,242.000,9,244.000,60,245.000,10,246.000,20,0,30,
113611631000,250.000,5,231.000,50,230.000,19,229.000,40,86.000,1,84.000,3,241.000,30,242.000,9,244.000,40,245.000,10,246.000,20,0,30,
113611631000,250.000,5,231.000,50,230.000,39,229.000,40,86.000,1,84.000,3,241.000,30,242.000,9,244.000,40,245.000,30,246.000,20,0,30,
113613227000,250.000,5,231.000,50,230.000,19,229.000,40,86.000,1,84.000,3,241.000,30,242.000,9,244.000,40,245.000,10,246.000,20,0,30,
113613227000,250.000,5,231.000,50,230.000,19,229.000,60,86.000,1,84.000,3,241.000,30,242.000,9,244.000,60,245.000,10,246.000,20,0,30,
113613602000,250.000,5,231.000,50,230.000,19,229.000,40,86.000,1,84.000,3,241.000,30,242.000,9,244.000,40,245.000,10,246.000,20,0,30,
113613727000,250.000,5,231.000,50,230.000,39,229.000,40,86.000,1,84.000,3,241.000,30,242.000,9,244.000,40,245.000,30,246.000,20,0,30,
113613852000,250.000,5,231.000,50,230.000,19,229.000,40,86.000,1,84.000,3,241.000,30,242.000,9,244.000,40,245.000,10,246.000,20,0,30,
113614227000,250.000,5,231.000,50,230.000,39,229.000,40,86.000,1,84.000,3,241.000,30,242.000,9,244.000,40,245.000,30,246.000,20,0,30,
113615352000,250.000,5,231.000,50,230.000,19,229.000,40,86.000,1,84.000,3,241.000,30,242.000,9,244.000,40,245.000,10,246.000,20,0,30,
113615352000,250.000,5,231.000,50,230.000,19,229.000,60,86.000,1,84.000,3,241.000,30,242.000,9,244.000,60,245.000,10,246.000,20,0,30,
113615602000,250.000,5,231.000,50,230.000,19,229.000,40,86.000,1,84.000,3,241.000,30,242.000,9,244.000,40,245.000,10,246.000,20,0,30,
113615852000,250.000,5,231.000,50,230.000,39,229.000,40,86.000,1,84.000,3,241.000,30,242.000,9,244.000,40,245.000,30,246.000,20,0,30,
113616977000,250.000,5,231.000,50,230.000,19,229.000,40,86.000,1,84.000,3,241.000,30,242.000,9,244.000,40,245.000,10,246.000,20,0,30,
113616977000,250.000,5,231.000,50,230.000,19,229.000,60,86.000,1,84.000,3,241.000,30,242.000,9,244.000,60,245.000,10,246.000,20,0,30,
113617720000,250.000,5,231.000,50,230.000,19,229.000,40,86.000,1,84.000,3,241.000,30,242.000,9,244.000,40,245.000,10,246.000,20,0,30,
113617720000,250.000,5,231.000,50,230.000,39,229.000,40,86.000,1,84.000,3,241.000,30,242.000,9,244.000,40,245.000,30,246.000,20,0,30,
113618073000,250.000,5,231.000,50,230.000,39,229.000,20,86.000,1,84.000,3,241.000,30,242.000,9,244.000,20,245.000,30,246.000,20,0,30,
113618120000,250.000,5,231.000,30,230.000,39,229.000,20,86.000,1,84.000,3,241.000,30,242.000,9,244.000,20,245.000,30,320.000,1,0,30,
113618120000,250.000,5,232.000,20,231.000,30,230.000,39,229.000,20,86.000,1,241.000,30,242.000,9,244.000,20,245.000,30,247.000,20,0,30,
113618120000,250.000,5,232.000,29,231.000,30,230.000,39,229.000,20,86.000,1,241.000,30,242.000,9,244.000,20,245.000,30,247.000,20,0,30,
113618221000,250.000,5,232.000,29,231.000,30,230.000,59,229.000,20,86.000,1,241.000,30,242.000,9,244.000,20,245.000,50,247.000,20,0,30,
113618232000,250.000,5,232.000,29,231.000,9,230.000,59,229.000,20,86.000,1,241.000,9,242.000,9,244.000,20,245.000,50,247.000,20,0,30,
113618232000,250.000,5,233.000,21,232.000,29,231.000,9,230.000,59,229.000,20,241.000,9,242.000,30,244.000,20,245.000,50,247.000,20,0,30,
113618234000,250.000,5,233.000,30,232.000,29,231.000,9,230.000,59,229.000,20,241.000,9,242.000,30,244.000,20,245.000,50,247.000,20,0,30,
113618234000,250.000,5,233.000,30,232.000,29,231.000,9,230.000,59,229.000,20,241.000,9,242.000,30,244.000,29,245.000,50,247.000,20,0,30,
113618234000,250.000,5,233.000,30,232.000,29,231.000,9,230.000,59,229.000,20,242.000,30,244.000,29,245.000,50,247.000,20,320.000,1,0,30,
113618320000,250.000,5,233.000,30,232.000,29,231.000,9,230.000,39,229.000,20,242.000,30,244.000,29,245.000,30,247.000,20,320.000,1,0,30,
113618320000,250.000,5,233.000,30,232.000,29,231.000,29,230.000,39,229.000,20,242.000,30,244.000,29,245.000,30,246.000,20,247.000,20,0,30,
113618505000,250.000,5,233.000,30,232.000,29,231.000,20,230.000,39,229.000,20,242.000,30,244.000,29,245.000,30,246.000,20,247.000,20,0,30,
113618505000,250.000,5,233.000,30,232.000,29,231.000,20,230.000,30,229.000,20,242.000,30,244.000,29,245.000,30,246.000,20,247.000,20,0,30,
113620118000,250.000,5,233.000,30,232.000,9,231.000,20,230.000,30,229.000,20,242.000,30,244.000,29,245.000,30,246.000,20,320.000,1,0,30,
113620118000,250.000,5,233.000,50,232.000,9,231.000,20,230.000,30,229.000,20,242.000,30,244.000,29,245.000,30,246.000,20,248.000,20,0,30,
113620618000,250.000,5,233.000,30,232.000,9,231.000,20,230.000,30,229.000,20,242.000,30,244.000,29,245.000,30,246.000,20,320.000,1,0,30,
113620618000,250.000,5,233.000,30,232.000,29,231.000,20,230.000,30,229.000,20,242.000,30,244.000,29,245.000,30,246.000,20,247.000,20,0,30,
113620810000,250.000,5,233.000,30,232.000,29,230.000,30,229.000,20,86.000,1,242.000,30,244.000,29,245.000,30,247.000,20,320.000,1,0,30,
113620810000,250.000,5,233.000,30,232.000,29,230.000,50,229.000,20,86.000,1,242.000,30,244.000,29,245.000,50,247.000,20,320.000,1,0,30,
113622426000,250.000,5,233.000,30,232.000,29,230.000,30,229.000,20,86.000,1,242.000,30,244.000,29,245.000,30,247.000,20,320.000,1,0,30,
113622426000,250.000,5,233.000,30,232.000,29,231.000,20,230.000,30,229.000,20,242.000,30,244.000,29,245.000,30,246.000,20,247.000,20,0,30,
113622558000,250.000,5,233.000,30,232.000,29,230.000,30,229.000,20,86.000,1,242.000,30,244.000,29,245.000,30,247.000,20,320.000,1,0,30,
113622590000,250.000,5,233.000,9,232.000,29,230.000,30,229.000,20,86.000,1,242.000,9,244.000,29,245.000,30,247.000,20,320.000,1,0,30,
113622590000,250.000,5,233.000,30,232.000,29,230.000,30,229.000,20,86.000,1,242.000,9,243.000,21,244.000,29,245.000,30,247.000,20,0,30,
113622590000,250.000,5,233.000,21,232.000,29,230.000,30,229.000,20,86.000,1,242.000,9,243.000,21,244.000,29,245.000,30,247.000,20,0,30,
113622590000,250.000,5,233.000,21,232.000,29,230.000,30,229.000,20,86.000,1,243.000,21,244.000,29,245.000,30,247.000,20,320.000,1,0,30,
113622590000,250.000,5,233.000,21,232.000,29,230.000,30,229.000,20,86.000,1,243.000,30,244.000,29,245.000,30,247.000,20,320.000,1,0,30,
113622590000,250.000,5,233.000,30,232.000,29,230.000,30,229.000,20,86.000,1,243.000,30,244.000,29,245.000,30,247.000,20,320.000,1,0,30,
113622929000,250.000,5,233.000,30,232.000,29,230.000,50,229.000,20,86.000,1,243.000,30,244.000,29,245.000,50,247.000,20,320.000,1,0,30,
113625144000,250.000,5,233.000,30,232.000,29,230.000,30,229.000,20,86.000,1,243.000,30,244.000,29,245.000,30,247.000,20,320.000,1,0,30,
113625144000,250.000,5,233.000,30,232.000,29,231.000,20,230.000,30,229.000,20,243.000,30,244.000,29,245.000,30,246.000,20,247.000,20,0,30,
113625243000,250.000,5,233.000,30,232.000,9,231.000,20,230.000,30,229.000,20,243.000,30,244.000,29,245.000,30,246.000,20,320.000,1,0,30,
113625243000,250.000,5,233.000,50,232.000,9,231.000,20,230.000,30,229.000,20,243.000,30,244.000,29,245.000,30,246.000,20,248.000,20,0,30,
113625650000,250.000,5,233.000,50,232.000,9,231.000,20,230.000,30,86.000,1,243.000,30,244.000,9,245.000,30,246.000,20,248.000,20,0,30,
113625652000,250.000,5,233.000,50,232.000,9,231.000,20,230.000,10,86.000,1,243.000,30,244.000,9,245.000,10,246.000,20,248.000,20,0,30,
113625688000,250.000,5,233.000,50,232.000,9,231.000,20,230.000,10,86.000,1,243.000,30,244.000,9,246.000,20,248.000,20,320.000,1,0,30,
113625688000,250.000,5,233.000,50,232.000,9,231.000,20,86.000,1,84.000,3,243.000,30,244.000,9,246.000,20,248.000,20,320.000,1,0,30,
113625689000,250.000,5,233.000,50,232.000,9,231.000,20,86.000,1,84.000,3,243.000,30,244.000,9,246.000,20,247.000,9,248.000,20,0,30,
113625689000,250.000,5,233.000,50,232.000,18,231.000,20,86.000,1,84.000,3,243.000,30,244.000,9,246.000,20,247.000,9,248.000,20,0,30,
113625744000,250.000,5,233.000,30,232.000,18,231.000,20,86.000,1,84.000,3,243.000,30,244.000,9,246.000,20,247.000,9,320.000,1,0,30,
113625744000,250.000,5,234.000,20,233.000,30,232.000,18,231.000,20,86.000,1,243.000,30,244.000,9,246.000,20,247.000,9,249.000,20,0,30,
113625744000,250.000,5,234.000,29,233.000,30,232.000,18,231.000,20,86.000,1,243.000,30,244.000,9,246.000,20,247.000,9,249.000,20,0,30,
113625774000,250.000,5,234.000,29,233.000,30,232.000,18,86.000,1,84.000,3,243.000,30,244.000,9,247.000,9,249.000,20,320.000,1,0,30,
113625775000,250.000,5,234.000,29,233.000,30,232.000,38,86.000,1,84.000,3,243.000,30,244.000,9,247.000,29,249.000,20,320.000,1,0,30,
113625888000,250.000,5,234.000,29,233.000,30,232.000,18,86.000,1,84.000,3,243.000,30,244.000,9,247.000,9,249.000,20,320.000,1,0,30,
113625992000,250.000,5,234.000,9,233.000,30,232.000,18,86.000,1,84.000,3,243.000,30,244.000,9,247.000,9,320.000,1,400.000,1,0,30,
113625992000,250.000,5,234.000,9,233.000,50,232.000,18,86.000,1,84.000,3,243.000,30,244.000,9,247.000,9,248.000,20,320.000,1,0,30,
113625993000,250.000,5,233.000,50,232.000,18,86.000,1,84.000,3,39.000,20,243.000,30,244.000,9,247.000,9,248.000,20,320.000,1,0,30,
113626005000,250.000,5,233.000,50,232.000,18,231.000,20,86.000,1,84.000,3,243.000,30,244.000,9,246.000,20,247.000,9,248.000,20,0,30,
113626273000,250.000,5,233.000,50,232.000,18,231.000,40,86.000,1,84.000,3,243.000,30,244.000,9,246.000,40,247.000,9,248.000,20,0,30,
113628077000,250.000,5,233.000,50,232.000,18,231.000,20,86.000,1,84.000,3,243.000,30,244.000,9,246.000,20,247.000,9,248.000,20,0,30,
113628077000,250.000,5,233.000,50,232.000,18,231.000,20,230.000,20,86.000,1,243.000,30,244.000,9,245.000,20,246.000,20,247.000,9,0,30,
113629369000,250.000,5,233.000,30,232.000,18,231.000,20,230.000,20,86.000,1,243.000,30,244.000,9,245.000,20,246.000,20,247.000,9,0,30,
113629369000,250.000,5,233.000,30,232.000,18,231.000,40,230.000,20,86.000,1,243.000,30,244.000,9,245.000,20,246.000,40,247.000,9,0,30,
113632533000,250.000,5,233.000,30,232.000,18,231.000,40,230.000,40,86.000,1,243.000,30,244.000,9,245.000,40,246.000,40,247.000,9,0,30,
113635368000,250.000,5,233.000,30,232.000,18,231.000,20,230.000,40,86.000,1,243.000,30,244.000,9,245.000,40,246.000,20,247.000,9,0,30,
113635368000,250.000,5,233.000,30,232.000,38,231.000,20,230.000,40,86.000,1,243.000,30,244.000,9,245.000,40,246.000,20,247.000,29,0,30,
113635398000,250.000,5,233.000,30,232.000,38,231.000,20,230.000,20,86.000,1,243.000,30,244.000,9,245.000,20,246.000,20,247.000,29,0,30,
113635398000,250.000,5,233.000,30,232.000,38,231.000,40,230.000,20,86.000,1,243.000,30,244.000,9,245.000,20,246.000,40,247.000,29,0,30,
113636004000,250.000,5,233.000,30,232.000,38,231.000,20,230.000,20,86.000,1,243.000,30,244.000,9,245.000,20,246.000,20,247.000,29,0,30,
113636139000,250.000,5,233.000,30,232.000,38,231.000,20,230.000,40,86.000,1,243.000,30,244.000,9,245.000,40,246.000,20,247.000,29,0,30,
113637796000,250.000,5,233.000,30,232.000,38,231.000,20,230.000,20,86.000,1,243.000,30,244.000,9,245.000,20,246.000,20,247.000,29,0,30,
113637796000,250.000,5,233.000,30,232.000,38,231.000,40,230.000,20,86.000,1,243.000,30,244.000,9,245.000,20,246.000,40,247.000,29,0,30,
113639118000,250.000,5,233.000,30,232.000,18,231.000,40,230.000,20,86.000,1,243.000,30,244.000,9,245.000,20,246.000,40,247.000,9,0,30,
113639118000,250.000,5,233.000,50,232.000,18,231.000,40,230.000,20,86.000,1,243.000,30,244.000,9,245.000,20,246.000,40,247.000,9,0,30,
113647432000,250.000,5,233.000,50,232.000,18,231.000,40,86.000,1,84.000,3,243.000,30,244.000,9,246.000,40,247.000,9,248.000,20,0,30,
113647924000,250.000,5,233.000,50,232.000,18,231.000,60,86.000,1,84.000,3,243.000,30,244.000,9,246.000,60,247.000,9,248.000,20,0,30,
113654757000,250.000,5,233.000,50,232.000,18,231.000,40,86.000,1,84.000,3,243.000,30,244.000,9,246.000,40,247.000,9,248.000,20,0,30,
113654757000,250.000,5,233.000,50,232.000,18,231.000,40,230.000,20,86.000,1,243.000,30,244.000,9,245.000,20,246.000,40,247.000,9,0,30,
113654993000,250.000,5,233.000,30,232.000,18,231.000,40,230.000,20,86.000,1,243.000,30,244.000,9,245.000,20,246.000,40,247.000,9,0,30,
113654993000,250.000,5,233.000,30,232.000,38,231.000,40,230.000,20,86.000,1,243.000,30,244.000,9,245.000,20,246.000,40,247.000,29,0,30,
113655050000,250.000,5,233.000,30,232.000,38,231.000,20,230.000,20,86.000,1,243.000,30,244.000,9,245.000,20,246.000,20,247.000,29,0,30,
113655998000,250.000,5,233.000,30,232.000,38,231.000,20,86.000,1,84.000,3,243.000,30,244.000,9,246.000,20,247.000,29,320.000,1,0,30,
113655998000,250.000,5,233.000,30,232.000,38,231.000,40,86.000,1,84.000,3,243.000,30,244.000,9,246.000,40,247.000,29,320.000,1,0,30,
113656143000,250.000,5,233.000,30,232.000,38,231.000,40,230.000,20,86.000,1,243.000,30,244.000,9,245.000,20,246.000,40,247.000,29,0,30,
113657122000,250.000,5,233.000,30,232.000,38,231.000,20,230.000,20,86.000,1,243.000,30,244.000,9,245.000,20,246.000,20,247.000,29,0,30,
113657122000,250.000,5,233.000,30,232.000,38,231.000,20,230.000,40,86.000,1,243.000,30,244.000,9,245.000,40,246.000,20,247.000,29,0,30,
113657622000,250.000,5,233.000,30,232.000,38,231.000,20,230.000,20,86.000,1,243.000,30,244.000,9,245.000,20,246.000,20,247.000,29,0,30,
113657622000,250.000,5,233.000,30,232.000,38,231.000,40,230.000,20,86.000,1,243.000,30,244.000,9,245.000,20,246.000,40,247.000,29,0,30,
113659095000,250.000,5,233.000,30,232.000,38,231.000,40,86.000,1,84.000,3,243.000,30,244.000,9,246.000,40,247.000,29,320.000,1,0,30,
113659120000,250.000,5,233.000,30,232.000,18,231.000,40,86.000,1,84.000,3,243.000,30,244.000,9,246.000,40,247.000,9,320.000,1,0,30,
113659120000,250.000,5,233.000,50,232.000,18,231.000,40,86.000,1,84.000,3,243.000,30,244.000,9,246.000,40,247.000,9,248.000,20,0,30,
113659197000,250.000,5,233.000,50,232.000,18,231.000,60,86.000,1,84.000,3,243.000,30,244.000,9,246.000,60,247.000,9,248.000,20,0,30,
113700052000,250.000,5,233.000,50,232.000,18,231.000,40,86.000,1,84.000,3,243.000,30,244.000,9,246.000,40,247.000,9,248.000,20,0,30,
113700052000,250.000,5,233.000,50,232.000,38,231.000,40,86.000,1,84.000,3,243.000,30,244.000,9,246.000,40,247.000,29,248.000,20,0,30,
113700119000,250.000,5,233.000,30,232.000,38,231.000,40,86.000,1,84.000,3,243.000,30,244.000,9,246.000,40,247.000,29,320.000,1,0,30,
113700119000,250.000,5,234.000,20,233.000,30,232.000,38,231.000,40,86.000,1,243.000,30,244.000,9,246.000,40,247.000,29,249.000,20,0,30,
113700119000,250.000,5,234.000,29,233.000,30,232.000,38,231.000,40,86.000,1,243.000,30,244.000,9,246.000,40,247.000,29,249.000,20,0,30,
113700429000,250.000,5,234.000,29,233.000,30,232.000,18,231.000,40,86.000,1,243.000,30,244.000,9,246.000,40,247.000,9,249.000,20,0,30,
113700505000,250.000,5,234.000,29,233.000,30,232.000,9,231.000,40,86.000,1,243.000,30,244.000,9,246.000,40,247.000,9,249.000,20,0,30,
113700556000,250.000,5,234.000,29,233.000,30,232.000,9,231.000,60,86.000,1,243.000,30,244.000,9,246.000,60,247.000,9,249.000,20,0,30,
113700606000,250.000,5,234.000,29,233.000,9,232.000,9,231.000,60,86.000,1,243.000,9,244.000,9,246.000,60,247.000,9,249.000,20,0,30,
113700606000,250.000,5,235.000,21,234.000,29,233.000,9,232.000,9,231.000,60,243.000,30,244.000,9,246.000,60,247.000,9,249.000,20,0,30,
113700606000,250.000,5,235.000,21,234.000,29,233.000,9,232.000,9,231.000,60,243.000,30,244.000,9,246.000,69,247.000,9,249.000,20,0,30,
113700606000,250.000,5,235.000,30,234.000,29,233.000,9,232.000,9,231.000,60,243.000,30,244.000,9,246.000,69,247.000,9,249.000,20,0,30,
113700606000,250.000,5,235.000,30,234.000,29,233.000,9,232.000,9,231.000,60,243.000,21,244.000,9,246.000,69,247.000,9,249.000,20,0,30,
113700607000,250.000,5,235.000,30,234.000,29,233.000,9,232.000,9,231.000,60,243.000,30,244.000,9,246.000,69,247.000,9,249.000,20,0,30,
113700617000,250.000,5,235.000,30,234.000,9,233.000,9,232.000,9,231.000,60,243.000,30,244.000,9,246.000,69,247.000,9,320.000,1,0,30,
113700617000,250.000,5,235.000,30,234.000,9,233.000,29,232.000,9,231.000,60,243.000,30,244.000,9,246.000,69,247.000,9,248.000,20,0,30,
113701006000,250.000,5,235.000,30,234.000,9,233.000,29,232.000,9,231.000,60,243.000,30,244.000,9,246.000,60,247.000,9,248.000,20,0,30,
113701006000,250.000,5,235.000,30,234.000,9,233.000,20,232.000,9,231.000,60,243.000,30,244.000,9,246.000,60,247.000,9,248.000,20,0,30,
113703868000,250.000,5,235.000,30,234.000,9,232.000,9,231.000,60,86.000,1,243.000,30,244.000,9,246.000,60,247.000,9,320.000,1,0,30,
113703868000,250.000,5,235.000,30,234.000,29,232.000,9,231.000,60,86.000,1,243.000,30,244.000,9,246.000,60,247.000,9,249.000,20,0,30,
113703889000,250.000,5,235.000,30,234.000,29,232.000,9,231.000,40,86.000,1,243.000,30,244.000,9,246.000,40,247.000,9,249.000,20,0,30,
113703889000,250.000,5,235.000,30,234.000,29,232.000,29,231.000,40,86.000,1,243.000,30,244.000,9,246.000,40,247.000,29,249.000,20,0,30,
113704389000,250.000,5,235.000,30,234.000,29,232.000,9,231.000,40,86.000,1,243.000,30,244.000,9,246.000,40,247.000,9,249.000,20,0,30,
113704398000,250.000,5,235.000,30,234.000,29,232.000,9,231.000,60,86.000,1,243.000,30,244.000,9,246.000,60,247.000,9,249.000,20,0,30,
113704492000,250.000,5,235.000,30,234.000,9,232.000,9,231.000,60,86.000,1,243.000,30,244.000,9,246.000,60,247.000,9,320.000,1,0,30,
113704492000,250.000,5,235.000,30,234.000,9,233.000,20,232.000,9,231.000,60,243.000,30,244.000,9,246.000,60,247.000,9,248.000,20,0,30,
113705138000,250.000,5,235.000,30,234.000,9,233.000,20,232.000,9,231.000,40,243.000,30,244.000,9,246.000,40,247.000,9,248.000,20,0,30,
113705138000,250.000,5,235.000,30,234.000,9,233.000,20,232.000,29,231.000,40,243.000,30,244.000,9,246.000,40,247.000,29,248.000,20,0,30,
113705263000,250.000,5,235.000,30,234.000,9,233.000,20,232.000,9,231.000,40,243.000,30,244.000,9,246.000,40,247.000,9,248.000,20,0,30,
113705368000,250.000,5,235.000,30,234.000,9,232.000,9,231.000,40,86.000,1,243.000,30,244.000,9,246.000,40,247.000,9,320.000,1,0,30,
113705368000,250.000,5,235.000,30,234.000,29,232.000,9,231.000,40,86.000,1,243.000,30,244.000,9,246.000,40,247.000,9,249.000,20,0,30,
113705637000,250.000,5,235.000,30,234.000,29,232.000,29,231.000,40,86.000,1,243.000,30,244.000,9,246.000,40,247.000,29,249.000,20,0,30,
113706280000,250.000,5,235.000,30,234.000,29,232.000,29,231.000,20,86.000,1,243.000,30,244.000,9,246.000,20,247.000,29,249.000,20,0,30,
113706488000,250.000,5,235.000,30,234.000,29,232.000,29,231.000,40,86.000,1,243.000,30,244.000,9,246.000,40,247.000,29,249.000,20,0,30,
113707339000,250.000,5,235.000,9,234.000,29,232.000,29,231.000,40,86.000,1,243.000,9,244.000,9,246.000,40,247.000,29,249.000,20,0,30,
113707339000,250.000,5,235.000,30,234.000,29,232.000,29,231.000,40,86.000,1,243.000,9,244.000,30,246.000,40,247.000,29,249.000,20,0,30,
113707342000,250.000,5,235.000,30,234.000,29,232.000,9,231.000,40,86.000,1,243.000,9,244.000,30,246.000,40,247.000,9,249.000,20,0,30,
113707342000,250.000,5,235.000,30,234.000,29,233.000,20,232.000,9,231.000,40,243.000,9,244.000,30,246.000,40,247.000,9,248.000,20,0,30,
113707342000,250.000,5,235.000,30,234.000,29,233.000,20,232.000,9,231.000,40,243.000,9,244.000,30,246.000,49,247.000,9,248.000,20,0,30,
113707342000,250.000,5,235.000,30,234.000,29,233.000,20,232.000,9,231.000,40,244.000,30,246.000,49,247.000,9,248.000,20,249.000,20,0,30,
113707342000,250.000,5,235.000,21,234.000,29,233.000,20,232.000,9,231.000,40,244.000,30,246.000,49,247.000,9,248.000,20,249.000,20,0,30,
113707342000,250.000,5,235.000,30,234.000,29,233.000,20,232.000,9,231.000,40,244.000,30,246.000,49,247.000,9,248.000,20,249.000,20,0,30,
113707369000,250.000,5,235.000,30,234.000,9,233.000,20,232.000,9,231.000,40,244.000,30,246.000,49,247.000,9,248.000,20,320.000,1,0,30,
113707369000,250.000,5,235.000,50,234.000,9,233.000,20,232.000,9,231.000,40,244.000,30,246.000,49,247.000,9,248.000,20,250.000,20,0,30,
113708243000,250.000,5,235.000,30,234.000,9,233.000,20,232.000,9,231.000,40,244.000,30,246.000,49,247.000,9,248.000,20,320.000,1,0,30,
113708243000,250.000,5,235.000,30,234.000,29,233.000,20,232.000,9,231.000,40,244.000,30,246.000,49,247.000,9,248.000,20,249.000,20,0,30,
113708436000,250.000,5,235.000,30,234.000,29,232.000,9,231.000,40,86.000,1,244.000,30,246.000,49,247.000,9,249.000,20,320.000,1,0,30,
113708436000,250.000,5,235.000,30,234.000,29,232.000,29,231.000,40,86.000,1,244.000,30,246.000,49,247.000,29,249.000,20,320.000,1,0,30,
113708686000,250.000,5,235.000,30,234.000,29,232.000,9,231.000,40,86.000,1,244.000,30,246.000,49,247.000,9,249.000,20,320.000,1,0,30,
113708936000,250.000,5,235.000,30,234.000,29,233.000,20,232.000,9,231.000,40,244.000,30,246.000,49,247.000,9,248.000,20,249.000,20,0,30,
113709000000,250.000,5,235.000,30,234.000,29,232.000,9,231.000,40,86.000,1,244.000,30,246.000,49,247.000,9,249.000,20,320.000,1,0,30,
113709527000,250.000,5,235.000,30,234.000,29,232.000,29,231.000,40,86.000,1,244.000,30,246.000,49,247.000,29,249.000,20,320.000,1,0,30,
113710016000,250.000,5,235.000,30,234.000,29,232.000,9,231.000,40,86.000,1,244.000,30,246.000,49,247.000,9,249.000,20,320.000,1,0,30,
113710027000,250.000,5,235.000,30,234.000,29,233.000,20,232.000,9,231.000,40,244.000,30,246.000,49,247.000,9,248.000,20,249.000,20,0,30,
113710140000,250.000,5,235.000,30,234.000,29,232.000,9,231.000,40,86.000,1,244.000,30,246.000,49,247.000,9,249.000,20,320.000,1,0,30,
113710629000,250.000,5,235.000,30,234.000,29,233.000,20,232.000,9,231.000,40,244.000,30,246.000,49,247.000,9,248.000,20,249.000,20,0,30,
113711119000,250.000,5,235.000,30,234.000,9,233.000,20,232.000,9,231.000,40,244.000,30,246.000,49,247.000,9,248.000,20,320.000,1,0,30,
113711119000,250.000,5,235.000,50,234.000,9,233.000,20,232.000,9,231.000,40,244.000,30,246.000,49,247.000,9,248.000,20,250.000,20,0,30,
113711868000,250.000,5,235.000,30,234.000,9,233.000,20,232.000,9,231.000,40,244.000,30,246.000,49,247.000,9,248.000,20,320.000,1,0,30,
113711868000,250.000,5,235.000,30,234.000,29,233.000,20,232.000,9,231.000,40,244.000,30,246.000,49,247.000,9,248.000,20,249.000,20,0,30,
113711880000,250.000,5,235.000,30,234.000,29,232.000,9,231.000,40,86.000,1,244.000,30,246.000,49,247.000,9,249.000,20,320.000,1,0,30,
113711880000,250.000,5,235.000,30,234.000,29,232.000,29,231.000,40,86.000,1,244.000,30,246.000,49,247.000,29,249.000,20,320.000,1,0,30,
113712001000,250.000,5,235.000,30,234.000,29,232.000,9,231.000,40,86.000,1,244.000,30,246.000,49,247.000,9,249.000,20,320.000,1,0,30,
113712380000,250.000,5,235.000,30,234.000,29,233.000,20,232.000,9,231.000,40,244.000,30,246.000,49,247.000,9,248.000,20,249.000,20,0,30,
113712494000,250.000,5,235.000,30,234.000,9,233.000,20,232.000,9,231.000,40,244.000,30,246.000,49,247.000,9,248.000,20,320.000,1,0,30,
113712494000,250.000,5,235.000,50,234.000,9,233.000,20,232.000,9,231.000,40,244.000,30,246.000,49,247.000,9,248.000,20,250.000,20,0,30,
113712611000,250.000,5,235.000,29,234.000,9,233.000,20,232.000,9,231.000,40,244.000,9,246.000,49,247.000,9,248.000,20,250.000,20,0,30,
113712611000,250.000,5,235.000,50,234.000,9,233.000,20,232.000,9,231.000,40,244.000,9,245.000,21,246.000,49,247.000,9,248.000,20,0,30,
113712611000,250.000,5,235.000,50,234.000,9,233.000,20,232.000,9,231.000,40,245.000,21,246.000,49,247.000,9,248.000,20,250.000,20,0,30,
113712800000,250.000,5,235.000,50,234.000,9,233.000,20,232.000,9,231.000,40,245.000,30,246.000,49,247.000,9,248.000,20,250.000,20,0,30,
113713196000,250.000,5,235.000,50,234.000,9,232.000,9,231.000,40,86.000,1,245.000,30,246.000,49,247.000,9,250.000,20,320.000,1,0,30,
113713196000,250.000,5,235.000,50,234.000,29,232.000,9,231.000,40,86.000,1,245.000,30,246.000,49,247.000,9,249.000,20,250.000,20,0,30,
113713244000,250.000,5,235.000,30,234.000,29,232.000,9,231.000,40,86.000,1,245.000,30,246.000,49,247.000,9,249.000,20,320.000,1,0,30,
113713244000,250.000,5,236.000,20,235.000,30,234.000,29,232.000,9,231.000,40,245.000,30,246.000,49,247.000,9,249.000,20,251.000,20,0,30,
113713245000,250.000,5,236.000,29,235.000,30,234.000,29,232.000,9,231.000,40,245.000,30,246.000,49,247.000,9,249.000,20,251.000,20,0,30,
113713307000,250.000,5,236.000,29,235.000,30,234.000,29,232.000,9,231.000,20,245.000,30,246.000,29,247.000,9,249.000,20,251.000,20,0,30,
113713335000,250.000,5,236.000,29,235.000,30,234.000,29,232.000,9,231.000,20,245.000,30,246.000,29,249.000,20,251.000,20,320.000,1,0,30,
113713337000,250.000,5,236.000,29,235.000,30,234.000,29,232.000,9,86.000,1,245.000,30,246.000,9,249.000,20,251.000,20,320.000,1,0,30,
113713418000,250.000,5,236.000,29,235.000,30,234.000,29,233.000,20,232.000,9,245.000,30,246.000,9,248.000,20,249.000,20,251.000,20,0,30,
113713505000,250.000,5,236.000,29,235.000,30,234.000,20,233.000,20,232.000,9,245.000,30,246.000,9,248.000,20,249.000,20,251.000,20,0,30,
113713712000,250.000,5,236.000,29,235.000,9,234.000,20,233.000,20,232.000,9,245.000,9,246.000,9,248.000,20,249.000,20,251.000,20,0,30,
113713712000,250.000,5,237.000,21,236.000,29,235.000,9,234.000,20,233.000,20,245.000,30,246.000,9,248.000,20,249.000,20,251.000,20,0,30,
113713712000,250.000,5,237.000,21,236.000,29,235.000,9,234.000,20,233.000,20,245.000,21,246.000,9,248.000,20,249.000,20,251.000,20,0,30,
113714118000,250.000,5,237.000,21,236.000,9,235.000,9,234.000,20,233.000,20,245.000,21,246.000,9,248.000,20,249.000,20,320.000,1,0,30,
113714118000,250.000,5,237.000,21,236.000,9,235.000,29,234.000,20,233.000,20,245.000,21,246.000,9,248.000,20,249.000,20,250.000,20,0,30,
113714168000,250.000,5,237.000,21,236.000,9,235.000,29,234.000,20,233.000,20,245.000,30,246.000,9,248.000,20,249.000,20,250.000,20,0,30,
113714168000,250.000,5,237.000,30,236.000,9,235.000,29,234.000,20,233.000,20,245.000,30,246.000,9,248.000,20,249.000,20,250.000,20,0,30,
113714170000,250.000,5,237.000,30,236.000,9,235.000,29,233.000,20,232.000,9,245.000,30,246.000,9,248.000,20,250.000,20,320.000,1,0,30,
113714170000,250.000,5,237.000,30,236.000,9,235.000,29,233.000,40,232.000,9,245.000,30,246.000,9,248.000,40,250.000,20,320.000,1,0,30,
113714245000,250.000,5,237.000,30,236.000,9,235.000,29,233.000,40,232.000,9,245.000,30,246.000,9,248.000,40,249.000,9,250.000,20,0,30,
113714505000,250.000,5,237.000,30,236.000,9,235.000,20,233.000,40,232.000,9,245.000,30,246.000,9,248.000,40,249.000,9,250.000,20,0,30,
113715569000,250.000,5,237.000,30,236.000,9,235.000,20,233.000,40,86.000,1,245.000,30,246.000,9,248.000,40,249.000,9,250.000,20,0,30,
113715570000,250.000,5,237.000,30,236.000,9,233.000,40,86.000,1,84.000,3,245.000,30,246.000,9,248.000,40,249.000,9,320.000,1,0,30,
113715570000,250.000,5,237.000,30,236.000,29,233.000,40,86.000,1,84.000,3,245.000,30,246.000,9,248.000,40,249.000,9,251.000,20,0,30,
113715572000,250.000,5,237.000,30,236.000,29,234.000,9,233.000,40,86.000,1,245.000,30,246.000,9,248.000,40,249.000,9,251.000,20,0,30,
113715572000,250.000,5,237.000,30,236.000,29,234.000,9,233.000,20,86.000,1,245.000,30,246.000,9,248.000,20,249.000,9,251.000,20,0,30,
113715572000,250.000,5,237.000,30,236.000,29,234.000,29,233.000,20,86.000,1,245.000,30,246.000,9,248.000,20,249.000,29,251.000,20,0,30,
113715945000,250.000,5,237.000,30,236.000,29,234.000,9,233.000,20,86.000,1,245.000,30,246.000,9,248.000,20,249.000,9,251.000,20,0,30,
113716189000,250.000,5,237.000,30,236.000,29,234.000,9,233.000,40,86.000,1,245.000,30,246.000,9,248.000,40,249.000,9,251.000,20,0,30,
113720967000,250.000,5,237.000,30,236.000,29,234.000,9,233.000,20,86.000,1,245.000,30,246.000,9,248.000,20,249.000,9,251.000,20,0,30,
113720967000,250.000,5,237.000,30,236.000,29,234.000,29,233.000,20,86.000,1,245.000,30,246.000,9,248.000,20,249.000,29,251.000,20,0,30,
113722006000,250.000,5,237.000,30,236.000,29,234.000,29,233.000,40,86.000,1,245.000,30,246.000,9,248.000,40,249.000,29,251.000,20,0,30,
113723362000,250.000,5,237.000,30,236.000,29,234.000,9,233.000,40,86.000,1,245.000,30,246.000,9,248.000,40,249.000,9,251.000,20,0,30,
113723362000,250.000,5,237.000,30,236.000,29,234.000,9,233.000,60,86.000,1,245.000,30,246.000,9,248.000,60,249.000,9,251.000,20,0,30,
113723613000,250.000,5,237.000,30,236.000,29,234.000,9,233.000,40,86.000,1,245.000,30,246.000,9,248.000,40,249.000,9,251.000,20,0,30,
113723861000,250.000,5,237.000,30,236.000,29,234.000,29,233.000,40,86.000,1,245.000,30,246.000,9,248.000,40,249.000,29,251.000,20,0,30,
113724119000,250.000,5,237.000,30,236.000,29,234.000,9,233.000,40,86.000,1,245.000,30,246.000,9,248.000,40,249.000,9,251.000,20,0,30,
113724369000,250.000,5,237.000,30,236.000,29,234.000,9,233.000,60,86.000,1,245.000,30,246.000,9,248.000,60,249.000,9,251.000,20,0,30,
113724902000,250.000,5,237.000,30,236.000,29,234.000,9,233.000,40,86.000,1,245.000,30,246.000,9,248.000,40,249.000,9,251.000,20,0,30,
113724902000,250.000,5,237.000,30,236.000,29,234.000,29,233.000,40,86.000,1,245.000,30,246.000,9,248.000,40,249.000,29,251.000,20,0,30,
113731255000,250.000,5,237.000,30,236.000,29,234.000,9,233.000,40,86.000,1,245.000,30,246.000,9,248.000,40,249.000,9,251.000,20,0,30,
113731255000,250.000,5,237.000,30,236.000,29,234.000,9,233.000,60,86.000,1,245.000,30,246.000,9,248.000,60,249.000,9,251.000,20,0,30,
113731996000,250.000,5,237.000,30,236.000,29,234.000,9,233.000,40,86.000,1,245.000,30,246.000,9,248.000,40,249.000,9,251.000,20,0,30,
113731996000,250.000,5,237.000,30,236.000,29,234.000,29,233.000,40,86.000,1,245.000,30,246.000,9,248.000,40,249.000,29,251.000,20,0,30,
113732245000,250.000,5,237.000,30,236.000,29,234.000,9,233.000,40,86.000,1,245.000,30,246.000,9,248.000,40,249.000,9,251.000,20,0,30,
113732496000,250.000,5,237.000,30,236.000,29,234.000,9,233.000,60,86.000,1,245.000,30,246.000,9,248.000,60,249.000,9,251.000,20,0,30,
113732618000,250.000,5,237.000,30,236.000,9,234.000,9,233.000,60,86.000,1,245.000,30,246.000,9,248.000,60,249.000,9,320.000,1,0,30,
113732618000,250.000,5,237.000,30,236.000,9,235.000,20,234.000,9,233.000,60,245.000,30,246.000,9,248.000,60,249.000,9,250.000,20,0,30,
113732857000,250.000,5,237.000,30,236.000,9,235.000,20,234.000,9,233.000,40,245.000,30,246.000,9,248.000,40,249.000,9,250.000,20,0,30,
113732993000,250.000,5,237.000,30,236.000,9,234.000,9,233.000,40,86.000,1,245.000,30,246.000,9,248.000,40,249.000,9,320.000,1,0,30,
113732993000,250.000,5,237.000,30,236.000,29,234.000,9,233.000,40,86.000,1,245.000,30,246.000,9,248.000,40,249.000,9,251.000,20,0,30,
113733002000,250.000,5,237.000,30,236.000,29,234.000,29,233.000,40,86.000,1,245.000,30,246.000,9,248.000,40,249.000,29,251.000,20,0,30,
113738081000,250.000,5,237.000,9,236.000,29,234.000,29,233.000,40,86.000,1,245.000,9,246.000,9,248.000,40,249.000,29,251.000,20,0,30,
113738081000,250.000,5,237.000,30,236.000,29,234.000,29,233.000,40,86.000,1,245.000,9,246.000,30,248.000,40,249.000,29,251.000,20,0,30,
113738082000,250.000,5,237.000,30,236.000,29,234.000,9,233.000,40,86.000,1,245.000,9,246.000,30,248.000,40,249.000,9,251.000,20,0,30,
113738082000,250.000,5,237.000,30,236.000,29,235.000,20,234.000,9,233.000,40,245.000,9,246.000,30,248.000,40,249.000,9,250.000,20,0,30,
113738083000,250.000,5,237.000,21,236.000,29,235.000,20,234.000,9,233.000,40,245.000,9,246.000,30,248.000,40,249.000,9,250.000,20,0,30,
113738083000,250.000,5,237.000,21,236.000,29,235.000,20,234.000,9,233.000,40,245.000,9,246.000,30,248.000,49,249.000,9,250.000,20,0,30,
113738083000,250.000,5,237.000,21,236.000,29,235.000,20,234.000,9,233.000,40,246.000,30,248.000,49,249.000,9,250.000,20,251.000,20,0,30,
113738083000,250.000,5,237.000,21,236.000,29,235.000,20,234.000,9,233.000,40,245.000,9,246.000,30,248.000,49,249.000,9,250.000,20,0,30,
113738083000,250.000,5,237.000,30,236.000,29,235.000,20,234.000,9,233.000,40,245.000,9,246.000,30,248.000,49,249.000,9,250.000,20,0,30,
113738083000,250.000,5,237.000,30,236.000,29,235.000,20,234.000,9,233.000,40,246.000,30,248.000,49,249.000,9,250.000,20,251.000,20,0,30,
113738120000,250.000,5,237.000,30,236.000,9,235.000,20,234.000,9,233.000,40,246.000,30,248.000,49,249.000,9,250.000,20,320.000,1,0,30,
113738120000,250.000,5,237.000,50,236.000,9,235.000,20,234.000,9,233.000,40,246.000,30,248.000,49,249.000,9,250.000,20,252.000,20,0,30,
113738913000,250.000,5,237.000,29,236.000,9,235.000,20,234.000,9,233.000,40,246.000,9,248.000,49,249.000,9,250.000,20,252.000,20,0,30,
113738913000,250.000,5,237.000,50,236.000,9,235.000,20,234.000,9,233.000,40,246.000,9,247.000,21,248.000,49,249.000,9,250.000,20,0,30,
113738914000,250.000,5,237.000,50,236.000,9,235.000,20,234.000,9,233.000,40,247.000,21,248.000,49,249.000,9,250.000,20,252.000,20,0,30,
113738914000,250.000,5,237.000,50,236.000,9,235.000,20,234.000,9,233.000,40,247.000,30,248.000,49,249.000,9,250.000,20,252.000,20,0,30,
113741371000,250.000,5,237.000,50,236.000,9,235.000,20,234.000,9,233.000,20,247.000,30,248.000,29,249.000,9,250.000,20,252.000,20,0,30,
113741430000,250.000,5,237.000,50,236.000,9,235.000,40,234.000,9,233.000,20,247.000,30,248.000,29,249.000,9,250.000,40,252.000,20,0,30,
113741745000,250.000,5,237.000,30,236.000,9,235.000,40,234.000,9,233.000,20,247.000,30,248.000,29,249.000,9,250.000,40,320.000,1,0,30,
113741745000,250.000,5,238.000,20,237.000,30,236.000,9,235.000,40,234.000,9,247.000,30,248.000,29,249.000,9,250.000,40,253.000,20,0,30,
113741745000,250.000,5,238.000,29,237.000,30,236.000,9,235.000,40,234.000,9,247.000,30,248.000,29,249.000,9,250.000,40,253.000,20,0,30,
113741829000,250.000,5,238.000,29,237.000,9,236.000,9,235.000,40,234.000,9,247.000,9,248.000,29,249.000,9,250.000,40,253.000,20,0,30,
113741829000,250.000,5,239.000,21,238.000,29,237.000,9,236.000,9,235.000,40,247.000,30,248.000,29,249.000,9,250.000,40,253.000,20,0,30,
113741830000,250.000,5,239.000,21,238.000,29,237.000,9,236.000,9,235.000,40,247.000,21,248.000,29,249.000,9,250.000,40,253.000,20,0,30,
113741830000,250.000,5,239.000,30,238.000,29,237.000,9,236.000,9,235.000,40,247.000,21,248.000,29,249.000,9,250.000,40,253.000,20,0,30,
113741830000,250.000,5,239.000,30,238.000,29,237.000,9,236.000,9,235.000,40,247.000,30,248.000,29,249.000,9,250.000,40,253.000,20,0,30,
113742006000,250.000,5,239.000,30,238.000,29,237.000,9,235.000,40,234.000,9,247.000,30,248.000,29,249.000,9,250.000,40,253.000,20,0,30,
113742006000,250.000,5,239.000,30,238.000,29,237.000,9,235.000,40,234.000,9,247.000,30,248.000,9,249.000,9,250.000,40,253.000,20,0,30,
113742006000,250.000,5,239.000,30,238.000,29,237.000,9,235.000,60,234.000,9,247.000,30,248.000,9,249.000,9,250.000,60,253.000,20,0,30,
113742006000,250.000,5,239.000,30,238.000,29,235.000,60,234.000,9,86.000,1,247.000,30,248.000,9,249.000,9,250.000,60,253.000,20,0,30,
113742666000,250.000,5,239.000,30,238.000,29,235.000,40,234.000,9,86.000,1,247.000,30,248.000,9,249.000,9,250.000,40,253.000,20,0,30,
113742666000,250.000,5,239.000,30,238.000,29,235.000,40,234.000,29,86.000,1,247.000,30,248.000,9,249.000,29,250.000,40,253.000,20,0,30,
113742743000,250.000,5,239.000,30,238.000,9,235.000,40,234.000,29,86.000,1,247.000,30,248.000,9,249.000,29,250.000,40,320.000,1,0,30,
113742743000,250.000,5,239.000,30,238.000,9,237.000,20,235.000,40,234.000,29,247.000,30,248.000,9,249.000,29,250.000,40,252.000,20,0,30,
113743098000,250.000,5,239.000,30,238.000,9,237.000,20,235.000,40,234.000,9,247.000,30,248.000,9,249.000,9,250.000,40,252.000,20,0,30,
113743225000,250.000,5,239.000,30,238.000,9,237.000,20,235.000,60,234.000,9,247.000,30,248.000,9,249.000,9,250.000,60,252.000,20,0,30,
113744892000,250.000,5,239.000,30,238.000,9,237.000,20,235.000,40,234.000,9,247.000,30,248.000,9,249.000,9,250.000,40,252.000,20,0,30,
113744892000,250.000,5,239.000,30,238.000,9,237.000,20,235.000,40,234.000,29,247.000,30,248.000,9,249.000,29,250.000,40,252.000,20,0,30,
113744894000,250.000,5,239.000,30,238.000,9,237.000,20,235.000,20,234.000,29,247.000,30,248.000,9,249.000,29,250.000,20,252.000,20,0,30,
113744996000,250.000,5,239.000,30,238.000,9,235.000,20,234.000,29,86.000,1,247.000,30,248.000,9,249.000,29,250.000,20,320.000,1,0,30,
113744996000,250.000,5,239.000,30,238.000,9,236.000,20,235.000,20,234.000,29,247.000,30,248.000,9,249.000,29,250.000,20,251.000,20,0,30,
113745002000,250.000,5,239.000,30,238.000,9,236.000,20,235.000,20,234.000,9,247.000,30,248.000,9,249.000,9,250.000,20,251.000,20,0,30,
113745006000,250.000,5,239.000,30,238.000,9,236.000,20,235.000,20,234.000,9,247.000,30,248.000,29,249.000,9,250.000,20,251.000,20,0,30,
113745291000,250.000,5,239.000,9,238.000,9,236.000,20,235.000,20,234.000,9,247.000,9,248.000,29,249.000,9,250.000,20,251.000,20,0,30,
113745291000,250.000,5,239.000,9,238.000,30,236.000,20,235.000,20,234.000,9,247.000,30,248.000,29,249.000,9,250.000,20,251.000,20,0,30,
113745291000,250.000,5,239.000,9,238.000,30,236.000,29,235.000,20,234.000,9,247.000,30,248.000,29,249.000,9,250.000,20,251.000,20,0,30,
113745291000,250.000,5,238.000,30,236.000,29,235.000,20,234.000,9,233.000,20,247.000,30,248.000,29,249.000,9,250.000,20,251.000,20,0,30,
113745291000,250.000,5,238.000,30,236.000,29,235.000,20,234.000,9,233.000,20,247.000,21,248.000,29,249.000,9,250.000,20,251.000,20,0,30,
113745292000,250.000,5,238.000,30,236.000,29,235.000,20,234.000,9,233.000,20,247.000,30,248.000,29,249.000,9,250.000,20,251.000,20,0,30,
113745467000,250.000,5,238.000,30,236.000,29,234.000,9,233.000,20,86.000,1,247.000,30,248.000,29,249.000,9,251.000,20,320.000,1,0,30,
113745489000,250.000,5,238.000,30,236.000,29,234.000,9,233.000,40,86.000,1,247.000,30,248.000,49,249.000,9,251.000,20,320.000,1,0,30,
113745981000,250.000,5,238.000,9,236.000,29,234.000,9,233.000,40,86.000,1,247.000,9,248.000,49,249.000,9,251.000,20,320.000,1,0,30,
113745981000,250.000,5,238.000,9,237.000,21,236.000,29,234.000,9,233.000,40,247.000,30,248.000,49,249.000,9,251.000,20,320.000,1,0,30,
113745982000,250.000,5,237.000,21,236.000,29,234.000,9,233.000,40,86.000,1,247.000,30,248.000,49,249.000,9,251.000,20,320.000,1,0,30,
113745982000,250.000,5,237.000,21,236.000,29,234.000,9,233.000,40,86.000,1,247.000,21,248.000,49,249.000,9,251.000,20,320.000,1,0,30,
113745982000,250.000,5,237.000,30,236.000,29,234.000,9,233.000,40,86.000,1,247.000,21,248.000,49,249.000,9,251.000,20,320.000,1,0,30,
113745982000,250.000,5,237.000,30,236.000,29,234.000,9,233.000,40,86.000,1,247.000,30,248.000,49,249.000,9,251.000,20,320.000,1,0,30,
113746743000,250.000,5,237.000,30,236.000,9,234.000,9,233.000,40,86.000,1,247.000,30,248.000,49,249.000,9,320.000,1,400.000,1,0,30,
113746743000,250.000,5,237.000,30,236.000,9,235.000,20,234.000,9,233.000,40,247.000,30,248.000,49,249.000,9,250.000,20,320.000,1,0,30,
113747145000,250.000,5,237.000,30,236.000,9,235.000,20,234.000,9,233.000,20,247.000,30,248.000,29,249.000,9,250.000,20,320.000,1,0,30,
113747145000,250.000,5,237.000,30,236.000,9,235.000,20,234.000,29,233.000,20,247.000,30,248.000,29,249.000,29,250.000,20,320.000,1,0,30,
113747243000,250.000,5,237.000,30,236.000,9,234.000,29,233.000,20,86.000,1,247.000,30,248.000,29,249.000,29,320.000,1,400.000,1,0,30,
113747243000,250.000,5,237.000,30,236.000,29,234.000,29,233.000,20,86.000,1,247.000,30,248.000,29,249.000,29,251.000,20,320.000,1,0,30,
113748532000,250.000,5,237.000,30,236.000,29,234.000,49,233.000,20,86.000,1,247.000,30,248.000,29,249.000,49,251.000,20,320.000,1,0,30,
113759087000,250.000,5,237.000,30,236.000,29,234.000,29,233.000,20,86.000,1,247.000,30,248.000,29,249.000,29,251.000,20,320.000,1,0,30,
113759087000,250.000,5,237.000,30,236.000,29,234.000,29,233.000,40,86.000,1,247.000,30,248.000,49,249.000,29,251.000,20,320.000,1,0,30,
113759145000,250.000,5,237.000,30,236.000,9,234.000,29,233.000,40,86.000,1,247.000,30,248.000,49,249.000,29,320.000,1,400.000,1,0,30,
113759145000,250.000,5,237.000,30,236.000,9,235.000,20,234.000,29,233.000,40,247.000,30,248.000,49,249.000,29,250.000,20,320.000,1,0,30,
113759185000,250.000,5,237.000,9,236.000,9,235.000,20,234.000,29,233.000,40,247.000,9,248.000,49,249.000,29,250.000,20,320.000,1,0,30,
113759185000,250.000,5,237.000,9,236.000,30,235.000,20,234.000,29,233.000,40,247.000,30,248.000,49,249.000,29,250.000,20,320.000,1,0,30,
113759187000,250.000,5,236.000,30,235.000,20,234.000,29,233.000,40,86.000,1,247.000,30,248.000,49,249.000,29,250.000,20,320.000,1,0,30,
113759245000,250.000,5,236.000,30,234.000,29,233.000,40,86.000,1,84.000,3,247.000,30,248.000,49,249.000,29,320.000,1,400.000,1,0,30,
113759245000,250.000,5,236.000,30,234.000,49,233.000,40,86.000,1,84.000,3,247.000,30,248.000,49,249.000,49,320.000,1,400.000,1,0,30,
113759574000,250.000,5,236.000,30,234.000,49,233.000,20,86.000,1,84.000,3,247.000,30,248.000,29,249.000,49,320.000,1,400.000,1,0,30,
113759586000,250.000,5,236.000,30,234.000,49,233.000,20,232.000,20,86.000,1,247.000,50,248.000,29,249.000,49,320.000,1,400.000,1,0,30,
113759699000,250.000,5,236.000,30,234.000,49,233.000,20,86.000,1,84.000,3,247.000,30,248.000,29,249.000,49,320.000,1,400.000,1,0,30,
113800144000,250.000,5,236.000,30,234.000,49,233.000,40,86.000,1,84.000,3,247.000,30,248.000,49,249.000,49,320.000,1,400.000,1,0,30,
113800769000,250.000,5,236.000,30,234.000,49,233.000,20,86.000,1,84.000,3,247.000,30,248.000,29,249.000,49,320.000,1,400.000,1,0,30,
113800769000,250.000,5,236.000,30,234.000,49,233.000,20,232.000,20,86.000,1,247.000,50,248.000,29,249.000,49,320.000,1,400.000,1,0,30,
113801394000,250.000,5,236.000,30,234.000,49,233.000,20,86.000,1,84.000,3,247.000,30,248.000,29,249.000,49,320.000,1,400.000,1,0,30,
113801394000,250.000,5,236.000,30,234.000,49,233.000,40,86.000,1,84.000,3,247.000,30,248.000,49,249.000,49,320.000,1,400.000,1,0,30,
113801836000,250.000,5,236.000,9,234.000,49,233.000,40,86.000,1,84.000,3,247.000,9,248.000,49,249.000,49,320.000,1,400.000,1,0,30,
113801836000,250.000,5,237.000,21,236.000,9,234.000,49,233.000,40,86.000,1,247.000,30,248.000,49,249.000,49,320.000,1,400.000,1,0,30,
113801836000,250.000,5,237.000,30,236.000,9,234.000,49,233.000,40,86.000,1,247.000,30,248.000,49,249.000,49,320.000,1,400.000,1,0,30,
113801836000,250.000,5,237.000,30,236.000,9,234.000,58,233.000,40,86.000,1,247.000,30,248.000,49,249.000,49,320.000,1,400.000,1,0,30,
113801836000,250.000,5,237.000,30,234.000,58,233.000,40,86.000,1,84.000,3,247.000,30,248.000,49,249.000,49,320.000,1,400.000,1,0,30,
113801836000,250.000,5,237.000,30,234.000,58,233.000,40,86.000,1,84.000,3,247.000,21,248.000,49,249.000,49,320.000,1,400.000,1,0,30,
113801878000,250.000,5,237.000,30,234.000,58,233.000,40,86.000,1,84.000,3,247.000,30,248.000,49,249.000,49,320.000,1,400.000,1,0,30,
113801993000,250.000,5,237.000,30,234.000,38,233.000,40,86.000,1,84.000,3,247.000,30,248.000,49,249.000,29,320.000,1,400.000,1,0,30,
113801993000,250.000,5,237.000,30,235.000,20,234.000,38,233.000,40,86.000,1,247.000,30,248.000,49,249.000,29,250.000,20,320.000,1,0,30,
113802234000,250.000,5,237.000,30,235.000,20,234.000,18,233.000,40,86.000,1,247.000,30,248.000,49,249.000,9,250.000,20,320.000,1,0,30,
113802869000,250.000,5,237.000,30,234.000,18,233.000,40,86.000,1,84.000,3,247.000,30,248.000,49,249.000,9,320.000,1,400.000,1,0,30,
113802869000,250.000,5,237.000,30,234.000,38,233.000,40,86.000,1,84.000,3,247.000,30,248.000,49,249.000,29,320.000,1,400.000,1,0,30,
113802978000,250.000,5,237.000,30,234.000,38,233.000,60,86.000,1,84.000,3,247.000,30,248.000,69,249.000,29,320.000,1,400.000,1,0,30,
113804090000,250.000,5,237.000,30,234.000,38,233.000,40,86.000,1,84.000,3,247.000,30,248.000,49,249.000,29,320.000,1,400.000,1,0,30,
113804090000,250.000,5,237.000,30,234.000,38,233.000,40,232.000,20,86.000,1,247.000,50,248.000,49,249.000,29,320.000,1,400.000,1,0,30,
113804633000,250.000,5,237.000,9,234.000,38,233.000,40,232.000,20,86.000,1,247.000,29,248.000,49,249.000,29,320.000,1,400.000,1,0,30,
113804633000,250.000,5,237.000,9,236.000,21,234.000,38,233.000,40,232.000,20,247.000,50,248.000,49,249.000,29,320.000,1,400.000,1,0,30,
113804634000,250.000,5,236.000,21,234.000,38,233.000,40,232.000,20,86.000,1,247.000,50,248.000,49,249.000,29,320.000,1,400.000,1,0,30,
113804634000,250.000,5,236.000,30,234.000,38,233.000,40,232.000,20,86.000,1,247.000,50,248.000,49,249.000,29,320.000,1,400.000,1,0,30,
113804721000,250.000,5,236.000,30,234.000,38,233.000,40,86.000,1,84.000,3,247.000,30,248.000,49,249.000,29,320.000,1,400.000,1,0,30,
113804721000,250.000,5,236.000,30,234.000,38,233.000,60,86.000,1,84.000,3,247.000,30,248.000,69,249.000,29,320.000,1,400.000,1,0,30,
113805618000,250.000,5,236.000,30,234.000,18,233.000,60,86.000,1,84.000,3,247.000,30,248.000,69,249.000,9,320.000,1,400.000,1,0,30,
113805618000,250.000,5,236.000,30,235.000,20,234.000,18,233.000,60,86.000,1,247.000,30,248.000,69,249.000,9,250.000,20,320.000,1,0,30,
113806493000,250.000,5,236.000,30,234.000,18,233.000,60,86.000,1,84.000,3,247.000,30,248.000,69,249.000,9,320.000,1,400.000,1,0,30,
113806493000,250.000,5,236.000,30,234.000,38,233.000,60,86.000,1,84.000,3,247.000,30,248.000,69,249.000,29,320.000,1,400.000,1,0,30,
113806499000,250.000,5,236.000,30,234.000,38,233.000,40,86.000,1,84.000,3,247.000,30,248.000,49,249.000,29,320.000,1,400.000,1,0,30,
113806499000,250.000,5,236.000,30,234.000,38,233.000,40,232.000,20,86.000,1,247.000,50,248.000,49,249.000,29,320.000,1,400.000,1,0,30,
113807123000,250.000,5,236.000,30,234.000,38,233.000,40,86.000,1,84.000,3,247.000,30,248.000,49,249.000,29,320.000,1,400.000,1,0,30,
113807123000,250.000,5,236.000,30,234.000,38,233.000,60,86.000,1,84.000,3,247.000,30,248.000,69,249.000,29,320.000,1,400.000,1,0,30,
113814868000,250.000,5,236.000,30,234.000,18,233.000,60,86.000,1,84.000,3,247.000,30,248.000,69,249.000,9,320.000,1,400.000,1,0,30,
113814868000,250.000,5,236.000,30,235.000,20,234.000,18,233.000,60,86.000,1,247.000,30,248.000,69,249.000,9,250.000,20,320.000,1,0,30,
113815368000,250.000,5,236.000,30,234.000,18,233.000,60,86.000,1,84.000,3,247.000,30,248.000,69,249.000,9,320.000,1,400.000,1,0,30,
113815368000,250.000,5,236.000,30,234.000,38,233.000,60,86.000,1,84.000,3,247.000,30,248.000,69,249.000,29,320.000,1,400.000,1,0,30,
113817368000,250.000,5,236.000,30,234.000,18,233.000,60,86.000,1,84.000,3,247.000,30,248.000,69,249.000,9,320.000,1,400.000,1,0,30,
113817368000,250.000,5,236.000,30,235.000,20,234.000,18,233.000,60,86.000,1,247.000,30,248.000,69,249.000,9,250.000,20,320.000,1,0,30,
113819237000,250.000,5,236.000,30,235.000,20,234.000,18,233.000,40,86.000,1,247.000,30,248.000,49,249.000,9,250.000,20,320.000,1,0,30,
113819237000,250.000,5,236.000,30,235.000,20,234.000,38,233.000,40,86.000,1,247.000,30,248.000,49,249.000,29,250.000,20,320.000,1,0,30,
113820113000,250.000,5,236.000,30,235.000,20,234.000,18,233.000,40,86.000,1,247.000,30,248.000,49,249.000,9,250.000,20,320.000,1,0,30,
113820113000,250.000,5,236.000,30,235.000,20,234.000,18,233.000,60,86.000,1,247.000,30,248.000,69,249.000,9,250.000,20,320.000,1,0,30,
113820243000,250.000,5,236.000,30,234.000,18,233.000,60,86.000,1,84.000,3,247.000,30,248.000,69,249.000,9,320.000,1,400.000,1,0,30,
113820243000,250.000,5,236.000,50,234.000,18,233.000,60,86.000,1,84.000,3,247.000,30,248.000,69,249.000,9,251.000,20,320.000,1,0,30,
113822078000,250.000,5,236.000,50,234.000,18,233.000,40,86.000,1,84.000,3,247.000,30,248.000,49,249.000,9,251.000,20,320.000,1,0,30,
113822078000,250.000,5,236.000,50,234.000,38,233.000,40,86.000,1,84.000,3,247.000,30,248.000,49,249.000,29,251.000,20,320.000,1,0,30,
113822204000,250.000,5,236.000,50,234.000,18,233.000,40,86.000,1,84.000,3,247.000,30,248.000,49,249.000,9,251.000,20,320.000,1,0,30,
113822579000,250.000,5,236.000,50,234.000,18,233.000,60,86.000,1,84.000,3,247.000,30,248.000,69,249.000,9,251.000,20,320.000,1,0,30,
113823000000,250.000,5,236.000,50,234.000,18,233.000,40,86.000,1,84.000,3,247.000,30,248.000,49,249.000,9,251.000,20,320.000,1,0,30,
113823328000,250.000,5,236.000,50,234.000,18,233.000,20,86.000,1,84.000,3,247.000,30,248.000,29,249.000,9,251.000,20,320.000,1,0,30,
113823328000,250.000,5,236.000,50,234.000,38,233.000,20,86.000,1,84.000,3,247.000,30,248.000,29,249.000,29,251.000,20,320.000,1,0,30,
113823456000,250.000,5,236.000,50,234.000,58,233.000,20,86.000,1,84.000,3,247.000,30,248.000,29,249.000,49,251.000,20,320.000,1,0,30,
113824084000,250.000,5,236.000,50,234.000,38,233.000,20,86.000,1,84.000,3,247.000,30,248.000,29,249.000,29,251.000,20,320.000,1,0,30,
113824084000,250.000,5,236.000,50,235.000,20,234.000,38,233.000,20,86.000,1,247.000,30,248.000,29,249.000,29,250.000,20,251.000,20,0,30,
113824119000,250.000,5,236.000,30,235.000,20,234.000,38,233.000,20,86.000,1,247.000,30,248.000,29,249.000,29,250.000,20,320.000,1,0,30,
113824119000,250.000,5,237.000,20,236.000,30,235.000,20,234.000,38,233.000,20,247.000,30,248.000,29,249.000,29,250.000,20,252.000,20,0,30,
113824119000,250.000,5,237.000,29,236.000,30,235.000,20,234.000,38,233.000,20,247.000,30,248.000,29,249.000,29,250.000,20,252.000,20,0,30,
113824505000,250.000,5,237.000,29,236.000,30,235.000,20,234.000,29,233.000,20,247.000,30,248.000,29,249.000,29,250.000,20,252.000,20,0,30,
113824642000,250.000,5,237.000,29,236.000,9,235.000,20,234.000,29,233.000,20,247.000,9,248.000,29,249.000,29,250.000,20,252.000,20,0,30,
113824642000,250.000,5,238.000,21,237.000,29,236.000,9,235.000,20,234.000,29,247.000,30,248.000,29,249.000,29,250.000,20,252.000,20,0,30,
113824642000,250.000,5,238.000,21,237.000,29,236.000,9,235.000,20,234.000,29,247.000,21,248.000,29,249.000,29,250.000,20,252.000,20,0,30,
113824642000,250.000,5,238.000,30,237.000,29,236.000,9,235.000,20,234.000,29,247.000,21,248.000,29,249.000,29,250.000,20,252.000,20,0,30,
113824775000,250.000,5,238.000,30,237.000,29,236.000,9,235.000,20,234.000,29,247.000,30,248.000,29,249.000,29,250.000,20,252.000,20,0,30,
113825006000,250.000,5,238.000,30,237.000,29,235.000,20,234.000,29,233.000,20,247.000,30,248.000,29,249.000,29,250.000,20,252.000,20,0,30,
113825440000,250.000,5,238.000,30,237.000,29,234.000,29,233.000,20,86.000,1,247.000,30,248.000,29,249.000,29,252.000,20,320.000,1,0,30,
113825440000,250.000,5,238.000,30,237.000,29,234.000,49,233.000,20,86.000,1,247.000,30,248.000,29,249.000,49,252.000,20,320.000,1,0,30,
113825565000,250.000,5,238.000,30,237.000,29,234.000,29,233.000,20,86.000,1,247.000,30,248.000,29,249.000,29,252.000,20,320.000,1,0,30,
113825940000,250.000,5,238.000,30,237.000,29,234.000,49,233.000,20,86.000,1,247.000,30,248.000,29,249.000,49,252.000,20,320.000,1,0,30,
113826066000,250.000,5,238.000,30,237.000,29,234.000,29,233.000,20,86.000,1,247.000,30,248.000,29,249.000,29,252.000,20,320.000,1,0,30,
113826560000,250.000,5,238.000,30,237.000,29,235.000,20,234.000,29,233.000,20,247.000,30,248.000,29,249.000,29,250.000,20,252.000,20,0,30,
113832591000,250.000,5,238.000,30,237.000,29,235.000,20,234.000,9,233.000,20,247.000,30,248.000,29,249.000,9,250.000,20,252.000,20,0,30,
113833658000,250.000,5,238.000,30,237.000,29,235.000,20,234.000,29,233.000,20,247.000,30,248.000,29,249.000,29,250.000,20,252.000,20,0,30,
113834779000,250.000,5,238.000,30,237.000,29,234.000,29,233.000,20,86.000,1,247.000,30,248.000,29,249.000,29,252.000,20,320.000,1,0,30,
113834779000,250.000,5,238.000,30,237.000,29,234.000,49,233.000,20,86.000,1,247.000,30,248.000,29,249.000,49,252.000,20,320.000,1,0,30,
113835274000,250.000,5,238.000,30,237.000,29,234.000,29,233.000,20,86.000,1,247.000,30,248.000,29,249.000,29,252.000,20,320.000,1,0,30,
113835283000,250.000,5,238.000,30,237.000,29,235.000,20,234.000,29,233.000,20,247.000,30,248.000,29,249.000,29,250.000,20,252.000,20,0,30,
113840369000,250.000,5,238.000,30,237.000,9,235.000,20,234.000,29,233.000,20,247.000,30,248.000,29,249.000,29,250.000,20,320.000,1,0,30,
113840369000,250.000,5,238.000,50,237.000,9,235.000,20,234.000,29,233.000,20,247.000,30,248.000,29,249.000,29,250.000,20,253.000,20,0,30,
113840377000,250.000,5,238.000,50,237.000,9,235.000,20,234.000,29,86.000,1,247.000,30,248.000,9,249.000,29,250.000,20,253.000,20,0,30,
113840382000,250.000,5,238.000,50,237.000,9,234.000,29,86.000,1,84.000,3,247.000,30,248.000,9,249.000,29,253.000,20,320.000,1,0,30,
113840382000,250.000,5,238.000,50,237.000,9,236.000,20,234.000,29,86.000,1,247.000,30,248.000,9,249.000,29,251.000,20,253.000,20,0,30,
113840439000,250.000,5,238.000,50,237.000,9,236.000,20,235.000,20,234.000,29,247.000,30,248.000,9,249.000,29,250.000,20,251.000,20,0,30,
113840477000,250.000,5,238.000,50,237.000,9,236.000,20,235.000,20,234.000,29,247.000,30,248.000,9,249.000,20,250.000,20,251.000,20,0,30,
113840477000,250.000,5,238.000,50,237.000,9,236.000,20,235.000,20,234.000,20,247.000,30,248.000,9,249.000,20,250.000,20,251.000,20,0,30,
113840479000,250.000,5,238.000,50,237.000,9,236.000,20,235.000,20,86.000,1,247.000,30,248.000,9,250.000,20,251.000,20,253.000,20,0,30,
113840479000,250.000,5,238.000,50,237.000,9,236.000,20,235.000,20,86.000,1,247.000,30,248.000,9,250.000,20,251.000,29,253.000,20,0,30,
113840479000,250.000,5,238.000,50,237.000,9,236.000,29,235.000,20,86.000,1,247.000,30,248.000,9,250.000,20,251.000,29,253.000,20,0,30,
113840494000,250.000,5,238.000,30,237.000,9,236.000,29,235.000,20,86.000,1,247.000,30,248.000,9,250.000,20,251.000,29,320.000,1,0,30,
113840494000,250.000,5,239.000,20,238.000,30,237.000,9,236.000,29,235.000,20,247.000,30,248.000,9,250.000,20,251.000,29,254.000,20,0,30,
113840495000,250.000,5,239.000,29,238.000,30,237.000,9,236.000,29,235.000,20,247.000,30,248.000,9,250.000,20,251.000,29,254.000,20,0,30,
113840505000,250.000,5,239.000,29,238.000,30,236.000,29,235.000,20,86.000,1,247.000,30,248.000,9,250.000,20,251.000,29,254.000,20,0,30,
113840823000,250.000,5,239.000,29,238.000,30,236.000,49,235.000,20,86.000,1,247.000,30,248.000,9,250.000,20,251.000,49,254.000,20,0,30,
113841359000,250.000,5,239.000,29,238.000,9,236.000,49,235.000,20,86.000,1,247.000,9,248.000,9,250.000,20,251.000,49,254.000,20,0,30,
113841359000,250.000,5,240.000,21,239.000,29,238.000,9,236.000,49,235.000,20,247.000,30,248.000,9,250.000,20,251.000,49,254.000,20,0,30,
113841359000,250.000,5,240.000,21,239.000,29,238.000,9,236.000,49,235.000,20,247.000,30,248.000,9,250.000,29,251.000,49,254.000,20,0,30,
113841359000,250.000,5,240.000,30,239.000,29,238.000,9,236.000,49,235.000,20,247.000,30,248.000,9,250.000,29,251.000,49,254.000,20,0,30,
113841359000,250.000,5,240.000,30,239.000,29,238.000,9,236.000,49,235.000,20,247.000,21,248.000,9,250.000,29,251.000,49,254.000,20,0,30,
113841360000,250.000,5,240.000,30,239.000,29,238.000,9,236.000,49,235.000,20,247.000,30,248.000,9,250.000,29,251.000,49,254.000,20,0,30,
113841505000,250.000,5,240.000,30,239.000,29,236.000,49,235.000,20,86.000,1,247.000,30,248.000,9,250.000,29,251.000,49,254.000,20,0,30,
113841505000,250.000,5,240.000,30,239.000,29,236.000,49,235.000,20,86.000,1,247.000,30,248.000,9,250.000,20,251.000,49,254.000,20,0,30,
113842369000,250.000,5,240.000,30,239.000,9,236.000,49,235.000,20,86.000,1,247.000,30,248.000,9,250.000,20,251.000,49,320.000,1,0,30,
113842369000,250.000,5,240.000,30,239.000,9,238.000,20,236.000,49,235.000,20,247.000,30,248.000,9,250.000,20,251.000,49,253.000,20,0,30,
113842869000,250.000,5,240.000,30,239.000,9,236.000,49,235.000,20,86.000,1,247.000,30,248.000,9,250.000,20,251.000,49,320.000,1,0,30,
113842869000,250.000,5,240.000,30,239.000,29,236.000,49,235.000,20,86.000,1,247.000,30,248.000,9,250.000,20,251.000,49,254.000,20,0,30,
113844105000,250.000,5,240.000,30,239.000,29,236.000,29,235.000,20,86.000,1,247.000,30,248.000,9,250.000,20,251.000,29,254.000,20,0,30,
113844105000,250.000,5,240.000,30,239.000,29,236.000,29,235.000,40,86.000,1,247.000,30,248.000,9,250.000,40,251.000,29,254.000,20,0,30,
113844119000,250.000,5,240.000,30,239.000,9,236.000,29,235.000,40,86.000,1,247.000,30,248.000,9,250.000,40,251.000,29,320.000,1,0,30,
113844119000,250.000,5,240.000,30,239.000,9,238.000,20,236.000,29,235.000,40,247.000,30,248.000,9,250.000,40,251.000,29,253.000,20,0,30,
113844259000,250.000,5,240.000,30,239.000,9,238.000,20,236.000,9,235.000,40,247.000,30,248.000,9,250.000,40,251.000,9,253.000,20,0,30,
113844603000,250.000,5,240.000,30,239.000,9,238.000,20,236.000,9,235.000,20,247.000,30,248.000,9,250.000,20,251.000,9,253.000,20,0,30,
113844614000,250.000,5,240.000,30,239.000,9,238.000,20,236.000,29,235.000,20,247.000,30,248.000,9,250.000,20,251.000,29,253.000,20,0,30,
113845111000,250.000,5,240.000,30,239.000,9,238.000,20,236.000,29,235.000,40,247.000,30,248.000,9,250.000,40,251.000,29,253.000,20,0,30,
113850992000,250.000,5,240.000,30,239.000,9,236.000,29,235.000,40,86.000,1,247.000,30,248.000,9,250.000,40,251.000,29,320.000,1,0,30,
113850992000,250.000,5,240.000,30,239.000,29,236.000,29,235.000,40,86.000,1,247.000,30,248.000,9,250.000,40,251.000,29,254.000,20,0,30,
113851492000,250.000,5,240.000,30,239.000,9,236.000,29,235.000,40,86.000,1,247.000,30,248.000,9,250.000,40,251.000,29,320.000,1,0,30,
113851492000,250.000,5,240.000,30,239.000,9,238.000,20,236.000,29,235.000,40,247.000,30,248.000,9,250.000,40,251.000,29,253.000,20,0,30,
113854992000,250.000,5,240.000,30,239.000,9,236.000,29,235.000,40,86.000,1,247.000,30,248.000,9,250.000,40,251.000,29,320.000,1,0,30,
113854992000,250.000,5,240.000,30,239.000,29,236.000,29,235.000,40,86.000,1,247.000,30,248.000,9,250.000,40,251.000,29,254.000,20,0,30,
113905200000,250.000,5,240.000,30,239.000,29,236.000,29,235.000,20,86.000,1,247.000,30,248.000,9,250.000,20,251.000,29,254.000,20,0,30,
113905301000,250.000,5,240.000,30,239.000,29,236.000,49,235.000,20,86.000,1,247.000,30,248.000,9,250.000,20,251.000,49,254.000,20,0,30,
113908560000,250.000,5,240.000,30,239.000,29,236.000,29,235.000,20,86.000,1,247.000,30,248.000,9,250.000,20,251.000,29,254.000,20,0,30,
113908560000,250.000,5,240.000,30,239.000,29,237.000,20,236.000,29,235.000,20,247.000,30,248.000,9,250.000,20,251.000,29,252.000,20,0,30,
113908623000,250.000,5,240.000,9,239.000,29,237.000,20,236.000,29,235.000,20,247.000,9,248.000,9,250.000,20,251.000,29,252.000,20,0,30,
113908623000,250.000,5,240.000,30,239.000,29,237.000,20,236.000,29,235.000,20,247.000,9,248.000,30,250.000,20,251.000,29,252.000,20,0,30,
113908624000,250.000,5,240.000,30,239.000,29,237.000,20,236.000,29,235.000,20,248.000,30,250.000,20,251.000,29,252.000,20,254.000,20,0,30,
113908624000,250.000,5,240.000,30,239.000,29,237.000,20,236.000,29,235.000,20,248.000,30,250.000,29,251.000,29,252.000,20,254.000,20,0,30,
113908624000,250.000,5,240.000,21,239.000,29,237.000,20,236.000,29,235.000,20,248.000,30,250.000,29,251.000,29,252.000,20,254.000,20,0,30,
113908624000,250.000,5,240.000,30,239.000,29,237.000,20,236.000,29,235.000,20,248.000,30,250.000,29,251.000,29,252.000,20,254.000,20,0,30,
113910790000,250.000,5,240.000,30,239.000,29,236.000,29,235.000,20,86.000,1,248.000,30,250.000,29,251.000,29,254.000,20,320.000,1,0,30,
113910790000,250.000,5,240.000,30,239.000,29,236.000,49,235.000,20,86.000,1,248.000,30,250.000,29,251.000,49,254.000,20,320.000,1,0,30,
113912127000,250.000,5,240.000,30,239.000,29,236.000,29,235.000,20,86.000,1,248.000,30,250.000,29,251.000,29,254.000,20,320.000,1,0,30,
113912127000,250.000,5,240.000,30,239.000,29,237.000,20,236.000,29,235.000,20,248.000,30,250.000,29,251.000,29,252.000,20,254.000,20,0,30,
113912744000,250.000,5,240.000,30,239.000,9,237.000,20,236.000,29,235.000,20,248.000,30,250.000,29,251.000,29,252.000,20,320.000,1,0,30,
113912744000,250.000,5,240.000,50,239.000,9,237.000,20,236.000,29,235.000,20,248.000,30,250.000,29,251.000,29,252.000,20,255.000,20,0,30,
113912868000,250.000,5,240.000,30,239.000,9,237.000,20,236.000,29,235.000,20,248.000,30,250.000,29,251.000,29,252.000,20,320.000,1,0,30,
113912868000,250.000,5,240.000,30,239.000,29,237.000,20,236.000,29,235.000,20,248.000,30,250.000,29,251.000,29,252.000,20,254.000,20,0,30,
113912873000,250.000,5,240.000,30,239.000,29,236.000,29,235.000,20,86.000,1,248.000,30,250.000,29,251.000,29,254.000,20,320.000,1,0,30,
113912873000,250.000,5,240.000,30,239.000,29,236.000,49,235.000,20,86.000,1,248.000,30,250.000,29,251.000,49,254.000,20,320.000,1,0,30,
113912996000,250.000,5,240.000,30,239.000,29,236.000,29,235.000,20,86.000,1,248.000,30,250.000,29,251.000,29,254.000,20,320.000,1,0,30,
113913372000,250.000,5,240.000,30,239.000,29,237.000,20,236.000,29,235.000,20,248.000,30,250.000,29,251.000,29,252.000,20,254.000,20,0,30,
113917082000,250.000,5,240.000,30,239.000,29,236.000,29,235.000,20,86.000,1,248.000,30,250.000,29,251.000,29,254.000,20,320.000,1,0,30,
113917082000,250.000,5,240.000,30,239.000,29,236.000,49,235.000,20,86.000,1,248.000,30,250.000,29,251.000,49,254.000,20,320.000,1,0,30,
113918881000,250.000,5,240.000,30,239.000,29,236.000,29,235.000,20,86.000,1,248.000,30,250.000,29,251.000,29,254.000,20,320.000,1,0,30,
113918881000,250.000,5,240.000,30,239.000,29,237.000,20,236.000,29,235.000,20,248.000,30,250.000,29,251.000,29,252.000,20,254.000,20,0,30,
113919368000,250.000,5,240.000,30,239.000,9,237.000,20,236.000,29,235.000,20,248.000,30,250.000,29,251.000,29,252.000,20,320.000,1,0,30,
113919368000,250.000,5,240.000,50,239.000,9,237.000,20,236.000,29,235.000,20,248.000,30,250.000,29,251.000,29,252.000,20,255.000,20,0,30,
113919744000,250.000,5,240.000,30,239.000,9,237.000,20,236.000,29,235.000,20,248.000,30,250.000,29,251.000,29,252.000,20,320.000,1,0,30,
113919744000,250.000,5,240.000,30,239.000,29,237.000,20,236.000,29,235.000,20,248.000,30,250.000,29,251.000,29,252.000,20,254.000,20,0,30,
113919765000,250.000,5,240.000,30,239.000,29,236.000,29,235.000,20,86.000,1,248.000,30,250.000,29,251.000,29,254.000,20,320.000,1,0,30,
113919765000,250.000,5,240.000,30,239.000,29,236.000,49,235.000,20,86.000,1,248.000,30,250.000,29,251.000,49,254.000,20,320.000,1,0,30,
113919992000,250.000,5,240.000,30,239.000,9,236.000,49,235.000,20,86.000,1,248.000,30,250.000,29,251.000,49,320.000,1,400.000,1,0,30,
113919992000,250.000,5,240.000,30,239.000,9,238.000,20,236.000,49,235.000,20,248.000,30,250.000,29,251.000,49,253.000,20,320.000,1,0,30,
113920990000,250.000,5,240.000,30,239.000,9,238.000,20,236.000,29,235.000,20,248.000,30,250.000,29,251.000,29,253.000,20,320.000,1,0,30,
113920990000,250.000,5,240.000,30,239.000,9,238.000,20,237.000,20,236.000,29,248.000,30,250.000,29,251.000,29,252.000,20,253.000,20,0,30,
113920992000,250.000,5,240.000,30,239.000,9,237.000,20,236.000,29,235.000,20,248.000,30,250.000,29,251.000,29,252.000,20,320.000,1,0,30,
113920992000,250.000,5,240.000,30,239.000,29,237.000,20,236.000,29,235.000,20,248.000,30,250.000,29,251.000,29,252.000,20,254.000,20,0,30,
113921246000,250.000,5,240.000,30,239.000,29,236.000,29,235.000,20,86.000,1,248.000,30,250.000,29,251.000,29,254.000,20,320.000,1,0,30,
113921496000,250.000,5,240.000,30,239.000,29,236.000,49,235.000,20,86.000,1,248.000,30,250.000,29,251.000,49,254.000,20,320.000,1,0,30,
113922220000,250.000,5,240.000,30,239.000,29,236.000,29,235.000,20,86.000,1,248.000,30,250.000,29,251.000,29,254.000,20,320.000,1,0,30,
113922220000,250.000,5,240.000,30,239.000,29,237.000,20,236.000,29,235.000,20,248.000,30,250.000,29,251.000,29,252.000,20,254.000,20,0,30,
113925400000,250.000,5,240.000,30,239.000,29,237.000,20,236.000,9,235.000,20,248.000,30,250.000,29,251.000,9,252.000,20,254.000,20,0,30,
113926116000,250.000,5,240.000,30,239.000,29,237.000,20,236.000,29,235.000,20,248.000,30,250.000,29,251.000,29,252.000,20,254.000,20,0,30,
113927267000,250.000,5,240.000,30,239.000,29,236.000,29,235.000,20,86.000,1,248.000,30,250.000,29,251.000,29,254.000,20,320.000,1,0,30,
113927267000,250.000,5,240.000,30,239.000,29,236.000,49,235.000,20,86.000,1,248.000,30,250.000,29,251.000,49,254.000,20,320.000,1,0,30,
113927391000,250.000,5,240.000,30,239.000,29,236.000,29,235.000,20,86.000,1,248.000,30,250.000,29,251.000,29,254.000,20,320.000,1,0,30,
113927766000,250.000,5,240.000,30,239.000,29,237.000,20,236.000,29,235.000,20,248.000,30,250.000,29,251.000,29,252.000,20,254.000,20,0,30,
113932835000,250.000,5,240.000,9,239.000,29,237.000,20,236.000,29,235.000,20,248.000,9,250.000,29,251.000,29,252.000,20,254.000,20,0,30,
113932835000,250.000,5,240.000,30,239.000,29,237.000,20,236.000,29,235.000,20,248.000,9,249.000,21,250.000,29,251.000,29,252.000,20,0,30,
113932835000,250.000,5,240.000,21,239.000,29,237.000,20,236.000,29,235.000,20,248.000,9,249.000,21,250.000,29,251.000,29,252.000,20,0,30,
113932835000,250.000,5,240.000,21,239.000,29,237.000,20,236.000,29,235.000,20,248.000,9,249.000,30,250.000,29,251.000,29,252.000,20,0,30,
113932835000,250.000,5,240.000,21,239.000,29,237.000,20,236.000,29,235.000,20,249.000,30,250.000,29,251.000,29,252.000,20,254.000,20,0,30,
113932836000,250.000,5,240.000,30,239.000,29,237.000,20,236.000,29,235.000,20,249.000,30,250.000,29,251.000,29,252.000,20,254.000,20,0,30,
113932869000,250.000,5,240.000,30,239.000,9,237.000,20,236.000,29,235.000,20,249.000,30,250.000,29,251.000,29,252.000,20,320.000,1,0,30,
113932869000,250.000,5,240.000,50,239.000,9,237.000,20,236.000,29,235.000,20,249.000,30,250.000,29,251.000,29,252.000,20,255.000,20,0,30,
113932895000,250.000,5,240.000,50,239.000,9,236.000,29,235.000,20,86.000,1,249.000,30,250.000,29,251.000,29,255.000,20,320.000,1,0,30,
113932895000,250.000,5,240.000,50,239.000,9,238.000,20,236.000,29,235.000,20,249.000,30,250.000,29,251.000,29,253.000,20,255.000,20,0,30,
113933324000,250.000,5,240.000,50,239.000,9,238.000,20,236.000,29,235.000,20,249.000,30,250.000,29,251.000,20,253.000,20,255.000,20,0,30,
113933325000,250.000,5,240.000,50,239.000,9,238.000,20,236.000,20,235.000,20,249.000,30,250.000,29,251.000,20,253.000,20,255.000,20,0,30,
113933326000,250.000,5,240.000,50,239.000,9,238.000,29,236.000,20,235.000,20,249.000,30,250.000,29,251.000,20,253.000,20,255.000,20,0,30,
113933368000,250.000,5,240.000,30,239.000,9,238.000,29,236.000,20,235.000,20,249.000,30,250.000,29,251.000,20,253.000,20,320.000,1,0,30,
113933368000,250.000,5,241.000,20,240.000,30,239.000,9,238.000,29,236.000,20,249.000,30,250.000,29,251.000,20,253.000,20,256.000,20,0,30,
113933368000,250.000,5,241.000,29,240.000,30,239.000,9,238.000,29,236.000,20,249.000,30,250.000,29,251.000,20,253.000,20,256.000,20,0,30,
113933503000,250.000,5,241.000,29,240.000,30,239.000,9,238.000,29,236.000,20,249.000,30,250.000,9,251.000,20,253.000,20,256.000,20,0,30,
113933503000,250.000,5,241.000,29,240.000,30,239.000,9,238.000,29,237.000,20,249.000,30,250.000,9,251.000,20,252.000,20,253.000,20,0,30,
113933505000,250.000,5,241.000,29,240.000,30,238.000,29,237.000,20,236.000,20,249.000,30,250.000,9,251.000,20,252.000,20,253.000,20,0,30,
113933868000,250.000,5,241.000,29,240.000,9,238.000,29,237.000,20,236.000,20,249.000,9,250.000,9,251.000,20,252.000,20,253.000,20,0,30,
113933868000,250.000,5,242.000,21,241.000,29,240.000,9,238.000,29,237.000,20,249.000,30,250.000,9,251.000,20,252.000,20,253.000,20,0,30,
113933869000,250.000,5,242.000,21,241.000,29,240.000,9,238.000,29,237.000,20,249.000,30,250.000,9,251.000,29,252.000,20,253.000,20,0,30,
113933869000,250.000,5,242.000,21,241.000,29,240.000,9,238.000,29,237.000,20,249.000,21,250.000,9,251.000,29,252.000,20,253.000,20,0,30,
113933869000,250.000,5,242.000,30,241.000,29,240.000,9,238.000,29,237.000,20,249.000,21,250.000,9,251.000,29,252.000,20,253.000,20,0,30,
113933869000,250.000,5,242.000,30,241.000,29,240.000,9,238.000,29,237.000,20,249.000,30,250.000,9,251.000,29,252.000,20,253.000,20,0,30,
113933873000,250.000,5,242.000,30,241.000,29,240.000,9,238.000,29,237.000,20,249.000,30,250.000,9,251.000,29,252.000,20,253.000,29,0,30,
113934005000,250.000,5,242.000,30,241.000,29,238.000,29,237.000,20,236.000,20,249.000,30,250.000,9,251.000,29,252.000,20,253.000,29,0,30,
113934005000,250.000,5,242.000,30,241.000,29,238.000,29,237.000,20,236.000,20,249.000,30,250.000,9,251.000,20,252.000,20,253.000,29,0,30,
113934176000,250.000,5,242.000,30,241.000,29,238.000,29,237.000,20,86.000,1,249.000,30,250.000,9,252.000,20,253.000,29,256.000,20,0,30,
113936211000,250.000,5,242.000,30,241.000,29,238.000,29,237.000,40,86.000,1,249.000,30,250.000,9,252.000,40,253.000,29,256.000,20,0,30,
113936249000,250.000,5,242.000,30,241.000,29,238.000,9,237.000,40,86.000,1,249.000,30,250.000,9,252.000,40,253.000,9,256.000,20,0,30,
113936249000,250.000,5,242.000,30,241.000,29,238.000,9,237.000,60,86.000,1,249.000,30,250.000,9,252.000,60,253.000,9,256.000,20,0,30,
113937124000,250.000,5,242.000,30,241.000,29,238.000,9,237.000,40,86.000,1,249.000,30,250.000,9,252.000,40,253.000,9,256.000,20,0,30,
113937124000,250.000,5,242.000,30,241.000,29,238.000,29,237.000,40,86.000,1,249.000,30,250.000,9,252.000,40,253.000,29,256.000,20,0,30,
113937492000,250.000,5,242.000,30,241.000,29,238.000,9,237.000,40,86.000,1,249.000,30,250.000,9,252.000,40,253.000,9,256.000,20,0,30,
113937742000,250.000,5,242.000,30,241.000,29,238.000,9,237.000,60,86.000,1,249.000,30,250.000,9,252.000,60,253.000,9,256.000,20,0,30,
113938368000,250.000,5,242.000,30,241.000,9,238.000,9,237.000,60,86.000,1,249.000,30,250.000,9,252.000,60,253.000,9,320.000,1,0,30,
113938368000,250.000,5,242.000,30,241.000,9,240.000,20,238.000,9,237.000,60,249.000,30,250.000,9,252.000,60,253.000,9,255.000,20,0,30,
113939689000,250.000,5,242.000,30,241.000,9,240.000,20,238.000,9,237.000,40,249.000,30,250.000,9,252.000,40,253.000,9,255.000,20,0,30,
113939689000,250.000,5,242.000,30,241.000,9,240.000,20,238.000,29,237.000,40,249.000,30,250.000,9,252.000,40,253.000,29,255.000,20,0,30,
113939938000,250.000,5,242.000,30,241.000,9,240.000,20,238.000,9,237.000,40,249.000,30,250.000,9,252.000,40,253.000,9,255.000,20,0,30,
113940188000,250.000,5,242.000,30,241.000,9,240.000,20,238.000,29,237.000,40,249.000,30,250.000,9,252.000,40,253.000,29,255.000,20,0,30,
113941118000,250.000,5,242.000,30,241.000,9,238.000,29,237.000,40,86.000,1,249.000,30,250.000,9,252.000,40,253.000,29,320.000,1,0,30,
113941118000,250.000,5,242.000,30,241.000,29,238.000,29,237.000,40,86.000,1,249.000,30,250.000,9,252.000,40,253.000,29,256.000,20,0,30,
113941926000,250.000,5,242.000,30,241.000,29,238.000,29,237.000,20,86.000,1,249.000,30,250.000,9,252.000,20,253.000,29,256.000,20,0,30,
113942011000,250.000,5,242.000,9,241.000,29,238.000,29,237.000,20,86.000,1,249.000,9,250.000,9,252.000,20,253.000,29,256.000,20,0,30,
113942011000,250.000,5,242.000,30,241.000,29,238.000,29,237.000,20,86.000,1,249.000,9,250.000,30,252.000,20,253.000,29,256.000,20,0,30,
113942020000,250.000,5,242.000,21,241.000,29,238.000,29,237.000,20,86.000,1,249.000,9,250.000,30,252.000,20,253.000,29,256.000,20,0,30,
113942020000,250.000,5,242.000,21,241.000,29,238.000,29,237.000,20,86.000,1,250.000,30,252.000,20,253.000,29,256.000,20,320.000,1,0,30,
113942020000,250.000,5,242.000,21,241.000,29,238.000,9,237.000,20,86.000,1,250.000,30,252.000,20,253.000,9,256.000,20,320.000,1,0,30,
113942020000,250.000,5,242.000,21,241.000,29,239.000,20,238.000,9,237.000,20,250.000,30,252.000,20,253.000,9,254.000,20,256.000,20,0,30,
113942119000,250.000,5,242.000,21,241.000,9,239.000,20,238.000,9,237.000,20,250.000,30,252.000,20,253.000,9,254.000,20,320.000,1,0,30,
113942119000,250.000,5,242.000,41,241.000,9,239.000,20,238.000,9,237.000,20,250.000,30,252.000,20,253.000,9,254.000,20,257.000,20,0,30,
113942164000,250.000,5,242.000,41,241.000,9,238.000,9,237.000,20,86.000,1,250.000,30,252.000,20,253.000,9,257.000,20,320.000,1,0,30,
113942532000,250.000,5,242.000,41,241.000,9,239.000,20,238.000,9,237.000,20,250.000,30,252.000,20,253.000,9,254.000,20,257.000,20,0,30,
113942836000,250.000,5,242.000,50,241.000,9,239.000,20,238.000,9,237.000,20,250.000,30,252.000,20,253.000,9,254.000,20,257.000,20,0,30,
113945663000,250.000,5,242.000,50,241.000,9,239.000,20,238.000,29,237.000,20,250.000,30,252.000,20,253.000,29,254.000,20,257.000,20,0,30,
113947913000,250.000,5,242.000,50,241.000,9,239.000,20,238.000,29,237.000,20,250.000,30,252.000,20,253.000,20,254.000,20,257.000,20,0,30,
113947913000,250.000,5,242.000,29,241.000,9,239.000,20,238.000,29,237.000,20,250.000,9,252.000,20,253.000,20,254.000,20,257.000,20,0,30,
113947913000,250.000,5,242.000,50,241.000,9,239.000,20,238.000,29,237.000,20,250.000,9,251.000,21,252.000,20,253.000,20,254.000,20,0,30,
113947916000,250.000,5,242.000,50,241.000,9,239.000,20,238.000,20,237.000,20,250.000,9,251.000,21,252.000,20,253.000,20,254.000,20,0,30,
113947916000,250.000,5,242.000,50,241.000,9,239.000,20,238.000,20,86.000,1,250.000,9,251.000,21,253.000,20,254.000,20,257.000,20,0,30,
113947919000,250.000,5,242.000,50,241.000,9,239.000,20,238.000,20,86.000,1,250.000,9,251.000,21,253.000,20,254.000,20,255.000,9,0,30,
113947919000,250.000,5,242.000,50,241.000,9,239.000,20,238.000,20,86.000,1,251.000,21,253.000,20,254.000,20,255.000,9,257.000,20,0,30,
113947919000,250.000,5,242.000,50,241.000,9,239.000,20,238.000,20,86.000,1,251.000,30,253.000,20,254.000,20,255.000,9,257.000,20,0,30,
113947919000,250.000,5,242.000,50,241.000,9,238.000,20,86.000,1,84.000,3,251.000,30,253.000,20,255.000,9,257.000,20,320.000,1,0,30,
113947919000,250.000,5,242.000,50,241.000,9,240.000,20,238.000,20,86.000,1,251.000,30,253.000,20,255.000,29,257.000,20,320.000,1,0,30,
113947996000,250.000,5,242.000,30,241.000,9,240.000,20,238.000,20,86.000,1,251.000,30,253.000,20,255.000,29,320.000,1,400.000,1,0,30,
113947996000,250.000,5,243.000,20,242.000,30,241.000,9,240.000,20,238.000,20,251.000,30,253.000,20,255.000,29,258.000,20,320.000,1,0,30,
113947996000,250.000,5,243.000,29,242.000,30,241.000,9,240.000,20,238.000,20,251.000,30,253.000,20,255.000,29,258.000,20,320.000,1,0,30,
113948006000,250.000,5,243.000,29,242.000,30,241.000,9,240.000,20,239.000,20,251.000,30,253.000,20,254.000,20,255.000,29,258.000,20,0,30,
113948006000,250.000,5,243.000,29,242.000,30,240.000,20,239.000,20,238.000,20,251.000,30,253.000,20,254.000,20,255.000,29,258.000,20,0,30,
113948333000,250.000,5,243.000,29,242.000,30,240.000,29,239.000,20,238.000,20,251.000,30,253.000,20,254.000,20,255.000,29,258.000,20,0,30,
113949002000,250.000,5,243.000,29,242.000,30,240.000,9,239.000,20,238.000,20,251.000,30,253.000,20,254.000,20,255.000,9,258.000,20,0,30,
113949002000,250.000,5,243.000,29,242.000,30,240.000,9,239.000,40,238.000,20,251.000,30,253.000,20,254.000,40,255.000,9,258.000,20,0,30,
113950361000,250.000,5,243.000,29,242.000,30,240.000,9,239.000,20,238.000,20,251.000,30,253.000,20,254.000,20,255.000,9,258.000,20,0,30,
113950361000,250.000,5,243.000,29,242.000,30,240.000,29,239.000,20,238.000,20,251.000,30,253.000,20,254.000,20,255.000,29,258.000,20,0,30,
113951275000,250.000,5,243.000,29,242.000,30,240.000,9,239.000,20,238.000,20,251.000,30,253.000,20,254.000,20,255.000,9,258.000,20,0,30,
113951275000,250.000,5,243.000,29,242.000,30,240.000,9,239.000,40,238.000,20,251.000,30,253.000,20,254.000,40,255.000,9,258.000,20,0,30,
113951369000,250.000,5,243.000,9,242.000,30,240.000,9,239.000,40,238.000,20,251.000,30,253.000,20,254.000,40,255.000,9,320.000,1,0,30,
113951369000,250.000,5,243.000,9,242.000,50,240.000,9,239.000,40,238.000,20,251.000,30,253.000,20,254.000,40,255.000,9,257.000,20,0,30,
113951369000,250.000,5,242.000,50,240.000,9,239.000,40,238.000,20,86.000,1,251.000,30,253.000,20,254.000,40,255.000,9,257.000,20,0,30,
113952775000,250.000,5,242.000,50,240.000,9,239.000,20,238.000,20,86.000,1,251.000,30,253.000,20,254.000,20,255.000,9,257.000,20,0,30,
113952775000,250.000,5,242.000,50,240.000,29,239.000,20,238.000,20,86.000,1,251.000,30,253.000,20,254.000,20,255.000,29,257.000,20,0,30,
113952790000,250.000,5,242.000,50,240.000,29,239.000,20,86.000,1,84.000,3,251.000,30,254.000,20,255.000,29,257.000,20,320.000,1,0,30,
113952868000,250.000,5,242.000,30,240.000,29,239.000,20,86.000,1,84.000,3,251.000,30,254.000,20,255.000,29,320.000,1,400.000,1,0,30,
113952868000,250.000,5,243.000,20,242.000,30,240.000,29,239.000,20,86.000,1,251.000,30,254.000,20,255.000,29,258.000,20,320.000,1,0,30,
113952869000,250.000,5,243.000,29,242.000,30,240.000,29,239.000,20,86.000,1,251.000,30,254.000,20,255.000,29,258.000,20,320.000,1,0,30,
113952901000,250.000,5,243.000,29,242.000,30,240.000,29,239.000,40,86.000,1,251.000,30,254.000,40,255.000,29,258.000,20,320.000,1,0,30,
113954131000,250.000,5,243.000,29,242.000,30,240.000,9,239.000,40,86.000,1,251.000,30,254.000,40,255.000,9,258.000,20,320.000,1,0,30,
113954131000,250.000,5,243.000,29,242.000,30,240.000,9,239.000,60,86.000,1,251.000,30,254.000,60,255.000,9,258.000,20,320.000,1,0,30,
113954247000,250.000,5,243.000,29,242.000,30,240.000,9,239.000,40,86.000,1,251.000,30,254.000,40,255.000,9,258.000,20,320.000,1,0,30,
113954741000,250.000,5,243.000,29,242.000,30,240.000,29,239.000,40,86.000,1,251.000,30,254.000,40,255.000,29,258.000,20,320.000,1,0,30,
113955720000,250.000,5,243.000,29,242.000,30,240.000,9,239.000,40,86.000,1,251.000,30,254.000,40,255.000,9,258.000,20,320.000,1,0,30,
113955720000,250.000,5,243.000,29,242.000,30,240.000,9,239.000,60,86.000,1,251.000,30,254.000,60,255.000,9,258.000,20,320.000,1,0,30,
113955745000,250.000,5,243.000,9,242.000,30,240.000,9,239.000,60,86.000,1,251.000,30,254.000,60,255.000,9,320.000,1,400.000,1,0,30,
113955745000,250.000,5,243.000,9,242.000,50,240.000,9,239.000,60,86.000,1,251.000,30,254.000,60,255.000,9,257.000,20,320.000,1,0,30,
113955745000,250.000,5,242.000,50,240.000,9,239.000,60,86.000,1,84.000,3,251.000,30,254.000,60,255.000,9,257.000,20,320.000,1,0,30,
113957119000,250.000,5,242.000,30,240.000,9,239.000,60,86.000,1,84.000,3,251.000,30,254.000,60,255.000,9,320.000,1,400.000,1,0,30,
113957119000,250.000,5,242.000,30,241.000,20,240.000,9,239.000,60,86.000,1,251.000,30,254.000,60,255.000,9,256.000,20,320.000,1,0,30,
113958868000,250.000,5,242.000,30,240.000,9,239.000,60,86.000,1,84.000,3,251.000,30,254.000,60,255.000,9,320.000,1,400.000,1,0,30,
113958868000,250.000,5,242.000,50,240.000,9,239.000,60,86.000,1,84.000,3,251.000,30,254.000,60,255.000,9,257.000,20,320.000,1,0,30,
114000436000,250.000,5,242.000,50,240.000,9,239.000,40,86.000,1,84.000,3,251.000,30,254.000,40,255.000,9,257.000,20,320.000,1,0,30,
114000494000,250.000,5,242.000,30,240.000,9,239.000,40,86.000,1,84.000,3,251.000,30,254.000,40,255.000,9,320.000,1,400.000,1,0,30,
114000494000,250.000,5,242.000,30,241.000,20,240.000,9,239.000,40,86.000,1,251.000,30,254.000,40,255.000,9,256.000,20,320.000,1,0,30,
114000673000,250.000,5,242.000,30,241.000,20,240.000,9,239.000,40,238.000,20,251.000,30,253.000,20,254.000,40,255.000,9,256.000,20,0,30,
114000795000,250.000,5,242.000,30,241.000,20,240.000,9,239.000,20,238.000,20,251.000,30,253.000,20,254.000,20,255.000,9,256.000,20,0,30,
114000795000,250.000,5,242.000,30,241.000,20,240.000,9,239.000,20,238.000,40,251.000,30,253.000,40,254.000,20,255.000,9,256.000,20,0,30,
114001119000,250.000,5,242.000,30,241.000,20,240.000,9,239.000,20,238.000,40,251.000,30,253.000,40,254.000,20,256.000,20,320.000,1,0,30,
114001121000,250.000,5,242.000,30,241.000,20,240.000,9,239.000,20,238.000,40,251.000,30,253.000,49,254.000,20,256.000,20,320.000,1,0,30,
114001362000,250.000,5,242.000,30,241.000,20,239.000,20,238.000,40,86.000,1,251.000,30,253.000,49,254.000,20,256.000,20,320.000,1,0,30,
114001369000,250.000,5,242.000,30,239.000,20,238.000,40,86.000,1,84.000,3,251.000,30,253.000,49,254.000,20,320.000,1,400.000,1,0,30,
114001369000,250.000,5,242.000,30,240.000,20,239.000,20,238.000,40,86.000,1,251.000,30,253.000,49,254.000,20,255.000,20,320.000,1,0,30,
114001483000,250.000,5,242.000,30,240.000,20,239.000,20,238.000,49,86.000,1,251.000,30,253.000,49,254.000,20,255.000,20,320.000,1,0,30,
114001783000,250.000,5,242.000,9,240.000,20,239.000,20,238.000,49,86.000,1,251.000,9,253.000,49,254.000,20,255.000,20,320.000,1,0,30,
114001783000,250.000,5,242.000,9,241.000,21,240.000,20,239.000,20,238.000,49,251.000,30,253.000,49,254.000,20,255.000,20,320.000,1,0,30,
114001784000,250.000,5,242.000,9,241.000,21,240.000,29,239.000,20,238.000,49,251.000,30,253.000,49,254.000,20,255.000,20,320.000,1,0,30,
114001784000,250.000,5,242.000,9,241.000,21,240.000,29,239.000,20,238.000,49,251.000,30,253.000,58,254.000,20,255.000,20,320.000,1,0,30,
114001784000,250.000,5,241.000,21,240.000,29,239.000,20,238.000,49,86.000,1,251.000,30,253.000,58,254.000,20,255.000,20,320.000,1,0,30,
114001784000,250.000,5,241.000,21,240.000,29,239.000,20,238.000,49,86.000,1,251.000,21,253.000,58,254.000,20,255.000,20,320.000,1,0,30,
114001784000,250.000,5,241.000,30,240.000,29,239.000,20,238.000,49,86.000,1,251.000,21,253.000,58,254.000,20,255.000,20,320.000,1,0,30,
114001784000,250.000,5,241.000,30,240.000,29,239.000,20,238.000,49,86.000,1,251.000,30,253.000,58,254.000,20,255.000,20,320.000,1,0,30,
114001924000,250.000,5,241.000,30,240.000,29,238.000,49,86.000,1,84.000,3,251.000,30,253.000,58,255.000,20,320.000,1,400.000,1,0,30,
114001993000,250.000,5,241.000,30,240.000,9,238.000,49,86.000,1,84.000,3,251.000,30,253.000,58,320.000,1,400.000,1,414.000,1,0,30,
114001993000,250.000,5,241.000,50,240.000,9,238.000,49,86.000,1,84.000,3,251.000,30,253.000,58,256.000,20,320.000,1,400.000,1,0,30,
114002006000,250.000,5,241.000,50,240.000,9,238.000,49,237.000,20,86.000,1,251.000,30,252.000,20,253.000,58,256.000,20,320.000,1,0,30,
114002305000,250.000,5,241.000,50,240.000,9,238.000,29,237.000,20,86.000,1,251.000,30,252.000,20,253.000,38,256.000,20,320.000,1,0,30,
114002305000,250.000,5,241.000,50,240.000,9,239.000,20,238.000,29,237.000,20,251.000,30,252.000,20,253.000,38,254.000,20,256.000,20,0,30,
114002368000,250.000,5,241.000,30,240.000,9,239.000,20,238.000,29,237.000,20,251.000,30,252.000,20,253.000,38,254.000,20,320.000,1,0,30,
114002368000,250.000,5,242.000,20,241.000,30,240.000,9,239.000,20,238.000,29,251.000,30,252.000,20,253.000,38,254.000,20,257.000,20,0,30,
114002784000,250.000,5,242.000,20,241.000,9,240.000,9,239.000,20,238.000,29,251.000,9,252.000,20,253.000,38,254.000,20,257.000,20,0,30,
114002784000,250.000,5,242.000,41,241.000,9,240.000,9,239.000,20,238.000,29,251.000,30,252.000,20,253.000,38,254.000,20,257.000,20,0,30,
114002784000,250.000,5,242.000,41,241.000,9,240.000,9,239.000,20,238.000,29,251.000,30,252.000,29,253.000,38,254.000,20,257.000,20,0,30,
114002784000,250.000,5,242.000,50,241.000,9,240.000,9,239.000,20,238.000,29,251.000,30,252.000,29,253.000,38,254.000,20,257.000,20,0,30,
114002784000,250.000,5,242.000,50,241.000,9,240.000,9,239.000,20,238.000,29,251.000,21,252.000,29,253.000,38,254.000,20,257.000,20,0,30,
114003005000,250.000,5,242.000,50,241.000,9,239.000,20,238.000,29,237.000,20,251.000,21,252.000,29,253.000,38,254.000,20,257.000,20,0,30,
114003337000,250.000,5,242.000,50,241.000,9,239.000,20,238.000,29,86.000,1,251.000,21,252.000,9,253.000,38,254.000,20,257.000,20,0,30,
114003352000,250.000,5,242.000,50,241.000,9,238.000,29,86.000,1,84.000,3,251.000,21,252.000,9,253.000,38,257.000,20,320.000,1,0,30,
114003475000,250.000,5,242.000,50,241.000,9,239.000,20,238.000,29,86.000,1,251.000,21,252.000,9,253.000,38,254.000,20,257.000,20,0,30,
114003500000,250.000,5,242.000,50,241.000,9,239.000,40,238.000,29,86.000,1,251.000,21,252.000,9,253.000,38,254.000,40,257.000,20,0,30,
114003678000,250.000,5,242.000,50,241.000,9,239.000,40,238.000,29,86.000,1,251.000,30,252.000,9,253.000,38,254.000,40,257.000,20,0,30,
114004006000,250.000,5,242.000,50,241.000,9,239.000,40,238.000,29,86.000,1,251.000,30,252.000,9,253.000,29,254.000,40,257.000,20,0,30,
114004993000,250.000,5,242.000,30,241.000,9,239.000,40,238.000,29,86.000,1,251.000,30,252.000,9,253.000,29,254.000,40,320.000,1,0,30,
114004993000,250.000,5,242.000,30,241.000,29,239.000,40,238.000,29,86.000,1,251.000,30,252.000,9,253.000,29,254.000,40,256.000,20,0,30,
114005324000,250.000,5,242.000,30,241.000,29,239.000,20,238.000,29,86.000,1,251.000,30,252.000,9,253.000,29,254.000,20,256.000,20,0,30,
114005324000,250.000,5,242.000,30,241.000,29,239.000,20,238.000,49,86.000,1,251.000,30,252.000,9,253.000,49,254.000,20,256.000,20,0,30,
114009072000,250.000,5,242.000,30,241.000,29,238.000,49,86.000,1,84.000,3,251.000,30,252.000,9,253.000,49,256.000,20,320.000,1,0,30,
114009119000,250.000,5,242.000,30,241.000,9,238.000,49,86.000,1,84.000,3,251.000,30,252.000,9,253.000,49,320.000,1,400.000,1,0,30,
114009119000,250.000,5,242.000,30,241.000,9,240.000,20,238.000,49,86.000,1,251.000,30,252.000,9,253.000,49,255.000,20,320.000,1,0,30,
114009435000,250.000,5,242.000,30,241.000,9,240.000,20,238.000,29,86.000,1,251.000,30,252.000,9,253.000,29,255.000,20,320.000,1,0,30,
114009505000,250.000,5,242.000,30,241.000,9,240.000,20,238.000,29,237.000,20,251.000,30,252.000,29,253.000,29,255.000,20,320.000,1,0,30,
114009599000,250.000,5,242.000,30,241.000,9,240.000,20,238.000,29,237.000,40,251.000,30,252.000,49,253.000,29,255.000,20,320.000,1,0,30,
114009687000,250.000,5,242.000,9,241.000,9,240.000,20,238.000,29,237.000,40,251.000,9,252.000,49,253.000,29,255.000,20,320.000,1,0,30,
114009687000,250.000,5,242.000,9,241.000,30,240.000,20,238.000,29,237.000,40,251.000,30,252.000,49,253.000,29,255.000,20,320.000,1,0,30,
114009687000,250.000,5,241.000,30,240.000,20,238.000,29,237.000,40,86.000,1,251.000,30,252.000,49,253.000,29,255.000,20,320.000,1,0,30,
114009687000,250.000,5,241.000,30,240.000,29,238.000,29,237.000,40,86.000,1,251.000,30,252.000,49,253.000,29,255.000,20,320.000,1,0,30,
114009687000,250.000,5,241.000,30,240.000,29,238.000,29,237.000,40,86.000,1,251.000,21,252.000,49,253.000,29,255.000,20,320.000,1,0,30,
114009687000,250.000,5,241.000,30,240.000,29,238.000,29,237.000,40,86.000,1,251.000,30,252.000,49,253.000,29,255.000,20,320.000,1,0,30,
114010421000,250.000,5,241.000,30,240.000,29,238.000,9,237.000,40,86.000,1,251.000,30,252.000,49,253.000,9,255.000,20,320.000,1,0,30,
114010421000,250.000,5,241.000,30,240.000,29,238.000,9,237.000,60,86.000,1,251.000,30,252.000,69,253.000,9,255.000,20,320.000,1,0,30,
114011798000,250.000,5,241.000,30,240.000,29,238.000,9,237.000,40,86.000,1,251.000,30,252.000,49,253.000,9,255.000,20,320.000,1,0,30,
114011798000,250.000,5,241.000,30,240.000,29,238.000,29,237.000,40,86.000,1,251.000,30,252.000,49,253.000,29,255.000,20,320.000,1,0,30,
114012028000,250.000,5,241.000,30,240.000,29,238.000,9,237.000,40,86.000,1,251.000,30,252.000,49,253.000,9,255.000,20,320.000,1,0,30,
114012030000,250.000,5,241.000,9,240.000,29,238.000,9,237.000,40,86.000,1,251.000,9,252.000,49,253.000,9,255.000,20,320.000,1,0,30,
114012030000,250.000,5,242.000,21,241.000,9,240.000,29,238.000,9,237.000,40,251.000,30,252.000,49,253.000,9,255.000,20,320.000,1,0,30,
114012032000,250.000,5,242.000,21,240.000,29,238.000,9,237.000,40,86.000,1,251.000,30,252.000,49,253.000,9,255.000,20,320.000,1,0,30,
114012032000,250.000,5,242.000,21,240.000,29,238.000,9,237.000,40,86.000,1,251.000,21,252.000,49,253.000,9,255.000,20,320.000,1,0,30,
114012308000,250.000,5,242.000,21,240.000,29,238.000,29,237.000,40,86.000,1,251.000,21,252.000,49,253.000,29,255.000,20,320.000,1,0,30,
114012385000,250.000,5,242.000,30,240.000,29,238.000,29,237.000,40,86.000,1,251.000,21,252.000,49,253.000,29,255.000,20,320.000,1,0,30,
114012385000,250.000,5,242.000,30,240.000,29,238.000,29,237.000,40,86.000,1,251.000,30,252.000,49,253.000,29,255.000,20,320.000,1,0,30,
114012493000,250.000,5,242.000,30,240.000,9,238.000,29,237.000,40,86.000,1,251.000,30,252.000,49,253.000,29,320.000,1,400.000,1,0,30,
114012493000,250.000,5,242.000,30,241.000,20,240.000,9,238.000,29,237.000,40,251.000,30,252.000,49,253.000,29,256.000,20,320.000,1,0,30,
114012920000,250.000,5,242.000,30,241.000,20,240.000,9,238.000,9,237.000,40,251.000,30,252.000,49,253.000,9,256.000,20,320.000,1,0,30,
114012920000,250.000,5,242.000,30,241.000,20,240.000,9,239.000,20,238.000,9,251.000,30,252.000,49,253.000,9,254.000,20,256.000,20,0,30,
114013045000,250.000,5,242.000,30,241.000,20,240.000,9,238.000,9,237.000,40,251.000,30,252.000,49,253.000,9,256.000,20,320.000,1,0,30,
114013543000,250.000,5,242.000,30,241.000,20,240.000,9,238.000,29,237.000,40,251.000,30,252.000,49,253.000,29,256.000,20,320.000,1,0,30,
114014295000,250.000,5,242.000,30,241.000,20,240.000,9,238.000,9,237.000,40,251.000,30,252.000,49,253.000,9,256.000,20,320.000,1,0,30,
114014295000,250.000,5,242.000,30,241.000,20,240.000,9,239.000,20,238.000,9,251.000,30,252.000,49,253.000,9,254.000,20,256.000,20,0,30,
114015250000,250.000,5,242.000,30,241.000,20,240.000,9,239.000,20,238.000,9,251.000,30,252.000,29,253.000,9,254.000,20,256.000,20,0,30,
114015494000,250.000,5,242.000,30,240.000,9,239.000,20,238.000,9,237.000,20,251.000,30,252.000,29,253.000,9,254.000,20,320.000,1,0,30,
114015494000,250.000,5,242.000,50,240.000,9,239.000,20,238.000,9,237.000,20,251.000,30,252.000,29,253.000,9,254.000,20,257.000,20,0,30,
114016721000,250.000,5,242.000,50,240.000,9,239.000,40,238.000,9,237.000,20,251.000,30,252.000,29,253.000,9,254.000,40,257.000,20,0,30,
114018603000,250.000,5,242.000,50,240.000,9,239.000,20,238.000,9,237.000,20,251.000,30,252.000,29,253.000,9,254.000,20,257.000,20,0,30,
114018603000,250.000,5,242.000,50,240.000,9,239.000,20,238.000,29,237.000,20,251.000,30,252.000,29,253.000,29,254.000,20,257.000,20,0,30,
114019186000,250.000,5,242.000,50,240.000,9,238.000,29,237.000,20,86.000,1,251.000,30,252.000,29,253.000,29,257.000,20,320.000,1,0,30,
114019243000,250.000,5,242.000,30,240.000,9,238.000,29,237.000,20,86.000,1,251.000,30,252.000,29,253.000,29,320.000,1,400.000,1,0,30,
114019243000,250.000,5,242.000,30,241.000,20,240.000,9,238.000,29,237.000,20,251.000,30,252.000,29,253.000,29,256.000,20,320.000,1,0,30,
114019311000,250.000,5,242.000,30,241.000,20,240.000,9,238.000,49,237.000,20,251.000,30,252.000,29,253.000,49,256.000,20,320.000,1,0,30,
114025101000,250.000,5,242.000,30,241.000,20,240.000,9,238.000,29,237.000,20,251.000,30,252.000,29,253.000,29,256.000,20,320.000,1,0,30,
114025221000,250.000,5,242.000,30,241.000,20,240.000,9,239.000,20,238.000,29,251.000,30,252.000,29,253.000,29,254.000,20,256.000,20,0,30,
114026468000,250.000,5,242.000,30,241.000,20,240.000,9,238.000,29,237.000,20,251.000,30,252.000,29,253.000,29,256.000,20,320.000,1,0,30,
114026468000,250.000,5,242.000,30,241.000,20,240.000,9,238.000,49,237.000,20,251.000,30,252.000,29,253.000,49,256.000,20,320.000,1,0,30,
114028744000,250.000,5,242.000,30,240.000,9,238.000,49,237.000,20,86.000,1,251.000,30,252.000,29,253.000,49,320.000,1,400.000,1,0,30,
114028744000,250.000,5,242.000,30,240.000,29,238.000,49,237.000,20,86.000,1,251.000,30,252.000,29,253.000,49,255.000,20,320.000,1,0,30,
114029993000,250.000,5,242.000,30,240.000,9,238.000,49,237.000,20,86.000,1,251.000,30,252.000,29,253.000,49,320.000,1,400.000,1,0,30,
114029993000,250.000,5,242.000,30,241.000,20,240.000,9,238.000,49,237.000,20,251.000,30,252.000,29,253.000,49,256.000,20,320.000,1,0,30,
114030992000,250.000,5,242.000,30,241.000,20,240.000,9,238.000,29,237.000,20,251.000,30,252.000,29,253.000,29,256.000,20,320.000,1,0,30,
114030992000,250.000,5,242.000,30,241.000,20,240.000,9,239.000,20,238.000,29,251.000,30,252.000,29,253.000,29,254.000,20,256.000,20,0,30,
114031241000,250.000,5,242.000,30,241.000,20,240.000,9,238.000,29,237.000,20,251.000,30,252.000,29,253.000,29,256.000,20,320.000,1,0,30,
114031491000,250.000,5,242.000,30,241.000,20,240.000,9,239.000,20,238.000,29,251.000,30,252.000,29,253.000,29,254.000,20,256.000,20,0,30,
114031989000,250.000,5,242.000,30,241.000,20,240.000,9,238.000,29,237.000,20,251.000,30,252.000,29,253.000,29,256.000,20,320.000,1,0,30,
114032000000,250.000,5,242.000,30,241.000,20,240.000,9,238.000,49,237.000,20,251.000,30,252.000,29,253.000,49,256.000,20,320.000,1,0,30,
114034298000,250.000,5,242.000,30,241.000,20,240.000,9,238.000,29,237.000,20,251.000,30,252.000,29,253.000,29,256.000,20,320.000,1,0,30,
114034298000,250.000,5,242.000,30,241.000,20,240.000,9,239.000,20,238.000,29,251.000,30,252.000,29,253.000,29,254.000,20,256.000,20,0,30,
114034672000,250.000,5,242.000,30,241.000,20,240.000,9,238.000,29,237.000,20,251.000,30,252.000,29,253.000,29,256.000,20,320.000,1,0,30,
114034797000,250.000,5,242.000,30,241.000,20,240.000,9,238.000,49,237.000,20,251.000,30,252.000,29,253.000,49,256.000,20,320.000,1,0,30,
114039400000,250.000,5,242.000,30,241.000,20,240.000,9,238.000,29,237.000,20,251.000,30,252.000,29,253.000,29,256.000,20,320.000,1,0,30,
114040384000,250.000,5,242.000,30,241.000,20,240.000,9,238.000,49,237.000,20,251.000,30,252.000,29,253.000,49,256.000,20,320.000,1,0,30,
114041869000,250.000,5,242.000,30,240.000,9,238.000,49,237.000,20,86.000,1,251.000,30,252.000,29,253.000,49,320.000,1,400.000,1,0,30,
114041869000,250.000,5,242.000,30,240.000,29,238.000,49,237.000,20,86.000,1,251.000,30,252.000,29,253.000,49,255.000,20,320.000,1,0,30,
114042630000,250.000,5,242.000,30,240.000,29,238.000,29,237.000,20,86.000,1,251.000,30,252.000,29,253.000,29,255.000,20,320.000,1,0,30,
114042630000,250.000,5,242.000,30,240.000,29,238.000,29,237.000,40,86.000,1,251.000,30,252.000,49,253.000,29,255.000,20,320.000,1,0,30,
114042701000,250.000,5,242.000,9,240.000,29,238.000,29,237.000,40,86.000,1,251.000,9,252.000,49,253.000,29,255.000,20,320.000,1,0,30,
114042701000,250.000,5,242.000,9,241.000,21,240.000,29,238.000,29,237.000,40,251.000,30,252.000,49,253.000,29,255.000,20,320.000,1,0,30,
114042701000,250.000,5,242.000,9,241.000,21,240.000,29,238.000,29,237.000,40,251.000,21,252.000,49,253.000,29,255.000,20,320.000,1,0,30,
114042701000,250.000,5,241.000,21,240.000,29,238.000,29,237.000,40,86.000,1,251.000,21,252.000,49,253.000,29,255.000,20,320.000,1,0,30,
114042701000,250.000,5,241.000,30,240.000,29,238.000,29,237.000,40,86.000,1,251.000,21,252.000,49,253.000,29,255.000,20,320.000,1,0,30,
114042702000,250.000,5,241.000,30,240.000,29,238.000,29,237.000,40,86.000,1,251.000,30,252.000,49,253.000,29,255.000,20,320.000,1,0,30,
114043242000,250.000,5,241.000,30,240.000,9,238.000,29,237.000,40,86.000,1,251.000,30,252.000,49,253.000,29,320.000,1,400.000,1,0,30,
114043242000,250.000,5,241.000,30,240.000,9,239.000,20,238.000,29,237.000,40,251.000,30,252.000,49,253.000,29,254.000,20,320.000,1,0,30,
114044084000,250.000,5,241.000,30,240.000,9,239.000,20,238.000,9,237.000,40,251.000,30,252.000,49,253.000,9,254.000,20,320.000,1,0,30,
114046478000,250.000,5,241.000,30,240.000,9,239.000,20,238.000,29,237.000,40,251.000,30,252.000,49,253.000,29,254.000,20,320.000,1,0,30,
114049042000,250.000,5,241.000,30,240.000,9,239.000,20,238.000,29,237.000,20,251.000,30,252.000,29,253.000,29,254.000,20,320.000,1,0,30,
114049042000,250.000,5,241.000,30,240.000,9,239.000,20,238.000,29,237.000,20,251.000,50,252.000,29,253.000,29,254.000,20,320.000,1,0,30,
114049121000,250.000,5,241.000,30,240.000,9,238.000,29,237.000,20,236.000,20,251.000,50,252.000,29,253.000,29,320.000,1,400.000,1,0,30,
114049121000,250.000,5,241.000,30,240.000,9,238.000,49,237.000,20,236.000,20,251.000,50,252.000,29,253.000,49,320.000,1,400.000,1,0,30,
114049704000,250.000,5,241.000,9,240.000,9,238.000,49,237.000,20,236.000,20,251.000,29,252.000,29,253.000,49,320.000,1,400.000,1,0,30,
114049704000,250.000,5,241.000,9,240.000,30,238.000,49,237.000,20,236.000,20,251.000,50,252.000,29,253.000,49,320.000,1,400.000,1,0,30,
114049704000,250.000,5,240.000,30,238.000,49,237.000,20,236.000,20,86.000,1,251.000,50,252.000,29,253.000,49,320.000,1,400.000,1,0,30,
114049704000,250.000,5,240.000,30,238.000,58,237.000,20,236.000,20,86.000,1,251.000,50,252.000,29,253.000,49,320.000,1,400.000,1,0,30,
114052763000,250.000,5,240.000,30,238.000,38,237.000,20,236.000,20,86.000,1,251.000,50,252.000,29,253.000,29,320.000,1,400.000,1,0,30,
114053588000,250.000,5,240.000,30,238.000,38,237.000,40,236.000,20,86.000,1,251.000,50,252.000,49,253.000,29,320.000,1,400.000,1,0,30,
114053728000,250.000,5,240.000,30,238.000,38,237.000,40,86.000,1,84.000,3,251.000,30,252.000,49,253.000,29,320.000,1,400.000,1,0,30,
114053728000,250.000,5,240.000,30,238.000,38,237.000,40,235.000,20,86.000,1,250.000,20,251.000,30,252.000,49,253.000,29,320.000,1,0,30,
114053728000,250.000,5,240.000,30,238.000,38,237.000,40,235.000,20,86.000,1,250.000,29,251.000,30,252.000,49,253.000,29,320.000,1,0,30,
114053901000,250.000,5,240.000,9,238.000,38,237.000,40,235.000,20,86.000,1,250.000,29,251.000,9,252.000,49,253.000,29,320.000,1,0,30,
114053901000,250.000,5,240.000,30,238.000,38,237.000,40,235.000,20,86.000,1,249.000,21,250.000,29,251.000,9,252.000,49,253.000,29,0,30,
114053902000,250.000,5,240.000,21,238.000,38,237.000,40,235.000,20,86.000,1,249.000,21,250.000,29,251.000,9,252.000,49,253.000,29,0,30,
114053902000,250.000,5,240.000,21,238.000,38,237.000,40,235.000,20,86.000,1,249.000,30,250.000,29,251.000,9,252.000,49,253.000,29,0,30,
114053902000,250.000,5,240.000,30,238.000,38,237.000,40,235.000,20,86.000,1,249.000,30,250.000,29,251.000,9,252.000,49,253.000,29,0,30,
114053972000,250.000,5,240.000,30,238.000,38,237.000,40,86.000,1,84.000,3,249.000,30,250.000,9,251.000,9,252.000,49,253.000,29,0,30,
114054006000,250.000,5,240.000,30,238.000,38,237.000,40,86.000,1,84.000,3,249.000,30,250.000,9,252.000,49,253.000,29,320.000,1,0,30,
114054006000,250.000,5,240.000,30,238.000,38,237.000,40,86.000,1,84.000,3,249.000,30,250.000,9,252.000,40,253.000,29,320.000,1,0,30,
114054259000,250.000,5,240.000,30,238.000,38,237.000,40,236.000,20,86.000,1,249.000,30,250.000,9,251.000,20,252.000,40,253.000,29,0,30,
114055886000,250.000,5,240.000,30,238.000,38,237.000,40,86.000,1,84.000,3,249.000,30,250.000,9,252.000,40,253.000,29,320.000,1,0,30,
114056071000,250.000,5,240.000,30,238.000,38,237.000,40,235.000,20,86.000,1,249.000,30,250.000,29,252.000,40,253.000,29,320.000,1,0,30,
114056940000,250.000,5,240.000,30,238.000,38,237.000,40,86.000,1,84.000,3,249.000,30,250.000,9,252.000,40,253.000,29,320.000,1,0,30,
114056940000,250.000,5,240.000,30,238.000,38,237.000,40,234.000,20,86.000,1,249.000,50,250.000,9,252.000,40,253.000,29,320.000,1,0,30,
114057045000,250.000,5,240.000,30,238.000,38,237.000,40,234.000,20,86.000,1,249.000,50,250.000,9,252.000,40,253.000,20,320.000,1,0,30,
114057046000,250.000,5,240.000,30,238.000,38,237.000,40,234.000,20,86.000,1,249.000,50,250.000,9,251.000,9,252.000,40,253.000,20,0,30,
114057118000,250.000,5,240.000,30,238.000,18,237.000,40,234.000,20,86.000,1,249.000,50,250.000,9,251.000,9,252.000,40,320.000,1,0,30,
114057118000,250.000,5,240.000,30,238.000,18,237.000,60,234.000,20,86.000,1,249.000,50,250.000,9,251.000,9,252.000,60,320.000,1,0,30,
114057978000,250.000,5,240.000,30,238.000,18,237.000,60,86.000,1,84.000,3,249.000,30,250.000,9,251.000,9,252.000,60,320.000,1,0,30,
114057978000,250.000,5,240.000,30,238.000,18,237.000,60,235.000,20,86.000,1,249.000,30,250.000,29,251.000,9,252.000,60,320.000,1,0,30,
114057994000,250.000,5,240.000,30,238.000,18,237.000,40,235.000,20,86.000,1,249.000,30,250.000,29,251.000,9,252.000,40,320.000,1,0,30,
114057994000,250.000,5,240.000,30,238.000,38,237.000,40,235.000,20,86.000,1,249.000,30,250.000,29,251.000,9,252.000,40,253.000,20,0,30,
114059635000,250.000,5,240.000,30,238.000,38,237.000,40,86.000,1,84.000,3,249.000,30,250.000,9,251.000,9,252.000,40,253.000,20,0,30,
114059635000,250.000,5,240.000,30,238.000,38,237.000,40,234.000,20,86.000,1,249.000,50,250.000,9,251.000,9,252.000,40,253.000,20,0,30,
114100988000,250.000,5,240.000,30,238.000,38,237.000,40,86.000,1,84.000,3,249.000,30,250.000,9,251.000,9,252.000,40,253.000,20,0,30,
114100988000,250.000,5,240.000,30,238.000,38,237.000,40,235.000,20,86.000,1,249.000,30,250.000,29,251.000,9,252.000,40,253.000,20,0,30,
114100993000,250.000,5,240.000,30,238.000,18,237.000,40,235.000,20,86.000,1,249.000,30,250.000,29,251.000,9,252.000,40,320.000,1,0,30,
114100993000,250.000,5,240.000,30,239.000,20,238.000,18,237.000,40,235.000,20,249.000,30,250.000,29,251.000,9,252.000,40,254.000,20,0,30,
114102439000,250.000,5,240.000,30,239.000,20,238.000,18,237.000,40,86.000,1,249.000,30,250.000,9,251.000,9,252.000,40,254.000,20,0,30,
114102439000,250.000,5,240.000,30,239.000,20,238.000,18,237.000,40,236.000,20,249.000,30,250.000,9,251.000,29,252.000,40,254.000,20,0,30,
114102809000,250.000,5,240.000,9,239.000,20,238.000,18,237.000,40,236.000,20,249.000,9,250.000,9,251.000,29,252.000,40,254.000,20,0,30,
114102810000,250.000,5,241.000,21,240.000,9,239.000,20,238.000,18,237.000,40,249.000,30,250.000,9,251.000,29,252.000,40,254.000,20,0,30,
114102810000,250.000,5,241.000,21,240.000,9,239.000,20,238.000,18,237.000,40,249.000,30,250.000,9,251.000,38,252.000,40,254.000,20,0,30,
114102810000,250.000,5,241.000,21,240.000,9,239.000,29,238.000,18,237.000,40,249.000,30,250.000,9,251.000,38,252.000,40,254.000,20,0,30,
114102810000,250.000,5,241.000,21,239.000,29,238.000,18,237.000,40,236.000,20,249.000,30,250.000,9,251.000,38,252.000,40,254.000,20,0,30,
114102810000,250.000,5,241.000,21,239.000,29,238.000,18,237.000,40,236.000,20,249.000,21,250.000,9,251.000,38,252.000,40,254.000,20,0,30,
114102810000,250.000,5,241.000,30,239.000,29,238.000,18,237.000,40,236.000,20,249.000,21,250.000,9,251.000,38,252.000,40,254.000,20,0,30,
114102810000,250.000,5,241.000,30,239.000,29,238.000,18,237.000,40,236.000,20,249.000,30,250.000,9,251.000,38,252.000,40,254.000,20,0,30,
114103006000,250.000,5,241.000,30,239.000,29,238.000,9,237.000,40,236.000,20,249.000,30,250.000,9,251.000,38,252.000,40,254.000,20,0,30,
114103006000,250.000,5,241.000,30,239.000,29,238.000,9,237.000,40,236.000,20,249.000,30,250.000,9,251.000,29,252.000,40,254.000,20,0,30,
114103199000,250.000,5,241.000,30,239.000,29,238.000,9,237.000,40,86.000,1,249.000,30,250.000,9,251.000,9,252.000,40,254.000,20,0,30,
114103199000,250.000,5,241.000,30,239.000,29,238.000,9,237.000,40,235.000,20,249.000,30,250.000,29,251.000,9,252.000,40,254.000,20,0,30,
114103688000,250.000,5,241.000,30,239.000,29,238.000,9,237.000,40,86.000,1,249.000,30,250.000,9,251.000,9,252.000,40,254.000,20,0,30,
114103698000,250.000,5,241.000,30,239.000,29,238.000,9,237.000,40,236.000,20,249.000,30,250.000,9,251.000,29,252.000,40,254.000,20,0,30,
114108002000,250.000,5,241.000,30,239.000,29,238.000,9,237.000,40,236.000,20,249.000,30,250.000,9,251.000,20,252.000,40,254.000,20,0,30,
114108043000,250.000,5,241.000,30,239.000,29,238.000,9,237.000,40,86.000,1,249.000,30,250.000,9,252.000,40,254.000,20,320.000,1,0,30,
114108043000,250.000,5,241.000,30,239.000,29,238.000,9,237.000,60,86.000,1,249.000,30,250.000,9,252.000,60,254.000,20,320.000,1,0,30,
114108050000,250.000,5,241.000,30,239.000,9,238.000,9,237.000,60,86.000,1,249.000,30,250.000,9,252.000,60,320.000,1,400.000,1,0,30,
114108050000,250.000,5,241.000,30,240.000,20,239.000,9,238.000,9,237.000,60,249.000,30,250.000,9,252.000,60,255.000,20,320.000,1,0,30,
114108120000,250.000,5,241.000,30,240.000,20,239.000,9,238.000,9,237.000,40,249.000,30,250.000,9,252.000,40,255.000,20,320.000,1,0,30,
114108127000,250.000,5,241.000,30,240.000,20,239.000,9,238.000,9,237.000,40,249.000,30,250.000,9,252.000,40,253.000,9,255.000,20,0,30,
114108899000,250.000,5,241.000,30,240.000,20,239.000,9,238.000,9,237.000,20,249.000,30,250.000,9,252.000,20,253.000,9,255.000,20,0,30,
114108899000,250.000,5,241.000,30,240.000,20,239.000,9,238.000,9,237.000,20,249.000,30,250.000,9,251.000,20,252.000,20,253.000,9,0,30,
114108925000,250.000,5,241.000,30,240.000,20,239.000,9,238.000,29,237.000,20,249.000,30,250.000,9,251.000,20,252.000,20,253.000,29,0,30,
114109263000,250.000,5,241.000,30,240.000,20,239.000,9,238.000,29,237.000,20,249.000,30,250.000,9,252.000,20,253.000,29,255.000,20,0,30,
114109513000,250.000,5,241.000,30,240.000,20,239.000,9,238.000,29,237.000,40,249.000,30,250.000,9,252.000,40,253.000,29,255.000,20,0,30,
114110249000,250.000,5,241.000,30,240.000,20,239.000,9,238.000,29,237.000,20,249.000,30,250.000,9,252.000,20,253.000,29,255.000,20,0,30,
114110249000,250.000,5,241.000,30,240.000,20,239.000,9,238.000,29,237.000,20,249.000,30,250.000,9,251.000,20,252.000,20,253.000,29,0,30,
114110873000,250.000,5,241.000,30,240.000,20,239.000,9,238.000,29,237.000,20,249.000,30,250.000,9,252.000,20,253.000,29,255.000,20,0,30,
114110873000,250.000,5,241.000,30,240.000,20,239.000,9,238.000,29,237.000,40,249.000,30,250.000,9,252.000,40,253.000,29,255.000,20,0,30,
114112368000,250.000,5,241.000,30,239.000,9,238.000,29,237.000,40,86.000,1,249.000,30,250.000,9,252.000,40,253.000,29,320.000,1,0,30,
114112368000,250.000,5,241.000,50,239.000,9,238.000,29,237.000,40,86.000,1,249.000,30,250.000,9,252.000,40,253.000,29,256.000,20,0,30,
114117936000,250.000,5,241.000,29,239.000,9,238.000,29,237.000,40,86.000,1,249.000,9,250.000,9,252.000,40,253.000,29,256.000,20,0,30,
114117936000,250.000,5,241.000,50,239.000,9,238.000,29,237.000,40,86.000,1,249.000,9,250.000,30,252.000,40,253.000,29,256.000,20,0,30,
114117937000,250.000,5,241.000,50,239.000,9,238.000,29,237.000,40,86.000,1,249.000,9,250.000,30,252.000,49,253.000,29,256.000,20,0,30,
114117937000,250.000,5,241.000,50,239.000,9,238.000,29,237.000,40,86.000,1,250.000,30,252.000,49,253.000,29,256.000,20,320.000,1,0,30,
114128618000,250.000,5,241.000,30,239.000,9,238.000,29,237.000,40,86.000,1,250.000,30,252.000,49,253.000,29,320.000,1,400.000,1,0,30,
114128618000,250.000,5,241.000,30,240.000,20,239.000,9,238.000,29,237.000,40,250.000,30,252.000,49,253.000,29,255.000,20,320.000,1,0,30,
114128749000,250.000,5,241.000,30,240.000,20,239.000,9,238.000,29,237.000,20,250.000,30,252.000,29,253.000,29,255.000,20,320.000,1,0,30,
114128749000,250.000,5,241.000,30,240.000,20,239.000,9,238.000,29,237.000,20,250.000,30,251.000,20,252.000,29,253.000,29,255.000,20,0,30,
114129000000,250.000,5,241.000,30,240.000,20,239.000,9,238.000,9,237.000,20,250.000,30,251.000,20,252.000,29,253.000,9,255.000,20,0,30,
114129245000,250.000,5,241.000,30,240.000,20,239.000,9,238.000,9,237.000,20,250.000,30,252.000,29,253.000,9,255.000,20,320.000,1,0,30,
114129256000,250.000,5,241.000,30,240.000,20,239.000,9,238.000,9,237.000,40,250.000,30,252.000,49,253.000,9,255.000,20,320.000,1,0,30,
114129362000,250.000,5,241.000,30,240.000,20,239.000,9,238.000,29,237.000,40,250.000,30,252.000,49,253.000,29,255.000,20,320.000,1,0,30,
114135265000,250.000,5,241.000,30,240.000,20,239.000,9,238.000,29,237.000,20,250.000,30,252.000,29,253.000,29,255.000,20,320.000,1,0,30,
114135265000,250.000,5,241.000,30,240.000,20,239.000,9,238.000,29,237.000,20,250.000,30,251.000,20,252.000,29,253.000,29,255.000,20,0,30,
114135724000,250.000,5,241.000,9,240.000,20,239.000,9,238.000,29,237.000,20,250.000,9,251.000,20,252.000,29,253.000,29,255.000,20,0,30,
114135724000,250.000,5,241.000,30,240.000,20,239.000,9,238.000,29,237.000,20,249.000,21,250.000,9,251.000,20,252.000,29,253.000,29,0,30,
114135724000,250.000,5,241.000,30,240.000,20,239.000,9,238.000,29,237.000,20,249.000,21,250.000,9,251.000,29,252.000,29,253.000,29,0,30,
114135724000,250.000,5,241.000,30,240.000,29,239.000,9,238.000,29,237.000,20,249.000,21,250.000,9,251.000,29,252.000,29,253.000,29,0,30,
114135724000,250.000,5,241.000,21,240.000,29,239.000,9,238.000,29,237.000,20,249.000,21,250.000,9,251.000,29,252.000,29,253.000,29,0,30,
114135724000,250.000,5,241.000,21,240.000,29,239.000,9,238.000,29,237.000,20,249.000,30,250.000,9,251.000,29,252.000,29,253.000,29,0,30,
114135724000,250.000,5,241.000,21,240.000,29,239.000,9,238.000,29,237.000,20,249.000,30,251.000,29,252.000,29,253.000,29,255.000,20,0,30,
114135724000,250.000,5,241.000,30,240.000,29,239.000,9,238.000,29,237.000,20,249.000,30,251.000,29,252.000,29,253.000,29,255.000,20,0,30,
114135868000,250.000,5,241.000,30,240.000,9,239.000,9,238.000,29,237.000,20,249.000,30,251.000,29,252.000,29,253.000,29,320.000,1,0,30,
114135868000,250.000,5,241.000,30,240.000,9,239.000,29,238.000,29,237.000,20,249.000,30,251.000,29,252.000,29,253.000,29,254.000,20,0,30,
114136006000,250.000,5,241.000,30,240.000,9,239.000,20,238.000,29,237.000,20,249.000,30,251.000,29,252.000,29,253.000,29,254.000,20,0,30,
114136006000,250.000,5,241.000,30,240.000,9,239.000,20,238.000,29,237.000,20,249.000,30,251.000,29,252.000,20,253.000,29,254.000,20,0,30,
114137601000,250.000,5,241.000,30,240.000,9,239.000,20,238.000,9,237.000,20,249.000,30,251.000,29,252.000,20,253.000,9,254.000,20,0,30,
114137724000,250.000,5,241.000,9,240.000,9,239.000,20,238.000,9,237.000,20,249.000,9,251.000,29,252.000,20,253.000,9,254.000,20,0,30,
114137724000,250.000,5,241.000,9,240.000,30,239.000,20,238.000,9,237.000,20,249.000,30,251.000,29,252.000,20,253.000,9,254.000,20,0,30,
114137725000,250.000,5,241.000,9,240.000,30,239.000,29,238.000,9,237.000,20,249.000,30,251.000,29,252.000,20,253.000,9,254.000,20,0,30,
114137725000,250.000,5,240.000,30,239.000,29,238.000,9,237.000,20,236.000,20,249.000,30,251.000,29,252.000,20,253.000,9,254.000,20,0,30,
114137725000,250.000,5,240.000,30,239.000,29,238.000,9,237.000,20,236.000,20,249.000,21,251.000,29,252.000,20,253.000,9,254.000,20,0,30,
114137725000,250.000,5,240.000,30,239.000,29,238.000,9,237.000,20,236.000,20,249.000,30,251.000,29,252.000,20,253.000,9,254.000,20,0,30,
114138682000,250.000,5,240.000,30,239.000,29,238.000,9,237.000,40,236.000,20,249.000,30,251.000,29,252.000,40,253.000,9,254.000,20,0,30,
114140368000,250.000,5,240.000,30,239.000,9,238.000,9,237.000,40,236.000,20,249.000,30,251.000,29,252.000,40,253.000,9,320.000,1,0,30,
114140368000,250.000,5,240.000,50,239.000,9,238.000,9,237.000,40,236.000,20,249.000,30,251.000,29,252.000,40,253.000,9,255.000,20,0,30,
114142243000,250.000,5,240.000,30,239.000,9,238.000,9,237.000,40,236.000,20,249.000,30,251.000,29,252.000,40,253.000,9,320.000,1,0,30,
114142243000,250.000,5,240.000,30,239.000,29,238.000,9,237.000,40,236.000,20,249.000,30,251.000,29,252.000,40,253.000,9,254.000,20,0,30,
114143494000,250.000,5,240.000,30,239.000,9,238.000,9,237.000,40,236.000,20,249.000,30,251.000,29,252.000,40,253.000,9,320.000,1,0,30,
114143494000,250.000,5,240.000,50,239.000,9,238.000,9,237.000,40,236.000,20,249.000,30,251.000,29,252.000,40,253.000,9,255.000,20,0,30,
114148493000,250.000,5,240.000,30,239.000,9,238.000,9,237.000,40,236.000,20,249.000,30,251.000,29,252.000,40,253.000,9,320.000,1,0,30,
114148493000,250.000,5,240.000,30,239.000,29,238.000,9,237.000,40,236.000,20,249.000,30,251.000,29,252.000,40,253.000,9,254.000,20,0,30,
114158700000,250.000,5,240.000,30,239.000,29,238.000,9,237.000,20,236.000,20,249.000,30,251.000,29,252.000,20,253.000,9,254.000,20,0,30,
114159293000,250.000,5,240.000,30,239.000,29,238.000,9,237.000,40,236.000,20,249.000,30,251.000,29,252.000,40,253.000,9,254.000,20,0,30,
114200070000,250.000,5,240.000,30,239.000,29,238.000,9,237.000,40,236.000,20,249.000,30,251.000,29,252.000,40,254.000,20,320.000,1,0,30,
114200072000,250.000,5,240.000,30,239.000,29,238.000,9,237.000,40,86.000,1,249.000,30,251.000,9,252.000,40,254.000,20,320.000,1,0,30,
114200072000,250.000,5,240.000,30,239.000,29,238.000,9,237.000,40,235.000,20,249.000,30,250.000,20,251.000,9,252.000,40,254.000,20,0,30,
114200072000,250.000,5,240.000,30,239.000,29,238.000,9,237.000,40,235.000,20,249.000,30,250.000,20,251.000,18,252.000,40,254.000,20,0,30,
114200119000,250.000,5,240.000,30,239.000,9,238.000,9,237.000,40,235.000,20,249.000,30,250.000,20,251.000,18,252.000,40,320.000,1,0,30,
114200119000,250.000,5,240.000,30,239.000,9,238.000,29,237.000,40,235.000,20,249.000,30,250.000,20,251.000,18,252.000,40,253.000,20,0,30,
114202926000,250.000,5,240.000,30,239.000,9,238.000,29,237.000,20,235.000,20,249.000,30,250.000,20,251.000,18,252.000,20,253.000,20,0,30,
114203379000,250.000,5,240.000,30,239.000,9,238.000,29,237.000,40,235.000,20,249.000,30,250.000,20,251.000,18,252.000,40,253.000,20,0,30,
114203735000,250.000,5,240.000,9,239.000,9,238.000,29,237.000,40,235.000,20,249.000,9,250.000,20,251.000,18,252.000,40,253.000,20,0,30,
114203735000,250.000,5,240.000,9,239.000,30,238.000,29,237.000,40,235.000,20,249.000,30,250.000,20,251.000,18,252.000,40,253.000,20,0,30,
114203736000,250.000,5,240.000,9,239.000,30,238.000,38,237.000,40,235.000,20,249.000,30,250.000,20,251.000,18,252.000,40,253.000,20,0,30,
114203736000,250.000,5,240.000,9,239.000,30,238.000,38,237.000,40,235.000,20,249.000,30,250.000,29,251.000,18,252.000,40,253.000,20,0,30,
114203736000,250.000,5,240.000,9,239.000,30,238.000,38,237.000,40,235.000,20,249.000,21,250.000,29,251.000,18,252.000,40,253.000,20,0,30,
114203736000,250.000,5,239.000,30,238.000,38,237.000,40,235.000,20,86.000,1,249.000,21,250.000,29,251.000,18,252.000,40,253.000,20,0,30,
114204506000,250.000,5,239.000,30,238.000,38,237.000,40,235.000,20,86.000,1,249.000,30,250.000,29,251.000,18,252.000,40,253.000,20,0,30,
114204736000,250.000,5,239.000,9,238.000,38,237.000,40,235.000,20,86.000,1,249.000,9,250.000,29,251.000,18,252.000,40,253.000,20,0,30,
114204736000,250.000,5,240.000,21,239.000,9,238.000,38,237.000,40,235.000,20,249.000,30,250.000,29,251.000,18,252.000,40,253.000,20,0,30,
114204736000,250.000,5,240.000,21,238.000,38,237.000,40,235.000,20,86.000,1,249.000,30,250.000,29,251.000,18,252.000,40,253.000,20,0,30,
114204736000,250.000,5,240.000,21,238.000,38,237.000,40,235.000,20,86.000,1,249.000,21,250.000,29,251.000,18,252.000,40,253.000,20,0,30,
114204736000,250.000,5,240.000,30,238.000,38,237.000,40,235.000,20,86.000,1,249.000,21,250.000,29,251.000,18,252.000,40,253.000,20,0,30,
114204736000,250.000,5,240.000,30,238.000,38,237.000,40,235.000,20,86.000,1,249.000,30,250.000,29,251.000,18,252.000,40,253.000,20,0,30,
114205005000,250.000,5,240.000,30,238.000,38,237.000,40,235.000,20,86.000,1,249.000,30,250.000,29,251.000,9,252.000,40,253.000,20,0,30,
114205125000,250.000,5,240.000,30,238.000,29,237.000,40,235.000,20,86.000,1,249.000,30,250.000,29,251.000,9,252.000,40,253.000,20,0,30,
114205249000,250.000,5,240.000,30,238.000,29,237.000,40,236.000,9,235.000,20,249.000,30,250.000,29,251.000,9,252.000,40,253.000,20,0,30,
114205736000,250.000,5,240.000,9,238.000,29,237.000,40,236.000,9,235.000,20,249.000,9,250.000,29,251.000,9,252.000,40,253.000,20,0,30,
114205736000,250.000,5,240.000,9,239.000,21,238.000,29,237.000,40,236.000,9,249.000,30,250.000,29,251.000,9,252.000,40,253.000,20,0,30,
114205737000,250.000,5,240.000,9,239.000,21,238.000,29,237.000,40,236.000,9,249.000,21,250.000,29,251.000,9,252.000,40,253.000,20,0,30,
114205737000,250.000,5,239.000,21,238.000,29,237.000,40,236.000,9,235.000,20,249.000,21,250.000,29,251.000,9,252.000,40,253.000,20,0,30,
114205737000,250.000,5,239.000,30,238.000,29,237.000,40,236.000,9,235.000,20,249.000,21,250.000,29,251.000,9,252.000,40,253.000,20,0,30,
114205737000,250.000,5,239.000,30,238.000,29,237.000,40,236.000,9,235.000,20,249.000,30,250.000,29,251.000,9,252.000,40,253.000,20,0,30,
114205795000,250.000,5,239.000,30,238.000,29,237.000,20,236.000,9,235.000,20,249.000,30,250.000,29,251.000,9,252.000,20,253.000,20,0,30,
114205869000,250.000,5,239.000,30,238.000,29,237.000,20,236.000,9,86.000,1,249.000,30,250.000,9,251.000,9,252.000,20,253.000,20,0,30,
114205869000,250.000,5,239.000,30,238.000,29,237.000,20,236.000,9,234.000,20,249.000,50,250.000,9,251.000,9,252.000,20,253.000,20,0,30,
114205993000,250.000,5,239.000,30,238.000,9,237.000,20,236.000,9,234.000,20,249.000,50,250.000,9,251.000,9,252.000,20,320.000,1,0,30,
114205993000,250.000,5,239.000,30,238.000,9,237.000,40,236.000,9,234.000,20,249.000,50,250.000,9,251.000,9,252.000,40,320.000,1,0,30,
114206005000,250.000,5,239.000,30,238.000,9,237.000,40,236.000,9,235.000,20,249.000,50,250.000,29,251.000,9,252.000,40,320.000,1,0,30,
114206741000,250.000,5,239.000,30,238.000,9,237.000,40,236.000,9,235.000,20,249.000,30,250.000,29,251.000,9,252.000,40,320.000,1,0,30,
114206741000,250.000,5,239.000,30,238.000,9,237.000,40,236.000,9,235.000,40,249.000,30,250.000,49,251.000,9,252.000,40,320.000,1,0,30,
114206743000,250.000,5,239.000,30,238.000,9,237.000,20,236.000,9,235.000,40,249.000,30,250.000,49,251.000,9,252.000,20,320.000,1,0,30,
114206743000,250.000,5,239.000,30,238.000,29,237.000,20,236.000,9,235.000,40,249.000,30,250.000,49,251.000,9,252.000,20,253.000,20,0,30,
114223400000,250.000,5,239.000,30,238.000,29,236.000,9,235.000,40,86.000,1,249.000,30,250.000,49,251.000,9,253.000,20,320.000,1,0,30,
114223889000,250.000,5,239.000,30,238.000,29,236.000,29,235.000,40,86.000,1,249.000,30,250.000,49,251.000,29,253.000,20,320.000,1,0,30,
114226618000,250.000,5,239.000,30,238.000,9,236.000,29,235.000,40,86.000,1,249.000,30,250.000,49,251.000,29,320.000,1,400.000,1,0,30,
114226618000,250.000,5,239.000,30,238.000,9,237.000,20,236.000,29,235.000,40,249.000,30,250.000,49,251.000,29,252.000,20,320.000,1,0,30,
114234640000,250.000,5,239.000,30,238.000,9,237.000,20,236.000,29,235.000,20,249.000,30,250.000,29,251.000,29,252.000,20,320.000,1,0,30,
114235376000,250.000,5,239.000,30,238.000,9,237.000,20,236.000,29,235.000,20,249.000,50,250.000,29,251.000,29,252.000,20,320.000,1,0,30,
114238076000,250.000,5,239.000,30,238.000,9,236.000,29,235.000,20,234.000,20,249.000,50,250.000,29,251.000,29,320.000,1,400.000,1,0,30,
114238076000,250.000,5,239.000,30,238.000,29,236.000,29,235.000,20,234.000,20,249.000,50,250.000,29,251.000,29,253.000,20,320.000,1,0,30,
114238229000,250.000,5,239.000,30,238.000,29,236.000,29,235.000,20,86.000,1,249.000,30,250.000,29,251.000,29,253.000,20,320.000,1,0,30,
114238229000,250.000,5,239.000,30,238.000,29,236.000,29,235.000,40,86.000,1,249.000,30,250.000,49,251.000,29,253.000,20,320.000,1,0,30,
114243823000,250.000,5,239.000,30,238.000,29,236.000,29,235.000,20,86.000,1,249.000,30,250.000,29,251.000,29,253.000,20,320.000,1,0,30,
114243823000,250.000,5,239.000,30,238.000,29,236.000,29,235.000,20,234.000,20,249.000,50,250.000,29,251.000,29,253.000,20,320.000,1,0,30,
114243900000,250.000,5,239.000,30,238.000,29,236.000,9,235.000,20,234.000,20,249.000,50,250.000,29,251.000,9,253.000,20,320.000,1,0,30,
114243938000,250.000,5,239.000,30,238.000,29,237.000,20,236.000,9,235.000,20,249.000,50,250.000,29,251.000,9,252.000,20,253.000,20,0,30,
114251375000,250.000,5,239.000,30,238.000,9,237.000,20,236.000,9,235.000,20,249.000,50,250.000,29,251.000,9,252.000,20,320.000,1,0,30,
114251375000,250.000,5,239.000,30,238.000,9,237.000,40,236.000,9,235.000,20,249.000,50,250.000,29,251.000,9,252.000,40,320.000,1,0,30,
114251375000,250.000,5,239.000,30,238.000,9,237.000,40,236.000,9,235.000,20,249.000,30,250.000,29,251.000,9,252.000,40,320.000,1,0,30,
114251375000,250.000,5,239.000,30,238.000,9,237.000,40,236.000,9,235.000,20,248.000,20,249.000,30,250.000,29,251.000,9,252.000,40,0,30,
114251376000,250.000,5,239.000,30,238.000,9,237.000,40,236.000,9,235.000,20,248.000,29,249.000,30,250.000,29,251.000,9,252.000,40,0,30,
114251430000,250.000,5,239.000,30,238.000,9,237.000,20,236.000,9,235.000,20,248.000,29,249.000,30,250.000,29,251.000,9,252.000,20,0,30,
114251494000,250.000,5,239.000,30,238.000,9,236.000,9,235.000,20,233.000,20,248.000,29,249.000,30,250.000,29,251.000,9,320.000,1,0,30,
114251494000,250.000,5,239.000,30,238.000,9,236.000,29,235.000,20,233.000,20,248.000,29,249.000,30,250.000,29,251.000,29,320.000,1,0,30,
114251506000,250.000,5,239.000,30,238.000,9,236.000,29,235.000,20,233.000,20,248.000,29,249.000,30,250.000,20,251.000,29,320.000,1,0,30,
114251612000,250.000,5,239.000,30,238.000,9,236.000,29,235.000,20,86.000,1,248.000,9,249.000,30,250.000,20,251.000,29,320.000,1,0,30,
114251613000,250.000,5,239.000,30,238.000,9,236.000,29,235.000,20,86.000,1,249.000,30,250.000,20,251.000,29,320.000,1,400.000,1,0,30,
114251983000,250.000,5,239.000,30,238.000,9,236.000,29,235.000,20,232.000,20,247.000,20,249.000,30,250.000,20,251.000,29,320.000,1,0,30,
114251983000,250.000,5,239.000,30,238.000,9,236.000,29,235.000,20,232.000,20,247.000,29,249.000,30,250.000,20,251.000,29,320.000,1,0,30,
114252107000,250.000,5,239.000,30,238.000,9,236.000,29,235.000,20,86.000,1,247.000,9,249.000,30,250.000,20,251.000,29,320.000,1,0,30,
114252107000,250.000,5,239.000,30,238.000,9,236.000,29,235.000,20,86.000,1,249.000,30,250.000,20,251.000,29,320.000,1,400.000,1,0,30,
114252415000,250.000,5,239.000,9,238.000,9,236.000,29,235.000,20,86.000,1,249.000,9,250.000,20,251.000,29,320.000,1,400.000,1,0,30,
114252415000,250.000,5,239.000,9,238.000,30,236.000,29,235.000,20,86.000,1,249.000,30,250.000,20,251.000,29,320.000,1,400.000,1,0,30,
114252415000,250.000,5,239.000,9,238.000,30,236.000,29,235.000,20,86.000,1,249.000,30,250.000,29,251.000,29,320.000,1,400.000,1,0,30,
114252415000,250.000,5,239.000,9,238.000,30,236.000,38,235.000,20,86.000,1,249.000,30,250.000,29,251.000,29,320.000,1,400.000,1,0,30,
114252415000,250.000,5,238.000,30,236.000,38,235.000,20,86.000,1,84.000,3,249.000,30,250.000,29,251.000,29,320.000,1,400.000,1,0,30,
114252415000,250.000,5,238.000,30,236.000,38,235.000,20,86.000,1,84.000,3,249.000,21,250.000,29,251.000,29,320.000,1,400.000,1,0,30,
114252540000,250.000,5,238.000,30,236.000,38,235.000,20,233.000,20,86.000,1,248.000,20,249.000,21,250.000,29,251.000,29,320.000,1,0,30,
114252540000,250.000,5,238.000,30,236.000,38,235.000,20,233.000,20,86.000,1,248.000,29,249.000,21,250.000,29,251.000,29,320.000,1,0,30,
114253415000,250.000,5,238.000,9,236.000,38,235.000,20,233.000,20,86.000,1,248.000,29,250.000,29,251.000,29,320.000,1,400.000,1,0,30,
114253415000,250.000,5,238.000,30,236.000,38,235.000,20,233.000,20,86.000,1,247.000,21,248.000,29,250.000,29,251.000,29,320.000,1,0,30,
114253416000,250.000,5,238.000,21,236.000,38,235.000,20,233.000,20,86.000,1,247.000,21,248.000,29,250.000,29,251.000,29,320.000,1,0,30,
114253416000,250.000,5,238.000,21,236.000,38,235.000,20,233.000,20,86.000,1,247.000,30,248.000,29,250.000,29,251.000,29,320.000,1,0,30,
114253416000,250.000,5,238.000,30,236.000,38,235.000,20,233.000,20,86.000,1,247.000,30,248.000,29,250.000,29,251.000,29,320.000,1,0,30,
114253506000,250.000,5,238.000,30,236.000,38,235.000,20,233.000,20,86.000,1,247.000,30,248.000,29,250.000,20,251.000,29,320.000,1,0,30,
114253540000,250.000,5,238.000,30,236.000,38,235.000,20,86.000,1,84.000,3,247.000,30,248.000,9,250.000,20,251.000,29,320.000,1,0,30,
114253540000,250.000,5,238.000,30,236.000,38,235.000,20,232.000,20,86.000,1,247.000,50,248.000,9,250.000,20,251.000,29,320.000,1,0,30,
114253665000,250.000,5,238.000,30,236.000,38,235.000,20,86.000,1,84.000,3,247.000,30,248.000,9,250.000,20,251.000,29,320.000,1,0,30,
114254124000,250.000,5,238.000,30,236.000,38,235.000,20,233.000,20,86.000,1,247.000,30,248.000,29,250.000,20,251.000,29,320.000,1,0,30,
114255033000,250.000,5,238.000,30,236.000,38,235.000,20,86.000,1,84.000,3,247.000,30,248.000,9,250.000,20,251.000,29,320.000,1,0,30,
114255034000,250.000,5,238.000,30,236.000,38,235.000,20,232.000,20,86.000,1,247.000,50,248.000,9,250.000,20,251.000,29,320.000,1,0,30,
114255329000,250.000,5,238.000,30,236.000,38,235.000,40,232.000,20,86.000,1,247.000,50,248.000,9,250.000,40,251.000,29,320.000,1,0,30,
114255351000,250.000,5,238.000,30,236.000,38,235.000,40,232.000,20,86.000,1,247.000,50,248.000,9,250.000,40,251.000,20,320.000,1,0,30,
114255352000,250.000,5,238.000,30,236.000,38,235.000,40,232.000,20,86.000,1,247.000,50,248.000,9,249.000,9,250.000,40,251.000,20,0,30,
114255766000,250.000,5,238.000,30,236.000,38,235.000,40,86.000,1,84.000,3,247.000,30,248.000,9,249.000,9,250.000,40,251.000,20,0,30,
114255766000,250.000,5,238.000,30,236.000,38,235.000,40,233.000,20,86.000,1,247.000,30,248.000,29,249.000,9,250.000,40,251.000,20,0,30,
114255880000,250.000,5,238.000,30,236.000,38,235.000,40,86.000,1,84.000,3,247.000,30,248.000,9,249.000,9,250.000,40,251.000,20,0,30,
114256243000,250.000,5,238.000,30,236.000,18,235.000,40,86.000,1,84.000,3,247.000,30,248.000,9,249.000,9,250.000,40,320.000,1,0,30,
114256243000,250.000,5,238.000,30,236.000,18,235.000,60,86.000,1,84.000,3,247.000,30,248.000,9,249.000,9,250.000,60,320.000,1,0,30,
114256367000,250.000,5,238.000,30,236.000,18,235.000,60,232.000,20,86.000,1,247.000,50,248.000,9,249.000,9,250.000,60,320.000,1,0,30,
114257006000,250.000,5,238.000,9,236.000,18,235.000,60,232.000,20,86.000,1,247.000,29,248.000,9,249.000,9,250.000,60,320.000,1,0,30,
114257006000,250.000,5,238.000,9,237.000,21,236.000,18,235.000,60,232.000,20,247.000,50,248.000,9,249.000,9,250.000,60,320.000,1,0,30,
114257006000,250.000,5,237.000,21,236.000,18,235.000,60,232.000,20,86.000,1,247.000,50,248.000,9,249.000,9,250.000,60,320.000,1,0,30,
114257006000,250.000,5,237.000,30,236.000,18,235.000,60,232.000,20,86.000,1,247.000,50,248.000,9,249.000,9,250.000,60,320.000,1,0,30,
114257868000,250.000,5,237.000,30,236.000,18,235.000,40,232.000,20,86.000,1,247.000,50,248.000,9,249.000,9,250.000,40,320.000,1,0,30,
114257868000,250.000,5,237.000,30,236.000,38,235.000,40,232.000,20,86.000,1,247.000,50,248.000,9,249.000,9,250.000,40,251.000,20,0,30,
114257984000,250.000,5,237.000,30,236.000,38,235.000,40,86.000,1,84.000,3,247.000,30,248.000,9,249.000,9,250.000,40,251.000,20,0,30,
114257984000,250.000,5,237.000,30,236.000,38,235.000,40,233.000,20,86.000,1,247.000,30,248.000,29,249.000,9,250.000,40,251.000,20,0,30,
114258360000,250.000,5,237.000,30,236.000,38,235.000,40,86.000,1,84.000,3,247.000,30,248.000,9,249.000,9,250.000,40,251.000,20,0,30,
114258484000,250.000,5,237.000,30,236.000,38,235.000,40,232.000,20,86.000,1,247.000,50,248.000,9,249.000,9,250.000,40,251.000,20,0,30,
114258870000,250.000,5,237.000,30,236.000,18,235.000,40,232.000,20,86.000,1,247.000,50,248.000,9,249.000,9,250.000,40,320.000,1,0,30,
114258870000,250.000,5,237.000,30,236.000,18,235.000,60,232.000,20,86.000,1,247.000,50,248.000,9,249.000,9,250.000,60,320.000,1,0,30,
114259992000,250.000,5,237.000,30,236.000,9,235.000,60,232.000,20,86.000,1,247.000,50,248.000,9,249.000,9,250.000,60,320.000,1,0,30,
114259993000,250.000,5,237.000,30,236.000,9,235.000,60,234.000,9,232.000,20,247.000,50,248.000,9,249.000,9,250.000,60,320.000,1,0,30,
114315400000,250.000,5,237.000,30,236.000,9,235.000,40,234.000,9,232.000,20,247.000,50,248.000,9,249.000,9,250.000,40,320.000,1,0,30,
114315593000,250.000,5,237.000,30,236.000,9,235.000,40,234.000,9,86.000,1,247.000,30,248.000,9,249.000,9,250.000,40,320.000,1,0,30,
114315593000,250.000,5,237.000,30,236.000,9,235.000,40,234.000,9,231.000,20,246.000,20,247.000,30,248.000,9,249.000,9,250.000,40,0,30,
114315594000,250.000,5,237.000,30,236.000,9,235.000,40,234.000,9,231.000,20,246.000,29,247.000,30,248.000,9,249.000,9,250.000,40,0,30,
114315651000,250.000,5,237.000,30,236.000,9,235.000,60,234.000,9,231.000,20,246.000,29,247.000,30,248.000,9,249.000,9,250.000,60,0,30,
114315766000,250.000,5,237.000,9,236.000,9,235.000,60,234.000,9,231.000,20,246.000,29,247.000,9,248.000,9,249.000,9,250.000,60,0,30,
114315766000,250.000,5,237.000,30,236.000,9,235.000,60,234.000,9,231.000,20,245.000,21,246.000,29,247.000,9,248.000,9,249.000,9,0,30,
114315767000,250.000,5,237.000,21,236.000,9,235.000,60,234.000,9,231.000,20,245.000,21,246.000,29,247.000,9,248.000,9,249.000,9,0,30,
114315767000,250.000,5,237.000,21,236.000,9,235.000,69,234.000,9,231.000,20,245.000,21,246.000,29,247.000,9,248.000,9,249.000,9,0,30,
114315767000,250.000,5,237.000,21,236.000,9,235.000,69,234.000,9,231.000,20,245.000,30,246.000,29,247.000,9,248.000,9,249.000,9,0,30,
114315767000,250.000,5,237.000,30,236.000,9,235.000,69,234.000,9,231.000,20,245.000,30,246.000,29,247.000,9,248.000,9,249.000,9,0,30,
114316005000,250.000,5,237.000,30,236.000,9,235.000,69,234.000,9,231.000,20,245.000,30,246.000,29,248.000,9,249.000,9,250.000,60,0,30,
114316005000,250.000,5,237.000,30,236.000,9,235.000,60,234.000,9,231.000,20,245.000,30,246.000,29,248.000,9,249.000,9,250.000,60,0,30,
114316005000,250.000,5,237.000,30,236.000,9,235.000,60,234.000,9,231.000,20,245.000,30,246.000,29,249.000,9,250.000,60,320.000,1,0,30,
114316218000,250.000,5,237.000,30,236.000,9,235.000,60,234.000,9,86.000,1,245.000,30,246.000,9,249.000,9,250.000,60,320.000,1,0,30,
114316218000,250.000,5,237.000,30,236.000,9,235.000,60,234.000,9,232.000,20,245.000,30,246.000,9,247.000,20,249.000,9,250.000,60,0,30,
114317887000,250.000,5,237.000,30,236.000,9,235.000,60,234.000,9,86.000,1,245.000,30,246.000,9,249.000,9,250.000,60,320.000,1,0,30,
114317887000,250.000,5,237.000,30,236.000,9,235.000,60,234.000,9,231.000,20,245.000,30,246.000,29,249.000,9,250.000,60,320.000,1,0,30,
114320932000,250.000,5,237.000,30,236.000,9,235.000,60,234.000,9,86.000,1,245.000,30,246.000,9,249.000,9,250.000,60,320.000,1,0,30,
114320932000,250.000,5,237.000,30,236.000,9,235.000,60,234.000,9,232.000,20,245.000,30,246.000,9,247.000,20,249.000,9,250.000,60,0,30,
114322502000,250.000,5,237.000,30,236.000,9,235.000,60,234.000,9,86.000,1,245.000,30,246.000,9,249.000,9,250.000,60,320.000,1,0,30,
114322502000,250.000,5,237.000,30,236.000,9,235.000,60,234.000,9,231.000,20,245.000,30,246.000,29,249.000,9,250.000,60,320.000,1,0,30,
114323742000,250.000,5,237.000,30,236.000,9,235.000,60,234.000,9,86.000,1,245.000,30,246.000,9,249.000,9,250.000,60,320.000,1,0,30,
114323742000,250.000,5,237.000,30,236.000,9,235.000,60,234.000,9,232.000,20,245.000,30,246.000,9,247.000,20,249.000,9,250.000,60,0,30,
114324285000,250.000,5,237.000,30,236.000,9,235.000,60,234.000,9,86.000,1,245.000,30,246.000,9,249.000,9,250.000,60,320.000,1,0,30,
114324285000,250.000,5,237.000,30,236.000,9,235.000,60,234.000,9,231.000,20,245.000,30,246.000,29,249.000,9,250.000,60,320.000,1,0,30,
114326086000,250.000,5,237.000,30,236.000,9,235.000,60,234.000,9,86.000,1,245.000,30,246.000,9,249.000,9,250.000,60,320.000,1,0,30,
114326086000,250.000,5,237.000,30,236.000,9,235.000,60,234.000,9,232.000,20,245.000,30,246.000,9,247.000,20,249.000,9,250.000,60,0,30,
114327836000,250.000,5,237.000,30,236.000,9,235.000,60,234.000,9,86.000,1,245.000,30,246.000,9,249.000,9,250.000,60,320.000,1,0,30,
114327836000,250.000,5,237.000,30,236.000,9,235.000,60,234.000,9,231.000,20,245.000,30,246.000,29,249.000,9,250.000,60,320.000,1,0,30,
114332331000,250.000,5,237.000,30,236.000,9,235.000,60,234.000,9,86.000,1,245.000,30,246.000,9,249.000,9,250.000,60,320.000,1,0,30,
114332331000,250.000,5,237.000,30,236.000,9,235.000,60,234.000,9,232.000,20,245.000,30,246.000,9,247.000,20,249.000,9,250.000,60,0,30,
114332774000,250.000,5,237.000,9,236.000,9,235.000,60,234.000,9,232.000,20,245.000,9,246.000,9,247.000,20,249.000,9,250.000,60,0,30,
114332774000,250.000,5,237.000,30,236.000,9,235.000,60,234.000,9,232.000,20,245.000,9,246.000,30,247.000,20,249.000,9,250.000,60,0,30,
114332774000,250.000,5,237.000,30,236.000,9,235.000,69,234.000,9,232.000,20,245.000,9,246.000,30,247.000,20,249.000,9,250.000,60,0,30,
114332774000,250.000,5,237.000,30,236.000,9,235.000,69,234.000,9,232.000,20,245.000,9,246.000,30,247.000,29,249.000,9,250.000,60,0,30,
114332774000,250.000,5,237.000,30,236.000,9,235.000,69,234.000,9,232.000,20,246.000,30,247.000,29,249.000,9,250.000,60,320.000,1,0,30,
114332774000,250.000,5,237.000,21,236.000,9,235.000,69,234.000,9,232.000,20,246.000,30,247.000,29,249.000,9,250.000,60,320.000,1,0,30,
114333102000,250.000,5,237.000,30,236.000,9,235.000,69,234.000,9,232.000,20,246.000,30,247.000,29,249.000,9,250.000,60,320.000,1,0,30,
114333505000,250.000,5,237.000,30,236.000,9,235.000,60,234.000,9,232.000,20,246.000,30,247.000,29,249.000,9,250.000,60,320.000,1,0,30,
114335700000,250.000,5,237.000,30,236.000,9,235.000,40,234.000,9,232.000,20,246.000,30,247.000,29,249.000,9,250.000,40,320.000,1,0,30,
114336011000,250.000,5,237.000,30,236.000,9,235.000,20,234.000,9,232.000,20,246.000,30,247.000,29,249.000,9,250.000,20,320.000,1,0,30,
114336014000,250.000,5,237.000,30,236.000,9,235.000,20,234.000,9,86.000,1,246.000,30,247.000,9,249.000,9,250.000,20,320.000,1,0,30,
114336014000,250.000,5,237.000,30,236.000,9,235.000,20,234.000,9,231.000,20,246.000,50,247.000,9,249.000,9,250.000,20,320.000,1,0,30,
114336114000,250.000,5,237.000,9,236.000,9,235.000,20,234.000,9,231.000,20,246.000,29,247.000,9,249.000,9,250.000,20,320.000,1,0,30,
114336114000,250.000,5,237.000,30,236.000,9,235.000,20,234.000,9,231.000,20,245.000,21,246.000,29,247.000,9,249.000,9,250.000,20,0,30,
114336114000,250.000,5,237.000,21,236.000,9,235.000,20,234.000,9,231.000,20,245.000,21,246.000,29,247.000,9,249.000,9,250.000,20,0,30,
114336119000,250.000,5,237.000,21,236.000,9,234.000,9,231.000,20,86.000,1,245.000,21,246.000,29,247.000,9,249.000,9,320.000,1,0,30,
114336119000,250.000,5,237.000,21,236.000,9,234.000,29,231.000,20,86.000,1,245.000,21,246.000,29,247.000,9,249.000,29,320.000,1,0,30,
114336505000,250.000,5,237.000,21,236.000,9,234.000,29,233.000,20,231.000,20,245.000,21,246.000,29,247.000,9,248.000,20,249.000,29,0,30,
114336555000,250.000,5,237.000,30,236.000,9,234.000,29,233.000,20,231.000,20,245.000,21,246.000,29,247.000,9,248.000,20,249.000,29,0,30,
114336555000,250.000,5,237.000,30,236.000,9,234.000,29,233.000,20,231.000,20,245.000,30,246.000,29,247.000,9,248.000,20,249.000,29,0,30,
114337006000,250.000,5,237.000,30,236.000,9,234.000,29,233.000,20,231.000,20,245.000,30,246.000,29,248.000,20,249.000,29,320.000,1,0,30,
114337569000,250.000,5,237.000,30,236.000,9,234.000,9,233.000,20,231.000,20,245.000,30,246.000,29,248.000,20,249.000,9,320.000,1,0,30,
114337569000,250.000,5,237.000,30,236.000,9,235.000,20,234.000,9,233.000,20,245.000,30,246.000,29,248.000,20,249.000,9,250.000,20,0,30,
114339266000,250.000,5,237.000,30,236.000,9,235.000,20,234.000,9,233.000,20,245.000,30,246.000,9,248.000,20,249.000,9,250.000,20,0,30,
114339266000,250.000,5,237.000,30,236.000,9,235.000,20,234.000,9,233.000,20,245.000,30,246.000,9,247.000,20,248.000,20,249.000,9,0,30,
114339392000,250.000,5,237.000,30,236.000,9,235.000,20,234.000,9,233.000,20,245.000,30,246.000,9,248.000,20,249.000,9,250.000,20,0,30,
114339766000,250.000,5,237.000,30,236.000,9,235.000,20,234.000,9,233.000,20,245.000,30,246.000,29,248.000,20,249.000,9,250.000,20,0,30,
114339988000,250.000,5,237.000,30,236.000,9,235.000,20,234.000,29,233.000,20,245.000,30,246.000,29,248.000,20,249.000,29,250.000,20,0,30,
114340011000,250.000,5,237.000,30,236.000,9,235.000,20,234.000,29,233.000,20,245.000,30,246.000,9,248.000,20,249.000,29,250.000,20,0,30,
114340384000,250.000,5,237.000,30,236.000,9,235.000,20,234.000,29,233.000,20,245.000,30,246.000,9,247.000,20,248.000,20,249.000,29,0,30,
114342257000,250.000,5,237.000,30,236.000,9,235.000,20,234.000,29,233.000,20,245.000,30,246.000,9,248.000,20,249.000,29,250.000,20,0,30,
114342257000,250.000,5,237.000,30,236.000,9,235.000,20,234.000,29,233.000,20,245.000,30,246.000,29,248.000,20,249.000,29,250.000,20,0,30,
114345118000,250.000,5,237.000,30,236.000,9,234.000,29,233.000,20,231.000,20,245.000,30,246.000,29,248.000,20,249.000,29,320.000,1,0,30,
114345118000,250.000,5,237.000,30,236.000,9,234.000,49,233.000,20,231.000,20,245.000,30,246.000,29,248.000,20,249.000,49,320.000,1,0,30,
114345131000,250.000,5,237.000,30,236.000,9,234.000,49,233.000,20,86.000,1,245.000,30,246.000,9,248.000,20,249.000,49,320.000,1,0,30,
114345131000,250.000,5,237.000,30,236.000,9,234.000,49,233.000,20,230.000,20,245.000,50,246.000,9,248.000,20,249.000,49,320.000,1,0,30,
114345319000,250.000,5,237.000,30,236.000,9,234.000,29,233.000,20,230.000,20,245.000,50,246.000,9,248.000,20,249.000,29,320.000,1,0,30,
114345779000,250.000,5,237.000,9,236.000,9,234.000,29,233.000,20,230.000,20,245.000,29,246.000,9,248.000,20,249.000,29,320.000,1,0,30,
114345779000,250.000,5,237.000,9,236.000,30,234.000,29,233.000,20,230.000,20,245.000,50,246.000,9,248.000,20,249.000,29,320.000,1,0,30,
114345780000,250.000,5,237.000,9,236.000,30,234.000,38,233.000,20,230.000,20,245.000,50,246.000,9,248.000,20,249.000,29,320.000,1,0,30,
114345780000,250.000,5,236.000,30,234.000,38,233.000,20,230.000,20,86.000,1,245.000,50,246.000,9,248.000,20,249.000,29,320.000,1,0,30,
114345918000,250.000,5,236.000,30,234.000,38,233.000,40,230.000,20,86.000,1,245.000,50,246.000,9,248.000,40,249.000,29,320.000,1,0,30,
114346743000,250.000,5,236.000,30,234.000,18,233.000,40,230.000,20,86.000,1,245.000,50,246.000,9,248.000,40,249.000,9,320.000,1,0,30,
114346743000,250.000,5,236.000,30,234.000,18,233.000,60,230.000,20,86.000,1,245.000,50,246.000,9,248.000,60,249.000,9,320.000,1,0,30,
114346894000,250.000,5,236.000,30,234.000,18,233.000,60,230.000,20,86.000,1,245.000,50,246.000,9,248.000,60,320.000,1,400.000,1,0,30,
114346895000,250.000,5,236.000,30,234.000,18,233.000,60,230.000,20,86.000,1,245.000,50,246.000,9,247.000,9,248.000,60,320.000,1,0,30,
114346990000,250.000,5,236.000,30,234.000,18,233.000,60,86.000,1,84.000,3,245.000,30,246.000,9,247.000,9,248.000,60,320.000,1,0,30,
114346990000,250.000,5,236.000,30,234.000,18,233.000,60,229.000,20,86.000,1,244.000,20,245.000,30,246.000,9,247.000,9,248.000,60,0,30,
114346991000,250.000,5,236.000,30,234.000,18,233.000,60,229.000,20,86.000,1,244.000,29,245.000,30,246.000,9,247.000,9,248.000,60,0,30,
114347003000,250.000,5,236.000,9,234.000,18,233.000,60,229.000,20,86.000,1,244.000,29,245.000,9,246.000,9,247.000,9,248.000,60,0,30,
114347003000,250.000,5,236.000,30,234.000,18,233.000,60,229.000,20,86.000,1,243.000,21,244.000,29,245.000,9,246.000,9,247.000,9,0,30,
114347003000,250.000,5,236.000,21,234.000,18,233.000,60,229.000,20,86.000,1,243.000,21,244.000,29,245.000,9,246.000,9,247.000,9,0,30,
114347003000,250.000,5,236.000,21,234.000,18,233.000,60,229.000,20,86.000,1,243.000,30,244.000,29,245.000,9,246.000,9,247.000,9,0,30,
114347003000,250.000,5,236.000,30,234.000,18,233.000,60,229.000,20,86.000,1,243.000,30,244.000,29,245.000,9,246.000,9,247.000,9,0,30,
114347006000,250.000,5,236.000,30,234.000,18,233.000,60,229.000,20,86.000,1,243.000,30,244.000,29,246.000,9,247.000,9,248.000,60,0,30,
114347006000,250.000,5,236.000,30,234.000,18,233.000,60,229.000,20,86.000,1,243.000,30,244.000,29,247.000,9,248.000,60,320.000,1,0,30,
114347114000,250.000,5,236.000,30,234.000,18,233.000,60,86.000,1,84.000,3,243.000,30,244.000,9,247.000,9,248.000,60,320.000,1,0,30,
114347491000,250.000,5,236.000,30,234.000,18,233.000,60,229.000,20,86.000,1,243.000,30,244.000,29,247.000,9,248.000,60,320.000,1,0,30,
114347740000,250.000,5,236.000,30,234.000,18,233.000,60,86.000,1,84.000,3,243.000,30,244.000,9,247.000,9,248.000,60,320.000,1,0,30,
114347989000,250.000,5,236.000,30,234.000,18,233.000,60,229.000,20,86.000,1,243.000,30,244.000,29,247.000,9,248.000,60,320.000,1,0,30,
114348132000,250.000,5,236.000,30,234.000,9,233.000,60,229.000,20,86.000,1,243.000,30,244.000,29,247.000,9,248.000,60,320.000,1,0,30,
114348132000,250.000,5,236.000,30,234.000,9,233.000,40,229.000,20,86.000,1,243.000,30,244.000,29,247.000,9,248.000,40,320.000,1,0,30,
114348132000,250.000,5,236.000,30,234.000,9,233.000,40,232.000,20,229.000,20,243.000,30,244.000,29,247.000,29,248.000,40,320.000,1,0,30,
114348133000,250.000,5,236.000,30,234.000,9,233.000,20,232.000,20,229.000,20,243.000,30,244.000,29,247.000,29,248.000,20,320.000,1,0,30,
114348250000,250.000,5,236.000,30,234.000,9,233.000,20,232.000,29,229.000,20,243.000,30,244.000,29,247.000,29,248.000,20,320.000,1,0,30,
114348289000,250.000,5,236.000,30,234.000,9,233.000,40,232.000,29,229.000,20,243.000,30,244.000,29,247.000,29,248.000,40,320.000,1,0,30,
114348502000,250.000,5,236.000,30,234.000,9,233.000,40,232.000,29,86.000,1,243.000,30,244.000,9,247.000,29,248.000,40,320.000,1,0,30,
114348502000,250.000,5,236.000,30,234.000,9,233.000,40,232.000,29,230.000,20,243.000,30,244.000,9,245.000,20,247.000,29,248.000,40,0,30,
114349020000,250.000,5,236.000,30,234.000,9,233.000,40,232.000,29,86.000,1,243.000,30,244.000,9,247.000,29,248.000,40,320.000,1,0,30,
114349225000,250.000,5,236.000,30,234.000,9,233.000,40,232.000,29,229.000,20,243.000,30,244.000,29,247.000,29,248.000,40,320.000,1,0,30,
114349599000,250.000,5,236.000,30,234.000,9,233.000,40,232.000,29,86.000,1,243.000,30,244.000,9,247.000,29,248.000,40,320.000,1,0,30,
114349618000,250.000,5,236.000,30,234.000,9,233.000,40,232.000,9,86.000,1,243.000,30,244.000,9,247.000,9,248.000,40,320.000,1,0,30,
114349618000,250.000,5,236.000,30,234.000,9,233.000,60,232.000,9,86.000,1,243.000,30,244.000,9,247.000,9,248.000,60,320.000,1,0,30,
114349844000,250.000,5,236.000,30,234.000,9,233.000,60,232.000,9,230.000,20,243.000,30,244.000,9,245.000,20,247.000,9,248.000,60,0,30,
114352744000,250.000,5,236.000,30,234.000,9,233.000,40,232.000,9,230.000,20,243.000,30,244.000,9,245.000,20,247.000,9,248.000,40,0,30,
114352744000,250.000,5,236.000,30,234.000,29,233.000,40,232.000,9,230.000,20,243.000,30,244.000,9,245.000,20,247.000,9,248.000,40,0,30,
114352766000,250.000,5,236.000,9,234.000,29,233.000,40,232.000,9,230.000,20,243.000,9,244.000,9,245.000,20,247.000,9,248.000,40,0,30,
114352766000,250.000,5,237.000,21,236.000,9,234.000,29,233.000,40,232.000,9,243.000,9,244.000,30,245.000,20,247.000,9,248.000,40,0,30,
114352767000,250.000,5,237.000,21,236.000,9,234.000,29,233.000,40,232.000,9,244.000,30,245.000,20,247.000,9,248.000,40,249.000,20,0,30,
114352767000,250.000,5,237.000,30,236.000,9,234.000,29,233.000,40,232.000,9,244.000,30,245.000,20,247.000,9,248.000,40,249.000,20,0,30,
114353006000,250.000,5,237.000,30,236.000,9,234.000,20,233.000,40,232.000,9,244.000,30,245.000,20,247.000,9,248.000,40,249.000,20,0,30,
114353783000,250.000,5,237.000,9,236.000,9,234.000,20,233.000,40,232.000,9,244.000,9,245.000,20,247.000,9,248.000,40,249.000,20,0,30,
114353783000,250.000,5,237.000,9,236.000,30,234.000,20,233.000,40,232.000,9,244.000,30,245.000,20,247.000,9,248.000,40,249.000,20,0,30,
114353783000,250.000,5,237.000,9,236.000,30,234.000,29,233.000,40,232.000,9,244.000,30,245.000,20,247.000,9,248.000,40,249.000,20,0,30,
114353783000,250.000,5,237.000,9,236.000,30,234.000,29,233.000,40,232.000,9,244.000,30,245.000,29,247.000,9,248.000,40,249.000,20,0,30,
114353783000,250.000,5,236.000,30,234.000,29,233.000,40,232.000,9,230.000,20,244.000,30,245.000,29,247.000,9,248.000,40,249.000,20,0,30,
114353783000,250.000,5,236.000,30,234.000,29,233.000,40,232.000,9,230.000,20,244.000,21,245.000,29,247.000,9,248.000,40,249.000,20,0,30,
114353783000,250.000,5,236.000,30,234.000,29,233.000,40,232.000,9,230.000,20,244.000,30,245.000,29,247.000,9,248.000,40,249.000,20,0,30,
114354061000,250.000,5,236.000,30,234.000,29,233.000,20,232.000,9,230.000,20,244.000,30,245.000,29,247.000,9,248.000,20,249.000,20,0,30,
114354066000,250.000,5,236.000,30,234.000,29,233.000,20,232.000,9,86.000,1,244.000,30,245.000,9,247.000,9,248.000,20,249.000,20,0,30,
114354066000,250.000,5,236.000,30,234.000,29,233.000,20,232.000,9,231.000,20,244.000,30,245.000,9,246.000,20,247.000,9,248.000,20,0,30,
114354262000,250.000,5,236.000,30,234.000,29,233.000,20,232.000,9,86.000,1,244.000,30,245.000,9,247.000,9,248.000,20,249.000,20,0,30,
114354352000,250.000,5,236.000,9,234.000,29,233.000,20,232.000,9,86.000,1,244.000,9,245.000,9,247.000,9,248.000,20,249.000,20,0,30,
114354352000,250.000,5,236.000,30,234.000,29,233.000,20,232.000,9,86.000,1,244.000,9,245.000,30,247.000,9,248.000,20,249.000,20,0,30,
114354353000,250.000,5,236.000,21,234.000,29,233.000,20,232.000,9,86.000,1,244.000,9,245.000,30,247.000,9,248.000,20,249.000,20,0,30,
114354353000,250.000,5,236.000,21,234.000,29,233.000,20,232.000,9,86.000,1,245.000,30,247.000,9,248.000,20,249.000,20,320.000,1,0,30,
114354368000,250.000,5,236.000,21,234.000,9,233.000,20,232.000,9,86.000,1,245.000,30,247.000,9,248.000,20,320.000,1,400.000,1,0,30,
114354368000,250.000,5,236.000,21,235.000,20,234.000,9,233.000,20,232.000,9,245.000,30,247.000,9,248.000,20,250.000,20,320.000,1,0,30,
114354489000,250.000,5,236.000,30,235.000,20,234.000,9,233.000,20,232.000,9,245.000,30,247.000,9,248.000,20,250.000,20,320.000,1,0,30,
114354639000,250.000,5,236.000,30,235.000,20,234.000,9,233.000,20,232.000,29,245.000,30,247.000,29,248.000,20,250.000,20,320.000,1,0,30,
114354789000,250.000,5,236.000,30,235.000,20,234.000,9,233.000,20,232.000,20,245.000,30,247.000,29,248.000,20,250.000,20,320.000,1,0,30,
114354790000,250.000,5,236.000,30,235.000,20,234.000,9,233.000,20,232.000,20,245.000,30,247.000,20,248.000,20,250.000,20,320.000,1,0,30,
114354790000,250.000,5,236.000,30,235.000,20,234.000,18,233.000,20,232.000,20,245.000,30,247.000,20,248.000,20,250.000,20,320.000,1,0,30,
114354883000,250.000,5,236.000,9,235.000,20,234.000,18,233.000,20,232.000,20,245.000,9,247.000,20,248.000,20,250.000,20,320.000,1,0,30,
114354883000,250.000,5,236.000,30,235.000,20,234.000,18,233.000,20,232.000,20,245.000,9,246.000,21,247.000,20,248.000,20,250.000,20,0,30,
114354884000,250.000,5,236.000,30,235.000,20,234.000,18,233.000,20,232.000,20,245.000,9,246.000,30,247.000,20,248.000,20,250.000,20,0,30,
114354884000,250.000,5,236.000,30,235.000,20,234.000,18,233.000,20,232.000,20,246.000,30,247.000,20,248.000,20,250.000,20,320.000,1,0,30,
114354914000,250.000,5,236.000,30,235.000,20,234.000,18,233.000,20,232.000,20,246.000,30,247.000,20,248.000,20,249.000,9,250.000,20,0,30,
114355138000,250.000,5,236.000,30,235.000,20,234.000,18,233.000,20,86.000,1,246.000,30,248.000,20,249.000,9,250.000,20,320.000,1,0,30,
114355138000,250.000,5,236.000,30,235.000,20,234.000,18,233.000,20,231.000,20,246.000,50,248.000,20,249.000,9,250.000,20,320.000,1,0,30,
114355629000,250.000,5,236.000,30,235.000,20,234.000,18,233.000,20,86.000,1,246.000,30,248.000,20,249.000,9,250.000,20,320.000,1,0,30,
114355639000,250.000,5,236.000,30,235.000,20,234.000,18,233.000,20,232.000,20,246.000,30,247.000,20,248.000,20,249.000,9,250.000,20,0,30,
114355884000,250.000,5,236.000,9,235.000,20,234.000,18,233.000,20,232.000,20,246.000,9,247.000,20,248.000,20,249.000,9,250.000,20,0,30,
114355884000,250.000,5,237.000,21,236.000,9,235.000,20,234.000,18,233.000,20,246.000,30,247.000,20,248.000,20,249.000,9,250.000,20,0,30,
114355884000,250.000,5,237.000,21,235.000,20,234.000,18,233.000,20,232.000,20,246.000,30,247.000,20,248.000,20,249.000,9,250.000,20,0,30,
114355884000,250.000,5,237.000,21,235.000,20,234.000,18,233.000,20,232.000,20,246.000,21,247.000,20,248.000,20,249.000,9,250.000,20,0,30,
114356555000,250.000,5,237.000,21,235.000,20,234.000,18,233.000,20,232.000,20,246.000,30,247.000,20,248.000,20,249.000,9,250.000,20,0,30,
114356555000,250.000,5,237.000,30,235.000,20,234.000,18,233.000,20,232.000,20,246.000,30,247.000,20,248.000,20,249.000,9,250.000,20,0,30,
114357782000,250.000,5,237.000,30,235.000,40,234.000,18,233.000,20,232.000,20,246.000,30,247.000,20,248.000,20,249.000,9,250.000,40,0,30,
114400767000,250.000,5,237.000,30,235.000,40,234.000,18,233.000,20,86.000,1,246.000,30,248.000,20,249.000,9,250.000,40,320.000,1,0,30,
114400767000,250.000,5,237.000,30,235.000,40,234.000,18,233.000,20,231.000,20,246.000,50,248.000,20,249.000,9,250.000,40,320.000,1,0,30,
114403106000,250.000,5,237.000,30,235.000,20,234.000,18,233.000,20,231.000,20,246.000,50,248.000,20,249.000,9,250.000,20,320.000,1,0,30,
114403607000,250.000,5,237.000,30,235.000,20,234.000,38,233.000,20,231.000,20,246.000,50,248.000,20,249.000,29,250.000,20,320.000,1,0,30,
114403992000,250.000,5,237.000,30,234.000,38,233.000,20,231.000,20,86.000,1,246.000,50,248.000,20,249.000,29,320.000,1,400.000,1,0,30,
114403992000,250.000,5,237.000,30,234.000,58,233.000,20,231.000,20,86.000,1,246.000,50,248.000,20,249.000,49,320.000,1,400.000,1,0,30,
114404271000,250.000,5,237.000,30,234.000,38,233.000,20,231.000,20,86.000,1,246.000,50,248.000,20,249.000,29,320.000,1,400.000,1,0,30,
114404366000,250.000,5,237.000,30,234.000,38,233.000,20,86.000,1,84.000,3,246.000,30,248.000,20,249.000,29,320.000,1,400.000,1,0,30,
114404366000,250.000,5,237.000,30,234.000,38,233.000,20,230.000,20,86.000,1,245.000,20,246.000,30,248.000,20,249.000,29,320.000,1,0,30,
114404787000,250.000,5,237.000,9,234.000,38,233.000,20,230.000,20,86.000,1,245.000,20,246.000,9,248.000,20,249.000,29,320.000,1,0,30,
114404787000,250.000,5,237.000,30,234.000,38,233.000,20,230.000,20,86.000,1,244.000,21,245.000,20,246.000,9,248.000,20,249.000,29,0,30,
114404788000,250.000,5,237.000,21,234.000,38,233.000,20,230.000,20,86.000,1,244.000,21,245.000,20,246.000,9,248.000,20,249.000,29,0,30,
114404882000,250.000,5,237.000,21,234.000,58,233.000,20,230.000,20,86.000,1,244.000,21,245.000,20,246.000,9,248.000,20,249.000,49,0,30,
114405788000,250.000,5,234.000,58,233.000,20,230.000,20,86.000,1,84.000,3,245.000,20,246.000,9,248.000,20,249.000,49,320.000,1,0,30,
114405788000,250.000,5,235.000,21,234.000,58,233.000,20,230.000,20,86.000,1,244.000,21,245.000,20,246.000,9,248.000,20,249.000,49,0,30,
114408348000,250.000,5,235.000,21,234.000,58,233.000,20,230.000,20,86.000,1,244.000,30,245.000,20,246.000,9,248.000,20,249.000,49,0,30,
114408348000,250.000,5,235.000,30,234.000,58,233.000,20,230.000,20,86.000,1,244.000,30,245.000,20,246.000,9,248.000,20,249.000,49,0,30,
114413249000,250.000,5,235.000,30,234.000,58,233.000,20,86.000,1,84.000,3,244.000,30,246.000,9,248.000,20,249.000,49,320.000,1,0,30,
114413249000,250.000,5,235.000,30,234.000,58,233.000,20,231.000,20,86.000,1,244.000,30,246.000,29,248.000,20,249.000,49,320.000,1,0,30,
114413493000,250.000,5,235.000,30,234.000,38,233.000,20,231.000,20,86.000,1,244.000,30,246.000,29,248.000,20,249.000,29,320.000,1,0,30,
114413493000,250.000,5,235.000,50,234.000,38,233.000,20,231.000,20,86.000,1,244.000,30,246.000,29,248.000,20,249.000,29,250.000,20,0,30,
114413791000,250.000,5,235.000,29,234.000,38,233.000,20,231.000,20,86.000,1,244.000,9,246.000,29,248.000,20,249.000,29,250.000,20,0,30,
114413791000,250.000,5,235.000,50,234.000,38,233.000,20,231.000,20,86.000,1,244.000,9,245.000,21,246.000,29,248.000,20,249.000,29,0,30,
114413792000,250.000,5,235.000,50,234.000,38,233.000,20,231.000,20,86.000,1,245.000,21,246.000,29,248.000,20,249.000,29,250.000,20,0,30,
114413792000,250.000,5,235.000,50,234.000,38,233.000,20,231.000,20,86.000,1,245.000,30,246.000,29,248.000,20,249.000,29,250.000,20,0,30,
114414237000,250.000,5,235.000,29,234.000,38,233.000,20,231.000,20,86.000,1,245.000,9,246.000,29,248.000,20,249.000,29,250.000,20,0,30,
114414237000,250.000,5,235.000,50,234.000,38,233.000,20,231.000,20,86.000,1,245.000,9,246.000,50,248.000,20,249.000,29,250.000,20,0,30,
114414237000,250.000,5,235.000,50,234.000,38,233.000,20,231.000,20,86.000,1,246.000,50,248.000,20,249.000,29,250.000,20,320.000,1,0,30,
114414350000,250.000,5,235.000,50,234.000,38,233.000,20,86.000,1,84.000,3,246.000,30,248.000,20,249.000,29,250.000,20,320.000,1,0,30,
114414350000,250.000,5,235.000,50,234.000,38,233.000,20,232.000,20,86.000,1,246.000,30,247.000,20,248.000,20,249.000,29,250.000,20,0,30,
114416692000,250.000,5,235.000,50,234.000,18,233.000,20,232.000,20,86.000,1,246.000,30,247.000,20,248.000,20,249.000,9,250.000,20,0,30,
114416743000,250.000,5,235.000,30,234.000,18,233.000,20,232.000,20,86.000,1,246.000,30,247.000,20,248.000,20,249.000,9,320.000,1,0,30,
114416743000,250.000,5,236.000,20,235.000,30,234.000,18,233.000,20,232.000,20,246.000,30,247.000,20,248.000,20,249.000,9,251.000,20,0,30,
114416744000,250.000,5,236.000,29,235.000,30,234.000,18,233.000,20,232.000,20,246.000,30,247.000,20,248.000,20,249.000,9,251.000,20,0,30,
114416792000,250.000,5,236.000,29,235.000,9,234.000,18,233.000,20,232.000,20,246.000,9,247.000,20,248.000,20,249.000,9,251.000,20,0,30,
114416792000,250.000,5,237.000,21,236.000,29,235.000,9,234.000,18,233.000,20,246.000,30,247.000,20,248.000,20,249.000,9,251.000,20,0,30,
114416793000,250.000,5,237.000,21,236.000,29,235.000,9,234.000,18,233.000,20,246.000,30,247.000,29,248.000,20,249.000,9,251.000,20,0,30,
114416793000,250.000,5,237.000,30,236.000,29,235.000,9,234.000,18,233.000,20,246.000,30,247.000,29,248.000,20,249.000,9,251.000,20,0,30,
114416793000,250.000,5,237.000,30,236.000,29,235.000,9,234.000,18,233.000,20,246.000,21,247.000,29,248.000,20,249.000,9,251.000,20,0,30,
114416793000,250.000,5,237.000,30,236.000,29,235.000,9,234.000,18,233.000,20,246.000,30,247.000,29,248.000,20,249.000,9,251.000,20,0,30,
114416834000,250.000,5,237.000,30,236.000,29,235.000,29,234.000,18,233.000,20,246.000,30,247.000,29,248.000,20,249.000,9,250.000,20,0,30,
114417006000,250.000,5,237.000,30,236.000,29,235.000,20,234.000,18,233.000,20,246.000,30,247.000,29,248.000,20,249.000,9,250.000,20,0,30,
114417006000,250.000,5,237.000,30,236.000,29,235.000,20,234.000,9,233.000,20,246.000,30,247.000,29,248.000,20,249.000,9,250.000,20,0,30,
114421027000,250.000,5,237.000,9,236.000,29,235.000,20,234.000,9,233.000,20,246.000,9,247.000,29,248.000,20,249.000,9,250.000,20,0,30,
114421027000,250.000,5,237.000,30,236.000,29,235.000,20,234.000,9,233.000,20,246.000,9,247.000,50,248.000,20,249.000,9,250.000,20,0,30,
114421028000,250.000,5,237.000,30,236.000,29,235.000,20,234.000,9,233.000,20,247.000,50,248.000,20,249.000,9,250.000,20,251.000,20,0,30,
114421505000,250.000,5,237.000,30,236.000,29,235.000,20,234.000,9,232.000,20,247.000,50,249.000,9,250.000,20,251.000,20,320.000,1,0,30,
114421505000,250.000,5,237.000,30,236.000,29,235.000,40,234.000,9,232.000,20,247.000,50,249.000,9,250.000,40,251.000,20,320.000,1,0,30,
114421743000,250.000,5,237.000,30,236.000,9,235.000,40,234.000,9,232.000,20,247.000,50,249.000,9,250.000,40,320.000,1,400.000,1,0,30,
114421743000,250.000,5,237.000,50,236.000,9,235.000,40,234.000,9,232.000,20,247.000,50,249.000,9,250.000,40,252.000,20,320.000,1,0,30,
114422783000,250.000,5,237.000,50,236.000,9,235.000,40,234.000,9,86.000,1,247.000,30,249.000,9,250.000,40,252.000,20,320.000,1,0,30,
114422783000,250.000,5,237.000,50,236.000,9,235.000,40,234.000,9,233.000,20,247.000,30,248.000,20,249.000,9,250.000,40,252.000,20,0,30,
114423273000,250.000,5,237.000,50,236.000,9,235.000,40,234.000,9,86.000,1,247.000,30,249.000,9,250.000,40,252.000,20,320.000,1,0,30,
114423283000,250.000,5,237.000,50,236.000,9,235.000,40,234.000,9,232.000,20,247.000,50,249.000,9,250.000,40,252.000,20,320.000,1,0,30,
114423493000,250.000,5,237.000,30,236.000,9,235.000,40,234.000,9,232.000,20,247.000,50,249.000,9,250.000,40,320.000,1,400.000,1,0,30,
114423493000,250.000,5,237.000,30,236.000,29,235.000,40,234.000,9,232.000,20,247.000,50,249.000,9,250.000,40,251.000,20,320.000,1,0,30,
114425242000,250.000,5,237.000,30,236.000,9,235.000,40,234.000,9,232.000,20,247.000,50,249.000,9,250.000,40,320.000,1,400.000,1,0,30,
114425242000,250.000,5,237.000,50,236.000,9,235.000,40,234.000,9,232.000,20,247.000,50,249.000,9,250.000,40,252.000,20,320.000,1,0,30,
114425270000,250.000,5,237.000,50,236.000,9,235.000,40,234.000,9,86.000,1,247.000,30,249.000,9,250.000,40,252.000,20,320.000,1,0,30,
114425270000,250.000,5,237.000,50,236.000,9,235.000,40,234.000,9,233.000,20,247.000,30,248.000,20,249.000,9,250.000,40,252.000,20,0,30,
114425885000,250.000,5,237.000,50,236.000,9,235.000,40,234.000,9,86.000,1,247.000,30,249.000,9,250.000,40,252.000,20,320.000,1,0,30,
114425885000,250.000,5,237.000,50,236.000,9,235.000,40,234.000,9,232.000,20,247.000,50,249.000,9,250.000,40,252.000,20,320.000,1,0,30,
114427992000,250.000,5,237.000,30,236.000,9,235.000,40,234.000,9,232.000,20,247.000,50,249.000,9,250.000,40,320.000,1,400.000,1,0,30,
114427992000,250.000,5,237.000,30,236.000,29,235.000,40,234.000,9,232.000,20,247.000,50,249.000,9,250.000,40,251.000,20,320.000,1,0,30,
114428717000,250.000,5,237.000,30,236.000,29,235.000,20,234.000,9,232.000,20,247.000,50,249.000,9,250.000,20,251.000,20,320.000,1,0,30,
114428743000,250.000,5,237.000,30,236.000,9,235.000,20,234.000,9,232.000,20,247.000,50,249.000,9,250.000,20,320.000,1,400.000,1,0,30,
114428743000,250.000,5,237.000,50,236.000,9,235.000,20,234.000,9,232.000,20,247.000,50,249.000,9,250.000,20,252.000,20,320.000,1,0,30,
114428756000,250.000,5,237.000,50,236.000,9,235.000,40,234.000,9,232.000,20,247.000,50,249.000,9,250.000,40,252.000,20,320.000,1,0,30,
114428924000,250.000,5,237.000,50,236.000,9,235.000,40,234.000,9,86.000,1,247.000,30,249.000,9,250.000,40,252.000,20,320.000,1,0,30,
114428924000,250.000,5,237.000,50,236.000,9,235.000,40,234.000,9,233.000,20,247.000,30,248.000,20,249.000,9,250.000,40,252.000,20,0,30,
114429023000,250.000,5,237.000,50,236.000,9,235.000,40,234.000,9,233.000,20,247.000,30,248.000,20,250.000,40,252.000,20,320.000,1,0,30,
114429023000,250.000,5,237.000,50,236.000,9,235.000,40,233.000,20,86.000,1,247.000,30,248.000,20,250.000,40,252.000,20,320.000,1,0,30,
114429023000,250.000,5,237.000,50,236.000,9,235.000,40,233.000,20,86.000,1,247.000,30,248.000,20,250.000,40,251.000,9,252.000,20,0,30,
114429023000,250.000,5,237.000,50,236.000,18,235.000,40,233.000,20,86.000,1,247.000,30,248.000,20,250.000,40,251.000,9,252.000,20,0,30,
114430043000,250.000,5,237.000,29,236.000,18,235.000,40,233.000,20,86.000,1,247.000,9,248.000,20,250.000,40,251.000,9,252.000,20,0,30,
114430043000,250.000,5,237.000,50,236.000,18,235.000,40,233.000,20,86.000,1,247.000,9,248.000,41,250.000,40,251.000,9,252.000,20,0,30,
114430043000,250.000,5,237.000,50,236.000,18,235.000,40,233.000,20,86.000,1,248.000,41,250.000,40,251.000,9,252.000,20,320.000,1,0,30,
114430043000,250.000,5,237.000,50,236.000,18,235.000,40,233.000,20,86.000,1,248.000,50,250.000,40,251.000,9,252.000,20,320.000,1,0,30,
114431043000,250.000,5,237.000,29,236.000,18,235.000,40,233.000,20,86.000,1,248.000,29,250.000,40,251.000,9,252.000,20,320.000,1,0,30,
114431043000,250.000,5,237.000,50,236.000,18,235.000,40,233.000,20,86.000,1,247.000,21,248.000,29,250.000,40,251.000,9,252.000,20,0,30,
114431051000,250.000,5,237.000,50,236.000,18,235.000,40,86.000,1,84.000,3,247.000,21,248.000,9,250.000,40,251.000,9,252.000,20,0,30,
114431051000,250.000,5,237.000,50,236.000,18,235.000,40,232.000,20,86.000,1,247.000,41,248.000,9,250.000,40,251.000,9,252.000,20,0,30,
114431605000,250.000,5,237.000,50,236.000,18,235.000,40,232.000,20,86.000,1,247.000,50,248.000,9,250.000,40,251.000,9,252.000,20,0,30,
114432908000,250.000,5,237.000,50,236.000,18,235.000,40,86.000,1,84.000,3,247.000,30,248.000,9,250.000,40,251.000,9,252.000,20,0,30,
114432908000,250.000,5,237.000,50,236.000,18,235.000,40,233.000,20,86.000,1,247.000,30,248.000,29,250.000,40,251.000,9,252.000,20,0,30,
114436028000,250.000,5,237.000,29,236.000,18,235.000,40,233.000,20,86.000,1,247.000,9,248.000,29,250.000,40,251.000,9,252.000,20,0,30,
114436028000,250.000,5,237.000,50,236.000,18,235.000,40,233.000,20,86.000,1,247.000,9,248.000,50,250.000,40,251.000,9,252.000,20,0,30,
114436029000,250.000,5,237.000,50,236.000,18,235.000,40,233.000,20,86.000,1,248.000,50,250.000,40,251.000,9,252.000,20,320.000,1,0,30,
114438332000,250.000,5,237.000,50,236.000,18,235.000,40,86.000,1,84.000,3,248.000,30,250.000,40,251.000,9,252.000,20,320.000,1,0,30,
114438332000,250.000,5,237.000,50,236.000,18,235.000,40,234.000,20,86.000,1,248.000,30,249.000,20,250.000,40,251.000,9,252.000,20,0,30,
114438360000,250.000,5,237.000,30,236.000,18,235.000,40,234.000,20,86.000,1,248.000,30,249.000,20,250.000,40,251.000,9,320.000,1,0,30,
114438360000,250.000,5,238.000,20,237.000,30,236.000,18,235.000,40,234.000,20,248.000,30,249.000,20,250.000,40,251.000,9,253.000,20,0,30,
114438360000,250.000,5,238.000,29,237.000,30,236.000,18,235.000,40,234.000,20,248.000,30,249.000,20,250.000,40,251.000,9,253.000,20,0,30,
114438506000,250.000,5,238.000,29,237.000,30,236.000,9,235.000,40,234.000,20,248.000,30,249.000,20,250.000,40,251.000,9,253.000,20,0,30,
114438704000,250.000,5,238.000,29,237.000,30,236.000,9,235.000,20,234.000,20,248.000,30,249.000,20,250.000,20,251.000,9,253.000,20,0,30,
114438802000,250.000,5,238.000,29,237.000,9,236.000,9,235.000,20,234.000,20,248.000,9,249.000,20,250.000,20,251.000,9,253.000,20,0,30,
114438802000,250.000,5,239.000,21,238.000,29,237.000,9,236.000,9,235.000,20,248.000,9,249.000,41,250.000,20,251.000,9,253.000,20,0,30,
114438802000,250.000,5,239.000,21,238.000,29,237.000,9,236.000,9,235.000,20,248.000,9,249.000,50,250.000,20,251.000,9,253.000,20,0,30,
114438802000,250.000,5,239.000,30,238.000,29,237.000,9,236.000,9,235.000,20,248.000,9,249.000,50,250.000,20,251.000,9,253.000,20,0,30,
114438802000,250.000,5,239.000,30,238.000,29,237.000,9,236.000,9,235.000,20,249.000,50,250.000,20,251.000,9,253.000,20,320.000,1,0,30,
114439006000,250.000,5,239.000,30,238.000,29,236.000,9,235.000,20,234.000,20,249.000,50,250.000,20,251.000,9,253.000,20,320.000,1,0,30,
114439802000,250.000,5,239.000,9,238.000,29,236.000,9,235.000,20,234.000,20,249.000,29,250.000,20,251.000,9,253.000,20,320.000,1,0,30,
114439802000,250.000,5,239.000,30,238.000,29,236.000,9,235.000,20,234.000,20,248.000,21,249.000,29,250.000,20,251.000,9,253.000,20,0,30,
114439803000,250.000,5,239.000,21,238.000,29,236.000,9,235.000,20,234.000,20,248.000,21,249.000,29,250.000,20,251.000,9,253.000,20,0,30,
114440193000,250.000,5,239.000,21,238.000,29,236.000,9,235.000,20,234.000,20,248.000,30,249.000,29,250.000,20,251.000,9,253.000,20,0,30,
114440193000,250.000,5,239.000,30,238.000,29,236.000,9,235.000,20,234.000,20,248.000,30,249.000,29,250.000,20,251.000,9,253.000,20,0,30,
114441512000,250.000,5,239.000,30,238.000,29,236.000,29,235.000,20,234.000,20,248.000,30,249.000,29,250.000,20,251.000,29,253.000,20,0,30,
114444994000,250.000,5,239.000,30,238.000,9,236.000,29,235.000,20,234.000,20,248.000,30,249.000,29,250.000,20,251.000,29,320.000,1,0,30,
114444994000,250.000,5,239.000,50,238.000,9,236.000,29,235.000,20,234.000,20,248.000,30,249.000,29,250.000,20,251.000,29,254.000,20,0,30,
114445118000,250.000,5,239.000,30,238.000,9,236.000,29,235.000,20,234.000,20,248.000,30,249.000,29,250.000,20,251.000,29,320.000,1,0,30,
114445118000,250.000,5,239.000,30,238.000,29,236.000,29,235.000,20,234.000,20,248.000,30,249.000,29,250.000,20,251.000,29,253.000,20,0,30,
114448430000,250.000,5,239.000,30,238.000,29,236.000,29,235.000,20,86.000,1,248.000,30,249.000,9,250.000,20,251.000,29,253.000,20,0,30,
114448430000,250.000,5,239.000,30,238.000,29,236.000,29,235.000,20,233.000,20,248.000,50,249.000,9,250.000,20,251.000,29,253.000,20,0,30,
114449269000,250.000,5,239.000,30,238.000,29,236.000,29,235.000,20,86.000,1,248.000,30,249.000,9,250.000,20,251.000,29,253.000,20,0,30,
114449269000,250.000,5,239.000,30,238.000,29,236.000,29,235.000,20,234.000,20,248.000,30,249.000,29,250.000,20,251.000,29,253.000,20,0,30,
114449389000,250.000,5,239.000,30,238.000,29,236.000,29,235.000,20,86.000,1,248.000,30,249.000,9,250.000,20,251.000,29,253.000,20,0,30,
114449888000,250.000,5,239.000,30,238.000,29,236.000,29,235.000,20,233.000,20,248.000,50,249.000,9,250.000,20,251.000,29,253.000,20,0,30,
114451518000,250.000,5,239.000,30,238.000,29,236.000,9,235.000,20,233.000,20,248.000,50,249.000,9,250.000,20,251.000,9,253.000,20,0,30,
114451618000,250.000,5,239.000,30,238.000,9,236.000,9,235.000,20,233.000,20,248.000,50,249.000,9,250.000,20,251.000,9,320.000,1,0,30,
114451618000,250.000,5,239.000,30,238.000,9,237.000,20,236.000,9,235.000,20,248.000,50,249.000,9,250.000,20,251.000,9,252.000,20,0,30,
114452618000,250.000,5,239.000,30,238.000,9,236.000,9,235.000,20,233.000,20,248.000,50,249.000,9,250.000,20,251.000,9,320.000,1,0,30,
114452618000,250.000,5,239.000,30,238.000,29,236.000,9,235.000,20,233.000,20,248.000,50,249.000,9,250.000,20,251.000,9,253.000,20,0,30,
114452631000,250.000,5,239.000,30,238.000,29,236.000,9,235.000,20,86.000,1,248.000,30,249.000,9,250.000,20,251.000,9,253.000,20,0,30,
114452631000,250.000,5,239.000,30,238.000,29,236.000,9,235.000,20,234.000,20,248.000,30,249.000,29,250.000,20,251.000,9,253.000,20,0,30,
114452764000,250.000,5,239.000,30,238.000,29,236.000,29,235.000,20,234.000,20,248.000,30,249.000,29,250.000,20,251.000,29,253.000,20,0,30,
114454373000,250.000,5,239.000,30,238.000,29,236.000,29,235.000,20,86.000,1,248.000,30,249.000,9,250.000,20,251.000,29,253.000,20,0,30,
114454373000,250.000,5,239.000,30,238.000,29,236.000,29,235.000,20,233.000,20,248.000,50,249.000,9,250.000,20,251.000,29,253.000,20,0,30,
114455107000,250.000,5,239.000,30,238.000,29,236.000,29,235.000,20,86.000,1,248.000,30,249.000,9,250.000,20,251.000,29,253.000,20,0,30,
114455107000,250.000,5,239.000,30,238.000,29,236.000,29,235.000,20,234.000,20,248.000,30,249.000,29,250.000,20,251.000,29,253.000,20,0,30,
114455484000,250.000,5,239.000,30,238.000,29,236.000,29,235.000,20,86.000,1,248.000,30,249.000,9,250.000,20,251.000,29,253.000,20,0,30,
114455607000,250.000,5,239.000,30,238.000,29,236.000,29,235.000,20,233.000,20,248.000,50,249.000,9,250.000,20,251.000,29,253.000,20,0,30,
114458993000,250.000,5,239.000,30,238.000,9,236.000,29,235.000,20,233.000,20,248.000,50,249.000,9,250.000,20,251.000,29,320.000,1,0,30,
114458993000,250.000,5,239.000,30,238.000,9,237.000,20,236.000,29,235.000,20,248.000,50,249.000,9,250.000,20,251.000,29,252.000,20,0,30,
114500133000,250.000,5,239.000,30,238.000,9,237.000,20,236.000,9,235.000,20,248.000,50,249.000,9,250.000,20,251.000,9,252.000,20,0,30,
114500248000,250.000,5,239.000,30,238.000,9,237.000,20,236.000,9,235.000,20,248.000,30,249.000,9,250.000,20,251.000,9,252.000,20,0,30,
114500248000,250.000,5,239.000,30,238.000,9,237.000,20,236.000,9,235.000,20,247.000,20,248.000,30,249.000,9,250.000,20,251.000,9,0,30,
114500249000,250.000,5,239.000,30,238.000,9,237.000,20,236.000,9,235.000,20,247.000,29,248.000,30,249.000,9,250.000,20,251.000,9,0,30,
114500390000,250.000,5,239.000,30,238.000,9,237.000,20,236.000,9,235.000,40,247.000,29,248.000,30,249.000,9,250.000,40,251.000,9,0,30,
114500506000,250.000,5,239.000,30,238.000,9,237.000,20,236.000,9,235.000,40,247.000,29,248.000,30,250.000,40,251.000,9,252.000,20,0,30,
114500677000,250.000,5,239.000,30,238.000,9,236.000,9,235.000,40,232.000,20,247.000,29,248.000,30,250.000,40,251.000,9,320.000,1,0,30,
114500677000,250.000,5,239.000,30,238.000,9,236.000,29,235.000,40,232.000,20,247.000,29,248.000,30,250.000,40,251.000,29,320.000,1,0,30,
114500694000,250.000,5,239.000,30,238.000,9,236.000,29,235.000,20,232.000,20,247.000,29,248.000,30,250.000,20,251.000,29,320.000,1,0,30,
114500811000,250.000,5,239.000,9,238.000,9,236.000,29,235.000,20,232.000,20,247.000,29,248.000,9,250.000,20,251.000,29,320.000,1,0,30,
114500811000,250.000,5,239.000,30,238.000,9,236.000,29,235.000,20,232.000,20,246.000,21,247.000,29,248.000,9,250.000,20,251.000,29,0,30,
114501117000,250.000,5,239.000,30,238.000,9,236.000,29,235.000,20,232.000,20,246.000,30,247.000,29,248.000,9,250.000,20,251.000,29,0,30,
114501317000,250.000,5,239.000,30,238.000,9,236.000,29,235.000,20,86.000,1,246.000,30,247.000,9,248.000,9,250.000,20,251.000,29,0,30,
114501317000,250.000,5,239.000,30,238.000,9,236.000,29,235.000,20,231.000,20,246.000,50,247.000,9,248.000,9,250.000,20,251.000,29,0,30,
114501505000,250.000,5,239.000,30,238.000,9,236.000,29,235.000,20,231.000,20,246.000,50,247.000,9,250.000,20,251.000,29,320.000,1,0,30,
114501567000,250.000,5,239.000,30,238.000,9,236.000,29,235.000,20,86.000,1,246.000,30,247.000,9,250.000,20,251.000,29,320.000,1,0,30,
114501643000,250.000,5,239.000,30,238.000,9,236.000,29,235.000,40,86.000,1,246.000,30,247.000,9,250.000,40,251.000,29,320.000,1,0,30,
114501916000,250.000,5,239.000,30,238.000,9,236.000,29,235.000,40,232.000,20,246.000,30,247.000,29,250.000,40,251.000,29,320.000,1,0,30,
114502040000,250.000,5,239.000,30,238.000,9,236.000,29,235.000,40,86.000,1,246.000,30,247.000,9,250.000,40,251.000,29,320.000,1,0,30,
114502066000,250.000,5,239.000,30,238.000,9,236.000,9,235.000,40,86.000,1,246.000,30,247.000,9,250.000,40,251.000,9,320.000,1,0,30,
114502066000,250.000,5,239.000,30,238.000,9,237.000,20,236.000,9,235.000,40,246.000,30,247.000,9,250.000,40,251.000,9,252.000,20,0,30,
114502067000,250.000,5,239.000,30,238.000,9,237.000,20,236.000,9,235.000,20,246.000,30,247.000,9,250.000,20,251.000,9,252.000,20,0,30,
114502448000,250.000,5,239.000,30,238.000,9,237.000,20,236.000,9,235.000,20,246.000,30,247.000,9,248.000,20,250.000,20,251.000,9,0,30,
114502812000,250.000,5,239.000,9,238.000,9,237.000,20,236.000,9,235.000,20,246.000,9,247.000,9,248.000,20,250.000,20,251.000,9,0,30,
114502812000,250.000,5,239.000,30,238.000,9,237.000,20,236.000,9,235.000,20,246.000,9,247.000,30,248.000,20,250.000,20,251.000,9,0,30,
114502813000,250.000,5,239.000,21,238.000,9,237.000,20,236.000,9,235.000,20,246.000,9,247.000,30,248.000,20,250.000,20,251.000,9,0,30,
114502813000,250.000,5,239.000,21,238.000,9,237.000,20,236.000,9,235.000,20,247.000,30,248.000,20,250.000,20,251.000,9,252.000,20,0,30,
114502953000,250.000,5,239.000,21,238.000,9,237.000,20,236.000,29,235.000,20,247.000,30,248.000,20,250.000,20,251.000,29,252.000,20,0,30,
114503070000,250.000,5,239.000,30,238.000,9,237.000,20,236.000,29,235.000,20,247.000,30,248.000,20,250.000,20,251.000,29,252.000,20,0,30,
114503118000,250.000,5,239.000,30,238.000,9,236.000,29,235.000,20,233.000,20,247.000,30,248.000,20,250.000,20,251.000,29,320.000,1,0,30,
114503118000,250.000,5,239.000,30,238.000,9,236.000,49,235.000,20,233.000,20,247.000,30,248.000,20,250.000,20,251.000,49,320.000,1,0,30,
114503287000,250.000,5,239.000,30,238.000,9,236.000,49,235.000,20,86.000,1,247.000,30,250.000,20,251.000,49,320.000,1,400.000,1,0,30,
114503287000,250.000,5,239.000,30,238.000,9,236.000,49,235.000,20,232.000,20,247.000,50,250.000,20,251.000,49,320.000,1,400.000,1,0,30,
114503311000,250.000,5,239.000,30,238.000,9,236.000,29,235.000,20,232.000,20,247.000,50,250.000,20,251.000,29,320.000,1,400.000,1,0,30,
114503524000,250.000,5,239.000,30,238.000,9,236.000,29,235.000,20,86.000,1,247.000,30,250.000,20,251.000,29,320.000,1,400.000,1,0,30,
114503900000,250.000,5,239.000,30,238.000,9,236.000,29,235.000,20,232.000,20,247.000,50,250.000,20,251.000,29,320.000,1,400.000,1,0,30,
114504011000,250.000,5,239.000,30,238.000,9,236.000,49,235.000,20,232.000,20,247.000,50,250.000,20,251.000,49,320.000,1,400.000,1,0,30,
114505100000,250.000,5,239.000,30,238.000,9,236.000,49,235.000,20,86.000,1,247.000,30,250.000,20,251.000,49,320.000,1,400.000,1,0,30,
114505100000,250.000,5,239.000,30,238.000,9,236.000,49,235.000,20,233.000,20,247.000,30,248.000,20,250.000,20,251.000,49,320.000,1,0,30,
114505119000,250.000,5,239.000,30,238.000,9,236.000,29,235.000,20,233.000,20,247.000,30,248.000,20,250.000,20,251.000,29,320.000,1,0,30,
114505119000,250.000,5,239.000,30,238.000,9,237.000,20,236.000,29,235.000,20,247.000,30,248.000,20,250.000,20,251.000,29,252.000,20,0,30,
114514357000,250.000,5,239.000,30,238.000,9,237.000,20,236.000,29,235.000,20,247.000,30,250.000,20,251.000,29,252.000,20,320.000,1,0,30,
114514357000,250.000,5,239.000,30,238.000,9,237.000,20,236.000,29,235.000,20,247.000,50,250.000,20,251.000,29,252.000,20,320.000,1,0,30,
114516206000,250.000,5,239.000,30,238.000,9,237.000,20,236.000,29,235.000,20,247.000,30,250.000,20,251.000,29,252.000,20,320.000,1,0,30,
114516206000,250.000,5,239.000,30,238.000,9,237.000,20,236.000,29,235.000,20,247.000,30,248.000,20,250.000,20,251.000,29,252.000,20,0,30,
114516581000,250.000,5,239.000,30,238.000,9,237.000,20,236.000,29,235.000,20,247.000,30,250.000,20,251.000,29,252.000,20,320.000,1,0,30,
114516830000,250.000,5,239.000,30,238.000,9,237.000,20,236.000,29,235.000,20,247.000,50,250.000,20,251.000,29,252.000,20,320.000,1,0,30,
114518268000,250.000,5,239.000,30,238.000,9,237.000,20,236.000,29,235.000,20,247.000,30,250.000,20,251.000,29,252.000,20,320.000,1,0,30,
114518268000,250.000,5,239.000,30,238.000,9,237.000,20,236.000,29,235.000,20,247.000,30,248.000,20,250.000,20,251.000,29,252.000,20,0,30,
114518393000,250.000,5,239.000,30,238.000,9,237.000,20,236.000,29,235.000,20,247.000,30,250.000,20,251.000,29,252.000,20,320.000,1,0,30,
114518768000,250.000,5,239.000,30,238.000,9,237.000,20,236.000,29,235.000,20,247.000,50,250.000,20,251.000,29,252.000,20,320.000,1,0,30,
114520619000,250.000,5,239.000,30,238.000,9,236.000,29,235.000,20,232.000,20,247.000,50,250.000,20,251.000,29,320.000,1,400.000,1,0,30,
114520619000,250.000,5,239.000,30,238.000,9,236.000,49,235.000,20,232.000,20,247.000,50,250.000,20,251.000,49,320.000,1,400.000,1,0,30,
114523485000,250.000,5,239.000,30,238.000,9,236.000,49,235.000,20,86.000,1,247.000,30,250.000,20,251.000,49,320.000,1,400.000,1,0,30,
114523485000,250.000,5,239.000,30,238.000,9,236.000,49,235.000,20,233.000,20,247.000,30,248.000,20,250.000,20,251.000,49,320.000,1,0,30,
114523611000,250.000,5,239.000,30,238.000,9,236.000,49,235.000,20,86.000,1,247.000,30,250.000,20,251.000,49,320.000,1,400.000,1,0,30,
114523985000,250.000,5,239.000,30,238.000,9,236.000,49,235.000,20,232.000,20,247.000,50,250.000,20,251.000,49,320.000,1,400.000,1,0,30,
114524100000,250.000,5,239.000,30,238.000,9,236.000,29,235.000,20,232.000,20,247.000,50,250.000,20,251.000,29,320.000,1,400.000,1,0,30,
114524534000,250.000,5,239.000,30,238.000,9,236.000,49,235.000,20,232.000,20,247.000,50,250.000,20,251.000,49,320.000,1,400.000,1,0,30,
114528638000,250.000,5,239.000,30,238.000,9,236.000,49,235.000,20,86.000,1,247.000,30,250.000,20,251.000,49,320.000,1,400.000,1,0,30,
114528638000,250.000,5,239.000,30,238.000,9,236.000,49,235.000,20,233.000,20,247.000,30,248.000,20,250.000,20,251.000,49,320.000,1,0,30,
114529387000,250.000,5,239.000,30,238.000,9,236.000,49,235.000,20,86.000,1,247.000,30,250.000,20,251.000,49,320.000,1,400.000,1,0,30,
114529387000,250.000,5,239.000,30,238.000,9,236.000,49,235.000,20,232.000,20,247.000,50,250.000,20,251.000,49,320.000,1,400.000,1,0,30,
114544155000,250.000,5,239.000,30,238.000,9,236.000,49,235.000,20,86.000,1,247.000,30,250.000,20,251.000,49,320.000,1,400.000,1,0,30,
114544155000,250.000,5,239.000,30,238.000,9,236.000,49,235.000,20,233.000,20,247.000,30,248.000,20,250.000,20,251.000,49,320.000,1,0,30,
114544600000,250.000,5,239.000,30,238.000,9,236.000,29,235.000,20,233.000,20,247.000,30,248.000,20,250.000,20,251.000,29,320.000,1,0,30,
114545013000,250.000,5,239.000,30,238.000,9,236.000,29,235.000,20,86.000,1,247.000,30,250.000,20,251.000,29,320.000,1,400.000,1,0,30,
114545013000,250.000,5,239.000,30,238.000,9,236.000,29,235.000,20,232.000,20,247.000,50,250.000,20,251.000,29,320.000,1,400.000,1,0,30,
114545147000,250.000,5,239.000,30,238.000,9,236.000,49,235.000,20,232.000,20,247.000,50,250.000,20,251.000,49,320.000,1,400.000,1,0,30,
114547243000,250.000,5,239.000,30,238.000,9,236.000,29,235.000,20,232.000,20,247.000,50,250.000,20,251.000,29,320.000,1,400.000,1,0,30,
114548205000,250.000,5,239.000,30,238.000,9,236.000,49,235.000,20,232.000,20,247.000,50,250.000,20,251.000,49,320.000,1,400.000,1,0,30,
114549119000,250.000,5,239.000,30,238.000,9,236.000,49,235.000,20,86.000,1,247.000,30,250.000,20,251.000,49,320.000,1,400.000,1,0,30,
114549119000,250.000,5,239.000,30,238.000,9,236.000,49,235.000,20,233.000,20,247.000,30,248.000,20,250.000,20,251.000,49,320.000,1,0,30,
114549244000,250.000,5,239.000,30,238.000,9,236.000,49,235.000,20,86.000,1,247.000,30,250.000,20,251.000,49,320.000,1,400.000,1,0,30,
114549618000,250.000,5,239.000,30,238.000,9,236.000,49,235.000,20,232.000,20,247.000,50,250.000,20,251.000,49,320.000,1,400.000,1,0,30,
114558699000,250.000,5,239.000,9,238.000,9,236.000,49,235.000,20,232.000,20,247.000,29,250.000,20,251.000,49,320.000,1,400.000,1,0,30,
114558699000,250.000,5,239.000,9,238.000,30,236.000,49,235.000,20,232.000,20,246.000,21,247.000,29,250.000,20,251.000,49,320.000,1,0,30,
114558700000,250.000,5,239.000,9,238.000,30,236.000,49,235.000,20,232.000,20,246.000,21,247.000,29,250.000,20,251.000,40,320.000,1,0,30,
114558702000,250.000,5,238.000,30,236.000,49,235.000,20,232.000,20,86.000,1,246.000,21,247.000,29,250.000,20,251.000,40,320.000,1,0,30,
114558702000,250.000,5,238.000,30,236.000,49,235.000,20,232.000,20,86.000,1,246.000,21,247.000,29,249.000,9,250.000,20,251.000,40,0,30,
114558706000,250.000,5,238.000,30,236.000,29,235.000,20,232.000,20,86.000,1,246.000,21,247.000,29,249.000,9,250.000,20,251.000,20,0,30,
114558748000,250.000,5,238.000,30,236.000,29,235.000,20,86.000,1,84.000,3,246.000,21,247.000,9,249.000,9,250.000,20,251.000,20,0,30,
114558748000,250.000,5,238.000,30,236.000,29,235.000,20,231.000,20,86.000,1,246.000,41,247.000,9,249.000,9,250.000,20,251.000,20,0,30,
114558748000,250.000,5,238.000,30,236.000,9,235.000,20,231.000,20,86.000,1,246.000,41,247.000,9,249.000,9,250.000,20,320.000,1,0,30,
114558748000,250.000,5,238.000,30,236.000,9,235.000,40,231.000,20,86.000,1,246.000,41,247.000,9,249.000,9,250.000,40,320.000,1,0,30,
114558818000,250.000,5,238.000,30,236.000,9,235.000,40,231.000,20,86.000,1,246.000,50,247.000,9,249.000,9,250.000,40,320.000,1,0,30,
114558842000,250.000,5,238.000,30,235.000,40,231.000,20,86.000,1,84.000,3,246.000,50,247.000,9,249.000,9,250.000,40,320.000,1,0,30,
114558853000,250.000,5,238.000,30,235.000,40,234.000,20,231.000,20,86.000,1,246.000,50,247.000,9,249.000,29,250.000,40,320.000,1,0,30,
114558967000,250.000,5,238.000,30,235.000,40,234.000,29,231.000,20,86.000,1,246.000,50,247.000,9,249.000,29,250.000,40,320.000,1,0,30,
114559626000,250.000,5,238.000,9,235.000,40,234.000,29,231.000,20,86.000,1,246.000,29,247.000,9,249.000,29,250.000,40,320.000,1,0,30,
114559626000,250.000,5,238.000,9,237.000,21,235.000,40,234.000,29,231.000,20,246.000,50,247.000,9,249.000,29,250.000,40,320.000,1,0,30,
114559626000,250.000,5,238.000,9,237.000,21,235.000,49,234.000,29,231.000,20,246.000,50,247.000,9,249.000,29,250.000,40,320.000,1,0,30,
114559626000,250.000,5,238.000,9,237.000,30,235.000,49,234.000,29,231.000,20,246.000,50,247.000,9,249.000,29,250.000,40,320.000,1,0,30,
114559626000,250.000,5,237.000,30,235.000,49,234.000,29,231.000,20,86.000,1,246.000,50,247.000,9,249.000,29,250.000,40,320.000,1,0,30,
114559701000,250.000,5,237.000,30,235.000,29,234.000,29,231.000,20,86.000,1,246.000,50,247.000,9,249.000,29,250.000,20,320.000,1,0,30,
114559701000,250.000,5,237.000,30,235.000,29,234.000,29,233.000,20,231.000,20,246.000,50,247.000,9,248.000,20,249.000,29,250.000,20,0,30,
114603868000,250.000,5,237.000,30,235.000,9,234.000,29,233.000,20,231.000,20,246.000,50,247.000,9,248.000,20,249.000,29,320.000,1,0,30,
114603868000,250.000,5,237.000,30,235.000,9,234.000,49,233.000,20,231.000,20,246.000,50,247.000,9,248.000,20,249.000,49,320.000,1,0,30,
114607995000,250.000,5,237.000,30,235.000,9,234.000,49,233.000,20,86.000,1,246.000,30,247.000,9,248.000,20,249.000,49,320.000,1,0,30,
114607995000,250.000,5,237.000,30,235.000,9,234.000,49,233.000,20,230.000,20,245.000,20,246.000,30,247.000,9,248.000,20,249.000,49,0,30,
114607995000,250.000,5,237.000,30,235.000,9,234.000,49,233.000,20,230.000,20,245.000,29,246.000,30,247.000,9,248.000,20,249.000,49,0,30,
114608006000,250.000,5,237.000,30,235.000,9,234.000,49,233.000,20,230.000,20,245.000,29,246.000,30,248.000,20,249.000,49,320.000,1,0,30,
114608040000,250.000,5,237.000,30,235.000,9,234.000,29,233.000,20,230.000,20,245.000,29,246.000,30,248.000,20,249.000,29,320.000,1,0,30,
114608089000,250.000,5,237.000,9,235.000,9,234.000,29,233.000,20,230.000,20,245.000,29,246.000,9,248.000,20,249.000,29,320.000,1,0,30,
114608089000,250.000,5,237.000,9,236.000,21,235.000,9,234.000,29,233.000,20,244.000,21,245.000,29,246.000,9,248.000,20,249.000,29,0,30,
114608089000,250.000,5,237.000,9,236.000,21,235.000,9,234.000,38,233.000,20,244.000,21,245.000,29,246.000,9,248.000,20,249.000,29,0,30,
114608089000,250.000,5,236.000,21,235.000,9,234.000,38,233.000,20,230.000,20,244.000,21,245.000,29,246.000,9,248.000,20,249.000,29,0,30,
114608089000,250.000,5,236.000,30,235.000,9,234.000,38,233.000,20,230.000,20,244.000,21,245.000,29,246.000,9,248.000,20,249.000,29,0,30,
114608089000,250.000,5,236.000,30,235.000,9,234.000,38,233.000,20,230.000,20,244.000,30,245.000,29,246.000,9,248.000,20,249.000,29,0,30,
114608112000,250.000,5,236.000,30,235.000,9,234.000,58,233.000,20,230.000,20,244.000,30,245.000,29,246.000,9,248.000,20,249.000,49,0,30,
114608506000,250.000,5,236.000,30,235.000,9,234.000,49,233.000,20,230.000,20,244.000,30,245.000,29,246.000,9,248.000,20,249.000,49,0,30,
114608506000,250.000,5,236.000,30,235.000,9,234.000,49,233.000,20,230.000,20,244.000,30,245.000,29,248.000,20,249.000,49,320.000,1,0,30,
114609475000,250.000,5,236.000,30,235.000,9,234.000,49,233.000,20,86.000,1,244.000,30,245.000,9,248.000,20,249.000,49,320.000,1,0,30,
114609475000,250.000,5,236.000,30,235.000,9,234.000,49,233.000,20,231.000,20,244.000,30,245.000,9,246.000,20,248.000,20,249.000,49,0,30,
114609493000,250.000,5,236.000,30,235.000,9,234.000,29,233.000,20,231.000,20,244.000,30,245.000,9,246.000,20,248.000,20,249.000,29,0,30,
114609493000,250.000,5,236.000,30,235.000,29,234.000,29,233.000,20,231.000,20,244.000,30,245.000,9,246.000,20,248.000,20,249.000,29,0,30,
114611384000,250.000,5,236.000,30,235.000,29,234.000,29,233.000,20,86.000,1,244.000,30,245.000,9,248.000,20,249.000,29,250.000,20,0,30,
114611384000,250.000,5,236.000,30,235.000,29,234.000,29,233.000,20,230.000,20,244.000,30,245.000,29,248.000,20,249.000,29,250.000,20,0,30,
114611758000,250.000,5,236.000,30,235.000,29,234.000,29,233.000,20,86.000,1,244.000,30,245.000,9,248.000,20,249.000,29,250.000,20,0,30,
114611883000,250.000,5,236.000,30,235.000,29,234.000,29,233.000,20,230.000,20,244.000,30,245.000,29,248.000,20,249.000,29,250.000,20,0,30,
114612258000,250.000,5,236.000,30,235.000,29,234.000,29,233.000,20,86.000,1,244.000,30,245.000,9,248.000,20,249.000,29,250.000,20,0,30,
114612383000,250.000,5,236.000,30,235.000,29,234.000,29,233.000,20,231.000,20,244.000,30,245.000,9,246.000,20,248.000,20,249.000,29,0,30,
114615868000,250.000,5,236.000,30,235.000,9,234.000,29,233.000,20,231.000,20,244.000,30,245.000,9,246.000,20,248.000,20,249.000,29,0,30,
114615868000,250.000,5,236.000,30,235.000,9,234.000,49,233.000,20,231.000,20,244.000,30,245.000,9,246.000,20,248.000,20,249.000,49,0,30,
114616005000,250.000,5,236.000,30,235.000,9,234.000,49,233.000,20,86.000,1,244.000,30,245.000,9,248.000,20,249.000,49,320.000,1,0,30,
114616005000,250.000,5,236.000,30,235.000,9,234.000,49,233.000,20,230.000,20,244.000,30,245.000,29,248.000,20,249.000,49,320.000,1,0,30,
114620884000,250.000,5,236.000,30,235.000,9,234.000,29,233.000,20,230.000,20,244.000,30,245.000,29,248.000,20,249.000,29,320.000,1,0,30,
114621277000,250.000,5,236.000,30,235.000,9,234.000,49,233.000,20,230.000,20,244.000,30,245.000,29,248.000,20,249.000,49,320.000,1,0,30,
114622743000,250.000,5,236.000,30,235.000,9,234.000,29,233.000,20,230.000,20,244.000,30,245.000,29,248.000,20,249.000,29,320.000,1,0,30,
114622743000,250.000,5,236.000,30,235.000,9,234.000,29,233.000,40,230.000,20,244.000,30,245.000,29,248.000,40,249.000,29,320.000,1,0,30,
114622926000,250.000,5,236.000,30,235.000,9,234.000,29,233.000,40,230.000,20,244.000,30,245.000,29,248.000,40,249.000,20,320.000,1,0,30,
114622927000,250.000,5,236.000,30,235.000,9,234.000,29,233.000,40,230.000,20,244.000,30,245.000,29,247.000,9,248.000,40,249.000,20,0,30,
114623129000,250.000,5,236.000,30,235.000,9,234.000,29,233.000,40,86.000,1,244.000,30,245.000,9,247.000,9,248.000,40,249.000,20,0,30,
114623129000,250.000,5,236.000,30,235.000,9,234.000,29,233.000,40,229.000,20,244.000,50,245.000,9,247.000,9,248.000,40,249.000,20,0,30,
114623692000,250.000,5,236.000,30,235.000,9,234.000,20,233.000,40,229.000,20,244.000,50,245.000,9,247.000,9,248.000,40,249.000,20,0,30,
114623817000,250.000,5,236.000,30,235.000,9,234.000,20,233.000,40,232.000,9,244.000,50,245.000,9,247.000,9,248.000,40,249.000,20,0,30,
114626304000,250.000,5,236.000,30,235.000,9,234.000,20,233.000,40,232.000,9,244.000,30,245.000,9,247.000,9,248.000,40,249.000,20,0,30,
114626304000,250.000,5,236.000,30,235.000,9,234.000,20,233.000,40,232.000,9,244.000,30,245.000,29,247.000,9,248.000,40,249.000,20,0,30,
114627621000,250.000,5,236.000,30,235.000,9,234.000,20,233.000,40,232.000,9,244.000,30,245.000,9,247.000,9,248.000,40,249.000,20,0,30,
114627621000,250.000,5,236.000,30,235.000,9,234.000,20,233.000,40,232.000,9,244.000,50,245.000,9,247.000,9,248.000,40,249.000,20,0,30,
114628744000,250.000,5,236.000,30,235.000,9,233.000,40,232.000,9,229.000,20,244.000,50,245.000,9,247.000,9,248.000,40,320.000,1,0,30,
114629078000,250.000,5,236.000,9,235.000,9,233.000,40,232.000,9,229.000,20,244.000,29,245.000,9,247.000,9,248.000,40,320.000,1,0,30,
114629078000,250.000,5,236.000,9,235.000,30,233.000,40,232.000,9,229.000,20,244.000,50,245.000,9,247.000,9,248.000,40,320.000,1,0,30,
114629078000,250.000,5,235.000,30,233.000,40,232.000,9,229.000,20,86.000,1,244.000,50,245.000,9,247.000,9,248.000,40,320.000,1,0,30,
114629078000,250.000,5,235.000,30,233.000,49,232.000,9,229.000,20,86.000,1,244.000,50,245.000,9,247.000,9,248.000,40,320.000,1,0,30,
114629162000,250.000,5,235.000,30,233.000,69,232.000,9,229.000,20,86.000,1,244.000,50,245.000,9,247.000,9,248.000,60,320.000,1,0,30,
114631618000,250.000,5,235.000,30,233.000,49,232.000,9,229.000,20,86.000,1,244.000,50,245.000,9,247.000,9,248.000,40,320.000,1,0,30,
114631618000,250.000,5,235.000,30,233.000,49,232.000,29,229.000,20,86.000,1,244.000,50,245.000,9,247.000,29,248.000,40,320.000,1,0,30,
114632845000,250.000,5,235.000,30,233.000,49,232.000,29,86.000,1,84.000,3,244.000,30,245.000,9,247.000,29,248.000,40,320.000,1,0,30,
114632845000,250.000,5,235.000,30,233.000,49,232.000,29,228.000,20,86.000,1,243.000,20,244.000,30,245.000,9,247.000,29,248.000,40,0,30,
114632846000,250.000,5,235.000,30,233.000,49,232.000,29,228.000,20,86.000,1,243.000,29,244.000,30,245.000,9,247.000,29,248.000,40,0,30,
114632851000,250.000,5,235.000,9,233.000,49,232.000,29,228.000,20,86.000,1,243.000,29,244.000,9,245.000,9,247.000,29,248.000,40,0,30,
114632851000,250.000,5,235.000,30,233.000,49,232.000,29,228.000,20,86.000,1,242.000,21,243.000,29,244.000,9,245.000,9,247.000,29,0,30,
114632851000,250.000,5,235.000,21,233.000,49,232.000,29,228.000,20,86.000,1,242.000,21,243.000,29,244.000,9,245.000,9,247.000,29,0,30,
114632851000,250.000,5,235.000,21,233.000,49,232.000,29,228.000,20,86.000,1,242.000,30,243.000,29,244.000,9,245.000,9,247.000,29,0,30,
114632851000,250.000,5,235.000,30,233.000,49,232.000,29,228.000,20,86.000,1,242.000,30,243.000,29,244.000,9,245.000,9,247.000,29,0,30,
114633006000,250.000,5,235.000,30,233.000,29,232.000,29,228.000,20,86.000,1,242.000,30,243.000,29,244.000,9,245.000,9,247.000,29,0,30,
114633006000,250.000,5,235.000,30,233.000,29,232.000,29,231.000,20,228.000,20,242.000,30,243.000,29,244.000,9,245.000,9,246.000,20,0,30,
114633006000,250.000,5,235.000,30,233.000,29,232.000,29,231.000,20,228.000,20,242.000,30,243.000,29,245.000,9,246.000,20,247.000,29,0,30,
114633006000,250.000,5,235.000,30,233.000,29,232.000,29,231.000,20,228.000,20,242.000,30,243.000,29,246.000,20,247.000,29,248.000,20,0,30,
114635876000,250.000,5,235.000,30,233.000,9,232.000,29,231.000,20,228.000,20,242.000,30,243.000,29,246.000,20,247.000,29,320.000,1,0,30,
114635876000,250.000,5,235.000,30,233.000,9,232.000,9,231.000,20,228.000,20,242.000,30,243.000,29,246.000,20,247.000,9,320.000,1,0,30,
114635876000,250.000,5,235.000,30,233.000,9,232.000,9,231.000,40,228.000,20,242.000,30,243.000,29,246.000,40,247.000,9,320.000,1,0,30,
114636000000,250.000,5,235.000,30,233.000,9,232.000,9,231.000,40,86.000,1,242.000,30,243.000,9,246.000,40,247.000,9,320.000,1,0,30,
114636000000,250.000,5,235.000,30,233.000,9,232.000,9,231.000,40,227.000,20,242.000,50,243.000,9,246.000,40,247.000,9,320.000,1,0,30,
114636042000,250.000,5,235.000,30,233.000,9,232.000,9,231.000,40,227.000,20,242.000,50,243.000,9,246.000,40,320.000,1,400.000,1,0,30,
114636042000,250.000,5,235.000,30,233.000,9,232.000,9,231.000,40,227.000,20,242.000,50,243.000,9,245.000,9,246.000,40,320.000,1,0,30,
114636081000,250.000,5,235.000,9,233.000,9,232.000,9,231.000,40,227.000,20,242.000,29,243.000,9,245.000,9,246.000,40,320.000,1,0,30,
114636081000,250.000,5,235.000,9,234.000,21,233.000,9,232.000,9,231.000,40,242.000,50,243.000,9,245.000,9,246.000,40,320.000,1,0,30,
114636082000,250.000,5,234.000,21,233.000,9,232.000,9,231.000,40,227.000,20,242.000,50,243.000,9,245.000,9,246.000,40,320.000,1,0,30,
114636082000,250.000,5,234.000,21,233.000,9,232.000,18,231.000,40,227.000,20,242.000,50,243.000,9,245.000,9,246.000,40,320.000,1,0,30,
114636082000,250.000,5,234.000,30,233.000,9,232.000,18,231.000,40,227.000,20,242.000,50,243.000,9,245.000,9,246.000,40,320.000,1,0,30,
114636505000,250.000,5,234.000,30,233.000,9,232.000,9,231.000,40,227.000,20,242.000,50,243.000,9,245.000,9,246.000,40,320.000,1,0,30,
114637366000,250.000,5,234.000,30,233.000,9,231.000,40,227.000,20,86.000,1,242.000,50,243.000,9,245.000,9,246.000,40,320.000,1,0,30,
114637486000,250.000,5,234.000,30,233.000,9,231.000,40,230.000,9,227.000,20,242.000,50,243.000,9,245.000,9,246.000,40,320.000,1,0,30,
114638733000,250.000,5,234.000,30,233.000,9,231.000,40,230.000,9,86.000,1,242.000,30,243.000,9,245.000,9,246.000,40,320.000,1,0,30,
114638733000,250.000,5,234.000,30,233.000,9,231.000,40,230.000,9,228.000,20,242.000,30,243.000,29,245.000,9,246.000,40,320.000,1,0,30,
114639472000,250.000,5,234.000,30,233.000,9,231.000,40,230.000,9,86.000,1,242.000,30,243.000,9,245.000,9,246.000,40,320.000,1,0,30,
114639472000,250.000,5,234.000,30,233.000,9,231.000,40,230.000,9,227.000,20,242.000,50,243.000,9,245.000,9,246.000,40,320.000,1,0,30,
114639505000,250.000,5,234.000,30,233.000,9,232.000,20,231.000,40,230.000,9,242.000,50,243.000,9,245.000,9,246.000,40,247.000,20,0,30,
114639972000,250.000,5,234.000,30,233.000,9,232.000,20,231.000,40,230.000,9,242.000,30,243.000,9,245.000,9,246.000,40,247.000,20,0,30,
114639972000,250.000,5,234.000,30,233.000,9,232.000,20,231.000,40,230.000,9,242.000,30,243.000,29,245.000,9,246.000,40,247.000,20,0,30,
114641661000,250.000,5,234.000,30,233.000,9,232.000,20,231.000,40,230.000,9,242.000,30,243.000,9,245.000,9,246.000,40,247.000,20,0,30,
114641661000,250.000,5,234.000,30,233.000,9,232.000,20,231.000,40,230.000,9,242.000,50,243.000,9,245.000,9,246.000,40,247.000,20,0,30,
114644399000,250.000,5,234.000,30,233.000,9,231.000,40,230.000,9,227.000,20,242.000,50,243.000,9,245.000,9,246.000,40,320.000,1,0,30,
114644988000,250.000,5,234.000,30,233.000,9,231.000,40,230.000,9,86.000,1,242.000,30,243.000,9,245.000,9,246.000,40,320.000,1,0,30,
114644988000,250.000,5,234.000,30,233.000,9,231.000,40,230.000,9,228.000,20,242.000,30,243.000,29,245.000,9,246.000,40,320.000,1,0,30,
114645002000,250.000,5,234.000,30,233.000,9,231.000,60,230.000,9,228.000,20,242.000,30,243.000,29,245.000,9,246.000,60,320.000,1,0,30,
114645264000,250.000,5,234.000,30,233.000,9,231.000,60,230.000,9,86.000,1,242.000,30,243.000,9,245.000,9,246.000,60,320.000,1,0,30,
114645512000,250.000,5,234.000,30,233.000,9,231.000,60,230.000,9,227.000,20,242.000,50,243.000,9,245.000,9,246.000,60,320.000,1,0,30,
114646262000,250.000,5,234.000,30,233.000,9,231.000,60,230.000,9,86.000,1,242.000,30,243.000,9,245.000,9,246.000,60,320.000,1,0,30,
114646262000,250.000,5,234.000,30,233.000,9,231.000,60,230.000,9,228.000,20,242.000,30,243.000,29,245.000,9,246.000,60,320.000,1,0,30,
114646888000,250.000,5,234.000,30,233.000,9,231.000,60,230.000,9,86.000,1,242.000,30,243.000,9,245.000,9,246.000,60,320.000,1,0,30,
114646888000,250.000,5,234.000,30,233.000,9,231.000,60,230.000,9,227.000,20,242.000,50,243.000,9,245.000,9,246.000,60,320.000,1,0,30,
114647012000,250.000,5,234.000,30,233.000,9,231.000,60,230.000,9,86.000,1,242.000,30,243.000,9,245.000,9,246.000,60,320.000,1,0,30,
114647370000,250.000,5,234.000,30,233.000,9,231.000,40,230.000,9,86.000,1,242.000,30,243.000,9,245.000,9,246.000,40,320.000,1,0,30,
114647370000,250.000,5,234.000,30,233.000,9,232.000,20,231.000,40,230.000,9,242.000,30,243.000,9,245.000,9,246.000,40,247.000,20,0,30,
114647496000,250.000,5,234.000,30,233.000,9,232.000,20,231.000,40,230.000,9,242.000,30,243.000,29,245.000,9,246.000,40,247.000,20,0,30,
114648743000,250.000,5,234.000,30,233.000,9,231.000,40,230.000,9,228.000,20,242.000,30,243.000,29,245.000,9,246.000,40,320.000,1,0,30,
114648743000,250.000,5,234.000,30,233.000,9,231.000,60,230.000,9,228.000,20,242.000,30,243.000,29,245.000,9,246.000,60,320.000,1,0,30,
114649116000,250.000,5,234.000,30,233.000,9,231.000,60,230.000,9,86.000,1,242.000,30,243.000,9,245.000,9,246.000,60,320.000,1,0,30,
114649116000,250.000,5,234.000,30,233.000,9,231.000,60,230.000,9,227.000,20,242.000,50,243.000,9,245.000,9,246.000,60,320.000,1,0,30,
114651260000,250.000,5,234.000,30,233.000,9,231.000,60,230.000,9,86.000,1,242.000,30,243.000,9,245.000,9,246.000,60,320.000,1,0,30,
114651260000,250.000,5,234.000,30,233.000,9,231.000,60,230.000,9,228.000,20,242.000,30,243.000,29,245.000,9,246.000,60,320.000,1,0,30,
114653390000,250.000,5,234.000,30,233.000,9,231.000,60,230.000,9,86.000,1,242.000,30,243.000,9,245.000,9,246.000,60,320.000,1,0,30,
114653390000,250.000,5,234.000,30,233.000,9,231.000,60,230.000,9,227.000,20,242.000,50,243.000,9,245.000,9,246.000,60,320.000,1,0,30,
114654432000,250.000,5,234.000,30,233.000,9,231.000,60,230.000,9,86.000,1,242.000,30,243.000,9,245.000,9,246.000,60,320.000,1,0,30,
114654432000,250.000,5,234.000,30,233.000,9,231.000,60,230.000,9,228.000,20,242.000,30,243.000,29,245.000,9,246.000,60,320.000,1,0,30,
114654932000,250.000,5,234.000,30,233.000,9,231.000,60,230.000,9,86.000,1,242.000,30,243.000,9,245.000,9,246.000,60,320.000,1,0,30,
114654932000,250.000,5,234.000,30,233.000,9,231.000,60,230.000,9,227.000,20,242.000,50,243.000,9,245.000,9,246.000,60,320.000,1,0,30,
114656292000,250.000,5,234.000,30,233.000,9,231.000,40,230.000,9,227.000,20,242.000,50,243.000,9,245.000,9,246.000,40,320.000,1,0,30,
114656292000,250.000,5,234.000,30,233.000,9,231.000,20,230.000,9,227.000,20,242.000,50,243.000,9,245.000,9,246.000,20,320.000,1,0,30,
114656292000,250.000,5,234.000,30,233.000,9,231.000,20,230.000,29,227.000,20,242.000,50,243.000,9,245.000,29,246.000,20,320.000,1,0,30,
114656293000,250.000,5,234.000,9,233.000,9,231.000,20,230.000,29,227.000,20,242.000,29,243.000,9,245.000,29,246.000,20,320.000,1,0,30,
114656293000,250.000,5,234.000,9,233.000,30,231.000,20,230.000,29,227.000,20,242.000,50,243.000,9,245.000,29,246.000,20,320.000,1,0,30,
114656294000,250.000,5,234.000,9,233.000,30,231.000,20,230.000,29,86.000,1,242.000,30,243.000,9,245.000,29,246.000,20,320.000,1,0,30,
114656294000,250.000,5,234.000,9,233.000,30,231.000,20,230.000,29,226.000,20,241.000,20,242.000,30,243.000,9,245.000,29,246.000,20,0,30,
114656296000,250.000,5,233.000,30,231.000,20,230.000,29,226.000,20,86.000,1,241.000,20,242.000,30,243.000,9,245.000,29,246.000,20,0,30,
114656296000,250.000,5,233.000,30,231.000,20,230.000,29,226.000,20,86.000,1,241.000,29,242.000,30,243.000,9,245.000,29,246.000,20,0,30,
114656506000,250.000,5,233.000,30,231.000,20,230.000,29,229.000,20,226.000,20,241.000,29,242.000,30,243.000,9,244.000,20,245.000,29,0,30,
114656506000,250.000,5,233.000,30,231.000,20,230.000,29,229.000,20,226.000,20,241.000,29,242.000,30,244.000,20,245.000,29,246.000,20,0,30,
114657373000,250.000,5,233.000,30,231.000,20,230.000,29,229.000,20,86.000,1,241.000,9,242.000,30,244.000,20,245.000,29,246.000,20,0,30,
114657373000,250.000,5,233.000,30,231.000,20,230.000,29,229.000,20,227.000,20,241.000,9,242.000,50,244.000,20,245.000,29,246.000,20,0,30,
114657373000,250.000,5,233.000,30,231.000,20,230.000,29,229.000,20,227.000,20,242.000,50,244.000,20,245.000,29,246.000,20,320.000,1,0,30,
114703371000,250.000,5,233.000,30,231.000,20,230.000,9,229.000,20,227.000,20,242.000,50,244.000,20,245.000,9,246.000,20,320.000,1,0,30,
114703371000,250.000,5,233.000,30,231.000,40,230.000,9,229.000,20,227.000,20,242.000,50,244.000,20,245.000,9,246.000,40,320.000,1,0,30,
114704260000,250.000,5,233.000,30,231.000,40,230.000,9,229.000,20,86.000,1,242.000,30,244.000,20,245.000,9,246.000,40,320.000,1,0,30,
114704260000,250.000,5,233.000,30,231.000,40,230.000,9,229.000,20,228.000,20,242.000,30,243.000,20,244.000,20,245.000,9,246.000,40,0,30,
114704744000,250.000,5,233.000,30,231.000,40,230.000,9,229.000,20,86.000,1,242.000,30,244.000,20,245.000,9,246.000,40,320.000,1,0,30,
114704870000,250.000,5,233.000,30,231.000,40,230.000,9,229.000,20,227.000,20,242.000,50,244.000,20,245.000,9,246.000,40,320.000,1,0,30,
114705100000,250.000,5,233.000,30,231.000,20,230.000,9,229.000,20,227.000,20,242.000,50,244.000,20,245.000,9,246.000,20,320.000,1,0,30,
114705475000,250.000,5,233.000,30,231.000,40,230.000,9,229.000,20,227.000,20,242.000,50,244.000,20,245.000,9,246.000,40,320.000,1,0,30,
114705477000,250.000,5,233.000,30,231.000,40,230.000,9,229.000,20,86.000,1,242.000,30,244.000,20,245.000,9,246.000,40,320.000,1,0,30,
114705477000,250.000,5,233.000,30,231.000,40,230.000,9,229.000,20,228.000,20,242.000,30,243.000,20,244.000,20,245.000,9,246.000,40,0,30,
114706147000,250.000,5,233.000,30,231.000,40,230.000,9,229.000,20,86.000,1,242.000,30,244.000,20,245.000,9,246.000,40,320.000,1,0,30,
114706147000,250.000,5,233.000,30,231.000,40,230.000,9,229.000,20,227.000,20,242.000,50,244.000,20,245.000,9,246.000,40,320.000,1,0,30,
114715524000,250.000,5,233.000,30,231.000,20,230.000,9,229.000,20,227.000,20,242.000,50,244.000,20,245.000,9,246.000,20,320.000,1,0,30,
114715624000,250.000,5,233.000,30,231.000,40,230.000,9,229.000,20,227.000,20,242.000,50,244.000,20,245.000,9,246.000,40,320.000,1,0,30,
114715629000,250.000,5,233.000,30,231.000,40,230.000,9,229.000,20,86.000,1,242.000,30,244.000,20,245.000,9,246.000,40,320.000,1,0,30,
114715629000,250.000,5,233.000,30,231.000,40,230.000,9,229.000,20,228.000,20,242.000,30,243.000,20,244.000,20,245.000,9,246.000,40,0,30,
114715879000,250.000,5,233.000,30,231.000,40,230.000,9,229.000,20,86.000,1,242.000,30,244.000,20,245.000,9,246.000,40,320.000,1,0,30,
114716130000,250.000,5,233.000,30,231.000,40,230.000,9,229.000,20,227.000,20,242.000,50,244.000,20,245.000,9,246.000,40,320.000,1,0,30,
114718997000,250.000,5,233.000,30,231.000,40,230.000,9,229.000,20,86.000,1,242.000,30,244.000,20,245.000,9,246.000,40,320.000,1,0,30,
114718997000,250.000,5,233.000,30,231.000,40,230.000,9,229.000,20,228.000,20,242.000,30,243.000,20,244.000,20,245.000,9,246.000,40,0,30,
114720497000,250.000,5,233.000,30,231.000,40,230.000,9,229.000,20,86.000,1,242.000,30,244.000,20,245.000,9,246.000,40,320.000,1,0,30,
114720497000,250.000,5,233.000,30,231.000,40,230.000,9,229.000,20,227.000,20,242.000,50,244.000,20,245.000,9,246.000,40,320.000,1,0,30,
114721375000,250.000,5,233.000,30,231.000,40,230.000,9,229.000,20,86.000,1,242.000,30,244.000,20,245.000,9,246.000,40,320.000,1,0,30,
114721375000,250.000,5,233.000,30,231.000,40,230.000,9,229.000,20,228.000,20,242.000,30,243.000,20,244.000,20,245.000,9,246.000,40,0,30,
114722487000,250.000,5,233.000,30,231.000,40,230.000,9,229.000,20,86.000,1,242.000,30,244.000,20,245.000,9,246.000,40,320.000,1,0,30,
114722487000,250.000,5,233.000,30,231.000,40,230.000,9,229.000,20,227.000,20,242.000,50,244.000,20,245.000,9,246.000,40,320.000,1,0,30,
114723276000,250.000,5,233.000,30,231.000,20,230.000,9,229.000,20,227.000,20,242.000,50,244.000,20,245.000,9,246.000,20,320.000,1,0,30,
114723367000,250.000,5,233.000,30,230.000,9,229.000,20,227.000,20,86.000,1,242.000,50,244.000,20,245.000,9,320.000,1,400.000,1,0,30,
114723367000,250.000,5,233.000,30,230.000,29,229.000,20,227.000,20,86.000,1,242.000,50,244.000,20,245.000,29,320.000,1,400.000,1,0,30,
114723862000,250.000,5,233.000,30,230.000,49,229.000,20,227.000,20,86.000,1,242.000,50,244.000,20,245.000,49,320.000,1,400.000,1,0,30,
114724790000,250.000,5,233.000,30,230.000,49,229.000,20,86.000,1,84.000,3,242.000,30,244.000,20,245.000,49,320.000,1,400.000,1,0,30,
114724790000,250.000,5,233.000,30,230.000,49,229.000,20,226.000,20,86.000,1,241.000,20,242.000,30,244.000,20,245.000,49,320.000,1,0,30,
114724790000,250.000,5,233.000,30,230.000,49,229.000,20,226.000,20,86.000,1,241.000,29,242.000,30,244.000,20,245.000,49,320.000,1,0,30,
114724873000,250.000,5,233.000,9,230.000,49,229.000,20,226.000,20,86.000,1,241.000,29,242.000,9,244.000,20,245.000,49,320.000,1,0,30,
114724873000,250.000,5,233.000,30,230.000,49,229.000,20,226.000,20,86.000,1,240.000,21,241.000,29,242.000,9,244.000,20,245.000,49,0,30,
114724873000,250.000,5,233.000,21,230.000,49,229.000,20,226.000,20,86.000,1,240.000,21,241.000,29,242.000,9,244.000,20,245.000,49,0,30,
114724873000,250.000,5,233.000,21,230.000,58,229.000,20,226.000,20,86.000,1,240.000,21,241.000,29,242.000,9,244.000,20,245.000,49,0,30,
114724873000,250.000,5,233.000,21,230.000,58,229.000,20,226.000,20,86.000,1,240.000,30,241.000,29,242.000,9,244.000,20,245.000,49,0,30,
114724916000,250.000,5,233.000,30,230.000,58,229.000,20,226.000,20,86.000,1,240.000,30,241.000,29,242.000,9,244.000,20,245.000,49,0,30,
114725006000,250.000,5,233.000,30,230.000,58,229.000,20,226.000,20,86.000,1,240.000,30,241.000,29,244.000,20,245.000,49,320.000,1,0,30,
114725165000,250.000,5,233.000,30,230.000,58,229.000,20,86.000,1,84.000,3,240.000,30,241.000,9,244.000,20,245.000,49,320.000,1,0,30,
114725414000,250.000,5,233.000,30,230.000,58,229.000,20,227.000,20,86.000,1,240.000,30,241.000,9,242.000,20,244.000,20,245.000,49,0,30,
114725662000,250.000,5,233.000,30,230.000,58,229.000,20,86.000,1,84.000,3,240.000,30,241.000,9,244.000,20,245.000,49,320.000,1,0,30,
114725790000,250.000,5,233.000,30,230.000,38,229.000,20,86.000,1,84.000,3,240.000,30,241.000,9,244.000,20,245.000,29,320.000,1,0,30,
114725868000,250.000,5,233.000,30,230.000,18,229.000,20,86.000,1,84.000,3,240.000,30,241.000,9,244.000,20,245.000,9,320.000,1,0,30,
114725868000,250.000,5,233.000,30,230.000,18,229.000,40,86.000,1,84.000,3,240.000,30,241.000,9,244.000,40,245.000,9,320.000,1,0,30,
114725916000,250.000,5,233.000,30,230.000,38,229.000,40,86.000,1,84.000,3,240.000,30,241.000,9,244.000,40,245.000,29,320.000,1,0,30,
114726035000,250.000,5,233.000,30,230.000,38,229.000,40,226.000,20,86.000,1,240.000,30,241.000,29,244.000,40,245.000,29,320.000,1,0,30,
114733119000,250.000,5,233.000,30,230.000,38,229.000,20,226.000,20,86.000,1,240.000,30,241.000,29,244.000,20,245.000,29,320.000,1,0,30,
114733119000,250.000,5,233.000,30,230.000,58,229.000,20,226.000,20,86.000,1,240.000,30,241.000,29,244.000,20,245.000,49,320.000,1,0,30,
114733151000,250.000,5,233.000,30,230.000,58,229.000,20,86.000,1,84.000,3,240.000,30,241.000,9,244.000,20,245.000,49,320.000,1,0,30,
114733151000,250.000,5,233.000,30,230.000,58,229.000,20,227.000,20,86.000,1,240.000,30,241.000,9,242.000,20,244.000,20,245.000,49,0,30,
114734122000,250.000,5,233.000,9,230.000,58,229.000,20,227.000,20,86.000,1,240.000,9,241.000,9,242.000,20,244.000,20,245.000,49,0,30,
114734122000,250.000,5,233.000,30,230.000,58,229.000,20,227.000,20,86.000,1,240.000,9,241.000,30,242.000,20,244.000,20,245.000,49,0,30,
114734122000,250.000,5,233.000,21,230.000,58,229.000,20,227.000,20,86.000,1,240.000,9,241.000,30,242.000,20,244.000,20,245.000,49,0,30,
114734122000,250.000,5,233.000,21,230.000,58,229.000,20,227.000,20,86.000,1,240.000,9,241.000,30,242.000,29,244.000,20,245.000,49,0,30,
114734122000,250.000,5,233.000,21,230.000,58,229.000,20,227.000,20,86.000,1,241.000,30,242.000,29,244.000,20,245.000,49,320.000,1,0,30,
114734122000,250.000,5,233.000,30,230.000,58,229.000,20,227.000,20,86.000,1,241.000,30,242.000,29,244.000,20,245.000,49,320.000,1,0,30,
114734495000,250.000,5,233.000,30,230.000,38,229.000,20,227.000,20,86.000,1,241.000,30,242.000,29,244.000,20,245.000,29,320.000,1,0,30,
114734566000,250.000,5,233.000,30,231.000,20,230.000,38,229.000,20,227.000,20,241.000,30,242.000,29,244.000,20,245.000,29,246.000,20,0,30,
114735993000,250.000,5,233.000,30,231.000,20,230.000,18,229.000,20,227.000,20,241.000,30,242.000,29,244.000,20,245.000,9,246.000,20,0,30,
114735993000,250.000,5,233.000,30,231.000,40,230.000,18,229.000,20,227.000,20,241.000,30,242.000,29,244.000,20,245.000,9,246.000,40,0,30,
114736119000,250.000,5,233.000,9,231.000,40,230.000,18,229.000,20,227.000,20,241.000,9,242.000,29,244.000,20,245.000,9,246.000,40,0,30,
114736119000,250.000,5,234.000,21,233.000,9,231.000,40,230.000,18,229.000,20,241.000,30,242.000,29,244.000,20,245.000,9,246.000,40,0,30,
114736120000,250.000,5,234.000,21,231.000,40,230.000,18,229.000,20,227.000,20,241.000,30,242.000,29,244.000,20,245.000,9,246.000,40,0,30,
114736120000,250.000,5,234.000,21,231.000,49,230.000,18,229.000,20,227.000,20,241.000,30,242.000,29,244.000,20,245.000,9,246.000,40,0,30,
114736120000,250.000,5,234.000,30,231.000,49,230.000,18,229.000,20,227.000,20,241.000,30,242.000,29,244.000,20,245.000,9,246.000,40,0,30,
114736120000,250.000,5,234.000,30,231.000,49,230.000,18,229.000,20,227.000,20,241.000,21,242.000,29,244.000,20,245.000,9,246.000,40,0,30,
114736120000,250.000,5,234.000,30,231.000,49,230.000,18,229.000,20,227.000,20,241.000,30,242.000,29,244.000,20,245.000,9,246.000,40,0,30,
114736505000,250.000,5,234.000,30,231.000,49,230.000,9,229.000,20,227.000,20,241.000,30,242.000,29,244.000,20,245.000,9,246.000,40,0,30,
114736878000,250.000,5,234.000,9,231.000,49,230.000,9,229.000,20,227.000,20,241.000,9,242.000,29,244.000,20,245.000,9,246.000,40,0,30,
114736878000,250.000,5,234.000,9,233.000,21,231.000,49,230.000,9,229.000,20,241.000,30,242.000,29,244.000,20,245.000,9,246.000,40,0,30,
114736878000,250.000,5,233.000,21,231.000,49,230.000,9,229.000,20,227.000,20,241.000,30,242.000,29,244.000,20,245.000,9,246.000,40,0,30,
114736878000,250.000,5,233.000,21,231.000,49,230.000,9,229.000,20,227.000,20,241.000,21,242.000,29,244.000,20,245.000,9,246.000,40,0,30,
114736878000,250.000,5,233.000,30,231.000,49,230.000,9,229.000,20,227.000,20,241.000,21,242.000,29,244.000,20,245.000,9,246.000,40,0,30,
114736942000,250.000,5,233.000,30,231.000,49,230.000,9,229.000,20,227.000,20,241.000,30,242.000,29,244.000,20,245.000,9,246.000,40,0,30,
114737689000,250.000,5,233.000,30,231.000,49,230.000,9,229.000,20,86.000,1,241.000,30,242.000,9,244.000,20,245.000,9,246.000,40,0,30,
114737689000,250.000,5,233.000,30,231.000,49,230.000,9,229.000,20,228.000,20,241.000,30,242.000,9,243.000,20,244.000,20,245.000,9,0,30,
114739215000,250.000,5,233.000,30,231.000,49,230.000,9,229.000,20,86.000,1,241.000,30,242.000,9,244.000,20,245.000,9,246.000,40,0,30,
114739215000,250.000,5,233.000,30,231.000,49,230.000,9,229.000,20,227.000,20,241.000,30,242.000,29,244.000,20,245.000,9,246.000,40,0,30,
114739867000,250.000,5,233.000,30,231.000,49,230.000,9,229.000,20,86.000,1,241.000,30,242.000,9,244.000,20,245.000,9,246.000,40,0,30,
114739868000,250.000,5,233.000,30,231.000,49,230.000,9,229.000,20,228.000,20,241.000,30,242.000,9,243.000,20,244.000,20,245.000,9,0,30,
114739869000,250.000,5,233.000,30,231.000,29,230.000,9,229.000,20,228.000,20,241.000,30,242.000,9,243.000,20,244.000,20,245.000,9,0,30,
114739869000,250.000,5,233.000,30,232.000,20,231.000,29,230.000,9,229.000,20,241.000,30,242.000,9,243.000,20,244.000,20,245.000,9,0,30,
114739871000,250.000,5,233.000,9,232.000,20,231.000,29,230.000,9,229.000,20,241.000,9,242.000,9,243.000,20,244.000,20,245.000,9,0,30,
114739871000,250.000,5,233.000,30,232.000,20,231.000,29,230.000,9,229.000,20,241.000,9,242.000,30,243.000,20,244.000,20,245.000,9,0,30,
114739871000,250.000,5,233.000,30,232.000,20,231.000,29,230.000,9,229.000,20,241.000,9,242.000,30,243.000,29,244.000,20,245.000,9,0,30,
114739871000,250.000,5,233.000,30,232.000,29,231.000,29,230.000,9,229.000,20,241.000,9,242.000,30,243.000,29,244.000,20,245.000,9,0,30,
114739871000,250.000,5,233.000,21,232.000,29,231.000,29,230.000,9,229.000,20,241.000,9,242.000,30,243.000,29,244.000,20,245.000,9,0,30,
114739871000,250.000,5,233.000,21,232.000,29,231.000,29,230.000,9,229.000,20,242.000,30,243.000,29,244.000,20,245.000,9,246.000,20,0,30,
114739871000,250.000,5,233.000,21,232.000,29,231.000,29,230.000,9,229.000,20,241.000,9,242.000,30,243.000,29,244.000,20,245.000,9,0,30,
114739871000,250.000,5,233.000,30,232.000,29,231.000,29,230.000,9,229.000,20,241.000,9,242.000,30,243.000,29,244.000,20,245.000,9,0,30,
114739872000,250.000,5,233.000,30,232.000,29,231.000,29,230.000,9,229.000,20,242.000,30,243.000,29,244.000,20,245.000,9,246.000,20,0,30,
114739903000,250.000,5,233.000,30,232.000,29,231.000,9,230.000,9,229.000,20,242.000,30,243.000,29,244.000,20,245.000,9,247.000,20,0,30,
114740006000,250.000,5,233.000,30,232.000,29,230.000,9,229.000,20,228.000,20,242.000,30,243.000,29,244.000,20,245.000,9,247.000,20,0,30,
114740055000,250.000,5,233.000,30,232.000,29,231.000,20,230.000,9,229.000,20,242.000,30,243.000,29,244.000,20,245.000,9,246.000,20,0,30,
114740555000,250.000,5,233.000,30,232.000,29,231.000,20,230.000,9,228.000,20,242.000,30,243.000,29,245.000,9,246.000,20,247.000,20,0,30,
114740562000,250.000,5,233.000,30,232.000,29,231.000,20,230.000,9,86.000,1,242.000,30,243.000,9,245.000,9,246.000,20,247.000,20,0,30,
114740619000,250.000,5,233.000,30,232.000,9,231.000,20,230.000,9,86.000,1,242.000,30,243.000,9,245.000,9,246.000,20,320.000,1,0,30,
114740619000,250.000,5,233.000,50,232.000,9,231.000,20,230.000,9,86.000,1,242.000,30,243.000,9,245.000,9,246.000,20,248.000,20,0,30,
114740682000,250.000,5,233.000,50,232.000,9,231.000,40,230.000,9,86.000,1,242.000,30,243.000,9,245.000,9,246.000,40,248.000,20,0,30,
114740701000,250.000,5,233.000,50,232.000,9,231.000,40,230.000,9,229.000,20,242.000,30,243.000,9,244.000,20,245.000,9,246.000,40,0,30,
114740980000,250.000,5,233.000,29,232.000,9,231.000,40,230.000,9,229.000,20,242.000,9,243.000,9,244.000,20,245.000,9,246.000,40,0,30,
114740980000,250.000,5,233.000,50,232.000,9,231.000,40,230.000,9,229.000,20,242.000,9,243.000,30,244.000,20,245.000,9,246.000,40,0,30,
114740980000,250.000,5,233.000,50,232.000,9,231.000,40,230.000,9,229.000,20,242.000,9,243.000,30,244.000,29,245.000,9,246.000,40,0,30,
114740980000,250.000,5,233.000,50,232.000,9,231.000,40,230.000,9,229.000,20,243.000,30,244.000,29,245.000,9,246.000,40,248.000,20,0,30,
114741020000,250.000,5,233.000,50,232.000,9,231.000,40,229.000,20,86.000,1,243.000,30,244.000,29,245.000,9,246.000,40,248.000,20,0,30,
114741022000,250.000,5,233.000,50,232.000,9,231.000,40,86.000,1,84.000,3,243.000,30,244.000,9,245.000,9,246.000,40,248.000,20,0,30,
114741044000,250.000,5,233.000,50,232.000,19,231.000,40,86.000,1,84.000,3,243.000,30,244.000,9,245.000,9,246.000,40,248.000,20,0,30,
114741048000,250.000,5,233.000,50,232.000,19,231.000,40,86.000,1,84.000,3,243.000,30,244.000,9,246.000,40,248.000,20,320.000,1,0,30,
114741085000,250.000,5,233.000,50,232.000,19,231.000,40,86.000,1,84.000,3,243.000,30,244.000,9,246.000,40,247.000,10,248.000,20,0,30,
114741131000,250.000,5,233.000,50,232.000,19,231.000,20,86.000,1,84.000,3,243.000,30,244.000,9,246.000,20,247.000,10,248.000,20,0,30,
114741282000,250.000,5,233.000,50,232.000,19,231.000,20,230.000,20,86.000,1,243.000,30,244.000,9,245.000,20,246.000,20,247.000,10,0,30,
114741572000,250.000,5,233.000,30,232.000,19,231.000,20,230.000,20,86.000,1,243.000,30,244.000,9,245.000,20,246.000,20,247.000,10,0,30,
114741572000,250.000,5,234.000,20,233.000,30,232.000,19,231.000,20,230.000,20,243.000,30,244.000,9,245.000,20,246.000,20,247.000,10,0,30,
114741573000,250.000,5,234.000,29,233.000,30,232.000,19,231.000,20,230.000,20,243.000,30,244.000,9,245.000,20,246.000,20,247.000,10,0,30,
114741650000,250.000,5,234.000,29,233.000,9,232.000,19,231.000,20,230.000,20,243.000,9,244.000,9,245.000,20,246.000,20,247.000,10,0,30,
114741650000,250.000,5,234.000,29,233.000,30,232.000,19,231.000,20,230.000,20,243.000,9,244.000,30,245.000,20,246.000,20,247.000,10,0,30,
114741650000,250.000,5,234.000,29,233.000,30,232.000,19,231.000,20,230.000,20,243.000,9,244.000,30,245.000,29,246.000,20,247.000,10,0,30,
114741650000,250.000,5,234.000,29,233.000,30,232.000,19,231.000,20,230.000,20,244.000,30,245.000,29,246.000,20,247.000,10,249.000,20,0,30,
114741869000,250.000,5,234.000,9,233.000,30,232.000,19,231.000,20,230.000,20,244.000,30,245.000,29,246.000,20,247.000,10,320.000,1,0,30,
114741869000,250.000,5,234.000,9,233.000,50,232.000,19,231.000,20,230.000,20,244.000,30,245.000,29,246.000,20,247.000,10,248.000,20,0,30,
114741869000,250.000,5,233.000,50,232.000,19,231.000,20,230.000,20,86.000,1,244.000,30,245.000,29,246.000,20,247.000,10,248.000,20,0,30,
114742001000,250.000,5,233.000,50,232.000,19,231.000,20,86.000,1,84.000,3,244.000,30,245.000,9,246.000,20,247.000,10,248.000,20,0,30,
114742001000,250.000,5,233.000,50,232.000,19,231.000,20,229.000,20,86.000,1,244.000,50,245.000,9,246.000,20,247.000,10,248.000,20,0,30,
114742244000,250.000,5,233.000,50,232.000,19,231.000,20,86.000,1,84.000,3,244.000,30,245.000,9,246.000,20,247.000,10,248.000,20,0,30,
114742619000,250.000,5,233.000,50,232.000,19,231.000,20,230.000,20,86.000,1,244.000,30,245.000,29,246.000,20,247.000,10,248.000,20,0,30,
114742651000,250.000,5,233.000,29,232.000,19,231.000,20,230.000,20,86.000,1,244.000,9,245.000,29,246.000,20,247.000,10,248.000,20,0,30,
114742651000,250.000,5,233.000,50,232.000,19,231.000,20,230.000,20,86.000,1,243.000,21,244.000,9,245.000,29,246.000,20,247.000,10,0,30,
114742651000,250.000,5,233.000,50,232.000,19,231.000,20,230.000,20,86.000,1,243.000,21,245.000,29,246.000,20,247.000,10,248.000,20,0,30,
114742651000,250.000,5,233.000,50,232.000,19,231.000,20,230.000,20,86.000,1,243.000,30,245.000,29,246.000,20,247.000,10,248.000,20,0,30,
114742881000,250.000,5,233.000,29,232.000,19,231.000,20,230.000,20,86.000,1,243.000,9,245.000,29,246.000,20,247.000,10,248.000,20,0,30,
114742881000,250.000,5,233.000,50,232.000,19,231.000,20,230.000,20,86.000,1,243.000,9,244.000,21,245.000,29,246.000,20,247.000,10,0,30,
114742881000,250.000,5,233.000,50,232.000,19,231.000,20,230.000,20,86.000,1,243.000,9,244.000,30,245.000,29,246.000,20,247.000,10,0,30,
114742881000,250.000,5,233.000,50,232.000,19,231.000,20,230.000,20,86.000,1,244.000,30,245.000,29,246.000,20,247.000,10,248.000,20,0,30,
114743118000,250.000,5,233.000,30,232.000,19,231.000,20,230.000,20,86.000,1,244.000,30,245.000,29,246.000,20,247.000,10,320.000,1,0,30,
114743118000,250.000,5,234.000,20,233.000,30,232.000,19,231.000,20,230.000,20,244.000,30,245.000,29,246.000,20,247.000,10,249.000,20,0,30,
114743118000,250.000,5,234.000,29,233.000,30,232.000,19,231.000,20,230.000,20,244.000,30,245.000,29,246.000,20,247.000,10,249.000,20,0,30,
114743506000,250.000,5,234.000,29,233.000,30,232.000,10,231.000,20,230.000,20,244.000,30,245.000,29,246.000,20,247.000,10,249.000,20,0,30,
114743618000,250.000,5,234.000,9,233.000,30,232.000,10,231.000,20,230.000,20,244.000,30,245.000,29,246.000,20,247.000,10,320.000,1,0,30,
114743618000,250.000,5,234.000,9,233.000,50,232.000,10,231.000,20,230.000,20,244.000,30,245.000,29,246.000,20,247.000,10,248.000,20,0,30,
114743618000,250.000,5,233.000,50,232.000,10,231.000,20,230.000,20,86.000,1,244.000,30,245.000,29,246.000,20,247.000,10,248.000,20,0,30,
114743631000,250.000,5,233.000,50,232.000,30,231.000,20,230.000,20,86.000,1,244.000,30,245.000,29,246.000,20,247.000,30,248.000,20,0,30,
114744145000,250.000,5,233.000,50,232.000,30,231.000,20,86.000,1,84.000,3,244.000,30,245.000,9,246.000,20,247.000,30,248.000,20,0,30,
114744319000,250.000,5,233.000,50,232.000,30,231.000,20,229.000,20,86.000,1,244.000,50,245.000,9,246.000,20,247.000,30,248.000,20,0,30,
114745803000,250.000,5,233.000,50,232.000,30,231.000,20,86.000,1,84.000,3,244.000,30,245.000,9,246.000,20,247.000,30,248.000,20,0,30,
114745803000,250.000,5,233.000,50,232.000,30,231.000,20,230.000,20,86.000,1,244.000,30,245.000,29,246.000,20,247.000,30,248.000,20,0,30,
114746049000,250.000,5,233.000,50,232.000,30,231.000,20,86.000,1,84.000,3,244.000,30,245.000,9,246.000,20,247.000,30,248.000,20,0,30,
114746425000,250.000,5,233.000,50,232.000,30,231.000,20,229.000,20,86.000,1,244.000,50,245.000,9,246.000,20,247.000,30,248.000,20,0,30,
114750246000,250.000,5,233.000,50,232.000,30,231.000,20,86.000,1,84.000,3,244.000,30,245.000,9,246.000,20,247.000,30,248.000,20,0,30,
114750246000,250.000,5,233.000,50,232.000,30,231.000,20,230.000,20,86.000,1,244.000,30,245.000,29,246.000,20,247.000,30,248.000,20,0,30,
114750496000,250.000,5,233.000,50,232.000,30,231.000,20,86.000,1,84.000,3,244.000,30,245.000,9,246.000,20,247.000,30,248.000,20,0,30,
114750746000,250.000,5,233.000,50,232.000,30,231.000,20,230.000,20,86.000,1,244.000,30,245.000,29,246.000,20,247.000,30,248.000,20,0,30,
114751185000,250.000,5,233.000,50,232.000,30,231.000,20,86.000,1,84.000,3,244.000,30,245.000,9,246.000,20,247.000,30,248.000,20,0,30,
114751309000,250.000,5,233.000,50,232.000,30,231.000,20,229.000,20,86.000,1,244.000,50,245.000,9,246.000,20,247.000,30,248.000,20,0,30,
114751560000,250.000,5,233.000,50,232.000,30,231.000,20,86.000,1,84.000,3,244.000,30,245.000,9,246.000,20,247.000,30,248.000,20,0,30,
114751744000,250.000,5,233.000,30,232.000,30,231.000,20,86.000,1,84.000,3,244.000,30,245.000,9,246.000,20,247.000,30,320.000,1,0,30,
114751744000,250.000,5,234.000,20,233.000,30,232.000,30,231.000,20,86.000,1,244.000,30,245.000,9,246.000,20,247.000,30,249.000,20,0,30,
114751885000,250.000,5,234.000,20,233.000,9,232.000,30,231.000,20,86.000,1,244.000,9,245.000,9,246.000,20,247.000,30,249.000,20,0,30,
114751885000,250.000,5,235.000,21,234.000,20,233.000,9,232.000,30,231.000,20,244.000,30,245.000,9,246.000,20,247.000,30,249.000,20,0,30,
114751885000,250.000,5,235.000,21,234.000,20,233.000,9,232.000,30,231.000,20,244.000,21,245.000,9,246.000,20,247.000,30,249.000,20,0,30,
114751907000,250.000,5,235.000,21,234.000,20,233.000,9,232.000,30,231.000,20,244.000,21,245.000,29,246.000,20,247.000,30,249.000,20,0,30,
114752706000,250.000,5,235.000,30,234.000,20,233.000,9,232.000,30,231.000,20,244.000,21,245.000,29,246.000,20,247.000,30,249.000,20,0,30,
114752706000,250.000,5,235.000,30,234.000,20,233.000,9,232.000,30,231.000,20,244.000,30,245.000,29,246.000,20,247.000,30,249.000,20,0,30,
114753282000,250.000,5,235.000,30,234.000,20,233.000,9,232.000,10,231.000,20,244.000,30,245.000,29,246.000,20,247.000,10,249.000,20,0,30,
114753864000,250.000,5,235.000,30,234.000,20,233.000,29,232.000,10,231.000,20,244.000,30,245.000,29,246.000,20,247.000,10,248.000,20,0,30,
114754457000,250.000,5,235.000,30,234.000,20,233.000,29,232.000,10,231.000,20,244.000,30,245.000,9,246.000,20,247.000,10,248.000,20,0,30,
114754457000,250.000,5,235.000,30,234.000,20,233.000,29,232.000,10,231.000,40,244.000,30,245.000,9,246.000,40,247.000,10,248.000,20,0,30,
114754459000,250.000,5,235.000,30,234.000,20,233.000,29,232.000,10,231.000,20,244.000,30,245.000,9,246.000,20,247.000,10,248.000,20,0,30,
114754495000,250.000,5,235.000,30,233.000,29,232.000,10,231.000,20,86.000,1,244.000,30,245.000,9,246.000,20,247.000,10,248.000,20,0,30,
114754495000,250.000,5,235.000,50,233.000,29,232.000,10,231.000,20,86.000,1,244.000,30,245.000,9,246.000,20,247.000,10,248.000,20,0,30,
114754506000,250.000,5,235.000,50,233.000,49,232.000,10,231.000,20,86.000,1,244.000,30,245.000,9,246.000,20,247.000,10,248.000,40,0,30,
114754886000,250.000,5,235.000,29,233.000,49,232.000,10,231.000,20,86.000,1,244.000,9,245.000,9,246.000,20,247.000,10,248.000,40,0,30,
114754886000,250.000,5,235.000,50,233.000,49,232.000,10,231.000,20,86.000,1,244.000,9,245.000,30,246.000,20,247.000,10,248.000,40,0,30,
114754886000,250.000,5,235.000,50,233.000,49,232.000,10,231.000,20,86.000,1,245.000,30,246.000,20,247.000,10,248.000,40,250.000,20,0,30,
114754886000,250.000,5,235.000,50,233.000,49,232.000,10,231.000,20,86.000,1,245.000,30,246.000,29,247.000,10,248.000,40,250.000,20,0,30,
114754983000,250.000,5,235.000,50,233.000,49,232.000,10,86.000,1,84.000,3,245.000,30,246.000,9,247.000,10,248.000,40,250.000,20,0,30,
114754983000,250.000,5,235.000,50,233.000,49,232.000,10,230.000,20,86.000,1,245.000,50,246.000,9,247.000,10,248.000,40,250.000,20,0,30,
114755492000,250.000,5,235.000,30,233.000,49,232.000,10,230.000,20,86.000,1,245.000,50,246.000,9,247.000,10,248.000,40,320.000,1,0,30,
114755492000,250.000,5,235.000,30,234.000,20,233.000,49,232.000,10,230.000,20,245.000,50,246.000,9,247.000,10,248.000,40,249.000,20,0,30,
114755886000,250.000,5,235.000,9,234.000,20,233.000,49,232.000,10,230.000,20,245.000,29,246.000,9,247.000,10,248.000,40,249.000,20,0,30,
114755886000,250.000,5,235.000,30,234.000,20,233.000,49,232.000,10,230.000,20,244.000,21,245.000,29,246.000,9,247.000,10,248.000,40,0,30,
114755887000,250.000,5,235.000,21,234.000,20,233.000,49,232.000,10,230.000,20,244.000,21,245.000,29,246.000,9,247.000,10,248.000,40,0,30,
114755887000,250.000,5,235.000,21,234.000,29,233.000,49,232.000,10,230.000,20,244.000,21,245.000,29,246.000,9,247.000,10,248.000,40,0,30,
114755887000,250.000,5,235.000,21,234.000,29,233.000,49,232.000,10,230.000,20,244.000,30,245.000,29,246.000,9,247.000,10,248.000,40,0,30,
114755887000,250.000,5,235.000,30,234.000,29,233.000,49,232.000,10,230.000,20,244.000,30,245.000,29,246.000,9,247.000,10,248.000,40,0,30,
114756005000,250.000,5,235.000,30,234.000,29,233.000,40,232.000,10,230.000,20,244.000,30,245.000,29,246.000,9,247.000,10,248.000,40,0,30,
114756505000,250.000,5,235.000,30,234.000,29,233.000,40,232.000,10,230.000,20,244.000,30,245.000,29,247.000,10,248.000,40,249.000,20,0,30,
114756864000,250.000,5,235.000,30,234.000,9,233.000,40,232.000,10,230.000,20,244.000,30,245.000,29,247.000,10,248.000,40,320.000,1,0,30,
114756864000,250.000,5,235.000,50,234.000,9,233.000,40,232.000,10,230.000,20,244.000,30,245.000,29,247.000,10,248.000,40,250.000,20,0,30,
114756865000,250.000,5,235.000,50,234.000,9,233.000,40,232.000,10,86.000,1,244.000,30,245.000,9,247.000,10,248.000,40,250.000,20,0,30,
114756865000,250.000,5,235.000,50,234.000,9,233.000,40,232.000,10,231.000,20,244.000,30,245.000,9,246.000,20,247.000,10,248.000,40,0,30,
114756887000,250.000,5,235.000,29,234.000,9,233.000,40,232.000,10,231.000,20,244.000,9,245.000,9,246.000,20,247.000,10,248.000,40,0,30,
114756887000,250.000,5,235.000,50,234.000,9,233.000,40,232.000,10,231.000,20,244.000,9,245.000,30,246.000,20,247.000,10,248.000,40,0,30,
114756887000,250.000,5,235.000,50,234.000,9,233.000,40,232.000,10,231.000,20,244.000,9,245.000,30,246.000,29,247.000,10,248.000,40,0,30,
114756887000,250.000,5,235.000,50,234.000,9,233.000,40,232.000,10,231.000,20,245.000,30,246.000,29,247.000,10,248.000,40,250.000,20,0,30,
114757549000,250.000,5,235.000,50,234.000,9,233.000,40,232.000,10,86.000,1,245.000,30,246.000,9,247.000,10,248.000,40,250.000,20,0,30,
114757549000,250.000,5,235.000,50,234.000,9,233.000,40,232.000,30,86.000,1,245.000,30,246.000,9,247.000,30,248.000,40,250.000,20,0,30,
114757640000,250.000,5,235.000,50,234.000,9,233.000,40,232.000,10,86.000,1,245.000,30,246.000,9,247.000,10,248.000,40,250.000,20,0,30,
114758050000,250.000,5,235.000,50,234.000,9,233.000,40,232.000,10,231.000,20,245.000,30,246.000,29,247.000,10,248.000,40,250.000,20,0,30,
114758743000,250.000,5,235.000,30,234.000,9,233.000,40,232.000,10,231.000,20,245.000,30,246.000,29,247.000,10,248.000,40,320.000,1,0,30,
114758743000,250.000,5,235.000,30,234.000,29,233.000,40,232.000,10,231.000,20,245.000,30,246.000,29,247.000,10,248.000,40,249.000,20,0,30,
114758785000,250.000,5,235.000,30,234.000,29,233.000,40,232.000,10,86.000,1,245.000,30,246.000,9,247.000,10,248.000,40,249.000,20,0,30,
114758785000,250.000,5,235.000,30,234.000,29,233.000,40,232.000,10,230.000,20,245.000,50,246.000,9,247.000,10,248.000,40,249.000,20,0,30,
114758887000,250.000,5,235.000,9,234.000,29,233.000,40,232.000,10,230.000,20,245.000,29,246.000,9,247.000,10,248.000,40,249.000,20,0,30,
114758887000,250.000,5,235.000,30,234.000,29,233.000,40,232.000,10,230.000,20,244.000,21,245.000,29,246.000,9,247.000,10,248.000,40,0,30,
114758888000,250.000,5,235.000,21,234.000,29,233.000,40,232.000,10,230.000,20,244.000,21,245.000,29,246.000,9,247.000,10,248.000,40,0,30,
114758888000,250.000,5,235.000,21,234.000,29,233.000,40,232.000,10,230.000,20,244.000,30,245.000,29,246.000,9,247.000,10,248.000,40,0,30,
114758888000,250.000,5,235.000,30,234.000,29,233.000,40,232.000,10,230.000,20,244.000,30,245.000,29,246.000,9,247.000,10,248.000,40,0,30,
114759005000,250.000,5,235.000,30,234.000,29,233.000,40,232.000,10,230.000,20,244.000,30,245.000,29,247.000,10,248.000,40,249.000,20,0,30,
114800000000,250.000,5,235.000,30,234.000,29,233.000,40,232.000,10,86.000,1,244.000,30,245.000,9,247.000,10,248.000,40,249.000,20,0,30,
114800001000,250.000,5,235.000,30,234.000,29,233.000,40,232.000,10,231.000,20,244.000,30,245.000,9,246.000,20,247.000,10,248.000,40,0,30,
114800156000,250.000,5,235.000,30,234.000,29,233.000,40,232.000,10,86.000,1,244.000,30,245.000,9,247.000,10,248.000,40,249.000,20,0,30,
114800563000,250.000,5,235.000,30,234.000,29,233.000,40,232.000,10,230.000,20,244.000,30,245.000,29,247.000,10,248.000,40,249.000,20,0,30,
114800686000,250.000,5,235.000,30,234.000,29,233.000,40,232.000,10,86.000,1,244.000,30,245.000,9,247.000,10,248.000,40,249.000,20,0,30,
114801062000,250.000,5,235.000,30,234.000,29,233.000,40,232.000,10,230.000,20,244.000,30,245.000,29,247.000,10,248.000,40,249.000,20,0,30,
114804526000,250.000,5,235.000,30,234.000,29,233.000,40,232.000,10,86.000,1,244.000,30,245.000,9,247.000,10,248.000,40,249.000,20,0,30,
114804526000,250.000,5,235.000,30,234.000,29,233.000,40,232.000,10,231.000,20,244.000,30,245.000,9,246.000,20,247.000,10,248.000,40,0,30,
114804913000,250.000,5,235.000,30,234.000,29,233.000,40,232.000,10,86.000,1,244.000,30,245.000,9,247.000,10,248.000,40,249.000,20,0,30,
114805038000,250.000,5,235.000,30,234.000,29,233.000,40,232.000,10,230.000,20,244.000,30,245.000,29,247.000,10,248.000,40,249.000,20,0,30,
114806002000,250.000,5,235.000,30,234.000,29,233.000,40,232.000,10,86.000,1,244.000,30,245.000,9,247.000,10,248.000,40,249.000,20,0,30,
114806002000,250.000,5,235.000,30,234.000,29,233.000,40,232.000,10,231.000,20,244.000,30,245.000,9,246.000,20,247.000,10,248.000,40,0,30,
114806891000,250.000,5,235.000,9,234.000,29,233.000,40,232.000,10,231.000,20,244.000,9,245.000,9,246.000,20,247.000,10,248.000,40,0,30,
114806891000,250.000,5,235.000,30,234.000,29,233.000,40,232.000,10,231.000,20,244.000,9,245.000,30,246.000,20,247.000,10,248.000,40,0,30,
114806891000,250.000,5,235.000,30,234.000,29,233.000,40,232.000,10,231.000,20,245.000,30,246.000,20,247.000,10,248.000,40,249.000,20,0,30,
114807891000,250.000,5,235.000,9,234.000,29,233.000,40,232.000,10,231.000,20,245.000,9,246.000,20,247.000,10,248.000,40,249.000,20,0,30,
114807891000,250.000,5,235.000,30,234.000,29,233.000,40,232.000,10,231.000,20,244.000,21,245.000,9,246.000,20,247.000,10,248.000,40,0,30,
114807892000,250.000,5,235.000,30,234.000,29,233.000,40,232.000,10,231.000,20,244.000,21,245.000,9,246.000,29,247.000,10,248.000,40,0,30,
114807892000,250.000,5,235.000,21,234.000,29,233.000,40,232.000,10,231.000,20,244.000,21,245.000,9,246.000,29,247.000,10,248.000,40,0,30,
114807892000,250.000,5,235.000,21,234.000,29,233.000,40,232.000,10,231.000,20,244.000,21,246.000,29,247.000,10,248.000,40,249.000,20,0,30,
114807892000,250.000,5,235.000,21,234.000,29,233.000,40,232.000,10,231.000,20,244.000,30,246.000,29,247.000,10,248.000,40,249.000,20,0,30,
114807892000,250.000,5,235.000,30,234.000,29,233.000,40,232.000,10,231.000,20,244.000,30,246.000,29,247.000,10,248.000,40,249.000,20,0,30,
114808160000,250.000,5,235.000,9,234.000,29,233.000,40,232.000,10,231.000,20,244.000,9,246.000,29,247.000,10,248.000,40,249.000,20,0,30,
114808160000,250.000,5,235.000,30,234.000,29,233.000,40,232.000,10,231.000,20,244.000,9,245.000,21,246.000,29,247.000,10,248.000,40,0,30,
114808161000,250.000,5,235.000,30,234.000,29,233.000,40,232.000,10,231.000,20,245.000,21,246.000,29,247.000,10,248.000,40,249.000,20,0,30,
114808161000,250.000,5,235.000,21,234.000,29,233.000,40,232.000,10,231.000,20,245.000,21,246.000,29,247.000,10,248.000,40,249.000,20,0,30,
114808161000,250.000,5,235.000,21,234.000,29,233.000,40,232.000,10,231.000,20,245.000,30,246.000,29,247.000,10,248.000,40,249.000,20,0,30,
114808161000,250.000,5,235.000,21,234.000,29,233.000,40,231.000,20,86.000,1,245.000,30,246.000,29,247.000,10,248.000,40,249.000,20,0,30,
114808162000,250.000,5,235.000,30,234.000,29,233.000,40,231.000,20,86.000,1,245.000,30,246.000,29,247.000,10,248.000,40,249.000,20,0,30,
114808162000,250.000,5,235.000,30,234.000,38,233.000,40,231.000,20,86.000,1,245.000,30,246.000,29,247.000,10,248.000,40,249.000,20,0,30,
114808181000,250.000,5,235.000,30,234.000,38,233.000,40,231.000,20,86.000,1,245.000,30,246.000,29,248.000,40,249.000,20,320.000,1,0,30,
114808244000,250.000,5,235.000,30,234.000,18,233.000,40,231.000,20,86.000,1,245.000,30,246.000,29,248.000,40,320.000,1,400.000,1,0,30,
114808244000,250.000,5,235.000,50,234.000,18,233.000,40,231.000,20,86.000,1,245.000,30,246.000,29,248.000,40,250.000,20,320.000,1,0,30,
114808267000,250.000,5,235.000,50,234.000,18,233.000,40,86.000,1,84.000,3,245.000,30,246.000,9,248.000,40,250.000,20,320.000,1,0,30,
114808267000,250.000,5,235.000,50,234.000,18,233.000,40,232.000,20,86.000,1,245.000,30,246.000,9,247.000,20,248.000,40,250.000,20,0,30,
114808306000,250.000,5,235.000,50,234.000,18,233.000,40,232.000,20,86.000,1,245.000,30,246.000,9,247.000,20,248.000,40,249.000,9,0,30,
114808992000,250.000,5,235.000,29,234.000,18,233.000,40,232.000,20,86.000,1,245.000,9,246.000,9,247.000,20,248.000,40,249.000,9,0,30,
114808992000,250.000,5,235.000,50,234.000,18,233.000,40,232.000,20,86.000,1,245.000,9,246.000,30,247.000,20,248.000,40,249.000,9,0,30,
114808992000,250.000,5,235.000,50,234.000,18,233.000,40,232.000,20,86.000,1,245.000,9,246.000,30,247.000,29,248.000,40,249.000,9,0,30,
114808992000,250.000,5,235.000,50,234.000,18,233.000,40,232.000,20,86.000,1,246.000,30,247.000,29,248.000,40,249.000,9,250.000,20,0,30,
114809238000,250.000,5,235.000,30,234.000,18,233.000,40,232.000,20,86.000,1,246.000,30,247.000,29,248.000,40,249.000,9,320.000,1,0,30,
114809238000,250.000,5,236.000,20,235.000,30,234.000,18,233.000,40,232.000,20,246.000,30,247.000,29,248.000,40,249.000,9,251.000,20,0,30,
114809238000,250.000,5,236.000,29,235.000,30,234.000,18,233.000,40,232.000,20,246.000,30,247.000,29,248.000,40,249.000,9,251.000,20,0,30,
114809486000,250.000,5,236.000,29,235.000,30,234.000,18,233.000,40,86.000,1,246.000,30,247.000,9,248.000,40,249.000,9,251.000,20,0,30,
114809486000,250.000,5,236.000,29,235.000,30,234.000,18,233.000,60,86.000,1,246.000,30,247.000,9,248.000,60,249.000,9,251.000,20,0,30,
114809506000,250.000,5,236.000,29,235.000,30,234.000,9,233.000,60,86.000,1,246.000,30,247.000,9,248.000,60,249.000,9,251.000,20,0,30,
114809573000,250.000,5,236.000,29,235.000,30,234.000,9,233.000,40,86.000,1,246.000,30,247.000,9,248.000,40,249.000,9,251.000,20,0,30,
114809613000,250.000,5,236.000,29,235.000,30,234.000,9,233.000,20,86.000,1,246.000,30,247.000,9,248.000,20,249.000,9,251.000,20,0,30,
114809618000,250.000,5,236.000,9,235.000,30,234.000,9,233.000,20,86.000,1,246.000,30,247.000,9,248.000,20,249.000,9,320.000,1,0,30,
114809618000,250.000,5,237.000,20,236.000,9,235.000,30,234.000,9,233.000,20,246.000,30,247.000,9,248.000,20,249.000,9,252.000,20,0,30,
114809618000,250.000,5,237.000,20,235.000,30,234.000,9,233.000,20,86.000,1,246.000,30,247.000,9,248.000,20,249.000,9,252.000,20,0,30,
114809618000,250.000,5,237.000,29,235.000,30,234.000,9,233.000,20,86.000,1,246.000,30,247.000,9,248.000,20,249.000,9,252.000,20,0,30,
114809986000,250.000,5,237.000,29,235.000,30,234.000,9,233.000,20,232.000,20,246.000,30,247.000,29,248.000,20,249.000,9,252.000,20,0,30,
114809992000,250.000,5,237.000,29,235.000,9,234.000,9,233.000,20,232.000,20,246.000,9,247.000,29,248.000,20,249.000,9,252.000,20,0,30,
114809992000,250.000,5,238.000,21,237.000,29,235.000,9,234.000,9,233.000,20,246.000,30,247.000,29,248.000,20,249.000,9,252.000,20,0,30,
114809992000,250.000,5,238.000,21,237.000,29,235.000,9,234.000,9,233.000,20,246.000,21,247.000,29,248.000,20,249.000,9,252.000,20,0,30,
114809992000,250.000,5,238.000,30,237.000,29,235.000,9,234.000,9,233.000,20,246.000,21,247.000,29,248.000,20,249.000,9,252.000,20,0,30,
114809993000,250.000,5,238.000,30,237.000,29,235.000,9,234.000,9,233.000,20,246.000,30,247.000,29,248.000,20,249.000,9,252.000,20,0,30,
114810006000,250.000,5,238.000,30,237.000,29,234.000,9,233.000,20,232.000,20,246.000,30,247.000,29,248.000,20,249.000,9,252.000,20,0,30,
114810242000,250.000,5,238.000,30,237.000,9,234.000,9,233.000,20,232.000,20,246.000,30,247.000,29,248.000,20,249.000,9,320.000,1,0,30,
114810242000,250.000,5,238.000,30,237.000,9,236.000,20,234.000,9,233.000,20,246.000,30,247.000,29,248.000,20,249.000,9,251.000,20,0,30,
114810743000,250.000,5,238.000,30,237.000,9,234.000,9,233.000,20,232.000,20,246.000,30,247.000,29,248.000,20,249.000,9,320.000,1,0,30,
114810743000,250.000,5,238.000,30,237.000,29,234.000,9,233.000,20,232.000,20,246.000,30,247.000,29,248.000,20,249.000,9,252.000,20,0,30,
114810835000,250.000,5,238.000,30,237.000,29,234.000,9,233.000,20,86.000,1,246.000,30,247.000,9,248.000,20,249.000,9,252.000,20,0,30,
114810835000,250.000,5,238.000,30,237.000,29,234.000,9,233.000,40,86.000,1,246.000,30,247.000,9,248.000,40,249.000,9,252.000,20,0,30,
114811240000,250.000,5,238.000,30,237.000,29,234.000,29,233.000,40,86.000,1,246.000,30,247.000,9,248.000,40,249.000,29,252.000,20,0,30,
114812188000,250.000,5,238.000,30,237.000,29,234.000,29,233.000,20,86.000,1,246.000,30,247.000,9,248.000,20,249.000,29,252.000,20,0,30,
114812506000,250.000,5,238.000,30,237.000,29,235.000,20,234.000,29,233.000,20,246.000,30,247.000,9,248.000,20,249.000,29,250.000,20,0,30,
114812818000,250.000,5,238.000,30,237.000,29,235.000,20,234.000,29,86.000,1,246.000,30,247.000,9,249.000,29,250.000,20,252.000,20,0,30,
114812818000,250.000,5,238.000,30,237.000,29,235.000,20,234.000,29,232.000,20,246.000,30,247.000,29,249.000,29,250.000,20,252.000,20,0,30,
114812869000,250.000,5,238.000,30,237.000,9,235.000,20,234.000,29,232.000,20,246.000,30,247.000,29,249.000,29,250.000,20,320.000,1,0,30,
114812869000,250.000,5,238.000,30,237.000,9,236.000,20,235.000,20,234.000,29,246.000,30,247.000,29,249.000,29,250.000,20,251.000,20,0,30,
114813191000,250.000,5,238.000,30,237.000,9,236.000,20,235.000,20,234.000,9,246.000,30,247.000,29,249.000,9,250.000,20,251.000,20,0,30,
114813333000,250.000,5,238.000,30,237.000,9,236.000,20,235.000,20,234.000,29,246.000,30,247.000,29,249.000,29,250.000,20,251.000,20,0,30,
114815731000,250.000,5,238.000,30,237.000,9,235.000,20,234.000,29,232.000,20,246.000,30,247.000,29,249.000,29,250.000,20,320.000,1,0,30,
114815731000,250.000,5,238.000,30,237.000,29,235.000,20,234.000,29,232.000,20,246.000,30,247.000,29,249.000,29,250.000,20,252.000,20,0,30,
114815749000,250.000,5,238.000,30,237.000,29,235.000,20,234.000,29,86.000,1,246.000,30,247.000,9,249.000,29,250.000,20,252.000,20,0,30,
114815749000,250.000,5,238.000,30,237.000,29,235.000,20,234.000,29,233.000,20,246.000,30,247.000,9,248.000,20,249.000,29,250.000,20,0,30,
114816149000,250.000,5,238.000,9,237.000,29,235.000,20,234.000,29,233.000,20,246.000,9,247.000,9,248.000,20,249.000,29,250.000,20,0,30,
114816149000,250.000,5,238.000,30,237.000,29,235.000,20,234.000,29,233.000,20,246.000,9,247.000,30,248.000,20,249.000,29,250.000,20,0,30,
114816149000,250.000,5,238.000,30,237.000,29,235.000,20,234.000,29,233.000,20,246.000,9,247.000,30,248.000,29,249.000,29,250.000,20,0,30,
114816149000,250.000,5,238.000,21,237.000,29,235.000,20,234.000,29,233.000,20,246.000,9,247.000,30,248.000,29,249.000,29,250.000,20,0,30,
114816149000,250.000,5,238.000,21,237.000,29,235.000,20,234.000,29,233.000,20,247.000,30,248.000,29,249.000,29,250.000,20,252.000,20,0,30,
114816150000,250.000,5,238.000,30,237.000,29,235.000,20,234.000,29,233.000,20,247.000,30,248.000,29,249.000,29,250.000,20,252.000,20,0,30,
114816363000,250.000,5,238.000,30,237.000,29,235.000,20,234.000,29,86.000,1,247.000,30,248.000,9,249.000,29,250.000,20,252.000,20,0,30,
114816363000,250.000,5,238.000,30,237.000,29,235.000,20,234.000,29,232.000,20,247.000,50,248.000,9,249.000,29,250.000,20,252.000,20,0,30,
114818341000,250.000,5,238.000,30,237.000,29,235.000,20,234.000,29,86.000,1,247.000,30,248.000,9,249.000,29,250.000,20,252.000,20,0,30,
114818341000,250.000,5,238.000,30,237.000,29,235.000,20,234.000,29,233.000,20,247.000,30,248.000,29,249.000,29,250.000,20,252.000,20,0,30,
114818401000,250.000,5,238.000,30,237.000,29,235.000,20,234.000,29,86.000,1,247.000,30,248.000,9,249.000,29,250.000,20,252.000,20,0,30,
114818494000,250.000,5,238.000,30,237.000,9,235.000,20,234.000,29,86.000,1,247.000,30,248.000,9,249.000,29,250.000,20,320.000,1,0,30,
114818494000,250.000,5,238.000,30,237.000,9,236.000,20,235.000,20,234.000,29,247.000,30,248.000,9,249.000,29,250.000,20,251.000,20,0,30,
114818900000,250.000,5,238.000,30,237.000,9,236.000,20,235.000,20,234.000,29,247.000,50,248.000,9,249.000,29,250.000,20,251.000,20,0,30,
114819497000,250.000,5,238.000,9,237.000,9,236.000,20,235.000,20,234.000,29,247.000,29,248.000,9,249.000,29,250.000,20,251.000,20,0,30,
114819497000,250.000,5,238.000,30,237.000,9,236.000,20,235.000,20,234.000,29,246.000,21,247.000,29,248.000,9,249.000,29,250.000,20,0,30,
114819497000,250.000,5,238.000,30,237.000,9,236.000,29,235.000,20,234.000,29,246.000,21,247.000,29,248.000,9,249.000,29,250.000,20,0,30,
114819497000,250.000,5,238.000,21,237.000,9,236.000,29,235.000,20,234.000,29,246.000,21,247.000,29,248.000,9,249.000,29,250.000,20,0,30,
114819497000,250.000,5,238.000,21,237.000,9,236.000,29,235.000,20,234.000,29,246.000,30,247.000,29,248.000,9,249.000,29,250.000,20,0,30,
114819498000,250.000,5,238.000,30,237.000,9,236.000,29,235.000,20,234.000,29,246.000,30,247.000,29,248.000,9,249.000,29,250.000,20,0,30,
114819505000,250.000,5,238.000,30,237.000,9,236.000,20,235.000,20,234.000,29,246.000,30,247.000,29,248.000,9,249.000,29,250.000,20,0,30,
114819505000,250.000,5,238.000,30,237.000,9,236.000,20,235.000,20,234.000,29,246.000,30,247.000,29,249.000,29,250.000,20,251.000,20,0,30,
114820994000,250.000,5,238.000,30,237.000,9,235.000,20,234.000,29,232.000,20,246.000,30,247.000,29,249.000,29,250.000,20,320.000,1,0,30,
114820994000,250.000,5,238.000,30,237.000,9,235.000,40,234.000,29,232.000,20,246.000,30,247.000,29,249.000,29,250.000,40,320.000,1,0,30,
114821011000,250.000,5,238.000,30,237.000,9,235.000,40,234.000,29,86.000,1,246.000,30,247.000,9,249.000,29,250.000,40,320.000,1,0,30,
114821011000,250.000,5,238.000,30,237.000,9,235.000,40,234.000,29,231.000,20,246.000,50,247.000,9,249.000,29,250.000,40,320.000,1,0,30,
114821126000,250.000,5,238.000,30,237.000,9,235.000,40,234.000,29,86.000,1,246.000,30,247.000,9,249.000,29,250.000,40,320.000,1,0,30,
114821627000,250.000,5,238.000,30,237.000,9,235.000,40,234.000,29,232.000,20,246.000,30,247.000,29,249.000,29,250.000,40,320.000,1,0,30,
114821993000,250.000,5,238.000,30,237.000,9,235.000,20,234.000,29,232.000,20,246.000,30,247.000,29,249.000,29,250.000,20,320.000,1,0,30,
114821993000,250.000,5,238.000,30,237.000,9,236.000,20,235.000,20,234.000,29,246.000,30,247.000,29,249.000,29,250.000,20,251.000,20,0,30,
114823843000,250.000,5,238.000,30,237.000,9,236.000,20,235.000,20,234.000,29,246.000,30,247.000,9,249.000,29,250.000,20,251.000,20,0,30,
114823843000,250.000,5,238.000,30,237.000,9,236.000,20,235.000,20,234.000,29,246.000,30,247.000,9,248.000,20,249.000,29,250.000,20,0,30,
114824837000,250.000,5,238.000,30,237.000,9,236.000,20,235.000,20,234.000,29,246.000,30,247.000,9,249.000,29,250.000,20,251.000,20,0,30,
114824837000,250.000,5,238.000,30,237.000,9,236.000,20,235.000,20,234.000,29,246.000,30,247.000,29,249.000,29,250.000,20,251.000,20,0,30,
114825427000,250.000,5,238.000,30,237.000,9,236.000,20,235.000,20,234.000,29,246.000,30,247.000,9,249.000,29,250.000,20,251.000,20,0,30,
114825427000,250.000,5,238.000,30,237.000,9,236.000,20,235.000,20,234.000,29,246.000,50,247.000,9,249.000,29,250.000,20,251.000,20,0,30,
114826368000,250.000,5,238.000,30,237.000,9,235.000,20,234.000,29,231.000,20,246.000,50,247.000,9,249.000,29,250.000,20,320.000,1,0,30,
114826368000,250.000,5,238.000,30,237.000,9,235.000,40,234.000,29,231.000,20,246.000,50,247.000,9,249.000,29,250.000,40,320.000,1,0,30,
114828022000,250.000,5,238.000,30,237.000,9,235.000,40,234.000,29,86.000,1,246.000,30,247.000,9,249.000,29,250.000,40,320.000,1,0,30,
114828022000,250.000,5,238.000,30,237.000,9,235.000,40,234.000,29,232.000,20,246.000,30,247.000,29,249.000,29,250.000,40,320.000,1,0,30,
114828118000,250.000,5,238.000,30,237.000,9,235.000,20,234.000,29,232.000,20,246.000,30,247.000,29,249.000,29,250.000,20,320.000,1,0,30,
114828118000,250.000,5,238.000,30,237.000,9,236.000,20,235.000,20,234.000,29,246.000,30,247.000,29,249.000,29,250.000,20,251.000,20,0,30,
114830371000,250.000,5,238.000,30,237.000,9,235.000,20,234.000,29,232.000,20,246.000,30,247.000,29,249.000,29,250.000,20,320.000,1,0,30,
114830371000,250.000,5,238.000,30,237.000,9,235.000,40,234.000,29,232.000,20,246.000,30,247.000,29,249.000,29,250.000,40,320.000,1,0,30,
114831213000,250.000,5,238.000,30,237.000,9,235.000,20,234.000,29,232.000,20,246.000,30,247.000,29,249.000,29,250.000,20,320.000,1,0,30,
114831213000,250.000,5,238.000,30,237.000,9,236.000,20,235.000,20,234.000,29,246.000,30,247.000,29,249.000,29,250.000,20,251.000,20,0,30,
114831321000,250.000,5,238.000,30,237.000,9,236.000,20,235.000,20,234.000,29,246.000,30,247.000,9,249.000,29,250.000,20,251.000,20,0,30,
114831321000,250.000,5,238.000,30,237.000,9,236.000,20,235.000,20,234.000,29,246.000,30,247.000,9,248.000,20,249.000,29,250.000,20,0,30,
114831370000,250.000,5,238.000,30,237.000,9,235.000,20,234.000,29,233.000,20,246.000,30,247.000,9,248.000,20,249.000,29,250.000,20,0,30,
114831370000,250.000,5,238.000,30,237.000,29,235.000,20,234.000,29,233.000,20,246.000,30,247.000,9,248.000,20,249.000,29,250.000,20,0,30,
114833400000,250.000,5,238.000,30,237.000,29,235.000,20,234.000,9,233.000,20,246.000,30,247.000,9,248.000,20,249.000,9,250.000,20,0,30,
114834026000,250.000,5,238.000,30,237.000,29,235.000,20,234.000,9,86.000,1,246.000,30,247.000,9,249.000,9,250.000,20,252.000,20,0,30,
114834026000,250.000,5,238.000,30,237.000,29,235.000,20,234.000,9,232.000,20,246.000,30,247.000,29,249.000,9,250.000,20,252.000,20,0,30,
114834119000,250.000,5,238.000,30,237.000,9,235.000,20,234.000,9,232.000,20,246.000,30,247.000,29,249.000,9,250.000,20,320.000,1,0,30,
114834119000,250.000,5,238.000,30,237.000,9,236.000,20,235.000,20,234.000,9,246.000,30,247.000,29,249.000,9,250.000,20,251.000,20,0,30,
114834741000,250.000,5,238.000,30,237.000,9,236.000,20,235.000,20,234.000,29,246.000,30,247.000,29,249.000,29,250.000,20,251.000,20,0,30,
114837118000,250.000,5,238.000,30,237.000,9,235.000,20,234.000,29,232.000,20,246.000,30,247.000,29,249.000,29,250.000,20,320.000,1,0,30,
114837118000,250.000,5,238.000,30,237.000,9,235.000,40,234.000,29,232.000,20,246.000,30,247.000,29,249.000,29,250.000,40,320.000,1,0,30,
114838618000,250.000,5,238.000,30,237.000,9,235.000,20,234.000,29,232.000,20,246.000,30,247.000,29,249.000,29,250.000,20,320.000,1,0,30,
114838618000,250.000,5,238.000,30,237.000,9,236.000,20,235.000,20,234.000,29,246.000,30,247.000,29,249.000,29,250.000,20,251.000,20,0,30,
114838661000,250.000,5,238.000,30,237.000,9,236.000,20,235.000,20,234.000,29,246.000,30,247.000,9,249.000,29,250.000,20,251.000,20,0,30,
114838661000,250.000,5,238.000,30,237.000,9,236.000,20,235.000,20,234.000,29,246.000,30,247.000,9,248.000,20,249.000,29,250.000,20,0,30,
114839159000,250.000,5,238.000,30,237.000,9,236.000,20,235.000,20,234.000,29,246.000,30,247.000,9,249.000,29,250.000,20,251.000,20,0,30,
114839159000,250.000,5,238.000,30,237.000,9,236.000,20,235.000,20,234.000,29,246.000,30,247.000,29,249.000,29,250.000,20,251.000,20,0,30,
114840035000,250.000,5,238.000,30,237.000,9,236.000,20,235.000,20,234.000,29,246.000,30,247.000,9,249.000,29,250.000,20,251.000,20,0,30,
114840035000,250.000,5,238.000,30,237.000,9,236.000,20,235.000,20,234.000,29,246.000,30,247.000,9,248.000,20,249.000,29,250.000,20,0,30,
114840286000,250.000,5,238.000,30,237.000,9,236.000,20,235.000,20,234.000,29,246.000,30,247.000,9,249.000,29,250.000,20,251.000,20,0,30,
114840535000,250.000,5,238.000,30,237.000,9,236.000,20,235.000,20,234.000,29,246.000,30,247.000,29,249.000,29,250.000,20,251.000,20,0,30,
114841159000,250.000,5,238.000,30,237.000,9,236.000,20,235.000,20,234.000,29,246.000,30,247.000,9,249.000,29,250.000,20,251.000,20,0,30,
114841159000,250.000,5,238.000,30,237.000,9,236.000,20,235.000,20,234.000,29,246.000,30,247.000,9,248.000,20,249.000,29,250.000,20,0,30,
114841534000,250.000,5,238.000,30,237.000,9,236.000,20,235.000,20,234.000,29,246.000,30,247.000,9,249.000,29,250.000,20,251.000,20,0,30,
114841659000,250.000,5,238.000,30,237.000,9,236.000,20,235.000,20,234.000,29,246.000,30,247.000,29,249.000,29,250.000,20,251.000,20,0,30,
114842001000,250.000,5,238.000,30,237.000,9,236.000,20,235.000,20,234.000,29,246.000,30,247.000,9,249.000,29,250.000,20,251.000,20,0,30,
114842159000,250.000,5,238.000,30,237.000,9,236.000,20,235.000,20,234.000,29,246.000,30,247.000,9,248.000,20,249.000,29,250.000,20,0,30,
114842493000,250.000,5,238.000,30,237.000,9,235.000,20,234.000,29,233.000,20,246.000,30,247.000,9,248.000,20,249.000,29,250.000,20,0,30,
114842493000,250.000,5,238.000,30,237.000,29,235.000,20,234.000,29,233.000,20,246.000,30,247.000,9,248.000,20,249.000,29,250.000,20,0,30,
114844151000,250.000,5,238.000,9,237.000,29,235.000,20,234.000,29,233.000,20,246.000,9,247.000,9,248.000,20,249.000,29,250.000,20,0,30,
114844151000,250.000,5,238.000,30,237.000,29,235.000,20,234.000,29,233.000,20,246.000,9,247.000,30,248.000,20,249.000,29,250.000,20,0,30,
114844152000,250.000,5,238.000,30,237.000,29,235.000,20,234.000,29,233.000,20,246.000,9,247.000,30,248.000,29,249.000,29,250.000,20,0,30,
114844152000,250.000,5,238.000,21,237.000,29,235.000,20,234.000,29,233.000,20,246.000,9,247.000,30,248.000,29,249.000,29,250.000,20,0,30,
114844152000,250.000,5,238.000,21,237.000,29,235.000,20,234.000,29,233.000,20,247.000,30,248.000,29,249.000,29,250.000,20,252.000,20,0,30,
114844152000,250.000,5,238.000,30,237.000,29,235.000,20,234.000,29,233.000,20,247.000,30,248.000,29,249.000,29,250.000,20,252.000,20,0,30,
114844863000,250.000,5,238.000,30,237.000,29,235.000,20,234.000,20,233.000,20,247.000,30,248.000,29,249.000,29,250.000,20,252.000,20,0,30,
114844865000,250.000,5,238.000,30,237.000,29,235.000,20,234.000,20,233.000,20,247.000,30,248.000,29,249.000,20,250.000,20,252.000,20,0,30,
114844868000,250.000,5,238.000,30,237.000,38,235.000,20,234.000,20,233.000,20,247.000,30,248.000,29,249.000,20,250.000,20,252.000,20,0,30,
114844868000,250.000,5,238.000,30,237.000,38,235.000,20,233.000,20,86.000,1,247.000,30,248.000,29,250.000,20,252.000,20,320.000,1,0,30,
114844870000,250.000,5,238.000,30,237.000,18,235.000,20,233.000,20,86.000,1,247.000,30,248.000,29,250.000,20,320.000,1,400.000,1,0,30,
114844870000,250.000,5,238.000,50,237.000,18,235.000,20,233.000,20,86.000,1,247.000,30,248.000,29,250.000,20,253.000,20,320.000,1,0,30,
114844982000,250.000,5,238.000,50,237.000,18,235.000,20,233.000,20,86.000,1,247.000,30,248.000,29,250.000,20,251.000,9,253.000,20,0,30,
114845001000,250.000,5,238.000,50,237.000,18,235.000,20,86.000,1,84.000,3,247.000,30,248.000,9,250.000,20,251.000,9,253.000,20,0,30,
114845001000,250.000,5,238.000,50,237.000,18,235.000,20,234.000,20,86.000,1,247.000,30,248.000,9,249.000,20,250.000,20,251.000,9,0,30,
114845003000,250.000,5,238.000,50,237.000,18,236.000,20,235.000,20,234.000,20,247.000,30,248.000,9,249.000,20,250.000,20,251.000,29,0,30,
114845250000,250.000,5,238.000,29,237.000,18,236.000,20,235.000,20,234.000,20,247.000,9,248.000,9,249.000,20,250.000,20,251.000,29,0,30,
114845250000,250.000,5,238.000,50,237.000,18,236.000,20,235.000,20,234.000,20,247.000,9,248.000,30,249.000,20,250.000,20,251.000,29,0,30,
114845250000,250.000,5,238.000,50,237.000,18,236.000,20,235.000,20,234.000,20,248.000,30,249.000,20,250.000,20,251.000,29,253.000,20,0,30,
114845251000,250.000,5,238.000,50,237.000,18,236.000,20,235.000,20,234.000,20,248.000,30,249.000,29,250.000,20,251.000,29,253.000,20,0,30,
114845531000,250.000,5,238.000,50,237.000,18,235.000,20,234.000,20,86.000,1,248.000,30,249.000,29,250.000,20,251.000,9,253.000,20,0,30,
114845608000,250.000,5,238.000,50,237.000,18,235.000,20,86.000,1,84.000,3,248.000,30,249.000,9,250.000,20,251.000,9,253.000,20,0,30,
114845608000,250.000,5,238.000,50,237.000,18,235.000,20,233.000,20,86.000,1,248.000,50,249.000,9,250.000,20,251.000,9,253.000,20,0,30,
114845743000,250.000,5,238.000,30,237.000,18,235.000,20,233.000,20,86.000,1,248.000,50,249.000,9,250.000,20,251.000,9,320.000,1,0,30,
114845743000,250.000,5,238.000,30,237.000,38,235.000,20,233.000,20,86.000,1,248.000,50,249.000,9,250.000,20,251.000,9,252.000,20,0,30,
114846026000,250.000,5,238.000,30,237.000,38,235.000,40,233.000,20,86.000,1,248.000,50,249.000,9,250.000,40,251.000,9,252.000,20,0,30,
114846908000,250.000,5,238.000,9,237.000,38,235.000,40,233.000,20,86.000,1,248.000,29,249.000,9,250.000,40,251.000,9,252.000,20,0,30,
114846908000,250.000,5,238.000,30,237.000,38,235.000,40,233.000,20,86.000,1,247.000,21,248.000,29,249.000,9,250.000,40,251.000,9,0,30,
114846908000,250.000,5,238.000,30,237.000,38,235.000,40,233.000,20,86.000,1,247.000,30,248.000,29,249.000,9,250.000,40,251.000,9,0,30,
114847005000,250.000,5,238.000,30,237.000,38,235.000,40,233.000,20,86.000,1,247.000,30,248.000,29,250.000,40,251.000,9,252.000,20,0,30,
114848588000,250.000,5,238.000,30,237.000,38,235.000,40,86.000,1,84.000,3,247.000,30,248.000,9,250.000,40,251.000,9,252.000,20,0,30,
114848588000,250.000,5,238.000,30,237.000,38,235.000,40,234.000,20,86.000,1,247.000,30,248.000,9,249.000,20,250.000,40,251.000,9,0,30,
114849094000,250.000,5,238.000,30,237.000,38,235.000,40,86.000,1,84.000,3,247.000,30,248.000,9,250.000,40,251.000,9,252.000,20,0,30,
114849104000,250.000,5,238.000,30,237.000,38,235.000,40,233.000,20,86.000,1,247.000,30,248.000,29,250.000,40,251.000,9,252.000,20,0,30,
114849460000,250.000,5,238.000,30,237.000,38,235.000,40,86.000,1,84.000,3,247.000,30,248.000,9,250.000,40,251.000,9,252.000,20,0,30,
114849706000,250.000,5,238.000,30,237.000,38,235.000,40,234.000,20,86.000,1,247.000,30,248.000,9,249.000,20,250.000,40,251.000,9,0,30,
114849955000,250.000,5,238.000,30,237.000,38,235.000,40,86.000,1,84.000,3,247.000,30,248.000,9,250.000,40,251.000,9,252.000,20,0,30,
114850206000,250.000,5,238.000,30,237.000,38,235.000,40,233.000,20,86.000,1,247.000,30,248.000,29,250.000,40,251.000,9,252.000,20,0,30,
114851992000,250.000,5,238.000,30,237.000,18,235.000,40,233.000,20,86.000,1,247.000,30,248.000,29,250.000,40,251.000,9,320.000,1,0,30,
114851992000,250.000,5,238.000,50,237.000,18,235.000,40,233.000,20,86.000,1,247.000,30,248.000,29,250.000,40,251.000,9,253.000,20,0,30,
114852071000,250.000,5,238.000,50,237.000,18,235.000,40,86.000,1,84.000,3,247.000,30,248.000,9,250.000,40,251.000,9,253.000,20,0,30,
114852071000,250.000,5,238.000,50,237.000,18,235.000,40,234.000,20,86.000,1,247.000,30,248.000,9,249.000,20,250.000,40,251.000,9,0,30,
114852910000,250.000,5,238.000,29,237.000,18,235.000,40,234.000,20,86.000,1,247.000,9,248.000,9,249.000,20,250.000,40,251.000,9,0,30,
114852910000,250.000,5,238.000,50,237.000,18,235.000,40,234.000,20,86.000,1,247.000,9,248.000,30,249.000,20,250.000,40,251.000,9,0,30,
114852911000,250.000,5,238.000,50,237.000,18,235.000,40,234.000,20,86.000,1,248.000,30,249.000,20,250.000,40,251.000,9,253.000,20,0,30,
114852911000,250.000,5,238.000,50,237.000,18,235.000,40,234.000,20,86.000,1,248.000,30,249.000,29,250.000,40,251.000,9,253.000,20,0,30,
114853870000,250.000,5,238.000,30,237.000,18,235.000,40,234.000,20,86.000,1,248.000,30,249.000,29,250.000,40,251.000,9,320.000,1,0,30,
114853870000,250.000,5,239.000,20,238.000,30,237.000,18,235.000,40,234.000,20,248.000,30,249.000,29,250.000,40,251.000,9,254.000,20,0,30,
114853870000,250.000,5,239.000,29,238.000,30,237.000,18,235.000,40,234.000,20,248.000,30,249.000,29,250.000,40,251.000,9,254.000,20,0,30,
114853911000,250.000,5,239.000,29,238.000,9,237.000,18,235.000,40,234.000,20,248.000,9,249.000,29,250.000,40,251.000,9,254.000,20,0,30,
114853911000,250.000,5,240.000,21,239.000,29,238.000,9,237.000,18,235.000,40,248.000,30,249.000,29,250.000,40,251.000,9,254.000,20,0,30,
114853911000,250.000,5,240.000,21,239.000,29,238.000,9,237.000,18,235.000,40,248.000,21,249.000,29,250.000,40,251.000,9,254.000,20,0,30,
114853911000,250.000,5,240.000,30,239.000,29,238.000,9,237.000,18,235.000,40,248.000,21,249.000,29,250.000,40,251.000,9,254.000,20,0,30,
114853911000,250.000,5,240.000,30,239.000,29,238.000,9,237.000,18,235.000,40,248.000,30,249.000,29,250.000,40,251.000,9,254.000,20,0,30,
114854006000,250.000,5,240.000,30,239.000,29,237.000,18,235.000,40,234.000,20,248.000,30,249.000,29,250.000,40,251.000,9,254.000,20,0,30,
114854006000,250.000,5,240.000,30,239.000,29,237.000,9,235.000,40,234.000,20,248.000,30,249.000,29,250.000,40,251.000,9,254.000,20,0,30,
114854493000,250.000,5,240.000,30,239.000,9,237.000,9,235.000,40,234.000,20,248.000,30,249.000,29,250.000,40,251.000,9,320.000,1,0,30,
114854493000,250.000,5,240.000,30,239.000,9,238.000,20,237.000,9,235.000,40,248.000,30,249.000,29,250.000,40,251.000,9,253.000,20,0,30,
114855570000,250.000,5,240.000,30,239.000,9,238.000,20,237.000,9,235.000,40,248.000,30,249.000,9,250.000,40,251.000,9,253.000,20,0,30,
114855570000,250.000,5,240.000,30,239.000,9,238.000,20,237.000,9,235.000,40,248.000,50,249.000,9,250.000,40,251.000,9,253.000,20,0,30,
114855932000,250.000,5,240.000,30,239.000,9,238.000,20,237.000,9,235.000,40,248.000,30,249.000,9,250.000,40,251.000,9,253.000,20,0,30,
114856182000,250.000,5,240.000,30,239.000,9,238.000,20,237.000,9,235.000,40,248.000,30,249.000,29,250.000,40,251.000,9,253.000,20,0,30,
114858497000,250.000,5,240.000,30,239.000,9,238.000,20,237.000,9,235.000,20,248.000,30,249.000,29,250.000,20,251.000,9,253.000,20,0,30,
114859118000,250.000,5,240.000,30,239.000,9,237.000,9,235.000,20,234.000,20,248.000,30,249.000,29,250.000,20,251.000,9,320.000,1,0,30,
114859118000,250.000,5,240.000,30,239.000,29,237.000,9,235.000,20,234.000,20,248.000,30,249.000,29,250.000,20,251.000,9,254.000,20,0,30,
114859309000,250.000,5,240.000,30,239.000,29,237.000,9,236.000,20,235.000,20,248.000,30,249.000,29,250.000,20,251.000,29,254.000,20,0,30,
114900118000,250.000,5,240.000,30,239.000,9,237.000,9,236.000,20,235.000,20,248.000,30,249.000,29,250.000,20,251.000,29,320.000,1,0,30,
114900118000,250.000,5,240.000,30,239.000,9,238.000,20,237.000,9,236.000,20,248.000,30,249.000,29,250.000,20,251.000,29,253.000,20,0,30,
114900277000,250.000,5,240.000,30,239.000,9,238.000,20,237.000,9,236.000,20,248.000,30,249.000,9,250.000,20,251.000,29,253.000,20,0,30,
114900277000,250.000,5,240.000,30,239.000,9,238.000,20,237.000,9,236.000,20,248.000,50,249.000,9,250.000,20,251.000,29,253.000,20,0,30,
114900648000,250.000,5,240.000,30,239.000,9,238.000,20,237.000,9,236.000,20,248.000,30,249.000,9,250.000,20,251.000,29,253.000,20,0,30,
114900898000,250.000,5,240.000,30,239.000,9,238.000,20,237.000,9,236.000,20,248.000,30,249.000,29,250.000,20,251.000,29,253.000,20,0,30,
114901868000,250.000,5,240.000,30,239.000,9,237.000,9,236.000,20,235.000,20,248.000,30,249.000,29,250.000,20,251.000,29,320.000,1,0,30,
114901868000,250.000,5,240.000,30,239.000,29,237.000,9,236.000,20,235.000,20,248.000,30,249.000,29,250.000,20,251.000,29,254.000,20,0,30,
114905118000,250.000,5,240.000,30,239.000,9,237.000,9,236.000,20,235.000,20,248.000,30,249.000,29,250.000,20,251.000,29,320.000,1,0,30,
114905118000,250.000,5,240.000,30,239.000,9,238.000,20,237.000,9,236.000,20,248.000,30,249.000,29,250.000,20,251.000,29,253.000,20,0,30,
114905868000,250.000,5,240.000,30,239.000,9,237.000,9,236.000,20,235.000,20,248.000,30,249.000,29,250.000,20,251.000,29,320.000,1,0,30,
114905868000,250.000,5,240.000,30,239.000,29,237.000,9,236.000,20,235.000,20,248.000,30,249.000,29,250.000,20,251.000,29,254.000,20,0,30,
114905980000,250.000,5,240.000,30,239.000,29,237.000,9,236.000,20,235.000,20,248.000,30,249.000,9,250.000,20,251.000,29,254.000,20,0,30,
114905980000,250.000,5,240.000,30,239.000,29,237.000,9,236.000,20,235.000,40,248.000,30,249.000,9,250.000,40,251.000,29,254.000,20,0,30,
114905999000,250.000,5,240.000,30,239.000,29,237.000,9,236.000,20,235.000,20,248.000,30,249.000,9,250.000,20,251.000,29,254.000,20,0,30,
114906526000,250.000,5,240.000,30,239.000,29,237.000,9,236.000,20,235.000,40,248.000,30,249.000,9,250.000,40,251.000,29,254.000,20,0,30,
114906833000,250.000,5,240.000,30,239.000,29,237.000,9,235.000,40,86.000,1,248.000,30,249.000,9,250.000,40,251.000,9,254.000,20,0,30,
114907118000,250.000,5,240.000,30,239.000,9,237.000,9,235.000,40,86.000,1,248.000,30,249.000,9,250.000,40,251.000,9,320.000,1,0,30,
114907118000,250.000,5,240.000,50,239.000,9,237.000,9,235.000,40,86.000,1,248.000,30,249.000,9,250.000,40,251.000,9,255.000,20,0,30,
114907177000,250.000,5,240.000,50,239.000,9,237.000,29,235.000,40,86.000,1,248.000,30,249.000,9,250.000,40,251.000,9,252.000,20,0,30,
114907379000,250.000,5,240.000,50,239.000,9,237.000,29,235.000,20,86.000,1,248.000,30,249.000,9,250.000,20,251.000,9,252.000,20,0,30,
114907379000,250.000,5,240.000,50,239.000,9,237.000,29,236.000,20,235.000,20,248.000,30,249.000,9,250.000,20,251.000,29,252.000,20,0,30,
114907627000,250.000,5,240.000,50,239.000,9,237.000,29,235.000,20,86.000,1,248.000,30,249.000,9,250.000,20,251.000,9,252.000,20,0,30,
114907931000,250.000,5,240.000,29,239.000,9,237.000,29,235.000,20,86.000,1,248.000,9,249.000,9,250.000,20,251.000,9,252.000,20,0,30,
114907931000,250.000,5,240.000,50,239.000,9,237.000,29,235.000,20,86.000,1,248.000,9,249.000,30,250.000,20,251.000,9,252.000,20,0,30,
114907931000,250.000,5,240.000,50,239.000,9,237.000,29,235.000,20,86.000,1,248.000,9,249.000,30,250.000,29,251.000,9,252.000,20,0,30,
114907931000,250.000,5,240.000,50,239.000,9,237.000,29,235.000,20,86.000,1,249.000,30,250.000,29,251.000,9,252.000,20,255.000,20,0,30,
114907952000,250.000,5,240.000,50,239.000,9,237.000,29,86.000,1,84.000,3,249.000,30,250.000,9,251.000,9,252.000,20,255.000,20,0,30,
114907996000,250.000,5,240.000,50,239.000,9,237.000,29,235.000,20,86.000,1,249.000,30,250.000,29,251.000,9,252.000,20,255.000,20,0,30,
114908005000,250.000,5,240.000,50,239.000,9,237.000,49,235.000,20,86.000,1,249.000,30,250.000,29,251.000,9,252.000,40,255.000,20,0,30,
114909927000,250.000,5,240.000,50,239.000,9,237.000,49,235.000,20,86.000,1,249.000,30,250.000,29,252.000,40,255.000,20,320.000,1,0,30,
114909977000,250.000,5,240.000,50,239.000,9,237.000,49,86.000,1,84.000,3,249.000,30,250.000,9,252.000,40,255.000,20,320.000,1,0,30,
114909977000,250.000,5,240.000,50,239.000,9,237.000,49,236.000,20,86.000,1,249.000,30,250.000,9,251.000,20,252.000,40,255.000,20,0,30,
114909994000,250.000,5,240.000,30,239.000,9,237.000,49,236.000,20,86.000,1,249.000,30,250.000,9,251.000,20,252.000,40,320.000,1,0,30,
114909994000,250.000,5,241.000,20,240.000,30,239.000,9,237.000,49,236.000,20,249.000,30,250.000,9,251.000,20,252.000,40,256.000,20,0,30,
114909994000,250.000,5,241.000,29,240.000,30,239.000,9,237.000,49,236.000,20,249.000,30,250.000,9,251.000,20,252.000,40,256.000,20,0,30,
114910006000,250.000,5,241.000,29,240.000,30,237.000,49,236.000,20,86.000,1,249.000,30,250.000,9,251.000,20,252.000,40,256.000,20,0,30,
114910050000,250.000,5,241.000,29,240.000,30,237.000,49,236.000,20,86.000,1,249.000,30,250.000,9,251.000,20,252.000,40,253.000,9,0,30,
114910115000,250.000,5,241.000,29,240.000,9,237.000,49,236.000,20,86.000,1,249.000,9,250.000,9,251.000,20,252.000,40,253.000,9,0,30,
114910115000,250.000,5,242.000,21,241.000,29,240.000,9,237.000,49,236.000,20,249.000,9,250.000,30,251.000,20,252.000,40,253.000,9,0,30,
114910118000,250.000,5,242.000,21,241.000,29,240.000,9,237.000,49,236.000,20,249.000,9,250.000,30,251.000,29,252.000,40,253.000,9,0,30,
114910119000,250.000,5,242.000,21,241.000,29,240.000,9,237.000,49,236.000,20,250.000,30,251.000,29,252.000,40,253.000,9,256.000,20,0,30,
114910119000,250.000,5,242.000,30,241.000,29,240.000,9,237.000,49,236.000,20,250.000,30,251.000,29,252.000,40,253.000,9,256.000,20,0,30,
114910119000,250.000,5,242.000,30,241.000,29,240.000,9,237.000,49,86.000,1,250.000,30,251.000,9,252.000,40,253.000,9,256.000,20,0,30,
114910506000,250.000,5,242.000,30,241.000,29,237.000,49,86.000,1,84.000,3,250.000,30,251.000,9,252.000,40,253.000,9,256.000,20,0,30,
114910509000,250.000,5,242.000,30,241.000,29,237.000,69,86.000,1,84.000,3,250.000,30,251.000,9,252.000,60,253.000,9,256.000,20,0,30,
114910994000,250.000,5,242.000,30,241.000,9,237.000,69,86.000,1,84.000,3,250.000,30,251.000,9,252.000,60,253.000,9,320.000,1,0,30,
114910994000,250.000,5,242.000,50,241.000,9,237.000,69,86.000,1,84.000,3,250.000,30,251.000,9,252.000,60,253.000,9,257.000,20,0,30,
114911077000,250.000,5,242.000,50,241.000,9,237.000,60,86.000,1,84.000,3,250.000,30,251.000,9,252.000,60,253.000,9,257.000,20,0,30,
114911078000,250.000,5,242.000,50,241.000,9,239.000,9,237.000,60,86.000,1,250.000,30,251.000,9,252.000,60,253.000,9,257.000,20,0,30,
114911371000,250.000,5,242.000,30,241.000,9,239.000,9,237.000,60,86.000,1,250.000,30,251.000,9,252.000,60,253.000,9,320.000,1,0,30,
114911371000,250.000,5,242.000,30,241.000,29,239.000,9,237.000,60,86.000,1,250.000,30,251.000,9,252.000,60,253.000,9,256.000,20,0,30,
114911372000,250.000,5,242.000,30,241.000,29,239.000,9,237.000,40,86.000,1,250.000,30,251.000,9,252.000,40,253.000,9,256.000,20,0,30,
114911372000,250.000,5,242.000,30,241.000,29,239.000,9,237.000,40,236.000,20,250.000,30,251.000,29,252.000,40,253.000,9,256.000,20,0,30,
114911735000,250.000,5,242.000,30,241.000,29,239.000,9,237.000,40,86.000,1,250.000,30,251.000,9,252.000,40,253.000,9,256.000,20,0,30,
114911867000,250.000,5,242.000,30,241.000,9,239.000,9,237.000,40,86.000,1,250.000,30,251.000,9,252.000,40,253.000,9,320.000,1,0,30,
114911868000,250.000,5,242.000,50,241.000,9,239.000,9,237.000,40,86.000,1,250.000,30,251.000,9,252.000,40,253.000,9,257.000,20,0,30,
114911896000,250.000,5,242.000,50,241.000,9,239.000,9,237.000,20,86.000,1,250.000,30,251.000,9,252.000,20,253.000,9,257.000,20,0,30,
114911981000,250.000,5,242.000,50,241.000,9,239.000,9,237.000,40,86.000,1,250.000,30,251.000,9,252.000,40,253.000,9,257.000,20,0,30,
114913178000,250.000,5,242.000,29,241.000,9,239.000,9,237.000,40,86.000,1,250.000,9,251.000,9,252.000,40,253.000,9,257.000,20,0,30,
114913178000,250.000,5,242.000,50,241.000,9,239.000,9,237.000,40,86.000,1,250.000,9,251.000,30,252.000,40,253.000,9,257.000,20,0,30,
114913178000,250.000,5,242.000,50,241.000,9,239.000,9,237.000,40,86.000,1,250.000,9,251.000,30,252.000,49,253.000,9,257.000,20,0,30,
114913178000,250.000,5,242.000,50,241.000,9,239.000,9,237.000,40,86.000,1,251.000,30,252.000,49,253.000,9,257.000,20,320.000,1,0,30,
114913505000,250.000,5,242.000,50,241.000,9,239.000,9,237.000,20,86.000,1,251.000,30,252.000,29,253.000,9,257.000,20,320.000,1,0,30,
114913505000,250.000,5,242.000,50,241.000,9,239.000,29,237.000,20,86.000,1,251.000,30,252.000,29,253.000,9,254.000,20,257.000,20,0,30,
114914737000,250.000,5,242.000,50,241.000,9,239.000,29,238.000,20,237.000,20,251.000,30,252.000,29,253.000,29,254.000,20,257.000,20,0,30,
114915261000,250.000,5,242.000,50,241.000,9,239.000,29,238.000,20,86.000,1,251.000,30,252.000,9,253.000,29,254.000,20,257.000,20,0,30,
114915261000,250.000,5,242.000,50,241.000,9,239.000,29,238.000,20,236.000,20,251.000,50,252.000,9,253.000,29,254.000,20,257.000,20,0,30,
114915629000,250.000,5,242.000,50,241.000,9,239.000,29,238.000,20,86.000,1,251.000,30,252.000,9,253.000,29,254.000,20,257.000,20,0,30,
114915878000,250.000,5,242.000,50,241.000,9,239.000,29,238.000,20,236.000,20,251.000,50,252.000,9,253.000,29,254.000,20,257.000,20,0,30,
114916128000,250.000,5,242.000,50,241.000,9,239.000,29,238.000,20,86.000,1,251.000,30,252.000,9,253.000,29,254.000,20,257.000,20,0,30,
114916378000,250.000,5,242.000,50,241.000,9,239.000,29,238.000,20,237.000,20,251.000,30,252.000,29,253.000,29,254.000,20,257.000,20,0,30,
114916628000,250.000,5,242.000,50,241.000,9,239.000,29,238.000,20,86.000,1,251.000,30,252.000,9,253.000,29,254.000,20,257.000,20,0,30,
114916901000,250.000,5,242.000,50,241.000,9,239.000,29,86.000,1,84.000,3,251.000,30,252.000,9,253.000,9,254.000,20,257.000,20,0,30,
114917003000,250.000,5,242.000,50,241.000,9,239.000,29,236.000,20,86.000,1,251.000,50,252.000,9,253.000,9,254.000,20,257.000,20,0,30,
114917348000,250.000,5,242.000,50,241.000,9,239.000,29,86.000,1,84.000,3,251.000,30,252.000,9,253.000,9,254.000,20,257.000,20,0,30,
114917416000,250.000,5,242.000,50,241.000,9,239.000,29,238.000,20,86.000,1,251.000,30,252.000,9,253.000,29,254.000,20,257.000,20,0,30,
114917542000,250.000,5,242.000,50,241.000,9,239.000,29,238.000,20,237.000,20,251.000,30,252.000,29,253.000,29,254.000,20,257.000,20,0,30,
114928266000,250.000,5,242.000,50,241.000,9,239.000,29,238.000,20,86.000,1,251.000,30,252.000,9,253.000,29,254.000,20,257.000,20,0,30,
114928266000,250.000,5,242.000,50,241.000,9,239.000,29,238.000,20,236.000,20,251.000,50,252.000,9,253.000,29,254.000,20,257.000,20,0,30,
114928767000,250.000,5,242.000,50,241.000,9,239.000,29,238.000,20,86.000,1,251.000,30,252.000,9,253.000,29,254.000,20,257.000,20,0,30,
114928767000,250.000,5,242.000,50,241.000,9,239.000,29,238.000,20,237.000,20,251.000,30,252.000,29,253.000,29,254.000,20,257.000,20,0,30,
114933873000,250.000,5,242.000,50,241.000,9,239.000,29,238.000,20,86.000,1,251.000,30,252.000,9,253.000,29,254.000,20,257.000,20,0,30,
114933873000,250.000,5,242.000,50,241.000,9,239.000,29,238.000,20,236.000,20,251.000,50,252.000,9,253.000,29,254.000,20,257.000,20,0,30,
114934614000,250.000,5,242.000,50,241.000,9,239.000,29,238.000,20,86.000,1,251.000,30,252.000,9,253.000,29,254.000,20,257.000,20,0,30,
114934614000,250.000,5,242.000,50,241.000,9,239.000,29,238.000,20,237.000,20,251.000,30,252.000,29,253.000,29,254.000,20,257.000,20,0,30,
114937500000,250.000,5,242.000,50,241.000,9,239.000,29,237.000,20,86.000,1,251.000,30,252.000,29,253.000,9,254.000,20,257.000,20,0,30,
114938460000,250.000,5,242.000,50,241.000,9,239.000,29,238.000,20,237.000,20,251.000,30,252.000,29,253.000,29,254.000,20,257.000,20,0,30,
114941618000,250.000,5,242.000,30,241.000,9,239.000,29,238.000,20,237.000,20,251.000,30,252.000,29,253.000,29,254.000,20,320.000,1,0,30,
114941618000,250.000,5,242.000,30,241.000,29,239.000,29,238.000,20,237.000,20,251.000,30,252.000,29,253.000,29,254.000,20,256.000,20,0,30,
114941642000,250.000,5,242.000,30,241.000,29,239.000,29,238.000,20,86.000,1,251.000,30,252.000,9,253.000,29,254.000,20,256.000,20,0,30,
114941642000,250.000,5,242.000,30,241.000,29,239.000,29,238.000,20,236.000,20,251.000,50,252.000,9,253.000,29,254.000,20,256.000,20,0,30,
114945187000,250.000,5,242.000,9,241.000,29,239.000,29,238.000,20,236.000,20,251.000,29,252.000,9,253.000,29,254.000,20,256.000,20,0,30,
114945187000,250.000,5,242.000,30,241.000,29,239.000,29,238.000,20,236.000,20,250.000,21,251.000,29,252.000,9,253.000,29,254.000,20,0,30,
114945187000,250.000,5,242.000,21,241.000,29,239.000,29,238.000,20,236.000,20,250.000,21,251.000,29,252.000,9,253.000,29,254.000,20,0,30,
114945187000,250.000,5,242.000,21,241.000,29,239.000,29,238.000,20,236.000,20,250.000,30,251.000,29,252.000,9,253.000,29,254.000,20,0,30,
114945187000,250.000,5,242.000,30,241.000,29,239.000,29,238.000,20,236.000,20,250.000,30,251.000,29,252.000,9,253.000,29,254.000,20,0,30,
114945506000,250.000,5,242.000,30,241.000,29,239.000,29,238.000,20,236.000,20,250.000,30,251.000,29,253.000,29,254.000,20,256.000,20,0,30,
114945770000,250.000,5,242.000,30,241.000,29,239.000,29,238.000,20,86.000,1,250.000,30,251.000,9,253.000,29,254.000,20,256.000,20,0,30,
114945770000,250.000,5,242.000,30,241.000,29,239.000,29,238.000,20,237.000,20,250.000,30,251.000,9,252.000,20,253.000,29,254.000,20,0,30,
114946118000,250.000,5,242.000,30,241.000,9,239.000,29,238.000,20,237.000,20,250.000,30,251.000,9,252.000,20,253.000,29,254.000,20,0,30,
114946119000,250.000,5,242.000,50,241.000,9,239.000,29,238.000,20,237.000,20,250.000,30,251.000,9,252.000,20,253.000,29,254.000,20,0,30,
114946396000,250.000,5,242.000,50,241.000,9,239.000,29,238.000,20,86.000,1,250.000,30,251.000,9,253.000,29,254.000,20,257.000,20,0,30,
114946396000,250.000,5,242.000,50,241.000,9,239.000,29,238.000,40,86.000,1,250.000,30,251.000,9,253.000,49,254.000,20,257.000,20,0,30,
114947266000,250.000,5,242.000,50,241.000,9,239.000,29,238.000,20,86.000,1,250.000,30,251.000,9,253.000,29,254.000,20,257.000,20,0,30,
114947266000,250.000,5,242.000,50,241.000,9,239.000,29,238.000,20,237.000,20,250.000,30,251.000,9,252.000,20,253.000,29,254.000,20,0,30,
114949177000,250.000,5,242.000,29,241.000,9,239.000,29,238.000,20,237.000,20,250.000,9,251.000,9,252.000,20,253.000,29,254.000,20,0,30,
114949177000,250.000,5,242.000,50,241.000,9,239.000,29,238.000,20,237.000,20,250.000,9,251.000,30,252.000,20,253.000,29,254.000,20,0,30,
114949177000,250.000,5,242.000,50,241.000,9,239.000,29,238.000,20,237.000,20,250.000,9,251.000,30,252.000,29,253.000,29,254.000,20,0,30,
114949177000,250.000,5,242.000,50,241.000,9,239.000,29,238.000,20,237.000,20,251.000,30,252.000,29,253.000,29,254.000,20,257.000,20,0,30,
114949675000,250.000,5,242.000,50,241.000,9,239.000,29,237.000,20,86.000,1,251.000,30,252.000,29,253.000,9,254.000,20,257.000,20,0,30,
114950715000,250.000,5,242.000,50,241.000,9,239.000,49,237.000,20,86.000,1,251.000,30,252.000,29,253.000,9,254.000,40,257.000,20,0,30,
114952758000,250.000,5,242.000,50,241.000,9,239.000,49,86.000,1,84.000,3,251.000,30,252.000,9,253.000,9,254.000,40,257.000,20,0,30,
114952758000,250.000,5,242.000,50,241.000,9,239.000,49,236.000,20,86.000,1,251.000,50,252.000,9,253.000,9,254.000,40,257.000,20,0,30,
114953383000,250.000,5,242.000,50,241.000,9,239.000,49,86.000,1,84.000,3,251.000,30,252.000,9,253.000,9,254.000,40,257.000,20,0,30,
114953383000,250.000,5,242.000,50,241.000,9,239.000,49,237.000,20,86.000,1,251.000,30,252.000,29,253.000,9,254.000,40,257.000,20,0,30,
114953670000,250.000,5,242.000,50,241.000,9,239.000,29,237.000,20,86.000,1,251.000,30,252.000,29,253.000,9,254.000,20,257.000,20,0,30,
114953756000,250.000,5,242.000,50,241.000,9,239.000,29,86.000,1,84.000,3,251.000,30,252.000,9,253.000,9,254.000,20,257.000,20,0,30,
114954001000,250.000,5,242.000,50,241.000,9,239.000,29,236.000,20,86.000,1,251.000,50,252.000,9,253.000,9,254.000,20,257.000,20,0,30,
114954069000,250.000,5,242.000,50,241.000,9,239.000,29,238.000,20,236.000,20,251.000,50,252.000,9,253.000,29,254.000,20,257.000,20,0,30,
114954506000,250.000,5,242.000,50,241.000,9,239.000,29,238.000,20,86.000,1,251.000,30,252.000,9,253.000,29,254.000,20,257.000,20,0,30,
114954506000,250.000,5,242.000,50,241.000,9,239.000,29,238.000,20,237.000,20,251.000,30,252.000,29,253.000,29,254.000,20,257.000,20,0,30,
114958068000,250.000,5,242.000,50,241.000,9,239.000,29,238.000,20,237.000,20,251.000,30,252.000,29,253.000,20,254.000,20,257.000,20,0,30,
114958118000,250.000,5,242.000,30,241.000,9,239.000,29,238.000,20,237.000,20,251.000,30,252.000,29,253.000,20,254.000,20,320.000,1,0,30,
114958118000,250.000,5,243.000,20,242.000,30,241.000,9,239.000,29,238.000,20,251.000,30,252.000,29,253.000,20,254.000,20,258.000,20,0,30,
114958118000,250.000,5,243.000,29,242.000,30,241.000,9,239.000,29,238.000,20,251.000,30,252.000,29,253.000,20,254.000,20,258.000,20,0,30,
114958169000,250.000,5,243.000,29,242.000,30,241.000,9,239.000,29,238.000,20,251.000,30,252.000,9,253.000,20,254.000,20,258.000,20,0,30,
114958169000,250.000,5,243.000,29,242.000,30,241.000,9,239.000,29,238.000,40,251.000,30,252.000,9,253.000,40,254.000,20,258.000,20,0,30,
114958189000,250.000,5,243.000,29,242.000,30,241.000,9,239.000,29,238.000,40,251.000,30,252.000,9,253.000,40,254.000,20,255.000,9,0,30,
114958506000,250.000,5,243.000,29,242.000,30,239.000,29,238.000,40,86.000,1,251.000,30,252.000,9,253.000,40,254.000,20,255.000,9,0,30,
114959104000,250.000,5,243.000,29,242.000,9,239.000,29,238.000,40,86.000,1,251.000,9,252.000,9,253.000,40,254.000,20,255.000,9,0,30,
114959104000,250.000,5,244.000,21,243.000,29,242.000,9,239.000,29,238.000,40,251.000,9,252.000,30,253.000,40,254.000,20,255.000,9,0,30,
114959104000,250.000,5,244.000,21,243.000,29,242.000,9,239.000,29,238.000,40,251.000,9,252.000,30,253.000,49,254.000,20,255.000,9,0,30,
114959104000,250.000,5,244.000,21,243.000,29,242.000,9,239.000,29,238.000,40,252.000,30,253.000,49,254.000,20,255.000,9,258.000,20,0,30,
114959104000,250.000,5,244.000,30,243.000,29,242.000,9,239.000,29,238.000,40,252.000,30,253.000,49,254.000,20,255.000,9,258.000,20,0,30,
114959506000,250.000,5,244.000,30,243.000,29,239.000,29,238.000,40,86.000,1,252.000,30,253.000,49,254.000,20,255.000,9,258.000,20,0,30,
114959742000,250.000,5,244.000,30,243.000,29,239.000,29,238.000,20,86.000,1,252.000,30,253.000,29,254.000,20,255.000,9,258.000,20,0,30,
115001232000,250.000,5,244.000,30,243.000,29,240.000,20,239.000,29,238.000,20,252.000,30,253.000,29,254.000,20,255.000,29,258.000,20,0,30,
115001297000,250.000,5,244.000,30,243.000,29,240.000,20,239.000,20,238.000,20,252.000,30,253.000,29,254.000,20,255.000,29,258.000,20,0,30,
115001297000,250.000,5,244.000,30,243.000,29,241.000,9,240.000,20,239.000,20,252.000,30,253.000,29,254.000,20,255.000,29,258.000,20,0,30,
115001400000,250.000,5,244.000,30,243.000,29,241.000,9,240.000,20,239.000,20,252.000,30,253.000,9,254.000,20,255.000,29,258.000,20,0,30,
115001400000,250.000,5,244.000,30,243.000,29,241.000,9,240.000,20,239.000,40,252.000,30,253.000,9,254.000,40,255.000,29,258.000,20,0,30,
115001650000,250.000,5,244.000,30,243.000,29,241.000,9,240.000,20,239.000,20,252.000,30,253.000,9,254.000,20,255.000,29,258.000,20,0,30,
115001768000,250.000,5,244.000,30,243.000,29,241.000,9,240.000,20,86.000,1,252.000,30,253.000,9,255.000,29,258.000,20,320.000,1,0,30,
115001869000,250.000,5,244.000,30,243.000,9,241.000,9,240.000,20,86.000,1,252.000,30,253.000,9,255.000,29,320.000,1,400.000,1,0,30,
115001869000,250.000,5,244.000,50,243.000,9,241.000,9,240.000,20,86.000,1,252.000,30,253.000,9,255.000,29,259.000,20,320.000,1,0,30,
115001940000,250.000,5,244.000,29,243.000,9,241.000,9,240.000,20,86.000,1,252.000,9,253.000,9,255.000,29,259.000,20,320.000,1,0,30,
115001940000,250.000,5,244.000,50,243.000,9,241.000,9,240.000,20,86.000,1,252.000,9,253.000,30,255.000,29,259.000,20,320.000,1,0,30,
115001940000,250.000,5,244.000,50,243.000,9,241.000,9,240.000,20,86.000,1,253.000,30,255.000,29,259.000,20,320.000,1,400.000,1,0,30,
115002006000,250.000,5,244.000,50,243.000,9,241.000,29,240.000,20,86.000,1,253.000,30,255.000,29,256.000,20,259.000,20,320.000,1,0,30,
115002017000,250.000,5,244.000,50,243.000,9,241.000,29,240.000,20,239.000,20,253.000,30,254.000,20,255.000,29,256.000,20,259.000,20,0,30,
115002734000,250.000,5,244.000,50,243.000,9,241.000,29,240.000,20,86.000,1,253.000,30,255.000,29,256.000,20,259.000,20,320.000,1,0,30,
115002734000,250.000,5,244.000,50,243.000,9,241.000,29,240.000,20,238.000,20,253.000,50,255.000,29,256.000,20,259.000,20,320.000,1,0,30,
115005118000,250.000,5,244.000,30,243.000,9,241.000,29,240.000,20,238.000,20,253.000,50,255.000,29,256.000,20,320.000,1,400.000,1,0,30,
115005118000,250.000,5,244.000,30,243.000,29,241.000,29,240.000,20,238.000,20,253.000,50,255.000,29,256.000,20,258.000,20,320.000,1,0,30,
115005319000,250.000,5,244.000,30,243.000,29,241.000,29,240.000,20,86.000,1,253.000,30,255.000,29,256.000,20,258.000,20,320.000,1,0,30,
115005319000,250.000,5,244.000,30,243.000,29,241.000,29,240.000,20,237.000,20,252.000,20,253.000,30,255.000,29,256.000,20,258.000,20,0,30,
115005616000,250.000,5,244.000,30,243.000,29,241.000,29,240.000,20,86.000,1,253.000,30,255.000,29,256.000,20,258.000,20,320.000,1,0,30,
115005859000,250.000,5,244.000,30,243.000,29,241.000,29,240.000,20,238.000,20,253.000,50,255.000,29,256.000,20,258.000,20,320.000,1,0,30,
115005942000,250.000,5,244.000,9,243.000,29,241.000,29,240.000,20,238.000,20,253.000,29,255.000,29,256.000,20,258.000,20,320.000,1,0,30,
115005942000,250.000,5,244.000,30,243.000,29,241.000,29,240.000,20,238.000,20,252.000,21,253.000,29,255.000,29,256.000,20,258.000,20,0,30,
115005942000,250.000,5,244.000,21,243.000,29,241.000,29,240.000,20,238.000,20,252.000,21,253.000,29,255.000,29,256.000,20,258.000,20,0,30,
115006755000,250.000,5,244.000,30,243.000,29,241.000,29,240.000,20,238.000,20,252.000,21,253.000,29,255.000,29,256.000,20,258.000,20,0,30,
115006755000,250.000,5,244.000,30,243.000,29,241.000,29,240.000,20,238.000,20,252.000,30,253.000,29,255.000,29,256.000,20,258.000,20,0,30,
115007636000,250.000,5,244.000,30,243.000,29,241.000,29,240.000,20,86.000,1,252.000,30,253.000,9,255.000,29,256.000,20,258.000,20,0,30,
115007636000,250.000,5,244.000,30,243.000,29,241.000,29,240.000,20,237.000,20,252.000,50,253.000,9,255.000,29,256.000,20,258.000,20,0,30,
115007743000,250.000,5,244.000,30,243.000,9,241.000,29,240.000,20,237.000,20,252.000,50,253.000,9,255.000,29,256.000,20,320.000,1,0,30,
115007743000,250.000,5,244.000,30,243.000,9,242.000,20,241.000,29,240.000,20,252.000,50,253.000,9,255.000,29,256.000,20,257.000,20,0,30,
115007960000,250.000,5,244.000,30,243.000,9,242.000,20,241.000,9,240.000,20,252.000,50,253.000,9,255.000,29,257.000,20,320.000,1,0,30,
115008006000,250.000,5,244.000,30,243.000,9,242.000,20,241.000,9,240.000,20,252.000,50,253.000,9,254.000,20,255.000,29,257.000,20,0,30,
115008502000,250.000,5,244.000,9,243.000,9,242.000,20,241.000,9,240.000,20,252.000,29,253.000,9,254.000,20,255.000,29,257.000,20,0,30,
115008502000,250.000,5,244.000,9,243.000,30,242.000,20,241.000,9,240.000,20,252.000,50,253.000,9,254.000,20,255.000,29,257.000,20,0,30,
115008502000,250.000,5,243.000,30,242.000,20,241.000,9,240.000,20,239.000,20,252.000,50,253.000,9,254.000,20,255.000,29,257.000,20,0,30,
115008502000,250.000,5,243.000,30,242.000,29,241.000,9,240.000,20,239.000,20,252.000,50,253.000,9,254.000,20,255.000,29,257.000,20,0,30,
115010401000,250.000,5,243.000,30,242.000,29,241.000,9,239.000,20,237.000,20,252.000,50,253.000,9,254.000,20,255.000,9,257.000,20,0,30,
115010404000,250.000,5,243.000,30,242.000,29,239.000,20,237.000,20,86.000,1,252.000,50,253.000,9,254.000,20,255.000,9,257.000,20,0,30,
115010494000,250.000,5,243.000,30,242.000,9,239.000,20,237.000,20,86.000,1,252.000,50,253.000,9,254.000,20,255.000,9,320.000,1,0,30,
115010494000,250.000,5,243.000,30,242.000,9,241.000,20,239.000,20,237.000,20,252.000,50,253.000,9,254.000,20,255.000,9,256.000,20,0,30,
115010521000,250.000,5,243.000,30,242.000,9,241.000,20,239.000,20,86.000,1,252.000,30,253.000,9,254.000,20,255.000,9,256.000,20,0,30,
115010521000,250.000,5,243.000,30,242.000,9,241.000,20,239.000,20,236.000,20,251.000,20,252.000,30,253.000,9,254.000,20,255.000,9,0,30,
115010521000,250.000,5,243.000,30,242.000,9,241.000,20,239.000,20,236.000,20,251.000,29,252.000,30,253.000,9,254.000,20,255.000,9,0,30,
115010524000,250.000,5,243.000,30,242.000,9,241.000,20,239.000,29,236.000,20,251.000,29,252.000,30,253.000,9,254.000,20,255.000,9,0,30,
115010944000,250.000,5,243.000,9,242.000,9,241.000,20,239.000,29,236.000,20,251.000,29,252.000,9,253.000,9,254.000,20,255.000,9,0,30,
115010944000,250.000,5,243.000,9,242.000,30,241.000,20,239.000,29,236.000,20,250.000,21,251.000,29,252.000,9,253.000,9,254.000,20,0,30,
115010944000,250.000,5,243.000,9,242.000,30,241.000,29,239.000,29,236.000,20,250.000,21,251.000,29,252.000,9,253.000,9,254.000,20,0,30,
115010944000,250.000,5,243.000,9,242.000,30,241.000,29,239.000,29,236.000,20,250.000,30,251.000,29,252.000,9,253.000,9,254.000,20,0,30,
115010944000,250.000,5,242.000,30,241.000,29,239.000,29,236.000,20,86.000,1,250.000,30,251.000,29,252.000,9,253.000,9,254.000,20,0,30,
115011005000,250.000,5,242.000,30,241.000,29,239.000,29,236.000,20,86.000,1,250.000,30,251.000,29,253.000,9,254.000,20,255.000,9,0,30,
115011005000,250.000,5,242.000,30,241.000,29,239.000,29,236.000,20,86.000,1,250.000,30,251.000,29,254.000,20,255.000,9,256.000,20,0,30,
115011587000,250.000,5,242.000,30,241.000,29,239.000,29,86.000,1,84.000,3,250.000,30,251.000,9,254.000,20,255.000,9,256.000,20,0,30,
115011587000,250.000,5,242.000,30,241.000,29,239.000,29,237.000,20,86.000,1,250.000,30,251.000,9,252.000,20,254.000,20,255.000,9,0,30,
115011619000,250.000,5,242.000,30,241.000,9,239.000,29,237.000,20,86.000,1,250.000,30,251.000,9,252.000,20,254.000,20,255.000,9,0,30,
115011619000,250.000,5,242.000,50,241.000,9,239.000,29,237.000,20,86.000,1,250.000,30,251.000,9,252.000,20,254.000,20,255.000,9,0,30,
115013497000,250.000,5,242.000,50,241.000,9,240.000,20,239.000,29,237.000,20,250.000,30,251.000,9,252.000,20,254.000,20,255.000,29,0,30,
115013695000,250.000,5,242.000,50,241.000,9,240.000,20,239.000,29,86.000,1,250.000,30,251.000,9,254.000,20,255.000,29,257.000,20,0,30,
115013695000,250.000,5,242.000,50,241.000,9,240.000,20,239.000,29,238.000,20,250.000,30,251.000,9,253.000,20,254.000,20,255.000,29,0,30,
115013820000,250.000,5,242.000,50,241.000,9,240.000,20,239.000,29,86.000,1,250.000,30,251.000,9,254.000,20,255.000,29,257.000,20,0,30,
115013945000,250.000,5,242.000,29,241.000,9,240.000,20,239.000,29,86.000,1,250.000,9,251.000,9,254.000,20,255.000,29,257.000,20,0,30,
115013945000,250.000,5,243.000,21,242.000,29,241.000,9,240.000,20,239.000,29,250.000,9,251.000,30,254.000,20,255.000,29,257.000,20,0,30,
115013946000,250.000,5,243.000,21,242.000,29,241.000,9,240.000,20,239.000,29,251.000,30,254.000,20,255.000,29,257.000,20,320.000,1,0,30,
115014309000,250.000,5,243.000,21,242.000,29,241.000,9,240.000,20,239.000,29,251.000,30,252.000,20,254.000,20,255.000,29,257.000,20,0,30,
115014492000,250.000,5,243.000,21,242.000,9,241.000,9,240.000,20,239.000,29,251.000,30,252.000,20,254.000,20,255.000,29,320.000,1,0,30,
115014492000,250.000,5,243.000,41,242.000,9,241.000,9,240.000,20,239.000,29,251.000,30,252.000,20,254.000,20,255.000,29,258.000,20,0,30,
115014502000,250.000,5,243.000,41,242.000,9,241.000,9,240.000,20,239.000,29,251.000,30,254.000,20,255.000,29,258.000,20,320.000,1,0,30,
115014925000,250.000,5,243.000,41,242.000,9,241.000,9,240.000,20,239.000,29,251.000,30,252.000,20,254.000,20,255.000,29,258.000,20,0,30,
115015425000,250.000,5,243.000,41,242.000,9,241.000,9,240.000,20,239.000,29,251.000,30,254.000,20,255.000,29,258.000,20,320.000,1,0,30,
115015425000,250.000,5,243.000,41,242.000,9,241.000,9,240.000,20,239.000,29,251.000,30,253.000,20,254.000,20,255.000,29,258.000,20,0,30,
115015550000,250.000,5,243.000,41,242.000,9,241.000,9,240.000,20,239.000,29,251.000,30,254.000,20,255.000,29,258.000,20,320.000,1,0,30,
115015755000,250.000,5,243.000,50,242.000,9,241.000,9,240.000,20,239.000,29,251.000,30,254.000,20,255.000,29,258.000,20,320.000,1,0,30,
115016006000,250.000,5,243.000,50,242.000,9,240.000,20,239.000,29,86.000,1,251.000,30,254.000,20,255.000,29,258.000,20,320.000,1,0,30,
115016046000,250.000,5,243.000,50,242.000,9,240.000,20,239.000,29,237.000,20,251.000,30,252.000,20,254.000,20,255.000,29,258.000,20,0,30,
115016618000,250.000,5,243.000,30,242.000,9,240.000,20,239.000,29,237.000,20,251.000,30,252.000,20,254.000,20,255.000,29,320.000,1,0,30,
115016618000,250.000,5,243.000,30,242.000,29,240.000,20,239.000,29,237.000,20,251.000,30,252.000,20,254.000,20,255.000,29,257.000,20,0,30,
115024993000,250.000,5,243.000,30,242.000,9,240.000,20,239.000,29,237.000,20,251.000,30,252.000,20,254.000,20,255.000,29,320.000,1,0,30,
115024993000,250.000,5,243.000,50,242.000,9,240.000,20,239.000,29,237.000,20,251.000,30,252.000,20,254.000,20,255.000,29,258.000,20,0,30,
115025045000,250.000,5,243.000,50,242.000,9,240.000,20,239.000,29,86.000,1,251.000,30,254.000,20,255.000,29,258.000,20,320.000,1,0,30,
115025045000,250.000,5,243.000,50,242.000,9,240.000,20,239.000,29,238.000,20,251.000,30,253.000,20,254.000,20,255.000,29,258.000,20,0,30,
115025169000,250.000,5,243.000,50,242.000,9,240.000,20,239.000,29,86.000,1,251.000,30,254.000,20,255.000,29,258.000,20,320.000,1,0,30,
115025367000,250.000,5,243.000,30,242.000,9,240.000,20,239.000,29,86.000,1,251.000,30,254.000,20,255.000,29,320.000,1,400.000,1,0,30,
115025367000,250.000,5,243.000,30,242.000,29,240.000,20,239.000,29,86.000,1,251.000,30,254.000,20,255.000,29,257.000,20,320.000,1,0,30,
115025544000,250.000,5,243.000,30,242.000,29,240.000,20,239.000,29,237.000,20,251.000,30,252.000,20,254.000,20,255.000,29,257.000,20,0,30,
115032745000,250.000,5,243.000,30,242.000,29,240.000,20,239.000,29,86.000,1,251.000,30,254.000,20,255.000,29,257.000,20,320.000,1,0,30,
115032745000,250.000,5,243.000,30,242.000,29,240.000,20,239.000,29,238.000,20,251.000,30,253.000,20,254.000,20,255.000,29,257.000,20,0,30,
115032868000,250.000,5,243.000,30,242.000,9,240.000,20,239.000,29,238.000,20,251.000,30,253.000,20,254.000,20,255.000,29,320.000,1,0,30,
115032868000,250.000,5,243.000,50,242.000,9,240.000,20,239.000,29,238.000,20,251.000,30,253.000,20,254.000,20,255.000,29,258.000,20,0,30,
115033425000,250.000,5,243.000,50,242.000,9,240.000,20,239.000,20,238.000,20,251.000,30,253.000,20,254.000,20,255.000,29,258.000,20,0,30,
115033425000,250.000,5,243.000,50,242.000,9,241.000,9,240.000,20,239.000,20,251.000,30,253.000,20,254.000,20,255.000,29,258.000,20,0,30,
115033431000,250.000,5,243.000,50,242.000,9,241.000,9,239.000,20,238.000,20,251.000,30,253.000,20,254.000,20,255.000,9,258.000,20,0,30,
115033480000,250.000,5,243.000,50,242.000,9,241.000,9,238.000,20,86.000,1,251.000,30,253.000,20,255.000,9,258.000,20,320.000,1,0,30,
115033494000,250.000,5,243.000,30,242.000,9,241.000,9,238.000,20,86.000,1,251.000,30,253.000,20,255.000,9,320.000,1,400.000,1,0,30,
115033494000,250.000,5,244.000,20,243.000,30,242.000,9,241.000,9,238.000,20,251.000,30,253.000,20,255.000,9,259.000,20,320.000,1,0,30,
115033494000,250.000,5,244.000,29,243.000,30,242.000,9,241.000,9,238.000,20,251.000,30,253.000,20,255.000,9,259.000,20,320.000,1,0,30,
115033499000,250.000,5,244.000,29,243.000,30,242.000,9,241.000,9,86.000,1,251.000,30,255.000,9,259.000,20,320.000,1,400.000,1,0,30,
115033499000,250.000,5,244.000,29,243.000,30,242.000,9,241.000,9,239.000,20,251.000,30,254.000,20,255.000,9,259.000,20,320.000,1,0,30,
115033506000,250.000,5,244.000,29,243.000,30,242.000,9,241.000,29,239.000,20,251.000,30,254.000,20,255.000,9,256.000,20,259.000,20,0,30,
115033506000,250.000,5,244.000,29,243.000,30,241.000,29,239.000,20,86.000,1,251.000,30,254.000,20,255.000,9,256.000,20,259.000,20,0,30,
115033719000,250.000,5,244.000,29,243.000,30,241.000,49,239.000,20,86.000,1,251.000,30,254.000,20,255.000,9,256.000,40,259.000,20,0,30,
115033851000,250.000,5,244.000,29,243.000,9,241.000,49,239.000,20,86.000,1,251.000,9,254.000,20,255.000,9,256.000,40,259.000,20,0,30,
115033851000,250.000,5,245.000,21,244.000,29,243.000,9,241.000,49,239.000,20,251.000,9,252.000,21,254.000,20,255.000,9,256.000,40,0,30,
115033851000,250.000,5,245.000,21,244.000,29,243.000,9,241.000,49,239.000,20,252.000,21,254.000,20,255.000,9,256.000,40,259.000,20,0,30,
115033851000,250.000,5,245.000,21,244.000,29,243.000,9,241.000,49,239.000,20,252.000,21,254.000,29,255.000,9,256.000,40,259.000,20,0,30,
115033851000,250.000,5,245.000,30,244.000,29,243.000,9,241.000,49,239.000,20,252.000,21,254.000,29,255.000,9,256.000,40,259.000,20,0,30,
115033851000,250.000,5,245.000,30,244.000,29,243.000,9,241.000,49,239.000,20,252.000,30,254.000,29,255.000,9,256.000,40,259.000,20,0,30,
115034006000,250.000,5,245.000,30,244.000,29,241.000,49,239.000,20,86.000,1,252.000,30,254.000,29,255.000,9,256.000,40,259.000,20,0,30,
115034599000,250.000,5,245.000,30,244.000,29,241.000,29,239.000,20,86.000,1,252.000,30,254.000,29,255.000,9,256.000,20,259.000,20,0,30,
115035102000,250.000,5,245.000,30,244.000,29,241.000,29,240.000,20,239.000,20,252.000,30,254.000,29,255.000,29,256.000,20,259.000,20,0,30,
115035667000,250.000,5,245.000,30,244.000,29,241.000,29,240.000,20,86.000,1,252.000,30,254.000,9,255.000,29,256.000,20,259.000,20,0,30,
115035667000,250.000,5,245.000,30,244.000,29,241.000,29,240.000,20,238.000,20,252.000,30,253.000,20,254.000,9,255.000,29,256.000,20,0,30,
115035668000,250.000,5,245.000,30,244.000,29,241.000,29,240.000,20,86.000,1,252.000,30,254.000,9,255.000,29,256.000,20,259.000,20,0,30,
115035744000,250.000,5,245.000,30,244.000,9,241.000,29,240.000,20,86.000,1,252.000,30,254.000,9,255.000,29,256.000,20,320.000,1,0,30,
115035744000,250.000,5,245.000,30,244.000,9,243.000,20,241.000,29,240.000,20,252.000,30,254.000,9,255.000,29,256.000,20,258.000,20,0,30,
115036277000,250.000,5,245.000,30,244.000,9,243.000,20,241.000,29,240.000,20,252.000,30,253.000,20,254.000,9,255.000,29,256.000,20,0,30,
115038211000,250.000,5,245.000,30,244.000,9,243.000,20,241.000,29,240.000,20,252.000,30,254.000,9,255.000,29,256.000,20,258.000,20,0,30,
115038211000,250.000,5,245.000,30,244.000,9,243.000,20,241.000,29,240.000,20,252.000,50,254.000,9,255.000,29,256.000,20,258.000,20,0,30,
115038956000,250.000,5,245.000,9,244.000,9,243.000,20,241.000,29,240.000,20,252.000,29,254.000,9,255.000,29,256.000,20,258.000,20,0,30,
115038956000,250.000,5,245.000,9,244.000,30,243.000,20,241.000,29,240.000,20,252.000,50,254.000,9,255.000,29,256.000,20,258.000,20,0,30,
115038956000,250.000,5,245.000,9,244.000,30,243.000,29,241.000,29,240.000,20,252.000,50,254.000,9,255.000,29,256.000,20,258.000,20,0,30,
115038956000,250.000,5,244.000,30,243.000,29,241.000,29,240.000,20,237.000,20,252.000,50,254.000,9,255.000,29,256.000,20,258.000,20,0,30,
115039337000,250.000,5,244.000,30,243.000,29,241.000,29,237.000,20,86.000,1,252.000,50,254.000,9,255.000,9,256.000,20,258.000,20,0,30,
115039367000,250.000,5,244.000,30,243.000,9,241.000,29,237.000,20,86.000,1,252.000,50,254.000,9,255.000,9,256.000,20,320.000,1,0,30,
115039367000,250.000,5,244.000,30,243.000,9,242.000,20,241.000,29,237.000,20,252.000,50,254.000,9,255.000,9,256.000,20,257.000,20,0,30,
115040201000,250.000,5,244.000,30,243.000,9,242.000,20,241.000,29,240.000,20,252.000,50,254.000,9,255.000,29,256.000,20,257.000,20,0,30,
115043059000,250.000,5,244.000,30,243.000,9,242.000,20,241.000,29,240.000,20,252.000,30,254.000,9,255.000,29,256.000,20,257.000,20,0,30,
115043059000,250.000,5,244.000,30,243.000,9,242.000,20,241.000,29,240.000,20,252.000,30,253.000,20,254.000,9,255.000,29,256.000,20,0,30,
115043620000,250.000,5,244.000,30,243.000,9,241.000,29,240.000,20,238.000,20,252.000,30,253.000,20,254.000,9,255.000,29,256.000,20,0,30,
115043620000,250.000,5,244.000,30,243.000,29,241.000,29,240.000,20,238.000,20,252.000,30,253.000,20,254.000,9,255.000,29,256.000,20,0,30,
115054007000,250.000,5,244.000,30,243.000,29,241.000,29,240.000,20,86.000,1,252.000,30,254.000,9,255.000,29,256.000,20,258.000,20,0,30,
115054007000,250.000,5,244.000,30,243.000,29,241.000,29,240.000,20,237.000,20,252.000,50,254.000,9,255.000,29,256.000,20,258.000,20,0,30,
115055004000,250.000,5,244.000,30,243.000,29,241.000,29,240.000,20,86.000,1,252.000,30,254.000,9,255.000,29,256.000,20,258.000,20,0,30,
115055004000,250.000,5,244.000,30,243.000,29,241.000,29,240.000,20,238.000,20,252.000,30,253.000,20,254.000,9,255.000,29,256.000,20,0,30,
115055486000,250.000,5,244.000,30,243.000,29,241.000,29,240.000,20,86.000,1,252.000,30,254.000,9,255.000,29,256.000,20,258.000,20,0,30,
115055611000,250.000,5,244.000,30,243.000,29,241.000,29,240.000,20,237.000,20,252.000,50,254.000,9,255.000,29,256.000,20,258.000,20,0,30,
115057610000,250.000,5,244.000,30,243.000,29,241.000,29,240.000,20,86.000,1,252.000,30,254.000,9,255.000,29,256.000,20,258.000,20,0,30,
115057610000,250.000,5,244.000,30,243.000,29,241.000,29,240.000,20,238.000,20,252.000,30,253.000,20,254.000,9,255.000,29,256.000,20,0,30,
115058235000,250.000,5,244.000,30,243.000,29,241.000,29,240.000,20,86.000,1,252.000,30,254.000,9,255.000,29,256.000,20,258.000,20,0,30,
115058235000,250.000,5,244.000,30,243.000,29,241.000,29,240.000,20,237.000,20,252.000,50,254.000,9,255.000,29,256.000,20,258.000,20,0,30,
115058736000,250.000,5,244.000,30,243.000,29,241.000,29,240.000,20,86.000,1,252.000,30,254.000,9,255.000,29,256.000,20,258.000,20,0,30,
115058736000,250.000,5,244.000,30,243.000,29,241.000,29,240.000,20,238.000,20,252.000,30,253.000,20,254.000,9,255.000,29,256.000,20,0,30,
115059229000,250.000,5,244.000,30,243.000,29,241.000,29,240.000,20,86.000,1,252.000,30,254.000,9,255.000,29,256.000,20,258.000,20,0,30,
115059239000,250.000,5,244.000,30,243.000,29,241.000,29,240.000,20,237.000,20,252.000,50,254.000,9,255.000,29,256.000,20,258.000,20,0,30,
115100300000,250.000,5,244.000,30,243.000,29,241.000,29,237.000,20,86.000,1,252.000,50,254.000,9,255.000,9,256.000,20,258.000,20,0,30,
115100581000,250.000,5,244.000,30,243.000,29,241.000,29,86.000,1,84.000,3,252.000,30,254.000,9,255.000,9,256.000,20,258.000,20,0,30,
115100581000,250.000,5,244.000,30,243.000,29,241.000,29,238.000,20,86.000,1,252.000,30,253.000,20,254.000,9,255.000,9,256.000,20,0,30,
115100641000,250.000,5,244.000,30,243.000,29,241.000,29,240.000,20,238.000,20,252.000,30,253.000,20,254.000,9,255.000,29,256.000,20,0,30,
115101814000,250.000,5,244.000,30,243.000,29,241.000,29,240.000,20,86.000,1,252.000,30,254.000,9,255.000,29,256.000,20,258.000,20,0,30,
115101814000,250.000,5,244.000,30,243.000,29,241.000,29,240.000,20,237.000,20,252.000,50,254.000,9,255.000,29,256.000,20,258.000,20,0,30,
115102431000,250.000,5,244.000,30,243.000,29,241.000,29,240.000,20,86.000,1,252.000,30,254.000,9,255.000,29,256.000,20,258.000,20,0,30,
115102431000,250.000,5,244.000,30,243.000,29,241.000,29,240.000,20,238.000,20,252.000,30,253.000,20,254.000,9,255.000,29,256.000,20,0,30,
115104051000,250.000,5,244.000,30,243.000,29,241.000,29,240.000,20,86.000,1,252.000,30,254.000,9,255.000,29,256.000,20,258.000,20,0,30,
115104051000,250.000,5,244.000,30,243.000,29,241.000,29,240.000,20,237.000,20,252.000,50,254.000,9,255.000,29,256.000,20,258.000,20,0,30,
115104967000,250.000,5,244.000,9,243.000,29,241.000,29,240.000,20,237.000,20,252.000,29,254.000,9,255.000,29,256.000,20,258.000,20,0,30,
115104967000,250.000,5,244.000,9,243.000,50,241.000,29,240.000,20,237.000,20,252.000,50,254.000,9,255.000,29,256.000,20,258.000,20,0,30,
115104967000,250.000,5,243.000,50,241.000,29,240.000,20,237.000,20,86.000,1,252.000,50,254.000,9,255.000,29,256.000,20,258.000,20,0,30,
115105005000,250.000,5,243.000,50,241.000,9,240.000,20,237.000,20,86.000,1,252.000,50,254.000,9,255.000,29,258.000,20,320.000,1,0,30,
115105005000,250.000,5,243.000,50,241.000,9,240.000,20,239.000,20,237.000,20,252.000,50,254.000,29,255.000,29,258.000,20,320.000,1,0,30,
115107119000,250.000,5,243.000,30,241.000,9,240.000,20,239.000,20,237.000,20,252.000,50,254.000,29,255.000,29,320.000,1,400.000,1,0,30,
115107119000,250.000,5,243.000,30,242.000,20,241.000,9,240.000,20,239.000,20,252.000,50,254.000,29,255.000,29,257.000,20,320.000,1,0,30,
115108846000,250.000,5,243.000,30,242.000,20,241.000,9,239.000,20,237.000,20,252.000,50,254.000,29,255.000,9,257.000,20,320.000,1,0,30,
115109876000,250.000,5,243.000,30,242.000,20,241.000,9,239.000,40,237.000,20,252.000,50,254.000,49,255.000,9,257.000,20,320.000,1,0,30,
115112612000,250.000,5,243.000,30,242.000,20,241.000,9,239.000,40,86.000,1,252.000,30,254.000,49,255.000,9,257.000,20,320.000,1,0,30,
115112612000,250.000,5,243.000,30,242.000,20,241.000,9,239.000,40,238.000,20,252.000,30,253.000,20,254.000,49,255.000,9,257.000,20,0,30,
115113487000,250.000,5,243.000,30,242.000,20,241.000,9,239.000,40,86.000,1,252.000,30,254.000,49,255.000,9,257.000,20,320.000,1,0,30,
115113487000,250.000,5,243.000,30,242.000,20,241.000,9,239.000,40,237.000,20,252.000,50,254.000,49,255.000,9,257.000,20,320.000,1,0,30,
115114103000,250.000,5,243.000,30,242.000,20,241.000,9,239.000,40,86.000,1,252.000,30,254.000,49,255.000,9,257.000,20,320.000,1,0,30,
115114103000,250.000,5,243.000,30,242.000,20,241.000,9,239.000,40,238.000,20,252.000,30,253.000,20,254.000,49,255.000,9,257.000,20,0,30,
115114119000,250.000,5,243.000,30,241.000,9,239.000,40,238.000,20,86.000,1,252.000,30,253.000,20,254.000,49,255.000,9,320.000,1,0,30,
115114119000,250.000,5,243.000,50,241.000,9,239.000,40,238.000,20,86.000,1,252.000,30,253.000,20,254.000,49,255.000,9,258.000,20,0,30,
115114852000,250.000,5,243.000,50,241.000,9,239.000,40,86.000,1,84.000,3,252.000,30,254.000,49,255.000,9,258.000,20,320.000,1,0,30,
115114852000,250.000,5,243.000,50,241.000,9,239.000,40,237.000,20,86.000,1,252.000,50,254.000,49,255.000,9,258.000,20,320.000,1,0,30,
115118391000,250.000,5,243.000,50,241.000,9,239.000,40,86.000,1,84.000,3,252.000,30,254.000,49,255.000,9,258.000,20,320.000,1,0,30,
115118391000,250.000,5,243.000,50,241.000,9,239.000,40,238.000,20,86.000,1,252.000,30,253.000,20,254.000,49,255.000,9,258.000,20,0,30,
115118760000,250.000,5,243.000,50,241.000,9,239.000,40,86.000,1,84.000,3,252.000,30,254.000,49,255.000,9,258.000,20,320.000,1,0,30,
115119007000,250.000,5,243.000,50,241.000,9,239.000,40,238.000,20,86.000,1,252.000,30,253.000,20,254.000,49,255.000,9,258.000,20,0,30,
115119245000,250.000,5,243.000,50,241.000,9,239.000,20,238.000,20,86.000,1,252.000,30,253.000,20,254.000,29,255.000,9,258.000,20,0,30,
115119631000,250.000,5,243.000,50,241.000,9,239.000,20,86.000,1,84.000,3,252.000,30,254.000,29,255.000,9,258.000,20,320.000,1,0,30,
115119631000,250.000,5,243.000,50,241.000,9,239.000,20,237.000,20,86.000,1,252.000,50,254.000,29,255.000,9,258.000,20,320.000,1,0,30,
115119761000,250.000,5,243.000,50,241.000,9,240.000,20,239.000,20,237.000,20,252.000,50,254.000,29,255.000,29,258.000,20,320.000,1,0,30,
115121494000,250.000,5,243.000,30,241.000,9,240.000,20,239.000,20,237.000,20,252.000,50,254.000,29,255.000,29,320.000,1,400.000,1,0,30,
115121494000,250.000,5,243.000,30,242.000,20,241.000,9,240.000,20,239.000,20,252.000,50,254.000,29,255.000,29,257.000,20,320.000,1,0,30,
115121869000,250.000,5,243.000,30,242.000,20,241.000,9,240.000,20,239.000,20,252.000,30,254.000,29,255.000,29,257.000,20,320.000,1,0,30,
115121869000,250.000,5,243.000,30,242.000,20,241.000,9,240.000,20,239.000,20,251.000,20,252.000,30,254.000,29,255.000,29,257.000,20,0,30,
115121869000,250.000,5,243.000,30,242.000,20,241.000,9,240.000,20,239.000,20,251.000,29,252.000,30,254.000,29,255.000,29,257.000,20,0,30,
115121974000,250.000,5,243.000,9,242.000,20,241.000,9,240.000,20,239.000,20,251.000,29,252.000,9,254.000,29,255.000,29,257.000,20,0,30,
115121974000,250.000,5,243.000,30,242.000,20,241.000,9,240.000,20,239.000,20,250.000,21,251.000,29,252.000,9,254.000,29,255.000,29,0,30,
115121975000,250.000,5,243.000,21,242.000,20,241.000,9,240.000,20,239.000,20,250.000,21,251.000,29,252.000,9,254.000,29,255.000,29,0,30,
115121975000,250.000,5,243.000,21,242.000,29,241.000,9,240.000,20,239.000,20,250.000,21,251.000,29,252.000,9,254.000,29,255.000,29,0,30,
115121975000,250.000,5,243.000,21,242.000,29,241.000,9,240.000,20,239.000,20,250.000,30,251.000,29,252.000,9,254.000,29,255.000,29,0,30,
115121975000,250.000,5,243.000,30,242.000,29,241.000,9,240.000,20,239.000,20,250.000,30,251.000,29,252.000,9,254.000,29,255.000,29,0,30,
115122006000,250.000,5,243.000,30,242.000,29,241.000,9,240.000,20,239.000,20,250.000,30,251.000,29,254.000,29,255.000,29,257.000,20,0,30,
115122006000,250.000,5,243.000,30,242.000,29,241.000,9,240.000,20,239.000,20,250.000,30,251.000,29,254.000,20,255.000,29,257.000,20,0,30,
115122618000,250.000,5,243.000,30,242.000,9,241.000,9,240.000,20,239.000,20,250.000,30,251.000,29,254.000,20,255.000,29,320.000,1,0,30,
115122618000,250.000,5,243.000,30,242.000,9,241.000,29,240.000,20,239.000,20,250.000,30,251.000,29,254.000,20,255.000,29,256.000,20,0,30,
115122745000,250.000,5,243.000,30,242.000,9,241.000,29,240.000,20,239.000,20,250.000,30,251.000,9,254.000,20,255.000,29,256.000,20,0,30,
115122745000,250.000,5,243.000,30,242.000,9,241.000,29,240.000,20,239.000,20,250.000,30,251.000,9,252.000,20,254.000,20,255.000,29,0,30,
115123505000,250.000,5,243.000,30,242.000,9,241.000,20,240.000,20,239.000,20,250.000,30,251.000,9,252.000,20,254.000,20,255.000,29,0,30,
115123507000,250.000,5,243.000,30,242.000,9,241.000,20,239.000,20,237.000,20,250.000,30,251.000,9,252.000,20,254.000,20,255.000,9,0,30,
115123620000,250.000,5,243.000,30,242.000,9,241.000,20,239.000,20,86.000,1,250.000,30,251.000,9,254.000,20,255.000,9,256.000,20,0,30,
115123620000,250.000,5,243.000,30,242.000,9,241.000,20,239.000,20,236.000,20,250.000,30,251.000,29,254.000,20,255.000,9,256.000,20,0,30,
115123627000,250.000,5,243.000,30,242.000,9,241.000,20,239.000,29,236.000,20,250.000,30,251.000,29,254.000,20,255.000,9,256.000,20,0,30,
115124183000,250.000,5,243.000,30,242.000,9,241.000,20,239.000,49,236.000,20,250.000,30,251.000,29,254.000,40,255.000,9,256.000,20,0,30,
115126347000,250.000,5,243.000,30,242.000,9,241.000,20,239.000,49,86.000,1,250.000,30,251.000,9,254.000,40,255.000,9,256.000,20,0,30,
115126347000,250.000,5,243.000,30,242.000,9,241.000,20,239.000,49,237.000,20,250.000,30,251.000,9,252.000,20,254.000,40,255.000,9,0,30,
115126976000,250.000,5,243.000,9,242.000,9,241.000,20,239.000,49,237.000,20,250.000,9,251.000,9,252.000,20,254.000,40,255.000,9,0,30,
115126976000,250.000,5,243.000,30,242.000,9,241.000,20,239.000,49,237.000,20,250.000,9,251.000,30,252.000,20,254.000,40,255.000,9,0,30,
115126977000,250.000,5,243.000,30,242.000,9,241.000,29,239.000,49,237.000,20,250.000,9,251.000,30,252.000,20,254.000,40,255.000,9,0,30,
115126977000,250.000,5,243.000,30,242.000,9,241.000,29,239.000,49,237.000,20,250.000,9,251.000,30,252.000,29,254.000,40,255.000,9,0,30,
115126977000,250.000,5,243.000,30,242.000,9,241.000,29,239.000,49,237.000,20,251.000,30,252.000,29,254.000,40,255.000,9,256.000,20,0,30,
115126977000,250.000,5,243.000,21,242.000,9,241.000,29,239.000,49,237.000,20,251.000,30,252.000,29,254.000,40,255.000,9,256.000,20,0,30,
115127028000,250.000,5,243.000,30,242.000,9,241.000,29,239.000,49,237.000,20,251.000,30,252.000,29,254.000,40,255.000,9,256.000,20,0,30,
115127505000,250.000,5,243.000,30,242.000,9,241.000,20,239.000,49,237.000,20,251.000,30,252.000,29,254.000,40,255.000,9,256.000,20,0,30,
115127977000,250.000,5,243.000,9,242.000,9,241.000,20,239.000,49,237.000,20,251.000,9,252.000,29,254.000,40,255.000,9,256.000,20,0,30,
115127977000,250.000,5,243.000,30,242.000,9,241.000,20,239.000,49,237.000,20,250.000,21,251.000,9,252.000,29,254.000,40,255.000,9,0,30,
115127977000,250.000,5,243.000,30,242.000,9,241.000,29,239.000,49,237.000,20,250.000,21,251.000,9,252.000,29,254.000,40,255.000,9,0,30,
115127977000,250.000,5,243.000,21,242.000,9,241.000,29,239.000,49,237.000,20,250.000,21,251.000,9,252.000,29,254.000,40,255.000,9,0,30,
115127977000,250.000,5,243.000,21,242.000,9,241.000,29,239.000,49,237.000,20,250.000,21,252.000,29,254.000,40,255.000,9,256.000,20,0,30,
115127977000,250.000,5,243.000,21,242.000,9,241.000,29,239.000,49,237.000,20,250.000,30,252.000,29,254.000,40,255.000,9,256.000,20,0,30,
115127977000,250.000,5,243.000,30,242.000,9,241.000,29,239.000,49,237.000,20,250.000,30,252.000,29,254.000,40,255.000,9,256.000,20,0,30,
115128006000,250.000,5,243.000,30,242.000,9,241.000,20,239.000,49,237.000,20,250.000,30,252.000,29,254.000,40,255.000,9,256.000,20,0,30,
115129235000,250.000,5,243.000,9,242.000,9,241.000,20,239.000,49,237.000,20,250.000,9,252.000,29,254.000,40,255.000,9,256.000,20,0,30,
115129235000,250.000,5,243.000,30,242.000,9,241.000,20,239.000,49,237.000,20,250.000,9,251.000,21,252.000,29,254.000,40,255.000,9,0,30,
115129235000,250.000,5,243.000,21,242.000,9,241.000,20,239.000,49,237.000,20,250.000,9,251.000,21,252.000,29,254.000,40,255.000,9,0,30,
115129235000,250.000,5,243.000,21,242.000,9,241.000,29,239.000,49,237.000,20,250.000,9,251.000,21,252.000,29,254.000,40,255.000,9,0,30,
115129235000,250.000,5,243.000,21,242.000,9,241.000,29,239.000,49,237.000,20,250.000,9,251.000,30,252.000,29,254.000,40,255.000,9,0,30,
115129235000,250.000,5,243.000,21,242.000,9,241.000,29,239.000,49,237.000,20,251.000,30,252.000,29,254.000,40,255.000,9,256.000,20,0,30,
115129236000,250.000,5,243.000,30,242.000,9,241.000,29,239.000,49,237.000,20,251.000,30,252.000,29,254.000,40,255.000,9,256.000,20,0,30,
115129505000,250.000,5,243.000,30,242.000,9,241.000,20,239.000,49,237.000,20,251.000,30,252.000,29,254.000,40,255.000,9,256.000,20,0,30,
115132319000,250.000,5,243.000,30,242.000,9,241.000,20,239.000,49,86.000,1,251.000,30,252.000,9,254.000,40,255.000,9,256.000,20,0,30,
115132319000,250.000,5,243.000,30,242.000,9,241.000,20,239.000,49,236.000,20,251.000,50,252.000,9,254.000,40,255.000,9,256.000,20,0,30,
115134069000,250.000,5,243.000,30,242.000,9,241.000,20,239.000,49,86.000,1,251.000,30,252.000,9,254.000,40,255.000,9,256.000,20,0,30,
115134069000,250.000,5,243.000,30,242.000,9,241.000,20,239.000,49,237.000,20,251.000,30,252.000,29,254.000,40,255.000,9,256.000,20,0,30,
115136397000,250.000,5,243.000,30,242.000,9,241.000,20,239.000,49,86.000,1,251.000,30,252.000,9,254.000,40,255.000,9,256.000,20,0,30,
115136397000,250.000,5,243.000,30,242.000,9,241.000,20,239.000,49,236.000,20,251.000,50,252.000,9,254.000,40,255.000,9,256.000,20,0,30,
115137646000,250.000,5,243.000,30,242.000,9,241.000,20,239.000,49,86.000,1,251.000,30,252.000,9,254.000,40,255.000,9,256.000,20,0,30,
115137646000,250.000,5,243.000,30,242.000,9,241.000,20,239.000,49,237.000,20,251.000,30,252.000,29,254.000,40,255.000,9,256.000,20,0,30,
115139145000,250.000,5,243.000,30,242.000,9,241.000,20,239.000,49,86.000,1,251.000,30,252.000,9,254.000,40,255.000,9,256.000,20,0,30,
115139145000,250.000,5,243.000,30,242.000,9,241.000,20,239.000,49,236.000,20,251.000,50,252.000,9,254.000,40,255.000,9,256.000,20,0,30,
115139395000,250.000,5,243.000,30,242.000,9,241.000,20,239.000,49,86.000,1,251.000,30,252.000,9,254.000,40,255.000,9,256.000,20,0,30,
115139645000,250.000,5,243.000,30,242.000,9,241.000,20,239.000,49,237.000,20,251.000,30,252.000,29,254.000,40,255.000,9,256.000,20,0,30,
115142261000,250.000,5,243.000,30,242.000,9,241.000,20,239.000,49,86.000,1,251.000,30,252.000,9,254.000,40,255.000,9,256.000,20,0,30,
115142261000,250.000,5,243.000,30,242.000,9,241.000,20,239.000,49,236.000,20,251.000,50,252.000,9,254.000,40,255.000,9,256.000,20,0,30,
115143957000,250.000,5,243.000,30,242.000,9,241.000,20,239.000,49,86.000,1,251.000,30,252.000,9,254.000,40,255.000,9,256.000,20,0,30,
115143957000,250.000,5,243.000,30,242.000,9,241.000,20,239.000,49,237.000,20,251.000,30,252.000,29,254.000,40,255.000,9,256.000,20,0,30,
115144200000,250.000,5,243.000,30,242.000,9,241.000,20,239.000,29,237.000,20,251.000,30,252.000,29,254.000,20,255.000,9,256.000,20,0,30,
115144673000,250.000,5,243.000,30,242.000,9,241.000,20,240.000,20,239.000,29,251.000,30,252.000,29,254.000,20,255.000,29,256.000,20,0,30,
115145824000,250.000,5,243.000,30,242.000,9,241.000,20,240.000,20,239.000,29,251.000,30,252.000,9,254.000,20,255.000,29,256.000,20,0,30,
115145824000,250.000,5,243.000,30,242.000,9,241.000,20,240.000,20,239.000,29,251.000,50,252.000,9,254.000,20,255.000,29,256.000,20,0,30,
115146699000,250.000,5,243.000,30,242.000,9,241.000,20,240.000,20,239.000,29,251.000,30,252.000,9,254.000,20,255.000,29,256.000,20,0,30,
115146699000,250.000,5,243.000,30,242.000,9,241.000,20,240.000,20,239.000,29,251.000,30,252.000,29,254.000,20,255.000,29,256.000,20,0,30,
115147075000,250.000,5,243.000,30,242.000,9,241.000,20,240.000,20,239.000,29,251.000,30,252.000,9,254.000,20,255.000,29,256.000,20,0,30,
115147199000,250.000,5,243.000,30,242.000,9,241.000,20,240.000,20,239.000,29,251.000,50,252.000,9,254.000,20,255.000,29,256.000,20,0,30,
115147825000,250.000,5,243.000,30,242.000,9,241.000,20,240.000,20,239.000,29,251.000,30,252.000,9,254.000,20,255.000,29,256.000,20,0,30,
115147825000,250.000,5,243.000,30,242.000,9,241.000,20,240.000,20,239.000,29,251.000,30,252.000,29,254.000,20,255.000,29,256.000,20,0,30,
115148950000,250.000,5,243.000,30,242.000,9,241.000,20,240.000,20,239.000,29,251.000,30,252.000,9,254.000,20,255.000,29,256.000,20,0,30,
115148950000,250.000,5,243.000,30,242.000,9,241.000,20,240.000,20,239.000,29,251.000,50,252.000,9,254.000,20,255.000,29,256.000,20,0,30,
115149199000,250.000,5,243.000,30,242.000,9,241.000,20,240.000,20,239.000,29,251.000,30,252.000,9,254.000,20,255.000,29,256.000,20,0,30,
115149564000,250.000,5,243.000,30,242.000,9,241.000,20,240.000,20,239.000,29,251.000,30,252.000,29,254.000,20,255.000,29,256.000,20,0,30,
115153290000,250.000,5,243.000,30,242.000,9,241.000,20,240.000,20,239.000,29,251.000,30,252.000,9,254.000,20,255.000,29,256.000,20,0,30,
115153290000,250.000,5,243.000,30,242.000,9,241.000,20,240.000,20,239.000,29,251.000,50,252.000,9,254.000,20,255.000,29,256.000,20,0,30,
115154002000,250.000,5,243.000,30,242.000,9,241.000,20,240.000,20,239.000,29,251.000,30,252.000,9,254.000,20,255.000,29,256.000,20,0,30,
115154002000,250.000,5,243.000,30,242.000,9,241.000,20,240.000,20,239.000,29,251.000,30,252.000,29,254.000,20,255.000,29,256.000,20,0,30,
115155619000,250.000,5,243.000,30,242.000,9,240.000,20,239.000,29,237.000,20,251.000,30,252.000,29,254.000,20,255.000,29,320.000,1,0,30,
115155619000,250.000,5,243.000,30,242.000,29,240.000,20,239.000,29,237.000,20,251.000,30,252.000,29,254.000,20,255.000,29,257.000,20,0,30,
115156288000,250.000,5,243.000,30,242.000,29,240.000,20,239.000,29,86.000,1,251.000,30,252.000,9,254.000,20,255.000,29,257.000,20,0,30,
115156288000,250.000,5,243.000,30,242.000,29,240.000,20,239.000,29,238.000,20,251.000,30,252.000,9,253.000,20,254.000,20,255.000,29,0,30,
115156989000,250.000,5,243.000,9,242.000,29,240.000,20,239.000,29,238.000,20,251.000,9,252.000,9,253.000,20,254.000,20,255.000,29,0,30,
115156989000,250.000,5,244.000,21,243.000,9,242.000,29,240.000,20,239.000,29,251.000,9,252.000,30,253.000,20,254.000,20,255.000,29,0,30,
115156989000,250.000,5,244.000,21,243.000,9,242.000,29,240.000,20,239.000,29,251.000,9,252.000,30,253.000,29,254.000,20,255.000,29,0,30,
115156989000,250.000,5,244.000,21,242.000,29,240.000,20,239.000,29,238.000,20,251.000,9,252.000,30,253.000,29,254.000,20,255.000,29,0,30,
115156989000,250.000,5,244.000,21,242.000,29,240.000,20,239.000,29,238.000,20,252.000,30,253.000,29,254.000,20,255.000,29,257.000,20,0,30,
115156989000,250.000,5,244.000,30,242.000,29,240.000,20,239.000,29,238.000,20,252.000,30,253.000,29,254.000,20,255.000,29,257.000,20,0,30,
115156993000,250.000,5,244.000,30,242.000,9,240.000,20,239.000,29,238.000,20,252.000,30,253.000,29,254.000,20,255.000,29,320.000,1,0,30,
115156993000,250.000,5,244.000,30,243.000,20,242.000,9,240.000,20,239.000,29,252.000,30,253.000,29,254.000,20,255.000,29,258.000,20,0,30,
115158276000,250.000,5,244.000,30,243.000,20,242.000,9,240.000,20,239.000,29,252.000,30,253.000,9,254.000,20,255.000,29,258.000,20,0,30,
115158276000,250.000,5,244.000,30,243.000,20,242.000,9,240.000,20,239.000,29,252.000,50,253.000,9,254.000,20,255.000,29,258.000,20,0,30,
115159071000,250.000,5,244.000,30,243.000,20,242.000,9,240.000,20,239.000,20,252.000,50,253.000,9,254.000,20,255.000,29,258.000,20,0,30,
115159072000,250.000,5,244.000,30,243.000,20,242.000,9,241.000,9,240.000,20,252.000,50,253.000,9,254.000,20,255.000,29,258.000,20,0,30,
115159073000,250.000,5,244.000,30,243.000,20,242.000,9,241.000,9,239.000,20,252.000,50,253.000,9,254.000,20,255.000,9,258.000,20,0,30,
115159143000,250.000,5,244.000,30,243.000,20,242.000,9,241.000,9,239.000,20,252.000,30,253.000,9,254.000,20,255.000,9,258.000,20,0,30,
115159143000,250.000,5,244.000,30,243.000,20,242.000,9,241.000,9,239.000,20,252.000,30,253.000,29,254.000,20,255.000,9,258.000,20,0,30,
115159274000,250.000,5,244.000,30,243.000,20,242.000,9,241.000,29,239.000,20,252.000,30,253.000,29,254.000,20,255.000,9,256.000,20,0,30,
115159517000,250.000,5,244.000,30,243.000,20,242.000,9,241.000,29,239.000,20,252.000,30,253.000,9,254.000,20,255.000,9,256.000,20,0,30,
115159767000,250.000,5,244.000,30,243.000,20,242.000,9,241.000,29,239.000,20,252.000,50,253.000,9,254.000,20,255.000,9,256.000,20,0,30,
115202618000,250.000,5,244.000,30,243.000,20,242.000,9,241.000,29,239.000,20,252.000,30,253.000,9,254.000,20,255.000,9,256.000,20,0,30,
115202618000,250.000,5,244.000,30,243.000,20,242.000,9,241.000,29,239.000,20,252.000,30,253.000,29,254.000,20,255.000,9,256.000,20,0,30,
115203368000,250.000,5,244.000,30,243.000,20,242.000,9,241.000,29,239.000,20,252.000,30,253.000,9,254.000,20,255.000,9,256.000,20,0,30,
115203368000,250.000,5,244.000,30,243.000,20,242.000,9,241.000,29,239.000,20,252.000,50,253.000,9,254.000,20,255.000,9,256.000,20,0,30,
115203493000,250.000,5,244.000,30,243.000,20,242.000,9,241.000,29,239.000,20,252.000,30,253.000,9,254.000,20,255.000,9,256.000,20,0,30,
115203868000,250.000,5,244.000,30,243.000,20,242.000,9,241.000,29,239.000,20,252.000,30,253.000,29,254.000,20,255.000,9,256.000,20,0,30,
115205100000,250.000,5,244.000,30,243.000,20,242.000,9,241.000,29,239.000,20,252.000,30,253.000,9,254.000,20,255.000,9,256.000,20,0,30,
115205100000,250.000,5,244.000,30,243.000,20,242.000,9,241.000,29,239.000,20,252.000,50,253.000,9,254.000,20,255.000,9,256.000,20,0,30,
115205969000,250.000,5,244.000,30,243.000,20,242.000,9,241.000,29,239.000,20,252.000,30,253.000,9,254.000,20,255.000,9,256.000,20,0,30,
115205969000,250.000,5,244.000,30,243.000,20,242.000,9,241.000,29,239.000,20,252.000,30,253.000,29,254.000,20,255.000,9,256.000,20,0,30,
115206119000,250.000,5,244.000,30,243.000,20,242.000,9,241.000,29,239.000,20,252.000,30,253.000,9,254.000,20,255.000,9,256.000,20,0,30,
115206486000,250.000,5,244.000,30,243.000,20,242.000,9,241.000,29,239.000,20,252.000,50,253.000,9,254.000,20,255.000,9,256.000,20,0,30,
115206779000,250.000,5,244.000,30,243.000,20,242.000,9,241.000,9,239.000,20,252.000,50,253.000,9,254.000,20,255.000,9,258.000,20,0,30,
115206869000,250.000,5,244.000,30,242.000,9,241.000,9,239.000,20,237.000,20,252.000,50,253.000,9,254.000,20,255.000,9,320.000,1,0,30,
115206869000,250.000,5,244.000,30,242.000,29,241.000,9,239.000,20,237.000,20,252.000,50,253.000,9,254.000,20,255.000,9,257.000,20,0,30,
115206972000,250.000,5,244.000,30,242.000,29,241.000,9,239.000,20,86.000,1,252.000,30,253.000,9,254.000,20,255.000,9,257.000,20,0,30,
115207043000,250.000,5,244.000,30,242.000,29,241.000,9,239.000,40,86.000,1,252.000,30,253.000,9,254.000,40,255.000,9,257.000,20,0,30,
115207098000,250.000,5,244.000,30,242.000,29,241.000,9,239.000,40,236.000,20,251.000,20,252.000,30,253.000,9,254.000,40,255.000,9,0,30,
115207098000,250.000,5,244.000,30,242.000,29,241.000,9,239.000,40,236.000,20,251.000,29,252.000,30,253.000,9,254.000,40,255.000,9,0,30,
115207506000,250.000,5,244.000,30,242.000,29,241.000,9,239.000,40,236.000,20,251.000,29,252.000,30,254.000,40,255.000,9,257.000,20,0,30,
115209008000,250.000,5,244.000,30,242.000,29,241.000,9,239.000,40,86.000,1,251.000,9,252.000,30,254.000,40,255.000,9,257.000,20,0,30,
115209008000,250.000,5,244.000,30,242.000,29,241.000,9,239.000,40,237.000,20,251.000,9,252.000,50,254.000,40,255.000,9,257.000,20,0,30,
115209008000,250.000,5,244.000,30,242.000,29,241.000,9,239.000,40,237.000,20,252.000,50,254.000,40,255.000,9,257.000,20,320.000,1,0,30,
115213166000,250.000,5,244.000,30,242.000,29,241.000,9,239.000,20,237.000,20,252.000,50,254.000,20,255.000,9,257.000,20,320.000,1,0,30,
115213611000,250.000,5,244.000,30,242.000,29,241.000,9,240.000,20,239.000,20,252.000,50,254.000,20,255.000,29,257.000,20,320.000,1,0,30,
115215993000,250.000,5,244.000,30,242.000,9,241.000,9,240.000,20,239.000,20,252.000,50,254.000,20,255.000,29,320.000,1,400.000,1,0,30,
115215993000,250.000,5,244.000,30,243.000,20,242.000,9,241.000,9,240.000,20,252.000,50,254.000,20,255.000,29,258.000,20,320.000,1,0,30,
115217608000,250.000,5,244.000,30,243.000,20,242.000,9,241.000,9,240.000,20,252.000,30,254.000,20,255.000,29,258.000,20,320.000,1,0,30,
115217608000,250.000,5,244.000,30,243.000,20,242.000,9,241.000,9,240.000,20,252.000,30,253.000,20,254.000,20,255.000,29,258.000,20,0,30,
115218294000,250.000,5,244.000,30,243.000,20,242.000,9,241.000,9,240.000,20,252.000,30,253.000,20,255.000,29,258.000,20,320.000,1,0,30,
115218505000,250.000,5,244.000,30,243.000,20,242.000,9,241.000,29,240.000,20,252.000,30,253.000,20,255.000,29,256.000,20,258.000,20,0,30,
115221308000,250.000,5,244.000,30,243.000,20,242.000,9,241.000,29,238.000,20,252.000,30,253.000,20,255.000,9,256.000,20,258.000,20,0,30,
115221757000,250.000,5,244.000,30,243.000,20,242.000,9,241.000,49,238.000,20,252.000,30,253.000,20,255.000,9,256.000,40,258.000,20,0,30,
115225118000,250.000,5,244.000,30,242.000,9,241.000,49,238.000,20,86.000,1,252.000,30,253.000,20,255.000,9,256.000,40,320.000,1,0,30,
115225118000,250.000,5,244.000,50,242.000,9,241.000,49,238.000,20,86.000,1,252.000,30,253.000,20,255.000,9,256.000,40,259.000,20,0,30,
115225274000,250.000,5,244.000,29,242.000,9,241.000,49,238.000,20,86.000,1,252.000,9,253.000,20,255.000,9,256.000,40,259.000,20,0,30,
115225274000,250.000,5,244.000,50,242.000,9,241.000,49,238.000,20,86.000,1,252.000,9,253.000,41,255.000,9,256.000,40,259.000,20,0,30,
115225274000,250.000,5,244.000,50,242.000,9,241.000,49,238.000,20,86.000,1,252.000,9,253.000,50,255.000,9,256.000,40,259.000,20,0,30,
115225274000,250.000,5,244.000,50,242.000,9,241.000,49,238.000,20,86.000,1,253.000,50,255.000,9,256.000,40,259.000,20,320.000,1,0,30,
115225508000,250.000,5,244.000,50,242.000,9,241.000,49,86.000,1,84.000,3,253.000,30,255.000,9,256.000,40,259.000,20,320.000,1,0,30,
115225508000,250.000,5,244.000,50,242.000,9,241.000,49,239.000,20,86.000,1,253.000,30,254.000,20,255.000,9,256.000,40,259.000,20,0,30,
115226258000,250.000,5,244.000,50,242.000,9,241.000,49,86.000,1,84.000,3,253.000,30,255.000,9,256.000,40,259.000,20,320.000,1,0,30,
115226258000,250.000,5,244.000,50,242.000,9,241.000,49,238.000,20,86.000,1,253.000,50,255.000,9,256.000,40,259.000,20,320.000,1,0,30,
115226619000,250.000,5,244.000,30,242.000,9,241.000,49,238.000,20,86.000,1,253.000,50,255.000,9,256.000,40,320.000,1,400.000,1,0,30,
115226619000,250.000,5,244.000,30,243.000,20,242.000,9,241.000,49,238.000,20,253.000,50,255.000,9,256.000,40,258.000,20,320.000,1,0,30,
115228367000,250.000,5,244.000,30,242.000,9,241.000,49,238.000,20,86.000,1,253.000,50,255.000,9,256.000,40,320.000,1,400.000,1,0,30,
115228367000,250.000,5,244.000,50,242.000,9,241.000,49,238.000,20,86.000,1,253.000,50,255.000,9,256.000,40,259.000,20,320.000,1,0,30,
115228369000,250.000,5,244.000,50,242.000,9,241.000,49,86.000,1,84.000,3,253.000,30,255.000,9,256.000,40,259.000,20,320.000,1,0,30,
115228369000,250.000,5,244.000,50,242.000,9,241.000,49,239.000,20,86.000,1,253.000,30,254.000,20,255.000,9,256.000,40,259.000,20,0,30,
115228661000,250.000,5,244.000,50,242.000,9,241.000,49,239.000,20,86.000,1,253.000,30,254.000,20,256.000,40,259.000,20,320.000,1,0,30,
115228784000,250.000,5,244.000,50,242.000,9,241.000,49,239.000,20,86.000,1,253.000,30,254.000,20,256.000,40,257.000,9,259.000,20,0,30,
115229536000,250.000,5,244.000,50,242.000,9,241.000,49,86.000,1,84.000,3,253.000,30,256.000,40,257.000,9,259.000,20,320.000,1,0,30,
115229536000,250.000,5,244.000,50,242.000,9,241.000,49,238.000,20,86.000,1,253.000,50,256.000,40,257.000,9,259.000,20,320.000,1,0,30,
115231914000,250.000,5,244.000,50,242.000,9,241.000,49,86.000,1,84.000,3,253.000,30,256.000,40,257.000,9,259.000,20,320.000,1,0,30,
115231914000,250.000,5,244.000,50,242.000,9,241.000,49,239.000,20,86.000,1,253.000,30,254.000,20,256.000,40,257.000,9,259.000,20,0,30,
115234391000,250.000,5,244.000,50,242.000,9,241.000,49,86.000,1,84.000,3,253.000,30,256.000,40,257.000,9,259.000,20,320.000,1,0,30,
115234391000,250.000,5,244.000,50,242.000,9,241.000,49,238.000,20,86.000,1,253.000,50,256.000,40,257.000,9,259.000,20,320.000,1,0,30,
115235138000,250.000,5,244.000,50,242.000,9,241.000,49,86.000,1,84.000,3,253.000,30,256.000,40,257.000,9,259.000,20,320.000,1,0,30,
115235138000,250.000,5,244.000,50,242.000,9,241.000,49,239.000,20,86.000,1,253.000,30,254.000,20,256.000,40,257.000,9,259.000,20,0,30,
115238744000,250.000,5,244.000,50,242.000,9,241.000,49,86.000,1,84.000,3,253.000,30,256.000,40,257.000,9,259.000,20,320.000,1,0,30,
115238744000,250.000,5,244.000,50,242.000,9,241.000,49,238.000,20,86.000,1,253.000,50,256.000,40,257.000,9,259.000,20,320.000,1,0,30,
115241013000,250.000,5,244.000,50,242.000,9,241.000,49,86.000,1,84.000,3,253.000,30,256.000,40,257.000,9,259.000,20,320.000,1,0,30,
115241013000,250.000,5,244.000,50,242.000,9,241.000,49,239.000,20,86.000,1,253.000,30,254.000,20,256.000,40,257.000,9,259.000,20,0,30,
115241800000,250.000,5,244.000,50,242.000,9,241.000,29,239.000,20,86.000,1,253.000,30,254.000,20,256.000,20,257.000,9,259.000,20,0,30,
115242190000,250.000,5,244.000,50,242.000,9,241.000,49,239.000,20,86.000,1,253.000,30,254.000,20,256.000,40,257.000,9,259.000,20,0,30,
115243388000,250.000,5,244.000,50,242.000,9,241.000,49,86.000,1,84.000,3,253.000,30,256.000,40,257.000,9,259.000,20,320.000,1,0,30,
115243388000,250.000,5,244.000,50,242.000,9,241.000,49,238.000,20,86.000,1,253.000,50,256.000,40,257.000,9,259.000,20,320.000,1,0,30,
115243869000,250.000,5,244.000,30,242.000,9,241.000,49,238.000,20,86.000,1,253.000,50,256.000,40,257.000,9,320.000,1,400.000,1,0,30,
115243869000,250.000,5,244.000,30,243.000,20,242.000,9,241.000,49,238.000,20,253.000,50,256.000,40,257.000,9,258.000,20,320.000,1,0,30,
115252237000,250.000,5,244.000,30,243.000,20,242.000,9,241.000,29,238.000,20,253.000,50,256.000,20,257.000,9,258.000,20,320.000,1,0,30,
115252546000,250.000,5,244.000,30,243.000,20,242.000,9,241.000,49,238.000,20,253.000,50,256.000,40,257.000,9,258.000,20,320.000,1,0,30,
115255249000,250.000,5,244.000,30,243.000,20,242.000,9,241.000,49,86.000,1,253.000,30,256.000,40,257.000,9,258.000,20,320.000,1,0,30,
115255249000,250.000,5,244.000,30,243.000,20,242.000,9,241.000,49,237.000,20,252.000,20,253.000,30,256.000,40,257.000,9,258.000,20,0,30,
115255250000,250.000,5,244.000,30,243.000,20,242.000,9,241.000,49,237.000,20,252.000,29,253.000,30,256.000,40,257.000,9,258.000,20,0,30,
115255375000,250.000,5,244.000,30,243.000,20,242.000,9,241.000,49,86.000,1,252.000,9,253.000,30,256.000,40,257.000,9,258.000,20,0,30,
115255376000,250.000,5,244.000,30,243.000,20,242.000,9,241.000,49,86.000,1,253.000,30,256.000,40,257.000,9,258.000,20,320.000,1,0,30,
115255749000,250.000,5,244.000,30,243.000,20,242.000,9,241.000,49,238.000,20,253.000,50,256.000,40,257.000,9,258.000,20,320.000,1,0,30,
115256014000,250.000,5,244.000,9,243.000,20,242.000,9,241.000,49,238.000,20,253.000,29,256.000,40,257.000,9,258.000,20,320.000,1,0,30,
115256014000,250.000,5,244.000,30,243.000,20,242.000,9,241.000,49,238.000,20,252.000,21,253.000,29,256.000,40,257.000,9,258.000,20,0,30,
115256015000,250.000,5,244.000,30,243.000,29,242.000,9,241.000,49,238.000,20,252.000,21,253.000,29,256.000,40,257.000,9,258.000,20,0,30,
115256015000,250.000,5,244.000,21,243.000,29,242.000,9,241.000,49,238.000,20,252.000,21,253.000,29,256.000,40,257.000,9,258.000,20,0,30,
115256015000,250.000,5,244.000,21,243.000,29,242.000,9,241.000,49,238.000,20,252.000,30,253.000,29,256.000,40,257.000,9,258.000,20,0,30,
115256015000,250.000,5,244.000,30,243.000,29,242.000,9,241.000,49,238.000,20,252.000,30,253.000,29,256.000,40,257.000,9,258.000,20,0,30,
115256505000,250.000,5,244.000,30,243.000,29,241.000,49,238.000,20,86.000,1,252.000,30,253.000,29,256.000,40,257.000,9,258.000,20,0,30,
115304139000,250.000,5,244.000,30,243.000,29,241.000,49,86.000,1,84.000,3,252.000,30,253.000,9,256.000,40,257.000,9,258.000,20,0,30,
115304139000,250.000,5,244.000,30,243.000,29,241.000,49,237.000,20,86.000,1,252.000,50,253.000,9,256.000,40,257.000,9,258.000,20,0,30,
115305669000,250.000,5,244.000,30,243.000,29,241.000,49,237.000,20,86.000,1,252.000,50,253.000,9,256.000,40,258.000,20,320.000,1,0,30,
115305670000,250.000,5,244.000,30,243.000,29,241.000,49,237.000,20,86.000,1,252.000,50,253.000,9,255.000,9,256.000,40,258.000,20,0,30,
115305743000,250.000,5,244.000,30,243.000,9,241.000,49,237.000,20,86.000,1,252.000,50,253.000,9,255.000,9,256.000,40,320.000,1,0,30,
115305743000,250.000,5,244.000,30,243.000,9,242.000,20,241.000,49,237.000,20,252.000,50,253.000,9,255.000,9,256.000,40,257.000,20,0,30,
115305875000,250.000,5,244.000,30,243.000,9,242.000,20,241.000,29,237.000,20,252.000,50,253.000,9,255.000,9,256.000,20,257.000,20,0,30,
115306877000,250.000,5,244.000,30,243.000,9,242.000,20,241.000,29,240.000,20,252.000,50,253.000,9,255.000,29,256.000,20,257.000,20,0,30,
115309984000,250.000,5,244.000,30,243.000,9,242.000,20,241.000,29,240.000,20,252.000,30,253.000,9,255.000,29,256.000,20,257.000,20,0,30,
115309984000,250.000,5,244.000,30,243.000,9,242.000,20,241.000,29,240.000,20,251.000,20,252.000,30,253.000,9,255.000,29,256.000,20,0,30,
115309984000,250.000,5,244.000,30,243.000,9,242.000,20,241.000,29,240.000,20,251.000,29,252.000,30,253.000,9,255.000,29,256.000,20,0,30,
115309994000,250.000,5,244.000,30,243.000,9,241.000,29,240.000,20,236.000,20,251.000,29,252.000,30,253.000,9,255.000,29,256.000,20,0,30,
115309994000,250.000,5,244.000,30,243.000,9,241.000,49,240.000,20,236.000,20,251.000,29,252.000,30,253.000,9,255.000,29,256.000,40,0,30,
115310005000,250.000,5,244.000,30,243.000,9,241.000,49,240.000,20,236.000,20,251.000,29,252.000,30,255.000,29,256.000,40,320.000,1,0,30,
115310020000,250.000,5,244.000,9,243.000,9,241.000,49,240.000,20,236.000,20,251.000,29,252.000,9,255.000,29,256.000,40,320.000,1,0,30,
115310020000,250.000,5,244.000,9,243.000,30,241.000,49,240.000,20,236.000,20,250.000,21,251.000,29,252.000,9,255.000,29,256.000,40,0,30,
115310021000,250.000,5,244.000,9,243.000,30,241.000,58,240.000,20,236.000,20,250.000,21,251.000,29,252.000,9,255.000,29,256.000,40,0,30,
115310021000,250.000,5,244.000,9,243.000,30,241.000,58,240.000,20,236.000,20,250.000,30,251.000,29,252.000,9,255.000,29,256.000,40,0,30,
115310021000,250.000,5,243.000,30,241.000,58,240.000,20,236.000,20,86.000,1,250.000,30,251.000,29,252.000,9,255.000,29,256.000,40,0,30,
115310506000,250.000,5,243.000,30,241.000,58,240.000,20,236.000,20,86.000,1,250.000,30,251.000,29,255.000,29,256.000,40,320.000,1,0,30,
115310857000,250.000,5,243.000,30,241.000,58,240.000,20,86.000,1,84.000,3,250.000,30,251.000,9,255.000,29,256.000,40,320.000,1,0,30,
115310857000,250.000,5,243.000,30,241.000,58,240.000,20,237.000,20,86.000,1,250.000,30,251.000,9,252.000,20,255.000,29,256.000,40,0,30,
115310868000,250.000,5,243.000,30,241.000,38,240.000,20,237.000,20,86.000,1,250.000,30,251.000,9,252.000,20,255.000,29,256.000,20,0,30,
115310868000,250.000,5,243.000,30,242.000,20,241.000,38,240.000,20,237.000,20,250.000,30,251.000,9,252.000,20,255.000,29,256.000,20,0,30,
115311021000,250.000,5,243.000,9,242.000,20,241.000,38,240.000,20,237.000,20,250.000,9,251.000,9,252.000,20,255.000,29,256.000,20,0,30,
115311021000,250.000,5,243.000,30,242.000,20,241.000,38,240.000,20,237.000,20,250.000,9,251.000,30,252.000,20,255.000,29,256.000,20,0,30,
115311021000,250.000,5,243.000,30,242.000,20,241.000,38,240.000,20,237.000,20,251.000,30,252.000,20,255.000,29,256.000,20,257.000,20,0,30,
115314028000,250.000,5,243.000,9,242.000,20,241.000,38,240.000,20,237.000,20,251.000,9,252.000,20,255.000,29,256.000,20,257.000,20,0,30,
115314028000,250.000,5,244.000,21,243.000,9,242.000,20,241.000,38,240.000,20,251.000,9,252.000,41,255.000,29,256.000,20,257.000,20,0,30,
115314028000,250.000,5,244.000,21,243.000,9,242.000,20,241.000,38,240.000,20,251.000,9,252.000,50,255.000,29,256.000,20,257.000,20,0,30,
115314028000,250.000,5,244.000,21,242.000,20,241.000,38,240.000,20,237.000,20,251.000,9,252.000,50,255.000,29,256.000,20,257.000,20,0,30,
115314028000,250.000,5,244.000,21,242.000,29,241.000,38,240.000,20,237.000,20,251.000,9,252.000,50,255.000,29,256.000,20,257.000,20,0,30,
115314028000,250.000,5,244.000,21,242.000,29,241.000,38,240.000,20,237.000,20,252.000,50,255.000,29,256.000,20,257.000,20,320.000,1,0,30,
115314028000,250.000,5,244.000,30,242.000,29,241.000,38,240.000,20,237.000,20,252.000,50,255.000,29,256.000,20,257.000,20,320.000,1,0,30,
115314033000,250.000,5,244.000,30,242.000,29,241.000,38,240.000,20,86.000,1,252.000,30,255.000,29,256.000,20,257.000,20,320.000,1,0,30,
115314119000,250.000,5,244.000,30,242.000,9,241.000,38,240.000,20,86.000,1,252.000,30,255.000,29,256.000,20,320.000,1,400.000,1,0,30,
115314119000,250.000,5,244.000,30,243.000,20,242.000,9,241.000,38,240.000,20,252.000,30,255.000,29,256.000,20,258.000,20,320.000,1,0,30,
115314506000,250.000,5,244.000,30,243.000,20,242.000,9,241.000,29,240.000,20,252.000,30,255.000,29,256.000,20,258.000,20,320.000,1,0,30,
115314535000,250.000,5,244.000,30,243.000,20,242.000,9,241.000,29,240.000,20,252.000,30,253.000,20,255.000,29,256.000,20,258.000,20,0,30,
115315243000,250.000,5,244.000,30,242.000,9,241.000,29,240.000,20,238.000,20,252.000,30,253.000,20,255.000,29,256.000,20,320.000,1,0,30,
115315243000,250.000,5,244.000,50,242.000,9,241.000,29,240.000,20,238.000,20,252.000,30,253.000,20,255.000,29,256.000,20,259.000,20,0,30,
115315274000,250.000,5,244.000,50,242.000,9,241.000,29,240.000,20,86.000,1,252.000,30,255.000,29,256.000,20,259.000,20,320.000,1,0,30,
115315274000,250.000,5,244.000,50,242.000,9,241.000,29,240.000,20,239.000,20,252.000,30,254.000,20,255.000,29,256.000,20,259.000,20,0,30,
115316123000,250.000,5,244.000,29,242.000,9,241.000,29,240.000,20,239.000,20,252.000,9,254.000,20,255.000,29,256.000,20,259.000,20,0,30,
115316123000,250.000,5,244.000,50,242.000,9,241.000,29,240.000,20,239.000,20,252.000,9,253.000,21,254.000,20,255.000,29,256.000,20,0,30,
115316123000,250.000,5,244.000,50,242.000,9,241.000,29,240.000,20,239.000,20,252.000,9,253.000,21,254.000,29,255.000,29,256.000,20,0,30,
115316123000,250.000,5,244.000,50,242.000,9,241.000,29,240.000,20,239.000,20,253.000,21,254.000,29,255.000,29,256.000,20,259.000,20,0,30,
115316123000,250.000,5,244.000,50,242.000,9,241.000,29,240.000,20,239.000,20,253.000,30,254.000,29,255.000,29,256.000,20,259.000,20,0,30,
115316662000,250.000,5,244.000,50,242.000,9,241.000,29,239.000,20,86.000,1,253.000,30,254.000,29,255.000,9,256.000,20,259.000,20,0,30,
115317366000,250.000,5,244.000,50,243.000,20,242.000,9,241.000,29,239.000,20,253.000,30,254.000,29,255.000,9,256.000,20,258.000,20,0,30,
115318071000,250.000,5,244.000,50,243.000,20,242.000,9,241.000,29,86.000,1,253.000,30,254.000,9,255.000,9,256.000,20,258.000,20,0,30,
115318071000,250.000,5,244.000,50,243.000,20,242.000,9,241.000,29,238.000,20,253.000,50,254.000,9,255.000,9,256.000,20,258.000,20,0,30,
115319986000,250.000,5,244.000,50,243.000,20,242.000,9,241.000,29,86.000,1,253.000,30,254.000,9,255.000,9,256.000,20,258.000,20,0,30,
115319986000,250.000,5,244.000,50,243.000,20,242.000,9,241.000,29,237.000,20,252.000,20,253.000,30,254.000,9,255.000,9,256.000,20,0,30,
115319987000,250.000,5,244.000,50,243.000,20,242.000,9,241.000,29,237.000,20,252.000,29,253.000,30,254.000,9,255.000,9,256.000,20,0,30,
115319993000,250.000,5,244.000,30,243.000,20,242.000,9,241.000,29,237.000,20,252.000,29,253.000,30,254.000,9,255.000,9,256.000,20,0,30,
115319993000,250.000,5,244.000,30,243.000,40,242.000,9,241.000,29,237.000,20,252.000,29,253.000,30,254.000,9,255.000,9,256.000,20,0,30,
115320006000,250.000,5,244.000,30,243.000,40,242.000,9,241.000,29,237.000,20,252.000,29,253.000,30,255.000,9,256.000,20,258.000,40,0,30,
115320112000,250.000,5,244.000,30,243.000,40,242.000,9,241.000,29,86.000,1,252.000,9,253.000,30,255.000,9,256.000,20,258.000,40,0,30,
115320112000,250.000,5,244.000,30,243.000,40,242.000,9,241.000,29,86.000,1,253.000,30,255.000,9,256.000,20,258.000,40,320.000,1,0,30,
115320487000,250.000,5,244.000,30,243.000,40,242.000,9,241.000,29,237.000,20,252.000,20,253.000,30,255.000,9,256.000,20,258.000,40,0,30,
115320492000,250.000,5,244.000,30,243.000,20,242.000,9,241.000,29,237.000,20,252.000,20,253.000,30,255.000,9,256.000,20,258.000,20,0,30,
115320492000,250.000,5,244.000,30,243.000,20,242.000,29,241.000,29,237.000,20,252.000,20,253.000,30,255.000,9,256.000,20,257.000,20,0,30,
115320508000,250.000,5,244.000,30,242.000,29,241.000,29,237.000,20,86.000,1,252.000,20,253.000,30,255.000,9,256.000,20,257.000,20,0,30,
115321025000,250.000,5,244.000,9,242.000,29,241.000,29,237.000,20,86.000,1,252.000,20,253.000,9,255.000,9,256.000,20,257.000,20,0,30,
115321025000,250.000,5,244.000,30,242.000,29,241.000,29,237.000,20,86.000,1,251.000,21,252.000,20,253.000,9,255.000,9,256.000,20,0,30,
115321025000,250.000,5,244.000,21,242.000,29,241.000,29,237.000,20,86.000,1,251.000,21,252.000,20,253.000,9,255.000,9,256.000,20,0,30,
115321246000,250.000,5,244.000,21,242.000,29,241.000,29,240.000,20,237.000,20,251.000,21,252.000,20,253.000,9,255.000,29,256.000,20,0,30,
115321856000,250.000,5,244.000,30,242.000,29,241.000,29,240.000,20,237.000,20,251.000,21,252.000,20,253.000,9,255.000,29,256.000,20,0,30,
115321856000,250.000,5,244.000,30,242.000,29,241.000,29,240.000,20,237.000,20,251.000,30,252.000,20,253.000,9,255.000,29,256.000,20,0,30,
115322021000,250.000,5,244.000,30,242.000,29,241.000,29,240.000,20,86.000,1,251.000,30,253.000,9,255.000,29,256.000,20,257.000,20,0,30,
115322021000,250.000,5,244.000,30,242.000,29,241.000,29,240.000,20,236.000,20,251.000,50,253.000,9,255.000,29,256.000,20,257.000,20,0,30,
115322243000,250.000,5,244.000,30,242.000,9,241.000,29,240.000,20,236.000,20,251.000,50,253.000,9,255.000,29,256.000,20,320.000,1,0,30,
115322243000,250.000,5,244.000,30,242.000,9,241.000,49,240.000,20,236.000,20,251.000,50,253.000,9,255.000,29,256.000,40,320.000,1,0,30,
115323146000,250.000,5,244.000,30,242.000,9,241.000,49,240.000,20,86.000,1,251.000,30,253.000,9,255.000,29,256.000,40,320.000,1,0,30,
115323146000,250.000,5,244.000,30,242.000,9,241.000,49,240.000,20,237.000,20,251.000,30,252.000,20,253.000,9,255.000,29,256.000,40,0,30,
115325118000,250.000,5,244.000,30,242.000,9,241.000,29,240.000,20,237.000,20,251.000,30,252.000,20,253.000,9,255.000,29,256.000,20,0,30,
115325118000,250.000,5,244.000,30,242.000,29,241.000,29,240.000,20,237.000,20,251.000,30,252.000,20,253.000,9,255.000,29,256.000,20,0,30,
115330124000,250.000,5,244.000,30,242.000,29,241.000,29,240.000,20,86.000,1,251.000,30,253.000,9,255.000,29,256.000,20,257.000,20,0,30,
115330124000,250.000,5,244.000,30,242.000,29,241.000,29,240.000,20,236.000,20,251.000,50,253.000,9,255.000,29,256.000,20,257.000,20,0,30,
115330245000,250.000,5,244.000,30,242.000,9,241.000,29,240.000,20,236.000,20,251.000,50,253.000,9,255.000,29,256.000,20,320.000,1,0,30,
115330245000,250.000,5,244.000,30,242.000,9,241.000,49,240.000,20,236.000,20,251.000,50,253.000,9,255.000,29,256.000,40,320.000,1,0,30,
115330868000,250.000,5,244.000,30,242.000,9,241.000,29,240.000,20,236.000,20,251.000,50,253.000,9,255.000,29,256.000,20,320.000,1,0,30,
115330868000,250.000,5,244.000,30,242.000,29,241.000,29,240.000,20,236.000,20,251.000,50,253.000,9,255.000,29,256.000,20,257.000,20,0,30,
115330871000,250.000,5,244.000,30,242.000,29,241.000,29,240.000,20,86.000,1,251.000,30,253.000,9,255.000,29,256.000,20,257.000,20,0,30,
115330871000,250.000,5,244.000,30,242.000,29,241.000,29,240.000,20,237.000,20,251.000,30,252.000,20,253.000,9,255.000,29,256.000,20,0,30,
115331395000,250.000,5,244.000,30,242.000,29,241.000,29,237.000,20,86.000,1,251.000,30,252.000,20,253.000,9,255.000,9,256.000,20,0,30,
115331488000,250.000,5,244.000,30,242.000,29,241.000,29,86.000,1,84.000,3,251.000,30,253.000,9,255.000,9,256.000,20,257.000,20,0,30,
115331488000,250.000,5,244.000,30,242.000,29,241.000,29,236.000,20,86.000,1,251.000,50,253.000,9,255.000,9,256.000,20,257.000,20,0,30,
115331540000,250.000,5,244.000,30,242.000,29,241.000,29,240.000,20,236.000,20,251.000,50,253.000,9,255.000,29,256.000,20,257.000,20,0,30,
115332365000,250.000,5,244.000,30,242.000,29,241.000,29,240.000,20,86.000,1,251.000,30,253.000,9,255.000,29,256.000,20,257.000,20,0,30,
115332365000,250.000,5,244.000,30,242.000,29,241.000,29,240.000,20,237.000,20,251.000,30,252.000,20,253.000,9,255.000,29,256.000,20,0,30,
115333478000,250.000,5,244.000,30,242.000,29,241.000,29,240.000,20,86.000,1,251.000,30,253.000,9,255.000,29,256.000,20,257.000,20,0,30,
115333478000,250.000,5,244.000,30,242.000,29,241.000,29,240.000,20,236.000,20,251.000,50,253.000,9,255.000,29,256.000,20,257.000,20,0,30,
115333743000,250.000,5,244.000,30,242.000,9,241.000,29,240.000,20,236.000,20,251.000,50,253.000,9,255.000,29,256.000,20,320.000,1,0,30,
115333743000,250.000,5,244.000,30,242.000,9,241.000,49,240.000,20,236.000,20,251.000,50,253.000,9,255.000,29,256.000,40,320.000,1,0,30,
115333800000,250.000,5,244.000,9,242.000,9,241.000,49,240.000,20,236.000,20,251.000,29,253.000,9,255.000,29,256.000,40,320.000,1,0,30,
115333800000,250.000,5,244.000,9,243.000,21,242.000,9,241.000,49,240.000,20,251.000,50,253.000,9,255.000,29,256.000,40,320.000,1,0,30,
115333801000,250.000,5,244.000,9,243.000,21,242.000,9,241.000,40,240.000,20,251.000,50,253.000,9,255.000,29,256.000,40,320.000,1,0,30,
115333804000,250.000,5,243.000,21,242.000,9,241.000,40,240.000,20,236.000,20,251.000,50,253.000,9,255.000,29,256.000,40,320.000,1,0,30,
115333804000,250.000,5,243.000,30,242.000,9,241.000,40,240.000,20,236.000,20,251.000,50,253.000,9,255.000,29,256.000,40,320.000,1,0,30,
115333804000,250.000,5,243.000,30,242.000,9,241.000,49,240.000,20,236.000,20,251.000,50,253.000,9,255.000,29,256.000,40,320.000,1,0,30,
115333836000,250.000,5,243.000,30,242.000,9,241.000,29,240.000,20,236.000,20,251.000,50,253.000,9,255.000,29,256.000,20,320.000,1,0,30,
115333870000,250.000,5,243.000,30,242.000,9,241.000,9,240.000,20,236.000,20,251.000,50,253.000,9,255.000,29,320.000,1,400.000,1,0,30,
115333870000,250.000,5,243.000,30,242.000,9,241.000,9,240.000,40,236.000,20,251.000,50,253.000,9,255.000,49,320.000,1,400.000,1,0,30,
115333914000,250.000,5,243.000,30,242.000,9,241.000,9,240.000,40,239.000,20,251.000,50,253.000,9,254.000,20,255.000,49,320.000,1,0,30,
115333919000,250.000,5,243.000,30,242.000,9,241.000,9,240.000,40,239.000,29,251.000,50,253.000,9,254.000,20,255.000,49,320.000,1,0,30,
115333928000,250.000,5,243.000,30,242.000,9,241.000,9,240.000,40,239.000,29,251.000,30,253.000,9,254.000,20,255.000,49,320.000,1,0,30,
115334006000,250.000,5,243.000,30,242.000,9,240.000,40,239.000,29,86.000,1,251.000,30,253.000,9,254.000,20,255.000,49,320.000,1,0,30,
115334031000,250.000,5,243.000,9,242.000,9,240.000,40,239.000,29,86.000,1,251.000,9,253.000,9,254.000,20,255.000,49,320.000,1,0,30,
115334031000,250.000,5,243.000,9,242.000,30,240.000,40,239.000,29,86.000,1,251.000,30,253.000,9,254.000,20,255.000,49,320.000,1,0,30,
115334031000,250.000,5,243.000,9,242.000,30,240.000,49,239.000,29,86.000,1,251.000,30,253.000,9,254.000,20,255.000,49,320.000,1,0,30,
115334031000,250.000,5,243.000,9,242.000,30,240.000,49,239.000,29,86.000,1,251.000,30,253.000,9,254.000,29,255.000,49,320.000,1,0,30,
115334031000,250.000,5,242.000,30,240.000,49,239.000,29,86.000,1,84.000,3,251.000,30,253.000,9,254.000,29,255.000,49,320.000,1,0,30,
115334031000,250.000,5,242.000,30,240.000,49,239.000,29,86.000,1,84.000,3,251.000,21,253.000,9,254.000,29,255.000,49,320.000,1,0,30,
115334031000,250.000,5,242.000,30,240.000,49,239.000,29,86.000,1,84.000,3,251.000,30,253.000,9,254.000,29,255.000,49,320.000,1,0,30,
115334050000,250.000,5,242.000,30,240.000,49,239.000,29,235.000,20,86.000,1,250.000,20,251.000,30,253.000,9,254.000,29,255.000,49,0,30,
115334051000,250.000,5,242.000,30,240.000,49,239.000,29,235.000,20,86.000,1,250.000,29,251.000,30,253.000,9,254.000,29,255.000,49,0,30,
115334506000,250.000,5,242.000,30,240.000,49,239.000,29,235.000,20,86.000,1,250.000,29,251.000,30,254.000,29,255.000,49,320.000,1,0,30,
115334506000,250.000,5,242.000,30,240.000,49,239.000,29,235.000,20,86.000,1,250.000,29,251.000,30,254.000,20,255.000,49,320.000,1,0,30,
115335031000,250.000,5,242.000,9,240.000,49,239.000,29,235.000,20,86.000,1,250.000,29,251.000,9,254.000,20,255.000,49,320.000,1,0,30,
115335031000,250.000,5,242.000,30,240.000,49,239.000,29,235.000,20,86.000,1,250.000,50,251.000,9,254.000,20,255.000,49,320.000,1,0,30,
115335031000,250.000,5,242.000,21,240.000,49,239.000,29,235.000,20,86.000,1,250.000,50,251.000,9,254.000,20,255.000,49,320.000,1,0,30,
115335032000,250.000,5,242.000,30,240.000,49,239.000,29,235.000,20,86.000,1,250.000,50,251.000,9,254.000,20,255.000,49,320.000,1,0,30,
115335604000,250.000,5,242.000,30,240.000,49,239.000,29,235.000,20,86.000,1,250.000,50,251.000,9,254.000,20,255.000,40,320.000,1,0,30,
115335604000,250.000,5,242.000,30,240.000,49,239.000,29,235.000,20,86.000,1,250.000,50,251.000,9,253.000,9,254.000,20,255.000,40,0,30,
115339233000,250.000,5,242.000,30,240.000,29,239.000,29,235.000,20,86.000,1,250.000,50,251.000,9,253.000,9,254.000,20,255.000,20,0,30,
115339785000,250.000,5,242.000,30,240.000,29,239.000,49,235.000,20,86.000,1,250.000,50,251.000,9,253.000,9,254.000,40,255.000,20,0,30,
115354481000,250.000,5,242.000,30,240.000,29,239.000,49,86.000,1,84.000,3,250.000,30,251.000,9,253.000,9,254.000,40,255.000,20,0,30,
115354481000,250.000,5,242.000,30,240.000,29,239.000,49,236.000,20,86.000,1,250.000,30,251.000,29,253.000,9,254.000,40,255.000,20,0,30,
115354607000,250.000,5,242.000,30,240.000,29,239.000,49,86.000,1,84.000,3,250.000,30,251.000,9,253.000,9,254.000,40,255.000,20,0,30,
115354982000,250.000,5,242.000,30,240.000,29,239.000,49,235.000,20,86.000,1,250.000,50,251.000,9,253.000,9,254.000,40,255.000,20,0,30,
115357703000,250.000,5,242.000,30,240.000,29,239.000,49,86.000,1,84.000,3,250.000,30,251.000,9,253.000,9,254.000,40,255.000,20,0,30,
115357703000,250.000,5,242.000,30,240.000,29,239.000,49,234.000,20,86.000,1,249.000,20,250.000,30,251.000,9,253.000,9,254.000,40,0,30,
115357704000,250.000,5,242.000,30,240.000,29,239.000,49,234.000,20,86.000,1,249.000,29,250.000,30,251.000,9,253.000,9,254.000,40,0,30,
115357743000,250.000,5,242.000,30,240.000,9,239.000,49,234.000,20,86.000,1,249.000,29,250.000,30,251.000,9,253.000,9,254.000,40,0,30,
115357743000,250.000,5,242.000,30,240.000,9,239.000,69,234.000,20,86.000,1,249.000,29,250.000,30,251.000,9,253.000,9,254.000,60,0,30,
115358006000,250.000,5,242.000,30,240.000,9,239.000,69,234.000,20,86.000,1,249.000,29,250.000,30,253.000,9,254.000,60,320.000,1,0,30,
115358718000,250.000,5,242.000,30,240.000,9,239.000,69,86.000,1,84.000,3,249.000,9,250.000,30,253.000,9,254.000,60,320.000,1,0,30,
115358718000,250.000,5,242.000,30,240.000,9,239.000,69,235.000,20,86.000,1,249.000,9,250.000,50,253.000,9,254.000,60,320.000,1,0,30,
115358718000,250.000,5,242.000,30,240.000,9,239.000,69,235.000,20,86.000,1,250.000,50,253.000,9,254.000,60,320.000,1,400.000,1,0,30,
115358968000,250.000,5,242.000,30,240.000,9,239.000,69,86.000,1,84.000,3,250.000,30,253.000,9,254.000,60,320.000,1,400.000,1,0,30,
115359335000,250.000,5,242.000,30,240.000,9,239.000,69,234.000,20,86.000,1,249.000,20,250.000,30,253.000,9,254.000,60,320.000,1,0,30,
115359335000,250.000,5,242.000,30,240.000,9,239.000,69,234.000,20,86.000,1,249.000,29,250.000,30,253.000,9,254.000,60,320.000,1,0,30,
115359459000,250.000,5,242.000,30,240.000,9,239.000,69,86.000,1,84.000,3,249.000,9,250.000,30,253.000,9,254.000,60,320.000,1,0,30,
115359460000,250.000,5,242.000,30,240.000,9,239.000,69,86.000,1,84.000,3,250.000,30,253.000,9,254.000,60,320.000,1,400.000,1,0,30,
115359800000,250.000,5,242.000,30,240.000,9,239.000,49,86.000,1,84.000,3,250.000,30,253.000,9,254.000,40,320.000,1,400.000,1,0,30,
115359834000,250.000,5,242.000,30,240.000,9,239.000,49,235.000,20,86.000,1,250.000,50,253.000,9,254.000,40,320.000,1,400.000,1,0,30,
115359959000,250.000,5,242.000,30,240.000,9,239.000,49,86.000,1,84.000,3,250.000,30,253.000,9,254.000,40,320.000,1,400.000,1,0,30,
115400460000,250.000,5,242.000,30,240.000,9,239.000,49,235.000,20,86.000,1,250.000,50,253.000,9,254.000,40,320.000,1,400.000,1,0,30,
115401375000,250.000,5,242.000,30,240.000,9,239.000,69,235.000,20,86.000,1,250.000,50,253.000,9,254.000,60,320.000,1,400.000,1,0,30,
115402042000,250.000,5,242.000,9,240.000,9,239.000,69,235.000,20,86.000,1,250.000,29,253.000,9,254.000,60,320.000,1,400.000,1,0,30,
115402042000,250.000,5,242.000,30,240.000,9,239.000,69,235.000,20,86.000,1,249.000,21,250.000,29,253.000,9,254.000,60,320.000,1,0,30,
115402043000,250.000,5,242.000,21,240.000,9,239.000,69,235.000,20,86.000,1,249.000,21,250.000,29,253.000,9,254.000,60,320.000,1,0,30,
115402043000,250.000,5,242.000,21,240.000,9,239.000,78,235.000,20,86.000,1,249.000,21,250.000,29,253.000,9,254.000,60,320.000,1,0,30,
115402043000,250.000,5,242.000,21,240.000,9,239.000,78,235.000,20,86.000,1,249.000,30,250.000,29,253.000,9,254.000,60,320.000,1,0,30,
115402043000,250.000,5,242.000,30,240.000,9,239.000,78,235.000,20,86.000,1,249.000,30,250.000,29,253.000,9,254.000,60,320.000,1,0,30,
115402505000,250.000,5,242.000,30,240.000,9,239.000,69,235.000,20,86.000,1,249.000,30,250.000,29,253.000,9,254.000,60,320.000,1,0,30,
115403742000,250.000,5,242.000,30,240.000,9,239.000,49,235.000,20,86.000,1,249.000,30,250.000,29,253.000,9,254.000,40,320.000,1,0,30,
115403742000,250.000,5,242.000,30,240.000,29,239.000,49,235.000,20,86.000,1,249.000,30,250.000,29,253.000,9,254.000,40,255.000,20,0,30,
115403933000,250.000,5,242.000,30,240.000,29,239.000,49,86.000,1,84.000,3,249.000,30,250.000,9,253.000,9,254.000,40,255.000,20,0,30,
115403933000,250.000,5,242.000,30,240.000,29,239.000,49,236.000,20,86.000,1,249.000,30,250.000,9,251.000,20,253.000,9,254.000,40,0,30,
115404043000,250.000,5,242.000,9,240.000,29,239.000,49,236.000,20,86.000,1,249.000,9,250.000,9,251.000,20,253.000,9,254.000,40,0,30,
115404043000,250.000,5,242.000,30,240.000,29,239.000,49,236.000,20,86.000,1,249.000,9,250.000,30,251.000,20,253.000,9,254.000,40,0,30,
115404044000,250.000,5,242.000,30,240.000,29,239.000,49,236.000,20,86.000,1,250.000,30,251.000,20,253.000,9,254.000,40,255.000,20,0,30,
115404044000,250.000,5,242.000,21,240.000,29,239.000,49,236.000,20,86.000,1,250.000,30,251.000,20,253.000,9,254.000,40,255.000,20,0,30,
115404308000,250.000,5,242.000,21,240.000,29,239.000,49,86.000,1,84.000,3,250.000,30,253.000,9,254.000,40,255.000,20,320.000,1,0,30,
115404432000,250.000,5,242.000,21,240.000,29,239.000,49,235.000,20,86.000,1,250.000,50,253.000,9,254.000,40,255.000,20,320.000,1,0,30,
115404433000,250.000,5,242.000,30,240.000,29,239.000,49,235.000,20,86.000,1,250.000,50,253.000,9,254.000,40,255.000,20,320.000,1,0,30,
115410105000,250.000,5,242.000,9,240.000,29,239.000,49,235.000,20,86.000,1,250.000,29,253.000,9,254.000,40,255.000,20,320.000,1,0,30,
115410105000,250.000,5,242.000,30,240.000,29,239.000,49,235.000,20,86.000,1,249.000,21,250.000,29,253.000,9,254.000,40,255.000,20,0,30,
115410106000,250.000,5,242.000,21,240.000,29,239.000,49,235.000,20,86.000,1,249.000,21,250.000,29,253.000,9,254.000,40,255.000,20,0,30,
115410106000,250.000,5,242.000,21,240.000,29,239.000,49,235.000,20,86.000,1,249.000,30,250.000,29,253.000,9,254.000,40,255.000,20,0,30,
115410106000,250.000,5,242.000,30,240.000,29,239.000,49,235.000,20,86.000,1,249.000,30,250.000,29,253.000,9,254.000,40,255.000,20,0,30,
115411046000,250.000,5,242.000,9,240.000,29,239.000,49,235.000,20,86.000,1,249.000,9,250.000,29,253.000,9,254.000,40,255.000,20,0,30,
115411046000,250.000,5,242.000,30,240.000,29,239.000,49,235.000,20,86.000,1,249.000,9,250.000,50,253.000,9,254.000,40,255.000,20,0,30,
115411047000,250.000,5,242.000,30,240.000,29,239.000,49,235.000,20,86.000,1,250.000,50,253.000,9,254.000,40,255.000,20,320.000,1,0,30,
115411047000,250.000,5,242.000,21,240.000,29,239.000,49,235.000,20,86.000,1,250.000,50,253.000,9,254.000,40,255.000,20,320.000,1,0,30,
115411047000,250.000,5,242.000,30,240.000,29,239.000,49,235.000,20,86.000,1,250.000,50,253.000,9,254.000,40,255.000,20,320.000,1,0,30,
115421400000,250.000,5,242.000,30,240.000,29,239.000,29,235.000,20,86.000,1,250.000,50,253.000,9,254.000,20,255.000,20,320.000,1,0,30,
115421894000,250.000,5,242.000,30,240.000,29,239.000,49,235.000,20,86.000,1,250.000,50,253.000,9,254.000,40,255.000,20,320.000,1,0,30,
115423272000,250.000,5,242.000,9,240.000,29,239.000,49,235.000,20,86.000,1,250.000,29,253.000,9,254.000,40,255.000,20,320.000,1,0,30,
115423272000,250.000,5,242.000,30,240.000,29,239.000,49,235.000,20,86.000,1,249.000,21,250.000,29,253.000,9,254.000,40,255.000,20,0,30,
115423272000,250.000,5,242.000,30,240.000,29,239.000,49,235.000,20,86.000,1,249.000,30,250.000,29,253.000,9,254.000,40,255.000,20,0,30,
115423618000,250.000,5,242.000,30,240.000,9,239.000,49,235.000,20,86.000,1,249.000,30,250.000,29,253.000,9,254.000,40,320.000,1,0,30,
115423618000,250.000,5,242.000,30,240.000,9,239.000,69,235.000,20,86.000,1,249.000,30,250.000,29,253.000,9,254.000,60,320.000,1,0,30,
115427743000,250.000,5,242.000,30,240.000,9,239.000,49,235.000,20,86.000,1,249.000,30,250.000,29,253.000,9,254.000,40,320.000,1,0,30,
115427743000,250.000,5,242.000,30,240.000,29,239.000,49,235.000,20,86.000,1,249.000,30,250.000,29,253.000,9,254.000,40,255.000,20,0,30,
115428054000,250.000,5,242.000,9,240.000,29,239.000,49,235.000,20,86.000,1,249.000,9,250.000,29,253.000,9,254.000,40,255.000,20,0,30,
115428054000,250.000,5,242.000,30,240.000,29,239.000,49,235.000,20,86.000,1,249.000,9,250.000,50,253.000,9,254.000,40,255.000,20,0,30,
115428054000,250.000,5,242.000,30,240.000,29,239.000,49,235.000,20,86.000,1,250.000,50,253.000,9,254.000,40,255.000,20,320.000,1,0,30,
115428338000,250.000,5,242.000,30,240.000,29,239.000,49,86.000,1,84.000,3,250.000,30,253.000,9,254.000,40,255.000,20,320.000,1,0,30,
115428338000,250.000,5,242.000,30,240.000,29,239.000,49,236.000,20,86.000,1,250.000,30,251.000,20,253.000,9,254.000,40,255.000,20,0,30,
115428439000,250.000,5,242.000,30,240.000,29,239.000,29,236.000,20,86.000,1,250.000,30,251.000,20,253.000,9,254.000,20,255.000,20,0,30,
115428618000,250.000,5,242.000,30,240.000,9,239.000,29,236.000,20,86.000,1,250.000,30,251.000,20,253.000,9,254.000,20,320.000,1,0,30,
115428618000,250.000,5,242.000,30,241.000,20,240.000,9,239.000,29,236.000,20,250.000,30,251.000,20,253.000,9,254.000,20,256.000,20,0,30,
115429167000,250.000,5,242.000,30,241.000,20,240.000,29,239.000,29,236.000,20,250.000,30,251.000,20,253.000,9,254.000,20,255.000,20,0,30,
115430320000,250.000,5,242.000,30,241.000,20,240.000,29,239.000,29,86.000,1,250.000,30,253.000,9,254.000,20,255.000,20,256.000,20,0,30,
115430320000,250.000,5,242.000,30,241.000,20,240.000,29,239.000,29,237.000,20,250.000,30,252.000,20,253.000,9,254.000,20,255.000,20,0,30,
115430570000,250.000,5,242.000,30,241.000,20,240.000,29,239.000,29,86.000,1,250.000,30,253.000,9,254.000,20,255.000,20,256.000,20,0,30,
115430819000,250.000,5,242.000,30,241.000,20,240.000,29,239.000,29,236.000,20,250.000,30,251.000,20,253.000,9,254.000,20,255.000,20,0,30,
115433243000,250.000,5,242.000,30,240.000,29,239.000,29,236.000,20,86.000,1,250.000,30,251.000,20,253.000,9,254.000,20,255.000,20,0,30,
115433243000,250.000,5,242.000,50,240.000,29,239.000,29,236.000,20,86.000,1,250.000,30,251.000,20,253.000,9,254.000,20,255.000,20,0,30,
115433338000,250.000,5,242.000,29,240.000,29,239.000,29,236.000,20,86.000,1,250.000,9,251.000,20,253.000,9,254.000,20,255.000,20,0,30,
115433338000,250.000,5,243.000,21,242.000,29,240.000,29,239.000,29,236.000,20,250.000,9,251.000,41,253.000,9,254.000,20,255.000,20,0,30,
115433338000,250.000,5,243.000,21,242.000,29,240.000,29,239.000,29,236.000,20,250.000,9,251.000,50,253.000,9,254.000,20,255.000,20,0,30,
115433338000,250.000,5,243.000,30,242.000,29,240.000,29,239.000,29,236.000,20,250.000,9,251.000,50,253.000,9,254.000,20,255.000,20,0,30,
115433338000,250.000,5,243.000,30,242.000,29,240.000,29,239.000,29,236.000,20,251.000,50,253.000,9,254.000,20,255.000,20,257.000,20,0,30,
115433505000,250.000,5,243.000,30,242.000,29,240.000,20,239.000,29,236.000,20,251.000,50,253.000,9,254.000,20,255.000,20,257.000,20,0,30,
115433969000,250.000,5,243.000,30,242.000,29,240.000,20,239.000,29,86.000,1,251.000,30,253.000,9,254.000,20,255.000,20,257.000,20,0,30,
115433969000,250.000,5,243.000,30,242.000,29,240.000,20,239.000,29,237.000,20,251.000,30,252.000,20,253.000,9,254.000,20,255.000,20,0,30,
115433995000,250.000,5,243.000,30,242.000,29,240.000,20,239.000,29,237.000,20,251.000,30,252.000,20,254.000,20,255.000,20,257.000,20,0,30,
115434118000,250.000,5,243.000,30,242.000,29,240.000,20,239.000,29,237.000,20,251.000,30,252.000,20,254.000,20,255.000,29,257.000,20,0,30,
115436118000,250.000,5,243.000,30,242.000,9,240.000,20,239.000,29,237.000,20,251.000,30,252.000,20,254.000,20,255.000,29,320.000,1,0,30,
115436118000,250.000,5,243.000,50,242.000,9,240.000,20,239.000,29,237.000,20,251.000,30,252.000,20,254.000,20,255.000,29,258.000,20,0,30,
115436899000,250.000,5,243.000,50,242.000,9,239.000,29,237.000,20,86.000,1,251.000,30,252.000,20,254.000,20,255.000,9,258.000,20,0,30,
115437300000,250.000,5,243.000,50,242.000,9,241.000,20,239.000,29,237.000,20,251.000,30,252.000,20,254.000,20,255.000,9,256.000,20,0,30,
115440733000,250.000,5,243.000,50,242.000,9,241.000,20,239.000,9,237.000,20,251.000,30,252.000,20,255.000,9,256.000,20,258.000,20,0,30,
115440937000,250.000,5,243.000,50,242.000,9,241.000,40,239.000,9,237.000,20,251.000,30,252.000,20,255.000,9,256.000,40,258.000,20,0,30,
115441260000,250.000,5,243.000,29,242.000,9,241.000,40,239.000,9,237.000,20,251.000,9,252.000,20,255.000,9,256.000,40,258.000,20,0,30,
115441260000,250.000,5,243.000,50,242.000,9,241.000,40,239.000,9,237.000,20,251.000,9,252.000,41,255.000,9,256.000,40,258.000,20,0,30,
115441261000,250.000,5,243.000,50,242.000,9,241.000,40,239.000,9,86.000,1,251.000,9,252.000,21,255.000,9,256.000,40,258.000,20,0,30,
115441261000,250.000,5,243.000,50,242.000,9,241.000,40,239.000,9,238.000,20,251.000,9,252.000,21,253.000,20,255.000,9,256.000,40,0,30,
115441262000,250.000,5,243.000,50,242.000,9,241.000,40,239.000,9,238.000,20,251.000,9,252.000,30,253.000,20,255.000,9,256.000,40,0,30,
115441262000,250.000,5,243.000,50,242.000,9,241.000,40,239.000,9,238.000,20,252.000,30,253.000,20,255.000,9,256.000,40,258.000,20,0,30,
115442022000,250.000,5,243.000,50,242.000,9,241.000,40,238.000,20,86.000,1,252.000,30,253.000,20,255.000,9,256.000,40,258.000,20,0,30,
115442023000,250.000,5,243.000,50,242.000,9,241.000,49,238.000,20,86.000,1,252.000,30,253.000,20,255.000,9,256.000,40,258.000,20,0,30,
115443108000,250.000,5,243.000,50,242.000,9,241.000,49,86.000,1,84.000,3,252.000,30,255.000,9,256.000,40,258.000,20,320.000,1,0,30,
115443108000,250.000,5,243.000,50,242.000,9,241.000,49,237.000,20,86.000,1,252.000,50,255.000,9,256.000,40,258.000,20,320.000,1,0,30,
115443232000,250.000,5,243.000,50,242.000,9,241.000,49,86.000,1,84.000,3,252.000,30,255.000,9,256.000,40,258.000,20,320.000,1,0,30,
115443607000,250.000,5,243.000,50,242.000,9,241.000,49,238.000,20,86.000,1,252.000,30,253.000,20,255.000,9,256.000,40,258.000,20,0,30,
115446021000,250.000,5,243.000,50,242.000,9,241.000,49,86.000,1,84.000,3,252.000,30,255.000,9,256.000,40,258.000,20,320.000,1,0,30,
115446021000,250.000,5,243.000,50,242.000,9,241.000,49,237.000,20,86.000,1,252.000,50,255.000,9,256.000,40,258.000,20,320.000,1,0,30,
115446262000,250.000,5,243.000,50,242.000,9,241.000,49,86.000,1,84.000,3,252.000,30,255.000,9,256.000,40,258.000,20,320.000,1,0,30,
115446637000,250.000,5,243.000,50,242.000,9,241.000,49,238.000,20,86.000,1,252.000,30,253.000,20,255.000,9,256.000,40,258.000,20,0,30,
115449136000,250.000,5,243.000,50,242.000,9,241.000,49,86.000,1,84.000,3,252.000,30,255.000,9,256.000,40,258.000,20,320.000,1,0,30,
115449136000,250.000,5,243.000,50,242.000,9,241.000,49,237.000,20,86.000,1,252.000,50,255.000,9,256.000,40,258.000,20,320.000,1,0,30,
115449511000,250.000,5,243.000,50,242.000,9,241.000,49,86.000,1,84.000,3,252.000,30,255.000,9,256.000,40,258.000,20,320.000,1,0,30,
115449759000,250.000,5,243.000,50,242.000,9,241.000,49,238.000,20,86.000,1,252.000,30,253.000,20,255.000,9,256.000,40,258.000,20,0,30,
115450010000,250.000,5,243.000,50,242.000,9,241.000,49,86.000,1,84.000,3,252.000,30,255.000,9,256.000,40,258.000,20,320.000,1,0,30,
115450260000,250.000,5,243.000,50,242.000,9,241.000,49,238.000,20,86.000,1,252.000,30,253.000,20,255.000,9,256.000,40,258.000,20,0,30,
115451251000,250.000,5,243.000,50,242.000,9,241.000,49,86.000,1,84.000,3,252.000,30,255.000,9,256.000,40,258.000,20,320.000,1,0,30,
115451251000,250.000,5,243.000,50,242.000,9,241.000,49,237.000,20,86.000,1,252.000,50,255.000,9,256.000,40,258.000,20,320.000,1,0,30,
115451751000,250.000,5,243.000,50,242.000,9,241.000,49,86.000,1,84.000,3,252.000,30,255.000,9,256.000,40,258.000,20,320.000,1,0,30,
115451751000,250.000,5,243.000,50,242.000,9,241.000,49,238.000,20,86.000,1,252.000,30,253.000,20,255.000,9,256.000,40,258.000,20,0,30,
115456239000,250.000,5,243.000,50,242.000,9,241.000,49,86.000,1,84.000,3,252.000,30,255.000,9,256.000,40,258.000,20,320.000,1,0,30,
115456239000,250.000,5,243.000,50,242.000,9,241.000,49,237.000,20,86.000,1,252.000,50,255.000,9,256.000,40,258.000,20,320.000,1,0,30,
115457300000,250.000,5,243.000,50,242.000,9,241.000,29,237.000,20,86.000,1,252.000,50,255.000,9,256.000,20,258.000,20,320.000,1,0,30,
115457328000,250.000,5,243.000,50,242.000,9,241.000,29,86.000,1,84.000,3,252.000,30,255.000,9,256.000,20,258.000,20,320.000,1,0,30,
115457328000,250.000,5,243.000,50,242.000,9,241.000,29,238.000,20,86.000,1,252.000,30,253.000,20,255.000,9,256.000,20,258.000,20,0,30,
115457402000,250.000,5,243.000,50,242.000,9,241.000,49,238.000,20,86.000,1,252.000,30,253.000,20,255.000,9,256.000,40,258.000,20,0,30,
115500001000,250.000,5,243.000,50,242.000,9,241.000,49,86.000,1,84.000,3,252.000,30,255.000,9,256.000,40,258.000,20,320.000,1,0,30,
115500001000,250.000,5,243.000,50,242.000,9,241.000,49,237.000,20,86.000,1,252.000,50,255.000,9,256.000,40,258.000,20,320.000,1,0,30,
115500625000,250.000,5,243.000,50,242.000,9,241.000,49,86.000,1,84.000,3,252.000,30,255.000,9,256.000,40,258.000,20,320.000,1,0,30,
115500625000,250.000,5,243.000,50,242.000,9,241.000,49,238.000,20,86.000,1,252.000,30,253.000,20,255.000,9,256.000,40,258.000,20,0,30,
115501866000,250.000,5,243.000,50,242.000,9,241.000,49,86.000,1,84.000,3,252.000,30,255.000,9,256.000,40,258.000,20,320.000,1,0,30,
115501866000,250.000,5,243.000,50,242.000,9,241.000,49,237.000,20,86.000,1,252.000,50,255.000,9,256.000,40,258.000,20,320.000,1,0,30,
115502243000,250.000,5,243.000,30,242.000,9,241.000,49,237.000,20,86.000,1,252.000,50,255.000,9,256.000,40,320.000,1,400.000,1,0,30,
115502243000,250.000,5,243.000,30,242.000,29,241.000,49,237.000,20,86.000,1,252.000,50,255.000,9,256.000,40,257.000,20,320.000,1,0,30,
115506965000,250.000,5,243.000,30,242.000,29,241.000,49,86.000,1,84.000,3,252.000,30,255.000,9,256.000,40,257.000,20,320.000,1,0,30,
115506965000,250.000,5,243.000,30,242.000,29,241.000,49,238.000,20,86.000,1,252.000,30,253.000,20,255.000,9,256.000,40,257.000,20,0,30,
115507080000,250.000,5,243.000,30,242.000,29,241.000,49,86.000,1,84.000,3,252.000,30,255.000,9,256.000,40,257.000,20,320.000,1,0,30,
115507571000,250.000,5,243.000,30,242.000,29,241.000,49,237.000,20,86.000,1,252.000,50,255.000,9,256.000,40,257.000,20,320.000,1,0,30,
115508498000,250.000,5,243.000,30,242.000,29,241.000,29,237.000,20,86.000,1,252.000,50,255.000,9,256.000,20,257.000,20,320.000,1,0,30,
115509071000,250.000,5,243.000,9,242.000,29,241.000,29,237.000,20,86.000,1,252.000,29,255.000,9,256.000,20,257.000,20,320.000,1,0,30,
115509071000,250.000,5,243.000,30,242.000,29,241.000,29,237.000,20,86.000,1,251.000,21,252.000,29,255.000,9,256.000,20,257.000,20,0,30,
115509071000,250.000,5,243.000,21,242.000,29,241.000,29,237.000,20,86.000,1,251.000,21,252.000,29,255.000,9,256.000,20,257.000,20,0,30,
115509071000,250.000,5,243.000,21,242.000,29,241.000,29,237.000,20,86.000,1,251.000,30,252.000,29,255.000,9,256.000,20,257.000,20,0,30,
115509072000,250.000,5,243.000,30,242.000,29,241.000,29,237.000,20,86.000,1,251.000,30,252.000,29,255.000,9,256.000,20,257.000,20,0,30,
115509096000,250.000,5,243.000,30,242.000,29,241.000,29,240.000,20,237.000,20,251.000,30,252.000,29,255.000,29,256.000,20,257.000,20,0,30,
115509940000,250.000,5,243.000,30,242.000,29,241.000,29,240.000,20,86.000,1,251.000,30,252.000,9,255.000,29,256.000,20,257.000,20,0,30,
115509940000,250.000,5,243.000,30,242.000,29,241.000,29,240.000,20,236.000,20,251.000,50,252.000,9,255.000,29,256.000,20,257.000,20,0,30,
115509994000,250.000,5,243.000,30,242.000,9,241.000,29,240.000,20,236.000,20,251.000,50,252.000,9,255.000,29,256.000,20,320.000,1,0,30,
115509994000,250.000,5,243.000,30,242.000,9,241.000,49,240.000,20,236.000,20,251.000,50,252.000,9,255.000,29,256.000,40,320.000,1,0,30,
115510080000,250.000,5,243.000,30,242.000,9,241.000,40,240.000,20,236.000,20,251.000,50,252.000,9,255.000,29,256.000,40,320.000,1,0,30,
115510088000,250.000,5,243.000,30,242.000,9,241.000,20,240.000,20,236.000,20,251.000,50,252.000,9,255.000,29,256.000,20,320.000,1,0,30,
115510128000,250.000,5,243.000,30,242.000,9,241.000,20,240.000,20,86.000,1,251.000,30,252.000,9,255.000,29,256.000,20,320.000,1,0,30,
115510204000,250.000,5,243.000,30,242.000,9,241.000,20,240.000,20,238.000,9,251.000,30,252.000,9,255.000,29,256.000,20,320.000,1,0,30,
115510244000,250.000,5,243.000,30,242.000,9,240.000,20,238.000,9,86.000,1,251.000,30,252.000,9,255.000,29,320.000,1,400.000,1,0,30,
115510244000,250.000,5,243.000,30,242.000,9,240.000,40,238.000,9,86.000,1,251.000,30,252.000,9,255.000,49,320.000,1,400.000,1,0,30,
115510439000,250.000,5,243.000,9,242.000,9,240.000,40,238.000,9,86.000,1,251.000,9,252.000,9,255.000,49,320.000,1,400.000,1,0,30,
115510439000,250.000,5,243.000,9,242.000,30,240.000,40,238.000,9,86.000,1,251.000,30,252.000,9,255.000,49,320.000,1,400.000,1,0,30,
115510439000,250.000,5,243.000,9,242.000,30,240.000,40,238.000,9,86.000,1,251.000,30,252.000,9,255.000,58,320.000,1,400.000,1,0,30,
115510439000,250.000,5,243.000,9,242.000,30,240.000,49,238.000,9,86.000,1,251.000,30,252.000,9,255.000,58,320.000,1,400.000,1,0,30,
115510439000,250.000,5,243.000,9,242.000,30,240.000,49,238.000,9,86.000,1,251.000,21,252.000,9,255.000,58,320.000,1,400.000,1,0,30,
115510439000,250.000,5,242.000,30,240.000,49,238.000,9,86.000,1,84.000,3,251.000,21,252.000,9,255.000,58,320.000,1,400.000,1,0,30,
115510439000,250.000,5,242.000,30,240.000,49,238.000,9,86.000,1,84.000,3,251.000,30,252.000,9,255.000,58,320.000,1,400.000,1,0,30,
115510439000,250.000,5,243.000,9,242.000,30,240.000,49,238.000,9,86.000,1,251.000,30,252.000,9,255.000,58,320.000,1,400.000,1,0,30,
115510439000,250.000,5,242.000,30,240.000,49,238.000,9,86.000,1,84.000,3,251.000,30,252.000,9,255.000,58,320.000,1,400.000,1,0,30,
115510501000,250.000,5,242.000,30,240.000,49,238.000,9,235.000,20,86.000,1,250.000,20,251.000,30,252.000,9,255.000,58,320.000,1,0,30,
115510501000,250.000,5,242.000,30,240.000,49,238.000,9,235.000,20,86.000,1,250.000,29,251.000,30,252.000,9,255.000,58,320.000,1,0,30,
115510505000,250.000,5,242.000,30,240.000,49,239.000,20,238.000,9,235.000,20,250.000,29,251.000,30,252.000,9,254.000,20,255.000,58,0,30,
115510505000,250.000,5,242.000,30,240.000,49,239.000,20,238.000,9,235.000,20,250.000,29,251.000,30,254.000,20,255.000,58,320.000,1,0,30,
115510505000,250.000,5,242.000,30,240.000,49,239.000,20,238.000,9,235.000,20,250.000,29,251.000,30,254.000,20,255.000,49,320.000,1,0,30,
115510781000,250.000,5,242.000,30,240.000,49,239.000,20,238.000,9,235.000,20,250.000,29,251.000,30,254.000,20,255.000,40,320.000,1,0,30,
115510782000,250.000,5,242.000,30,240.000,49,239.000,20,238.000,9,235.000,20,250.000,29,251.000,30,253.000,9,254.000,20,255.000,40,0,30,
115510994000,250.000,5,242.000,30,240.000,49,239.000,20,238.000,9,86.000,1,250.000,9,251.000,30,253.000,9,254.000,20,255.000,40,0,30,
115510994000,250.000,5,242.000,30,240.000,49,239.000,20,238.000,9,86.000,1,251.000,30,253.000,9,254.000,20,255.000,40,320.000,1,0,30,
115511004000,250.000,5,242.000,30,240.000,49,239.000,20,238.000,9,236.000,20,251.000,50,253.000,9,254.000,20,255.000,40,320.000,1,0,30,
115511493000,250.000,5,242.000,30,240.000,49,239.000,20,238.000,9,86.000,1,251.000,30,253.000,9,254.000,20,255.000,40,320.000,1,0,30,
115511504000,250.000,5,242.000,30,240.000,49,239.000,20,238.000,9,235.000,20,250.000,20,251.000,30,253.000,9,254.000,20,255.000,40,0,30,
115511505000,250.000,5,242.000,30,240.000,49,239.000,20,238.000,9,235.000,20,250.000,29,251.000,30,253.000,9,254.000,20,255.000,40,0,30,
115512072000,250.000,5,242.000,9,240.000,49,239.000,20,238.000,9,235.000,20,250.000,29,251.000,9,253.000,9,254.000,20,255.000,40,0,30,
115512072000,250.000,5,242.000,30,240.000,49,239.000,20,238.000,9,235.000,20,249.000,21,250.000,29,251.000,9,253.000,9,254.000,20,0,30,
115512073000,250.000,5,242.000,21,240.000,49,239.000,20,238.000,9,235.000,20,249.000,21,250.000,29,251.000,9,253.000,9,254.000,20,0,30,
115512073000,250.000,5,242.000,21,240.000,49,239.000,20,238.000,9,235.000,20,249.000,30,250.000,29,251.000,9,253.000,9,254.000,20,0,30,
115512073000,250.000,5,242.000,30,240.000,49,239.000,20,238.000,9,235.000,20,249.000,30,250.000,29,251.000,9,253.000,9,254.000,20,0,30,
115512258000,250.000,5,242.000,30,240.000,49,239.000,20,238.000,9,86.000,1,249.000,30,250.000,9,251.000,9,253.000,9,254.000,20,0,30,
115512258000,250.000,5,242.000,30,240.000,49,239.000,20,238.000,9,236.000,20,249.000,30,250.000,9,251.000,29,253.000,9,254.000,20,0,30,
115512506000,250.000,5,242.000,30,240.000,49,239.000,20,238.000,9,236.000,20,249.000,30,250.000,9,251.000,20,253.000,9,254.000,20,0,30,
115512632000,250.000,5,242.000,30,240.000,49,239.000,20,238.000,9,86.000,1,249.000,30,250.000,9,253.000,9,254.000,20,255.000,40,0,30,
115512758000,250.000,5,242.000,30,240.000,49,239.000,20,238.000,9,235.000,20,249.000,30,250.000,29,253.000,9,254.000,20,255.000,40,0,30,
115512805000,250.000,5,242.000,30,240.000,29,239.000,20,238.000,9,235.000,20,249.000,30,250.000,29,253.000,9,254.000,20,255.000,20,0,30,
115513242000,250.000,5,242.000,30,240.000,9,239.000,20,238.000,9,235.000,20,249.000,30,250.000,29,253.000,9,254.000,20,320.000,1,0,30,
115513242000,250.000,5,242.000,30,240.000,9,239.000,40,238.000,9,235.000,20,249.000,30,250.000,29,253.000,9,254.000,40,320.000,1,0,30,
115514211000,250.000,5,242.000,30,240.000,9,239.000,40,238.000,29,235.000,20,249.000,30,250.000,29,253.000,29,254.000,40,320.000,1,0,30,
115515569000,250.000,5,242.000,30,240.000,9,239.000,40,238.000,9,235.000,20,249.000,30,250.000,29,253.000,9,254.000,40,320.000,1,0,30,
115515743000,250.000,5,242.000,30,240.000,9,239.000,20,238.000,9,235.000,20,249.000,30,250.000,29,253.000,9,254.000,20,320.000,1,0,30,
115515743000,250.000,5,242.000,30,240.000,29,239.000,20,238.000,9,235.000,20,249.000,30,250.000,29,253.000,9,254.000,20,255.000,20,0,30,
115516281000,250.000,5,242.000,30,240.000,49,239.000,20,238.000,9,235.000,20,249.000,30,250.000,29,253.000,9,254.000,20,255.000,40,0,30,
115520368000,250.000,5,242.000,30,240.000,29,239.000,20,238.000,9,235.000,20,249.000,30,250.000,29,253.000,9,254.000,20,255.000,20,0,30,
115520368000,250.000,5,242.000,30,240.000,29,239.000,40,238.000,9,235.000,20,249.000,30,250.000,29,253.000,9,254.000,40,255.000,20,0,30,
115520741000,250.000,5,242.000,30,240.000,9,239.000,40,238.000,9,235.000,20,249.000,30,250.000,29,253.000,9,254.000,40,320.000,1,0,30,
115521490000,250.000,5,242.000,30,240.000,9,239.000,60,238.000,9,235.000,20,249.000,30,250.000,29,253.000,9,254.000,60,320.000,1,0,30,
115528602000,250.000,5,242.000,30,240.000,9,239.000,60,238.000,9,86.000,1,249.000,30,250.000,9,253.000,9,254.000,60,320.000,1,0,30,
115528602000,250.000,5,242.000,30,240.000,9,239.000,60,238.000,9,234.000,20,249.000,50,250.000,9,253.000,9,254.000,60,320.000,1,0,30,
115529080000,250.000,5,242.000,9,240.000,9,239.000,60,238.000,9,234.000,20,249.000,29,250.000,9,253.000,9,254.000,60,320.000,1,0,30,
115529080000,250.000,5,242.000,9,241.000,21,240.000,9,239.000,60,238.000,9,249.000,50,250.000,9,253.000,9,254.000,60,320.000,1,0,30,
115529080000,250.000,5,242.000,9,241.000,30,240.000,9,239.000,60,238.000,9,249.000,50,250.000,9,253.000,9,254.000,60,320.000,1,0,30,
115529080000,250.000,5,241.000,30,240.000,9,239.000,60,238.000,9,234.000,20,249.000,50,250.000,9,253.000,9,254.000,60,320.000,1,0,30,
115529737000,250.000,5,241.000,30,240.000,9,239.000,60,238.000,9,86.000,1,249.000,30,250.000,9,253.000,9,254.000,60,320.000,1,0,30,
115529737000,250.000,5,241.000,30,240.000,9,239.000,60,238.000,9,235.000,20,249.000,30,250.000,29,253.000,9,254.000,60,320.000,1,0,30,
115531368000,250.000,5,241.000,30,240.000,9,239.000,40,238.000,9,235.000,20,249.000,30,250.000,29,253.000,9,254.000,40,320.000,1,0,30,
115531368000,250.000,5,241.000,30,240.000,29,239.000,40,238.000,9,235.000,20,249.000,30,250.000,29,253.000,9,254.000,40,255.000,20,0,30,
115537969000,250.000,5,241.000,30,240.000,29,239.000,40,238.000,9,86.000,1,249.000,30,250.000,9,253.000,9,254.000,40,255.000,20,0,30,
115537969000,250.000,5,241.000,30,240.000,29,239.000,40,238.000,9,234.000,20,249.000,50,250.000,9,253.000,9,254.000,40,255.000,20,0,30,
115537992000,250.000,5,241.000,30,240.000,9,239.000,40,238.000,9,234.000,20,249.000,50,250.000,9,253.000,9,254.000,40,320.000,1,0,30,
115537993000,250.000,5,241.000,30,240.000,9,239.000,60,238.000,9,234.000,20,249.000,50,250.000,9,253.000,9,254.000,60,320.000,1,0,30,
115540237000,250.000,5,241.000,30,240.000,9,239.000,60,238.000,9,86.000,1,249.000,30,250.000,9,253.000,9,254.000,60,320.000,1,0,30,
115540237000,250.000,5,241.000,30,240.000,9,239.000,60,238.000,9,235.000,20,249.000,30,250.000,29,253.000,9,254.000,60,320.000,1,0,30,
115540361000,250.000,5,241.000,30,240.000,9,239.000,60,238.000,9,86.000,1,249.000,30,250.000,9,253.000,9,254.000,60,320.000,1,0,30,
115540736000,250.000,5,241.000,30,240.000,9,239.000,60,238.000,9,234.000,20,249.000,50,250.000,9,253.000,9,254.000,60,320.000,1,0,30,
115541500000,250.000,5,241.000,30,240.000,9,239.000,40,238.000,9,234.000,20,249.000,50,250.000,9,253.000,9,254.000,40,320.000,1,0,30,
115542118000,250.000,5,241.000,30,240.000,9,239.000,20,238.000,9,234.000,20,249.000,50,250.000,9,253.000,9,254.000,20,320.000,1,0,30,
115542118000,250.000,5,241.000,30,240.000,9,239.000,20,238.000,29,234.000,20,249.000,50,250.000,9,253.000,29,254.000,20,320.000,1,0,30,
115542182000,250.000,5,241.000,30,240.000,9,239.000,20,238.000,49,234.000,20,249.000,50,250.000,9,253.000,49,254.000,20,320.000,1,0,30,
115543821000,250.000,5,241.000,30,240.000,9,239.000,20,238.000,49,86.000,1,249.000,30,250.000,9,253.000,49,254.000,20,320.000,1,0,30,
115543821000,250.000,5,241.000,30,240.000,9,239.000,20,238.000,49,233.000,20,248.000,20,249.000,30,250.000,9,253.000,49,254.000,20,0,30,
115543821000,250.000,5,241.000,30,240.000,9,239.000,20,238.000,49,233.000,20,248.000,29,249.000,30,250.000,9,253.000,49,254.000,20,0,30,
115543959000,250.000,5,241.000,30,240.000,9,238.000,49,233.000,20,86.000,1,248.000,29,249.000,30,250.000,9,253.000,49,320.000,1,0,30,
115544001000,250.000,5,241.000,30,240.000,9,238.000,49,237.000,20,233.000,20,248.000,29,249.000,30,250.000,9,252.000,20,253.000,49,0,30,
115544005000,250.000,5,241.000,30,240.000,9,238.000,49,237.000,20,233.000,20,248.000,29,249.000,30,252.000,20,253.000,49,320.000,1,0,30,
115544087000,250.000,5,241.000,30,240.000,9,238.000,49,237.000,20,233.000,20,248.000,29,249.000,30,252.000,20,253.000,40,320.000,1,0,30,
115544087000,250.000,5,241.000,9,240.000,9,238.000,49,237.000,20,233.000,20,248.000,29,249.000,9,252.000,20,253.000,40,320.000,1,0,30,
115544087000,250.000,5,241.000,9,240.000,30,238.000,49,237.000,20,233.000,20,247.000,21,248.000,29,249.000,9,252.000,20,253.000,40,0,30,
115544087000,250.000,5,241.000,9,240.000,30,238.000,49,237.000,20,233.000,20,247.000,21,248.000,29,249.000,9,251.000,9,252.000,20,0,30,
115544087000,250.000,5,241.000,9,240.000,30,238.000,58,237.000,20,233.000,20,247.000,21,248.000,29,249.000,9,251.000,9,252.000,20,0,30,
115544087000,250.000,5,240.000,30,238.000,58,237.000,20,233.000,20,86.000,1,247.000,21,248.000,29,249.000,9,251.000,9,252.000,20,0,30,
115544087000,250.000,5,240.000,30,238.000,58,237.000,20,233.000,20,86.000,1,247.000,30,248.000,29,249.000,9,251.000,9,252.000,20,0,30,
115544505000,250.000,5,240.000,30,238.000,58,237.000,20,233.000,20,86.000,1,247.000,30,248.000,29,251.000,9,252.000,20,253.000,40,0,30,
115544747000,250.000,5,240.000,30,238.000,49,237.000,20,233.000,20,86.000,1,247.000,30,248.000,29,251.000,9,252.000,20,253.000,40,0,30,
115544749000,250.000,5,240.000,30,238.000,29,237.000,20,233.000,20,86.000,1,247.000,30,248.000,29,251.000,9,252.000,20,253.000,20,0,30,
115544796000,250.000,5,240.000,30,238.000,9,237.000,20,233.000,20,86.000,1,247.000,30,248.000,29,251.000,9,252.000,20,320.000,1,0,30,
115544796000,250.000,5,240.000,30,238.000,9,237.000,40,233.000,20,86.000,1,247.000,30,248.000,29,251.000,9,252.000,40,320.000,1,0,30,
115544870000,250.000,5,240.000,30,238.000,9,237.000,40,236.000,9,233.000,20,247.000,30,248.000,29,251.000,9,252.000,40,320.000,1,0,30,
115545995000,250.000,5,240.000,30,238.000,9,237.000,20,236.000,9,233.000,20,247.000,30,248.000,29,251.000,9,252.000,20,320.000,1,0,30,
115545995000,250.000,5,240.000,30,238.000,29,237.000,20,236.000,9,233.000,20,247.000,30,248.000,29,251.000,9,252.000,20,253.000,20,0,30,
115546087000,250.000,5,240.000,9,238.000,29,237.000,20,236.000,9,233.000,20,247.000,9,248.000,29,251.000,9,252.000,20,253.000,20,0,30,
115546087000,250.000,5,240.000,30,238.000,29,237.000,20,236.000,9,233.000,20,247.000,9,248.000,50,251.000,9,252.000,20,253.000,20,0,30,
115546087000,250.000,5,240.000,30,238.000,29,237.000,20,236.000,9,233.000,20,248.000,50,251.000,9,252.000,20,253.000,20,320.000,1,0,30,
115546155000,250.000,5,240.000,30,238.000,29,237.000,40,236.000,9,233.000,20,248.000,50,251.000,9,252.000,40,253.000,20,320.000,1,0,30,
115546238000,250.000,5,240.000,30,238.000,29,237.000,40,236.000,9,86.000,1,248.000,30,251.000,9,252.000,40,253.000,20,320.000,1,0,30,
115546238000,250.000,5,240.000,30,238.000,29,237.000,40,236.000,9,234.000,20,248.000,30,249.000,20,251.000,9,252.000,40,253.000,20,0,30,
115547112000,250.000,5,240.000,30,238.000,29,237.000,40,236.000,9,86.000,1,248.000,30,251.000,9,252.000,40,253.000,20,320.000,1,0,30,
115547112000,250.000,5,240.000,30,238.000,29,237.000,40,236.000,9,233.000,20,248.000,50,251.000,9,252.000,40,253.000,20,320.000,1,0,30,
115547206000,250.000,5,240.000,30,238.000,29,237.000,40,236.000,9,86.000,1,248.000,30,251.000,9,252.000,40,253.000,20,320.000,1,0,30,
115547612000,250.000,5,240.000,30,238.000,29,237.000,40,236.000,9,234.000,20,248.000,30,249.000,20,251.000,9,252.000,40,253.000,20,0,30,
115548088000,250.000,5,240.000,9,238.000,29,237.000,40,236.000,9,234.000,20,248.000,9,249.000,20,251.000,9,252.000,40,253.000,20,0,30,
115548088000,250.000,5,241.000,21,240.000,9,238.000,29,237.000,40,236.000,9,248.000,30,249.000,20,251.000,9,252.000,40,253.000,20,0,30,
115548088000,250.000,5,241.000,21,238.000,29,237.000,40,236.000,9,234.000,20,248.000,30,249.000,20,251.000,9,252.000,40,253.000,20,0,30,
115548088000,250.000,5,241.000,21,238.000,29,237.000,40,236.000,9,234.000,20,248.000,30,249.000,29,251.000,9,252.000,40,253.000,20,0,30,
115548088000,250.000,5,241.000,21,238.000,29,237.000,40,236.000,9,234.000,20,248.000,21,249.000,29,251.000,9,252.000,40,253.000,20,0,30,
115548088000,250.000,5,241.000,30,238.000,29,237.000,40,236.000,9,234.000,20,248.000,21,249.000,29,251.000,9,252.000,40,253.000,20,0,30,
115548088000,250.000,5,241.000,30,238.000,29,237.000,40,236.000,9,234.000,20,248.000,30,249.000,29,251.000,9,252.000,40,253.000,20,0,30,
115555300000,250.000,5,241.000,30,238.000,29,237.000,40,236.000,9,86.000,1,248.000,30,249.000,9,251.000,9,252.000,40,253.000,20,0,30,
115555300000,250.000,5,241.000,30,238.000,29,237.000,40,236.000,9,233.000,20,248.000,50,249.000,9,251.000,9,252.000,40,253.000,20,0,30,
115555543000,250.000,5,241.000,30,238.000,29,237.000,40,236.000,9,86.000,1,248.000,30,249.000,9,251.000,9,252.000,40,253.000,20,0,30,
115555917000,250.000,5,241.000,30,238.000,29,237.000,40,236.000,9,234.000,20,248.000,30,249.000,29,251.000,9,252.000,40,253.000,20,0,30,
115556091000,250.000,5,241.000,9,238.000,29,237.000,40,236.000,9,234.000,20,248.000,9,249.000,29,251.000,9,252.000,40,253.000,20,0,30,
115556091000,250.000,5,241.000,9,240.000,21,238.000,29,237.000,40,236.000,9,248.000,30,249.000,29,251.000,9,252.000,40,253.000,20,0,30,
115556092000,250.000,5,241.000,9,240.000,30,238.000,29,237.000,40,236.000,9,248.000,30,249.000,29,251.000,9,252.000,40,253.000,20,0,30,
115556092000,250.000,5,240.000,30,238.000,29,237.000,40,236.000,9,234.000,20,248.000,30,249.000,29,251.000,9,252.000,40,253.000,20,0,30,
115556092000,250.000,5,240.000,30,238.000,29,237.000,40,236.000,9,234.000,20,248.000,21,249.000,29,251.000,9,252.000,40,253.000,20,0,30,
115556555000,250.000,5,240.000,30,238.000,29,237.000,40,236.000,9,234.000,20,248.000,30,249.000,29,251.000,9,252.000,40,253.000,20,0,30,
115556743000,250.000,5,240.000,30,238.000,9,237.000,40,236.000,9,234.000,20,248.000,30,249.000,29,251.000,9,252.000,40,320.000,1,0,30,
115556743000,250.000,5,240.000,30,239.000,20,238.000,9,237.000,40,236.000,9,248.000,30,249.000,29,251.000,9,252.000,40,254.000,20,0,30,
115556773000,250.000,5,240.000,9,239.000,20,238.000,9,237.000,40,236.000,9,248.000,9,249.000,29,251.000,9,252.000,40,254.000,20,0,30,
115556773000,250.000,5,240.000,30,239.000,20,238.000,9,237.000,40,236.000,9,248.000,9,249.000,50,251.000,9,252.000,40,254.000,20,0,30,
115556777000,250.000,5,240.000,30,239.000,20,238.000,9,237.000,40,236.000,9,248.000,9,249.000,30,251.000,9,252.000,40,254.000,20,0,30,
115556777000,250.000,5,240.000,30,239.000,20,238.000,9,237.000,40,236.000,9,248.000,9,249.000,30,250.000,20,251.000,9,252.000,40,0,30,
115556777000,250.000,5,240.000,30,239.000,20,238.000,9,237.000,40,236.000,9,249.000,30,250.000,20,251.000,9,252.000,40,254.000,20,0,30,
115556777000,250.000,5,240.000,21,239.000,20,238.000,9,237.000,40,236.000,9,249.000,30,250.000,20,251.000,9,252.000,40,254.000,20,0,30,
115556778000,250.000,5,240.000,21,239.000,20,238.000,9,237.000,40,235.000,20,249.000,30,250.000,20,251.000,9,252.000,40,254.000,20,0,30,
115556779000,250.000,5,240.000,21,239.000,20,238.000,9,237.000,40,235.000,20,249.000,30,250.000,20,252.000,40,254.000,20,320.000,1,0,30,
115556779000,250.000,5,240.000,21,239.000,20,238.000,18,237.000,40,235.000,20,249.000,30,250.000,20,252.000,40,254.000,20,320.000,1,0,30,
115556779000,250.000,5,240.000,21,239.000,20,238.000,18,237.000,40,235.000,20,249.000,30,250.000,20,252.000,40,253.000,9,254.000,20,0,30,
115556812000,250.000,5,240.000,21,239.000,20,238.000,18,237.000,20,235.000,20,249.000,30,250.000,20,252.000,20,253.000,9,254.000,20,0,30,
115556870000,250.000,5,240.000,21,238.000,18,237.000,20,235.000,20,86.000,1,249.000,30,250.000,20,252.000,20,253.000,9,320.000,1,0,30,
115556870000,250.000,5,240.000,41,238.000,18,237.000,20,235.000,20,86.000,1,249.000,30,250.000,20,252.000,20,253.000,9,255.000,20,0,30,
115557955000,250.000,5,240.000,50,238.000,18,237.000,20,235.000,20,86.000,1,249.000,30,250.000,20,252.000,20,253.000,9,255.000,20,0,30,
115600118000,250.000,5,240.000,29,238.000,18,237.000,20,235.000,20,86.000,1,249.000,9,250.000,20,252.000,20,253.000,9,255.000,20,0,30,
115600118000,250.000,5,240.000,50,238.000,18,237.000,20,235.000,20,86.000,1,249.000,9,250.000,41,252.000,20,253.000,9,255.000,20,0,30,
115600118000,250.000,5,240.000,50,238.000,18,237.000,20,235.000,20,86.000,1,249.000,9,250.000,50,252.000,20,253.000,9,255.000,20,0,30,
115600118000,250.000,5,240.000,50,238.000,18,237.000,20,235.000,20,86.000,1,250.000,50,252.000,20,253.000,9,255.000,20,320.000,1,0,30,
115600129000,250.000,5,240.000,50,238.000,38,237.000,20,235.000,20,86.000,1,250.000,50,252.000,20,253.000,29,255.000,20,320.000,1,0,30,
115601118000,250.000,5,240.000,29,238.000,38,237.000,20,235.000,20,86.000,1,250.000,29,252.000,20,253.000,29,255.000,20,320.000,1,0,30,
115601118000,250.000,5,240.000,50,238.000,38,237.000,20,235.000,20,86.000,1,249.000,21,250.000,29,252.000,20,253.000,29,255.000,20,0,30,
115601119000,250.000,5,240.000,50,238.000,38,237.000,20,235.000,20,86.000,1,249.000,30,250.000,29,252.000,20,253.000,29,255.000,20,0,30,
115603365000,250.000,5,240.000,29,238.000,38,237.000,20,235.000,20,86.000,1,249.000,9,250.000,29,252.000,20,253.000,29,255.000,20,0,30,
115603365000,250.000,5,240.000,50,238.000,38,237.000,20,235.000,20,86.000,1,249.000,9,250.000,50,252.000,20,253.000,29,255.000,20,0,30,
115603365000,250.000,5,240.000,50,238.000,38,237.000,20,235.000,20,86.000,1,250.000,50,252.000,20,253.000,29,255.000,20,320.000,1,0,30,
115603505000,250.000,5,240.000,50,238.000,38,235.000,20,86.000,1,84.000,3,250.000,50,253.000,29,255.000,20,320.000,1,400.000,1,0,30,
115603505000,250.000,5,240.000,50,239.000,20,238.000,38,235.000,20,86.000,1,250.000,50,253.000,29,254.000,20,255.000,20,320.000,1,0,30,
115620200000,250.000,5,240.000,50,239.000,20,238.000,18,235.000,20,86.000,1,250.000,50,253.000,9,254.000,20,255.000,20,320.000,1,0,30,
115621195000,250.000,5,240.000,50,239.000,40,238.000,18,235.000,20,86.000,1,250.000,50,253.000,9,254.000,40,255.000,20,320.000,1,0,30,
115624865000,250.000,5,240.000,50,239.000,40,238.000,18,86.000,1,84.000,3,250.000,30,253.000,9,254.000,40,255.000,20,320.000,1,0,30,
115624865000,250.000,5,240.000,50,239.000,40,238.000,18,236.000,20,86.000,1,250.000,30,251.000,20,253.000,9,254.000,40,255.000,20,0,30,
115624868000,250.000,5,240.000,30,239.000,40,238.000,18,236.000,20,86.000,1,250.000,30,251.000,20,253.000,9,254.000,40,320.000,1,0,30,
115624868000,250.000,5,241.000,20,240.000,30,239.000,40,238.000,18,236.000,20,250.000,30,251.000,20,253.000,9,254.000,40,256.000,20,0,30,
115624868000,250.000,5,241.000,29,240.000,30,239.000,40,238.000,18,236.000,20,250.000,30,251.000,20,253.000,9,254.000,40,256.000,20,0,30,
115625006000,250.000,5,241.000,29,240.000,30,239.000,40,238.000,9,236.000,20,250.000,30,251.000,20,253.000,9,254.000,40,256.000,20,0,30,
115625104000,250.000,5,241.000,29,240.000,9,239.000,40,238.000,9,236.000,20,250.000,9,251.000,20,253.000,9,254.000,40,256.000,20,0,30,
115625104000,250.000,5,242.000,21,241.000,29,240.000,9,239.000,40,238.000,9,250.000,9,251.000,41,253.000,9,254.000,40,256.000,20,0,30,
115625104000,250.000,5,242.000,21,241.000,29,240.000,9,239.000,40,238.000,9,250.000,9,251.000,50,253.000,9,254.000,40,256.000,20,0,30,
115625104000,250.000,5,242.000,21,241.000,29,240.000,9,239.000,40,238.000,9,251.000,50,253.000,9,254.000,40,256.000,20,320.000,1,0,30,
115625104000,250.000,5,242.000,30,241.000,29,240.000,9,239.000,40,238.000,9,251.000,50,253.000,9,254.000,40,256.000,20,320.000,1,0,30,
115625506000,250.000,5,242.000,30,241.000,29,239.000,40,238.000,9,236.000,20,251.000,50,253.000,9,254.000,40,256.000,20,320.000,1,0,30,
115629737000,250.000,5,242.000,30,241.000,29,239.000,40,238.000,9,86.000,1,251.000,30,253.000,9,254.000,40,256.000,20,320.000,1,0,30,
115629737000,250.000,5,242.000,30,241.000,29,239.000,40,238.000,9,235.000,20,250.000,20,251.000,30,253.000,9,254.000,40,256.000,20,0,30,
115629738000,250.000,5,242.000,30,241.000,29,239.000,40,238.000,9,235.000,20,250.000,29,251.000,30,253.000,9,254.000,40,256.000,20,0,30,
115630737000,250.000,5,242.000,30,241.000,29,239.000,40,238.000,9,86.000,1,250.000,9,251.000,30,253.000,9,254.000,40,256.000,20,0,30,
115630737000,250.000,5,242.000,30,241.000,29,239.000,40,238.000,9,236.000,20,250.000,9,251.000,50,253.000,9,254.000,40,256.000,20,0,30,
115630738000,250.000,5,242.000,30,241.000,29,239.000,40,238.000,9,236.000,20,251.000,50,253.000,9,254.000,40,256.000,20,320.000,1,0,30,
115633237000,250.000,5,242.000,30,241.000,29,239.000,40,238.000,9,86.000,1,251.000,30,253.000,9,254.000,40,256.000,20,320.000,1,0,30,
115633237000,250.000,5,242.000,30,241.000,29,239.000,40,238.000,9,235.000,20,250.000,20,251.000,30,253.000,9,254.000,40,256.000,20,0,30,
115633238000,250.000,5,242.000,30,241.000,29,239.000,40,238.000,9,235.000,20,250.000,29,251.000,30,253.000,9,254.000,40,256.000,20,0,30,
115633861000,250.000,5,242.000,30,241.000,29,239.000,40,238.000,9,86.000,1,250.000,9,251.000,30,253.000,9,254.000,40,256.000,20,0,30,
115633861000,250.000,5,242.000,30,241.000,29,239.000,40,238.000,9,236.000,20,250.000,9,251.000,50,253.000,9,254.000,40,256.000,20,0,30,
115633862000,250.000,5,242.000,30,241.000,29,239.000,40,238.000,9,236.000,20,251.000,50,253.000,9,254.000,40,256.000,20,320.000,1,0,30,
115635075000,250.000,5,242.000,30,241.000,29,239.000,20,238.000,9,236.000,20,251.000,50,253.000,9,254.000,20,256.000,20,320.000,1,0,30,
115635120000,250.000,5,242.000,30,241.000,9,239.000,20,238.000,9,236.000,20,251.000,50,253.000,9,254.000,20,320.000,1,400.000,1,0,30,
115635120000,250.000,5,242.000,50,241.000,9,239.000,20,238.000,9,236.000,20,251.000,50,253.000,9,254.000,20,257.000,20,320.000,1,0,30,
115635282000,250.000,5,242.000,50,241.000,9,239.000,20,236.000,20,86.000,1,251.000,50,253.000,9,254.000,20,257.000,20,320.000,1,0,30,
115635282000,250.000,5,242.000,50,241.000,9,240.000,9,239.000,20,236.000,20,251.000,50,253.000,9,254.000,20,257.000,20,320.000,1,0,30,
115635319000,250.000,5,242.000,50,241.000,9,240.000,29,239.000,20,236.000,20,251.000,50,253.000,9,254.000,20,255.000,20,257.000,20,0,30,
115635344000,250.000,5,242.000,50,241.000,9,240.000,29,239.000,20,236.000,20,251.000,50,254.000,20,255.000,20,257.000,20,320.000,1,0,30,
115635420000,250.000,5,242.000,50,241.000,9,240.000,29,239.000,20,86.000,1,251.000,30,254.000,20,255.000,20,257.000,20,320.000,1,0,30,
115635420000,250.000,5,242.000,50,241.000,9,240.000,29,239.000,20,237.000,20,251.000,30,252.000,20,254.000,20,255.000,20,257.000,20,0,30,
115635469000,250.000,5,242.000,50,241.000,9,240.000,29,239.000,20,237.000,20,251.000,30,252.000,20,254.000,20,255.000,29,257.000,20,0,30,
115636632000,250.000,5,242.000,50,241.000,9,240.000,29,239.000,20,86.000,1,251.000,30,254.000,20,255.000,29,257.000,20,320.000,1,0,30,
115636632000,250.000,5,242.000,50,241.000,9,240.000,29,239.000,20,236.000,20,251.000,50,254.000,20,255.000,29,257.000,20,320.000,1,0,30,
115637007000,250.000,5,242.000,50,241.000,9,240.000,29,239.000,20,86.000,1,251.000,30,254.000,20,255.000,29,257.000,20,320.000,1,0,30,
115637132000,250.000,5,242.000,50,241.000,9,240.000,29,239.000,20,236.000,20,251.000,50,254.000,20,255.000,29,257.000,20,320.000,1,0,30,
115638633000,250.000,5,242.000,50,241.000,9,240.000,29,239.000,20,86.000,1,251.000,30,254.000,20,255.000,29,257.000,20,320.000,1,0,30,
115638633000,250.000,5,242.000,50,241.000,9,240.000,29,239.000,20,237.000,20,251.000,30,252.000,20,254.000,20,255.000,29,257.000,20,0,30,
115639503000,250.000,5,242.000,50,241.000,9,240.000,29,239.000,20,86.000,1,251.000,30,254.000,20,255.000,29,257.000,20,320.000,1,0,30,
115639503000,250.000,5,242.000,50,241.000,9,240.000,29,239.000,20,236.000,20,251.000,50,254.000,20,255.000,29,257.000,20,320.000,1,0,30,
115639719000,250.000,5,242.000,50,241.000,9,240.000,29,239.000,20,86.000,1,251.000,30,254.000,20,255.000,29,257.000,20,320.000,1,0,30,
115639744000,250.000,5,242.000,30,241.000,9,240.000,29,239.000,20,86.000,1,251.000,30,254.000,20,255.000,29,320.000,1,400.000,1,0,30,
115639744000,250.000,5,243.000,20,242.000,30,241.000,9,240.000,29,239.000,20,251.000,30,254.000,20,255.000,29,258.000,20,320.000,1,0,30,
115640003000,250.000,5,243.000,20,242.000,30,241.000,9,240.000,29,239.000,20,251.000,30,252.000,20,254.000,20,255.000,29,258.000,20,0,30,
115640110000,250.000,5,243.000,20,242.000,9,241.000,9,240.000,29,239.000,20,251.000,9,252.000,20,254.000,20,255.000,29,258.000,20,0,30,
115640110000,250.000,5,244.000,21,243.000,20,242.000,9,241.000,9,240.000,29,251.000,9,252.000,41,254.000,20,255.000,29,258.000,20,0,30,
115640110000,250.000,5,244.000,21,243.000,29,242.000,9,241.000,9,240.000,29,251.000,9,252.000,41,254.000,20,255.000,29,258.000,20,0,30,
115640110000,250.000,5,244.000,21,243.000,29,242.000,9,241.000,9,240.000,29,251.000,9,252.000,50,254.000,20,255.000,29,258.000,20,0,30,
115640110000,250.000,5,244.000,21,243.000,29,242.000,9,241.000,9,240.000,29,252.000,50,254.000,20,255.000,29,258.000,20,320.000,1,0,30,
115640110000,250.000,5,244.000,30,243.000,29,242.000,9,241.000,9,240.000,29,252.000,50,254.000,20,255.000,29,258.000,20,320.000,1,0,30,
115640379000,250.000,5,244.000,30,243.000,29,242.000,9,241.000,9,240.000,29,252.000,30,254.000,20,255.000,29,258.000,20,320.000,1,0,30,
115640503000,250.000,5,244.000,30,243.000,29,242.000,9,241.000,9,240.000,29,252.000,30,253.000,20,254.000,20,255.000,29,258.000,20,0,30,
115640505000,250.000,5,244.000,30,243.000,29,242.000,9,240.000,29,239.000,20,252.000,30,253.000,20,254.000,20,255.000,29,258.000,20,0,30,
115640505000,250.000,5,244.000,30,243.000,29,240.000,29,239.000,20,238.000,20,252.000,30,253.000,20,254.000,20,255.000,29,258.000,20,0,30,
115641521000,250.000,5,244.000,30,243.000,29,240.000,9,239.000,20,238.000,20,252.000,30,253.000,20,254.000,20,255.000,9,258.000,20,0,30,
115641729000,250.000,5,244.000,30,243.000,29,240.000,9,239.000,20,86.000,1,252.000,30,254.000,20,255.000,9,258.000,20,320.000,1,0,30,
115641729000,250.000,5,244.000,30,243.000,29,240.000,9,239.000,20,237.000,20,252.000,50,254.000,20,255.000,9,258.000,20,320.000,1,0,30,
115641766000,250.000,5,244.000,30,243.000,29,240.000,29,239.000,20,237.000,20,252.000,50,254.000,20,255.000,29,258.000,20,320.000,1,0,30,
115646744000,250.000,5,244.000,30,243.000,9,240.000,29,239.000,20,237.000,20,252.000,50,254.000,20,255.000,29,320.000,1,400.000,1,0,30,
115646744000,250.000,5,244.000,30,243.000,9,242.000,20,240.000,29,239.000,20,252.000,50,254.000,20,255.000,29,257.000,20,320.000,1,0,30,
115646773000,250.000,5,244.000,30,243.000,9,242.000,20,240.000,29,239.000,20,252.000,30,254.000,20,255.000,29,257.000,20,320.000,1,0,30,
115646773000,250.000,5,244.000,30,243.000,9,242.000,20,240.000,29,239.000,20,251.000,20,252.000,30,254.000,20,255.000,29,257.000,20,0,30,
115646774000,250.000,5,244.000,30,243.000,9,242.000,20,240.000,29,239.000,20,251.000,29,252.000,30,254.000,20,255.000,29,257.000,20,0,30,
115648002000,250.000,5,244.000,30,243.000,9,242.000,20,240.000,29,239.000,20,251.000,9,252.000,30,254.000,20,255.000,29,257.000,20,0,30,
115648002000,250.000,5,244.000,30,243.000,9,242.000,20,240.000,29,239.000,20,251.000,9,252.000,50,254.000,20,255.000,29,257.000,20,0,30,
115648003000,250.000,5,244.000,30,243.000,9,242.000,20,240.000,29,239.000,20,252.000,50,254.000,20,255.000,29,257.000,20,320.000,1,0,30,
115650369000,250.000,5,244.000,30,243.000,9,240.000,29,239.000,20,237.000,20,252.000,50,254.000,20,255.000,29,320.000,1,400.000,1,0,30,
115650369000,250.000,5,244.000,30,243.000,29,240.000,29,239.000,20,237.000,20,252.000,50,254.000,20,255.000,29,258.000,20,320.000,1,0,30,
115651243000,250.000,5,244.000,30,243.000,9,240.000,29,239.000,20,237.000,20,252.000,50,254.000,20,255.000,29,320.000,1,400.000,1,0,30,
115651243000,250.000,5,244.000,30,243.000,9,242.000,20,240.000,29,239.000,20,252.000,50,254.000,20,255.000,29,257.000,20,320.000,1,0,30,
115652743000,250.000,5,244.000,30,243.000,9,240.000,29,239.000,20,237.000,20,252.000,50,254.000,20,255.000,29,320.000,1,400.000,1,0,30,
115652743000,250.000,5,244.000,30,243.000,29,240.000,29,239.000,20,237.000,20,252.000,50,254.000,20,255.000,29,258.000,20,320.000,1,0,30,
115653036000,250.000,5,244.000,30,243.000,29,240.000,29,237.000,20,86.000,1,252.000,50,255.000,29,258.000,20,320.000,1,400.000,1,0,30,
115653505000,250.000,5,244.000,30,243.000,29,241.000,20,240.000,29,237.000,20,252.000,50,255.000,29,256.000,20,258.000,20,320.000,1,0,30,
115655368000,250.000,5,244.000,30,243.000,9,241.000,20,240.000,29,237.000,20,252.000,50,255.000,29,256.000,20,320.000,1,400.000,1,0,30,
115655368000,250.000,5,244.000,30,243.000,9,242.000,20,241.000,20,240.000,29,252.000,50,255.000,29,256.000,20,257.000,20,320.000,1,0,30,
115655709000,250.000,5,244.000,30,243.000,9,242.000,20,241.000,20,240.000,29,252.000,30,255.000,29,256.000,20,257.000,20,320.000,1,0,30,
115655709000,250.000,5,244.000,30,243.000,9,242.000,20,241.000,20,240.000,29,251.000,20,252.000,30,255.000,29,256.000,20,257.000,20,0,30,
115655709000,250.000,5,244.000,30,243.000,9,242.000,20,241.000,20,240.000,29,251.000,29,252.000,30,255.000,29,256.000,20,257.000,20,0,30,
115657008000,250.000,5,244.000,30,243.000,9,242.000,20,241.000,20,240.000,29,251.000,9,252.000,30,255.000,29,256.000,20,257.000,20,0,30,
115657008000,250.000,5,244.000,30,243.000,9,242.000,20,241.000,20,240.000,29,251.000,9,252.000,50,255.000,29,256.000,20,257.000,20,0,30,
115657008000,250.000,5,244.000,30,243.000,9,242.000,20,241.000,20,240.000,29,252.000,50,255.000,29,256.000,20,257.000,20,320.000,1,0,30,
115700535000,250.000,5,244.000,30,243.000,9,242.000,20,241.000,20,240.000,9,252.000,50,255.000,9,256.000,20,257.000,20,320.000,1,0,30,
115700559000,250.000,5,244.000,30,243.000,9,242.000,20,241.000,20,240.000,9,252.000,30,255.000,9,256.000,20,257.000,20,320.000,1,0,30,
115700559000,250.000,5,244.000,30,243.000,9,242.000,20,241.000,20,240.000,9,251.000,20,252.000,30,255.000,9,256.000,20,257.000,20,0,30,
115700559000,250.000,5,244.000,30,243.000,9,242.000,20,241.000,20,240.000,9,251.000,29,252.000,30,255.000,9,256.000,20,257.000,20,0,30,
115700625000,250.000,5,244.000,30,243.000,9,242.000,20,241.000,20,240.000,29,251.000,29,252.000,30,255.000,29,256.000,20,257.000,20,0,30,
115701173000,250.000,5,244.000,9,243.000,9,242.000,20,241.000,20,240.000,29,251.000,29,252.000,9,255.000,29,256.000,20,257.000,20,0,30,
115701173000,250.000,5,244.000,9,243.000,30,242.000,20,241.000,20,240.000,29,251.000,50,252.000,9,255.000,29,256.000,20,257.000,20,0,30,
115701174000,250.000,5,244.000,9,243.000,30,242.000,29,241.000,20,240.000,29,251.000,50,252.000,9,255.000,29,256.000,20,257.000,20,0,30,
115701174000,250.000,5,243.000,30,242.000,29,241.000,20,240.000,29,236.000,20,251.000,50,252.000,9,255.000,29,256.000,20,257.000,20,0,30,
115701243000,250.000,5,243.000,30,242.000,9,241.000,20,240.000,29,236.000,20,251.000,50,252.000,9,255.000,29,256.000,20,320.000,1,0,30,
115701243000,250.000,5,243.000,30,242.000,9,241.000,40,240.000,29,236.000,20,251.000,50,252.000,9,255.000,29,256.000,40,320.000,1,0,30,
115701993000,250.000,5,243.000,30,242.000,9,241.000,20,240.000,29,236.000,20,251.000,50,252.000,9,255.000,29,256.000,20,320.000,1,0,30,
115701993000,250.000,5,243.000,30,242.000,29,241.000,20,240.000,29,236.000,20,251.000,50,252.000,9,255.000,29,256.000,20,257.000,20,0,30,
115703527000,250.000,5,243.000,30,242.000,29,241.000,20,240.000,29,86.000,1,251.000,30,252.000,9,255.000,29,256.000,20,257.000,20,0,30,
115703527000,250.000,5,243.000,30,242.000,29,241.000,20,240.000,29,237.000,20,251.000,30,252.000,29,255.000,29,256.000,20,257.000,20,0,30,
115705403000,250.000,5,243.000,9,242.000,29,241.000,20,240.000,29,237.000,20,251.000,9,252.000,29,255.000,29,256.000,20,257.000,20,0,30,
115705403000,250.000,5,244.000,21,243.000,9,242.000,29,241.000,20,240.000,29,251.000,30,252.000,29,255.000,29,256.000,20,257.000,20,0,30,
115705403000,250.000,5,244.000,21,242.000,29,241.000,20,240.000,29,237.000,20,251.000,30,252.000,29,255.000,29,256.000,20,257.000,20,0,30,
115705403000,250.000,5,244.000,21,242.000,29,241.000,20,240.000,29,237.000,20,251.000,21,252.000,29,255.000,29,256.000,20,257.000,20,0,30,
115705403000,250.000,5,244.000,30,242.000,29,241.000,20,240.000,29,237.000,20,251.000,21,252.000,29,255.000,29,256.000,20,257.000,20,0,30,
115705404000,250.000,5,244.000,30,242.000,29,241.000,20,240.000,29,237.000,20,251.000,30,252.000,29,255.000,29,256.000,20,257.000,20,0,30,
115707524000,250.000,5,244.000,30,242.000,29,241.000,20,240.000,29,86.000,1,251.000,30,252.000,9,255.000,29,256.000,20,257.000,20,0,30,
115707524000,250.000,5,244.000,30,242.000,29,241.000,20,240.000,29,236.000,20,251.000,50,252.000,9,255.000,29,256.000,20,257.000,20,0,30,
115708122000,250.000,5,244.000,9,242.000,29,241.000,20,240.000,29,236.000,20,251.000,29,252.000,9,255.000,29,256.000,20,257.000,20,0,30,
115708122000,250.000,5,244.000,9,243.000,21,242.000,29,241.000,20,240.000,29,251.000,50,252.000,9,255.000,29,256.000,20,257.000,20,0,30,
115708122000,250.000,5,243.000,21,242.000,29,241.000,20,240.000,29,236.000,20,251.000,50,252.000,9,255.000,29,256.000,20,257.000,20,0,30,
115708122000,250.000,5,243.000,30,242.000,29,241.000,20,240.000,29,236.000,20,251.000,50,252.000,9,255.000,29,256.000,20,257.000,20,0,30,
115708264000,250.000,5,243.000,30,242.000,29,241.000,20,240.000,29,86.000,1,251.000,30,252.000,9,255.000,29,256.000,20,257.000,20,0,30,
115708264000,250.000,5,243.000,30,242.000,29,241.000,20,240.000,29,237.000,20,251.000,30,252.000,29,255.000,29,256.000,20,257.000,20,0,30,
115708764000,250.000,5,243.000,30,242.000,29,241.000,20,240.000,29,86.000,1,251.000,30,252.000,9,255.000,29,256.000,20,257.000,20,0,30,
115708764000,250.000,5,243.000,30,242.000,29,241.000,20,240.000,29,236.000,20,251.000,50,252.000,9,255.000,29,256.000,20,257.000,20,0,30,
115709889000,250.000,5,243.000,30,242.000,29,241.000,20,240.000,29,86.000,1,251.000,30,252.000,9,255.000,29,256.000,20,257.000,20,0,30,
115709889000,250.000,5,243.000,30,242.000,29,241.000,20,240.000,29,237.000,20,251.000,30,252.000,29,255.000,29,256.000,20,257.000,20,0,30,
115710983000,250.000,5,243.000,9,242.000,29,241.000,20,240.000,29,237.000,20,251.000,9,252.000,29,255.000,29,256.000,20,257.000,20,0,30,
115710983000,250.000,5,243.000,30,242.000,29,241.000,20,240.000,29,237.000,20,251.000,9,252.000,50,255.000,29,256.000,20,257.000,20,0,30,
115710983000,250.000,5,243.000,30,242.000,29,241.000,20,240.000,29,237.000,20,252.000,50,255.000,29,256.000,20,257.000,20,320.000,1,0,30,
115710983000,250.000,5,243.000,21,242.000,29,241.000,20,240.000,29,237.000,20,252.000,50,255.000,29,256.000,20,257.000,20,320.000,1,0,30,
115710983000,250.000,5,243.000,30,242.000,29,241.000,20,240.000,29,237.000,20,252.000,50,255.000,29,256.000,20,257.000,20,320.000,1,0,30,
115711118000,250.000,5,243.000,30,242.000,9,241.000,20,240.000,29,237.000,20,252.000,50,255.000,29,256.000,20,320.000,1,400.000,1,0,30,
115711118000,250.000,5,243.000,50,242.000,9,241.000,20,240.000,29,237.000,20,252.000,50,255.000,29,256.000,20,258.000,20,320.000,1,0,30,
115715742000,250.000,5,243.000,30,242.000,9,241.000,20,240.000,29,237.000,20,252.000,50,255.000,29,256.000,20,320.000,1,400.000,1,0,30,
115715742000,250.000,5,243.000,30,242.000,29,241.000,20,240.000,29,237.000,20,252.000,50,255.000,29,256.000,20,257.000,20,320.000,1,0,30,
115717596000,250.000,5,243.000,30,242.000,29,241.000,20,240.000,29,86.000,1,252.000,30,255.000,29,256.000,20,257.000,20,320.000,1,0,30,
115717596000,250.000,5,243.000,30,242.000,29,241.000,20,240.000,29,236.000,20,251.000,20,252.000,30,255.000,29,256.000,20,257.000,20,0,30,
115717596000,250.000,5,243.000,30,242.000,29,241.000,20,240.000,29,236.000,20,251.000,29,252.000,30,255.000,29,256.000,20,257.000,20,0,30,
115718604000,250.000,5,243.000,9,242.000,29,241.000,20,240.000,29,236.000,20,251.000,29,252.000,9,255.000,29,256.000,20,257.000,20,0,30,
115718604000,250.000,5,243.000,30,242.000,29,241.000,20,240.000,29,236.000,20,251.000,50,252.000,9,255.000,29,256.000,20,257.000,20,0,30,
115718604000,250.000,5,243.000,21,242.000,29,241.000,20,240.000,29,236.000,20,251.000,50,252.000,9,255.000,29,256.000,20,257.000,20,0,30,
115718605000,250.000,5,243.000,30,242.000,29,241.000,20,240.000,29,236.000,20,251.000,50,252.000,9,255.000,29,256.000,20,257.000,20,0,30,
115718827000,250.000,5,243.000,30,242.000,29,241.000,20,240.000,29,86.000,1,251.000,30,252.000,9,255.000,29,256.000,20,257.000,20,0,30,
115718827000,250.000,5,243.000,30,242.000,29,241.000,20,240.000,29,237.000,20,251.000,30,252.000,29,255.000,29,256.000,20,257.000,20,0,30,
115719868000,250.000,5,243.000,30,242.000,9,241.000,20,240.000,29,237.000,20,251.000,30,252.000,29,255.000,29,256.000,20,320.000,1,0,30,
115719869000,250.000,5,243.000,50,242.000,9,241.000,20,240.000,29,237.000,20,251.000,30,252.000,29,255.000,29,256.000,20,258.000,20,0,30,
115720700000,250.000,5,243.000,50,242.000,9,241.000,20,240.000,9,237.000,20,251.000,30,252.000,29,255.000,9,256.000,20,258.000,20,0,30,
115720839000,250.000,5,243.000,50,242.000,9,241.000,20,240.000,29,237.000,20,251.000,30,252.000,29,255.000,29,256.000,20,258.000,20,0,30,
115724505000,250.000,5,243.000,30,242.000,9,241.000,20,240.000,29,237.000,20,251.000,30,252.000,29,255.000,29,256.000,20,320.000,1,0,30,
115724505000,250.000,5,243.000,30,242.000,29,241.000,20,240.000,29,237.000,20,251.000,30,252.000,29,255.000,29,256.000,20,257.000,20,0,30,
115724506000,250.000,5,243.000,30,242.000,29,241.000,20,240.000,29,86.000,1,251.000,30,252.000,9,255.000,29,256.000,20,257.000,20,0,30,
115724506000,250.000,5,243.000,30,242.000,29,241.000,20,240.000,29,236.000,20,251.000,50,252.000,9,255.000,29,256.000,20,257.000,20,0,30,
115724680000,250.000,5,243.000,30,242.000,29,241.000,20,240.000,29,86.000,1,251.000,30,252.000,9,255.000,29,256.000,20,257.000,20,0,30,
115725054000,250.000,5,243.000,30,242.000,29,241.000,20,240.000,29,237.000,20,251.000,30,252.000,29,255.000,29,256.000,20,257.000,20,0,30,
115725298000,250.000,5,243.000,30,242.000,29,241.000,20,240.000,29,86.000,1,251.000,30,252.000,9,255.000,29,256.000,20,257.000,20,0,30,
115725494000,250.000,5,243.000,30,242.000,9,241.000,20,240.000,29,86.000,1,251.000,30,252.000,9,255.000,29,256.000,20,320.000,1,0,30,
115725494000,250.000,5,243.000,30,242.000,9,241.000,40,240.000,29,86.000,1,251.000,30,252.000,9,255.000,29,256.000,40,320.000,1,0,30,
115725650000,250.000,5,243.000,30,242.000,9,241.000,40,240.000,29,235.000,20,250.000,20,251.000,30,252.000,9,255.000,29,256.000,40,0,30,
115726006000,250.000,5,243.000,30,242.000,9,241.000,20,240.000,29,235.000,20,250.000,20,251.000,30,252.000,9,255.000,29,256.000,20,0,30,
115726006000,250.000,5,243.000,30,242.000,9,241.000,20,240.000,29,239.000,20,250.000,20,251.000,30,252.000,9,254.000,20,255.000,29,0,30,
115726006000,250.000,5,243.000,30,242.000,9,241.000,20,240.000,29,239.000,20,250.000,29,251.000,30,252.000,9,254.000,20,255.000,29,0,30,
115726147000,250.000,5,243.000,30,242.000,9,241.000,20,240.000,9,239.000,20,250.000,29,251.000,30,252.000,9,254.000,20,255.000,9,0,30,
115726152000,250.000,5,243.000,30,242.000,9,241.000,20,240.000,9,239.000,20,250.000,29,251.000,30,252.000,9,254.000,20,256.000,20,0,30,
115726152000,250.000,5,243.000,30,242.000,9,241.000,20,240.000,9,239.000,20,250.000,29,251.000,30,252.000,9,253.000,9,254.000,20,0,30,
115726244000,250.000,5,243.000,30,242.000,9,240.000,9,239.000,20,235.000,20,250.000,29,251.000,30,252.000,9,253.000,9,254.000,20,0,30,
115726244000,250.000,5,243.000,30,242.000,9,240.000,29,239.000,20,235.000,20,250.000,29,251.000,30,252.000,9,253.000,9,254.000,20,0,30,
115726506000,250.000,5,243.000,30,242.000,9,240.000,29,239.000,20,235.000,20,250.000,29,251.000,30,253.000,9,254.000,20,255.000,20,0,30,
115726599000,250.000,5,243.000,9,242.000,9,240.000,29,239.000,20,235.000,20,250.000,29,251.000,9,253.000,9,254.000,20,255.000,20,0,30,
115726599000,250.000,5,243.000,9,242.000,30,240.000,29,239.000,20,235.000,20,250.000,50,251.000,9,253.000,9,254.000,20,255.000,20,0,30,
115726599000,250.000,5,243.000,9,242.000,30,240.000,38,239.000,20,235.000,20,250.000,50,251.000,9,253.000,9,254.000,20,255.000,20,0,30,
115726599000,250.000,5,242.000,30,240.000,38,239.000,20,235.000,20,86.000,1,250.000,50,251.000,9,253.000,9,254.000,20,255.000,20,0,30,
115727644000,250.000,5,242.000,30,240.000,38,239.000,20,86.000,1,84.000,3,250.000,30,251.000,9,253.000,9,254.000,20,255.000,20,0,30,
115727644000,250.000,5,242.000,30,240.000,38,239.000,20,234.000,20,86.000,1,249.000,20,250.000,30,251.000,9,253.000,9,254.000,20,0,30,
115727644000,250.000,5,242.000,30,240.000,38,239.000,20,234.000,20,86.000,1,249.000,29,250.000,30,251.000,9,253.000,9,254.000,20,0,30,
115727660000,250.000,5,242.000,30,240.000,29,239.000,20,234.000,20,86.000,1,249.000,29,250.000,30,251.000,9,253.000,9,254.000,20,0,30,
115727728000,250.000,5,242.000,9,240.000,29,239.000,20,234.000,20,86.000,1,249.000,29,250.000,9,251.000,9,253.000,9,254.000,20,0,30,
115727728000,250.000,5,242.000,9,241.000,21,240.000,29,239.000,20,234.000,20,249.000,50,250.000,9,251.000,9,253.000,9,254.000,20,0,30,
115727729000,250.000,5,241.000,21,240.000,29,239.000,20,234.000,20,86.000,1,249.000,50,250.000,9,251.000,9,253.000,9,254.000,20,0,30,
115727729000,250.000,5,241.000,30,240.000,29,239.000,20,234.000,20,86.000,1,249.000,50,250.000,9,251.000,9,253.000,9,254.000,20,0,30,
115727746000,250.000,5,241.000,30,240.000,9,239.000,20,234.000,20,86.000,1,249.000,50,250.000,9,251.000,9,253.000,9,254.000,20,0,30,
115727746000,250.000,5,241.000,30,240.000,9,239.000,40,234.000,20,86.000,1,249.000,50,250.000,9,251.000,9,253.000,9,254.000,40,0,30,
115727784000,250.000,5,241.000,30,240.000,9,239.000,40,238.000,9,234.000,20,249.000,50,250.000,9,251.000,9,253.000,9,254.000,40,0,30,
115728006000,250.000,5,241.000,30,240.000,9,239.000,40,238.000,9,234.000,20,249.000,50,250.000,9,253.000,9,254.000,40,320.000,1,0,30,
115728012000,250.000,5,241.000,30,240.000,9,239.000,40,238.000,9,86.000,1,249.000,30,250.000,9,253.000,9,254.000,40,320.000,1,0,30,
115728241000,250.000,5,241.000,30,240.000,9,239.000,40,238.000,9,235.000,20,249.000,30,250.000,29,253.000,9,254.000,40,320.000,1,0,30,
115728865000,250.000,5,241.000,30,240.000,9,239.000,40,238.000,9,86.000,1,249.000,30,250.000,9,253.000,9,254.000,40,320.000,1,0,30,
115728865000,250.000,5,241.000,30,240.000,9,239.000,40,238.000,9,234.000,20,249.000,50,250.000,9,253.000,9,254.000,40,320.000,1,0,30,
115729741000,250.000,5,241.000,30,240.000,9,239.000,40,238.000,9,86.000,1,249.000,30,250.000,9,253.000,9,254.000,40,320.000,1,0,30,
115729741000,250.000,5,241.000,30,240.000,9,239.000,40,238.000,9,235.000,20,249.000,30,250.000,29,253.000,9,254.000,40,320.000,1,0,30,
115729754000,250.000,5,241.000,30,240.000,9,239.000,60,238.000,9,235.000,20,249.000,30,250.000,29,253.000,9,254.000,60,320.000,1,0,30,
115730365000,250.000,5,241.000,30,240.000,9,239.000,60,238.000,9,86.000,1,249.000,30,250.000,9,253.000,9,254.000,60,320.000,1,0,30,
115730365000,250.000,5,241.000,30,240.000,9,239.000,60,238.000,9,234.000,20,249.000,50,250.000,9,253.000,9,254.000,60,320.000,1,0,30,
115731116000,250.000,5,241.000,30,240.000,9,239.000,60,238.000,9,86.000,1,249.000,30,250.000,9,253.000,9,254.000,60,320.000,1,0,30,
115731116000,250.000,5,241.000,30,240.000,9,239.000,60,238.000,9,235.000,20,249.000,30,250.000,29,253.000,9,254.000,60,320.000,1,0,30,
115734244000,250.000,5,241.000,30,240.000,9,239.000,40,238.000,9,235.000,20,249.000,30,250.000,29,253.000,9,254.000,40,320.000,1,0,30,
115734244000,250.000,5,241.000,30,240.000,29,239.000,40,238.000,9,235.000,20,249.000,30,250.000,29,253.000,9,254.000,40,255.000,20,0,30,
115737533000,250.000,5,241.000,30,240.000,29,239.000,40,238.000,9,86.000,1,249.000,30,250.000,9,253.000,9,254.000,40,255.000,20,0,30,
115737619000,250.000,5,241.000,30,240.000,9,239.000,40,238.000,9,86.000,1,249.000,30,250.000,9,253.000,9,254.000,40,320.000,1,0,30,
115737619000,250.000,5,241.000,30,240.000,9,239.000,60,238.000,9,86.000,1,249.000,30,250.000,9,253.000,9,254.000,60,320.000,1,0,30,
115738065000,250.000,5,241.000,30,240.000,9,239.000,60,238.000,9,234.000,20,249.000,50,250.000,9,253.000,9,254.000,60,320.000,1,0,30,
115738252000,250.000,5,241.000,30,240.000,9,239.000,40,238.000,9,234.000,20,249.000,50,250.000,9,253.000,9,254.000,40,320.000,1,0,30,
115738506000,250.000,5,241.000,30,240.000,9,239.000,40,238.000,9,237.000,20,249.000,50,250.000,9,252.000,20,253.000,9,254.000,40,0,30,
115741432000,250.000,5,241.000,9,240.000,9,239.000,40,238.000,9,237.000,20,249.000,29,250.000,9,252.000,20,253.000,9,254.000,40,0,30,
115741432000,250.000,5,241.000,9,240.000,30,239.000,40,238.000,9,237.000,20,248.000,21,249.000,29,250.000,9,252.000,20,253.000,9,0,30,
115741432000,250.000,5,241.000,9,240.000,30,239.000,49,238.000,9,237.000,20,248.000,21,249.000,29,250.000,9,252.000,20,253.000,9,0,30,
115741432000,250.000,5,241.000,9,240.000,30,239.000,49,238.000,9,237.000,20,248.000,30,249.000,29,250.000,9,252.000,20,253.000,9,0,30,
115741432000,250.000,5,240.000,30,239.000,49,238.000,9,237.000,20,234.000,20,248.000,30,249.000,29,250.000,9,252.000,20,253.000,9,0,30,
115741505000,250.000,5,240.000,30,239.000,49,238.000,9,237.000,20,234.000,20,248.000,30,249.000,29,252.000,20,253.000,9,254.000,40,0,30,
115742977000,250.000,5,240.000,30,239.000,29,238.000,9,237.000,20,234.000,20,248.000,30,249.000,29,252.000,20,253.000,9,254.000,20,0,30,
115743307000,250.000,5,240.000,30,239.000,29,238.000,29,237.000,20,234.000,20,248.000,30,249.000,29,252.000,20,253.000,29,254.000,20,0,30,
115744216000,250.000,5,240.000,30,239.000,29,238.000,29,237.000,20,86.000,1,248.000,30,249.000,9,252.000,20,253.000,29,254.000,20,0,30,
115744216000,250.000,5,240.000,30,239.000,29,238.000,29,237.000,20,235.000,20,248.000,30,249.000,9,250.000,20,252.000,20,253.000,29,0,30,
115744341000,250.000,5,240.000,30,239.000,29,238.000,29,237.000,20,86.000,1,248.000,30,249.000,9,252.000,20,253.000,29,254.000,20,0,30,
115744823000,250.000,5,240.000,30,239.000,29,238.000,29,237.000,20,235.000,20,248.000,30,249.000,9,250.000,20,252.000,20,253.000,29,0,30,
115744948000,250.000,5,240.000,30,239.000,29,238.000,29,237.000,20,86.000,1,248.000,30,249.000,9,252.000,20,253.000,29,254.000,20,0,30,
115745138000,250.000,5,240.000,9,239.000,29,238.000,29,237.000,20,86.000,1,248.000,9,249.000,9,252.000,20,253.000,29,254.000,20,0,30,
115745138000,250.000,5,241.000,21,240.000,9,239.000,29,238.000,29,237.000,20,248.000,9,249.000,30,252.000,20,253.000,29,254.000,20,0,30,
115745138000,250.000,5,241.000,21,240.000,9,239.000,29,238.000,29,237.000,20,249.000,30,252.000,20,253.000,29,254.000,20,320.000,1,0,30,
115745138000,250.000,5,241.000,21,240.000,9,239.000,29,238.000,29,237.000,20,249.000,30,252.000,29,253.000,29,254.000,20,320.000,1,0,30,
115745138000,250.000,5,241.000,30,240.000,9,239.000,29,238.000,29,237.000,20,249.000,30,252.000,29,253.000,29,254.000,20,320.000,1,0,30,
115745138000,250.000,5,241.000,30,239.000,29,238.000,29,237.000,20,86.000,1,249.000,30,252.000,29,253.000,29,254.000,20,320.000,1,0,30,
115745325000,250.000,5,241.000,30,239.000,29,238.000,29,237.000,20,234.000,20,249.000,50,252.000,29,253.000,29,254.000,20,320.000,1,0,30,
115752619000,250.000,5,241.000,30,239.000,9,238.000,29,237.000,20,234.000,20,249.000,50,252.000,29,253.000,29,320.000,1,400.000,1,0,30,
115752619000,250.000,5,241.000,30,240.000,20,239.000,9,238.000,29,237.000,20,249.000,50,252.000,29,253.000,29,255.000,20,320.000,1,0,30,
115752673000,250.000,5,241.000,30,240.000,20,239.000,9,238.000,29,237.000,20,249.000,30,252.000,29,253.000,29,255.000,20,320.000,1,0,30,
115752673000,250.000,5,241.000,30,240.000,20,239.000,9,238.000,29,237.000,20,249.000,30,250.000,20,252.000,29,253.000,29,255.000,20,0,30,
115753544000,250.000,5,241.000,30,240.000,20,239.000,9,238.000,29,237.000,20,249.000,30,252.000,29,253.000,29,255.000,20,320.000,1,0,30,
115753544000,250.000,5,241.000,30,240.000,20,239.000,9,238.000,29,237.000,20,249.000,50,252.000,29,253.000,29,255.000,20,320.000,1,0,30,
115754485000,250.000,5,241.000,30,240.000,20,239.000,9,238.000,9,237.000,20,249.000,50,252.000,29,253.000,9,255.000,20,320.000,1,0,30,
115754543000,250.000,5,241.000,30,240.000,20,239.000,9,238.000,9,237.000,20,249.000,30,252.000,29,253.000,9,255.000,20,320.000,1,0,30,
115754543000,250.000,5,241.000,30,240.000,20,239.000,9,238.000,9,237.000,20,249.000,30,250.000,20,252.000,29,253.000,9,255.000,20,0,30,
115754633000,250.000,5,241.000,30,240.000,20,239.000,29,238.000,9,237.000,20,249.000,30,250.000,20,252.000,29,253.000,9,254.000,20,0,30,
115756037000,250.000,5,241.000,30,240.000,20,239.000,29,238.000,9,237.000,20,249.000,30,252.000,29,253.000,9,254.000,20,255.000,20,0,30,
115756037000,250.000,5,241.000,30,240.000,20,239.000,29,238.000,9,237.000,20,249.000,50,252.000,29,253.000,9,254.000,20,255.000,20,0,30,
115756162000,250.000,5,241.000,30,240.000,20,239.000,29,238.000,9,237.000,20,249.000,30,252.000,29,253.000,9,254.000,20,255.000,20,0,30,
115756537000,250.000,5,241.000,30,240.000,20,239.000,29,238.000,9,237.000,20,249.000,30,250.000,20,252.000,29,253.000,9,254.000,20,0,30,
115757536000,250.000,5,241.000,30,240.000,20,239.000,29,238.000,9,237.000,20,249.000,30,252.000,29,253.000,9,254.000,20,255.000,20,0,30,
115757536000,250.000,5,241.000,30,240.000,20,239.000,29,238.000,9,237.000,20,249.000,50,252.000,29,253.000,9,254.000,20,255.000,20,0,30,
115758537000,250.000,5,241.000,30,240.000,20,239.000,29,238.000,9,237.000,20,249.000,30,252.000,29,253.000,9,254.000,20,255.000,20,0,30,
115758537000,250.000,5,241.000,30,240.000,20,239.000,29,238.000,9,237.000,20,249.000,30,250.000,20,252.000,29,253.000,9,254.000,20,0,30,
115759897000,250.000,5,241.000,30,240.000,20,239.000,29,238.000,9,237.000,20,249.000,30,252.000,29,253.000,9,254.000,20,255.000,20,0,30,
115759897000,250.000,5,241.000,30,240.000,20,239.000,29,238.000,9,237.000,20,249.000,50,252.000,29,253.000,9,254.000,20,255.000,20,0,30,
115801518000,250.000,5,241.000,30,240.000,20,239.000,29,238.000,9,237.000,20,249.000,30,252.000,29,253.000,9,254.000,20,255.000,20,0,30,
115801518000,250.000,5,241.000,30,240.000,20,239.000,29,238.000,9,237.000,20,249.000,30,250.000,20,252.000,29,253.000,9,254.000,20,0,30,
115803174000,250.000,5,241.000,30,240.000,20,239.000,29,238.000,9,235.000,20,249.000,30,250.000,20,252.000,9,253.000,9,254.000,20,0,30,
115803395000,250.000,5,241.000,9,240.000,20,239.000,29,238.000,9,235.000,20,249.000,9,250.000,20,252.000,9,253.000,9,254.000,20,0,30,
115803395000,250.000,5,241.000,30,240.000,20,239.000,29,238.000,9,235.000,20,249.000,9,250.000,41,252.000,9,253.000,9,254.000,20,0,30,
115803395000,250.000,5,241.000,30,240.000,20,239.000,29,238.000,9,235.000,20,249.000,9,250.000,50,252.000,9,253.000,9,254.000,20,0,30,
115803395000,250.000,5,241.000,30,240.000,29,239.000,29,238.000,9,235.000,20,249.000,9,250.000,50,252.000,9,253.000,9,254.000,20,0,30,
115803395000,250.000,5,241.000,30,240.000,29,239.000,29,238.000,9,235.000,20,250.000,50,252.000,9,253.000,9,254.000,20,255.000,20,0,30,
115803395000,250.000,5,241.000,21,240.000,29,239.000,29,238.000,9,235.000,20,250.000,50,252.000,9,253.000,9,254.000,20,255.000,20,0,30,
115803395000,250.000,5,241.000,30,240.000,29,239.000,29,238.000,9,235.000,20,250.000,50,252.000,9,253.000,9,254.000,20,255.000,20,0,30,
115803493000,250.000,5,241.000,30,240.000,9,239.000,29,238.000,9,235.000,20,250.000,50,252.000,9,253.000,9,254.000,20,320.000,1,0,30,
115803493000,250.000,5,241.000,50,240.000,9,239.000,29,238.000,9,235.000,20,250.000,50,252.000,9,253.000,9,254.000,20,256.000,20,0,30,
115803505000,250.000,5,241.000,50,240.000,9,239.000,49,238.000,9,235.000,20,250.000,50,252.000,9,253.000,9,254.000,40,256.000,20,0,30,
115803506000,250.000,5,241.000,50,240.000,9,239.000,40,238.000,9,235.000,20,250.000,50,252.000,9,253.000,9,254.000,40,256.000,20,0,30,
115807252000,250.000,5,241.000,50,240.000,9,239.000,40,238.000,9,86.000,1,250.000,30,252.000,9,253.000,9,254.000,40,256.000,20,0,30,
115807252000,250.000,5,241.000,50,240.000,9,239.000,40,238.000,9,236.000,20,250.000,30,251.000,20,252.000,9,253.000,9,254.000,40,0,30,
115807428000,250.000,5,241.000,29,240.000,9,239.000,40,238.000,9,236.000,20,250.000,9,251.000,20,252.000,9,253.000,9,254.000,40,0,30,
115807428000,250.000,5,241.000,50,240.000,9,239.000,40,238.000,9,236.000,20,250.000,9,251.000,41,252.000,9,253.000,9,254.000,40,0,30,
115807428000,250.000,5,241.000,50,240.000,9,239.000,40,238.000,9,236.000,20,250.000,9,251.000,50,252.000,9,253.000,9,254.000,40,0,30,
115807428000,250.000,5,241.000,50,240.000,9,239.000,40,238.000,9,236.000,20,251.000,50,252.000,9,253.000,9,254.000,40,256.000,20,0,30,
115808193000,250.000,5,241.000,50,240.000,9,239.000,40,236.000,20,86.000,1,251.000,50,252.000,9,253.000,9,254.000,40,256.000,20,0,30,
115808194000,250.000,5,241.000,50,240.000,18,239.000,40,236.000,20,86.000,1,251.000,50,252.000,9,253.000,9,254.000,40,256.000,20,0,30,
115808194000,250.000,5,241.000,50,240.000,18,239.000,40,236.000,20,86.000,1,251.000,50,252.000,9,254.000,40,256.000,20,320.000,1,0,30,
115808194000,250.000,5,241.000,50,240.000,18,239.000,40,236.000,20,86.000,1,251.000,50,252.000,9,254.000,40,255.000,9,256.000,20,0,30,
115808705000,250.000,5,241.000,50,240.000,18,239.000,20,236.000,20,86.000,1,251.000,50,252.000,9,254.000,20,255.000,9,256.000,20,0,30,
115808744000,250.000,5,241.000,30,240.000,18,239.000,20,236.000,20,86.000,1,251.000,50,252.000,9,254.000,20,255.000,9,320.000,1,0,30,
115808744000,250.000,5,242.000,20,241.000,30,240.000,18,239.000,20,236.000,20,251.000,50,252.000,9,254.000,20,255.000,9,257.000,20,0,30,
115808744000,250.000,5,242.000,29,241.000,30,240.000,18,239.000,20,236.000,20,251.000,50,252.000,9,254.000,20,255.000,9,257.000,20,0,30,
115808788000,250.000,5,242.000,29,241.000,30,240.000,38,239.000,20,236.000,20,251.000,50,252.000,9,254.000,20,255.000,29,257.000,20,0,30,
115809006000,250.000,5,242.000,29,241.000,30,240.000,29,239.000,20,236.000,20,251.000,50,252.000,9,254.000,20,255.000,29,257.000,20,0,30,
115809148000,250.000,5,242.000,29,241.000,9,240.000,29,239.000,20,236.000,20,251.000,29,252.000,9,254.000,20,255.000,29,257.000,20,0,30,
115809148000,250.000,5,243.000,21,242.000,29,241.000,9,240.000,29,239.000,20,251.000,29,252.000,30,254.000,20,255.000,29,257.000,20,0,30,
115809149000,250.000,5,243.000,30,242.000,29,241.000,9,240.000,29,239.000,20,251.000,29,252.000,30,254.000,20,255.000,29,257.000,20,0,30,
115809251000,250.000,5,243.000,30,242.000,29,241.000,9,240.000,29,239.000,20,251.000,9,252.000,30,254.000,20,255.000,29,257.000,20,0,30,
115809251000,250.000,5,243.000,30,242.000,29,241.000,9,240.000,29,239.000,20,251.000,9,252.000,50,254.000,20,255.000,29,257.000,20,0,30,
115809252000,250.000,5,243.000,30,242.000,29,241.000,9,240.000,29,239.000,20,252.000,50,254.000,20,255.000,29,257.000,20,320.000,1,0,30,
115809371000,250.000,5,243.000,30,242.000,29,241.000,9,240.000,29,239.000,20,252.000,30,254.000,20,255.000,29,257.000,20,320.000,1,0,30,
115809505000,250.000,5,243.000,30,242.000,29,240.000,29,239.000,20,86.000,1,252.000,30,254.000,20,255.000,29,257.000,20,320.000,1,0,30,
115809870000,250.000,5,243.000,30,242.000,29,240.000,29,239.000,20,237.000,20,252.000,50,254.000,20,255.000,29,257.000,20,320.000,1,0,30,
115809996000,250.000,5,243.000,30,242.000,29,240.000,29,239.000,20,86.000,1,252.000,30,254.000,20,255.000,29,257.000,20,320.000,1,0,30,
115810371000,250.000,5,243.000,30,242.000,29,240.000,29,239.000,20,236.000,20,251.000,20,252.000,30,254.000,20,255.000,29,257.000,20,0,30,
115810371000,250.000,5,243.000,30,242.000,29,240.000,29,239.000,20,236.000,20,251.000,29,252.000,30,254.000,20,255.000,29,257.000,20,0,30,
115820111000,250.000,5,243.000,30,242.000,29,240.000,29,239.000,20,86.000,1,251.000,9,252.000,30,254.000,20,255.000,29,257.000,20,0,30,
115820111000,250.000,5,243.000,30,242.000,29,240.000,29,239.000,20,237.000,20,251.000,9,252.000,50,254.000,20,255.000,29,257.000,20,0,30,
115820111000,250.000,5,243.000,30,242.000,29,240.000,29,239.000,20,237.000,20,252.000,50,254.000,20,255.000,29,257.000,20,320.000,1,0,30,
115820505000,250.000,5,243.000,30,242.000,29,240.000,29,237.000,20,86.000,1,252.000,50,255.000,29,257.000,20,320.000,1,400.000,1,0,30,
115820505000,250.000,5,243.000,30,242.000,29,241.000,20,240.000,29,237.000,20,252.000,50,255.000,29,256.000,20,257.000,20,320.000,1,0,30,
115822779000,250.000,5,243.000,30,242.000,29,241.000,20,240.000,29,86.000,1,252.000,30,255.000,29,256.000,20,257.000,20,320.000,1,0,30,
115822779000,250.000,5,243.000,30,242.000,29,241.000,20,240.000,29,236.000,20,251.000,20,252.000,30,255.000,29,256.000,20,257.000,20,0,30,
115823056000,250.000,5,243.000,30,242.000,29,241.000,20,240.000,29,236.000,20,251.000,29,252.000,30,255.000,29,256.000,20,257.000,20,0,30,
115823372000,250.000,5,243.000,9,242.000,29,241.000,20,240.000,29,236.000,20,251.000,29,252.000,9,255.000,29,256.000,20,257.000,20,0,30,
115823372000,250.000,5,243.000,30,242.000,29,241.000,20,240.000,29,236.000,20,251.000,50,252.000,9,255.000,29,256.000,20,257.000,20,0,30,
115823373000,250.000,5,243.000,30,242.000,29,241.000,20,240.000,29,86.000,1,251.000,30,252.000,9,255.000,29,256.000,20,257.000,20,0,30,
115823373000,250.000,5,243.000,30,242.000,29,241.000,20,240.000,29,235.000,20,250.000,20,251.000,30,252.000,9,255.000,29,256.000,20,0,30,
115823374000,250.000,5,243.000,30,242.000,9,241.000,20,240.000,29,235.000,20,250.000,20,251.000,30,252.000,9,255.000,29,256.000,20,0,30,
115823374000,250.000,5,243.000,30,242.000,9,241.000,40,240.000,29,235.000,20,250.000,20,251.000,30,252.000,9,255.000,29,256.000,40,0,30,
115823375000,250.000,5,243.000,21,242.000,9,241.000,40,240.000,29,235.000,20,250.000,20,251.000,30,252.000,9,255.000,29,256.000,40,0,30,
115823506000,250.000,5,243.000,21,242.000,9,241.000,20,240.000,29,235.000,20,250.000,20,251.000,30,252.000,9,255.000,29,256.000,20,0,30,
115823506000,250.000,5,243.000,21,242.000,9,241.000,20,240.000,29,239.000,20,250.000,20,251.000,30,252.000,9,254.000,20,255.000,29,0,30,
115824056000,250.000,5,243.000,21,242.000,9,241.000,20,240.000,29,239.000,20,250.000,29,251.000,30,252.000,9,254.000,20,255.000,29,0,30,
115824056000,250.000,5,243.000,30,242.000,9,241.000,20,240.000,29,239.000,20,250.000,29,251.000,30,252.000,9,254.000,20,255.000,29,0,30,
115824506000,250.000,5,243.000,30,242.000,9,241.000,20,240.000,29,239.000,20,250.000,29,251.000,30,254.000,20,255.000,29,256.000,20,0,30,
115825504000,250.000,5,243.000,30,242.000,9,241.000,20,240.000,29,239.000,20,250.000,9,251.000,30,254.000,20,255.000,29,256.000,20,0,30,
115825504000,250.000,5,243.000,30,242.000,9,241.000,20,240.000,29,239.000,20,250.000,9,251.000,50,254.000,20,255.000,29,256.000,20,0,30,
115825504000,250.000,5,243.000,30,242.000,9,241.000,20,240.000,29,239.000,20,251.000,50,254.000,20,255.000,29,256.000,20,320.000,1,0,30,
115827124000,250.000,5,243.000,30,242.000,9,241.000,20,240.000,29,239.000,20,251.000,30,254.000,20,255.000,29,256.000,20,320.000,1,0,30,
115827124000,250.000,5,243.000,30,242.000,9,241.000,20,240.000,29,239.000,20,250.000,20,251.000,30,254.000,20,255.000,29,256.000,20,0,30,
115827124000,250.000,5,243.000,30,242.000,9,241.000,20,240.000,29,239.000,20,250.000,29,251.000,30,254.000,20,255.000,29,256.000,20,0,30,
115827853000,250.000,5,243.000,30,242.000,9,241.000,20,240.000,9,239.000,20,250.000,29,251.000,30,254.000,20,255.000,9,256.000,20,0,30,
115827893000,250.000,5,243.000,30,242.000,9,241.000,20,240.000,9,239.000,20,250.000,9,251.000,30,254.000,20,255.000,9,256.000,20,0,30,
115827893000,250.000,5,243.000,30,242.000,9,241.000,20,240.000,9,239.000,20,250.000,9,251.000,50,254.000,20,255.000,9,256.000,20,0,30,
115827894000,250.000,5,243.000,30,242.000,9,241.000,20,240.000,9,239.000,20,251.000,50,254.000,20,255.000,9,256.000,20,320.000,1,0,30,
115828065000,250.000,5,243.000,30,242.000,9,241.000,20,240.000,29,239.000,20,251.000,50,254.000,20,255.000,29,256.000,20,320.000,1,0,30,
115834012000,250.000,5,243.000,30,242.000,9,241.000,20,240.000,29,239.000,20,251.000,30,254.000,20,255.000,29,256.000,20,320.000,1,0,30,
115834012000,250.000,5,243.000,30,242.000,9,241.000,20,240.000,29,239.000,20,250.000,20,251.000,30,254.000,20,255.000,29,256.000,20,0,30,
115834012000,250.000,5,243.000,30,242.000,9,241.000,20,240.000,29,239.000,20,250.000,29,251.000,30,254.000,20,255.000,29,256.000,20,0,30,
115839289000,250.000,5,243.000,30,242.000,9,241.000,20,240.000,29,239.000,20,250.000,9,251.000,30,254.000,20,255.000,29,256.000,20,0,30,
115839289000,250.000,5,243.000,30,242.000,9,241.000,20,240.000,29,239.000,20,250.000,9,251.000,50,254.000,20,255.000,29,256.000,20,0,30,
115839289000,250.000,5,243.000,30,242.000,9,241.000,20,240.000,29,239.000,20,251.000,50,254.000,20,255.000,29,256.000,20,320.000,1,0,30,
115839912000,250.000,5,243.000,30,242.000,9,241.000,20,240.000,29,239.000,20,251.000,30,254.000,20,255.000,29,256.000,20,320.000,1,0,30,
115839912000,250.000,5,243.000,30,242.000,9,241.000,20,240.000,29,239.000,20,250.000,20,251.000,30,254.000,20,255.000,29,256.000,20,0,30,
115839912000,250.000,5,243.000,30,242.000,9,241.000,20,240.000,29,239.000,20,250.000,29,251.000,30,254.000,20,255.000,29,256.000,20,0,30,
115840787000,250.000,5,243.000,30,242.000,9,241.000,20,240.000,29,239.000,20,250.000,9,251.000,30,254.000,20,255.000,29,256.000,20,0,30,
115840787000,250.000,5,243.000,30,242.000,9,241.000,20,240.000,29,239.000,20,250.000,9,251.000,50,254.000,20,255.000,29,256.000,20,0,30,
115840787000,250.000,5,243.000,30,242.000,9,241.000,20,240.000,29,239.000,20,251.000,50,254.000,20,255.000,29,256.000,20,320.000,1,0,30,
115841997000,250.000,5,243.000,30,242.000,9,240.000,29,239.000,20,236.000,20,251.000,50,254.000,20,255.000,29,320.000,1,400.000,1,0,30,
115841997000,250.000,5,243.000,30,242.000,29,240.000,29,239.000,20,236.000,20,251.000,50,254.000,20,255.000,29,257.000,20,320.000,1,0,30,
115842008000,250.000,5,243.000,30,242.000,29,240.000,29,239.000,20,86.000,1,251.000,30,254.000,20,255.000,29,257.000,20,320.000,1,0,30,
115842008000,250.000,5,243.000,30,242.000,29,240.000,29,239.000,20,237.000,20,251.000,30,252.000,20,254.000,20,255.000,29,257.000,20,0,30,
115842067000,250.000,5,243.000,9,242.000,29,240.000,29,239.000,20,237.000,20,251.000,9,252.000,20,254.000,20,255.000,29,257.000,20,0,30,
115842067000,250.000,5,243.000,30,242.000,29,240.000,29,239.000,20,237.000,20,251.000,9,252.000,41,254.000,20,255.000,29,257.000,20,0,30,
115842067000,250.000,5,243.000,21,242.000,29,240.000,29,239.000,20,237.000,20,251.000,9,252.000,41,254.000,20,255.000,29,257.000,20,0,30,
115842067000,250.000,5,243.000,21,242.000,29,240.000,29,239.000,20,237.000,20,252.000,41,254.000,20,255.000,29,257.000,20,320.000,1,0,30,
115842101000,250.000,5,243.000,21,242.000,29,240.000,29,237.000,20,86.000,1,252.000,41,255.000,29,257.000,20,320.000,1,400.000,1,0,30,
115842101000,250.000,5,243.000,21,242.000,29,241.000,20,240.000,29,237.000,20,252.000,41,255.000,29,256.000,20,257.000,20,320.000,1,0,30,
115843024000,250.000,5,243.000,30,242.000,29,241.000,20,240.000,29,237.000,20,252.000,41,255.000,29,256.000,20,257.000,20,320.000,1,0,30,
115843024000,250.000,5,243.000,30,242.000,29,241.000,20,240.000,29,237.000,20,252.000,50,255.000,29,256.000,20,257.000,20,320.000,1,0,30,
115843067000,250.000,5,243.000,9,242.000,29,241.000,20,240.000,29,237.000,20,252.000,29,255.000,29,256.000,20,257.000,20,320.000,1,0,30,
115843067000,250.000,5,243.000,30,242.000,29,241.000,20,240.000,29,237.000,20,252.000,29,253.000,21,255.000,29,256.000,20,257.000,20,0,30,
115843068000,250.000,5,243.000,21,242.000,29,241.000,20,240.000,29,237.000,20,252.000,29,253.000,21,255.000,29,256.000,20,257.000,20,0,30,
115843068000,250.000,5,243.000,30,242.000,29,241.000,20,240.000,29,237.000,20,252.000,29,253.000,21,255.000,29,256.000,20,257.000,20,0,30,
115843118000,250.000,5,243.000,30,242.000,9,241.000,20,240.000,29,237.000,20,252.000,29,253.000,21,255.000,29,256.000,20,320.000,1,0,30,
115843118000,250.000,5,243.000,50,242.000,9,241.000,20,240.000,29,237.000,20,252.000,29,253.000,21,255.000,29,256.000,20,258.000,20,0,30,
115847455000,250.000,5,243.000,29,242.000,9,241.000,20,240.000,29,237.000,20,252.000,29,255.000,29,256.000,20,258.000,20,320.000,1,0,30,
115847455000,250.000,5,243.000,50,242.000,9,241.000,20,240.000,29,237.000,20,252.000,50,255.000,29,256.000,20,258.000,20,320.000,1,0,30,
115847615000,250.000,5,243.000,50,242.000,9,241.000,20,240.000,9,237.000,20,252.000,50,255.000,9,256.000,20,258.000,20,320.000,1,0,30,
115847793000,250.000,5,243.000,50,242.000,9,241.000,40,240.000,9,237.000,20,252.000,50,255.000,9,256.000,40,258.000,20,320.000,1,0,30,
115848165000,250.000,5,243.000,29,242.000,9,241.000,40,240.000,9,237.000,20,252.000,29,255.000,9,256.000,40,258.000,20,320.000,1,0,30,
115848165000,250.000,5,243.000,50,242.000,9,241.000,40,240.000,9,237.000,20,252.000,29,253.000,21,255.000,9,256.000,40,258.000,20,0,30,
115905243000,250.000,5,243.000,30,242.000,9,241.000,40,240.000,9,237.000,20,252.000,29,253.000,21,255.000,9,256.000,40,320.000,1,0,30,
115905243000,250.000,5,243.000,30,242.000,29,241.000,40,240.000,9,237.000,20,252.000,29,253.000,21,255.000,9,256.000,40,257.000,20,0,30,
115906173000,250.000,5,243.000,9,242.000,29,241.000,40,240.000,9,237.000,20,252.000,29,255.000,9,256.000,40,257.000,20,320.000,1,0,30,
115906173000,250.000,5,243.000,30,242.000,29,241.000,40,240.000,9,237.000,20,252.000,50,255.000,9,256.000,40,257.000,20,320.000,1,0,30,
115907800000,250.000,5,243.000,30,242.000,29,241.000,20,240.000,9,237.000,20,252.000,50,255.000,9,256.000,20,257.000,20,320.000,1,0,30,
115908178000,250.000,5,243.000,30,242.000,29,241.000,20,240.000,9,86.000,1,252.000,30,255.000,9,256.000,20,257.000,20,320.000,1,0,30,
115908178000,250.000,5,243.000,30,242.000,29,241.000,20,240.000,9,236.000,20,251.000,20,252.000,30,255.000,9,256.000,20,257.000,20,0,30,
115908338000,250.000,5,243.000,30,242.000,29,241.000,20,240.000,29,236.000,20,251.000,20,252.000,30,255.000,29,256.000,20,257.000,20,0,30,
115909055000,250.000,5,243.000,30,242.000,29,241.000,20,240.000,29,236.000,20,251.000,29,252.000,30,255.000,29,256.000,20,257.000,20,0,30,
115909927000,250.000,5,243.000,30,242.000,29,241.000,20,240.000,29,86.000,1,251.000,9,252.000,30,255.000,29,256.000,20,257.000,20,0,30,
115909927000,250.000,5,243.000,30,242.000,29,241.000,20,240.000,29,237.000,20,251.000,9,252.000,50,255.000,29,256.000,20,257.000,20,0,30,
115909927000,250.000,5,243.000,30,242.000,29,241.000,20,240.000,29,237.000,20,252.000,50,255.000,29,256.000,20,257.000,20,320.000,1,0,30,
115910667000,250.000,5,243.000,30,242.000,29,241.000,20,240.000,29,86.000,1,252.000,30,255.000,29,256.000,20,257.000,20,320.000,1,0,30,
115910667000,250.000,5,243.000,30,242.000,29,241.000,20,240.000,29,236.000,20,251.000,20,252.000,30,255.000,29,256.000,20,257.000,20,0,30,
115910667000,250.000,5,243.000,30,242.000,29,241.000,20,240.000,29,236.000,20,251.000,29,252.000,30,255.000,29,256.000,20,257.000,20,0,30,
115914670000,250.000,5,243.000,30,242.000,29,241.000,20,240.000,29,86.000,1,251.000,9,252.000,30,255.000,29,256.000,20,257.000,20,0,30,
115914670000,250.000,5,243.000,30,242.000,29,241.000,20,240.000,29,237.000,20,251.000,9,252.000,50,255.000,29,256.000,20,257.000,20,0,30,
115914672000,250.000,5,243.000,30,242.000,29,241.000,20,240.000,29,237.000,20,252.000,50,255.000,29,256.000,20,257.000,20,320.000,1,0,30,
115922787000,250.000,5,243.000,30,242.000,29,241.000,20,240.000,29,86.000,1,252.000,30,255.000,29,256.000,20,257.000,20,320.000,1,0,30,
115922787000,250.000,5,243.000,30,242.000,29,241.000,20,240.000,29,236.000,20,251.000,20,252.000,30,255.000,29,256.000,20,257.000,20,0,30,
115922788000,250.000,5,243.000,30,242.000,29,241.000,20,240.000,29,236.000,20,251.000,29,252.000,30,255.000,29,256.000,20,257.000,20,0,30,
115923661000,250.000,5,243.000,30,242.000,29,241.000,20,240.000,29,86.000,1,251.000,9,252.000,30,255.000,29,256.000,20,257.000,20,0,30,
115923661000,250.000,5,243.000,30,242.000,29,241.000,20,240.000,29,237.000,20,251.000,9,252.000,50,255.000,29,256.000,20,257.000,20,0,30,
115923661000,250.000,5,243.000,30,242.000,29,241.000,20,240.000,29,237.000,20,252.000,50,255.000,29,256.000,20,257.000,20,320.000,1,0,30,
115924161000,250.000,5,243.000,30,242.000,29,241.000,20,240.000,29,86.000,1,252.000,30,255.000,29,256.000,20,257.000,20,320.000,1,0,30,
115924161000,250.000,5,243.000,30,242.000,29,241.000,20,240.000,29,236.000,20,251.000,20,252.000,30,255.000,29,256.000,20,257.000,20,0,30,
115924161000,250.000,5,243.000,30,242.000,29,241.000,20,240.000,29,236.000,20,251.000,29,252.000,30,255.000,29,256.000,20,257.000,20,0,30,
115927521000,250.000,5,243.000,30,242.000,29,241.000,20,240.000,29,86.000,1,251.000,9,252.000,30,255.000,29,256.000,20,257.000,20,0,30,
115927521000,250.000,5,243.000,30,242.000,29,241.000,20,240.000,29,237.000,20,251.000,9,252.000,50,255.000,29,256.000,20,257.000,20,0,30,
115927522000,250.000,5,243.000,30,242.000,29,241.000,20,240.000,29,237.000,20,252.000,50,255.000,29,256.000,20,257.000,20,320.000,1,0,30,
115928020000,250.000,5,243.000,30,242.000,29,241.000,20,240.000,29,86.000,1,252.000,30,255.000,29,256.000,20,257.000,20,320.000,1,0,30,
115928020000,250.000,5,243.000,30,242.000,29,241.000,20,240.000,29,236.000,20,251.000,20,252.000,30,255.000,29,256.000,20,257.000,20,0,30,
115928400000,250.000,5,243.000,30,242.000,29,241.000,20,240.000,9,236.000,20,251.000,20,252.000,30,255.000,9,256.000,20,257.000,20,0,30,
115928522000,250.000,5,243.000,30,242.000,29,241.000,20,240.000,9,236.000,20,251.000,29,252.000,30,255.000,9,256.000,20,257.000,20,0,30,
115928770000,250.000,5,243.000,30,242.000,29,241.000,20,240.000,9,86.000,1,251.000,9,252.000,30,255.000,9,256.000,20,257.000,20,0,30,
115928770000,250.000,5,243.000,30,242.000,29,241.000,20,240.000,9,237.000,20,251.000,9,252.000,50,255.000,9,256.000,20,257.000,20,0,30,
115928771000,250.000,5,243.000,30,242.000,29,241.000,20,240.000,9,237.000,20,252.000,50,255.000,9,256.000,20,257.000,20,320.000,1,0,30,
115928869000,250.000,5,243.000,30,242.000,9,241.000,20,240.000,9,237.000,20,252.000,50,255.000,9,256.000,20,320.000,1,400.000,1,0,30,
115928869000,250.000,5,243.000,50,242.000,9,241.000,20,240.000,9,237.000,20,252.000,50,255.000,9,256.000,20,258.000,20,320.000,1,0,30,
115928978000,250.000,5,243.000,50,242.000,9,241.000,40,240.000,9,237.000,20,252.000,50,255.000,9,256.000,40,258.000,20,320.000,1,0,30,
115931252000,250.000,5,243.000,29,242.000,9,241.000,40,240.000,9,237.000,20,252.000,29,255.000,9,256.000,40,258.000,20,320.000,1,0,30,
115931252000,250.000,5,243.000,50,242.000,9,241.000,40,240.000,9,237.000,20,252.000,29,253.000,21,255.000,9,256.000,40,258.000,20,0,30,
115931893000,250.000,5,243.000,50,242.000,9,241.000,40,240.000,9,237.000,20,252.000,29,253.000,21,256.000,40,258.000,20,320.000,1,0,30,
115931893000,250.000,5,243.000,50,242.000,9,241.000,40,237.000,20,86.000,1,252.000,29,253.000,21,256.000,40,258.000,20,320.000,1,0,30,
115931894000,250.000,5,243.000,50,242.000,9,241.000,40,237.000,20,86.000,1,252.000,29,253.000,21,256.000,40,257.000,9,258.000,20,0,30,
115931894000,250.000,5,243.000,50,242.000,18,241.000,40,237.000,20,86.000,1,252.000,29,253.000,21,256.000,40,257.000,9,258.000,20,0,30,
115934256000,250.000,5,243.000,50,242.000,18,241.000,40,86.000,1,84.000,3,252.000,9,253.000,21,256.000,40,257.000,9,258.000,20,0,30,
115934256000,250.000,5,243.000,50,242.000,18,241.000,40,236.000,20,86.000,1,251.000,20,252.000,9,253.000,21,256.000,40,257.000,9,0,30,
115934257000,250.000,5,243.000,50,242.000,18,241.000,40,236.000,20,86.000,1,251.000,20,253.000,21,256.000,40,257.000,9,258.000,20,0,30,
115934618000,250.000,5,243.000,30,242.000,18,241.000,40,236.000,20,86.000,1,251.000,20,253.000,21,256.000,40,257.000,9,320.000,1,0,30,
115934618000,250.000,5,243.000,30,242.000,38,241.000,40,236.000,20,86.000,1,251.000,20,253.000,21,256.000,40,257.000,29,320.000,1,0,30,
115935106000,250.000,5,243.000,30,242.000,38,241.000,40,236.000,20,86.000,1,251.000,29,253.000,21,256.000,40,257.000,29,320.000,1,0,30,
115935185000,250.000,5,243.000,9,242.000,38,241.000,40,236.000,20,86.000,1,251.000,29,256.000,40,257.000,29,320.000,1,400.000,1,0,30,
115935185000,250.000,5,243.000,30,242.000,38,241.000,40,236.000,20,86.000,1,251.000,29,252.000,21,256.000,40,257.000,29,320.000,1,0,30,
115935185000,250.000,5,243.000,21,242.000,38,241.000,40,236.000,20,86.000,1,251.000,29,252.000,21,256.000,40,257.000,29,320.000,1,0,30,
115935186000,250.000,5,243.000,30,242.000,38,241.000,40,236.000,20,86.000,1,251.000,29,252.000,21,256.000,40,257.000,29,320.000,1,0,30,
115949000000,250.000,5,243.000,30,242.000,38,241.000,20,236.000,20,86.000,1,251.000,29,252.000,21,256.000,20,257.000,29,320.000,1,0,30,
115949240000,250.000,5,243.000,30,242.000,38,241.000,20,240.000,20,236.000,20,251.000,29,252.000,21,255.000,20,256.000,20,257.000,29,0,30,
115952926000,250.000,5,243.000,30,242.000,38,241.000,20,240.000,20,86.000,1,251.000,9,252.000,21,255.000,20,256.000,20,257.000,29,0,30,
115952926000,250.000,5,243.000,30,242.000,38,241.000,20,240.000,20,237.000,20,251.000,9,252.000,41,255.000,20,256.000,20,257.000,29,0,30,
115952926000,250.000,5,243.000,30,242.000,38,241.000,20,240.000,20,237.000,20,251.000,9,252.000,50,255.000,20,256.000,20,257.000,29,0,30,
115952927000,250.000,5,243.000,30,242.000,38,241.000,20,240.000,20,237.000,20,252.000,50,255.000,20,256.000,20,257.000,29,320.000,1,0,30,
115953052000,250.000,5,243.000,30,242.000,38,241.000,20,240.000,20,86.000,1,252.000,30,255.000,20,256.000,20,257.000,29,320.000,1,0,30,
115953370000,250.000,5,243.000,30,242.000,18,241.000,20,240.000,20,86.000,1,252.000,30,255.000,20,256.000,20,257.000,9,320.000,1,0,30,
115953370000,250.000,5,243.000,50,242.000,18,241.000,20,240.000,20,86.000,1,252.000,30,255.000,20,256.000,20,257.000,9,258.000,20,0,30,
115953427000,250.000,5,243.000,50,242.000,18,241.000,20,240.000,20,237.000,20,252.000,50,255.000,20,256.000,20,257.000,9,258.000,20,0,30,
115953487000,250.000,5,243.000,29,242.000,18,241.000,20,240.000,20,237.000,20,252.000,29,255.000,20,256.000,20,257.000,9,258.000,20,0,30,
115953487000,250.000,5,243.000,50,242.000,18,241.000,20,240.000,20,237.000,20,252.000,29,253.000,21,255.000,20,256.000,20,257.000,9,0,30,
115953492000,250.000,5,243.000,50,242.000,18,241.000,20,237.000,20,86.000,1,252.000,29,253.000,21,256.000,20,257.000,9,258.000,20,0,30,
115953614000,250.000,5,243.000,50,242.000,18,241.000,40,237.000,20,86.000,1,252.000,29,253.000,21,256.000,40,257.000,9,258.000,20,0,30,
115954488000,250.000,5,243.000,29,242.000,18,241.000,40,237.000,20,86.000,1,252.000,29,256.000,40,257.000,9,258.000,20,320.000,1,0,30,
115954488000,250.000,5,243.000,50,242.000,18,241.000,40,237.000,20,86.000,1,252.000,50,256.000,40,257.000,9,258.000,20,320.000,1,0,30,
115955193000,250.000,5,243.000,29,242.000,18,241.000,40,237.000,20,86.000,1,252.000,29,256.000,40,257.000,9,258.000,20,320.000,1,0,30,
115955193000,250.000,5,243.000,50,242.000,18,241.000,40,237.000,20,86.000,1,252.000,29,253.000,21,256.000,40,257.000,9,258.000,20,0,30,
120001635000,250.000,5,243.000,50,242.000,18,241.000,40,86.000,1,84.000,3,252.000,9,253.000,21,256.000,40,257.000,9,258.000,20,0,30,
120001635000,250.000,5,243.000,50,242.000,18,241.000,40,236.000,20,86.000,1,251.000,20,252.000,9,253.000,21,256.000,40,257.000,9,0,30,
120001637000,250.000,5,243.000,50,242.000,18,241.000,40,236.000,20,86.000,1,251.000,20,253.000,21,256.000,40,257.000,9,258.000,20,0,30,
120001747000,250.000,5,243.000,30,242.000,18,241.000,40,236.000,20,86.000,1,251.000,20,253.000,21,256.000,40,257.000,9,320.000,1,0,30,
120001747000,250.000,5,243.000,30,242.000,38,241.000,40,236.000,20,86.000,1,251.000,20,253.000,21,256.000,40,257.000,29,320.000,1,0,30,
120001769000,250.000,5,243.000,9,242.000,38,241.000,40,236.000,20,86.000,1,251.000,20,256.000,40,257.000,29,320.000,1,400.000,1,0,30,
120001769000,250.000,5,243.000,30,242.000,38,241.000,40,236.000,20,86.000,1,251.000,20,252.000,21,256.000,40,257.000,29,320.000,1,0,30,
120001770000,250.000,5,243.000,21,242.000,38,241.000,40,236.000,20,86.000,1,251.000,20,252.000,21,256.000,40,257.000,29,320.000,1,0,30,
120003106000,250.000,5,243.000,21,242.000,38,241.000,40,236.000,20,86.000,1,251.000,29,252.000,21,256.000,40,257.000,29,320.000,1,0,30,
120003106000,250.000,5,243.000,30,242.000,38,241.000,40,236.000,20,86.000,1,251.000,29,252.000,21,256.000,40,257.000,29,320.000,1,0,30,
120003381000,250.000,5,243.000,30,242.000,38,241.000,40,236.000,20,86.000,1,251.000,29,252.000,21,256.000,40,257.000,20,320.000,1,0,30,
120003384000,250.000,5,243.000,30,242.000,38,241.000,20,236.000,20,86.000,1,251.000,29,252.000,21,256.000,20,257.000,20,320.000,1,0,30,
120003384000,250.000,5,243.000,30,242.000,38,241.000,20,236.000,20,86.000,1,251.000,29,252.000,21,255.000,9,256.000,20,257.000,20,0,30,
120003384000,250.000,5,243.000,30,242.000,29,241.000,20,236.000,20,86.000,1,251.000,29,252.000,21,255.000,9,256.000,20,257.000,20,0,30,
120003386000,250.000,5,243.000,30,242.000,29,241.000,20,240.000,9,236.000,20,251.000,29,252.000,21,255.000,9,256.000,20,257.000,20,0,30,
120003505000,250.000,5,243.000,30,242.000,29,241.000,20,240.000,9,239.000,20,251.000,29,252.000,21,254.000,20,255.000,9,256.000,20,0,30,
120004244000,250.000,5,243.000,30,242.000,29,241.000,20,240.000,9,239.000,20,251.000,9,252.000,21,254.000,20,255.000,9,256.000,20,0,30,
120004244000,250.000,5,243.000,30,242.000,29,241.000,20,240.000,9,239.000,20,251.000,9,252.000,41,254.000,20,255.000,9,256.000,20,0,30,
120004244000,250.000,5,243.000,30,242.000,29,241.000,20,240.000,9,239.000,20,251.000,9,252.000,50,254.000,20,255.000,9,256.000,20,0,30,
120004244000,250.000,5,243.000,30,242.000,29,241.000,20,240.000,9,239.000,20,252.000,50,254.000,20,255.000,9,256.000,20,257.000,20,0,30,
120004368000,250.000,5,243.000,30,242.000,29,241.000,20,240.000,9,239.000,20,252.000,30,254.000,20,255.000,9,256.000,20,257.000,20,0,30,
120004743000,250.000,5,243.000,30,242.000,29,241.000,20,240.000,9,239.000,20,251.000,20,252.000,30,254.000,20,255.000,9,256.000,20,0,30,
120004744000,250.000,5,243.000,30,242.000,29,241.000,20,240.000,9,239.000,20,251.000,29,252.000,30,254.000,20,255.000,9,256.000,20,0,30,
120005119000,250.000,5,243.000,30,242.000,29,241.000,20,240.000,9,239.000,20,251.000,9,252.000,30,254.000,20,255.000,9,256.000,20,0,30,
120005119000,250.000,5,243.000,30,242.000,29,241.000,20,240.000,9,239.000,20,252.000,30,254.000,20,255.000,9,256.000,20,257.000,20,0,30,
120005244000,250.000,5,243.000,30,242.000,29,241.000,20,240.000,9,239.000,20,251.000,20,252.000,30,254.000,20,255.000,9,256.000,20,0,30,
120005800000,250.000,5,243.000,30,242.000,29,241.000,20,240.000,9,239.000,20,251.000,29,252.000,30,254.000,20,255.000,9,256.000,20,0,30,
120007163000,250.000,5,243.000,30,242.000,29,240.000,9,239.000,20,236.000,20,251.000,29,252.000,30,254.000,20,255.000,9,257.000,20,0,30,
120007276000,250.000,5,243.000,30,242.000,29,240.000,9,239.000,20,86.000,1,251.000,9,252.000,30,254.000,20,255.000,9,257.000,20,0,30,
120007276000,250.000,5,243.000,30,242.000,29,240.000,9,239.000,20,235.000,20,250.000,20,251.000,9,252.000,30,254.000,20,255.000,9,0,30,
120007276000,250.000,5,243.000,30,242.000,29,240.000,9,239.000,20,235.000,20,250.000,20,252.000,30,254.000,20,255.000,9,257.000,20,0,30,
120007276000,250.000,5,243.000,30,242.000,29,240.000,9,239.000,20,235.000,20,250.000,29,252.000,30,254.000,20,255.000,9,257.000,20,0,30,
120007405000,250.000,5,243.000,30,242.000,29,240.000,29,239.000,20,235.000,20,250.000,29,252.000,30,254.000,20,255.000,29,257.000,20,0,30,
120007995000,250.000,5,243.000,30,242.000,29,240.000,29,239.000,20,86.000,1,250.000,9,252.000,30,254.000,20,255.000,29,257.000,20,0,30,
120007995000,250.000,5,243.000,30,242.000,29,240.000,29,239.000,20,86.000,1,252.000,30,254.000,20,255.000,29,257.000,20,320.000,1,0,30,
120008277000,250.000,5,243.000,30,242.000,29,240.000,29,239.000,20,235.000,20,250.000,20,252.000,30,254.000,20,255.000,29,257.000,20,0,30,
120008277000,250.000,5,243.000,30,242.000,29,240.000,29,239.000,20,235.000,20,250.000,29,252.000,30,254.000,20,255.000,29,257.000,20,0,30,
120009003000,250.000,5,243.000,30,242.000,29,240.000,29,239.000,20,86.000,1,250.000,9,252.000,30,254.000,20,255.000,29,257.000,20,0,30,
120009003000,250.000,5,243.000,30,242.000,29,240.000,29,239.000,20,236.000,20,250.000,9,251.000,20,252.000,30,254.000,20,255.000,29,0,30,
120009003000,250.000,5,243.000,30,242.000,29,240.000,29,239.000,20,236.000,20,251.000,20,252.000,30,254.000,20,255.000,29,257.000,20,0,30,
120009004000,250.000,5,243.000,30,242.000,29,240.000,29,239.000,20,236.000,20,251.000,29,252.000,30,254.000,20,255.000,29,257.000,20,0,30,
120009766000,250.000,5,243.000,30,242.000,29,240.000,29,239.000,20,86.000,1,251.000,9,252.000,30,254.000,20,255.000,29,257.000,20,0,30,
120009766000,250.000,5,243.000,30,242.000,29,240.000,29,239.000,20,235.000,20,250.000,20,251.000,9,252.000,30,254.000,20,255.000,29,0,30,
120009766000,250.000,5,243.000,30,242.000,29,240.000,29,239.000,20,235.000,20,250.000,20,252.000,30,254.000,20,255.000,29,257.000,20,0,30,
120009766000,250.000,5,243.000,30,242.000,29,240.000,29,239.000,20,235.000,20,250.000,29,252.000,30,254.000,20,255.000,29,257.000,20,0,30,
120011747000,250.000,5,243.000,30,242.000,29,240.000,29,239.000,20,86.000,1,250.000,9,252.000,30,254.000,20,255.000,29,257.000,20,0,30,
120011747000,250.000,5,243.000,30,242.000,29,240.000,29,239.000,20,236.000,20,250.000,9,251.000,20,252.000,30,254.000,20,255.000,29,0,30,
120011747000,250.000,5,243.000,30,242.000,29,240.000,29,239.000,20,236.000,20,251.000,20,252.000,30,254.000,20,255.000,29,257.000,20,0,30,
120011748000,250.000,5,243.000,30,242.000,29,240.000,29,239.000,20,236.000,20,251.000,29,252.000,30,254.000,20,255.000,29,257.000,20,0,30,
120027500000,250.000,5,243.000,30,242.000,29,240.000,9,239.000,20,236.000,20,251.000,29,252.000,30,254.000,20,255.000,9,257.000,20,0,30,
120027725000,250.000,5,243.000,30,242.000,29,241.000,20,240.000,9,239.000,20,251.000,29,252.000,30,254.000,20,255.000,9,256.000,20,0,30,
120035119000,250.000,5,243.000,30,242.000,9,241.000,20,240.000,9,239.000,20,251.000,29,252.000,30,254.000,20,255.000,9,256.000,20,0,30,
120035119000,250.000,5,243.000,50,242.000,9,241.000,20,240.000,9,239.000,20,251.000,29,252.000,30,254.000,20,255.000,9,256.000,20,0,30,
120035158000,250.000,5,243.000,50,242.000,9,241.000,20,240.000,9,236.000,20,251.000,29,252.000,30,255.000,9,256.000,20,258.000,20,0,30,
120035159000,250.000,5,243.000,50,242.000,9,241.000,40,240.000,9,236.000,20,251.000,29,252.000,30,255.000,9,256.000,40,258.000,20,0,30,
120035160000,250.000,5,243.000,50,242.000,9,241.000,40,240.000,9,86.000,1,251.000,9,252.000,30,255.000,9,256.000,40,258.000,20,0,30,
120035160000,250.000,5,243.000,50,242.000,9,241.000,40,240.000,9,237.000,20,251.000,9,252.000,50,255.000,9,256.000,40,258.000,20,0,30,
120035161000,250.000,5,243.000,50,242.000,9,241.000,40,240.000,9,237.000,20,252.000,50,255.000,9,256.000,40,258.000,20,320.000,1,0,30,
120035211000,250.000,5,243.000,29,242.000,9,241.000,40,240.000,9,237.000,20,252.000,29,255.000,9,256.000,40,258.000,20,320.000,1,0,30,
120035211000,250.000,5,243.000,50,242.000,9,241.000,40,240.000,9,237.000,20,252.000,29,253.000,21,255.000,9,256.000,40,258.000,20,0,30,
120038286000,250.000,5,243.000,50,242.000,9,241.000,40,240.000,9,86.000,1,252.000,9,253.000,21,255.000,9,256.000,40,258.000,20,0,30,
120038286000,250.000,5,243.000,50,242.000,9,241.000,40,240.000,9,236.000,20,251.000,20,252.000,9,253.000,21,255.000,9,256.000,40,0,30,
120038286000,250.000,5,243.000,50,242.000,9,241.000,40,240.000,9,236.000,20,251.000,20,253.000,21,255.000,9,256.000,40,258.000,20,0,30,
120038410000,250.000,5,243.000,50,242.000,9,241.000,40,240.000,9,86.000,1,253.000,21,255.000,9,256.000,40,258.000,20,320.000,1,0,30,
120038777000,250.000,5,243.000,50,242.000,9,241.000,40,240.000,9,86.000,1,253.000,30,255.000,9,256.000,40,258.000,20,320.000,1,0,30,
120038897000,250.000,5,243.000,50,242.000,9,241.000,40,240.000,9,237.000,20,252.000,20,253.000,30,255.000,9,256.000,40,258.000,20,0,30,
120038897000,250.000,5,243.000,50,242.000,9,241.000,40,240.000,9,237.000,20,252.000,29,253.000,30,255.000,9,256.000,40,258.000,20,0,30,
120039897000,250.000,5,243.000,50,242.000,9,241.000,40,240.000,9,86.000,1,252.000,9,253.000,30,255.000,9,256.000,40,258.000,20,0,30,
120039897000,250.000,5,243.000,50,242.000,9,241.000,40,240.000,9,236.000,20,251.000,20,252.000,9,253.000,30,255.000,9,256.000,40,0,30,
120039897000,250.000,5,243.000,50,242.000,9,241.000,40,240.000,9,236.000,20,251.000,20,253.000,30,255.000,9,256.000,40,258.000,20,0,30,
120039897000,250.000,5,243.000,50,242.000,9,241.000,40,240.000,9,236.000,20,251.000,29,253.000,30,255.000,9,256.000,40,258.000,20,0,30,
120040021000,250.000,5,243.000,50,242.000,9,241.000,40,240.000,9,86.000,1,251.000,9,253.000,30,255.000,9,256.000,40,258.000,20,0,30,
120040021000,250.000,5,243.000,50,242.000,9,241.000,40,240.000,9,86.000,1,253.000,30,255.000,9,256.000,40,258.000,20,320.000,1,0,30,
120040396000,250.000,5,243.000,50,242.000,9,241.000,40,240.000,9,236.000,20,251.000,20,253.000,30,255.000,9,256.000,40,258.000,20,0,30,
120040396000,250.000,5,243.000,50,242.000,9,241.000,40,240.000,9,236.000,20,251.000,29,253.000,30,255.000,9,256.000,40,258.000,20,0,30,
120040646000,250.000,5,243.000,50,242.000,9,241.000,40,240.000,9,86.000,1,251.000,9,253.000,30,255.000,9,256.000,40,258.000,20,0,30,
120040646000,250.000,5,243.000,50,242.000,9,241.000,40,240.000,9,86.000,1,253.000,30,255.000,9,256.000,40,258.000,20,320.000,1,0,30,
120040896000,250.000,5,243.000,50,242.000,9,241.000,40,240.000,9,237.000,20,252.000,20,253.000,30,255.000,9,256.000,40,258.000,20,0,30,
120040896000,250.000,5,243.000,50,242.000,9,241.000,40,240.000,9,237.000,20,252.000,29,253.000,30,255.000,9,256.000,40,258.000,20,0,30,
120041213000,250.000,5,243.000,29,242.000,9,241.000,40,240.000,9,237.000,20,252.000,29,253.000,9,255.000,9,256.000,40,258.000,20,0,30,
120041213000,250.000,5,243.000,50,242.000,9,241.000,40,240.000,9,237.000,20,252.000,50,253.000,9,255.000,9,256.000,40,258.000,20,0,30,
120044304000,250.000,5,243.000,50,242.000,9,241.000,20,240.000,9,237.000,20,252.000,50,253.000,9,255.000,9,256.000,20,258.000,20,0,30,
120044369000,250.000,5,243.000,30,242.000,9,241.000,20,240.000,9,237.000,20,252.000,50,253.000,9,255.000,9,256.000,20,320.000,1,0,30,
120044369000,250.000,5,244.000,20,243.000,30,242.000,9,241.000,20,240.000,9,252.000,50,253.000,9,255.000,9,256.000,20,259.000,20,0,30,
120044369000,250.000,5,244.000,29,243.000,30,242.000,9,241.000,20,240.000,9,252.000,50,253.000,9,255.000,9,256.000,20,259.000,20,0,30,
120044420000,250.000,5,244.000,29,243.000,30,242.000,9,241.000,40,240.000,9,252.000,50,253.000,9,255.000,9,256.000,40,259.000,20,0,30,
120044505000,250.000,5,244.000,29,243.000,30,241.000,40,240.000,9,237.000,20,252.000,50,253.000,9,255.000,9,256.000,40,259.000,20,0,30,
120044509000,250.000,5,244.000,29,243.000,9,241.000,40,240.000,9,237.000,20,252.000,29,253.000,9,255.000,9,256.000,40,259.000,20,0,30,
120044509000,250.000,5,245.000,21,244.000,29,243.000,9,241.000,40,240.000,9,252.000,29,253.000,30,255.000,9,256.000,40,259.000,20,0,30,
120044509000,250.000,5,245.000,30,244.000,29,243.000,9,241.000,40,240.000,9,252.000,29,253.000,30,255.000,9,256.000,40,259.000,20,0,30,
120045006000,250.000,5,245.000,30,244.000,29,241.000,40,240.000,9,237.000,20,252.000,29,253.000,30,255.000,9,256.000,40,259.000,20,0,30,
120050118000,250.000,5,245.000,30,244.000,9,241.000,40,240.000,9,237.000,20,252.000,29,253.000,30,255.000,9,256.000,40,320.000,1,0,30,
120050118000,250.000,5,245.000,30,244.000,9,243.000,20,241.000,40,240.000,9,252.000,29,253.000,30,255.000,9,256.000,40,258.000,20,0,30,
120050368000,250.000,5,245.000,30,244.000,9,241.000,40,240.000,9,237.000,20,252.000,29,253.000,30,255.000,9,256.000,40,320.000,1,0,30,
120050368000,250.000,5,245.000,30,244.000,29,241.000,40,240.000,9,237.000,20,252.000,29,253.000,30,255.000,9,256.000,40,259.000,20,0,30,
120102170000,250.000,5,245.000,30,244.000,29,241.000,40,240.000,9,86.000,1,252.000,9,253.000,30,255.000,9,256.000,40,259.000,20,0,30,
120102170000,250.000,5,245.000,30,244.000,29,241.000,40,240.000,9,236.000,20,251.000,20,252.000,9,253.000,30,255.000,9,256.000,40,0,30,
120102170000,250.000,5,245.000,30,244.000,29,241.000,40,240.000,9,236.000,20,251.000,20,253.000,30,255.000,9,256.000,40,259.000,20,0,30,
120102276000,250.000,5,245.000,30,244.000,29,241.000,40,240.000,9,86.000,1,253.000,30,255.000,9,256.000,40,259.000,20,320.000,1,0,30,
120102786000,250.000,5,245.000,30,244.000,29,241.000,40,240.000,9,237.000,20,252.000,20,253.000,30,255.000,9,256.000,40,259.000,20,0,30,
120103106000,250.000,5,245.000,30,244.000,29,241.000,40,240.000,9,237.000,20,252.000,29,253.000,30,255.000,9,256.000,40,259.000,20,0,30,
120103696000,250.000,5,245.000,30,244.000,29,241.000,40,237.000,20,86.000,1,252.000,29,253.000,30,255.000,9,256.000,40,259.000,20,0,30,
120103699000,250.000,5,245.000,30,244.000,29,241.000,40,237.000,20,86.000,1,252.000,29,253.000,30,256.000,40,259.000,20,320.000,1,0,30,
120103700000,250.000,5,245.000,30,244.000,29,241.000,40,86.000,1,84.000,3,252.000,9,253.000,30,256.000,40,259.000,20,320.000,1,0,30,
120103700000,250.000,5,245.000,30,244.000,29,241.000,40,238.000,20,86.000,1,252.000,9,253.000,50,256.000,40,259.000,20,320.000,1,0,30,
120103702000,250.000,5,245.000,9,244.000,29,241.000,40,238.000,20,86.000,1,252.000,9,253.000,29,256.000,40,259.000,20,320.000,1,0,30,
120103702000,250.000,5,245.000,30,244.000,29,241.000,40,238.000,20,86.000,1,252.000,9,253.000,29,254.000,21,256.000,40,259.000,20,0,30,
120103703000,250.000,5,245.000,30,244.000,29,243.000,9,241.000,40,238.000,20,252.000,9,253.000,29,254.000,21,256.000,40,259.000,20,0,30,
120103704000,250.000,5,245.000,30,244.000,29,243.000,9,241.000,40,238.000,20,253.000,29,254.000,21,256.000,40,259.000,20,320.000,1,0,30,
120103705000,250.000,5,245.000,21,244.000,29,243.000,9,241.000,40,238.000,20,253.000,29,254.000,21,256.000,40,259.000,20,320.000,1,0,30,
120103705000,250.000,5,245.000,30,244.000,29,243.000,9,241.000,40,238.000,20,253.000,29,254.000,21,256.000,40,259.000,20,320.000,1,0,30,
120103744000,250.000,5,245.000,30,244.000,9,243.000,9,241.000,40,238.000,20,253.000,29,254.000,21,256.000,40,320.000,1,400.000,1,0,30,
120103744000,250.000,5,245.000,50,244.000,9,243.000,9,241.000,40,238.000,20,253.000,29,254.000,21,256.000,40,260.000,20,320.000,1,0,30,
120103810000,250.000,5,245.000,50,244.000,9,243.000,9,241.000,40,238.000,20,253.000,29,254.000,21,256.000,40,258.000,9,260.000,20,0,30,
120104500000,250.000,5,245.000,50,244.000,9,243.000,9,241.000,20,238.000,20,253.000,29,254.000,21,256.000,20,258.000,9,260.000,20,0,30,
120106994000,250.000,5,245.000,30,244.000,9,243.000,9,241.000,20,238.000,20,253.000,29,254.000,21,256.000,20,258.000,9,320.000,1,0,30,
120106994000,250.000,5,246.000,20,245.000,30,244.000,9,243.000,9,241.000,20,253.000,29,254.000,21,256.000,20,258.000,9,261.000,20,0,30,
120106994000,250.000,5,246.000,29,245.000,30,244.000,9,243.000,9,241.000,20,253.000,29,254.000,21,256.000,20,258.000,9,261.000,20,0,30,
120107006000,250.000,5,246.000,29,245.000,30,244.000,9,243.000,9,238.000,20,253.000,29,254.000,21,258.000,9,261.000,20,320.000,1,0,30,
120107006000,250.000,5,246.000,29,245.000,30,244.000,9,243.000,29,238.000,20,253.000,29,254.000,21,258.000,29,261.000,20,320.000,1,0,30,
120107006000,250.000,5,246.000,29,245.000,30,243.000,29,238.000,20,86.000,1,253.000,29,254.000,21,258.000,29,261.000,20,320.000,1,0,30,
120107014000,250.000,5,246.000,29,245.000,30,243.000,29,86.000,1,84.000,3,253.000,9,254.000,21,258.000,29,261.000,20,320.000,1,0,30,
120107014000,250.000,5,246.000,29,245.000,30,243.000,29,239.000,20,86.000,1,253.000,9,254.000,41,258.000,29,261.000,20,320.000,1,0,30,
120107014000,250.000,5,246.000,29,245.000,30,243.000,29,239.000,20,86.000,1,253.000,9,254.000,50,258.000,29,261.000,20,320.000,1,0,30,
120107014000,250.000,5,246.000,29,245.000,30,243.000,29,239.000,20,86.000,1,254.000,50,258.000,29,261.000,20,320.000,1,400.000,1,0,30,
120107103000,250.000,5,246.000,29,245.000,30,243.000,49,239.000,20,86.000,1,254.000,50,258.000,49,261.000,20,320.000,1,400.000,1,0,30,
120107121000,250.000,5,246.000,29,245.000,9,243.000,49,239.000,20,86.000,1,254.000,29,258.000,49,261.000,20,320.000,1,400.000,1,0,30,
120107121000,250.000,5,247.000,21,246.000,29,245.000,9,243.000,49,239.000,20,254.000,29,255.000,21,258.000,49,261.000,20,320.000,1,0,30,
120107122000,250.000,5,247.000,30,246.000,29,245.000,9,243.000,49,239.000,20,254.000,29,255.000,21,258.000,49,261.000,20,320.000,1,0,30,
120107376000,250.000,5,247.000,30,246.000,29,245.000,9,243.000,49,86.000,1,254.000,9,255.000,21,258.000,49,261.000,20,320.000,1,0,30,
120107376000,250.000,5,247.000,30,246.000,29,245.000,9,243.000,49,86.000,1,255.000,21,258.000,49,261.000,20,320.000,1,400.000,1,0,30,
120107376000,250.000,5,247.000,30,246.000,29,245.000,9,243.000,49,86.000,1,255.000,30,258.000,49,261.000,20,320.000,1,400.000,1,0,30,
120107506000,250.000,5,247.000,30,246.000,29,243.000,49,86.000,1,84.000,3,255.000,30,258.000,49,261.000,20,320.000,1,400.000,1,0,30,
120107626000,250.000,5,247.000,30,246.000,29,243.000,49,238.000,20,86.000,1,253.000,20,255.000,30,258.000,49,261.000,20,320.000,1,0,30,
120107627000,250.000,5,247.000,30,246.000,29,243.000,49,238.000,20,86.000,1,253.000,29,255.000,30,258.000,49,261.000,20,320.000,1,0,30,
120107746000,250.000,5,247.000,30,246.000,9,243.000,49,238.000,20,86.000,1,253.000,29,255.000,30,258.000,49,320.000,1,400.000,1,0,30,
120107746000,250.000,5,247.000,30,246.000,9,245.000,20,243.000,49,238.000,20,253.000,29,255.000,30,258.000,49,260.000,20,320.000,1,0,30,
120109367000,250.000,5,247.000,30,246.000,9,245.000,20,243.000,49,86.000,1,253.000,9,255.000,30,258.000,49,260.000,20,320.000,1,0,30,
120109367000,250.000,5,247.000,30,246.000,9,245.000,20,243.000,49,239.000,20,253.000,9,254.000,20,255.000,30,258.000,49,260.000,20,0,30,
120109367000,250.000,5,247.000,30,246.000,9,245.000,20,243.000,49,239.000,20,254.000,20,255.000,30,258.000,49,260.000,20,320.000,1,0,30,
120109367000,250.000,5,247.000,30,246.000,9,245.000,20,243.000,49,239.000,20,254.000,29,255.000,30,258.000,49,260.000,20,320.000,1,0,30,
120109369000,250.000,5,247.000,30,246.000,9,243.000,49,239.000,20,86.000,1,254.000,29,255.000,30,258.000,49,320.000,1,400.000,1,0,30,
120109369000,250.000,5,247.000,30,246.000,29,243.000,49,239.000,20,86.000,1,254.000,29,255.000,30,258.000,49,261.000,20,320.000,1,0,30,
120110991000,250.000,5,247.000,30,246.000,29,243.000,49,86.000,1,84.000,3,254.000,9,255.000,30,258.000,49,261.000,20,320.000,1,0,30,
120110991000,250.000,5,247.000,30,246.000,29,243.000,49,240.000,20,86.000,1,254.000,9,255.000,50,258.000,49,261.000,20,320.000,1,0,30,
120110991000,250.000,5,247.000,30,246.000,29,243.000,49,240.000,20,86.000,1,255.000,50,258.000,49,261.000,20,320.000,1,400.000,1,0,30,
120111240000,250.000,5,247.000,30,246.000,9,243.000,49,240.000,20,86.000,1,255.000,50,258.000,49,320.000,1,400.000,1,414.000,1,0,30,
120111240000,250.000,5,247.000,50,246.000,9,243.000,49,240.000,20,86.000,1,255.000,50,258.000,49,262.000,20,320.000,1,400.000,1,0,30,
120111367000,250.000,5,247.000,29,246.000,9,243.000,49,240.000,20,86.000,1,255.000,29,258.000,49,262.000,20,320.000,1,400.000,1,0,30,
120111367000,250.000,5,247.000,50,246.000,9,243.000,49,240.000,20,86.000,1,255.000,29,256.000,21,258.000,49,262.000,20,320.000,1,0,30,
120111857000,250.000,5,247.000,50,246.000,9,243.000,49,86.000,1,84.000,3,255.000,9,256.000,21,258.000,49,262.000,20,320.000,1,0,30,
120111857000,250.000,5,247.000,50,246.000,9,243.000,49,239.000,20,86.000,1,254.000,20,255.000,9,256.000,21,258.000,49,262.000,20,0,30,
120111857000,250.000,5,247.000,50,246.000,9,243.000,49,239.000,20,86.000,1,254.000,20,255.000,9,256.000,30,258.000,49,262.000,20,0,30,
120111857000,250.000,5,247.000,50,246.000,9,243.000,49,239.000,20,86.000,1,254.000,29,255.000,9,256.000,30,258.000,49,262.000,20,0,30,
120111857000,250.000,5,247.000,50,246.000,9,243.000,49,239.000,20,86.000,1,254.000,29,256.000,30,258.000,49,262.000,20,320.000,1,0,30,
120111982000,250.000,5,247.000,50,246.000,9,243.000,49,86.000,1,84.000,3,254.000,9,256.000,30,258.000,49,262.000,20,320.000,1,0,30,
120111982000,250.000,5,247.000,50,246.000,9,243.000,49,86.000,1,84.000,3,256.000,30,258.000,49,262.000,20,320.000,1,400.000,1,0,30,
120112179000,250.000,5,247.000,30,246.000,9,243.000,49,86.000,1,84.000,3,256.000,30,258.000,49,320.000,1,400.000,1,414.000,1,0,30,
120112180000,250.000,5,247.000,30,246.000,29,243.000,49,86.000,1,84.000,3,256.000,30,258.000,49,261.000,20,320.000,1,400.000,1,0,30,
120112370000,250.000,5,247.000,30,246.000,29,243.000,49,239.000,20,86.000,1,254.000,20,256.000,30,258.000,49,261.000,20,320.000,1,0,30,
120112502000,250.000,5,247.000,30,246.000,29,243.000,49,239.000,20,86.000,1,254.000,29,256.000,30,258.000,49,261.000,20,320.000,1,0,30,
120112619000,250.000,5,247.000,30,246.000,29,243.000,49,86.000,1,84.000,3,254.000,9,256.000,30,258.000,49,261.000,20,320.000,1,0,30,
120112620000,250.000,5,247.000,30,246.000,29,243.000,49,86.000,1,84.000,3,256.000,30,258.000,49,261.000,20,320.000,1,400.000,1,0,30,
120112988000,250.000,5,247.000,30,246.000,29,243.000,49,239.000,20,86.000,1,254.000,20,256.000,30,258.000,49,261.000,20,320.000,1,0,30,
120112988000,250.000,5,247.000,30,246.000,29,243.000,49,239.000,20,86.000,1,254.000,29,256.000,30,258.000,49,261.000,20,320.000,1,0,30,
120115221000,250.000,5,247.000,30,246.000,29,243.000,49,86.000,1,84.000,3,254.000,9,256.000,30,258.000,49,261.000,20,320.000,1,0,30,
120115221000,250.000,5,247.000,30,246.000,29,243.000,49,240.000,20,86.000,1,254.000,9,255.000,20,256.000,30,258.000,49,261.000,20,0,30,
120115221000,250.000,5,247.000,30,246.000,29,243.000,49,240.000,20,86.000,1,255.000,20,256.000,30,258.000,49,261.000,20,320.000,1,0,30,
120115221000,250.000,5,247.000,30,246.000,29,243.000,49,240.000,20,86.000,1,255.000,29,256.000,30,258.000,49,261.000,20,320.000,1,0,30,
120117128000,250.000,5,247.000,9,246.000,29,243.000,49,240.000,20,86.000,1,255.000,29,256.000,9,258.000,49,261.000,20,320.000,1,0,30,
120117128000,250.000,5,247.000,30,246.000,29,243.000,49,240.000,20,86.000,1,255.000,50,256.000,9,258.000,49,261.000,20,320.000,1,0,30,
120117129000,250.000,5,247.000,21,246.000,29,243.000,49,240.000,20,86.000,1,255.000,50,256.000,9,258.000,49,261.000,20,320.000,1,0,30,
120117150000,250.000,5,247.000,30,246.000,29,243.000,49,240.000,20,86.000,1,255.000,50,256.000,9,258.000,49,261.000,20,320.000,1,0,30,
120117173000,250.000,5,247.000,30,246.000,29,243.000,49,86.000,1,84.000,3,255.000,30,256.000,9,258.000,49,261.000,20,320.000,1,0,30,
120117682000,250.000,5,247.000,30,246.000,29,243.000,49,239.000,20,86.000,1,254.000,20,255.000,30,256.000,9,258.000,49,261.000,20,0,30,
120117683000,250.000,5,247.000,30,246.000,29,243.000,49,239.000,20,86.000,1,254.000,29,255.000,30,256.000,9,258.000,49,261.000,20,0,30,
120118006000,250.000,5,247.000,30,246.000,29,243.000,49,239.000,20,86.000,1,254.000,29,255.000,30,258.000,49,261.000,20,320.000,1,0,30,
120120787000,250.000,5,247.000,30,246.000,29,243.000,49,86.000,1,84.000,3,254.000,9,255.000,30,258.000,49,261.000,20,320.000,1,0,30,
120120787000,250.000,5,247.000,30,246.000,29,243.000,49,240.000,20,86.000,1,254.000,9,255.000,50,258.000,49,261.000,20,320.000,1,0,30,
120120788000,250.000,5,247.000,30,246.000,29,243.000,49,240.000,20,86.000,1,255.000,50,258.000,49,261.000,20,320.000,1,400.000,1,0,30,
120121519000,250.000,5,247.000,30,246.000,29,243.000,49,86.000,1,84.000,3,255.000,30,258.000,49,261.000,20,320.000,1,400.000,1,0,30,
120121519000,250.000,5,247.000,30,246.000,29,243.000,49,239.000,20,86.000,1,254.000,20,255.000,30,258.000,49,261.000,20,320.000,1,0,30,
120121945000,250.000,5,247.000,30,246.000,29,243.000,49,239.000,20,86.000,1,254.000,29,255.000,30,258.000,49,261.000,20,320.000,1,0,30,
120122266000,250.000,5,247.000,30,246.000,29,243.000,49,86.000,1,84.000,3,254.000,9,255.000,30,258.000,49,261.000,20,320.000,1,0,30,
120122266000,250.000,5,247.000,30,246.000,29,243.000,49,240.000,20,86.000,1,254.000,9,255.000,50,258.000,49,261.000,20,320.000,1,0,30,
120122266000,250.000,5,247.000,30,246.000,29,243.000,49,240.000,20,86.000,1,255.000,50,258.000,49,261.000,20,320.000,1,400.000,1,0,30,
120122830000,250.000,5,247.000,30,246.000,29,243.000,49,86.000,1,84.000,3,255.000,30,258.000,49,261.000,20,320.000,1,400.000,1,0,30,
120122830000,250.000,5,247.000,30,246.000,29,243.000,49,239.000,20,86.000,1,254.000,20,255.000,30,258.000,49,261.000,20,320.000,1,0,30,
120122831000,250.000,5,247.000,30,246.000,29,243.000,49,239.000,20,86.000,1,254.000,29,255.000,30,258.000,49,261.000,20,320.000,1,0,30,
120127200000,250.000,5,247.000,30,246.000,29,243.000,29,239.000,20,86.000,1,254.000,29,255.000,30,258.000,29,261.000,20,320.000,1,0,30,
120127315000,250.000,5,247.000,30,246.000,29,243.000,49,239.000,20,86.000,1,254.000,29,255.000,30,258.000,49,261.000,20,320.000,1,0,30,
120130618000,250.000,5,247.000,30,246.000,9,243.000,49,239.000,20,86.000,1,254.000,29,255.000,30,258.000,49,320.000,1,400.000,1,0,30,
120130618000,250.000,5,247.000,30,246.000,9,245.000,20,243.000,49,239.000,20,254.000,29,255.000,30,258.000,49,260.000,20,320.000,1,0,30,
120134436000,250.000,5,247.000,30,246.000,9,245.000,20,243.000,29,239.000,20,254.000,29,255.000,30,258.000,29,260.000,20,320.000,1,0,30,
120134668000,250.000,5,247.000,30,246.000,9,245.000,20,243.000,29,242.000,20,254.000,29,255.000,30,257.000,20,258.000,29,260.000,20,0,30,
120135258000,250.000,5,247.000,9,246.000,9,245.000,20,243.000,29,242.000,20,254.000,29,255.000,9,257.000,20,258.000,29,260.000,20,0,30,
120135258000,250.000,5,247.000,9,246.000,30,245.000,20,243.000,29,242.000,20,254.000,50,255.000,9,257.000,20,258.000,29,260.000,20,0,30,
120135259000,250.000,5,246.000,30,245.000,20,243.000,29,242.000,20,239.000,20,254.000,50,255.000,9,257.000,20,258.000,29,260.000,20,0,30,
120135288000,250.000,5,246.000,30,245.000,20,243.000,29,242.000,20,86.000,1,254.000,30,255.000,9,257.000,20,258.000,29,260.000,20,0,30,
120135288000,250.000,5,246.000,30,245.000,20,243.000,29,242.000,20,238.000,20,253.000,20,254.000,30,255.000,9,257.000,20,258.000,29,0,30,
120135288000,250.000,5,246.000,30,245.000,20,243.000,29,242.000,20,238.000,20,253.000,29,254.000,30,255.000,9,257.000,20,258.000,29,0,30,
120135369000,250.000,5,246.000,30,243.000,29,242.000,20,238.000,20,86.000,1,253.000,29,254.000,30,255.000,9,257.000,20,258.000,29,0,30,
120135369000,250.000,5,246.000,30,244.000,20,243.000,29,242.000,20,238.000,20,253.000,29,254.000,30,255.000,9,257.000,20,258.000,29,0,30,
120135506000,250.000,5,246.000,30,244.000,20,243.000,29,242.000,20,238.000,20,253.000,29,254.000,30,257.000,20,258.000,29,259.000,20,0,30,
120140243000,250.000,5,246.000,30,243.000,29,242.000,20,238.000,20,86.000,1,253.000,29,254.000,30,257.000,20,258.000,29,320.000,1,0,30,
120140243000,250.000,5,246.000,30,245.000,20,243.000,29,242.000,20,238.000,20,253.000,29,254.000,30,257.000,20,258.000,29,260.000,20,0,30,
120140272000,250.000,5,246.000,30,245.000,20,243.000,29,242.000,20,86.000,1,253.000,9,254.000,30,257.000,20,258.000,29,260.000,20,0,30,
120140272000,250.000,5,246.000,30,245.000,20,243.000,29,242.000,20,239.000,20,253.000,9,254.000,50,257.000,20,258.000,29,260.000,20,0,30,
120140273000,250.000,5,246.000,30,245.000,20,243.000,29,242.000,20,239.000,20,254.000,50,257.000,20,258.000,29,260.000,20,320.000,1,0,30,
120141119000,250.000,5,246.000,30,243.000,29,242.000,20,239.000,20,86.000,1,254.000,50,257.000,20,258.000,29,320.000,1,400.000,1,0,30,
120141119000,250.000,5,246.000,50,243.000,29,242.000,20,239.000,20,86.000,1,254.000,50,257.000,20,258.000,29,261.000,20,320.000,1,0,30,
120141178000,250.000,5,246.000,29,243.000,29,242.000,20,239.000,20,86.000,1,254.000,29,257.000,20,258.000,29,261.000,20,320.000,1,0,30,
120141178000,250.000,5,247.000,21,246.000,29,243.000,29,242.000,20,239.000,20,254.000,29,255.000,21,257.000,20,258.000,29,261.000,20,0,30,
120141179000,250.000,5,247.000,30,246.000,29,243.000,29,242.000,20,239.000,20,254.000,29,255.000,21,257.000,20,258.000,29,261.000,20,0,30,
120141271000,250.000,5,247.000,30,246.000,29,243.000,29,242.000,20,86.000,1,254.000,9,255.000,21,257.000,20,258.000,29,261.000,20,0,30,
120141271000,250.000,5,247.000,30,246.000,29,243.000,29,242.000,20,240.000,20,254.000,9,255.000,41,257.000,20,258.000,29,261.000,20,0,30,
120141271000,250.000,5,247.000,30,246.000,29,243.000,29,242.000,20,240.000,20,254.000,9,255.000,50,257.000,20,258.000,29,261.000,20,0,30,
120141271000,250.000,5,247.000,30,246.000,29,243.000,29,242.000,20,240.000,20,255.000,50,257.000,20,258.000,29,261.000,20,320.000,1,0,30,
120142144000,250.000,5,247.000,30,246.000,29,243.000,29,242.000,20,86.000,1,255.000,30,257.000,20,258.000,29,261.000,20,320.000,1,0,30,
120142144000,250.000,5,247.000,30,246.000,29,243.000,29,242.000,20,239.000,20,254.000,20,255.000,30,257.000,20,258.000,29,261.000,20,0,30,
120142144000,250.000,5,247.000,30,246.000,29,243.000,29,242.000,20,239.000,20,254.000,29,255.000,30,257.000,20,258.000,29,261.000,20,0,30,
120144338000,250.000,5,247.000,30,246.000,29,243.000,29,239.000,20,86.000,1,254.000,29,255.000,30,258.000,29,261.000,20,320.000,1,0,30,
120144394000,250.000,5,247.000,30,246.000,29,243.000,29,86.000,1,84.000,3,254.000,9,255.000,30,258.000,29,261.000,20,320.000,1,0,30,
120144394000,250.000,5,247.000,30,246.000,29,243.000,29,240.000,20,86.000,1,254.000,9,255.000,50,258.000,29,261.000,20,320.000,1,0,30,
120144394000,250.000,5,247.000,30,246.000,29,243.000,29,240.000,20,86.000,1,255.000,50,258.000,29,261.000,20,320.000,1,400.000,1,0,30,
120144521000,250.000,5,247.000,30,246.000,29,243.000,49,240.000,20,86.000,1,255.000,50,258.000,49,261.000,20,320.000,1,400.000,1,0,30,
120144767000,250.000,5,247.000,30,246.000,29,243.000,49,86.000,1,84.000,3,255.000,30,258.000,49,261.000,20,320.000,1,400.000,1,0,30,
120145001000,250.000,5,247.000,30,246.000,29,243.000,49,240.000,20,86.000,1,255.000,50,258.000,49,261.000,20,320.000,1,400.000,1,0,30,
120145247000,250.000,5,247.000,30,246.000,29,243.000,49,86.000,1,84.000,3,255.000,30,258.000,49,261.000,20,320.000,1,400.000,1,0,30,
120145619000,250.000,5,247.000,30,246.000,29,243.000,49,240.000,20,86.000,1,255.000,50,258.000,49,261.000,20,320.000,1,400.000,1,0,30,
120145619000,250.000,5,247.000,30,246.000,9,243.000,49,240.000,20,86.000,1,255.000,50,258.000,49,320.000,1,400.000,1,414.000,1,0,30,
120145619000,250.000,5,247.000,50,246.000,9,243.000,49,240.000,20,86.000,1,255.000,50,258.000,49,262.000,20,320.000,1,400.000,1,0,30,
120147222000,250.000,5,247.000,29,246.000,9,243.000,49,240.000,20,86.000,1,255.000,29,258.000,49,262.000,20,320.000,1,400.000,1,0,30,
120147222000,250.000,5,247.000,50,246.000,9,243.000,49,240.000,20,86.000,1,255.000,29,256.000,21,258.000,49,262.000,20,320.000,1,0,30,
120150806000,250.000,5,247.000,50,246.000,9,243.000,49,86.000,1,84.000,3,255.000,9,256.000,21,258.000,49,262.000,20,320.000,1,0,30,
120150806000,250.000,5,247.000,50,246.000,9,243.000,49,239.000,20,86.000,1,254.000,20,255.000,9,256.000,21,258.000,49,262.000,20,0,30,
120150807000,250.000,5,247.000,50,246.000,9,243.000,49,239.000,20,86.000,1,254.000,20,255.000,9,256.000,30,258.000,49,262.000,20,0,30,
120150807000,250.000,5,247.000,50,246.000,9,243.000,49,239.000,20,86.000,1,254.000,20,256.000,30,258.000,49,262.000,20,320.000,1,0,30,
120150807000,250.000,5,247.000,50,246.000,9,243.000,49,239.000,20,86.000,1,254.000,29,256.000,30,258.000,49,262.000,20,320.000,1,0,30,
120151118000,250.000,5,247.000,30,246.000,9,243.000,49,239.000,20,86.000,1,254.000,29,256.000,30,258.000,49,320.000,1,400.000,1,0,30,
120151118000,250.000,5,247.000,30,246.000,29,243.000,49,239.000,20,86.000,1,254.000,29,256.000,30,258.000,49,261.000,20,320.000,1,0,30,
120151369000,250.000,5,247.000,30,246.000,29,243.000,49,86.000,1,84.000,3,254.000,9,256.000,30,258.000,49,261.000,20,320.000,1,0,30,
120151369000,250.000,5,247.000,30,246.000,29,243.000,49,240.000,20,86.000,1,254.000,9,255.000,20,256.000,30,258.000,49,261.000,20,0,30,
120151369000,250.000,5,247.000,30,246.000,29,243.000,49,240.000,20,86.000,1,255.000,20,256.000,30,258.000,49,261.000,20,320.000,1,0,30,
120151369000,250.000,5,247.000,30,246.000,29,243.000,49,240.000,20,86.000,1,255.000,29,256.000,30,258.000,49,261.000,20,320.000,1,0,30,
120152744000,250.000,5,247.000,30,246.000,9,243.000,49,240.000,20,86.000,1,255.000,29,256.000,30,258.000,49,320.000,1,400.000,1,0,30,
120152744000,250.000,5,247.000,50,246.000,9,243.000,49,240.000,20,86.000,1,255.000,29,256.000,30,258.000,49,262.000,20,320.000,1,0,30,
120157947000,250.000,5,247.000,50,246.000,9,243.000,49,86.000,1,84.000,3,255.000,9,256.000,30,258.000,49,262.000,20,320.000,1,0,30,
120157947000,250.000,5,247.000,50,246.000,9,243.000,49,239.000,20,86.000,1,254.000,20,255.000,9,256.000,30,258.000,49,262.000,20,0,30,
120157948000,250.000,5,247.000,50,246.000,9,243.000,49,239.000,20,86.000,1,254.000,20,256.000,30,258.000,49,262.000,20,320.000,1,0,30,
120157948000,250.000,5,247.000,50,246.000,9,243.000,49,239.000,20,86.000,1,254.000,29,256.000,30,258.000,49,262.000,20,320.000,1,0,30,
120158562000,250.000,5,247.000,50,246.000,9,243.000,49,86.000,1,84.000,3,254.000,9,256.000,30,258.000,49,262.000,20,320.000,1,0,30,
120158562000,250.000,5,247.000,50,246.000,9,243.000,49,240.000,20,86.000,1,254.000,9,255.000,20,256.000,30,258.000,49,262.000,20,0,30,
120158563000,250.000,5,247.000,50,246.000,9,243.000,49,240.000,20,86.000,1,254.000,9,255.000,29,256.000,30,258.000,49,262.000,20,0,30,
120158563000,250.000,5,247.000,50,246.000,9,243.000,49,240.000,20,86.000,1,255.000,29,256.000,30,258.000,49,262.000,20,320.000,1,0,30,
120203040000,250.000,5,247.000,50,246.000,9,243.000,29,240.000,20,86.000,1,255.000,29,256.000,30,258.000,29,262.000,20,320.000,1,0,30,
120203170000,250.000,5,247.000,50,246.000,9,245.000,20,243.000,29,240.000,20,255.000,29,256.000,30,258.000,29,260.000,20,262.000,20,0,30,
120204600000,250.000,5,247.000,50,246.000,9,245.000,20,243.000,9,240.000,20,255.000,29,256.000,30,258.000,9,260.000,20,262.000,20,0,30,
120204721000,250.000,5,247.000,50,246.000,9,245.000,20,244.000,20,243.000,9,255.000,29,256.000,30,258.000,9,259.000,20,260.000,20,0,30,
120205931000,250.000,5,247.000,50,246.000,9,245.000,20,244.000,20,243.000,9,255.000,29,256.000,30,259.000,20,260.000,20,262.000,20,0,30,
120205931000,250.000,5,247.000,50,246.000,9,245.000,20,244.000,20,240.000,20,255.000,29,256.000,30,259.000,20,260.000,20,262.000,20,0,30,
120205931000,250.000,5,247.000,50,246.000,9,245.000,20,244.000,20,240.000,20,255.000,29,256.000,30,259.000,20,260.000,29,262.000,20,0,30,
120205931000,250.000,5,247.000,50,246.000,9,245.000,29,244.000,20,240.000,20,255.000,29,256.000,30,259.000,20,260.000,29,262.000,20,0,30,
120205978000,250.000,5,247.000,50,246.000,9,245.000,29,244.000,20,86.000,1,255.000,9,256.000,30,259.000,20,260.000,29,262.000,20,0,30,
120205978000,250.000,5,247.000,50,246.000,9,245.000,29,244.000,20,241.000,20,255.000,9,256.000,50,259.000,20,260.000,29,262.000,20,0,30,
120205978000,250.000,5,247.000,50,246.000,9,245.000,29,244.000,20,241.000,20,256.000,50,259.000,20,260.000,29,262.000,20,320.000,1,0,30,
120206249000,250.000,5,247.000,29,246.000,9,245.000,29,244.000,20,241.000,20,256.000,29,259.000,20,260.000,29,262.000,20,320.000,1,0,30,
120206249000,250.000,5,247.000,50,246.000,9,245.000,29,244.000,20,241.000,20,256.000,29,257.000,21,259.000,20,260.000,29,262.000,20,0,30,
120206992000,250.000,5,247.000,50,246.000,9,245.000,29,244.000,20,86.000,1,256.000,9,257.000,21,259.000,20,260.000,29,262.000,20,0,30,
120206992000,250.000,5,247.000,50,246.000,9,245.000,29,244.000,20,240.000,20,255.000,20,256.000,9,257.000,21,259.000,20,260.000,29,0,30,
120206992000,250.000,5,247.000,50,246.000,9,245.000,29,244.000,20,240.000,20,255.000,20,256.000,9,257.000,30,259.000,20,260.000,29,0,30,
120206992000,250.000,5,247.000,50,246.000,9,245.000,29,244.000,20,240.000,20,255.000,20,257.000,30,259.000,20,260.000,29,262.000,20,0,30,
120206992000,250.000,5,247.000,50,246.000,9,245.000,29,244.000,20,240.000,20,255.000,29,257.000,30,259.000,20,260.000,29,262.000,20,0,30,
120207250000,250.000,5,247.000,29,246.000,9,245.000,29,244.000,20,240.000,20,255.000,29,257.000,9,259.000,20,260.000,29,262.000,20,0,30,
120207250000,250.000,5,247.000,50,246.000,9,245.000,29,244.000,20,240.000,20,255.000,29,256.000,21,257.000,9,259.000,20,260.000,29,0,30,
120209480000,250.000,5,247.000,50,246.000,9,245.000,29,244.000,20,86.000,1,255.000,9,256.000,21,257.000,9,259.000,20,260.000,29,0,30,
120209480000,250.000,5,247.000,50,246.000,9,245.000,29,244.000,20,241.000,20,255.000,9,256.000,41,257.000,9,259.000,20,260.000,29,0,30,
120209481000,250.000,5,247.000,50,246.000,9,245.000,29,244.000,20,241.000,20,255.000,9,256.000,50,257.000,9,259.000,20,260.000,29,0,30,
120209481000,250.000,5,247.000,50,246.000,9,245.000,29,244.000,20,241.000,20,256.000,50,257.000,9,259.000,20,260.000,29,262.000,20,0,30,
120209493000,250.000,5,247.000,30,246.000,9,245.000,29,244.000,20,241.000,20,256.000,50,257.000,9,259.000,20,260.000,29,320.000,1,0,30,
120209493000,250.000,5,248.000,20,247.000,30,246.000,9,245.000,29,244.000,20,256.000,50,257.000,9,259.000,20,260.000,29,263.000,20,0,30,
120209493000,250.000,5,248.000,29,247.000,30,246.000,9,245.000,29,244.000,20,256.000,50,257.000,9,259.000,20,260.000,29,263.000,20,0,30,
120209505000,250.000,5,248.000,29,247.000,30,245.000,29,244.000,20,241.000,20,256.000,50,257.000,9,259.000,20,260.000,29,263.000,20,0,30,
120209605000,250.000,5,248.000,29,247.000,30,245.000,29,244.000,20,86.000,1,256.000,30,257.000,9,259.000,20,260.000,29,263.000,20,0,30,
120209980000,250.000,5,248.000,29,247.000,30,245.000,29,244.000,20,240.000,20,255.000,20,256.000,30,257.000,9,259.000,20,260.000,29,0,30,
120209980000,250.000,5,248.000,29,247.000,30,245.000,29,244.000,20,240.000,20,255.000,29,256.000,30,257.000,9,259.000,20,260.000,29,0,30,
120210006000,250.000,5,248.000,29,247.000,30,245.000,29,244.000,20,240.000,20,255.000,29,256.000,30,259.000,20,260.000,29,263.000,20,0,30,
120210251000,250.000,5,248.000,29,247.000,9,245.000,29,244.000,20,240.000,20,255.000,29,256.000,9,259.000,20,260.000,29,263.000,20,0,30,
120210251000,250.000,5,249.000,21,248.000,29,247.000,9,245.000,29,244.000,20,255.000,29,256.000,30,259.000,20,260.000,29,263.000,20,0,30,
120210251000,250.000,5,249.000,30,248.000,29,247.000,9,245.000,29,244.000,20,255.000,29,256.000,30,259.000,20,260.000,29,263.000,20,0,30,
120210506000,250.000,5,249.000,30,248.000,29,245.000,29,244.000,20,240.000,20,255.000,29,256.000,30,259.000,20,260.000,29,263.000,20,0,30,
120210743000,250.000,5,249.000,30,248.000,9,245.000,29,244.000,20,240.000,20,255.000,29,256.000,30,259.000,20,260.000,29,320.000,1,0,30,
120210743000,250.000,5,249.000,30,248.000,9,247.000,20,245.000,29,244.000,20,255.000,29,256.000,30,259.000,20,260.000,29,262.000,20,0,30,
120211472000,250.000,5,249.000,30,248.000,9,247.000,20,245.000,29,244.000,20,255.000,9,256.000,30,259.000,20,260.000,29,262.000,20,0,30,
120211472000,250.000,5,249.000,30,248.000,9,247.000,20,245.000,29,244.000,20,255.000,9,256.000,50,259.000,20,260.000,29,262.000,20,0,30,
120211472000,250.000,5,249.000,30,248.000,9,247.000,20,245.000,29,244.000,20,256.000,50,259.000,20,260.000,29,262.000,20,320.000,1,0,30,
120211492000,250.000,5,249.000,30,248.000,9,245.000,29,244.000,20,241.000,20,256.000,50,259.000,20,260.000,29,320.000,1,400.000,1,0,30,
120211492000,250.000,5,249.000,30,248.000,29,245.000,29,244.000,20,241.000,20,256.000,50,259.000,20,260.000,29,263.000,20,320.000,1,0,30,
120211861000,250.000,5,249.000,9,248.000,29,245.000,29,244.000,20,241.000,20,256.000,29,259.000,20,260.000,29,263.000,20,320.000,1,0,30,
120211861000,250.000,5,249.000,30,248.000,29,245.000,29,244.000,20,241.000,20,256.000,29,257.000,21,259.000,20,260.000,29,263.000,20,0,30,
120211861000,250.000,5,249.000,30,248.000,29,245.000,29,241.000,20,86.000,1,256.000,29,257.000,21,260.000,29,263.000,20,320.000,1,0,30,
120211861000,250.000,5,249.000,21,248.000,29,245.000,29,241.000,20,86.000,1,256.000,29,257.000,21,260.000,29,263.000,20,320.000,1,0,30,
120211862000,250.000,5,249.000,30,248.000,29,245.000,29,241.000,20,86.000,1,256.000,29,257.000,21,260.000,29,263.000,20,320.000,1,0,30,
120211901000,250.000,5,249.000,30,248.000,29,245.000,49,241.000,20,86.000,1,256.000,29,257.000,21,260.000,49,263.000,20,320.000,1,0,30,
120213576000,250.000,5,249.000,30,248.000,29,245.000,29,241.000,20,86.000,1,256.000,29,257.000,21,260.000,29,263.000,20,320.000,1,0,30,
120214007000,250.000,5,249.000,30,248.000,29,245.000,29,244.000,20,241.000,20,256.000,29,257.000,21,259.000,20,260.000,29,263.000,20,0,30,
120214404000,250.000,5,249.000,30,248.000,29,245.000,29,244.000,20,86.000,1,256.000,9,257.000,21,259.000,20,260.000,29,263.000,20,0,30,
120214404000,250.000,5,249.000,30,248.000,29,245.000,29,244.000,20,240.000,20,255.000,20,256.000,9,257.000,21,259.000,20,260.000,29,0,30,
120214405000,250.000,5,249.000,30,248.000,29,245.000,29,244.000,20,240.000,20,255.000,20,257.000,21,259.000,20,260.000,29,263.000,20,0,30,
120214405000,250.000,5,249.000,30,248.000,29,245.000,29,244.000,20,240.000,20,255.000,29,257.000,21,259.000,20,260.000,29,263.000,20,0,30,
120214405000,250.000,5,249.000,30,248.000,29,245.000,29,244.000,20,240.000,20,255.000,29,257.000,30,259.000,20,260.000,29,263.000,20,0,30,
120214529000,250.000,5,249.000,30,248.000,29,245.000,29,244.000,20,86.000,1,255.000,9,257.000,30,259.000,20,260.000,29,263.000,20,0,30,
120214529000,250.000,5,249.000,30,248.000,29,245.000,29,244.000,20,86.000,1,257.000,30,259.000,20,260.000,29,263.000,20,320.000,1,0,30,
120215003000,250.000,5,249.000,30,248.000,29,245.000,29,244.000,20,241.000,20,256.000,20,257.000,30,259.000,20,260.000,29,263.000,20,0,30,
120215003000,250.000,5,249.000,30,248.000,29,245.000,29,244.000,20,241.000,20,256.000,29,257.000,30,259.000,20,260.000,29,263.000,20,0,30,
120216002000,250.000,5,249.000,30,248.000,29,245.000,29,244.000,20,86.000,1,256.000,9,257.000,30,259.000,20,260.000,29,263.000,20,0,30,
120216003000,250.000,5,249.000,30,248.000,29,245.000,29,244.000,20,86.000,1,257.000,30,259.000,20,260.000,29,263.000,20,320.000,1,0,30,
120216245000,250.000,5,249.000,30,248.000,29,245.000,29,244.000,20,241.000,20,256.000,20,257.000,30,259.000,20,260.000,29,263.000,20,0,30,
120216245000,250.000,5,249.000,30,248.000,29,245.000,29,244.000,20,241.000,20,256.000,29,257.000,30,259.000,20,260.000,29,263.000,20,0,30,
120216618000,250.000,5,249.000,30,248.000,29,245.000,29,244.000,20,86.000,1,256.000,9,257.000,30,259.000,20,260.000,29,263.000,20,0,30,
120216619000,250.000,5,249.000,30,248.000,29,245.000,29,244.000,20,86.000,1,257.000,30,259.000,20,260.000,29,263.000,20,320.000,1,0,30,
120216743000,250.000,5,249.000,30,248.000,29,245.000,29,244.000,20,242.000,20,257.000,50,259.000,20,260.000,29,263.000,20,320.000,1,0,30,
120216868000,250.000,5,249.000,30,248.000,29,245.000,29,244.000,20,86.000,1,257.000,30,259.000,20,260.000,29,263.000,20,320.000,1,0,30,
120217304000,250.000,5,249.000,30,248.000,29,245.000,29,244.000,20,240.000,20,255.000,20,257.000,30,259.000,20,260.000,29,263.000,20,0,30,
120217305000,250.000,5,249.000,30,248.000,29,245.000,29,244.000,20,240.000,20,255.000,29,257.000,30,259.000,20,260.000,29,263.000,20,0,30,
120217746000,250.000,5,249.000,9,248.000,29,245.000,29,244.000,20,240.000,20,255.000,29,257.000,9,259.000,20,260.000,29,263.000,20,0,30,
120217746000,250.000,5,249.000,9,248.000,50,245.000,29,244.000,20,240.000,20,255.000,29,256.000,21,257.000,9,259.000,20,260.000,29,0,30,
120217746000,250.000,5,248.000,50,245.000,29,244.000,20,240.000,20,86.000,1,255.000,29,256.000,21,257.000,9,259.000,20,260.000,29,0,30,
120219041000,250.000,5,248.000,50,245.000,29,244.000,20,86.000,1,84.000,3,255.000,9,256.000,21,257.000,9,259.000,20,260.000,29,0,30,
120219041000,250.000,5,248.000,50,245.000,29,244.000,20,241.000,20,86.000,1,255.000,9,256.000,41,257.000,9,259.000,20,260.000,29,0,30,
120219041000,250.000,5,248.000,50,245.000,29,244.000,20,241.000,20,86.000,1,256.000,41,257.000,9,259.000,20,260.000,29,263.000,20,0,30,
120219041000,250.000,5,248.000,50,245.000,29,244.000,20,241.000,20,86.000,1,256.000,50,257.000,9,259.000,20,260.000,29,263.000,20,0,30,
120225342000,250.000,5,248.000,29,245.000,29,244.000,20,241.000,20,86.000,1,256.000,29,257.000,9,259.000,20,260.000,29,263.000,20,0,30,
120225342000,250.000,5,249.000,21,248.000,29,245.000,29,244.000,20,241.000,20,256.000,29,257.000,30,259.000,20,260.000,29,263.000,20,0,30,
120225343000,250.000,5,249.000,30,248.000,29,245.000,29,244.000,20,241.000,20,256.000,29,257.000,30,259.000,20,260.000,29,263.000,20,0,30,
120225368000,250.000,5,249.000,30,248.000,9,245.000,29,244.000,20,241.000,20,256.000,29,257.000,30,259.000,20,260.000,29,320.000,1,0,30,
120225368000,250.000,5,249.000,50,248.000,9,245.000,29,244.000,20,241.000,20,256.000,29,257.000,30,259.000,20,260.000,29,264.000,20,0,30,
120225410000,250.000,5,249.000,50,248.000,9,245.000,29,244.000,20,86.000,1,256.000,9,257.000,30,259.000,20,260.000,29,264.000,20,0,30,
120225410000,250.000,5,249.000,50,248.000,9,245.000,29,244.000,20,242.000,20,256.000,9,257.000,50,259.000,20,260.000,29,264.000,20,0,30,
120225410000,250.000,5,249.000,50,248.000,9,245.000,29,244.000,20,242.000,20,257.000,50,259.000,20,260.000,29,264.000,20,320.000,1,0,30,
120228879000,250.000,5,249.000,29,248.000,9,245.000,29,244.000,20,242.000,20,257.000,29,259.000,20,260.000,29,264.000,20,320.000,1,0,30,
120228879000,250.000,5,249.000,50,248.000,9,245.000,29,244.000,20,242.000,20,257.000,29,258.000,21,259.000,20,260.000,29,264.000,20,0,30,
120228994000,250.000,5,249.000,30,248.000,9,245.000,29,244.000,20,242.000,20,257.000,29,258.000,21,259.000,20,260.000,29,320.000,1,0,30,
120228994000,250.000,5,250.000,20,249.000,30,248.000,9,245.000,29,244.000,20,257.000,29,258.000,21,259.000,20,260.000,29,270.000,20,0,30,
120228994000,250.000,5,250.000,29,249.000,30,248.000,9,245.000,29,244.000,20,257.000,29,258.000,21,259.000,20,260.000,29,270.000,20,0,30,
120229002000,250.000,5,250.000,29,249.000,30,248.000,9,245.000,9,244.000,20,257.000,29,258.000,21,259.000,20,260.000,9,270.000,20,0,30,
120229004000,250.000,5,250.000,29,249.000,30,248.000,9,244.000,20,242.000,20,257.000,29,258.000,21,259.000,20,260.000,9,270.000,20,0,30,
120229004000,250.000,5,250.000,29,249.000,30,248.000,9,244.000,20,242.000,20,257.000,29,258.000,21,259.000,20,270.000,20,320.000,1,0,30,
120229005000,250.000,5,250.000,29,249.000,30,248.000,9,244.000,20,86.000,1,257.000,9,258.000,21,259.000,20,270.000,20,320.000,1,0,30,
120229005000,250.000,5,250.000,29,249.000,30,248.000,9,244.000,20,243.000,20,257.000,9,258.000,41,259.000,20,270.000,20,320.000,1,0,30,
120229006000,250.000,5,250.000,29,249.000,30,248.000,9,244.000,20,243.000,20,257.000,9,258.000,50,259.000,20,270.000,20,320.000,1,0,30,
120229006000,250.000,5,250.000,29,249.000,30,248.000,9,244.000,20,243.000,20,258.000,50,259.000,20,270.000,20,320.000,1,400.000,1,0,30,
120229007000,250.000,5,250.000,29,249.000,30,248.000,9,247.000,20,244.000,20,258.000,50,259.000,20,262.000,20,270.000,20,320.000,1,0,30,
120229007000,250.000,5,250.000,29,249.000,30,247.000,20,244.000,20,243.000,20,258.000,50,259.000,20,262.000,20,270.000,20,320.000,1,0,30,
120229242000,250.000,5,250.000,29,249.000,30,247.000,20,244.000,20,86.000,1,258.000,30,259.000,20,262.000,20,270.000,20,320.000,1,0,30,
120229616000,250.000,5,250.000,29,249.000,30,247.000,20,244.000,20,242.000,20,257.000,20,258.000,30,259.000,20,262.000,20,270.000,20,0,30,
120229616000,250.000,5,250.000,29,249.000,30,247.000,20,244.000,20,242.000,20,257.000,29,258.000,30,259.000,20,262.000,20,270.000,20,0,30,
120229967000,250.000,5,250.000,29,249.000,30,247.000,29,244.000,20,242.000,20,257.000,29,258.000,30,259.000,20,262.000,20,270.000,20,0,30,
120229967000,250.000,5,250.000,29,249.000,30,247.000,29,244.000,20,242.000,20,257.000,29,258.000,30,259.000,20,262.000,29,270.000,20,0,30,
120230090000,250.000,5,250.000,29,249.000,9,247.000,29,244.000,20,242.000,20,257.000,29,258.000,9,259.000,20,262.000,29,270.000,20,0,30,
120230090000,250.000,5,250.000,50,249.000,9,247.000,29,244.000,20,242.000,20,257.000,29,258.000,30,259.000,20,262.000,29,270.000,20,0,30,
120231117000,250.000,5,250.000,50,249.000,9,247.000,29,244.000,20,86.000,1,257.000,9,258.000,30,259.000,20,262.000,29,270.000,20,0,30,
120231117000,250.000,5,250.000,50,249.000,9,247.000,29,244.000,20,243.000,20,257.000,9,258.000,50,259.000,20,262.000,29,270.000,20,0,30,
120231117000,250.000,5,250.000,50,249.000,9,247.000,29,244.000,20,243.000,20,258.000,50,259.000,20,262.000,29,270.000,20,320.000,1,0,30,
120231374000,250.000,5,250.000,50,249.000,9,247.000,29,244.000,20,86.000,1,258.000,30,259.000,20,262.000,29,270.000,20,320.000,1,0,30,
120231617000,250.000,5,250.000,50,249.000,9,247.000,29,244.000,20,243.000,20,258.000,50,259.000,20,262.000,29,270.000,20,320.000,1,0,30,
120231992000,250.000,5,250.000,50,249.000,9,247.000,29,244.000,20,86.000,1,258.000,30,259.000,20,262.000,29,270.000,20,320.000,1,0,30,
120232240000,250.000,5,250.000,50,249.000,9,247.000,29,244.000,20,243.000,20,258.000,50,259.000,20,262.000,29,270.000,20,320.000,1,0,30,
120232365000,250.000,5,250.000,50,249.000,9,247.000,29,244.000,20,86.000,1,258.000,30,259.000,20,262.000,29,270.000,20,320.000,1,0,30,
120232545000,250.000,5,250.000,50,249.000,9,247.000,29,86.000,1,84.000,3,258.000,30,262.000,29,270.000,20,320.000,1,400.000,1,0,30,
120232740000,250.000,5,250.000,50,249.000,9,247.000,29,243.000,20,86.000,1,258.000,50,262.000,29,270.000,20,320.000,1,400.000,1,0,30,
120232761000,250.000,5,250.000,50,249.000,9,247.000,29,246.000,20,243.000,20,258.000,50,261.000,20,262.000,29,270.000,20,320.000,1,0,30,
120232866000,250.000,5,250.000,50,249.000,9,247.000,29,246.000,20,86.000,1,258.000,30,261.000,20,262.000,29,270.000,20,320.000,1,0,30,
120233243000,250.000,5,250.000,50,249.000,9,247.000,29,246.000,20,242.000,20,257.000,20,258.000,30,261.000,20,262.000,29,270.000,20,0,30,
120233243000,250.000,5,250.000,50,249.000,9,247.000,29,246.000,20,242.000,20,257.000,29,258.000,30,261.000,20,262.000,29,270.000,20,0,30,
120234096000,250.000,5,250.000,50,249.000,9,247.000,29,246.000,20,86.000,1,257.000,9,258.000,30,261.000,20,262.000,29,270.000,20,0,30,
120234096000,250.000,5,250.000,50,249.000,9,247.000,29,246.000,20,243.000,20,257.000,9,258.000,50,261.000,20,262.000,29,270.000,20,0,30,
120234096000,250.000,5,250.000,50,249.000,9,247.000,29,246.000,20,243.000,20,258.000,50,261.000,20,262.000,29,270.000,20,320.000,1,0,30,
120234346000,250.000,5,250.000,50,249.000,9,247.000,29,246.000,20,86.000,1,258.000,30,261.000,20,262.000,29,270.000,20,320.000,1,0,30,
120234708000,250.000,5,250.000,50,249.000,9,247.000,29,246.000,20,242.000,20,257.000,20,258.000,30,261.000,20,262.000,29,270.000,20,0,30,
120234708000,250.000,5,250.000,50,249.000,9,247.000,29,246.000,20,242.000,20,257.000,29,258.000,30,261.000,20,262.000,29,270.000,20,0,30,
120235953000,250.000,5,250.000,50,249.000,9,247.000,29,246.000,20,86.000,1,257.000,9,258.000,30,261.000,20,262.000,29,270.000,20,0,30,
120235953000,250.000,5,250.000,50,249.000,9,247.000,29,246.000,20,243.000,20,257.000,9,258.000,50,261.000,20,262.000,29,270.000,20,0,30,
120235953000,250.000,5,250.000,50,249.000,9,247.000,29,246.000,20,243.000,20,258.000,50,261.000,20,262.000,29,270.000,20,320.000,1,0,30,
120237057000,250.000,5,250.000,29,249.000,9,247.000,29,246.000,20,243.000,20,258.000,29,261.000,20,262.000,29,270.000,20,320.000,1,0,30,
120237057000,250.000,5,251.000,21,250.000,29,249.000,9,247.000,29,246.000,20,258.000,29,259.000,21,261.000,20,262.000,29,270.000,20,0,30,
120237057000,250.000,5,251.000,30,250.000,29,249.000,9,247.000,29,246.000,20,258.000,29,259.000,21,261.000,20,262.000,29,270.000,20,0,30,
120237506000,250.000,5,251.000,30,250.000,29,247.000,29,246.000,20,243.000,20,258.000,29,259.000,21,261.000,20,262.000,29,270.000,20,0,30,
120244182000,250.000,5,251.000,30,250.000,29,247.000,29,246.000,20,86.000,1,258.000,9,259.000,21,261.000,20,262.000,29,270.000,20,0,30,
120244182000,250.000,5,251.000,30,250.000,29,247.000,29,246.000,20,242.000,20,257.000,20,258.000,9,259.000,21,261.000,20,262.000,29,0,30,
120244182000,250.000,5,251.000,30,250.000,29,247.000,29,246.000,20,242.000,20,257.000,29,258.000,9,259.000,21,261.000,20,262.000,29,0,30,
120244363000,250.000,5,251.000,9,250.000,29,247.000,29,246.000,20,242.000,20,257.000,29,258.000,9,261.000,20,262.000,29,270.000,20,0,30,
120244363000,250.000,5,251.000,9,250.000,50,247.000,29,246.000,20,242.000,20,257.000,29,258.000,30,261.000,20,262.000,29,270.000,20,0,30,
120244364000,250.000,5,250.000,50,247.000,29,246.000,20,242.000,20,86.000,1,257.000,29,258.000,30,261.000,20,262.000,29,270.000,20,0,30,
120244818000,250.000,5,250.000,50,247.000,29,242.000,20,86.000,1,84.000,3,257.000,29,258.000,30,262.000,29,270.000,20,320.000,1,0,30,
120245032000,250.000,5,250.000,50,247.000,29,245.000,20,242.000,20,86.000,1,257.000,29,258.000,30,260.000,20,262.000,29,270.000,20,0,30,
120245823000,250.000,5,250.000,50,247.000,29,242.000,20,86.000,1,84.000,3,257.000,29,258.000,30,262.000,29,270.000,20,320.000,1,0,30,
120245915000,250.000,5,250.000,50,247.000,29,86.000,1,84.000,3,39.000,20,257.000,9,258.000,30,262.000,29,270.000,20,320.000,1,0,30,
120245915000,250.000,5,250.000,50,247.000,29,243.000,20,86.000,1,84.000,3,257.000,9,258.000,50,262.000,29,270.000,20,320.000,1,0,30,
120245916000,250.000,5,250.000,50,247.000,29,243.000,20,86.000,1,84.000,3,258.000,50,262.000,29,270.000,20,320.000,1,400.000,1,0,30,
120246087000,250.000,5,250.000,50,247.000,29,246.000,20,243.000,20,86.000,1,258.000,50,261.000,20,262.000,29,270.000,20,320.000,1,0,30,
120246267000,250.000,5,250.000,29,247.000,29,246.000,20,243.000,20,86.000,1,258.000,29,261.000,20,262.000,29,270.000,20,320.000,1,0,30,
120246267000,250.000,5,251.000,21,250.000,29,247.000,29,246.000,20,243.000,20,258.000,50,261.000,20,262.000,29,270.000,20,320.000,1,0,30,
120246267000,250.000,5,251.000,30,250.000,29,247.000,29,246.000,20,243.000,20,258.000,50,261.000,20,262.000,29,270.000,20,320.000,1,0,30,
120252572000,250.000,5,251.000,30,250.000,29,247.000,29,246.000,20,86.000,1,258.000,30,261.000,20,262.000,29,270.000,20,320.000,1,0,30,
120252572000,250.000,5,251.000,30,250.000,29,247.000,29,246.000,20,242.000,20,257.000,20,258.000,30,261.000,20,262.000,29,270.000,20,0,30,
120252572000,250.000,5,251.000,30,250.000,29,247.000,29,246.000,20,242.000,20,257.000,29,258.000,30,261.000,20,262.000,29,270.000,20,0,30,
120255243000,250.000,5,251.000,30,250.000,9,247.000,29,246.000,20,242.000,20,257.000,29,258.000,30,261.000,20,262.000,29,320.000,1,0,30,
120255243000,250.000,5,251.000,30,250.000,9,249.000,20,247.000,29,246.000,20,257.000,29,258.000,30,261.000,20,262.000,29,264.000,20,0,30,
120257808000,250.000,5,251.000,30,250.000,9,249.000,20,247.000,29,242.000,20,257.000,29,258.000,30,262.000,29,264.000,20,320.000,1,0,30,
120258006000,250.000,5,251.000,9,250.000,9,249.000,20,247.000,29,242.000,20,257.000,29,258.000,9,262.000,29,264.000,20,320.000,1,0,30,
120258006000,250.000,5,251.000,9,250.000,9,249.000,41,247.000,29,242.000,20,257.000,50,258.000,9,262.000,29,264.000,20,320.000,1,0,30,
120258007000,250.000,5,251.000,9,250.000,9,249.000,41,247.000,29,86.000,1,257.000,30,258.000,9,262.000,29,264.000,20,320.000,1,0,30,
120258007000,250.000,5,251.000,9,250.000,9,249.000,41,247.000,29,241.000,20,256.000,20,257.000,30,258.000,9,262.000,29,264.000,20,0,30,
120258008000,250.000,5,250.000,9,249.000,41,247.000,29,241.000,20,86.000,1,256.000,20,257.000,30,258.000,9,262.000,29,264.000,20,0,30,
120258008000,250.000,5,250.000,9,249.000,50,247.000,29,241.000,20,86.000,1,256.000,20,257.000,30,258.000,9,262.000,29,264.000,20,0,30,
120258008000,250.000,5,250.000,9,249.000,50,247.000,29,241.000,20,86.000,1,256.000,29,257.000,30,258.000,9,262.000,29,264.000,20,0,30,
120258008000,250.000,5,249.000,50,247.000,29,241.000,20,86.000,1,84.000,3,256.000,29,257.000,30,258.000,9,262.000,29,264.000,20,0,30,
120258070000,250.000,5,249.000,50,247.000,9,241.000,20,86.000,1,84.000,3,256.000,29,257.000,30,258.000,9,262.000,9,264.000,20,0,30,
120258119000,250.000,5,249.000,30,247.000,9,241.000,20,86.000,1,84.000,3,256.000,29,257.000,30,258.000,9,262.000,9,320.000,1,0,30,
120258119000,250.000,5,249.000,30,248.000,20,247.000,9,241.000,20,86.000,1,256.000,29,257.000,30,258.000,9,262.000,9,263.000,20,0,30,
120258214000,250.000,5,249.000,30,248.000,20,247.000,9,245.000,20,241.000,20,256.000,29,257.000,30,258.000,9,260.000,20,262.000,9,0,30,
120258506000,250.000,5,249.000,30,248.000,20,247.000,9,245.000,20,241.000,20,256.000,29,257.000,30,260.000,20,262.000,9,263.000,20,0,30,
120259613000,250.000,5,249.000,30,248.000,20,247.000,9,245.000,20,241.000,20,256.000,29,257.000,30,260.000,20,263.000,20,320.000,1,0,30,
120259613000,250.000,5,249.000,30,248.000,20,247.000,9,245.000,20,241.000,20,256.000,29,257.000,30,260.000,29,263.000,20,320.000,1,0,30,
120300598000,250.000,5,249.000,30,248.000,20,247.000,9,245.000,20,86.000,1,256.000,9,257.000,30,260.000,29,263.000,20,320.000,1,0,30,
120300598000,250.000,5,249.000,30,248.000,20,247.000,9,245.000,20,242.000,20,256.000,9,257.000,50,260.000,29,263.000,20,320.000,1,0,30,
120300598000,250.000,5,249.000,30,248.000,20,247.000,9,245.000,20,242.000,20,257.000,50,260.000,29,263.000,20,320.000,1,400.000,1,0,30,
120300619000,250.000,5,249.000,30,247.000,9,245.000,20,242.000,20,86.000,1,257.000,50,260.000,29,320.000,1,400.000,1,414.000,1,0,30,
120300619000,250.000,5,249.000,50,247.000,9,245.000,20,242.000,20,86.000,1,257.000,50,260.000,29,264.000,20,320.000,1,400.000,1,0,30,
120300888000,250.000,5,249.000,50,247.000,9,245.000,20,86.000,1,84.000,3,257.000,30,260.000,29,264.000,20,320.000,1,400.000,1,0,30,
120301128000,250.000,5,249.000,50,247.000,9,245.000,20,241.000,20,86.000,1,256.000,20,257.000,30,260.000,29,264.000,20,320.000,1,0,30,
120301155000,250.000,5,249.000,50,247.000,9,245.000,20,241.000,20,86.000,1,256.000,29,257.000,30,260.000,29,264.000,20,320.000,1,0,30,
120301276000,250.000,5,249.000,50,247.000,9,245.000,40,241.000,20,86.000,1,256.000,29,257.000,30,260.000,49,264.000,20,320.000,1,0,30,
120301368000,250.000,5,249.000,30,247.000,9,245.000,40,241.000,20,86.000,1,256.000,29,257.000,30,260.000,49,320.000,1,400.000,1,0,30,
120301368000,250.000,5,249.000,30,248.000,20,247.000,9,245.000,40,241.000,20,256.000,29,257.000,30,260.000,49,263.000,20,320.000,1,0,30,
120302381000,250.000,5,249.000,30,248.000,20,247.000,9,245.000,40,86.000,1,256.000,9,257.000,30,260.000,49,263.000,20,320.000,1,0,30,
120302381000,250.000,5,249.000,30,248.000,20,247.000,9,245.000,40,86.000,1,257.000,30,260.000,49,263.000,20,320.000,1,400.000,1,0,30,
120302629000,250.000,5,249.000,30,248.000,20,247.000,9,245.000,40,241.000,20,256.000,20,257.000,30,260.000,49,263.000,20,320.000,1,0,30,
120303156000,250.000,5,249.000,30,248.000,20,247.000,9,245.000,40,241.000,20,256.000,29,257.000,30,260.000,49,263.000,20,320.000,1,0,30,
120309463000,250.000,5,249.000,30,248.000,20,247.000,9,245.000,40,86.000,1,256.000,9,257.000,30,260.000,49,263.000,20,320.000,1,0,30,
120309463000,250.000,5,249.000,30,248.000,20,247.000,9,245.000,40,242.000,20,256.000,9,257.000,50,260.000,49,263.000,20,320.000,1,0,30,
120309464000,250.000,5,249.000,30,248.000,20,247.000,9,245.000,40,242.000,20,257.000,50,260.000,49,263.000,20,320.000,1,400.000,1,0,30,
120309969000,250.000,5,249.000,30,248.000,20,247.000,9,245.000,40,86.000,1,257.000,30,260.000,49,263.000,20,320.000,1,400.000,1,0,30,
120309969000,250.000,5,249.000,30,248.000,20,247.000,9,245.000,40,241.000,20,256.000,20,257.000,30,260.000,49,263.000,20,320.000,1,0,30,
120309970000,250.000,5,249.000,30,248.000,20,247.000,9,245.000,40,241.000,20,256.000,29,257.000,30,260.000,49,263.000,20,320.000,1,0,30,
120310219000,250.000,5,249.000,30,248.000,20,247.000,9,245.000,40,86.000,1,256.000,9,257.000,30,260.000,49,263.000,20,320.000,1,0,30,
120310219000,250.000,5,249.000,30,248.000,20,247.000,9,245.000,40,86.000,1,257.000,30,260.000,49,263.000,20,320.000,1,400.000,1,0,30,
120310469000,250.000,5,249.000,30,248.000,20,247.000,9,245.000,40,242.000,20,257.000,50,260.000,49,263.000,20,320.000,1,400.000,1,0,30,
120310720000,250.000,5,249.000,30,248.000,20,247.000,9,245.000,40,86.000,1,257.000,30,260.000,49,263.000,20,320.000,1,400.000,1,0,30,
120310969000,250.000,5,249.000,30,248.000,20,247.000,9,245.000,40,242.000,20,257.000,50,260.000,49,263.000,20,320.000,1,400.000,1,0,30,
120311094000,250.000,5,249.000,30,248.000,20,247.000,9,245.000,40,86.000,1,257.000,30,260.000,49,263.000,20,320.000,1,400.000,1,0,30,
120311469000,250.000,5,249.000,30,248.000,20,247.000,9,245.000,40,241.000,20,256.000,20,257.000,30,260.000,49,263.000,20,320.000,1,0,30,
120311469000,250.000,5,249.000,30,248.000,20,247.000,9,245.000,40,241.000,20,256.000,29,257.000,30,260.000,49,263.000,20,320.000,1,0,30,
120312727000,250.000,5,249.000,30,248.000,20,245.000,40,241.000,20,86.000,1,256.000,29,257.000,30,260.000,49,263.000,20,320.000,1,0,30,
120312744000,250.000,5,249.000,30,245.000,40,241.000,20,86.000,1,84.000,3,256.000,29,257.000,30,260.000,49,320.000,1,400.000,1,0,30,
120312744000,250.000,5,249.000,30,247.000,20,245.000,40,241.000,20,86.000,1,256.000,29,257.000,30,260.000,49,262.000,20,320.000,1,0,30,
120312848000,250.000,5,249.000,30,247.000,20,245.000,49,241.000,20,86.000,1,256.000,29,257.000,30,260.000,49,262.000,20,320.000,1,0,30,
120313005000,250.000,5,249.000,30,247.000,20,245.000,49,86.000,1,84.000,3,256.000,9,257.000,30,260.000,49,262.000,20,320.000,1,0,30,
120313005000,250.000,5,249.000,30,247.000,20,245.000,49,240.000,20,86.000,1,255.000,20,256.000,9,257.000,30,260.000,49,262.000,20,0,30,
120313005000,250.000,5,249.000,30,247.000,20,245.000,49,240.000,20,86.000,1,255.000,20,257.000,30,260.000,49,262.000,20,320.000,1,0,30,
120313005000,250.000,5,249.000,30,247.000,20,245.000,49,240.000,20,86.000,1,255.000,29,257.000,30,260.000,49,262.000,20,320.000,1,0,30,
120313006000,250.000,5,249.000,30,247.000,20,245.000,49,240.000,20,86.000,1,255.000,29,257.000,21,260.000,49,262.000,20,320.000,1,0,30,
120313087000,250.000,5,249.000,9,247.000,20,245.000,49,240.000,20,86.000,1,255.000,29,260.000,49,262.000,20,320.000,1,400.000,1,0,30,
120313087000,250.000,5,249.000,9,248.000,21,247.000,20,245.000,49,240.000,20,255.000,29,256.000,21,260.000,49,262.000,20,320.000,1,0,30,
120313087000,250.000,5,249.000,9,248.000,21,247.000,29,245.000,49,240.000,20,255.000,29,256.000,21,260.000,49,262.000,20,320.000,1,0,30,
120313087000,250.000,5,248.000,21,247.000,29,245.000,49,240.000,20,86.000,1,255.000,29,256.000,21,260.000,49,262.000,20,320.000,1,0,30,
120313087000,250.000,5,248.000,30,247.000,29,245.000,49,240.000,20,86.000,1,255.000,29,256.000,21,260.000,49,262.000,20,320.000,1,0,30,
120313724000,250.000,5,248.000,30,247.000,29,245.000,49,86.000,1,84.000,3,255.000,9,256.000,21,260.000,49,262.000,20,320.000,1,0,30,
120313724000,250.000,5,248.000,30,247.000,29,245.000,49,86.000,1,84.000,3,255.000,9,256.000,30,260.000,49,262.000,20,320.000,1,0,30,
120313724000,250.000,5,248.000,30,247.000,29,245.000,49,86.000,1,84.000,3,256.000,30,260.000,49,262.000,20,320.000,1,400.000,1,0,30,
120313745000,250.000,5,248.000,30,247.000,29,245.000,49,240.000,20,86.000,1,255.000,20,256.000,30,260.000,49,262.000,20,320.000,1,0,30,
120313746000,250.000,5,248.000,30,247.000,29,245.000,49,240.000,20,86.000,1,255.000,29,256.000,30,260.000,49,262.000,20,320.000,1,0,30,
120313765000,250.000,5,248.000,30,247.000,29,245.000,29,240.000,20,86.000,1,255.000,29,256.000,30,260.000,29,262.000,20,320.000,1,0,30,
120314118000,250.000,5,248.000,30,247.000,9,245.000,29,240.000,20,86.000,1,255.000,29,256.000,30,260.000,29,320.000,1,400.000,1,0,30,
120314118000,250.000,5,248.000,30,247.000,9,246.000,20,245.000,29,240.000,20,255.000,29,256.000,30,260.000,29,261.000,20,320.000,1,0,30,
120314368000,250.000,5,248.000,30,247.000,9,245.000,29,240.000,20,86.000,1,255.000,29,256.000,30,260.000,29,320.000,1,400.000,1,0,30,
120314368000,250.000,5,248.000,30,247.000,29,245.000,29,240.000,20,86.000,1,255.000,29,256.000,30,260.000,29,262.000,20,320.000,1,0,30,
120314961000,250.000,5,248.000,30,247.000,29,245.000,29,244.000,20,240.000,20,255.000,29,256.000,30,259.000,20,260.000,29,262.000,20,0,30,
120315969000,250.000,5,248.000,30,247.000,29,245.000,29,244.000,20,86.000,1,255.000,9,256.000,30,259.000,20,260.000,29,262.000,20,0,30,
120315970000,250.000,5,248.000,30,247.000,29,245.000,29,244.000,20,86.000,1,256.000,30,259.000,20,260.000,29,262.000,20,320.000,1,0,30,
120315994000,250.000,5,248.000,30,247.000,9,245.000,29,244.000,20,86.000,1,256.000,30,259.000,20,260.000,29,320.000,1,400.000,1,0,30,
120315994000,250.000,5,248.000,50,247.000,9,245.000,29,244.000,20,86.000,1,256.000,30,259.000,20,260.000,29,263.000,20,320.000,1,0,30,
120316100000,250.000,5,248.000,50,247.000,9,245.000,29,244.000,20,241.000,20,256.000,50,259.000,20,260.000,29,263.000,20,320.000,1,0,30,
120317617000,250.000,5,248.000,50,247.000,9,245.000,29,244.000,20,86.000,1,256.000,30,259.000,20,260.000,29,263.000,20,320.000,1,0,30,
120317618000,250.000,5,248.000,30,247.000,9,245.000,29,244.000,20,86.000,1,256.000,30,259.000,20,260.000,29,320.000,1,400.000,1,0,30,
120317618000,250.000,5,248.000,30,247.000,29,245.000,29,244.000,20,86.000,1,256.000,30,259.000,20,260.000,29,262.000,20,320.000,1,0,30,
120317802000,250.000,5,248.000,30,247.000,29,245.000,29,244.000,20,240.000,20,255.000,20,256.000,30,259.000,20,260.000,29,262.000,20,0,30,
120317802000,250.000,5,248.000,30,247.000,29,245.000,29,244.000,20,240.000,20,255.000,29,256.000,30,259.000,20,260.000,29,262.000,20,0,30,
120318118000,250.000,5,248.000,30,247.000,9,245.000,29,244.000,20,240.000,20,255.000,29,256.000,30,259.000,20,260.000,29,320.000,1,0,30,
120318118000,250.000,5,248.000,30,247.000,9,246.000,20,245.000,29,244.000,20,255.000,29,256.000,30,259.000,20,260.000,29,261.000,20,0,30,
120319118000,250.000,5,248.000,30,247.000,9,245.000,29,244.000,20,240.000,20,255.000,29,256.000,30,259.000,20,260.000,29,320.000,1,0,30,
120319118000,250.000,5,248.000,30,247.000,29,245.000,29,244.000,20,240.000,20,255.000,29,256.000,30,259.000,20,260.000,29,262.000,20,0,30,
120320868000,250.000,5,248.000,30,247.000,9,245.000,29,244.000,20,240.000,20,255.000,29,256.000,30,259.000,20,260.000,29,320.000,1,0,30,
120320868000,250.000,5,248.000,30,247.000,9,246.000,20,245.000,29,244.000,20,255.000,29,256.000,30,259.000,20,260.000,29,261.000,20,0,30,
120322993000,250.000,5,248.000,30,247.000,9,245.000,29,244.000,20,240.000,20,255.000,29,256.000,30,259.000,20,260.000,29,320.000,1,0,30,
120322993000,250.000,5,248.000,30,247.000,29,245.000,29,244.000,20,240.000,20,255.000,29,256.000,30,259.000,20,260.000,29,262.000,20,0,30,
120323240000,250.000,5,248.000,30,247.000,29,245.000,29,244.000,20,86.000,1,255.000,9,256.000,30,259.000,20,260.000,29,262.000,20,0,30,
120323240000,250.000,5,248.000,30,247.000,29,245.000,29,244.000,20,241.000,20,255.000,9,256.000,50,259.000,20,260.000,29,262.000,20,0,30,
120323240000,250.000,5,248.000,30,247.000,29,245.000,29,244.000,20,241.000,20,256.000,50,259.000,20,260.000,29,262.000,20,320.000,1,0,30,
120323244000,250.000,5,248.000,30,247.000,9,245.000,29,244.000,20,241.000,20,256.000,50,259.000,20,260.000,29,320.000,1,400.000,1,0,30,
120323244000,250.000,5,248.000,50,247.000,9,245.000,29,244.000,20,241.000,20,256.000,50,259.000,20,260.000,29,263.000,20,320.000,1,0,30,
120324365000,250.000,5,248.000,50,247.000,9,245.000,29,244.000,20,86.000,1,256.000,30,259.000,20,260.000,29,263.000,20,320.000,1,0,30,
120324365000,250.000,5,248.000,50,247.000,9,245.000,29,244.000,20,240.000,20,255.000,20,256.000,30,259.000,20,260.000,29,263.000,20,0,30,
120324365000,250.000,5,248.000,50,247.000,9,245.000,29,244.000,20,240.000,20,255.000,29,256.000,30,259.000,20,260.000,29,263.000,20,0,30,
120324995000,250.000,5,248.000,30,247.000,9,245.000,29,244.000,20,240.000,20,255.000,29,256.000,30,259.000,20,260.000,29,320.000,1,0,30,
120324995000,250.000,5,248.000,30,247.000,29,245.000,29,244.000,20,240.000,20,255.000,29,256.000,30,259.000,20,260.000,29,262.000,20,0,30,
120335000000,250.000,5,248.000,30,247.000,29,245.000,29,240.000,20,86.000,1,255.000,29,256.000,30,260.000,29,262.000,20,320.000,1,0,30,
120335528000,250.000,5,248.000,30,247.000,29,245.000,29,244.000,20,240.000,20,255.000,29,256.000,30,259.000,20,260.000,29,262.000,20,0,30,
120336076000,250.000,5,248.000,9,247.000,29,245.000,29,244.000,20,240.000,20,255.000,29,256.000,9,259.000,20,260.000,29,262.000,20,0,30,
120336076000,250.000,5,248.000,9,247.000,50,245.000,29,244.000,20,240.000,20,255.000,50,256.000,9,259.000,20,260.000,29,262.000,20,0,30,
120336077000,250.000,5,247.000,50,245.000,29,244.000,20,240.000,20,86.000,1,255.000,50,256.000,9,259.000,20,260.000,29,262.000,20,0,30,
120336118000,250.000,5,247.000,30,245.000,29,244.000,20,240.000,20,86.000,1,255.000,50,256.000,9,259.000,20,260.000,29,320.000,1,0,30,
120336118000,250.000,5,247.000,30,246.000,20,245.000,29,244.000,20,240.000,20,255.000,50,256.000,9,259.000,20,260.000,29,261.000,20,0,30,
120336158000,250.000,5,247.000,30,246.000,20,245.000,29,244.000,20,86.000,1,255.000,30,256.000,9,259.000,20,260.000,29,261.000,20,0,30,
120336158000,250.000,5,247.000,30,246.000,20,245.000,29,244.000,20,239.000,20,254.000,20,255.000,30,256.000,9,259.000,20,260.000,29,0,30,
120336182000,250.000,5,247.000,30,246.000,20,245.000,29,244.000,20,239.000,20,254.000,20,255.000,30,256.000,9,259.000,20,260.000,20,0,30,
120336184000,250.000,5,247.000,30,246.000,20,245.000,29,244.000,20,239.000,20,254.000,20,255.000,30,256.000,9,258.000,9,259.000,20,0,30,
120336442000,250.000,5,247.000,30,246.000,20,245.000,29,244.000,20,239.000,20,254.000,29,255.000,30,256.000,9,258.000,9,259.000,20,0,30,
120336506000,250.000,5,247.000,30,246.000,20,245.000,29,244.000,20,239.000,20,254.000,29,255.000,30,258.000,9,259.000,20,260.000,20,0,30,
120336553000,250.000,5,247.000,30,246.000,20,245.000,29,244.000,20,86.000,1,254.000,9,255.000,30,258.000,9,259.000,20,260.000,20,0,30,
120336553000,250.000,5,247.000,30,246.000,20,245.000,29,244.000,20,86.000,1,255.000,30,258.000,9,259.000,20,260.000,20,261.000,20,0,30,
120336908000,250.000,5,247.000,30,246.000,20,245.000,29,244.000,20,240.000,20,255.000,50,258.000,9,259.000,20,260.000,20,261.000,20,0,30,
120337176000,250.000,5,247.000,9,246.000,20,245.000,29,244.000,20,240.000,20,255.000,29,258.000,9,259.000,20,260.000,20,261.000,20,0,30,
120337176000,250.000,5,247.000,30,246.000,20,245.000,29,244.000,20,240.000,20,254.000,21,255.000,29,258.000,9,259.000,20,260.000,20,0,30,
120337176000,250.000,5,247.000,30,246.000,29,245.000,29,244.000,20,240.000,20,254.000,21,255.000,29,258.000,9,259.000,20,260.000,20,0,30,
120337176000,250.000,5,247.000,30,246.000,29,245.000,29,244.000,20,240.000,20,254.000,30,255.000,29,258.000,9,259.000,20,260.000,20,0,30,
120337176000,250.000,5,247.000,21,246.000,29,245.000,29,244.000,20,240.000,20,254.000,30,255.000,29,258.000,9,259.000,20,260.000,20,0,30,
120337176000,250.000,5,247.000,30,246.000,29,245.000,29,244.000,20,240.000,20,254.000,30,255.000,29,258.000,9,259.000,20,260.000,20,0,30,
120337610000,250.000,5,247.000,9,246.000,29,245.000,29,244.000,20,240.000,20,254.000,9,255.000,29,258.000,9,259.000,20,260.000,20,0,30,
120337610000,250.000,5,247.000,30,246.000,29,245.000,29,244.000,20,240.000,20,254.000,9,255.000,50,258.000,9,259.000,20,260.000,20,0,30,
120337610000,250.000,5,247.000,30,246.000,29,245.000,29,244.000,20,240.000,20,255.000,50,258.000,9,259.000,20,260.000,20,261.000,20,0,30,
120337610000,250.000,5,247.000,21,246.000,29,245.000,29,244.000,20,240.000,20,255.000,50,258.000,9,259.000,20,260.000,20,261.000,20,0,30,
120337610000,250.000,5,247.000,30,246.000,29,245.000,29,244.000,20,240.000,20,255.000,50,258.000,9,259.000,20,260.000,20,261.000,20,0,30,
120337743000,250.000,5,247.000,30,246.000,9,245.000,29,244.000,20,240.000,20,255.000,50,258.000,9,259.000,20,260.000,20,320.000,1,0,30,
120337743000,250.000,5,247.000,50,246.000,9,245.000,29,244.000,20,240.000,20,255.000,50,258.000,9,259.000,20,260.000,20,262.000,20,0,30,
120339243000,250.000,5,247.000,30,246.000,9,245.000,29,244.000,20,240.000,20,255.000,50,258.000,9,259.000,20,260.000,20,320.000,1,0,30,
120339243000,250.000,5,247.000,30,246.000,29,245.000,29,244.000,20,240.000,20,255.000,50,258.000,9,259.000,20,260.000,20,261.000,20,0,30,
120339269000,250.000,5,247.000,30,246.000,29,245.000,29,244.000,20,86.000,1,255.000,30,258.000,9,259.000,20,260.000,20,261.000,20,0,30,
120339269000,250.000,5,247.000,30,246.000,29,245.000,29,244.000,20,239.000,20,254.000,20,255.000,30,258.000,9,259.000,20,260.000,20,0,30,
120339639000,250.000,5,247.000,30,246.000,29,245.000,29,244.000,20,86.000,1,255.000,30,258.000,9,259.000,20,260.000,20,261.000,20,0,30,
120339889000,250.000,5,247.000,30,246.000,29,245.000,29,244.000,20,239.000,20,254.000,20,255.000,30,258.000,9,259.000,20,260.000,20,0,30,
120340140000,250.000,5,247.000,30,246.000,29,245.000,29,244.000,20,86.000,1,255.000,30,258.000,9,259.000,20,260.000,20,261.000,20,0,30,
120340389000,250.000,5,247.000,30,246.000,29,245.000,29,244.000,20,240.000,20,255.000,50,258.000,9,259.000,20,260.000,20,261.000,20,0,30,
120345493000,250.000,5,247.000,30,246.000,9,245.000,29,244.000,20,240.000,20,255.000,50,258.000,9,259.000,20,260.000,20,320.000,1,0,30,
120345493000,250.000,5,247.000,50,246.000,9,245.000,29,244.000,20,240.000,20,255.000,50,258.000,9,259.000,20,260.000,20,262.000,20,0,30,
120346118000,250.000,5,247.000,50,246.000,9,245.000,29,244.000,20,86.000,1,255.000,30,258.000,9,259.000,20,260.000,20,262.000,20,0,30,
120346118000,250.000,5,247.000,50,246.000,9,245.000,29,244.000,20,241.000,20,255.000,30,256.000,20,258.000,9,259.000,20,260.000,20,0,30,
120346869000,250.000,5,247.000,50,246.000,9,245.000,29,244.000,20,86.000,1,255.000,30,258.000,9,259.000,20,260.000,20,262.000,20,0,30,
120346869000,250.000,5,247.000,50,246.000,9,245.000,29,244.000,20,240.000,20,255.000,50,258.000,9,259.000,20,260.000,20,262.000,20,0,30,
120346994000,250.000,5,247.000,50,246.000,9,245.000,29,244.000,20,86.000,1,255.000,30,258.000,9,259.000,20,260.000,20,262.000,20,0,30,
120347293000,250.000,5,247.000,29,246.000,9,245.000,29,244.000,20,86.000,1,255.000,9,258.000,9,259.000,20,260.000,20,262.000,20,0,30,
120347293000,250.000,5,248.000,21,247.000,29,246.000,9,245.000,29,244.000,20,255.000,9,256.000,21,258.000,9,259.000,20,260.000,20,0,30,
120347293000,250.000,5,248.000,21,247.000,29,246.000,9,245.000,29,244.000,20,256.000,21,258.000,9,259.000,20,260.000,20,262.000,20,0,30,
120347293000,250.000,5,248.000,21,247.000,29,246.000,9,245.000,29,244.000,20,256.000,21,258.000,18,259.000,20,260.000,20,262.000,20,0,30,
120347293000,250.000,5,248.000,30,247.000,29,246.000,9,245.000,29,244.000,20,256.000,21,258.000,18,259.000,20,260.000,20,262.000,20,0,30,
120347293000,250.000,5,248.000,30,247.000,29,246.000,9,245.000,29,244.000,20,256.000,30,258.000,18,259.000,20,260.000,20,262.000,20,0,30,
120347368000,250.000,5,248.000,30,247.000,29,246.000,9,245.000,29,244.000,20,256.000,50,258.000,18,259.000,20,260.000,20,262.000,20,0,30,
120347506000,250.000,5,248.000,30,247.000,29,245.000,29,244.000,20,241.000,20,256.000,50,258.000,18,259.000,20,260.000,20,262.000,20,0,30,
120347634000,250.000,5,248.000,30,247.000,29,245.000,29,244.000,20,241.000,20,256.000,50,258.000,9,259.000,20,260.000,20,262.000,20,0,30,
120347635000,250.000,5,248.000,30,247.000,29,245.000,29,241.000,20,86.000,1,256.000,50,258.000,9,260.000,20,262.000,20,320.000,1,0,30,
120347743000,250.000,5,248.000,30,247.000,9,245.000,29,241.000,20,86.000,1,256.000,50,258.000,9,260.000,20,320.000,1,400.000,1,0,30,
120347743000,250.000,5,248.000,50,247.000,9,245.000,29,241.000,20,86.000,1,256.000,50,258.000,9,260.000,20,263.000,20,320.000,1,0,30,
120347758000,250.000,5,248.000,50,247.000,9,245.000,29,241.000,20,86.000,1,256.000,50,258.000,9,260.000,29,263.000,20,320.000,1,0,30,
120347791000,250.000,5,248.000,50,247.000,9,245.000,49,241.000,20,86.000,1,256.000,50,258.000,9,260.000,49,263.000,20,320.000,1,0,30,
120352869000,250.000,5,248.000,30,247.000,9,245.000,49,241.000,20,86.000,1,256.000,50,258.000,9,260.000,49,320.000,1,400.000,1,0,30,
120352869000,250.000,5,248.000,30,247.000,29,245.000,49,241.000,20,86.000,1,256.000,50,258.000,9,260.000,49,262.000,20,320.000,1,0,30,
120352905000,250.000,5,248.000,30,247.000,29,245.000,49,86.000,1,84.000,3,256.000,30,258.000,9,260.000,49,262.000,20,320.000,1,0,30,
120352905000,250.000,5,248.000,30,247.000,29,245.000,49,240.000,20,86.000,1,255.000,20,256.000,30,258.000,9,260.000,49,262.000,20,0,30,
120352905000,250.000,5,248.000,30,247.000,29,245.000,49,240.000,20,86.000,1,255.000,29,256.000,30,258.000,9,260.000,49,262.000,20,0,30,
120353006000,250.000,5,248.000,30,247.000,29,245.000,49,240.000,20,86.000,1,255.000,29,256.000,30,260.000,49,262.000,20,320.000,1,0,30,
120355502000,250.000,5,248.000,30,247.000,29,245.000,49,86.000,1,84.000,3,255.000,9,256.000,30,260.000,49,262.000,20,320.000,1,0,30,
120355502000,250.000,5,248.000,30,247.000,29,245.000,49,241.000,20,86.000,1,255.000,9,256.000,50,260.000,49,262.000,20,320.000,1,0,30,
120355503000,250.000,5,248.000,30,247.000,29,245.000,49,241.000,20,86.000,1,256.000,50,260.000,49,262.000,20,320.000,1,400.000,1,0,30,
120355618000,250.000,5,248.000,30,247.000,9,245.000,49,241.000,20,86.000,1,256.000,50,260.000,49,320.000,1,400.000,1,414.000,1,0,30,
120355618000,250.000,5,248.000,50,247.000,9,245.000,49,241.000,20,86.000,1,256.000,50,260.000,49,263.000,20,320.000,1,400.000,1,0,30,
120357612000,250.000,5,248.000,50,247.000,9,245.000,49,86.000,1,84.000,3,256.000,30,260.000,49,263.000,20,320.000,1,400.000,1,0,30,
120357612000,250.000,5,248.000,50,247.000,9,245.000,49,240.000,20,86.000,1,255.000,20,256.000,30,260.000,49,263.000,20,320.000,1,0,30,
120357622000,250.000,5,248.000,30,247.000,9,245.000,49,240.000,20,86.000,1,255.000,20,256.000,30,260.000,49,320.000,1,400.000,1,0,30,
120357622000,250.000,5,248.000,30,247.000,29,245.000,49,240.000,20,86.000,1,255.000,20,256.000,30,260.000,49,262.000,20,320.000,1,0,30,
120357986000,250.000,5,248.000,30,247.000,29,245.000,49,86.000,1,84.000,3,256.000,30,260.000,49,262.000,20,320.000,1,400.000,1,0,30,
120358111000,250.000,5,248.000,30,247.000,29,245.000,49,241.000,20,86.000,1,256.000,50,260.000,49,262.000,20,320.000,1,400.000,1,0,30,
120359111000,250.000,5,248.000,30,247.000,29,245.000,49,86.000,1,84.000,3,256.000,30,260.000,49,262.000,20,320.000,1,400.000,1,0,30,
120359111000,250.000,5,248.000,30,247.000,29,245.000,49,240.000,20,86.000,1,255.000,20,256.000,30,260.000,49,262.000,20,320.000,1,0,30,
120359112000,250.000,5,248.000,30,247.000,29,245.000,49,240.000,20,86.000,1,255.000,29,256.000,30,260.000,49,262.000,20,320.000,1,0,30,
120359361000,250.000,5,248.000,30,247.000,29,245.000,49,86.000,1,84.000,3,255.000,9,256.000,30,260.000,49,262.000,20,320.000,1,0,30,
120359361000,250.000,5,248.000,30,247.000,29,245.000,49,86.000,1,84.000,3,256.000,30,260.000,49,262.000,20,320.000,1,400.000,1,0,30,
120359610000,250.000,5,248.000,30,247.000,29,245.000,49,241.000,20,86.000,1,256.000,50,260.000,49,262.000,20,320.000,1,400.000,1,0,30,
120359724000,250.000,5,248.000,30,247.000,29,245.000,49,86.000,1,84.000,3,256.000,30,260.000,49,262.000,20,320.000,1,400.000,1,0,30,
120400167000,250.000,5,248.000,30,247.000,29,245.000,49,240.000,20,86.000,1,255.000,20,256.000,30,260.000,49,262.000,20,320.000,1,0,30,
120400167000,250.000,5,248.000,30,247.000,29,245.000,49,240.000,20,86.000,1,255.000,29,256.000,30,260.000,49,262.000,20,320.000,1,0,30,
120405243000,250.000,5,248.000,30,247.000,9,245.000,49,240.000,20,86.000,1,255.000,29,256.000,30,260.000,49,320.000,1,400.000,1,0,30,
120405243000,250.000,5,248.000,50,247.000,9,245.000,49,240.000,20,86.000,1,255.000,29,256.000,30,260.000,49,263.000,20,320.000,1,0,30,
120407800000,250.000,5,248.000,50,247.000,9,245.000,29,240.000,20,86.000,1,255.000,29,256.000,30,260.000,29,263.000,20,320.000,1,0,30,
120408517000,250.000,5,248.000,50,247.000,9,245.000,49,240.000,20,86.000,1,255.000,29,256.000,30,260.000,49,263.000,20,320.000,1,0,30,
120408658000,250.000,5,248.000,50,247.000,9,245.000,49,86.000,1,84.000,3,255.000,9,256.000,30,260.000,49,263.000,20,320.000,1,0,30,
120408658000,250.000,5,248.000,50,247.000,9,245.000,49,241.000,20,86.000,1,255.000,9,256.000,50,260.000,49,263.000,20,320.000,1,0,30,
120408658000,250.000,5,248.000,50,247.000,9,245.000,49,241.000,20,86.000,1,256.000,50,260.000,49,263.000,20,320.000,1,400.000,1,0,30,
120408869000,250.000,5,248.000,30,247.000,9,245.000,49,241.000,20,86.000,1,256.000,50,260.000,49,320.000,1,400.000,1,414.000,1,0,30,
120408869000,250.000,5,249.000,20,248.000,30,247.000,9,245.000,49,241.000,20,256.000,50,260.000,49,264.000,20,320.000,1,400.000,1,0,30,
120408869000,250.000,5,249.000,29,248.000,30,247.000,9,245.000,49,241.000,20,256.000,50,260.000,49,264.000,20,320.000,1,400.000,1,0,30,
120409006000,250.000,5,249.000,29,248.000,30,245.000,49,241.000,20,86.000,1,256.000,50,260.000,49,264.000,20,320.000,1,400.000,1,0,30,
120409118000,250.000,5,249.000,9,248.000,30,245.000,49,241.000,20,86.000,1,256.000,50,260.000,49,320.000,1,400.000,1,414.000,1,0,30,
120409118000,250.000,5,249.000,9,248.000,50,245.000,49,241.000,20,86.000,1,256.000,50,260.000,49,263.000,20,320.000,1,400.000,1,0,30,
120409118000,250.000,5,248.000,50,245.000,49,241.000,20,86.000,1,84.000,3,256.000,50,260.000,49,263.000,20,320.000,1,400.000,1,0,30,
120411869000,250.000,5,248.000,50,245.000,49,86.000,1,84.000,3,39.000,20,256.000,30,260.000,49,263.000,20,320.000,1,400.000,1,0,30,
120411869000,250.000,5,248.000,50,245.000,49,240.000,20,86.000,1,84.000,3,255.000,20,256.000,30,260.000,49,263.000,20,320.000,1,0,30,
120411869000,250.000,5,248.000,50,245.000,49,240.000,20,86.000,1,84.000,3,255.000,29,256.000,30,260.000,49,263.000,20,320.000,1,0,30,
120412760000,250.000,5,248.000,50,245.000,49,86.000,1,84.000,3,39.000,20,255.000,9,256.000,30,260.000,49,263.000,20,320.000,1,0,30,
120412760000,250.000,5,248.000,50,245.000,49,241.000,20,86.000,1,84.000,3,255.000,9,256.000,50,260.000,49,263.000,20,320.000,1,0,30,
120412760000,250.000,5,248.000,50,245.000,49,241.000,20,86.000,1,84.000,3,256.000,50,260.000,49,263.000,20,320.000,1,400.000,1,0,30,
120413132000,250.000,5,248.000,50,245.000,49,86.000,1,84.000,3,39.000,20,256.000,30,260.000,49,263.000,20,320.000,1,400.000,1,0,30,
120413382000,250.000,5,248.000,50,245.000,49,240.000,20,86.000,1,84.000,3,255.000,20,256.000,30,260.000,49,263.000,20,320.000,1,0,30,
120413990000,250.000,5,248.000,50,245.000,49,240.000,20,86.000,1,84.000,3,255.000,29,256.000,30,260.000,49,263.000,20,320.000,1,0,30,
120414008000,250.000,5,248.000,50,245.000,49,86.000,1,84.000,3,39.000,20,255.000,9,256.000,30,260.000,49,263.000,20,320.000,1,0,30,
120414008000,250.000,5,248.000,50,245.000,49,241.000,20,86.000,1,84.000,3,255.000,9,256.000,50,260.000,49,263.000,20,320.000,1,0,30,
120414008000,250.000,5,248.000,50,245.000,49,241.000,20,86.000,1,84.000,3,256.000,50,260.000,49,263.000,20,320.000,1,400.000,1,0,30,
120415257000,250.000,5,248.000,50,245.000,49,86.000,1,84.000,3,39.000,20,256.000,30,260.000,49,263.000,20,320.000,1,400.000,1,0,30,
120415257000,250.000,5,248.000,50,245.000,49,240.000,20,86.000,1,84.000,3,255.000,20,256.000,30,260.000,49,263.000,20,320.000,1,0,30,
120415258000,250.000,5,248.000,50,245.000,49,240.000,20,86.000,1,84.000,3,255.000,29,256.000,30,260.000,49,263.000,20,320.000,1,0,30,
120416008000,250.000,5,248.000,50,245.000,49,86.000,1,84.000,3,39.000,20,255.000,9,256.000,30,260.000,49,263.000,20,320.000,1,0,30,
120416008000,250.000,5,248.000,50,245.000,49,241.000,20,86.000,1,84.000,3,255.000,9,256.000,50,260.000,49,263.000,20,320.000,1,0,30,
120416008000,250.000,5,248.000,50,245.000,49,241.000,20,86.000,1,84.000,3,256.000,50,260.000,49,263.000,20,320.000,1,400.000,1,0,30,
120416118000,250.000,5,248.000,30,245.000,49,241.000,20,86.000,1,84.000,3,256.000,50,260.000,49,320.000,1,400.000,1,414.000,1,0,30,
120416118000,250.000,5,249.000,20,248.000,30,245.000,49,241.000,20,86.000,1,256.000,50,260.000,49,264.000,20,320.000,1,400.000,1,0,30,
120416935000,250.000,5,249.000,29,248.000,30,245.000,49,241.000,20,86.000,1,256.000,50,260.000,49,264.000,20,320.000,1,400.000,1,0,30,
120418496000,250.000,5,249.000,9,248.000,30,245.000,49,241.000,20,86.000,1,256.000,50,260.000,49,320.000,1,400.000,1,414.000,1,0,30,
120418496000,250.000,5,249.000,9,248.000,50,245.000,49,241.000,20,86.000,1,256.000,50,260.000,49,263.000,20,320.000,1,400.000,1,0,30,
120418497000,250.000,5,249.000,9,248.000,50,245.000,49,86.000,1,84.000,3,256.000,30,260.000,49,263.000,20,320.000,1,400.000,1,0,30,
120418497000,250.000,5,249.000,9,248.000,50,245.000,49,240.000,20,86.000,1,255.000,20,256.000,30,260.000,49,263.000,20,320.000,1,0,30,
120418498000,250.000,5,248.000,50,245.000,49,240.000,20,86.000,1,84.000,3,255.000,20,256.000,30,260.000,49,263.000,20,320.000,1,0,30,
120418498000,250.000,5,248.000,50,245.000,49,240.000,20,86.000,1,84.000,3,255.000,29,256.000,30,260.000,49,263.000,20,320.000,1,0,30,
120421258000,250.000,5,248.000,50,245.000,49,86.000,1,84.000,3,39.000,20,255.000,9,256.000,30,260.000,49,263.000,20,320.000,1,0,30,
120421258000,250.000,5,248.000,50,245.000,49,241.000,20,86.000,1,84.000,3,255.000,9,256.000,50,260.000,49,263.000,20,320.000,1,0,30,
120421258000,250.000,5,248.000,50,245.000,49,241.000,20,86.000,1,84.000,3,256.000,50,260.000,49,263.000,20,320.000,1,400.000,1,0,30,
120422383000,250.000,5,248.000,50,245.000,49,86.000,1,84.000,3,39.000,20,256.000,30,260.000,49,263.000,20,320.000,1,400.000,1,0,30,
120422383000,250.000,5,248.000,50,245.000,49,240.000,20,86.000,1,84.000,3,255.000,20,256.000,30,260.000,49,263.000,20,320.000,1,0,30,
120422383000,250.000,5,248.000,50,245.000,49,240.000,20,86.000,1,84.000,3,255.000,29,256.000,30,260.000,49,263.000,20,320.000,1,0,30,
120423368000,250.000,5,248.000,30,245.000,49,240.000,20,86.000,1,84.000,3,255.000,29,256.000,30,260.000,49,320.000,1,400.000,1,0,30,
120423368000,250.000,5,248.000,30,247.000,20,245.000,49,240.000,20,86.000,1,255.000,29,256.000,30,260.000,49,262.000,20,320.000,1,0,30,
120428365000,250.000,5,248.000,30,247.000,20,245.000,29,240.000,20,86.000,1,255.000,29,256.000,30,260.000,29,262.000,20,320.000,1,0,30,
120429121000,250.000,5,248.000,30,247.000,20,245.000,29,244.000,20,240.000,20,255.000,29,256.000,30,259.000,20,260.000,29,262.000,20,0,30,
120433800000,250.000,5,248.000,30,247.000,20,245.000,29,244.000,20,86.000,1,255.000,9,256.000,30,259.000,20,260.000,29,262.000,20,0,30,
120433800000,250.000,5,248.000,30,247.000,20,245.000,29,244.000,20,86.000,1,256.000,30,259.000,20,260.000,29,262.000,20,320.000,1,0,30,
120433837000,250.000,5,248.000,9,247.000,20,245.000,29,244.000,20,86.000,1,256.000,9,259.000,20,260.000,29,262.000,20,320.000,1,0,30,
120433837000,250.000,5,248.000,9,247.000,41,245.000,29,244.000,20,86.000,1,256.000,30,259.000,20,260.000,29,262.000,20,320.000,1,0,30,
120433838000,250.000,5,248.000,9,247.000,21,245.000,29,244.000,20,86.000,1,256.000,30,259.000,20,260.000,29,320.000,1,400.000,1,0,30,
120433838000,250.000,5,248.000,9,247.000,21,246.000,20,245.000,29,244.000,20,256.000,30,259.000,20,260.000,29,261.000,20,320.000,1,0,30,
120433839000,250.000,5,248.000,9,247.000,30,246.000,20,245.000,29,244.000,20,256.000,30,259.000,20,260.000,29,261.000,20,320.000,1,0,30,
120433839000,250.000,5,248.000,9,247.000,30,246.000,20,245.000,29,244.000,20,256.000,30,259.000,29,260.000,29,261.000,20,320.000,1,0,30,
120433839000,250.000,5,248.000,9,247.000,30,246.000,20,245.000,29,244.000,20,256.000,21,259.000,29,260.000,29,261.000,20,320.000,1,0,30,
120433839000,250.000,5,247.000,30,246.000,20,245.000,29,244.000,20,86.000,1,256.000,21,259.000,29,260.000,29,261.000,20,320.000,1,0,30,
120433839000,250.000,5,247.000,30,246.000,20,245.000,29,244.000,20,86.000,1,256.000,30,259.000,29,260.000,29,261.000,20,320.000,1,0,30,
120433842000,250.000,5,247.000,30,246.000,20,245.000,29,244.000,20,239.000,20,254.000,20,256.000,30,259.000,29,260.000,29,261.000,20,0,30,
120433842000,250.000,5,247.000,30,246.000,20,245.000,29,244.000,20,239.000,20,254.000,29,256.000,30,259.000,29,260.000,29,261.000,20,0,30,
120433978000,250.000,5,247.000,30,246.000,20,245.000,9,244.000,20,239.000,20,254.000,29,256.000,30,259.000,29,260.000,9,261.000,20,0,30,
120434006000,250.000,5,247.000,30,246.000,20,245.000,9,244.000,20,243.000,20,254.000,29,256.000,30,258.000,20,259.000,29,260.000,9,0,30,
120434006000,250.000,5,247.000,30,246.000,20,245.000,9,244.000,20,243.000,20,254.000,29,256.000,30,258.000,20,259.000,20,260.000,9,0,30,
120434022000,250.000,5,247.000,30,246.000,20,245.000,9,244.000,20,243.000,20,254.000,29,256.000,30,258.000,20,259.000,20,261.000,20,0,30,
120434024000,250.000,5,247.000,30,246.000,20,245.000,9,243.000,20,239.000,20,254.000,29,256.000,30,258.000,20,261.000,20,320.000,1,0,30,
120434024000,250.000,5,247.000,30,246.000,20,245.000,9,243.000,20,239.000,20,254.000,29,256.000,30,258.000,29,261.000,20,320.000,1,0,30,
120434233000,250.000,5,247.000,30,246.000,20,245.000,9,243.000,40,239.000,20,254.000,29,256.000,30,258.000,49,261.000,20,320.000,1,0,30,
120434894000,250.000,5,247.000,9,246.000,20,245.000,9,243.000,40,239.000,20,254.000,29,256.000,9,258.000,49,261.000,20,320.000,1,0,30,
120434894000,250.000,5,247.000,30,246.000,20,245.000,9,243.000,40,239.000,20,254.000,29,255.000,21,256.000,9,258.000,49,261.000,20,0,30,
120434895000,250.000,5,247.000,30,246.000,29,245.000,9,243.000,40,239.000,20,254.000,29,255.000,21,256.000,9,258.000,49,261.000,20,0,30,
120434895000,250.000,5,247.000,21,246.000,29,245.000,9,243.000,40,239.000,20,254.000,29,255.000,21,256.000,9,258.000,49,261.000,20,0,30,
120434895000,250.000,5,247.000,30,246.000,29,245.000,9,243.000,40,239.000,20,254.000,29,255.000,21,256.000,9,258.000,49,261.000,20,0,30,
120435971000,250.000,5,247.000,30,246.000,29,245.000,9,243.000,40,86.000,1,254.000,9,255.000,21,256.000,9,258.000,49,261.000,20,0,30,
120435971000,250.000,5,247.000,30,246.000,29,245.000,9,243.000,40,240.000,20,254.000,9,255.000,41,256.000,9,258.000,49,261.000,20,0,30,
120435971000,250.000,5,247.000,30,246.000,29,245.000,9,243.000,40,240.000,20,255.000,41,256.000,9,258.000,49,261.000,20,320.000,1,0,30,
120435971000,250.000,5,247.000,30,246.000,29,245.000,9,243.000,40,240.000,20,255.000,50,256.000,9,258.000,49,261.000,20,320.000,1,0,30,
120436400000,250.000,5,247.000,30,246.000,29,245.000,9,243.000,40,86.000,1,255.000,30,256.000,9,258.000,49,261.000,20,320.000,1,0,30,
120436526000,250.000,5,247.000,30,246.000,29,245.000,9,243.000,40,240.000,20,255.000,50,256.000,9,258.000,49,261.000,20,320.000,1,0,30,
120436957000,250.000,5,247.000,30,246.000,29,245.000,9,243.000,40,86.000,1,255.000,30,256.000,9,258.000,49,261.000,20,320.000,1,0,30,
120437096000,250.000,5,247.000,30,246.000,29,245.000,9,243.000,40,239.000,20,254.000,20,255.000,30,256.000,9,258.000,49,261.000,20,0,30,
120437096000,250.000,5,247.000,30,246.000,29,245.000,9,243.000,40,239.000,20,254.000,29,255.000,30,256.000,9,258.000,49,261.000,20,0,30,
120437315000,250.000,5,247.000,9,246.000,29,245.000,9,243.000,40,239.000,20,254.000,29,255.000,9,256.000,9,258.000,49,261.000,20,0,30,
120437315000,250.000,5,247.000,30,246.000,29,245.000,9,243.000,40,239.000,20,254.000,50,255.000,9,256.000,9,258.000,49,261.000,20,0,30,
120437315000,250.000,5,247.000,21,246.000,29,245.000,9,243.000,40,239.000,20,254.000,50,255.000,9,256.000,9,258.000,49,261.000,20,0,30,
120437316000,250.000,5,247.000,30,246.000,29,245.000,9,243.000,40,239.000,20,254.000,50,255.000,9,256.000,9,258.000,49,261.000,20,0,30,
120437505000,250.000,5,247.000,30,246.000,29,245.000,9,243.000,40,239.000,20,254.000,50,255.000,9,258.000,49,261.000,20,320.000,1,0,30,
120437595000,250.000,5,247.000,30,246.000,29,243.000,40,239.000,20,86.000,1,254.000,50,255.000,9,258.000,49,261.000,20,320.000,1,0,30,
120437619000,250.000,5,247.000,30,246.000,9,243.000,40,239.000,20,86.000,1,254.000,50,255.000,9,258.000,49,320.000,1,400.000,1,0,30,
120437619000,250.000,5,247.000,30,246.000,9,245.000,20,243.000,40,239.000,20,254.000,50,255.000,9,258.000,49,260.000,20,320.000,1,0,30,
120437718000,250.000,5,247.000,30,246.000,9,245.000,20,243.000,40,86.000,1,254.000,30,255.000,9,258.000,49,260.000,20,320.000,1,0,30,
120437718000,250.000,5,247.000,30,246.000,9,245.000,20,243.000,40,238.000,20,253.000,20,254.000,30,255.000,9,258.000,49,260.000,20,0,30,
120437718000,250.000,5,247.000,30,246.000,9,245.000,20,243.000,40,238.000,20,253.000,29,254.000,30,255.000,9,258.000,49,260.000,20,0,30,
120437719000,250.000,5,247.000,30,246.000,9,245.000,20,243.000,40,242.000,9,253.000,29,254.000,30,255.000,9,258.000,49,260.000,20,0,30,
120438006000,250.000,5,247.000,30,246.000,9,245.000,20,243.000,40,242.000,9,253.000,29,254.000,30,258.000,49,260.000,20,320.000,1,0,30,
120443278000,250.000,5,247.000,30,246.000,9,245.000,20,243.000,20,242.000,9,253.000,29,254.000,30,258.000,29,260.000,20,320.000,1,0,30,
120443296000,250.000,5,247.000,9,246.000,9,245.000,20,243.000,20,242.000,9,253.000,29,254.000,9,258.000,29,260.000,20,320.000,1,0,30,
120443296000,250.000,5,247.000,9,246.000,9,245.000,41,243.000,20,242.000,9,253.000,50,254.000,9,258.000,29,260.000,20,320.000,1,0,30,
120443297000,250.000,5,247.000,9,246.000,9,245.000,50,243.000,20,242.000,9,253.000,50,254.000,9,258.000,29,260.000,20,320.000,1,0,30,
120443297000,250.000,5,246.000,9,245.000,50,243.000,20,242.000,9,238.000,20,253.000,50,254.000,9,258.000,29,260.000,20,320.000,1,0,30,
120443368000,250.000,5,246.000,9,245.000,30,243.000,20,242.000,9,238.000,20,253.000,50,254.000,9,258.000,29,320.000,1,400.000,1,0,30,
120443368000,250.000,5,246.000,9,245.000,30,244.000,20,243.000,20,242.000,9,253.000,50,254.000,9,258.000,29,259.000,20,320.000,1,0,30,
120443473000,250.000,5,246.000,9,245.000,30,244.000,20,243.000,20,242.000,29,253.000,50,254.000,9,257.000,20,258.000,29,259.000,20,0,30,
120443502000,250.000,5,245.000,30,244.000,20,243.000,20,242.000,29,238.000,20,253.000,50,254.000,9,257.000,20,258.000,29,259.000,20,0,30,
120449495000,250.000,5,245.000,30,243.000,20,242.000,29,238.000,20,86.000,1,253.000,50,254.000,9,257.000,20,258.000,29,320.000,1,0,30,
120449495000,250.000,5,245.000,50,243.000,20,242.000,29,238.000,20,86.000,1,253.000,50,254.000,9,257.000,20,258.000,29,260.000,20,0,30,
120450320000,250.000,5,245.000,29,243.000,20,242.000,29,238.000,20,86.000,1,253.000,29,254.000,9,257.000,20,258.000,29,260.000,20,0,30,
120450320000,250.000,5,246.000,21,245.000,29,243.000,20,242.000,29,238.000,20,253.000,50,254.000,9,257.000,20,258.000,29,260.000,20,0,30,
120450320000,250.000,5,246.000,30,245.000,29,243.000,20,242.000,29,238.000,20,253.000,50,254.000,9,257.000,20,258.000,29,260.000,20,0,30,
120451320000,250.000,5,246.000,9,245.000,29,243.000,20,242.000,29,238.000,20,253.000,29,254.000,9,257.000,20,258.000,29,260.000,20,0,30,
120451320000,250.000,5,246.000,9,245.000,50,243.000,20,242.000,29,238.000,20,253.000,50,254.000,9,257.000,20,258.000,29,260.000,20,0,30,
120451320000,250.000,5,245.000,50,243.000,20,242.000,29,238.000,20,86.000,1,253.000,50,254.000,9,257.000,20,258.000,29,260.000,20,0,30,
120453657000,250.000,5,245.000,29,243.000,20,242.000,29,238.000,20,86.000,1,253.000,29,254.000,9,257.000,20,258.000,29,260.000,20,0,30,
120453657000,250.000,5,246.000,21,245.000,29,243.000,20,242.000,29,238.000,20,253.000,50,254.000,9,257.000,20,258.000,29,260.000,20,0,30,
120453657000,250.000,5,246.000,30,245.000,29,243.000,20,242.000,29,238.000,20,253.000,50,254.000,9,257.000,20,258.000,29,260.000,20,0,30,
120454640000,250.000,5,246.000,9,245.000,29,243.000,20,242.000,29,238.000,20,253.000,29,254.000,9,257.000,20,258.000,29,260.000,20,0,30,
120454640000,250.000,5,246.000,9,245.000,50,243.000,20,242.000,29,238.000,20,253.000,50,254.000,9,257.000,20,258.000,29,260.000,20,0,30,
120454640000,250.000,5,245.000,50,243.000,20,242.000,29,238.000,20,86.000,1,253.000,50,254.000,9,257.000,20,258.000,29,260.000,20,0,30,
120457369000,250.000,5,245.000,30,243.000,20,242.000,29,238.000,20,86.000,1,253.000,50,254.000,9,257.000,20,258.000,29,320.000,1,0,30,
120457369000,250.000,5,245.000,30,244.000,20,243.000,20,242.000,29,238.000,20,253.000,50,254.000,9,257.000,20,258.000,29,259.000,20,0,30,
120457378000,250.000,5,245.000,30,244.000,20,243.000,20,242.000,29,238.000,20,253.000,50,254.000,9,257.000,20,258.000,20,259.000,20,0,30,
120457378000,250.000,5,245.000,30,244.000,20,243.000,20,242.000,29,238.000,20,253.000,50,254.000,9,256.000,9,257.000,20,258.000,20,0,30,
120458376000,250.000,5,245.000,9,244.000,20,243.000,20,242.000,29,238.000,20,253.000,29,254.000,9,256.000,9,257.000,20,258.000,20,0,30,
120458376000,250.000,5,245.000,30,244.000,20,243.000,20,242.000,29,238.000,20,252.000,21,253.000,29,254.000,9,256.000,9,257.000,20,0,30,
120458377000,250.000,5,245.000,30,244.000,29,243.000,20,242.000,29,238.000,20,252.000,21,253.000,29,254.000,9,256.000,9,257.000,20,0,30,
120458377000,250.000,5,245.000,21,244.000,29,243.000,20,242.000,29,238.000,20,252.000,21,253.000,29,254.000,9,256.000,9,257.000,20,0,30,
120458377000,250.000,5,245.000,21,244.000,29,243.000,20,242.000,29,238.000,20,252.000,30,253.000,29,254.000,9,256.000,9,257.000,20,0,30,
120458377000,250.000,5,245.000,30,244.000,29,243.000,20,242.000,29,238.000,20,252.000,30,253.000,29,254.000,9,256.000,9,257.000,20,0,30,
120458505000,250.000,5,245.000,30,244.000,29,243.000,20,242.000,29,238.000,20,252.000,30,253.000,29,256.000,9,257.000,20,258.000,20,0,30,
120459324000,250.000,5,245.000,9,244.000,29,243.000,20,242.000,29,238.000,20,252.000,9,253.000,29,256.000,9,257.000,20,258.000,20,0,30,
120459324000,250.000,5,245.000,30,244.000,29,243.000,20,242.000,29,238.000,20,252.000,9,253.000,50,256.000,9,257.000,20,258.000,20,0,30,
120459324000,250.000,5,245.000,21,244.000,29,243.000,20,242.000,29,238.000,20,252.000,9,253.000,50,256.000,9,257.000,20,258.000,20,0,30,
120459324000,250.000,5,245.000,21,244.000,29,243.000,20,242.000,29,238.000,20,253.000,50,256.000,9,257.000,20,258.000,20,259.000,20,0,30,
120459324000,250.000,5,245.000,30,244.000,29,243.000,20,242.000,29,238.000,20,253.000,50,256.000,9,257.000,20,258.000,20,259.000,20,0,30,
120503500000,250.000,5,245.000,30,244.000,29,243.000,20,242.000,9,238.000,20,253.000,50,256.000,9,258.000,20,259.000,20,320.000,1,0,30,
120503640000,250.000,5,245.000,9,244.000,29,243.000,20,242.000,9,238.000,20,253.000,29,256.000,9,258.000,20,259.000,20,320.000,1,0,30,
120503640000,250.000,5,245.000,30,244.000,29,243.000,20,242.000,9,238.000,20,252.000,21,253.000,29,256.000,9,258.000,20,259.000,20,0,30,
120503641000,250.000,5,245.000,30,244.000,29,243.000,20,242.000,9,238.000,20,252.000,30,253.000,29,256.000,9,258.000,20,259.000,20,0,30,
120503641000,250.000,5,245.000,21,244.000,29,243.000,20,242.000,9,238.000,20,252.000,30,253.000,29,256.000,9,258.000,20,259.000,20,0,30,
120503770000,250.000,5,245.000,21,244.000,29,243.000,20,242.000,9,241.000,20,252.000,30,253.000,29,256.000,29,258.000,20,259.000,20,0,30,
120503814000,250.000,5,245.000,30,244.000,29,243.000,20,242.000,9,241.000,20,252.000,30,253.000,29,256.000,29,258.000,20,259.000,20,0,30,
120506696000,250.000,5,245.000,30,244.000,29,243.000,20,242.000,9,241.000,20,252.000,30,253.000,9,256.000,29,258.000,20,259.000,20,0,30,
120506696000,250.000,5,245.000,30,244.000,29,243.000,20,242.000,9,241.000,20,252.000,50,253.000,9,256.000,29,258.000,20,259.000,20,0,30,
120506820000,250.000,5,245.000,30,244.000,29,243.000,20,242.000,9,241.000,20,252.000,30,253.000,9,256.000,29,258.000,20,259.000,20,0,30,
120507196000,250.000,5,245.000,30,244.000,29,243.000,20,242.000,9,241.000,20,252.000,50,253.000,9,256.000,29,258.000,20,259.000,20,0,30,
120507368000,250.000,5,245.000,30,244.000,9,243.000,20,242.000,9,241.000,20,252.000,50,253.000,9,256.000,29,258.000,20,320.000,1,0,30,
120507368000,250.000,5,245.000,30,244.000,9,243.000,40,242.000,9,241.000,20,252.000,50,253.000,9,256.000,29,258.000,40,320.000,1,0,30,
120507570000,250.000,5,245.000,30,244.000,9,243.000,40,242.000,9,241.000,20,252.000,30,253.000,9,256.000,29,258.000,40,320.000,1,0,30,
120507820000,250.000,5,245.000,30,244.000,9,243.000,40,242.000,9,241.000,20,252.000,50,253.000,9,256.000,29,258.000,40,320.000,1,0,30,
120508070000,250.000,5,245.000,30,244.000,9,243.000,40,242.000,9,241.000,20,252.000,30,253.000,9,256.000,29,258.000,40,320.000,1,0,30,
120508320000,250.000,5,245.000,30,244.000,9,243.000,40,242.000,9,241.000,20,252.000,30,253.000,29,256.000,29,258.000,40,320.000,1,0,30,
120508368000,250.000,5,245.000,30,244.000,9,243.000,20,242.000,9,241.000,20,252.000,30,253.000,29,256.000,29,258.000,20,320.000,1,0,30,
120508368000,250.000,5,245.000,30,244.000,29,243.000,20,242.000,9,241.000,20,252.000,30,253.000,29,256.000,29,258.000,20,259.000,20,0,30,
120509006000,250.000,5,245.000,30,244.000,29,243.000,20,242.000,9,241.000,20,252.000,30,253.000,9,256.000,29,258.000,20,259.000,20,0,30,
120509006000,250.000,5,245.000,30,244.000,29,243.000,20,242.000,9,241.000,20,252.000,50,253.000,9,256.000,29,258.000,20,259.000,20,0,30,
120509369000,250.000,5,245.000,30,244.000,9,243.000,20,242.000,9,241.000,20,252.000,50,253.000,9,256.000,29,258.000,20,320.000,1,0,30,
120509369000,250.000,5,245.000,30,244.000,9,243.000,40,242.000,9,241.000,20,252.000,50,253.000,9,256.000,29,258.000,40,320.000,1,0,30,
120510619000,250.000,5,245.000,30,244.000,9,243.000,20,242.000,9,241.000,20,252.000,50,253.000,9,256.000,29,258.000,20,320.000,1,0,30,
120510619000,250.000,5,245.000,30,244.000,29,243.000,20,242.000,9,241.000,20,252.000,50,253.000,9,256.000,29,258.000,20,259.000,20,0,30,
120511794000,250.000,5,245.000,30,244.000,29,243.000,20,242.000,9,241.000,20,252.000,30,253.000,9,256.000,29,258.000,20,259.000,20,0,30,
120511794000,250.000,5,245.000,30,244.000,29,243.000,20,242.000,9,241.000,20,252.000,30,253.000,29,256.000,29,258.000,20,259.000,20,0,30,
120512329000,250.000,5,245.000,9,244.000,29,243.000,20,242.000,9,241.000,20,252.000,9,253.000,29,256.000,29,258.000,20,259.000,20,0,30,
120512329000,250.000,5,245.000,30,244.000,29,243.000,20,242.000,9,241.000,20,252.000,9,253.000,50,256.000,29,258.000,20,259.000,20,0,30,
120512329000,250.000,5,245.000,21,244.000,29,243.000,20,242.000,9,241.000,20,252.000,9,253.000,50,256.000,29,258.000,20,259.000,20,0,30,
120512329000,250.000,5,245.000,21,244.000,29,243.000,20,242.000,9,241.000,20,253.000,50,256.000,29,258.000,20,259.000,20,320.000,1,0,30,
120512330000,250.000,5,245.000,30,244.000,29,243.000,20,242.000,9,241.000,20,253.000,50,256.000,29,258.000,20,259.000,20,320.000,1,0,30,
120513033000,250.000,5,245.000,30,244.000,29,243.000,20,242.000,9,238.000,20,253.000,50,256.000,9,258.000,20,259.000,20,320.000,1,0,30,
120513280000,250.000,5,245.000,30,244.000,29,243.000,40,242.000,9,238.000,20,253.000,50,256.000,9,258.000,40,259.000,20,320.000,1,0,30,
120515640000,250.000,5,245.000,9,244.000,29,243.000,40,242.000,9,238.000,20,253.000,29,256.000,9,258.000,40,259.000,20,320.000,1,0,30,
120515640000,250.000,5,245.000,30,244.000,29,243.000,40,242.000,9,238.000,20,252.000,21,253.000,29,256.000,9,258.000,40,259.000,20,0,30,
120515640000,250.000,5,245.000,21,244.000,29,243.000,40,242.000,9,238.000,20,252.000,21,253.000,29,256.000,9,258.000,40,259.000,20,0,30,
120515641000,250.000,5,245.000,21,244.000,29,243.000,40,242.000,9,238.000,20,252.000,30,253.000,29,256.000,9,258.000,40,259.000,20,0,30,
120515641000,250.000,5,245.000,30,244.000,29,243.000,40,242.000,9,238.000,20,252.000,30,253.000,29,256.000,9,258.000,40,259.000,20,0,30,
120515749000,250.000,5,245.000,30,244.000,29,243.000,40,242.000,9,86.000,1,252.000,30,253.000,9,256.000,9,258.000,40,259.000,20,0,30,
120515749000,250.000,5,245.000,30,244.000,29,243.000,40,242.000,9,237.000,20,252.000,50,253.000,9,256.000,9,258.000,40,259.000,20,0,30,
120517010000,250.000,5,245.000,30,244.000,29,243.000,40,242.000,9,86.000,1,252.000,30,253.000,9,256.000,9,258.000,40,259.000,20,0,30,
120517010000,250.000,5,245.000,30,244.000,29,243.000,40,242.000,9,238.000,20,252.000,30,253.000,29,256.000,9,258.000,40,259.000,20,0,30,
120517022000,250.000,5,245.000,30,244.000,29,243.000,40,242.000,9,86.000,1,252.000,30,253.000,9,256.000,9,258.000,40,259.000,20,0,30,
120517624000,250.000,5,245.000,30,244.000,29,243.000,40,242.000,9,238.000,20,252.000,30,253.000,29,256.000,9,258.000,40,259.000,20,0,30,
120517785000,250.000,5,245.000,30,244.000,29,243.000,20,242.000,9,238.000,20,252.000,30,253.000,29,256.000,9,258.000,20,259.000,20,0,30,
120517875000,250.000,5,245.000,30,244.000,29,243.000,20,242.000,9,86.000,1,252.000,30,253.000,9,256.000,9,258.000,20,259.000,20,0,30,
120518248000,250.000,5,245.000,30,244.000,29,243.000,20,242.000,9,237.000,20,252.000,50,253.000,9,256.000,9,258.000,20,259.000,20,0,30,
120518381000,250.000,5,245.000,30,244.000,29,243.000,20,242.000,29,237.000,20,252.000,50,253.000,9,256.000,9,257.000,20,258.000,20,0,30,
120519369000,250.000,5,245.000,30,244.000,29,243.000,20,242.000,29,86.000,1,252.000,30,253.000,9,256.000,9,257.000,20,258.000,20,0,30,
120519369000,250.000,5,245.000,30,244.000,29,243.000,20,242.000,29,238.000,20,252.000,30,253.000,29,256.000,9,257.000,20,258.000,20,0,30,
120519494000,250.000,5,245.000,30,244.000,29,243.000,20,242.000,29,86.000,1,252.000,30,253.000,9,256.000,9,257.000,20,258.000,20,0,30,
120519870000,250.000,5,245.000,30,244.000,29,243.000,20,242.000,29,238.000,20,252.000,30,253.000,29,256.000,9,257.000,20,258.000,20,0,30,
120520332000,250.000,5,245.000,9,244.000,29,243.000,20,242.000,29,238.000,20,252.000,9,253.000,29,256.000,9,257.000,20,258.000,20,0,30,
120520333000,250.000,5,245.000,30,244.000,29,243.000,20,242.000,29,238.000,20,252.000,9,253.000,50,256.000,9,257.000,20,258.000,20,0,30,
120520333000,250.000,5,245.000,21,244.000,29,243.000,20,242.000,29,238.000,20,252.000,9,253.000,50,256.000,9,257.000,20,258.000,20,0,30,
120520333000,250.000,5,245.000,21,244.000,29,243.000,20,242.000,29,238.000,20,253.000,50,256.000,9,257.000,20,258.000,20,259.000,20,0,30,
120520333000,250.000,5,245.000,30,244.000,29,243.000,20,242.000,29,238.000,20,253.000,50,256.000,9,257.000,20,258.000,20,259.000,20,0,30,
120521495000,250.000,5,245.000,30,244.000,9,243.000,20,242.000,29,238.000,20,253.000,50,256.000,9,257.000,20,258.000,20,320.000,1,0,30,
120521495000,250.000,5,245.000,50,244.000,9,243.000,20,242.000,29,238.000,20,253.000,50,256.000,9,257.000,20,258.000,20,260.000,20,0,30,
120522659000,250.000,5,245.000,29,244.000,9,243.000,20,242.000,29,238.000,20,253.000,29,256.000,9,257.000,20,258.000,20,260.000,20,0,30,
120522659000,250.000,5,246.000,21,245.000,29,244.000,9,243.000,20,242.000,29,253.000,50,256.000,9,257.000,20,258.000,20,260.000,20,0,30,
120522659000,250.000,5,246.000,30,245.000,29,244.000,9,243.000,20,242.000,29,253.000,50,256.000,9,257.000,20,258.000,20,260.000,20,0,30,
120523006000,250.000,5,246.000,30,245.000,29,243.000,20,242.000,29,238.000,20,253.000,50,256.000,9,257.000,20,258.000,20,260.000,20,0,30,
120523477000,250.000,5,246.000,30,245.000,29,243.000,20,242.000,29,86.000,1,253.000,30,256.000,9,257.000,20,258.000,20,260.000,20,0,30,
120523477000,250.000,5,246.000,30,245.000,29,243.000,20,242.000,29,239.000,20,253.000,30,254.000,20,256.000,9,257.000,20,258.000,20,0,30,
120524450000,250.000,5,246.000,30,245.000,29,243.000,20,242.000,9,239.000,20,253.000,30,254.000,20,256.000,9,258.000,20,260.000,20,0,30,
120524616000,250.000,5,246.000,30,245.000,29,243.000,20,242.000,29,239.000,20,253.000,30,254.000,20,256.000,9,257.000,20,258.000,20,0,30,
120526724000,250.000,5,246.000,9,245.000,29,243.000,20,242.000,29,239.000,20,253.000,9,254.000,20,256.000,9,257.000,20,258.000,20,0,30,
120526724000,250.000,5,246.000,30,245.000,29,243.000,20,242.000,29,239.000,20,253.000,9,254.000,41,256.000,9,257.000,20,258.000,20,0,30,
120526725000,250.000,5,246.000,30,245.000,29,243.000,20,242.000,29,239.000,20,253.000,9,254.000,50,256.000,9,257.000,20,258.000,20,0,30,
120526725000,250.000,5,246.000,30,245.000,29,243.000,20,242.000,29,239.000,20,254.000,50,256.000,9,257.000,20,258.000,20,260.000,20,0,30,
120526725000,250.000,5,246.000,21,245.000,29,243.000,20,242.000,29,239.000,20,254.000,50,256.000,9,257.000,20,258.000,20,260.000,20,0,30,
120526744000,250.000,5,246.000,21,245.000,9,243.000,20,242.000,29,239.000,20,254.000,50,256.000,9,257.000,20,258.000,20,320.000,1,0,30,
120526744000,250.000,5,246.000,41,245.000,9,243.000,20,242.000,29,239.000,20,254.000,50,256.000,9,257.000,20,258.000,20,261.000,20,0,30,
120526744000,250.000,5,246.000,50,245.000,9,243.000,20,242.000,29,239.000,20,254.000,50,256.000,9,257.000,20,258.000,20,261.000,20,0,30,
120526848000,250.000,5,246.000,50,245.000,9,243.000,20,242.000,29,86.000,1,254.000,30,256.000,9,257.000,20,258.000,20,261.000,20,0,30,
120526848000,250.000,5,246.000,50,245.000,9,243.000,20,242.000,29,240.000,20,254.000,30,255.000,20,256.000,9,257.000,20,258.000,20,0,30,
120530230000,250.000,5,246.000,50,245.000,9,243.000,20,242.000,9,240.000,20,254.000,30,255.000,20,256.000,9,258.000,20,261.000,20,0,30,
120530266000,250.000,5,246.000,50,245.000,9,243.000,20,242.000,9,240.000,20,254.000,30,255.000,20,258.000,20,261.000,20,320.000,1,0,30,
120530391000,250.000,5,246.000,50,245.000,9,243.000,20,242.000,9,240.000,20,254.000,30,255.000,20,258.000,29,261.000,20,320.000,1,0,30,
120530761000,250.000,5,246.000,50,245.000,9,243.000,40,242.000,9,240.000,20,254.000,30,255.000,20,258.000,49,261.000,20,320.000,1,0,30,
120532718000,250.000,5,246.000,50,245.000,9,243.000,20,242.000,9,240.000,20,254.000,30,255.000,20,258.000,29,261.000,20,320.000,1,0,30,
120532857000,250.000,5,246.000,50,245.000,9,243.000,40,242.000,9,240.000,20,254.000,30,255.000,20,258.000,49,261.000,20,320.000,1,0,30,
120534369000,250.000,5,246.000,30,245.000,9,243.000,40,242.000,9,240.000,20,254.000,30,255.000,20,258.000,49,320.000,1,400.000,1,0,30,
120534369000,250.000,5,246.000,30,245.000,29,243.000,40,242.000,9,240.000,20,254.000,30,255.000,20,258.000,49,260.000,20,320.000,1,0,30,
120535338000,250.000,5,252.000,1,246.000,30,245.000,29,243.000,40,242.000,9,254.000,30,255.000,20,258.000,49,260.000,20,320.000,1,0,30,
120535338000,252.000,1,252.000,1,246.000,30,245.000,29,243.000,40,242.000,9,254.000,30,255.000,20,258.000,49,260.000,20,320.000,1,1,31,120535338000
120535338000,252.000,1,246.000,30,245.000,29,243.000,40,242.000,9,240.000,20,254.000,30,255.000,20,258.000,49,260.000,20,320.000,1,0,31,
120535338000,252.000,1,249.000,8,246.000,30,245.000,29,243.000,40,242.000,9,254.000,30,255.000,20,258.000,49,260.000,20,320.000,1,0,31,
120535338000,252.000,1,246.000,30,245.000,29,243.000,40,242.000,9,240.000,20,254.000,30,255.000,20,258.000,49,260.000,20,320.000,1,0,31,
120536257000,252.000,1,246.000,30,245.000,29,243.000,40,242.000,9,86.000,1,254.000,30,258.000,49,260.000,20,320.000,1,400.000,1,0,31,
120537259000,252.000,1,246.000,30,245.000,29,243.000,40,242.000,9,241.000,20,254.000,30,256.000,20,258.000,49,260.000,20,320.000,1,0,31,
120539868000,252.000,1,246.000,30,245.000,9,243.000,40,242.000,9,241.000,20,254.000,30,256.000,20,258.000,49,320.000,1,400.000,1,0,31,
120539868000,252.000,1,246.000,50,245.000,9,243.000,40,242.000,9,241.000,20,254.000,30,256.000,20,258.000,49,261.000,20,320.000,1,0,31,
120543257000,252.000,1,246.000,50,245.000,9,243.000,40,242.000,9,86.000,1,254.000,30,258.000,49,261.000,20,320.000,1,400.000,1,0,31,
120543257000,252.000,1,246.000,50,245.000,9,243.000,40,242.000,29,86.000,1,254.000,30,257.000,20,258.000,49,261.000,20,320.000,1,0,31,
120543369000,252.000,1,246.000,30,245.000,9,243.000,40,242.000,29,86.000,1,254.000,30,257.000,20,258.000,49,320.000,1,400.000,1,0,31,
120543369000,252.000,1,247.000,20,246.000,30,245.000,9,243.000,40,242.000,29,254.000,30,257.000,20,258.000,49,262.000,20,320.000,1,0,31,
120543370000,252.000,1,247.000,29,246.000,30,245.000,9,243.000,40,242.000,29,254.000,30,257.000,20,258.000,49,262.000,20,320.000,1,0,31,
120543506000,252.000,1,247.000,29,246.000,30,243.000,40,242.000,29,86.000,1,254.000,30,257.000,20,258.000,49,262.000,20,320.000,1,0,31,
120547066000,252.000,1,247.000,29,246.000,30,243.000,40,242.000,9,86.000,1,254.000,30,258.000,49,262.000,20,320.000,1,400.000,1,0,31,
120547066000,252.000,1,247.000,29,246.000,30,243.000,40,242.000,9,241.000,20,254.000,30,256.000,20,258.000,49,262.000,20,320.000,1,0,31,
120547190000,252.000,1,247.000,29,246.000,30,243.000,40,242.000,9,86.000,1,254.000,30,258.000,49,262.000,20,320.000,1,400.000,1,0,31,
120547565000,252.000,1,247.000,29,246.000,30,243.000,40,242.000,29,86.000,1,254.000,30,257.000,20,258.000,49,262.000,20,320.000,1,0,31,
120548977000,252.000,1,247.000,29,246.000,9,243.000,40,242.000,29,86.000,1,254.000,9,257.000,20,258.000,49,262.000,20,320.000,1,0,31,
120548977000,252.000,1,247.000,50,246.000,9,243.000,40,242.000,29,86.000,1,254.000,9,255.000,21,257.000,20,258.000,49,262.000,20,0,31,
120548978000,252.000,1,247.000,50,246.000,9,243.000,40,242.000,29,86.000,1,254.000,9,255.000,21,257.000,29,258.000,49,262.000,20,0,31,
120548978000,252.000,1,247.000,50,246.000,9,243.000,40,242.000,29,86.000,1,255.000,21,257.000,29,258.000,49,262.000,20,320.000,1,0,31,
120548978000,252.000,1,247.000,50,246.000,9,243.000,40,242.000,29,86.000,1,255.000,30,257.000,29,258.000,49,262.000,20,320.000,1,0,31,
120551388000,252.000,1,247.000,50,246.000,9,243.000,40,242.000,20,86.000,1,255.000,30,257.000,29,258.000,49,262.000,20,320.000,1,0,31,
120551392000,252.000,1,247.000,50,246.000,9,244.000,9,243.000,40,242.000,20,255.000,30,257.000,29,258.000,49,262.000,20,320.000,1,0,31,
120551393000,252.000,1,247.000,50,246.000,9,244.000,9,243.000,40,86.000,1,255.000,30,257.000,9,258.000,49,262.000,20,320.000,1,0,31,
120551393000,252.000,1,247.000,50,246.000,9,244.000,9,243.000,60,86.000,1,255.000,30,257.000,9,258.000,69,262.000,20,320.000,1,0,31,
120551397000,252.000,1,247.000,50,246.000,9,244.000,9,243.000,40,86.000,1,255.000,30,257.000,9,258.000,49,262.000,20,320.000,1,0,31,
120551447000,252.000,1,247.000,50,246.000,9,244.000,29,243.000,40,86.000,1,255.000,30,257.000,9,258.000,49,259.000,20,262.000,20,0,31,
120551494000,252.000,1,247.000,30,246.000,9,244.000,29,243.000,40,86.000,1,255.000,30,257.000,9,258.000,49,259.000,20,320.000,1,0,31,
120551494000,252.000,1,248.000,20,247.000,30,246.000,9,244.000,29,243.000,40,255.000,30,257.000,9,258.000,49,259.000,20,263.000,20,0,31,
120551494000,252.000,1,248.000,29,247.000,30,246.000,9,244.000,29,243.000,40,255.000,30,257.000,9,258.000,49,259.000,20,263.000,20,0,31,
120551506000,252.000,1,248.000,29,247.000,30,244.000,29,243.000,40,86.000,1,255.000,30,257.000,9,258.000,49,259.000,20,263.000,20,0,31,
120552142000,252.000,1,248.000,29,247.000,30,244.000,29,243.000,20,86.000,1,255.000,30,257.000,9,258.000,29,259.000,20,263.000,20,0,31,
120552142000,252.000,1,248.000,29,247.000,30,244.000,29,243.000,20,242.000,20,255.000,30,257.000,29,258.000,29,259.000,20,263.000,20,0,31,
120552620000,252.000,1,248.000,29,247.000,9,244.000,29,243.000,20,242.000,20,255.000,9,257.000,29,258.000,29,259.000,20,263.000,20,0,31,
120552620000,252.000,1,248.000,50,247.000,9,244.000,29,243.000,20,242.000,20,255.000,9,256.000,21,257.000,29,258.000,29,259.000,20,0,31,
120552622000,252.000,1,248.000,50,247.000,9,244.000,29,243.000,20,242.000,20,255.000,9,256.000,30,257.000,29,258.000,29,259.000,20,0,31,
120552622000,252.000,1,248.000,50,247.000,9,244.000,29,243.000,20,242.000,20,256.000,30,257.000,29,258.000,29,259.000,20,263.000,20,0,31,
120552641000,252.000,1,248.000,50,247.000,9,244.000,29,243.000,20,86.000,1,256.000,30,257.000,9,258.000,29,259.000,20,263.000,20,0,31,
120552641000,252.000,1,248.000,50,247.000,9,244.000,29,243.000,40,86.000,1,256.000,30,257.000,9,258.000,49,259.000,20,263.000,20,0,31,
120552698000,252.000,1,248.000,50,247.000,9,244.000,29,243.000,20,86.000,1,256.000,30,257.000,9,258.000,29,259.000,20,263.000,20,0,31,
120552746000,252.000,1,248.000,50,247.000,9,244.000,29,243.000,20,86.000,1,256.000,30,257.000,9,258.000,20,259.000,20,263.000,20,0,31,
120552868000,252.000,1,248.000,50,247.000,9,244.000,29,243.000,20,86.000,1,256.000,30,257.000,9,258.000,20,259.000,20,260.000,9,0,31,
120553006000,252.000,1,248.000,50,247.000,9,245.000,20,244.000,29,243.000,20,256.000,30,257.000,9,258.000,20,259.000,20,260.000,29,0,31,
120553486000,252.000,1,248.000,50,247.000,9,245.000,20,244.000,29,86.000,1,256.000,30,257.000,9,259.000,20,260.000,29,263.000,20,0,31,
120553486000,252.000,1,248.000,50,247.000,9,245.000,20,244.000,49,86.000,1,256.000,30,257.000,9,259.000,40,260.000,29,263.000,20,0,31,
120553494000,252.000,1,248.000,30,247.000,9,245.000,20,244.000,49,86.000,1,256.000,30,257.000,9,259.000,40,260.000,29,320.000,1,0,31,
120553494000,252.000,1,249.000,20,248.000,30,247.000,9,245.000,20,244.000,49,256.000,30,257.000,9,259.000,40,260.000,29,264.000,20,0,31,
120553494000,252.000,1,249.000,29,248.000,30,247.000,9,245.000,20,244.000,49,256.000,30,257.000,9,259.000,40,260.000,29,264.000,20,0,31,
120553505000,252.000,1,249.000,29,248.000,30,245.000,20,244.000,49,86.000,1,256.000,30,257.000,9,259.000,40,260.000,29,264.000,20,0,31,
120553870000,252.000,1,249.000,9,248.000,30,245.000,20,244.000,49,86.000,1,256.000,30,257.000,9,259.000,40,260.000,29,320.000,1,0,31,
120553870000,252.000,1,250.000,20,249.000,9,248.000,30,245.000,20,244.000,49,256.000,30,257.000,9,259.000,40,260.000,29,270.000,20,0,31,
120553870000,252.000,1,250.000,20,248.000,30,245.000,20,244.000,49,86.000,1,256.000,30,257.000,9,259.000,40,260.000,29,270.000,20,0,31,
120553870000,252.000,1,250.000,29,248.000,30,245.000,20,244.000,49,86.000,1,256.000,30,257.000,9,259.000,40,260.000,29,270.000,20,0,31,
120553959000,252.000,1,250.000,29,248.000,9,245.000,20,244.000,49,86.000,1,256.000,9,257.000,9,259.000,40,260.000,29,270.000,20,0,31,
120553959000,252.000,1,250.000,50,248.000,9,245.000,20,244.000,49,86.000,1,256.000,9,257.000,30,259.000,40,260.000,29,270.000,20,0,31,
120553959000,252.000,1,250.000,50,248.000,9,245.000,20,244.000,49,86.000,1,257.000,30,259.000,40,260.000,29,270.000,20,320.000,1,0,31,
120554447000,252.000,1,250.000,29,248.000,9,245.000,20,244.000,49,86.000,1,257.000,9,259.000,40,260.000,29,270.000,20,320.000,1,0,31,
120554447000,252.000,1,250.000,50,248.000,9,245.000,20,244.000,49,86.000,1,257.000,9,258.000,21,259.000,40,260.000,29,270.000,20,0,31,
120554448000,252.000,1,250.000,50,248.000,9,245.000,20,244.000,49,86.000,1,258.000,21,259.000,40,260.000,29,270.000,20,320.000,1,0,31,
120554448000,252.000,1,250.000,50,248.000,9,245.000,20,244.000,49,86.000,1,258.000,21,259.000,49,260.000,29,270.000,20,320.000,1,0,31,
120554448000,252.000,1,250.000,50,248.000,9,245.000,20,244.000,49,86.000,1,258.000,30,259.000,49,260.000,29,270.000,20,320.000,1,0,31,
120554486000,252.000,1,250.000,50,248.000,9,245.000,20,244.000,40,86.000,1,258.000,30,259.000,49,260.000,29,270.000,20,320.000,1,0,31,
120554551000,252.000,1,250.000,50,248.000,9,246.000,9,245.000,20,244.000,40,258.000,30,259.000,49,260.000,29,270.000,20,320.000,1,0,31,
120554874000,252.000,1,250.000,50,248.000,9,246.000,9,245.000,20,244.000,20,258.000,30,259.000,29,260.000,29,270.000,20,320.000,1,0,31,
120555118000,252.000,1,250.000,30,248.000,9,246.000,9,245.000,20,244.000,20,258.000,30,259.000,29,260.000,29,320.000,1,400.000,1,0,31,
120555118000,252.000,1,250.000,30,249.000,20,248.000,9,246.000,9,245.000,20,258.000,30,259.000,29,260.000,29,264.000,20,320.000,1,0,31,
120555548000,252.000,1,250.000,9,249.000,20,248.000,9,246.000,9,245.000,20,258.000,9,259.000,29,260.000,29,264.000,20,320.000,1,0,31,
120555548000,252.000,1,250.000,9,249.000,41,248.000,9,246.000,9,245.000,20,258.000,30,259.000,29,260.000,29,264.000,20,320.000,1,0,31,
120555549000,252.000,1,250.000,9,249.000,41,248.000,9,246.000,9,245.000,20,258.000,21,259.000,29,260.000,29,264.000,20,320.000,1,0,31,
120555549000,252.000,1,250.000,9,249.000,50,248.000,9,246.000,9,245.000,20,258.000,21,259.000,29,260.000,29,264.000,20,320.000,1,0,31,
120555549000,252.000,1,249.000,50,248.000,9,246.000,9,245.000,20,244.000,20,258.000,21,259.000,29,260.000,29,264.000,20,320.000,1,0,31,
120555549000,252.000,1,249.000,50,248.000,9,246.000,9,245.000,20,244.000,20,258.000,30,259.000,29,260.000,29,264.000,20,320.000,1,0,31,
120556511000,252.000,1,249.000,50,248.000,9,246.000,9,245.000,40,244.000,20,258.000,30,259.000,29,260.000,49,264.000,20,320.000,1,0,31,
120557987000,252.000,1,249.000,50,248.000,9,246.000,9,245.000,40,86.000,1,258.000,30,259.000,9,260.000,49,264.000,20,320.000,1,0,31,
120557987000,252.000,1,249.000,50,248.000,9,246.000,9,245.000,40,243.000,20,258.000,50,259.000,9,260.000,49,264.000,20,320.000,1,0,31,
120558229000,252.000,1,249.000,50,248.000,9,246.000,9,245.000,40,86.000,1,258.000,30,259.000,9,260.000,49,264.000,20,320.000,1,0,31,
120558367000,252.000,1,249.000,30,248.000,9,246.000,9,245.000,40,86.000,1,258.000,30,259.000,9,260.000,49,320.000,1,400.000,1,0,31,
120558367000,252.000,1,250.000,20,249.000,30,248.000,9,246.000,9,245.000,40,258.000,30,259.000,9,260.000,49,270.000,20,320.000,1,0,31,
120558368000,252.000,1,250.000,29,249.000,30,248.000,9,246.000,9,245.000,40,258.000,30,259.000,9,260.000,49,270.000,20,320.000,1,0,31,
120558506000,252.000,1,250.000,29,249.000,30,246.000,9,245.000,40,86.000,1,258.000,30,259.000,9,260.000,49,270.000,20,320.000,1,0,31,
120558603000,252.000,1,250.000,29,249.000,30,246.000,9,245.000,40,244.000,20,258.000,30,259.000,29,260.000,49,270.000,20,320.000,1,0,31,
120606052000,252.000,1,250.000,29,249.000,30,246.000,9,245.000,40,86.000,1,258.000,30,259.000,9,260.000,49,270.000,20,320.000,1,0,31,
120606052000,252.000,1,250.000,29,249.000,30,246.000,9,245.000,40,243.000,20,258.000,50,259.000,9,260.000,49,270.000,20,320.000,1,0,31,
120606118000,252.000,1,250.000,9,249.000,30,246.000,9,245.000,40,243.000,20,258.000,50,259.000,9,260.000,49,320.000,1,400.000,1,0,31,
120606118000,252.000,1,250.000,9,249.000,50,246.000,9,245.000,40,243.000,20,258.000,50,259.000,9,260.000,49,264.000,20,320.000,1,0,31,
120606119000,252.000,1,249.000,50,246.000,9,245.000,40,243.000,20,86.000,1,258.000,50,259.000,9,260.000,49,264.000,20,320.000,1,0,31,
120606352000,252.000,1,249.000,29,246.000,9,245.000,40,243.000,20,86.000,1,258.000,29,259.000,9,260.000,49,264.000,20,320.000,1,0,31,
120606352000,252.000,1,249.000,29,248.000,21,246.000,9,245.000,40,243.000,20,258.000,50,259.000,9,260.000,49,264.000,20,320.000,1,0,31,
120607353000,252.000,1,249.000,29,246.000,9,245.000,40,243.000,20,86.000,1,258.000,29,259.000,9,260.000,49,264.000,20,320.000,1,0,31,
120607353000,252.000,1,249.000,50,246.000,9,245.000,40,243.000,20,86.000,1,258.000,50,259.000,9,260.000,49,264.000,20,320.000,1,0,31,
120609760000,252.000,1,249.000,50,246.000,9,245.000,40,86.000,1,84.000,3,258.000,30,259.000,9,260.000,49,264.000,20,320.000,1,0,31,
120609760000,252.000,1,249.000,50,246.000,9,245.000,40,244.000,20,86.000,1,258.000,30,259.000,29,260.000,49,264.000,20,320.000,1,0,31,
120612278000,252.000,1,249.000,50,246.000,9,245.000,40,86.000,1,84.000,3,258.000,30,259.000,9,260.000,49,264.000,20,320.000,1,0,31,
120612278000,252.000,1,249.000,50,246.000,9,245.000,40,243.000,20,86.000,1,258.000,50,259.000,9,260.000,49,264.000,20,320.000,1,0,31,
120613025000,252.000,1,249.000,50,246.000,9,245.000,40,86.000,1,84.000,3,258.000,30,259.000,9,260.000,49,264.000,20,320.000,1,0,31,
120613025000,252.000,1,249.000,50,246.000,9,245.000,40,244.000,20,86.000,1,258.000,30,259.000,29,260.000,49,264.000,20,320.000,1,0,31,
120616600000,252.000,1,249.000,50,246.000,9,245.000,20,244.000,20,86.000,1,258.000,30,259.000,29,260.000,29,264.000,20,320.000,1,0,31,
120617265000,252.000,1,249.000,50,246.000,9,245.000,20,244.000,40,86.000,1,258.000,30,259.000,49,260.000,29,264.000,20,320.000,1,0,31,
120617980000,252.000,1,249.000,50,246.000,9,245.000,20,244.000,20,86.000,1,258.000,30,259.000,29,260.000,29,264.000,20,320.000,1,0,31,
120617980000,252.000,1,249.000,50,246.000,9,245.000,40,244.000,20,86.000,1,258.000,30,259.000,29,260.000,49,264.000,20,320.000,1,0,31,
120619369000,252.000,1,249.000,30,246.000,9,245.000,40,244.000,20,86.000,1,258.000,30,259.000,29,260.000,49,320.000,1,400.000,1,0,31,
120619369000,252.000,1,250.000,20,249.000,30,246.000,9,245.000,40,244.000,20,258.000,30,259.000,29,260.000,49,270.000,20,320.000,1,0,31,
120619370000,252.000,1,250.000,29,249.000,30,246.000,9,245.000,40,244.000,20,258.000,30,259.000,29,260.000,49,270.000,20,320.000,1,0,31,
120619678000,252.000,1,250.000,29,249.000,30,246.000,9,245.000,40,86.000,1,258.000,30,259.000,9,260.000,49,270.000,20,320.000,1,0,31,
120619744000,252.000,1,250.000,29,249.000,9,246.000,9,245.000,40,86.000,1,258.000,9,259.000,9,260.000,49,270.000,20,320.000,1,0,31,
120619744000,252.000,1,250.000,50,249.000,9,246.000,9,245.000,40,86.000,1,258.000,30,259.000,9,260.000,49,270.000,20,320.000,1,0,31,
120619746000,252.000,1,250.000,50,249.000,9,246.000,9,245.000,40,86.000,1,258.000,21,259.000,9,260.000,49,270.000,20,320.000,1,0,31,
120619746000,252.000,1,250.000,50,249.000,9,246.000,9,245.000,40,86.000,1,258.000,21,259.000,9,260.000,58,270.000,20,320.000,1,0,31,
120619747000,252.000,1,250.000,50,249.000,9,246.000,9,245.000,40,86.000,1,258.000,30,259.000,9,260.000,58,270.000,20,320.000,1,0,31,
120619834000,252.000,1,250.000,50,249.000,9,246.000,29,245.000,40,86.000,1,258.000,30,259.000,9,260.000,58,261.000,20,270.000,20,0,31,
120619867000,252.000,1,250.000,50,249.000,9,246.000,29,245.000,20,86.000,1,258.000,30,259.000,9,260.000,38,261.000,20,270.000,20,0,31,
120619867000,252.000,1,250.000,50,249.000,9,246.000,49,245.000,20,86.000,1,258.000,30,259.000,9,260.000,38,261.000,40,270.000,20,0,31,
120619904000,252.000,1,250.000,50,249.000,9,246.000,49,245.000,20,86.000,1,258.000,30,259.000,9,260.000,29,261.000,40,270.000,20,0,31,
120620006000,252.000,1,250.000,50,249.000,9,246.000,49,245.000,20,86.000,1,258.000,30,259.000,9,260.000,20,261.000,40,270.000,20,0,31,
120620445000,252.000,1,250.000,50,249.000,9,246.000,49,245.000,20,86.000,1,258.000,30,259.000,9,260.000,20,261.000,40,262.000,9,0,31,
120620499000,252.000,1,250.000,50,249.000,9,246.000,49,86.000,1,84.000,3,258.000,30,259.000,9,261.000,40,262.000,9,270.000,20,0,31,
120620500000,252.000,1,250.000,50,249.000,9,246.000,29,86.000,1,84.000,3,258.000,30,259.000,9,261.000,20,262.000,9,270.000,20,0,31,
120620506000,252.000,1,250.000,50,249.000,9,247.000,20,246.000,29,86.000,1,258.000,30,259.000,9,261.000,20,262.000,29,270.000,20,0,31,
120620600000,252.000,1,250.000,50,249.000,9,247.000,20,246.000,9,86.000,1,258.000,30,259.000,9,262.000,29,270.000,20,320.000,1,0,31,
120620600000,252.000,1,250.000,50,249.000,9,247.000,40,246.000,9,86.000,1,258.000,30,259.000,9,262.000,49,270.000,20,320.000,1,0,31,
120620620000,252.000,1,250.000,30,249.000,9,247.000,40,246.000,9,86.000,1,258.000,30,259.000,9,262.000,49,320.000,1,400.000,1,0,31,
120620620000,252.000,1,251.000,20,250.000,30,249.000,9,247.000,40,246.000,9,258.000,30,259.000,9,262.000,49,271.000,20,320.000,1,0,31,
120620620000,252.000,1,251.000,29,250.000,30,249.000,9,247.000,40,246.000,9,258.000,30,259.000,9,262.000,49,271.000,20,320.000,1,0,31,
120620718000,252.000,1,251.000,29,250.000,30,249.000,9,247.000,20,246.000,9,258.000,30,259.000,9,262.000,29,271.000,20,320.000,1,0,31,
120620993000,252.000,1,251.000,9,250.000,30,249.000,9,247.000,20,246.000,9,258.000,30,259.000,9,262.000,29,320.000,1,400.000,1,0,31,
120620993000,252.000,1,251.000,9,250.000,50,249.000,9,247.000,20,246.000,9,258.000,30,259.000,9,262.000,29,270.000,20,320.000,1,0,31,
120620993000,252.000,1,250.000,50,249.000,9,247.000,20,246.000,9,86.000,1,258.000,30,259.000,9,262.000,29,270.000,20,320.000,1,0,31,
120621024000,252.000,1,250.000,50,249.000,9,247.000,20,246.000,29,86.000,1,258.000,30,259.000,9,261.000,20,262.000,29,270.000,20,0,31,
120621120000,252.000,1,250.000,50,249.000,9,247.000,20,246.000,49,86.000,1,258.000,30,259.000,9,261.000,40,262.000,29,270.000,20,0,31,
120623849000,252.000,1,250.000,50,249.000,9,247.000,20,246.000,29,86.000,1,258.000,30,259.000,9,261.000,20,262.000,29,270.000,20,0,31,
120624001000,252.000,1,250.000,50,249.000,9,247.000,20,246.000,29,245.000,20,258.000,30,259.000,9,260.000,20,261.000,20,262.000,29,0,31,
120626835000,252.000,1,250.000,50,249.000,9,247.000,20,246.000,29,86.000,1,258.000,30,259.000,9,261.000,20,262.000,29,270.000,20,0,31,
120626835000,252.000,1,250.000,50,249.000,9,247.000,20,246.000,29,244.000,20,258.000,30,259.000,29,261.000,20,262.000,29,270.000,20,0,31,
120627327000,252.000,1,250.000,50,249.000,9,247.000,20,246.000,9,244.000,20,258.000,30,259.000,29,262.000,29,270.000,20,320.000,1,0,31,
120627616000,252.000,1,250.000,50,249.000,9,247.000,20,246.000,29,244.000,20,258.000,30,259.000,29,261.000,20,262.000,29,270.000,20,0,31,
120630383000,252.000,1,250.000,50,249.000,9,247.000,20,246.000,29,86.000,1,258.000,30,259.000,9,261.000,20,262.000,29,270.000,20,0,31,
120630383000,252.000,1,250.000,50,249.000,9,247.000,20,246.000,29,245.000,20,258.000,30,259.000,9,260.000,20,261.000,20,262.000,29,0,31,
120630750000,252.000,1,250.000,50,249.000,9,247.000,20,246.000,29,86.000,1,258.000,30,259.000,9,261.000,20,262.000,29,270.000,20,0,31,
120630999000,252.000,1,250.000,50,249.000,9,247.000,20,246.000,29,244.000,20,258.000,30,259.000,29,261.000,20,262.000,29,270.000,20,0,31,
120632226000,252.000,1,250.000,50,249.000,9,247.000,20,246.000,29,86.000,1,258.000,30,259.000,9,261.000,20,262.000,29,270.000,20,0,31,
120632226000,252.000,1,250.000,50,249.000,9,247.000,20,246.000,29,245.000,20,258.000,30,259.000,9,260.000,20,261.000,20,262.000,29,0,31,
120640975000,252.000,1,250.000,50,249.000,9,247.000,20,246.000,29,86.000,1,258.000,30,259.000,9,261.000,20,262.000,29,270.000,20,0,31,
120640975000,252.000,1,250.000,50,249.000,9,247.000,20,246.000,49,86.000,1,258.000,30,259.000,9,261.000,40,262.000,29,270.000,20,0,31,
120640976000,252.000,1,250.000,50,249.000,9,247.000,20,246.000,29,86.000,1,258.000,30,259.000,9,261.000,20,262.000,29,270.000,20,0,31,
120640993000,252.000,1,250.000,30,249.000,9,247.000,20,246.000,29,86.000,1,258.000,30,259.000,9,261.000,20,262.000,29,320.000,1,0,31,
120640993000,252.000,1,251.000,20,250.000,30,249.000,9,247.000,20,246.000,29,258.000,30,259.000,9,261.000,20,262.000,29,271.000,20,0,31,
120640994000,252.000,1,251.000,29,250.000,30,249.000,9,247.000,20,246.000,29,258.000,30,259.000,9,261.000,20,262.000,29,271.000,20,0,31,
120641006000,252.000,1,251.000,29,250.000,30,247.000,20,246.000,29,86.000,1,258.000,30,259.000,9,261.000,20,262.000,29,271.000,20,0,31,
120641081000,252.000,1,251.000,29,250.000,30,247.000,40,246.000,29,86.000,1,258.000,30,259.000,9,261.000,20,262.000,49,271.000,20,0,31,
120641367000,252.000,1,251.000,29,250.000,9,247.000,40,246.000,29,86.000,1,258.000,9,259.000,9,261.000,20,262.000,49,271.000,20,0,31,
120641367000,252.000,1,252.000,21,251.000,29,250.000,9,247.000,40,246.000,29,258.000,9,259.000,30,261.000,20,262.000,49,271.000,20,0,31,
120641367000,252.000,1,252.000,21,251.000,29,250.000,9,247.000,40,246.000,29,259.000,30,261.000,20,262.000,49,271.000,20,320.000,1,0,31,
120641367000,252.000,1,252.000,21,251.000,29,250.000,9,247.000,40,246.000,29,259.000,30,261.000,29,262.000,49,271.000,20,320.000,1,0,31,
120641367000,252.000,1,252.000,30,251.000,29,250.000,9,247.000,40,246.000,29,259.000,30,261.000,29,262.000,49,271.000,20,320.000,1,0,31,
120641506000,252.000,1,252.000,30,251.000,29,247.000,40,246.000,29,86.000,1,259.000,30,261.000,29,262.000,49,271.000,20,320.000,1,0,31,
120641849000,252.000,1,252.000,30,251.000,29,247.000,40,246.000,9,86.000,1,259.000,30,261.000,9,262.000,49,271.000,20,320.000,1,0,31,
120641849000,252.000,1,252.000,30,251.000,29,247.000,40,246.000,9,245.000,20,259.000,30,260.000,20,261.000,9,262.000,49,271.000,20,0,31,
120641976000,252.000,1,252.000,9,251.000,29,247.000,40,246.000,9,245.000,20,259.000,9,260.000,20,261.000,9,262.000,49,271.000,20,0,31,
120641976000,252.000,1,252.000,9,251.000,50,247.000,40,246.000,9,245.000,20,259.000,30,260.000,20,261.000,9,262.000,49,271.000,20,0,31,
120641976000,252.000,1,251.000,50,247.000,40,246.000,9,245.000,20,86.000,1,259.000,30,260.000,20,261.000,9,262.000,49,271.000,20,0,31,
120641979000,252.000,1,251.000,50,247.000,20,246.000,9,245.000,20,86.000,1,259.000,30,260.000,20,261.000,9,262.000,29,271.000,20,0,31,
120641997000,252.000,1,251.000,30,247.000,20,246.000,9,245.000,20,86.000,1,259.000,30,260.000,20,261.000,9,262.000,29,320.000,1,0,31,
120641998000,252.000,1,251.000,30,250.000,20,247.000,20,246.000,9,245.000,20,259.000,30,260.000,20,261.000,9,262.000,29,270.000,20,0,31,
120642106000,252.000,1,251.000,30,250.000,20,247.000,20,246.000,29,245.000,20,259.000,30,260.000,20,261.000,29,262.000,29,270.000,20,0,31,
120642975000,252.000,1,251.000,9,250.000,20,247.000,20,246.000,29,245.000,20,259.000,9,260.000,20,261.000,29,262.000,29,270.000,20,0,31,
120642975000,252.000,1,251.000,30,250.000,20,247.000,20,246.000,29,245.000,20,258.000,21,259.000,9,260.000,20,261.000,29,262.000,29,0,31,
120642975000,252.000,1,251.000,30,250.000,20,247.000,20,246.000,29,245.000,20,258.000,21,259.000,9,260.000,29,261.000,29,262.000,29,0,31,
120642975000,252.000,1,251.000,30,250.000,29,247.000,20,246.000,29,245.000,20,258.000,21,259.000,9,260.000,29,261.000,29,262.000,29,0,31,
120642975000,252.000,1,251.000,30,250.000,29,247.000,20,246.000,29,245.000,20,258.000,21,260.000,29,261.000,29,262.000,29,270.000,20,0,31,
120642975000,252.000,1,251.000,21,250.000,29,247.000,20,246.000,29,245.000,20,258.000,21,260.000,29,261.000,29,262.000,29,270.000,20,0,31,
120642975000,252.000,1,251.000,21,250.000,29,247.000,20,246.000,29,245.000,20,258.000,30,260.000,29,261.000,29,262.000,29,270.000,20,0,31,
120642976000,252.000,1,251.000,30,250.000,29,247.000,20,246.000,29,245.000,20,258.000,30,260.000,29,261.000,29,262.000,29,270.000,20,0,31,
120643006000,252.000,1,251.000,30,250.000,29,247.000,20,246.000,29,245.000,20,258.000,30,260.000,29,261.000,20,262.000,29,270.000,20,0,31,
120644700000,252.000,1,251.000,9,250.000,29,247.000,20,246.000,29,245.000,20,258.000,9,260.000,29,261.000,20,262.000,29,270.000,20,0,31,
120644700000,252.000,1,251.000,30,250.000,29,247.000,20,246.000,29,245.000,20,258.000,9,259.000,21,260.000,29,261.000,20,262.000,29,0,31,
120644700000,252.000,1,251.000,21,250.000,29,247.000,20,246.000,29,245.000,20,258.000,9,259.000,21,260.000,29,261.000,20,262.000,29,0,31,
120644700000,252.000,1,251.000,21,250.000,29,247.000,20,246.000,29,245.000,20,259.000,21,260.000,29,261.000,20,262.000,29,270.000,20,0,31,
120644700000,252.000,1,251.000,21,250.000,29,247.000,20,246.000,29,245.000,20,259.000,30,260.000,29,261.000,20,262.000,29,270.000,20,0,31,
120644700000,252.000,1,251.000,30,250.000,29,247.000,20,246.000,29,245.000,20,259.000,30,260.000,29,261.000,20,262.000,29,270.000,20,0,31,
120658994000,252.000,1,251.000,30,250.000,9,247.000,20,246.000,29,245.000,20,259.000,30,260.000,29,261.000,20,262.000,29,320.000,1,0,31,
120658994000,252.000,1,251.000,50,250.000,9,247.000,20,246.000,29,245.000,20,259.000,30,260.000,29,261.000,20,262.000,29,271.000,20,0,31,
120658994000,252.000,1,251.000,50,250.000,9,247.000,20,246.000,29,86.000,1,259.000,30,260.000,9,261.000,20,262.000,29,271.000,20,0,31,
120658994000,252.000,1,251.000,50,250.000,9,247.000,20,246.000,49,86.000,1,259.000,30,260.000,9,261.000,40,262.000,29,271.000,20,0,31,
120700143000,252.000,1,251.000,50,250.000,9,247.000,20,246.000,29,86.000,1,259.000,30,260.000,9,261.000,20,262.000,29,271.000,20,0,31,
120700143000,252.000,1,251.000,50,250.000,9,247.000,20,246.000,29,245.000,20,259.000,30,260.000,29,261.000,20,262.000,29,271.000,20,0,31,
120700514000,252.000,1,251.000,50,250.000,9,247.000,20,246.000,29,86.000,1,259.000,30,260.000,9,261.000,20,262.000,29,271.000,20,0,31,
120700532000,252.000,1,251.000,50,250.000,9,247.000,20,246.000,20,86.000,1,259.000,30,260.000,9,261.000,20,262.000,29,271.000,20,0,31,
120700535000,252.000,1,251.000,50,250.000,9,248.000,9,247.000,20,246.000,20,259.000,30,260.000,9,261.000,20,262.000,29,271.000,20,0,31,
120700764000,252.000,1,251.000,50,250.000,9,248.000,9,247.000,20,246.000,40,259.000,30,260.000,9,261.000,40,262.000,29,271.000,20,0,31,
120701015000,252.000,1,251.000,50,250.000,9,248.000,9,247.000,20,246.000,20,259.000,30,260.000,9,261.000,20,262.000,29,271.000,20,0,31,
120701383000,252.000,1,251.000,50,250.000,9,248.000,9,247.000,20,246.000,40,259.000,30,260.000,9,261.000,40,262.000,29,271.000,20,0,31,
120702200000,252.000,1,251.000,50,250.000,9,248.000,9,247.000,20,246.000,20,259.000,30,260.000,9,261.000,20,262.000,29,271.000,20,0,31,
120702621000,252.000,1,251.000,50,250.000,9,248.000,9,247.000,20,86.000,1,259.000,30,260.000,9,262.000,29,271.000,20,320.000,1,0,31,
120702621000,252.000,1,251.000,50,250.000,9,248.000,9,247.000,20,245.000,20,259.000,30,260.000,29,262.000,29,271.000,20,320.000,1,0,31,
120703399000,252.000,1,251.000,50,250.000,9,248.000,9,247.000,20,86.000,1,259.000,30,260.000,9,262.000,29,271.000,20,320.000,1,0,31,
120703399000,252.000,1,251.000,50,250.000,9,248.000,9,247.000,20,246.000,20,259.000,30,260.000,9,261.000,20,262.000,29,271.000,20,0,31,
120703713000,252.000,1,251.000,50,250.000,9,248.000,9,247.000,40,246.000,20,259.000,30,260.000,9,261.000,20,262.000,49,271.000,20,0,31,
120704018000,252.000,1,251.000,50,250.000,9,248.000,9,247.000,40,86.000,1,259.000,30,260.000,9,262.000,49,271.000,20,320.000,1,0,31,
120704018000,252.000,1,251.000,50,250.000,9,248.000,9,247.000,40,245.000,20,259.000,30,260.000,29,262.000,49,271.000,20,320.000,1,0,31,
120704767000,252.000,1,251.000,50,250.000,9,248.000,9,247.000,40,86.000,1,259.000,30,260.000,9,262.000,49,271.000,20,320.000,1,0,31,
120704767000,252.000,1,251.000,50,250.000,9,248.000,9,247.000,40,246.000,20,259.000,30,260.000,9,261.000,20,262.000,49,271.000,20,0,31,
120711732000,252.000,1,251.000,50,250.000,9,248.000,9,247.000,40,86.000,1,259.000,30,260.000,9,262.000,49,271.000,20,320.000,1,0,31,
120711732000,252.000,1,251.000,50,250.000,9,248.000,9,247.000,40,245.000,20,259.000,30,260.000,29,262.000,49,271.000,20,320.000,1,0,31,
120711750000,252.000,1,251.000,50,250.000,9,248.000,9,247.000,20,245.000,20,259.000,30,260.000,29,262.000,29,271.000,20,320.000,1,0,31,
120711870000,252.000,1,251.000,30,250.000,9,248.000,9,247.000,20,245.000,20,259.000,30,260.000,29,262.000,29,320.000,1,400.000,1,0,31,
120711870000,252.000,1,251.000,30,250.000,29,248.000,9,247.000,20,245.000,20,259.000,30,260.000,29,262.000,29,270.000,20,320.000,1,0,31,
120714997000,252.000,1,251.000,30,250.000,29,248.000,9,247.000,20,246.000,20,259.000,30,260.000,29,261.000,20,262.000,29,270.000,20,0,31,
120716993000,252.000,1,251.000,30,250.000,9,248.000,9,247.000,20,246.000,20,259.000,30,260.000,29,261.000,20,262.000,29,320.000,1,0,31,
120716993000,252.000,1,251.000,50,250.000,9,248.000,9,247.000,20,246.000,20,259.000,30,260.000,29,261.000,20,262.000,29,271.000,20,0,31,
120719120000,252.000,1,251.000,50,250.000,9,248.000,9,247.000,20,246.000,20,259.000,30,260.000,9,261.000,20,262.000,29,271.000,20,0,31,
120719120000,252.000,1,251.000,50,250.000,9,248.000,9,247.000,20,246.000,40,259.000,30,260.000,9,261.000,40,262.000,29,271.000,20,0,31,
120719247000,252.000,1,251.000,50,250.000,9,248.000,9,247.000,20,246.000,20,259.000,30,260.000,9,261.000,20,262.000,29,271.000,20,0,31,
120719619000,252.000,1,251.000,50,250.000,9,248.000,9,247.000,20,246.000,20,259.000,30,260.000,29,261.000,20,262.000,29,271.000,20,0,31,
120719872000,252.000,1,251.000,50,250.000,9,248.000,9,247.000,20,246.000,20,259.000,30,260.000,9,261.000,20,262.000,29,271.000,20,0,31,
120720120000,252.000,1,251.000,50,250.000,9,248.000,9,247.000,20,246.000,40,259.000,30,260.000,9,261.000,40,262.000,29,271.000,20,0,31,
120720633000,252.000,1,251.000,50,250.000,9,248.000,9,247.000,20,246.000,20,259.000,30,260.000,9,261.000,20,262.000,29,271.000,20,0,31,
120720873000,252.000,1,251.000,50,250.000,9,248.000,9,247.000,40,246.000,20,259.000,30,260.000,9,261.000,20,262.000,49,271.000,20,0,31,
120722368000,252.000,1,251.000,30,250.000,9,248.000,9,247.000,40,246.000,20,259.000,30,260.000,9,261.000,20,262.000,49,320.000,1,0,31,
120722368000,252.000,1,251.000,30,250.000,29,248.000,9,247.000,40,246.000,20,259.000,30,260.000,9,261.000,20,262.000,49,270.000,20,0,31,
120734864000,252.000,1,251.000,30,250.000,29,248.000,9,247.000,40,86.000,1,259.000,30,260.000,9,262.000,49,270.000,20,320.000,1,0,31,
120734864000,252.000,1,251.000,30,250.000,29,248.000,9,247.000,60,86.000,1,259.000,30,260.000,9,262.000,69,270.000,20,320.000,1,0,31,
120736500000,252.000,1,251.000,30,250.000,29,248.000,9,247.000,40,86.000,1,259.000,30,260.000,9,262.000,49,270.000,20,320.000,1,0,31,
120736518000,252.000,1,251.000,30,250.000,29,248.000,9,247.000,20,86.000,1,259.000,30,260.000,9,262.000,29,270.000,20,320.000,1,0,31,
120736724000,252.000,1,251.000,9,250.000,29,248.000,9,247.000,20,86.000,1,259.000,9,260.000,9,262.000,29,270.000,20,320.000,1,0,31,
120736724000,252.000,1,252.000,21,251.000,9,250.000,29,248.000,9,247.000,20,259.000,9,260.000,30,262.000,29,270.000,20,320.000,1,0,31,
120736725000,252.000,1,252.000,30,251.000,9,250.000,29,248.000,9,247.000,20,259.000,9,260.000,30,262.000,29,270.000,20,320.000,1,0,31,
120736725000,252.000,1,252.000,30,251.000,9,250.000,29,248.000,9,247.000,20,260.000,30,262.000,29,270.000,20,320.000,1,400.000,1,0,31,
120737006000,252.000,1,252.000,30,251.000,9,250.000,29,249.000,20,248.000,9,260.000,30,262.000,29,264.000,20,270.000,20,320.000,1,0,31,
120737006000,252.000,1,252.000,30,251.000,9,250.000,20,249.000,20,248.000,9,260.000,30,262.000,29,264.000,20,270.000,20,320.000,1,0,31,
120737187000,252.000,1,252.000,30,251.000,9,250.000,20,249.000,20,248.000,9,260.000,30,262.000,49,264.000,20,270.000,20,320.000,1,0,31,
120737243000,252.000,1,252.000,30,251.000,9,249.000,20,248.000,9,247.000,40,260.000,30,262.000,49,264.000,20,320.000,1,400.000,1,0,31,
120737243000,252.000,1,252.000,30,251.000,29,249.000,20,248.000,9,247.000,40,260.000,30,262.000,49,264.000,20,271.000,20,320.000,1,0,31,
120737842000,252.000,1,252.000,30,251.000,29,249.000,20,248.000,9,247.000,20,260.000,30,262.000,29,264.000,20,271.000,20,320.000,1,0,31,
120737868000,252.000,1,252.000,30,251.000,9,249.000,20,248.000,9,247.000,20,260.000,30,262.000,29,264.000,20,320.000,1,400.000,1,0,31,
120737868000,252.000,1,252.000,30,251.000,9,250.000,20,249.000,20,248.000,9,260.000,30,262.000,29,264.000,20,270.000,20,320.000,1,0,31,
120738087000,252.000,1,252.000,30,251.000,9,250.000,20,249.000,20,248.000,9,260.000,30,261.000,20,262.000,29,264.000,20,270.000,20,0,31,
120740408000,252.000,1,252.000,30,251.000,9,250.000,20,249.000,20,248.000,9,260.000,30,262.000,29,264.000,20,270.000,20,320.000,1,0,31,
120740408000,252.000,1,252.000,30,251.000,9,250.000,20,249.000,20,248.000,9,260.000,30,262.000,49,264.000,20,270.000,20,320.000,1,0,31,
120740908000,252.000,1,252.000,30,251.000,9,250.000,20,249.000,20,248.000,9,260.000,30,262.000,29,264.000,20,270.000,20,320.000,1,0,31,
120740908000,252.000,1,252.000,30,251.000,9,250.000,20,249.000,20,248.000,9,260.000,30,261.000,20,262.000,29,264.000,20,270.000,20,0,31,
120741506000,252.000,1,252.000,30,251.000,9,250.000,20,249.000,20,248.000,9,260.000,30,261.000,20,262.000,9,264.000,20,270.000,20,0,31,
120742379000,252.000,1,252.000,30,251.000,9,250.000,20,249.000,20,248.000,9,260.000,30,261.000,40,262.000,9,264.000,20,270.000,20,0,31,
120742393000,252.000,1,252.000,9,251.000,9,250.000,20,249.000,20,248.000,9,260.000,9,261.000,40,262.000,9,264.000,20,270.000,20,0,31,
120742393000,252.000,1,252.000,9,251.000,30,250.000,20,249.000,20,248.000,9,259.000,21,260.000,9,261.000,40,262.000,9,264.000,20,0,31,
120742393000,252.000,1,252.000,9,251.000,30,250.000,20,249.000,20,248.000,9,259.000,21,260.000,9,261.000,49,262.000,9,264.000,20,0,31,
120742394000,252.000,1,252.000,9,251.000,30,250.000,29,249.000,20,248.000,9,259.000,21,260.000,9,261.000,49,262.000,9,264.000,20,0,31,
120742394000,252.000,1,251.000,30,250.000,29,249.000,20,248.000,9,246.000,40,259.000,21,260.000,9,261.000,49,262.000,9,264.000,20,0,31,
120742394000,252.000,1,251.000,30,250.000,29,249.000,20,248.000,9,246.000,40,259.000,21,261.000,49,262.000,9,264.000,20,270.000,20,0,31,
120742394000,252.000,1,251.000,30,250.000,29,249.000,20,248.000,9,246.000,40,259.000,30,261.000,49,262.000,9,264.000,20,270.000,20,0,31,
120742506000,252.000,1,251.000,30,250.000,29,248.000,9,246.000,40,86.000,1,259.000,30,261.000,49,262.000,9,270.000,20,320.000,1,0,31,
120742506000,252.000,1,251.000,30,250.000,29,248.000,9,247.000,20,246.000,40,259.000,30,261.000,49,262.000,29,270.000,20,320.000,1,0,31,
120742868000,252.000,1,251.000,30,250.000,9,248.000,9,247.000,20,246.000,40,259.000,30,261.000,49,262.000,29,320.000,1,400.000,1,0,31,
120742868000,252.000,1,251.000,50,250.000,9,248.000,9,247.000,20,246.000,40,259.000,30,261.000,49,262.000,29,271.000,20,320.000,1,0,31,
120742901000,252.000,1,251.000,50,250.000,9,248.000,9,247.000,20,246.000,20,259.000,30,261.000,29,262.000,29,271.000,20,320.000,1,0,31,
120742901000,252.000,1,251.000,50,250.000,9,248.000,9,247.000,20,246.000,20,259.000,30,260.000,20,261.000,29,262.000,29,271.000,20,0,31,
120743771000,252.000,1,251.000,50,250.000,9,248.000,9,247.000,20,246.000,20,259.000,30,261.000,29,262.000,29,271.000,20,320.000,1,0,31,
120743771000,252.000,1,251.000,50,250.000,9,248.000,9,247.000,20,246.000,40,259.000,30,261.000,49,262.000,29,271.000,20,320.000,1,0,31,
120747369000,252.000,1,251.000,30,250.000,9,248.000,9,247.000,20,246.000,40,259.000,30,261.000,49,262.000,29,320.000,1,400.000,1,0,31,
120747369000,252.000,1,251.000,30,250.000,29,248.000,9,247.000,20,246.000,40,259.000,30,261.000,49,262.000,29,270.000,20,320.000,1,0,31,
120802400000,252.000,1,251.000,30,250.000,29,248.000,9,247.000,20,246.000,20,259.000,30,261.000,29,262.000,29,270.000,20,320.000,1,0,31,
120803061000,252.000,1,251.000,30,250.000,29,248.000,9,247.000,40,246.000,20,259.000,30,261.000,29,262.000,49,270.000,20,320.000,1,0,31,
120807119000,252.000,1,251.000,30,250.000,9,248.000,9,247.000,40,246.000,20,259.000,30,261.000,29,262.000,49,320.000,1,400.000,1,0,31,
120807119000,252.000,1,251.000,50,250.000,9,248.000,9,247.000,40,246.000,20,259.000,30,261.000,29,262.000,49,271.000,20,320.000,1,0,31,
120807388000,252.000,1,251.000,50,250.000,9,248.000,9,247.000,40,86.000,1,259.000,30,261.000,9,262.000,49,271.000,20,320.000,1,0,31,
120807388000,252.000,1,251.000,50,250.000,9,248.000,9,247.000,40,245.000,20,259.000,30,260.000,20,261.000,9,262.000,49,271.000,20,0,31,
120807993000,252.000,1,251.000,30,250.000,9,248.000,9,247.000,40,245.000,20,259.000,30,260.000,20,261.000,9,262.000,49,320.000,1,0,31,
120807993000,252.000,1,251.000,30,250.000,29,248.000,9,247.000,40,245.000,20,259.000,30,260.000,20,261.000,9,262.000,49,270.000,20,0,31,
120808404000,252.000,1,251.000,9,250.000,29,248.000,9,247.000,40,245.000,20,259.000,9,260.000,20,261.000,9,262.000,49,270.000,20,0,31,
120808404000,252.000,1,251.000,9,250.000,50,248.000,9,247.000,40,245.000,20,259.000,30,260.000,20,261.000,9,262.000,49,270.000,20,0,31,
120808405000,252.000,1,251.000,9,250.000,50,248.000,9,247.000,40,245.000,20,259.000,30,260.000,29,261.000,9,262.000,49,270.000,20,0,31,
120808405000,252.000,1,250.000,50,248.000,9,247.000,40,245.000,20,86.000,1,259.000,30,260.000,29,261.000,9,262.000,49,270.000,20,0,31,
120808405000,252.000,1,250.000,50,248.000,9,247.000,40,245.000,20,86.000,1,259.000,21,260.000,29,261.000,9,262.000,49,270.000,20,0,31,
120808405000,252.000,1,250.000,50,248.000,9,247.000,40,245.000,20,86.000,1,259.000,30,260.000,29,261.000,9,262.000,49,270.000,20,0,31,
120808506000,252.000,1,250.000,50,248.000,9,247.000,40,245.000,20,86.000,1,259.000,30,260.000,29,262.000,49,270.000,20,320.000,1,0,31,
120816177000,252.000,1,250.000,50,248.000,9,247.000,20,245.000,20,86.000,1,259.000,30,260.000,29,262.000,29,270.000,20,320.000,1,0,31,
120816354000,252.000,1,250.000,50,248.000,9,247.000,20,86.000,1,84.000,3,259.000,30,260.000,9,262.000,29,270.000,20,320.000,1,0,31,
120816354000,252.000,1,250.000,50,248.000,9,247.000,20,246.000,20,86.000,1,259.000,30,260.000,9,261.000,20,262.000,29,270.000,20,0,31,
120816493000,252.000,1,250.000,30,248.000,9,247.000,20,246.000,20,86.000,1,259.000,30,260.000,9,261.000,20,262.000,29,320.000,1,0,31,
120816493000,252.000,1,251.000,20,250.000,30,248.000,9,247.000,20,246.000,20,259.000,30,260.000,9,261.000,20,262.000,29,271.000,20,0,31,
120816493000,252.000,1,251.000,29,250.000,30,248.000,9,247.000,20,246.000,20,259.000,30,260.000,9,261.000,20,262.000,29,271.000,20,0,31,
120816540000,252.000,1,251.000,29,250.000,30,248.000,9,247.000,40,246.000,20,259.000,30,260.000,9,261.000,20,262.000,49,271.000,20,0,31,
120831561000,252.000,1,251.000,29,250.000,30,248.000,9,247.000,40,86.000,1,259.000,30,260.000,9,262.000,49,271.000,20,320.000,1,0,31,
120831561000,252.000,1,251.000,29,250.000,30,248.000,9,247.000,40,245.000,20,259.000,30,260.000,29,262.000,49,271.000,20,320.000,1,0,31,
120831620000,252.000,1,251.000,9,250.000,30,248.000,9,247.000,40,245.000,20,259.000,30,260.000,29,262.000,49,320.000,1,400.000,1,0,31,
120831620000,252.000,1,251.000,9,250.000,50,248.000,9,247.000,40,245.000,20,259.000,30,260.000,29,262.000,49,270.000,20,320.000,1,0,31,
120831620000,252.000,1,250.000,50,248.000,9,247.000,40,245.000,20,86.000,1,259.000,30,260.000,29,262.000,49,270.000,20,320.000,1,0,31,
120831842000,252.000,1,250.000,50,248.000,9,247.000,40,86.000,1,84.000,3,259.000,30,260.000,9,262.000,49,270.000,20,320.000,1,0,31,
120832083000,252.000,1,250.000,50,248.000,9,247.000,40,245.000,20,86.000,1,259.000,30,260.000,29,262.000,49,270.000,20,320.000,1,0,31,
120836600000,252.000,1,250.000,50,248.000,9,247.000,20,245.000,20,86.000,1,259.000,30,260.000,29,262.000,29,270.000,20,320.000,1,0,31,
120837509000,252.000,1,250.000,50,248.000,9,247.000,20,246.000,20,245.000,20,259.000,30,260.000,29,261.000,20,262.000,29,270.000,20,0,31,
120837679000,252.000,1,250.000,50,248.000,9,247.000,20,246.000,20,86.000,1,259.000,30,260.000,9,261.000,20,262.000,29,270.000,20,0,31,
120837679000,252.000,1,250.000,50,248.000,9,247.000,20,246.000,40,86.000,1,259.000,30,260.000,9,261.000,40,262.000,29,270.000,20,0,31,
120838554000,252.000,1,250.000,50,248.000,9,247.000,20,246.000,20,86.000,1,259.000,30,260.000,9,261.000,20,262.000,29,270.000,20,0,31,
120838554000,252.000,1,250.000,50,248.000,9,247.000,20,246.000,20,245.000,20,259.000,30,260.000,29,261.000,20,262.000,29,270.000,20,0,31,
120857126000,252.000,1,250.000,50,248.000,9,247.000,20,245.000,20,86.000,1,259.000,30,260.000,29,262.000,29,270.000,20,320.000,1,0,31,
120857244000,252.000,1,250.000,30,248.000,9,247.000,20,245.000,20,86.000,1,259.000,30,260.000,29,262.000,29,320.000,1,400.000,1,0,31,
120857244000,252.000,1,251.000,20,250.000,30,248.000,9,247.000,20,245.000,20,259.000,30,260.000,29,262.000,29,271.000,20,320.000,1,0,31,
120857245000,252.000,1,251.000,20,250.000,30,248.000,9,247.000,20,86.000,1,259.000,30,260.000,9,262.000,29,271.000,20,320.000,1,0,31,
120857245000,252.000,1,251.000,20,250.000,30,248.000,9,247.000,20,246.000,20,259.000,30,260.000,9,261.000,20,262.000,29,271.000,20,0,31,
120857445000,252.000,1,251.000,20,250.000,30,248.000,9,247.000,40,246.000,20,259.000,30,260.000,9,261.000,20,262.000,49,271.000,20,0,31,
120858356000,252.000,1,251.000,29,250.000,30,248.000,9,247.000,40,246.000,20,259.000,30,260.000,9,261.000,20,262.000,49,271.000,20,0,31,
120858567000,252.000,1,251.000,29,250.000,9,248.000,9,247.000,40,246.000,20,259.000,9,260.000,9,261.000,20,262.000,49,271.000,20,0,31,
120858567000,252.000,1,251.000,50,250.000,9,248.000,9,247.000,40,246.000,20,259.000,30,260.000,9,261.000,20,262.000,49,271.000,20,0,31,
120858567000,252.000,1,251.000,50,250.000,9,248.000,9,247.000,40,246.000,20,259.000,30,260.000,9,261.000,29,262.000,49,271.000,20,0,31,
120858567000,252.000,1,251.000,50,250.000,9,248.000,9,247.000,40,246.000,20,259.000,21,260.000,9,261.000,29,262.000,49,271.000,20,0,31,
120858567000,252.000,1,251.000,50,250.000,9,248.000,9,247.000,40,246.000,20,259.000,30,260.000,9,261.000,29,262.000,49,271.000,20,0,31,
120859005000,252.000,1,251.000,50,250.000,9,248.000,9,247.000,40,246.000,20,259.000,30,260.000,9,261.000,20,262.000,49,271.000,20,0,31,
120902112000,252.000,1,251.000,50,250.000,9,248.000,9,247.000,40,86.000,1,259.000,30,260.000,9,262.000,49,271.000,20,320.000,1,0,31,
120902112000,252.000,1,251.000,50,250.000,9,248.000,9,247.000,40,245.000,20,259.000,30,260.000,29,262.000,49,271.000,20,320.000,1,0,31,
120902236000,252.000,1,251.000,50,250.000,9,248.000,9,247.000,40,86.000,1,259.000,30,260.000,9,262.000,49,271.000,20,320.000,1,0,31,
120902611000,252.000,1,251.000,50,250.000,9,248.000,9,247.000,40,246.000,20,259.000,30,260.000,9,261.000,20,262.000,49,271.000,20,0,31,
120902987000,252.000,1,251.000,50,250.000,9,248.000,9,247.000,40,86.000,1,259.000,30,260.000,9,262.000,49,271.000,20,320.000,1,0,31,
120903111000,252.000,1,251.000,50,250.000,9,248.000,9,247.000,40,245.000,20,259.000,30,260.000,29,262.000,49,271.000,20,320.000,1,0,31,
120904993000,252.000,1,251.000,30,250.000,9,248.000,9,247.000,40,245.000,20,259.000,30,260.000,29,262.000,49,320.000,1,400.000,1,0,31,
120904993000,252.000,1,251.000,30,250.000,29,248.000,9,247.000,40,245.000,20,259.000,30,260.000,29,262.000,49,270.000,20,320.000,1,0,31,
120907245000,252.000,1,251.000,30,250.000,29,248.000,9,247.000,20,245.000,20,259.000,30,260.000,29,262.000,29,270.000,20,320.000,1,0,31,
120907430000,252.000,1,251.000,9,250.000,29,248.000,9,247.000,20,245.000,20,259.000,9,260.000,29,262.000,29,270.000,20,320.000,1,0,31,
120907430000,252.000,1,251.000,9,250.000,50,248.000,9,247.000,20,245.000,20,259.000,30,260.000,29,262.000,29,270.000,20,320.000,1,0,31,
120907430000,252.000,1,250.000,50,248.000,9,247.000,20,245.000,20,86.000,1,259.000,30,260.000,29,262.000,29,270.000,20,320.000,1,0,31,
120907430000,252.000,1,250.000,50,248.000,9,247.000,20,245.000,20,86.000,1,259.000,21,260.000,29,262.000,29,270.000,20,320.000,1,0,31,
120907506000,252.000,1,250.000,50,248.000,9,247.000,20,246.000,20,245.000,20,259.000,21,260.000,29,261.000,20,262.000,29,270.000,20,0,31,
120907853000,252.000,1,250.000,50,248.000,9,247.000,20,246.000,20,245.000,20,259.000,30,260.000,29,261.000,20,262.000,29,270.000,20,0,31,
120908074000,252.000,1,250.000,50,248.000,9,247.000,20,246.000,20,86.000,1,259.000,30,260.000,9,261.000,20,262.000,29,270.000,20,0,31,
120908074000,252.000,1,250.000,50,248.000,9,247.000,20,246.000,20,244.000,20,259.000,50,260.000,9,261.000,20,262.000,29,270.000,20,0,31,
120909002000,252.000,1,250.000,50,248.000,9,247.000,20,246.000,20,86.000,1,259.000,30,260.000,9,261.000,20,262.000,29,270.000,20,0,31,
120909002000,252.000,1,250.000,50,248.000,9,247.000,20,246.000,20,245.000,20,259.000,30,260.000,29,261.000,20,262.000,29,270.000,20,0,31,
120910426000,252.000,1,250.000,50,247.000,20,246.000,20,245.000,20,86.000,1,259.000,30,260.000,29,261.000,20,262.000,29,270.000,20,0,31,
120910431000,252.000,1,250.000,29,247.000,20,246.000,20,245.000,20,86.000,1,259.000,9,260.000,29,261.000,20,262.000,29,270.000,20,0,31,
120910431000,252.000,1,250.000,29,249.000,21,247.000,20,246.000,20,245.000,20,259.000,30,260.000,29,261.000,20,262.000,29,270.000,20,0,31,
120910431000,252.000,1,250.000,29,249.000,21,247.000,20,246.000,20,245.000,20,259.000,21,260.000,29,261.000,20,262.000,29,270.000,20,0,31,
120910431000,252.000,1,250.000,29,249.000,21,247.000,20,246.000,20,245.000,20,259.000,30,260.000,29,261.000,20,262.000,29,270.000,20,0,31,
120910444000,252.000,1,250.000,29,249.000,21,247.000,20,246.000,20,86.000,1,259.000,30,260.000,9,261.000,20,262.000,29,270.000,20,0,31,
120910444000,252.000,1,250.000,29,249.000,21,247.000,20,246.000,20,244.000,20,259.000,50,260.000,9,261.000,20,262.000,29,270.000,20,0,31,
120910550000,252.000,1,250.000,29,249.000,21,247.000,20,246.000,29,244.000,20,259.000,50,260.000,9,261.000,20,262.000,29,270.000,20,0,31,
120911431000,252.000,1,250.000,29,247.000,20,246.000,29,244.000,20,86.000,1,259.000,29,260.000,9,261.000,20,262.000,29,270.000,20,0,31,
120911431000,252.000,1,250.000,50,247.000,20,246.000,29,244.000,20,86.000,1,259.000,50,260.000,9,261.000,20,262.000,29,270.000,20,0,31,
120912242000,252.000,1,250.000,50,247.000,20,246.000,29,86.000,1,84.000,3,259.000,30,260.000,9,261.000,20,262.000,29,270.000,20,0,31,
120912242000,252.000,1,250.000,50,247.000,20,246.000,29,245.000,20,86.000,1,259.000,30,260.000,29,261.000,20,262.000,29,270.000,20,0,31,
120912867000,252.000,1,250.000,50,247.000,20,246.000,29,86.000,1,84.000,3,259.000,30,260.000,9,261.000,20,262.000,29,270.000,20,0,31,
120912867000,252.000,1,250.000,50,247.000,20,246.000,29,244.000,20,86.000,1,259.000,50,260.000,9,261.000,20,262.000,29,270.000,20,0,31,
120913868000,252.000,1,250.000,30,247.000,20,246.000,29,244.000,20,86.000,1,259.000,50,260.000,9,261.000,20,262.000,29,320.000,1,0,31,
120913868000,252.000,1,250.000,30,249.000,20,247.000,20,246.000,29,244.000,20,259.000,50,260.000,9,261.000,20,262.000,29,264.000,20,0,31,
120914433000,252.000,1,250.000,9,249.000,20,247.000,20,246.000,29,244.000,20,259.000,29,260.000,9,261.000,20,262.000,29,264.000,20,0,31,
120914433000,252.000,1,250.000,9,249.000,41,247.000,20,246.000,29,244.000,20,259.000,50,260.000,9,261.000,20,262.000,29,264.000,20,0,31,
120914433000,252.000,1,250.000,9,249.000,50,247.000,20,246.000,29,244.000,20,259.000,50,260.000,9,261.000,20,262.000,29,264.000,20,0,31,
120914433000,252.000,1,249.000,50,247.000,20,246.000,29,244.000,20,86.000,1,259.000,50,260.000,9,261.000,20,262.000,29,264.000,20,0,31,
120915901000,252.000,1,249.000,50,247.000,20,246.000,29,86.000,1,84.000,3,259.000,30,260.000,9,261.000,20,262.000,29,264.000,20,0,31,
120915901000,252.000,1,249.000,50,247.000,20,246.000,29,245.000,20,86.000,1,259.000,30,260.000,29,261.000,20,262.000,29,264.000,20,0,31,
120916031000,252.000,1,249.000,50,247.000,20,246.000,29,86.000,1,84.000,3,259.000,30,260.000,9,261.000,20,262.000,29,264.000,20,0,31,
120916406000,252.000,1,249.000,50,247.000,20,246.000,29,244.000,20,86.000,1,259.000,50,260.000,9,261.000,20,262.000,29,264.000,20,0,31,
120916433000,252.000,1,249.000,29,247.000,20,246.000,29,244.000,20,86.000,1,259.000,29,260.000,9,261.000,20,262.000,29,264.000,20,0,31,
120916433000,252.000,1,250.000,21,249.000,29,247.000,20,246.000,29,244.000,20,259.000,50,260.000,9,261.000,20,262.000,29,264.000,20,0,31,
120916434000,252.000,1,250.000,30,249.000,29,247.000,20,246.000,29,244.000,20,259.000,50,260.000,9,261.000,20,262.000,29,264.000,20,0,31,
120917539000,252.000,1,250.000,30,249.000,29,247.000,20,246.000,29,86.000,1,259.000,30,260.000,9,261.000,20,262.000,29,264.000,20,0,31,
120917540000,252.000,1,250.000,30,249.000,29,247.000,20,246.000,29,245.000,20,259.000,30,260.000,29,261.000,20,262.000,29,264.000,20,0,31,
120917619000,252.000,1,250.000,30,249.000,9,247.000,20,246.000,29,245.000,20,259.000,30,260.000,29,261.000,20,262.000,29,320.000,1,0,31,
120917619000,252.000,1,250.000,50,249.000,9,247.000,20,246.000,29,245.000,20,259.000,30,260.000,29,261.000,20,262.000,29,270.000,20,0,31,
120918744000,252.000,1,250.000,30,249.000,9,247.000,20,246.000,29,245.000,20,259.000,30,260.000,29,261.000,20,262.000,29,320.000,1,0,31,
120918744000,252.000,1,251.000,20,250.000,30,249.000,9,247.000,20,246.000,29,259.000,30,260.000,29,261.000,20,262.000,29,271.000,20,0,31,
120918754000,252.000,1,251.000,20,250.000,30,249.000,9,247.000,20,246.000,29,259.000,30,260.000,9,261.000,20,262.000,29,271.000,20,0,31,
120918754000,252.000,1,251.000,20,250.000,30,249.000,9,247.000,20,246.000,49,259.000,30,260.000,9,261.000,40,262.000,29,271.000,20,0,31,
120919144000,252.000,1,251.000,29,250.000,30,249.000,9,247.000,20,246.000,49,259.000,30,260.000,9,261.000,40,262.000,29,271.000,20,0,31,
120919506000,252.000,1,251.000,29,250.000,30,247.000,20,246.000,49,86.000,1,259.000,30,260.000,9,261.000,40,262.000,29,271.000,20,0,31,
120921759000,252.000,1,251.000,29,250.000,30,247.000,20,246.000,29,86.000,1,259.000,30,260.000,9,261.000,20,262.000,29,271.000,20,0,31,
120921759000,252.000,1,251.000,29,250.000,30,247.000,20,246.000,29,245.000,20,259.000,30,260.000,29,261.000,20,262.000,29,271.000,20,0,31,
120922744000,252.000,1,251.000,29,250.000,30,247.000,20,246.000,9,245.000,20,259.000,30,260.000,29,262.000,29,271.000,20,320.000,1,0,31,
120922750000,252.000,1,251.000,29,250.000,9,247.000,20,246.000,9,245.000,20,259.000,9,260.000,29,262.000,29,271.000,20,320.000,1,0,31,
120922750000,252.000,1,251.000,50,250.000,9,247.000,20,246.000,9,245.000,20,259.000,30,260.000,29,262.000,29,271.000,20,320.000,1,0,31,
120922750000,252.000,1,251.000,50,250.000,9,247.000,20,246.000,9,245.000,20,259.000,21,260.000,29,262.000,29,271.000,20,320.000,1,0,31,
120922750000,252.000,1,251.000,50,250.000,9,247.000,20,246.000,9,245.000,20,259.000,30,260.000,29,262.000,29,271.000,20,320.000,1,0,31,
120922751000,252.000,1,251.000,50,250.000,9,247.000,20,246.000,9,86.000,1,259.000,30,260.000,9,262.000,29,271.000,20,320.000,1,0,31,
120922751000,252.000,1,251.000,50,250.000,9,247.000,20,246.000,29,86.000,1,259.000,30,260.000,9,261.000,20,262.000,29,271.000,20,0,31,
120922953000,252.000,1,251.000,50,250.000,9,247.000,40,246.000,29,86.000,1,259.000,30,260.000,9,261.000,20,262.000,49,271.000,20,0,31,
120925893000,252.000,1,251.000,50,250.000,9,247.000,40,246.000,20,86.000,1,259.000,30,260.000,9,261.000,20,262.000,49,271.000,20,0,31,
120925894000,252.000,1,251.000,50,250.000,9,248.000,9,247.000,40,246.000,20,259.000,30,260.000,9,261.000,20,262.000,49,271.000,20,0,31,
120929001000,252.000,1,251.000,50,250.000,9,248.000,9,247.000,40,86.000,1,259.000,30,260.000,9,262.000,49,271.000,20,320.000,1,0,31,
120929001000,252.000,1,251.000,50,250.000,9,248.000,9,247.000,40,245.000,20,259.000,30,260.000,29,262.000,49,271.000,20,320.000,1,0,31,
120932199000,252.000,1,251.000,50,250.000,9,248.000,9,247.000,40,86.000,1,259.000,30,260.000,9,262.000,49,271.000,20,320.000,1,0,31,
120932199000,252.000,1,251.000,50,250.000,9,248.000,9,247.000,40,246.000,20,259.000,30,260.000,9,261.000,20,262.000,49,271.000,20,0,31,
120935063000,252.000,1,251.000,50,250.000,9,248.000,9,247.000,40,86.000,1,259.000,30,260.000,9,262.000,49,271.000,20,320.000,1,0,31,
120935063000,252.000,1,251.000,50,250.000,9,248.000,9,247.000,40,245.000,20,259.000,30,260.000,29,262.000,49,271.000,20,320.000,1,0,31,
120935312000,252.000,1,251.000,50,250.000,9,248.000,9,247.000,40,86.000,1,259.000,30,260.000,9,262.000,49,271.000,20,320.000,1,0,31,
120935562000,252.000,1,251.000,50,250.000,9,248.000,9,247.000,40,245.000,20,259.000,30,260.000,29,262.000,49,271.000,20,320.000,1,0,31,
120936247000,252.000,1,251.000,30,250.000,9,248.000,9,247.000,40,245.000,20,259.000,30,260.000,29,262.000,49,320.000,1,400.000,1,0,31,
120936247000,252.000,1,251.000,30,250.000,29,248.000,9,247.000,40,245.000,20,259.000,30,260.000,29,262.000,49,270.000,20,320.000,1,0,31,
120943000000,252.000,1,251.000,30,250.000,29,248.000,9,247.000,20,245.000,20,259.000,30,260.000,29,262.000,29,270.000,20,320.000,1,0,31,
120944030000,252.000,1,251.000,30,250.000,29,248.000,9,247.000,20,246.000,20,259.000,30,260.000,29,261.000,20,262.000,29,270.000,20,0,31,
120946780000,252.000,1,251.000,9,250.000,29,248.000,9,247.000,20,246.000,20,259.000,9,260.000,29,261.000,20,262.000,29,270.000,20,0,31,
120946780000,252.000,1,251.000,9,250.000,50,248.000,9,247.000,20,246.000,20,259.000,30,260.000,29,261.000,20,262.000,29,270.000,20,0,31,
120946780000,252.000,1,250.000,50,248.000,9,247.000,20,246.000,20,245.000,20,259.000,30,260.000,29,261.000,20,262.000,29,270.000,20,0,31,
120946780000,252.000,1,250.000,50,248.000,9,247.000,20,246.000,20,245.000,20,259.000,21,260.000,29,261.000,20,262.000,29,270.000,20,0,31,
120946842000,252.000,1,250.000,50,248.000,9,247.000,20,246.000,20,245.000,20,259.000,30,260.000,29,261.000,20,262.000,29,270.000,20,0,31,
120946870000,252.000,1,250.000,50,248.000,9,247.000,20,246.000,20,86.000,1,259.000,30,260.000,9,261.000,20,262.000,29,270.000,20,0,31,
120946870000,252.000,1,250.000,50,248.000,9,247.000,20,246.000,20,244.000,20,259.000,50,260.000,9,261.000,20,262.000,29,270.000,20,0,31,
120947369000,252.000,1,250.000,50,248.000,9,247.000,20,246.000,20,86.000,1,259.000,30,260.000,9,261.000,20,262.000,29,270.000,20,0,31,
120947369000,252.000,1,250.000,50,248.000,9,247.000,20,246.000,20,245.000,20,259.000,30,260.000,29,261.000,20,262.000,29,270.000,20,0,31,
120955314000,252.000,1,250.000,50,248.000,9,247.000,20,246.000,20,86.000,1,259.000,30,260.000,9,261.000,20,262.000,29,270.000,20,0,31,
120955314000,252.000,1,250.000,50,248.000,9,247.000,20,246.000,20,244.000,20,259.000,50,260.000,9,261.000,20,262.000,29,270.000,20,0,31,
120955806000,252.000,1,250.000,50,248.000,9,247.000,20,246.000,20,86.000,1,259.000,30,260.000,9,261.000,20,262.000,29,270.000,20,0,31,
120955817000,252.000,1,250.000,50,248.000,9,247.000,20,246.000,20,245.000,20,259.000,30,260.000,29,261.000,20,262.000,29,270.000,20,0,31,
120956055000,252.000,1,250.000,50,248.000,9,247.000,20,246.000,20,86.000,1,259.000,30,260.000,9,261.000,20,262.000,29,270.000,20,0,31,
120956368000,252.000,1,250.000,30,248.000,9,247.000,20,246.000,20,86.000,1,259.000,30,260.000,9,261.000,20,262.000,29,320.000,1,0,31,
120956368000,252.000,1,250.000,30,249.000,20,248.000,9,247.000,20,246.000,20,259.000,30,260.000,9,261.000,20,262.000,29,264.000,20,0,31,
120956431000,252.000,1,250.000,30,249.000,20,248.000,9,247.000,20,246.000,20,259.000,50,260.000,9,261.000,20,262.000,29,264.000,20,0,31,
120956804000,252.000,1,250.000,9,249.000,20,248.000,9,247.000,20,246.000,20,259.000,29,260.000,9,261.000,20,262.000,29,264.000,20,0,31,
120956804000,252.000,1,250.000,9,249.000,41,248.000,9,247.000,20,246.000,20,259.000,50,260.000,9,261.000,20,262.000,29,264.000,20,0,31,
120956804000,252.000,1,250.000,9,249.000,50,248.000,9,247.000,20,246.000,20,259.000,50,260.000,9,261.000,20,262.000,29,264.000,20,0,31,
120956804000,252.000,1,249.000,50,248.000,9,247.000,20,246.000,20,244.000,20,259.000,50,260.000,9,261.000,20,262.000,29,264.000,20,0,31,
120958796000,252.000,1,249.000,29,248.000,9,247.000,20,246.000,20,244.000,20,259.000,29,260.000,9,261.000,20,262.000,29,264.000,20,0,31,
120958796000,252.000,1,250.000,21,249.000,29,248.000,9,247.000,20,246.000,20,259.000,50,260.000,9,261.000,20,262.000,29,264.000,20,0,31,
120958796000,252.000,1,250.000,30,249.000,29,248.000,9,247.000,20,246.000,20,259.000,50,260.000,9,261.000,20,262.000,29,264.000,20,0,31,
120959150000,252.000,1,250.000,30,249.000,29,248.000,9,247.000,20,244.000,20,259.000,50,260.000,9,262.000,29,264.000,20,320.000,1,0,31,
120959529000,252.000,1,250.000,30,249.000,29,248.000,9,247.000,20,246.000,20,259.000,50,260.000,9,261.000,20,262.000,29,264.000,20,0,31,
121000768000,252.000,1,250.000,30,249.000,9,248.000,9,247.000,20,246.000,20,259.000,50,260.000,9,261.000,20,262.000,29,320.000,1,0,31,
121000768000,252.000,1,250.000,50,249.000,9,248.000,9,247.000,20,246.000,20,259.000,50,260.000,9,261.000,20,262.000,29,270.000,20,0,31,
121000769000,252.000,1,250.000,50,249.000,9,248.000,9,247.000,20,246.000,20,259.000,30,260.000,9,261.000,20,262.000,29,270.000,20,0,31,
121000769000,252.000,1,250.000,50,249.000,9,248.000,9,247.000,20,246.000,20,259.000,30,260.000,29,261.000,20,262.000,29,270.000,20,0,31,
121015285000,252.000,1,250.000,50,249.000,9,248.000,9,247.000,20,246.000,20,259.000,30,260.000,9,261.000,20,262.000,29,270.000,20,0,31,
121015285000,252.000,1,250.000,50,249.000,9,248.000,9,247.000,20,246.000,20,259.000,50,260.000,9,261.000,20,262.000,29,270.000,20,0,31,
121016654000,252.000,1,250.000,50,249.000,9,248.000,9,247.000,20,246.000,20,259.000,30,260.000,9,261.000,20,262.000,29,270.000,20,0,31,
121016654000,252.000,1,250.000,50,249.000,9,248.000,9,247.000,20,246.000,20,259.000,30,260.000,29,261.000,20,262.000,29,270.000,20,0,31,
121017269000,252.000,1,250.000,50,249.000,9,248.000,9,247.000,20,246.000,20,259.000,30,260.000,9,261.000,20,262.000,29,270.000,20,0,31,
121017269000,252.000,1,250.000,50,249.000,9,248.000,9,247.000,20,246.000,20,259.000,50,260.000,9,261.000,20,262.000,29,270.000,20,0,31,
121017395000,252.000,1,250.000,50,249.000,9,248.000,9,247.000,20,246.000,20,259.000,30,260.000,9,261.000,20,262.000,29,270.000,20,0,31,
121017769000,252.000,1,250.000,50,249.000,9,248.000,9,247.000,20,246.000,20,259.000,30,260.000,29,261.000,20,262.000,29,270.000,20,0,31,
121019600000,252.000,1,250.000,50,249.000,9,248.000,9,247.000,20,245.000,20,259.000,30,260.000,29,262.000,29,270.000,20,320.000,1,0,31,
121020125000,252.000,1,250.000,50,249.000,9,248.000,9,247.000,40,245.000,20,259.000,30,260.000,29,262.000,49,270.000,20,320.000,1,0,31,
121021239000,252.000,1,250.000,50,249.000,9,248.000,9,247.000,40,86.000,1,259.000,30,260.000,9,262.000,49,270.000,20,320.000,1,0,31,
121021239000,252.000,1,250.000,50,249.000,9,248.000,9,247.000,40,246.000,20,259.000,30,260.000,9,261.000,20,262.000,49,270.000,20,0,31,
121022492000,252.000,1,250.000,30,249.000,9,248.000,9,247.000,40,246.000,20,259.000,30,260.000,9,261.000,20,262.000,49,320.000,1,0,31,
121022492000,252.000,1,251.000,20,250.000,30,249.000,9,248.000,9,247.000,40,259.000,30,260.000,9,261.000,20,262.000,49,271.000,20,0,31,
121022492000,252.000,1,251.000,29,250.000,30,249.000,9,248.000,9,247.000,40,259.000,30,260.000,9,261.000,20,262.000,49,271.000,20,0,31,
121022506000,252.000,1,251.000,29,250.000,30,248.000,9,247.000,40,246.000,20,259.000,30,260.000,9,261.000,20,262.000,49,271.000,20,0,31,
121023614000,252.000,1,251.000,29,250.000,30,248.000,9,247.000,40,86.000,1,259.000,30,260.000,9,262.000,49,271.000,20,320.000,1,0,31,
121023614000,252.000,1,251.000,29,250.000,30,248.000,9,247.000,40,245.000,20,259.000,30,260.000,29,262.000,49,271.000,20,320.000,1,0,31,
121023769000,252.000,1,251.000,29,250.000,9,248.000,9,247.000,40,245.000,20,259.000,9,260.000,29,262.000,49,271.000,20,320.000,1,0,31,
121023769000,252.000,1,251.000,50,250.000,9,248.000,9,247.000,40,245.000,20,259.000,30,260.000,29,262.000,49,271.000,20,320.000,1,0,31,
121023769000,252.000,1,251.000,50,250.000,9,248.000,9,247.000,40,245.000,20,259.000,21,260.000,29,262.000,49,271.000,20,320.000,1,0,31,
121023769000,252.000,1,251.000,50,250.000,9,248.000,9,247.000,40,245.000,20,259.000,30,260.000,29,262.000,49,271.000,20,320.000,1,0,31,
121023863000,252.000,1,251.000,50,250.000,9,248.000,9,247.000,40,86.000,1,259.000,30,260.000,9,262.000,49,271.000,20,320.000,1,0,31,
121024211000,252.000,1,251.000,50,250.000,9,248.000,9,247.000,40,246.000,20,259.000,30,260.000,9,261.000,20,262.000,49,271.000,20,0,31,
121024363000,252.000,1,251.000,50,250.000,9,248.000,9,247.000,40,86.000,1,259.000,30,260.000,9,262.000,49,271.000,20,320.000,1,0,31,
121024737000,252.000,1,251.000,50,250.000,9,248.000,9,247.000,40,245.000,20,259.000,30,260.000,29,262.000,49,271.000,20,320.000,1,0,31,
121025604000,252.000,1,251.000,50,250.000,9,248.000,9,247.000,40,86.000,1,259.000,30,260.000,9,262.000,49,271.000,20,320.000,1,0,31,
121025604000,252.000,1,251.000,50,250.000,9,248.000,9,247.000,40,246.000,20,259.000,30,260.000,9,261.000,20,262.000,49,271.000,20,0,31,
121031467000,252.000,1,251.000,50,250.000,9,248.000,9,247.000,40,86.000,1,259.000,30,260.000,9,262.000,49,271.000,20,320.000,1,0,31,
121031467000,252.000,1,251.000,50,250.000,9,248.000,9,247.000,40,245.000,20,259.000,30,260.000,29,262.000,49,271.000,20,320.000,1,0,31,
121031716000,252.000,1,251.000,50,250.000,9,248.000,9,247.000,40,86.000,1,259.000,30,260.000,9,262.000,49,271.000,20,320.000,1,0,31,
121031966000,252.000,1,251.000,50,250.000,9,248.000,9,247.000,40,246.000,20,259.000,30,260.000,9,261.000,20,262.000,49,271.000,20,0,31,
121036502000,252.000,1,251.000,50,250.000,9,248.000,9,247.000,40,86.000,1,259.000,30,260.000,9,262.000,49,271.000,20,320.000,1,0,31,
121036502000,252.000,1,251.000,50,250.000,9,248.000,9,247.000,40,245.000,20,259.000,30,260.000,29,262.000,49,271.000,20,320.000,1,0,31,
121040200000,252.000,1,251.000,50,250.000,9,248.000,9,247.000,20,245.000,20,259.000,30,260.000,29,262.000,29,271.000,20,320.000,1,0,31,
121040250000,252.000,1,251.000,50,250.000,9,248.000,9,247.000,20,86.000,1,259.000,30,260.000,9,262.000,29,271.000,20,320.000,1,0,31,
121040250000,252.000,1,251.000,50,250.000,9,248.000,9,247.000,20,246.000,20,259.000,30,260.000,9,261.000,20,262.000,29,271.000,20,0,31,
121040492000,252.000,1,251.000,30,250.000,9,248.000,9,247.000,20,246.000,20,259.000,30,260.000,9,261.000,20,262.000,29,320.000,1,0,31,
121040492000,252.000,1,251.000,30,250.000,29,248.000,9,247.000,20,246.000,20,259.000,30,260.000,9,261.000,20,262.000,29,270.000,20,0,31,
121040596000,252.000,1,251.000,30,250.000,29,248.000,9,247.000,40,246.000,20,259.000,30,260.000,9,261.000,20,262.000,49,270.000,20,0,31,
121052083000,252.000,1,251.000,9,250.000,29,248.000,9,247.000,40,246.000,20,259.000,9,260.000,9,261.000,20,262.000,49,270.000,20,0,31,
121052083000,252.000,1,252.000,21,251.000,9,250.000,29,248.000,9,247.000,40,259.000,9,260.000,30,261.000,20,262.000,49,270.000,20,0,31,
121052084000,252.000,1,252.000,21,251.000,9,250.000,29,248.000,9,247.000,40,259.000,9,260.000,30,262.000,49,270.000,20,320.000,1,0,31,
121052084000,252.000,1,252.000,21,251.000,9,250.000,29,248.000,9,247.000,60,259.000,9,260.000,30,262.000,69,270.000,20,320.000,1,0,31,
121052085000,252.000,1,252.000,21,251.000,9,250.000,29,248.000,9,247.000,60,259.000,9,260.000,30,261.000,9,262.000,69,270.000,20,0,31,
121052085000,252.000,1,252.000,21,251.000,9,250.000,29,248.000,9,247.000,60,260.000,30,261.000,9,262.000,69,270.000,20,320.000,1,0,31,
121052085000,252.000,1,252.000,21,250.000,29,248.000,9,247.000,60,86.000,1,260.000,30,261.000,9,262.000,69,270.000,20,320.000,1,0,31,
121052085000,252.000,1,252.000,30,250.000,29,248.000,9,247.000,60,86.000,1,260.000,30,261.000,9,262.000,69,270.000,20,320.000,1,0,31,
121052108000,252.000,1,252.000,30,250.000,29,248.000,9,247.000,60,86.000,1,260.000,30,261.000,9,262.000,60,270.000,20,320.000,1,0,31,
121052156000,252.000,1,252.000,30,250.000,29,248.000,9,247.000,40,86.000,1,260.000,30,261.000,9,262.000,40,270.000,20,320.000,1,0,31,
121052233000,252.000,1,252.000,30,250.000,29,248.000,9,247.000,40,86.000,1,260.000,30,261.000,9,262.000,40,264.000,9,270.000,20,0,31,
121052302000,252.000,1,252.000,30,250.000,29,248.000,9,247.000,20,86.000,1,260.000,30,261.000,9,262.000,20,264.000,9,270.000,20,0,31,
121052425000,252.000,1,252.000,30,250.000,29,249.000,20,248.000,9,247.000,20,260.000,30,261.000,9,262.000,20,264.000,29,270.000,20,0,31,
121052669000,252.000,1,252.000,30,250.000,29,249.000,40,248.000,9,247.000,20,260.000,30,261.000,9,262.000,20,264.000,49,270.000,20,0,31,
121052958000,252.000,1,252.000,30,250.000,29,249.000,40,248.000,9,86.000,1,260.000,30,261.000,9,264.000,49,270.000,20,320.000,1,0,31,
121052958000,252.000,1,252.000,30,250.000,29,249.000,40,248.000,29,86.000,1,260.000,30,261.000,9,263.000,20,264.000,49,270.000,20,0,31,
121052993000,252.000,1,252.000,30,250.000,9,249.000,40,248.000,29,86.000,1,260.000,30,261.000,9,263.000,20,264.000,49,320.000,1,0,31,
121052993000,252.000,1,252.000,30,251.000,20,250.000,9,249.000,40,248.000,29,260.000,30,261.000,9,263.000,20,264.000,49,271.000,20,0,31,
121053342000,252.000,1,252.000,9,251.000,20,250.000,9,249.000,40,248.000,29,260.000,9,261.000,9,263.000,20,264.000,49,271.000,20,0,31,
121053342000,252.000,1,252.000,30,251.000,20,250.000,9,249.000,40,248.000,29,260.000,9,261.000,30,263.000,20,264.000,49,271.000,20,0,31,
121053342000,252.000,1,252.000,30,251.000,29,250.000,9,249.000,40,248.000,29,260.000,9,261.000,30,263.000,20,264.000,49,271.000,20,0,31,
121053342000,252.000,1,252.000,30,251.000,29,250.000,9,249.000,40,248.000,29,260.000,9,261.000,30,263.000,29,264.000,49,271.000,20,0,31,
121053342000,252.000,1,252.000,21,251.000,29,250.000,9,249.000,40,248.000,29,260.000,9,261.000,30,263.000,29,264.000,49,271.000,20,0,31,
121053342000,252.000,1,252.000,21,251.000,29,250.000,9,249.000,40,248.000,29,261.000,30,263.000,29,264.000,49,271.000,20,320.000,1,0,31,
121053342000,252.000,1,252.000,30,251.000,29,250.000,9,249.000,40,248.000,29,261.000,30,263.000,29,264.000,49,271.000,20,320.000,1,0,31,
121053506000,252.000,1,252.000,30,251.000,29,249.000,40,248.000,29,86.000,1,261.000,30,263.000,29,264.000,49,271.000,20,320.000,1,0,31,
121056243000,252.000,1,252.000,30,251.000,9,249.000,40,248.000,29,86.000,1,261.000,30,263.000,29,264.000,49,320.000,1,400.000,1,0,31,
121056243000,252.000,1,252.000,50,251.000,9,249.000,40,248.000,29,86.000,1,261.000,30,263.000,29,264.000,49,272.000,20,320.000,1,0,31,
121057485000,252.000,1,252.000,50,251.000,9,249.000,40,248.000,20,86.000,1,261.000,30,263.000,29,264.000,49,272.000,20,320.000,1,0,31,
121057485000,252.000,1,252.000,50,251.000,9,250.000,9,249.000,40,248.000,20,261.000,30,263.000,29,264.000,49,272.000,20,320.000,1,0,31,
121058477000,252.000,1,252.000,29,251.000,9,250.000,9,249.000,40,248.000,20,261.000,9,263.000,29,264.000,49,272.000,20,320.000,1,0,31,
121058477000,252.000,1,252.000,50,251.000,9,250.000,9,249.000,40,248.000,20,261.000,9,262.000,21,263.000,29,264.000,49,272.000,20,0,31,
121058477000,252.000,1,252.000,50,251.000,9,250.000,9,249.000,40,248.000,20,262.000,21,263.000,29,264.000,49,272.000,20,320.000,1,0,31,
121058477000,252.000,1,252.000,50,251.000,9,250.000,9,249.000,40,248.000,20,262.000,30,263.000,29,264.000,49,272.000,20,320.000,1,0,31,
121104879000,252.000,1,252.000,50,251.000,9,250.000,9,249.000,40,86.000,1,262.000,30,263.000,9,264.000,49,272.000,20,320.000,1,0,31,
121104879000,252.000,1,252.000,50,251.000,9,250.000,9,249.000,60,86.000,1,262.000,30,263.000,9,264.000,69,272.000,20,320.000,1,0,31,
121105557000,252.000,1,252.000,50,251.000,9,250.000,9,249.000,60,86.000,1,262.000,30,263.000,9,264.000,60,272.000,20,320.000,1,0,31,
121105701000,252.000,1,252.000,50,251.000,9,250.000,9,249.000,40,86.000,1,262.000,30,263.000,9,264.000,40,272.000,20,320.000,1,0,31,
121105743000,252.000,1,252.000,30,251.000,9,250.000,9,249.000,40,86.000,1,262.000,30,263.000,9,264.000,40,320.000,1,400.000,1,0,31,
121105743000,252.000,1,253.000,20,252.000,30,251.000,9,250.000,9,249.000,40,262.000,30,263.000,9,264.000,40,273.000,20,320.000,1,0,31,
121105743000,252.000,1,253.000,29,252.000,30,251.000,9,250.000,9,249.000,40,262.000,30,263.000,9,264.000,40,273.000,20,320.000,1,0,31,
121105805000,252.000,1,253.000,29,252.000,30,251.000,9,250.000,29,249.000,40,262.000,30,263.000,9,264.000,40,265.000,20,273.000,20,0,31,
121105975000,252.000,1,253.000,29,252.000,30,251.000,9,250.000,29,249.000,40,262.000,30,263.000,9,264.000,40,265.000,20,266.000,9,0,31,
121105994000,252.000,1,253.000,9,252.000,30,251.000,9,250.000,29,249.000,40,262.000,30,263.000,9,264.000,40,265.000,20,266.000,9,0,31,
121105994000,252.000,1,253.000,9,252.000,50,251.000,9,250.000,29,249.000,40,262.000,30,263.000,9,264.000,40,265.000,20,266.000,9,0,31,
121105994000,252.000,1,252.000,50,251.000,9,250.000,29,249.000,40,86.000,1,262.000,30,263.000,9,264.000,40,265.000,20,266.000,9,0,31,
121107778000,252.000,1,252.000,50,251.000,9,250.000,29,249.000,20,86.000,1,262.000,30,263.000,9,264.000,20,265.000,20,266.000,9,0,31,
121107778000,252.000,1,252.000,50,251.000,9,250.000,29,249.000,20,248.000,20,262.000,30,263.000,29,264.000,20,265.000,20,266.000,9,0,31,
121108216000,252.000,1,252.000,50,251.000,9,250.000,9,249.000,20,248.000,20,262.000,30,263.000,29,264.000,20,266.000,9,272.000,20,0,31,
121108979000,252.000,1,252.000,50,251.000,9,250.000,9,249.000,20,86.000,1,262.000,30,263.000,9,264.000,20,266.000,9,272.000,20,0,31,
121108979000,252.000,1,252.000,50,251.000,9,250.000,9,249.000,40,86.000,1,262.000,30,263.000,9,264.000,40,266.000,9,272.000,20,0,31,
121109254000,252.000,1,252.000,50,251.000,9,250.000,29,249.000,40,86.000,1,262.000,30,263.000,9,264.000,40,265.000,20,266.000,9,0,31,
121111492000,252.000,1,252.000,30,251.000,9,250.000,29,249.000,40,86.000,1,262.000,30,263.000,9,264.000,40,265.000,20,266.000,9,0,31,
121111492000,252.000,1,253.000,20,252.000,30,251.000,9,250.000,29,249.000,40,262.000,30,263.000,9,264.000,40,265.000,20,266.000,9,0,31,
121111493000,252.000,1,253.000,29,252.000,30,251.000,9,250.000,29,249.000,40,262.000,30,263.000,9,264.000,40,265.000,20,266.000,9,0,31,
121111506000,252.000,1,253.000,29,252.000,30,250.000,29,249.000,40,86.000,1,262.000,30,263.000,9,264.000,40,265.000,20,266.000,9,0,31,
121111825000,252.000,1,253.000,29,252.000,9,250.000,29,249.000,40,86.000,1,262.000,9,263.000,9,264.000,40,265.000,20,266.000,9,0,31,
121111825000,252.000,1,254.000,21,253.000,29,252.000,9,250.000,29,249.000,40,262.000,30,263.000,9,264.000,40,265.000,20,266.000,9,0,31,
121111825000,252.000,1,254.000,21,253.000,29,252.000,9,250.000,29,249.000,40,262.000,30,263.000,9,264.000,49,265.000,20,266.000,9,0,31,
121111825000,252.000,1,254.000,21,253.000,29,252.000,9,250.000,29,249.000,40,262.000,21,263.000,9,264.000,49,265.000,20,266.000,9,0,31,
121111825000,252.000,1,254.000,30,253.000,29,252.000,9,250.000,29,249.000,40,262.000,21,263.000,9,264.000,49,265.000,20,266.000,9,0,31,
121112006000,252.000,1,254.000,30,253.000,29,250.000,29,249.000,40,86.000,1,262.000,21,263.000,9,264.000,49,265.000,20,266.000,9,0,31,
121112456000,252.000,1,254.000,30,253.000,29,250.000,29,249.000,40,86.000,1,262.000,30,263.000,9,264.000,49,265.000,20,266.000,9,0,31,
121112506000,252.000,1,254.000,30,253.000,29,250.000,29,249.000,40,86.000,1,262.000,30,263.000,9,264.000,40,265.000,20,266.000,9,0,31,
121117658000,252.000,1,254.000,30,253.000,29,252.000,2,250.000,29,249.000,40,262.000,30,263.000,9,264.000,40,265.000,20,266.000,9,0,31,
121120561000,252.000,1,254.000,30,253.000,29,252.000,2,250.000,29,249.000,20,262.000,30,263.000,9,264.000,20,265.000,20,266.000,9,0,31,
121120561000,252.000,1,254.000,30,253.000,29,252.000,2,250.000,29,249.000,20,262.000,30,263.000,29,264.000,20,265.000,20,266.000,9,0,31,
121120620000,252.000,1,254.000,30,253.000,9,252.000,2,250.000,29,249.000,20,262.000,30,263.000,29,264.000,20,265.000,20,266.000,9,0,31,
121120620000,252.000,1,254.000,30,253.000,9,252.000,22,250.000,29,249.000,20,262.000,30,263.000,29,264.000,20,265.000,20,266.000,9,0,31,
121121528000,252.000,1,254.000,30,253.000,9,252.000,22,250.000,29,249.000,20,262.000,30,263.000,9,264.000,20,265.000,20,266.000,9,0,31,
121121528000,252.000,1,254.000,30,253.000,9,252.000,22,250.000,29,249.000,40,262.000,30,263.000,9,264.000,40,265.000,20,266.000,9,0,31,
121126529000,252.000,1,254.000,30,253.000,9,252.000,22,250.000,29,249.000,20,262.000,30,263.000,9,264.000,20,265.000,20,266.000,9,0,31,
121126529000,252.000,1,254.000,30,253.000,9,252.000,22,250.000,29,249.000,20,262.000,30,263.000,29,264.000,20,265.000,20,266.000,9,0,31,
121128888000,252.000,1,254.000,30,253.000,9,252.000,22,250.000,29,249.000,20,262.000,30,263.000,9,264.000,20,265.000,20,266.000,9,0,31,
121128888000,252.000,1,254.000,30,253.000,9,252.000,22,250.000,29,249.000,40,262.000,30,263.000,9,264.000,40,265.000,20,266.000,9,0,31,
121129300000,252.000,1,254.000,30,253.000,9,252.000,22,250.000,9,249.000,40,262.000,30,263.000,9,264.000,40,266.000,9,272.000,20,0,31,
121129353000,252.000,1,254.000,30,253.000,9,252.000,2,250.000,9,249.000,40,262.000,30,263.000,9,264.000,40,266.000,9,320.000,1,0,31,
121129353000,252.000,1,254.000,30,253.000,29,252.000,2,250.000,9,249.000,40,262.000,30,263.000,9,264.000,40,266.000,9,273.000,20,0,31,
121129961000,252.000,1,254.000,30,253.000,29,252.000,2,250.000,29,249.000,40,262.000,30,263.000,9,264.000,40,265.000,20,266.000,9,0,31,
121132827000,252.000,1,254.000,9,253.000,29,252.000,2,250.000,29,249.000,40,262.000,9,263.000,9,264.000,40,265.000,20,266.000,9,0,31,
121132827000,252.000,1,254.000,30,253.000,29,252.000,2,250.000,29,249.000,40,262.000,9,263.000,30,264.000,40,265.000,20,266.000,9,0,31,
121132827000,252.000,1,254.000,30,253.000,29,252.000,2,250.000,29,249.000,40,262.000,9,263.000,30,264.000,49,265.000,20,266.000,9,0,31,
121132827000,252.000,1,254.000,30,253.000,29,252.000,2,250.000,29,249.000,40,263.000,30,264.000,49,265.000,20,266.000,9,273.000,20,0,31,
121132827000,252.000,1,254.000,21,253.000,29,252.000,2,250.000,29,249.000,40,263.000,30,264.000,49,265.000,20,266.000,9,273.000,20,0,31,
121132827000,252.000,1,254.000,30,253.000,29,252.000,2,250.000,29,249.000,40,263.000,30,264.000,49,265.000,20,266.000,9,273.000,20,0,31,
121132914000,252.000,1,254.000,30,253.000,29,252.000,2,250.000,29,249.000,20,263.000,30,264.000,29,265.000,20,266.000,9,273.000,20,0,31,
121132914000,252.000,1,254.000,30,253.000,29,252.000,2,250.000,49,249.000,20,263.000,30,264.000,29,265.000,40,266.000,9,273.000,20,0,31,
121132977000,252.000,1,254.000,30,253.000,29,252.000,2,250.000,29,249.000,20,263.000,30,264.000,29,265.000,20,266.000,9,273.000,20,0,31,
121132993000,252.000,1,254.000,30,253.000,9,252.000,2,250.000,29,249.000,20,263.000,30,264.000,29,265.000,20,266.000,9,320.000,1,0,31,
121132993000,252.000,1,254.000,50,253.000,9,252.000,2,250.000,29,249.000,20,263.000,30,264.000,29,265.000,20,266.000,9,274.000,20,0,31,
121133040000,252.000,1,254.000,50,253.000,9,252.000,2,250.000,49,249.000,20,263.000,30,264.000,29,265.000,20,266.000,29,274.000,20,0,31,
121133399000,252.000,1,254.000,50,253.000,9,252.000,2,250.000,40,249.000,20,263.000,30,264.000,29,265.000,20,266.000,29,274.000,20,0,31,
121133399000,252.000,1,254.000,50,253.000,9,252.000,11,250.000,40,249.000,20,263.000,30,264.000,29,265.000,20,266.000,29,274.000,20,0,31,
121133492000,252.000,1,254.000,29,253.000,9,252.000,11,250.000,40,249.000,20,263.000,9,264.000,29,265.000,20,266.000,29,274.000,20,0,31,
121133492000,252.000,1,254.000,50,253.000,9,252.000,11,250.000,40,249.000,20,263.000,9,264.000,50,265.000,20,266.000,29,274.000,20,0,31,
121133492000,252.000,1,254.000,50,253.000,9,252.000,11,250.000,40,249.000,20,264.000,50,265.000,20,266.000,29,274.000,20,320.000,1,0,31,
121133505000,252.000,1,254.000,50,253.000,9,252.000,11,250.000,40,86.000,1,264.000,30,265.000,20,266.000,29,274.000,20,320.000,1,0,31,
121133505000,252.000,1,254.000,50,253.000,9,252.000,11,251.000,20,250.000,40,264.000,30,265.000,20,266.000,29,271.000,20,274.000,20,0,31,
121136426000,252.000,1,254.000,29,253.000,9,252.000,11,251.000,20,250.000,40,264.000,9,265.000,20,266.000,29,271.000,20,274.000,20,0,31,
121136426000,252.000,1,254.000,50,253.000,9,252.000,11,251.000,20,250.000,40,263.000,21,264.000,9,265.000,20,266.000,29,271.000,20,0,31,
121136426000,252.000,1,254.000,50,253.000,9,252.000,11,251.000,20,250.000,40,263.000,21,265.000,20,266.000,29,271.000,20,274.000,20,0,31,
121136453000,252.000,1,254.000,50,253.000,9,252.000,11,251.000,20,250.000,20,263.000,21,266.000,29,271.000,20,274.000,20,320.000,1,0,31,
121136453000,252.000,1,254.000,50,253.000,9,252.000,11,251.000,20,250.000,20,263.000,21,264.000,20,266.000,29,271.000,20,274.000,20,0,31,
121136493000,252.000,1,254.000,30,253.000,9,252.000,11,251.000,20,250.000,20,263.000,21,264.000,20,266.000,29,271.000,20,320.000,1,0,31,
121136493000,252.000,1,254.000,30,253.000,29,252.000,11,251.000,20,250.000,20,263.000,21,264.000,20,266.000,29,271.000,20,273.000,20,0,31,
121136552000,252.000,1,254.000,30,253.000,29,252.000,11,251.000,20,249.000,20,263.000,21,264.000,20,266.000,9,271.000,20,273.000,20,0,31,
121136568000,252.000,1,254.000,30,253.000,29,252.000,11,251.000,20,249.000,40,263.000,21,264.000,40,266.000,9,271.000,20,273.000,20,0,31,
121137151000,252.000,1,254.000,30,253.000,29,252.000,11,251.000,20,249.000,40,263.000,30,264.000,40,266.000,9,271.000,20,273.000,20,0,31,
121138621000,252.000,1,254.000,30,253.000,29,252.000,11,251.000,20,249.000,20,263.000,30,264.000,20,266.000,9,271.000,20,273.000,20,0,31,
121138621000,252.000,1,254.000,30,253.000,29,252.000,11,251.000,20,250.000,20,263.000,30,264.000,20,265.000,20,266.000,9,271.000,20,0,31,
121139124000,252.000,1,254.000,30,253.000,29,252.000,11,251.000,20,250.000,20,263.000,30,265.000,20,266.000,9,271.000,20,273.000,20,0,31,
121139287000,252.000,1,254.000,30,253.000,29,252.000,11,251.000,20,250.000,40,263.000,30,265.000,40,266.000,9,271.000,20,273.000,20,0,31,
121148888000,252.000,1,254.000,30,253.000,29,252.000,11,251.000,20,250.000,20,263.000,30,265.000,20,266.000,9,271.000,20,273.000,20,0,31,
121148888000,252.000,1,254.000,30,253.000,29,252.000,11,251.000,20,250.000,20,263.000,30,264.000,20,265.000,20,266.000,9,271.000,20,0,31,
121149132000,252.000,1,254.000,30,253.000,29,252.000,11,251.000,20,250.000,20,263.000,30,265.000,20,266.000,9,271.000,20,273.000,20,0,31,
121149499000,252.000,1,254.000,30,253.000,29,252.000,11,251.000,20,250.000,40,263.000,30,265.000,40,266.000,9,271.000,20,273.000,20,0,31,
121155019000,252.000,1,254.000,30,253.000,29,252.000,11,251.000,20,250.000,20,263.000,30,265.000,20,266.000,9,271.000,20,273.000,20,0,31,
121155019000,252.000,1,254.000,30,253.000,29,252.000,11,251.000,20,250.000,20,263.000,30,264.000,20,265.000,20,266.000,9,271.000,20,0,31,
121155232000,252.000,1,254.000,30,253.000,29,252.000,11,251.000,20,250.000,20,263.000,30,265.000,20,266.000,9,271.000,20,273.000,20,0,31,
121155607000,252.000,1,254.000,30,253.000,29,252.000,11,251.000,20,250.000,20,263.000,50,265.000,20,266.000,9,271.000,20,273.000,20,0,31,
121157312000,252.000,1,254.000,30,253.000,9,252.000,11,251.000,20,250.000,20,263.000,50,265.000,20,266.000,9,271.000,20,320.000,1,0,31,
121157312000,252.000,1,254.000,30,253.000,9,252.000,31,251.000,20,250.000,20,263.000,50,265.000,20,266.000,9,271.000,20,272.000,20,0,31,
121157428000,252.000,1,254.000,30,253.000,9,252.000,31,250.000,20,248.000,20,263.000,50,265.000,20,266.000,9,272.000,20,320.000,1,0,31,
121157428000,252.000,1,254.000,30,253.000,9,252.000,31,250.000,20,86.000,1,263.000,30,265.000,20,266.000,9,272.000,20,320.000,1,0,31,
121157428000,252.000,1,254.000,30,253.000,9,252.000,31,250.000,20,247.000,20,262.000,20,263.000,30,265.000,20,266.000,9,272.000,20,0,31,
121157429000,252.000,1,254.000,9,253.000,9,252.000,31,250.000,20,247.000,20,262.000,20,263.000,9,265.000,20,266.000,9,272.000,20,0,31,
121157429000,252.000,1,254.000,9,253.000,30,252.000,31,250.000,20,247.000,20,262.000,20,263.000,30,265.000,20,266.000,9,272.000,20,0,31,
121157429000,252.000,1,254.000,9,253.000,30,252.000,31,250.000,20,247.000,20,262.000,29,263.000,30,265.000,20,266.000,9,272.000,20,0,31,
121157430000,252.000,1,253.000,30,252.000,31,250.000,20,247.000,20,86.000,1,262.000,29,263.000,30,265.000,20,266.000,9,272.000,20,0,31,
121157431000,252.000,1,253.000,30,252.000,31,247.000,20,86.000,1,84.000,3,262.000,29,263.000,30,266.000,9,272.000,20,320.000,1,0,31,
121157467000,252.000,1,253.000,30,252.000,31,249.000,20,247.000,20,86.000,1,262.000,29,263.000,30,264.000,20,266.000,9,272.000,20,0,31,
121157493000,252.000,1,253.000,30,252.000,11,249.000,20,247.000,20,86.000,1,262.000,29,263.000,30,264.000,20,266.000,9,320.000,1,0,31,
121157493000,252.000,1,253.000,30,252.000,11,251.000,20,249.000,20,247.000,20,262.000,29,263.000,30,264.000,20,266.000,9,271.000,20,0,31,
121157527000,252.000,1,253.000,30,252.000,2,251.000,20,249.000,20,247.000,20,262.000,29,263.000,30,264.000,20,266.000,9,271.000,20,0,31,
121157650000,252.000,1,253.000,30,252.000,2,251.000,20,250.000,9,249.000,20,262.000,29,263.000,30,264.000,20,266.000,9,271.000,20,0,31,
121157661000,252.000,1,253.000,30,252.000,2,251.000,20,250.000,9,249.000,20,262.000,9,263.000,30,264.000,20,266.000,9,271.000,20,0,31,
121157661000,252.000,1,253.000,30,252.000,2,251.000,20,250.000,9,249.000,20,263.000,30,264.000,20,266.000,9,271.000,20,320.000,1,0,31,
121158036000,252.000,1,253.000,30,252.000,2,251.000,20,250.000,9,249.000,20,263.000,50,264.000,20,266.000,9,271.000,20,320.000,1,0,31,
121158223000,252.000,1,253.000,30,252.000,2,251.000,20,250.000,9,249.000,40,263.000,50,264.000,40,266.000,9,271.000,20,320.000,1,0,31,
121158428000,252.000,1,253.000,9,252.000,2,251.000,20,250.000,9,249.000,40,263.000,29,264.000,40,266.000,9,271.000,20,320.000,1,0,31,
121158428000,252.000,1,254.000,21,253.000,9,252.000,2,251.000,20,250.000,9,263.000,50,264.000,40,266.000,9,271.000,20,320.000,1,0,31,
121158428000,252.000,1,254.000,21,252.000,2,251.000,20,250.000,9,249.000,40,263.000,50,264.000,40,266.000,9,271.000,20,320.000,1,0,31,
121158748000,252.000,1,254.000,30,252.000,2,251.000,20,250.000,9,249.000,40,263.000,50,264.000,40,266.000,9,271.000,20,320.000,1,0,31,
121158868000,252.000,1,254.000,30,252.000,2,250.000,9,249.000,40,248.000,20,263.000,50,264.000,40,266.000,9,320.000,1,400.000,1,0,31,
121158868000,252.000,1,254.000,30,252.000,22,250.000,9,249.000,40,248.000,20,263.000,50,264.000,40,266.000,9,272.000,20,320.000,1,0,31,
121159245000,252.000,1,254.000,30,252.000,2,250.000,9,249.000,40,248.000,20,263.000,50,264.000,40,266.000,9,320.000,1,400.000,1,0,31,
121159245000,252.000,1,254.000,30,252.000,2,251.000,20,250.000,9,249.000,40,263.000,50,264.000,40,266.000,9,271.000,20,320.000,1,0,31,
121159390000,252.000,1,254.000,30,252.000,2,251.000,20,250.000,9,249.000,40,263.000,30,264.000,40,266.000,9,271.000,20,320.000,1,0,31,
121159390000,252.000,1,254.000,30,252.000,2,251.000,20,250.000,9,249.000,40,262.000,20,263.000,30,264.000,40,266.000,9,271.000,20,0,31,
121159391000,252.000,1,254.000,30,252.000,2,251.000,20,250.000,9,249.000,40,262.000,29,263.000,30,264.000,40,266.000,9,271.000,20,0,31,
121159735000,252.000,1,254.000,30,252.000,2,251.000,20,250.000,9,249.000,40,262.000,9,263.000,30,264.000,40,266.000,9,271.000,20,0,31,
121159735000,252.000,1,254.000,30,252.000,2,251.000,20,250.000,9,249.000,40,263.000,30,264.000,40,266.000,9,271.000,20,320.000,1,0,31,
121159849000,252.000,1,254.000,9,252.000,2,251.000,20,250.000,9,249.000,40,263.000,9,264.000,40,266.000,9,271.000,20,320.000,1,0,31,
121159849000,252.000,1,254.000,9,253.000,21,252.000,2,251.000,20,250.000,9,263.000,30,264.000,40,266.000,9,271.000,20,320.000,1,0,31,
121159850000,252.000,1,254.000,9,253.000,21,252.000,2,251.000,20,250.000,9,263.000,30,264.000,49,266.000,9,271.000,20,320.000,1,0,31,
121159850000,252.000,1,254.000,9,253.000,21,252.000,11,251.000,20,250.000,9,263.000,30,264.000,49,266.000,9,271.000,20,320.000,1,0,31,
121159850000,252.000,1,253.000,21,252.000,11,251.000,20,250.000,9,249.000,40,263.000,30,264.000,49,266.000,9,271.000,20,320.000,1,0,31,
121159850000,252.000,1,253.000,21,252.000,11,251.000,20,250.000,9,249.000,40,263.000,21,264.000,49,266.000,9,271.000,20,320.000,1,0,31,
121159850000,252.000,1,253.000,30,252.000,11,251.000,20,250.000,9,249.000,40,263.000,21,264.000,49,266.000,9,271.000,20,320.000,1,0,31,
121159850000,252.000,1,253.000,30,252.000,11,251.000,20,250.000,9,249.000,40,263.000,30,264.000,49,266.000,9,271.000,20,320.000,1,0,31,
121159986000,252.000,1,253.000,30,252.000,11,251.000,20,250.000,9,249.000,40,263.000,50,264.000,49,266.000,9,271.000,20,320.000,1,0,31,
121204506000,252.000,1,253.000,30,252.000,11,251.000,20,250.000,9,249.000,40,263.000,30,264.000,49,266.000,9,271.000,20,320.000,1,0,31,
121204506000,252.000,1,253.000,30,252.000,11,251.000,20,250.000,9,249.000,40,262.000,20,263.000,30,264.000,49,266.000,9,271.000,20,0,31,
121204506000,252.000,1,253.000,30,252.000,11,251.000,20,250.000,9,249.000,40,262.000,29,263.000,30,264.000,49,266.000,9,271.000,20,0,31,
121204743000,252.000,1,253.000,30,252.000,11,250.000,9,249.000,40,247.000,20,262.000,29,263.000,30,264.000,49,266.000,9,320.000,1,0,31,
121204743000,252.000,1,253.000,30,252.000,11,250.000,29,249.000,40,247.000,20,262.000,29,263.000,30,264.000,49,266.000,9,270.000,20,0,31,
121204875000,252.000,1,253.000,9,252.000,11,250.000,29,249.000,40,247.000,20,262.000,29,263.000,9,264.000,49,266.000,9,270.000,20,0,31,
121204875000,252.000,1,253.000,30,252.000,11,250.000,29,249.000,40,247.000,20,261.000,21,262.000,29,263.000,9,264.000,49,266.000,9,0,31,
121204875000,252.000,1,253.000,21,252.000,11,250.000,29,249.000,40,247.000,20,261.000,21,262.000,29,263.000,9,264.000,49,266.000,9,0,31,
121204875000,252.000,1,253.000,21,252.000,11,250.000,29,249.000,40,247.000,20,261.000,30,262.000,29,263.000,9,264.000,49,266.000,9,0,31,
121204875000,252.000,1,253.000,30,252.000,11,250.000,29,249.000,40,247.000,20,261.000,30,262.000,29,263.000,9,264.000,49,266.000,9,0,31,
121205006000,252.000,1,253.000,30,252.000,11,250.000,29,249.000,40,247.000,20,261.000,30,262.000,29,264.000,49,266.000,9,270.000,20,0,31,
121205006000,252.000,1,253.000,30,252.000,11,250.000,29,249.000,40,247.000,20,261.000,30,262.000,29,264.000,40,266.000,9,270.000,20,0,31,
121205116000,252.000,1,253.000,30,252.000,11,250.000,29,249.000,40,86.000,1,261.000,30,262.000,9,264.000,40,266.000,9,270.000,20,0,31,
121205238000,252.000,1,253.000,30,252.000,11,250.000,29,249.000,40,247.000,20,261.000,30,262.000,29,264.000,40,266.000,9,270.000,20,0,31,
121205362000,252.000,1,253.000,30,252.000,11,250.000,29,249.000,40,86.000,1,261.000,30,262.000,9,264.000,40,266.000,9,270.000,20,0,31,
121205856000,252.000,1,253.000,30,252.000,11,250.000,29,249.000,40,247.000,20,261.000,30,262.000,29,264.000,40,266.000,9,270.000,20,0,31,
121207776000,252.000,1,253.000,30,252.000,11,250.000,29,249.000,40,86.000,1,261.000,30,262.000,9,264.000,40,266.000,9,270.000,20,0,31,
121207776000,252.000,1,253.000,30,252.000,11,250.000,29,249.000,40,248.000,20,261.000,30,262.000,9,263.000,20,264.000,40,266.000,9,0,31,
121212144000,252.000,1,253.000,30,252.000,11,250.000,29,249.000,40,86.000,1,261.000,30,262.000,9,264.000,40,266.000,9,270.000,20,0,31,
121212144000,252.000,1,253.000,30,252.000,11,250.000,29,249.000,40,247.000,20,261.000,30,262.000,29,264.000,40,266.000,9,270.000,20,0,31,
121213192000,252.000,1,253.000,30,252.000,11,250.000,29,249.000,20,247.000,20,261.000,30,262.000,29,264.000,20,266.000,9,270.000,20,0,31,
121213707000,252.000,1,253.000,30,252.000,11,250.000,49,249.000,20,247.000,20,261.000,30,262.000,29,264.000,20,265.000,20,266.000,9,0,31,
121216892000,252.000,1,253.000,30,252.000,11,250.000,29,249.000,20,247.000,20,261.000,30,262.000,29,264.000,20,266.000,9,270.000,20,0,31,
121217435000,252.000,1,253.000,30,252.000,11,250.000,29,249.000,20,247.000,20,261.000,30,262.000,29,264.000,20,270.000,20,320.000,1,0,31,
121217435000,252.000,1,253.000,30,252.000,11,250.000,29,249.000,20,247.000,20,261.000,30,262.000,29,264.000,29,270.000,20,320.000,1,0,31,
121217840000,252.000,1,253.000,30,252.000,11,250.000,29,249.000,40,247.000,20,261.000,30,262.000,29,264.000,49,270.000,20,320.000,1,0,31,
121218301000,252.000,1,253.000,30,252.000,11,250.000,29,249.000,20,247.000,20,261.000,30,262.000,29,264.000,29,270.000,20,320.000,1,0,31,
121218302000,252.000,1,253.000,30,252.000,11,250.000,29,249.000,20,86.000,1,261.000,30,262.000,9,264.000,29,270.000,20,320.000,1,0,31,
121218302000,252.000,1,253.000,30,252.000,11,250.000,29,249.000,20,246.000,20,261.000,50,262.000,9,264.000,29,270.000,20,320.000,1,0,31,
121218492000,252.000,1,253.000,30,252.000,11,250.000,9,249.000,20,246.000,20,261.000,50,262.000,9,264.000,29,320.000,1,400.000,1,0,31,
121218492000,252.000,1,253.000,30,252.000,11,251.000,20,250.000,9,249.000,20,261.000,50,262.000,9,264.000,29,271.000,20,320.000,1,0,31,
121218511000,252.000,1,253.000,9,252.000,11,251.000,20,250.000,9,249.000,20,261.000,29,262.000,9,264.000,29,271.000,20,320.000,1,0,31,
121218511000,252.000,1,253.000,9,252.000,32,251.000,20,250.000,9,249.000,20,261.000,50,262.000,9,264.000,29,271.000,20,320.000,1,0,31,
121218512000,252.000,1,252.000,32,251.000,20,250.000,9,249.000,20,246.000,20,261.000,50,262.000,9,264.000,29,271.000,20,320.000,1,0,31,
121221530000,252.000,1,252.000,32,251.000,20,249.000,20,246.000,20,86.000,1,261.000,50,262.000,9,264.000,29,271.000,20,320.000,1,0,31,
121221652000,252.000,1,252.000,32,251.000,20,249.000,20,248.000,9,246.000,20,261.000,50,262.000,9,264.000,29,271.000,20,320.000,1,0,31,
121222117000,252.000,1,252.000,32,249.000,20,248.000,9,246.000,20,86.000,1,261.000,50,262.000,9,264.000,29,320.000,1,400.000,1,0,31,
121222117000,252.000,1,252.000,32,250.000,20,249.000,20,248.000,9,246.000,20,261.000,50,262.000,9,264.000,29,270.000,20,320.000,1,0,31,
121223232000,252.000,1,252.000,32,250.000,20,249.000,20,248.000,29,246.000,20,261.000,50,262.000,9,263.000,20,264.000,29,270.000,20,0,31,
121230511000,252.000,1,252.000,32,250.000,20,249.000,20,248.000,29,86.000,1,261.000,30,262.000,9,263.000,20,264.000,29,270.000,20,0,31,
121230511000,252.000,1,252.000,32,250.000,20,249.000,20,248.000,29,247.000,20,261.000,30,262.000,29,263.000,20,264.000,29,270.000,20,0,31,
121232607000,252.000,1,252.000,32,250.000,20,249.000,20,248.000,29,86.000,1,261.000,30,262.000,9,263.000,20,264.000,29,270.000,20,0,31,
121232607000,252.000,1,252.000,32,250.000,20,249.000,20,248.000,29,246.000,20,261.000,50,262.000,9,263.000,20,264.000,29,270.000,20,0,31,
121232857000,252.000,1,252.000,32,250.000,20,249.000,20,248.000,29,86.000,1,261.000,30,262.000,9,263.000,20,264.000,29,270.000,20,0,31,
121233219000,252.000,1,252.000,32,250.000,20,249.000,20,248.000,29,247.000,20,261.000,30,262.000,29,263.000,20,264.000,29,270.000,20,0,31,
121233356000,252.000,1,252.000,32,250.000,20,249.000,20,248.000,29,86.000,1,261.000,30,262.000,9,263.000,20,264.000,29,270.000,20,0,31,
121233395000,252.000,1,252.000,32,250.000,20,249.000,20,248.000,9,86.000,1,261.000,30,262.000,9,264.000,29,270.000,20,320.000,1,0,31,
121233732000,252.000,1,252.000,32,250.000,20,249.000,20,248.000,9,246.000,20,261.000,50,262.000,9,264.000,29,270.000,20,320.000,1,0,31,
121233752000,252.000,1,252.000,32,250.000,20,249.000,40,248.000,9,246.000,20,261.000,50,262.000,9,264.000,49,270.000,20,320.000,1,0,31,
121233982000,252.000,1,252.000,32,250.000,20,249.000,40,248.000,9,86.000,1,261.000,30,262.000,9,264.000,49,270.000,20,320.000,1,0,31,
121234231000,252.000,1,252.000,32,250.000,20,249.000,40,248.000,9,247.000,20,261.000,30,262.000,29,264.000,49,270.000,20,320.000,1,0,31,
121234858000,252.000,1,252.000,32,250.000,20,249.000,40,248.000,9,86.000,1,261.000,30,262.000,9,264.000,49,270.000,20,320.000,1,0,31,
121234858000,252.000,1,252.000,32,250.000,20,249.000,40,248.000,9,246.000,20,261.000,50,262.000,9,264.000,49,270.000,20,320.000,1,0,31,
121235607000,252.000,1,252.000,32,250.000,20,249.000,40,248.000,9,86.000,1,261.000,30,262.000,9,264.000,49,270.000,20,320.000,1,0,31,
121235607000,252.000,1,252.000,32,250.000,20,249.000,40,248.000,9,247.000,20,261.000,30,262.000,29,264.000,49,270.000,20,320.000,1,0,31,
121236541000,252.000,1,252.000,32,250.000,20,249.000,40,248.000,9,86.000,1,261.000,30,262.000,9,264.000,49,270.000,20,320.000,1,0,31,
121236541000,252.000,1,252.000,32,250.000,20,249.000,40,248.000,9,246.000,20,261.000,50,262.000,9,264.000,49,270.000,20,320.000,1,0,31,
121236665000,252.000,1,252.000,32,250.000,20,249.000,40,248.000,9,86.000,1,261.000,30,262.000,9,264.000,49,270.000,20,320.000,1,0,31,
121237040000,252.000,1,252.000,32,250.000,20,249.000,40,248.000,9,246.000,20,261.000,50,262.000,9,264.000,49,270.000,20,320.000,1,0,31,
121238271000,252.000,1,252.000,32,250.000,20,249.000,40,248.000,9,86.000,1,261.000,30,262.000,9,264.000,49,270.000,20,320.000,1,0,31,
121238271000,252.000,1,252.000,32,250.000,20,249.000,40,248.000,9,247.000,20,261.000,30,262.000,29,264.000,49,270.000,20,320.000,1,0,31,
121240144000,252.000,1,252.000,32,250.000,20,249.000,40,248.000,9,86.000,1,261.000,30,262.000,9,264.000,49,270.000,20,320.000,1,0,31,
121240144000,252.000,1,252.000,32,250.000,20,249.000,40,248.000,9,246.000,20,261.000,50,262.000,9,264.000,49,270.000,20,320.000,1,0,31,
121240379000,252.000,1,252.000,32,250.000,20,249.000,40,248.000,9,86.000,1,261.000,30,262.000,9,264.000,49,270.000,20,320.000,1,0,31,
121240748000,252.000,1,252.000,32,250.000,20,249.000,40,248.000,9,247.000,20,261.000,30,262.000,29,264.000,49,270.000,20,320.000,1,0,31,
121241618000,252.000,1,252.000,32,250.000,20,249.000,40,248.000,9,86.000,1,261.000,30,262.000,9,264.000,49,270.000,20,320.000,1,0,31,
121241618000,252.000,1,252.000,32,250.000,20,249.000,40,248.000,9,246.000,20,261.000,50,262.000,9,264.000,49,270.000,20,320.000,1,0,31,
121241984000,252.000,1,252.000,32,250.000,20,249.000,40,248.000,9,86.000,1,261.000,30,262.000,9,264.000,49,270.000,20,320.000,1,0,31,
121242149000,252.000,1,252.000,32,250.000,20,249.000,40,248.000,9,246.000,20,261.000,50,262.000,9,264.000,49,270.000,20,320.000,1,0,31,
121243900000,252.000,1,252.000,32,250.000,20,249.000,40,248.000,9,86.000,1,261.000,30,262.000,9,264.000,49,270.000,20,320.000,1,0,31,
121243900000,252.000,1,252.000,32,250.000,20,249.000,40,248.000,9,247.000,20,261.000,30,262.000,29,264.000,49,270.000,20,320.000,1,0,31,
121244393000,252.000,1,252.000,32,250.000,20,249.000,40,248.000,9,86.000,1,261.000,30,262.000,9,264.000,49,270.000,20,320.000,1,0,31,
121244403000,252.000,1,252.000,32,250.000,20,249.000,40,248.000,9,246.000,20,261.000,50,262.000,9,264.000,49,270.000,20,320.000,1,0,31,
121248366000,252.000,1,252.000,32,250.000,20,249.000,40,248.000,9,86.000,1,261.000,30,262.000,9,264.000,49,270.000,20,320.000,1,0,31,
121248366000,252.000,1,252.000,32,250.000,20,249.000,40,248.000,9,247.000,20,261.000,30,262.000,29,264.000,49,270.000,20,320.000,1,0,31,
121251604000,252.000,1,252.000,32,250.000,20,249.000,40,248.000,9,86.000,1,261.000,30,262.000,9,264.000,49,270.000,20,320.000,1,0,31,
121251604000,252.000,1,252.000,32,250.000,20,249.000,40,248.000,9,246.000,20,261.000,50,262.000,9,264.000,49,270.000,20,320.000,1,0,31,
121251868000,252.000,1,252.000,32,249.000,40,248.000,9,246.000,20,86.000,1,261.000,50,262.000,9,264.000,49,320.000,1,400.000,1,0,31,
121251868000,252.000,1,252.000,32,251.000,20,249.000,40,248.000,9,246.000,20,261.000,50,262.000,9,264.000,49,271.000,20,320.000,1,0,31,
121253800000,252.000,1,252.000,32,251.000,20,249.000,20,248.000,9,246.000,20,261.000,50,262.000,9,264.000,29,271.000,20,320.000,1,0,31,
121254084000,252.000,1,252.000,32,251.000,20,249.000,20,248.000,29,246.000,20,261.000,50,262.000,9,263.000,20,264.000,29,271.000,20,0,31,
121256332000,252.000,1,252.000,32,251.000,20,249.000,20,248.000,29,86.000,1,261.000,30,262.000,9,263.000,20,264.000,29,271.000,20,0,31,
121256332000,252.000,1,252.000,32,251.000,20,249.000,20,248.000,29,247.000,20,261.000,30,262.000,29,263.000,20,264.000,29,271.000,20,0,31,
121256369000,252.000,1,252.000,32,249.000,20,248.000,29,247.000,20,86.000,1,261.000,30,262.000,29,263.000,20,264.000,29,320.000,1,0,31,
121256369000,252.000,1,252.000,32,250.000,20,249.000,20,248.000,29,247.000,20,261.000,30,262.000,29,263.000,20,264.000,29,270.000,20,0,31,
121256744000,252.000,1,252.000,32,250.000,20,249.000,20,248.000,9,247.000,20,261.000,30,262.000,29,264.000,29,270.000,20,320.000,1,0,31,
121257197000,252.000,1,252.000,32,250.000,20,249.000,40,248.000,9,247.000,20,261.000,30,262.000,29,264.000,49,270.000,20,320.000,1,0,31,
121303716000,252.000,1,252.000,32,250.000,20,249.000,20,248.000,9,247.000,20,261.000,30,262.000,29,264.000,29,270.000,20,320.000,1,0,31,
121303882000,252.000,1,252.000,32,250.000,20,249.000,20,248.000,9,86.000,1,261.000,30,262.000,9,264.000,29,270.000,20,320.000,1,0,31,
121303882000,252.000,1,252.000,32,250.000,20,249.000,20,248.000,9,246.000,20,261.000,50,262.000,9,264.000,29,270.000,20,320.000,1,0,31,
121304010000,252.000,1,252.000,32,250.000,20,249.000,20,248.000,9,86.000,1,261.000,30,262.000,9,264.000,29,270.000,20,320.000,1,0,31,
121304382000,252.000,1,252.000,32,250.000,20,249.000,20,248.000,9,245.000,20,260.000,20,261.000,30,262.000,9,264.000,29,270.000,20,0,31,
121304382000,252.000,1,252.000,32,250.000,20,249.000,20,248.000,9,245.000,20,260.000,29,261.000,30,262.000,9,264.000,29,270.000,20,0,31,
121304506000,252.000,1,252.000,32,250.000,20,249.000,20,248.000,9,245.000,20,260.000,29,261.000,30,264.000,29,270.000,20,320.000,1,0,31,
121304631000,252.000,1,252.000,11,250.000,20,249.000,20,248.000,9,245.000,20,260.000,29,261.000,9,264.000,29,270.000,20,320.000,1,0,31,
121304631000,252.000,1,252.000,11,251.000,21,250.000,20,249.000,20,248.000,9,259.000,21,260.000,29,261.000,9,264.000,29,270.000,20,0,31,
121304631000,252.000,1,252.000,11,251.000,21,250.000,20,249.000,20,248.000,9,259.000,30,260.000,29,261.000,9,264.000,29,270.000,20,0,31,
121304764000,252.000,1,252.000,11,251.000,21,250.000,20,249.000,20,248.000,9,259.000,30,260.000,29,261.000,9,262.000,20,264.000,29,0,31,
121305007000,252.000,1,252.000,11,251.000,21,250.000,20,249.000,20,248.000,9,259.000,30,260.000,29,262.000,20,264.000,29,270.000,20,0,31,
121305288000,252.000,1,252.000,11,251.000,21,250.000,20,249.000,20,248.000,9,259.000,30,260.000,29,264.000,29,270.000,20,320.000,1,0,31,
121305377000,252.000,1,252.000,11,251.000,21,250.000,20,249.000,20,248.000,9,259.000,30,260.000,9,264.000,29,270.000,20,320.000,1,0,31,
121305377000,252.000,1,252.000,11,251.000,21,250.000,20,249.000,20,248.000,9,259.000,30,260.000,9,261.000,20,264.000,29,270.000,20,0,31,
121306120000,252.000,1,252.000,11,251.000,21,250.000,20,249.000,20,248.000,9,259.000,30,260.000,9,264.000,29,270.000,20,320.000,1,0,31,
121306120000,252.000,1,252.000,11,251.000,21,250.000,20,249.000,20,248.000,9,259.000,30,260.000,29,264.000,29,270.000,20,320.000,1,0,31,
121306442000,252.000,1,252.000,11,251.000,21,250.000,20,249.000,20,248.000,29,259.000,30,260.000,29,263.000,20,264.000,29,270.000,20,0,31,
121306494000,252.000,1,252.000,11,251.000,21,250.000,20,249.000,20,248.000,29,259.000,30,260.000,9,263.000,20,264.000,29,270.000,20,0,31,
121306619000,252.000,1,252.000,11,251.000,21,250.000,20,249.000,20,248.000,29,259.000,30,260.000,9,261.000,20,263.000,20,264.000,29,0,31,
121309991000,252.000,1,252.000,11,251.000,21,250.000,20,249.000,20,248.000,29,259.000,30,260.000,9,263.000,20,264.000,29,270.000,20,0,31,
121309991000,252.000,1,252.000,11,251.000,21,250.000,20,249.000,20,248.000,29,259.000,30,260.000,29,263.000,20,264.000,29,270.000,20,0,31,
121310239000,252.000,1,252.000,11,251.000,21,250.000,20,249.000,20,248.000,29,259.000,30,260.000,9,263.000,20,264.000,29,270.000,20,0,31,
121310490000,252.000,1,252.000,11,251.000,21,250.000,20,249.000,20,248.000,29,259.000,30,260.000,9,261.000,20,263.000,20,264.000,29,0,31,
121311356000,252.000,1,252.000,11,251.000,21,250.000,20,249.000,20,248.000,29,259.000,30,260.000,9,263.000,20,264.000,29,270.000,20,0,31,
121311356000,252.000,1,252.000,11,251.000,21,250.000,20,249.000,20,248.000,29,259.000,30,260.000,29,263.000,20,264.000,29,270.000,20,0,31,
121313154000,252.000,1,252.000,11,251.000,21,250.000,20,249.000,20,248.000,29,259.000,30,260.000,9,263.000,20,264.000,29,270.000,20,0,31,
121313154000,252.000,1,252.000,11,251.000,21,250.000,20,249.000,20,248.000,29,259.000,30,260.000,9,261.000,20,263.000,20,264.000,29,0,31,
121313528000,252.000,1,252.000,11,251.000,21,250.000,20,249.000,20,248.000,29,259.000,30,260.000,9,263.000,20,264.000,29,270.000,20,0,31,
121313653000,252.000,1,252.000,11,251.000,21,250.000,20,249.000,20,248.000,29,259.000,30,260.000,29,263.000,20,264.000,29,270.000,20,0,31,
121313898000,252.000,1,252.000,11,251.000,21,250.000,20,249.000,20,248.000,29,259.000,30,260.000,9,263.000,20,264.000,29,270.000,20,0,31,
121314273000,252.000,1,252.000,11,251.000,21,250.000,20,249.000,20,248.000,29,259.000,30,260.000,29,263.000,20,264.000,29,270.000,20,0,31,
121314325000,252.000,1,252.000,11,251.000,21,250.000,20,249.000,20,248.000,29,259.000,30,260.000,29,263.000,20,264.000,20,270.000,20,0,31,
121314327000,252.000,1,252.000,11,251.000,21,250.000,20,249.000,20,248.000,29,259.000,30,260.000,29,262.000,9,263.000,20,264.000,20,0,31,
121314622000,252.000,1,252.000,11,251.000,21,250.000,20,249.000,20,248.000,9,259.000,30,260.000,29,262.000,9,264.000,20,270.000,20,0,31,
121314681000,252.000,1,252.000,11,251.000,21,250.000,20,248.000,9,245.000,20,259.000,30,260.000,29,262.000,9,270.000,20,320.000,1,0,31,
121315006000,252.000,1,252.000,11,251.000,21,250.000,20,248.000,9,247.000,20,259.000,30,260.000,29,262.000,29,270.000,20,320.000,1,0,31,
121315026000,252.000,1,252.000,11,251.000,21,250.000,20,248.000,9,247.000,40,259.000,30,260.000,29,262.000,49,270.000,20,320.000,1,0,31,
121322988000,252.000,1,252.000,11,251.000,21,250.000,20,248.000,9,247.000,40,259.000,30,260.000,9,262.000,49,270.000,20,320.000,1,0,31,
121322988000,252.000,1,252.000,11,251.000,21,250.000,20,248.000,9,247.000,40,259.000,50,260.000,9,262.000,49,270.000,20,320.000,1,0,31,
121325356000,252.000,1,252.000,11,251.000,21,250.000,20,248.000,9,247.000,40,259.000,30,260.000,9,262.000,49,270.000,20,320.000,1,0,31,
121325356000,252.000,1,252.000,11,251.000,21,250.000,20,248.000,9,247.000,40,259.000,30,260.000,29,262.000,49,270.000,20,320.000,1,0,31,
121334053000,252.000,1,252.000,11,251.000,21,250.000,20,248.000,9,247.000,20,259.000,30,260.000,29,262.000,29,270.000,20,320.000,1,0,31,
121334537000,252.000,1,252.000,11,251.000,21,250.000,20,248.000,29,247.000,20,259.000,30,260.000,29,262.000,29,263.000,20,270.000,20,0,31,
121336787000,252.000,1,252.000,11,251.000,21,250.000,20,248.000,29,247.000,20,259.000,30,260.000,9,262.000,29,263.000,20,270.000,20,0,31,
121336787000,252.000,1,252.000,11,251.000,21,250.000,20,248.000,29,247.000,20,259.000,50,260.000,9,262.000,29,263.000,20,270.000,20,0,31,
121336912000,252.000,1,252.000,11,251.000,21,250.000,20,248.000,29,247.000,20,259.000,30,260.000,9,262.000,29,263.000,20,270.000,20,0,31,
121337287000,252.000,1,252.000,11,251.000,21,250.000,20,248.000,29,247.000,20,259.000,30,260.000,29,262.000,29,263.000,20,270.000,20,0,31,
121345797000,252.000,1,252.000,11,251.000,21,250.000,20,248.000,29,247.000,20,259.000,30,260.000,9,262.000,29,263.000,20,270.000,20,0,31,
121345797000,252.000,1,252.000,11,251.000,21,250.000,20,248.000,29,247.000,20,259.000,30,260.000,9,261.000,20,262.000,29,263.000,20,0,31,
121346870000,252.000,1,252.000,11,251.000,21,250.000,20,248.000,29,247.000,20,259.000,30,260.000,9,262.000,29,263.000,20,270.000,20,0,31,
121346870000,252.000,1,252.000,11,251.000,21,250.000,20,248.000,29,247.000,20,259.000,30,260.000,29,262.000,29,263.000,20,270.000,20,0,31,
121347321000,252.000,1,252.000,11,251.000,21,250.000,20,248.000,9,247.000,20,259.000,30,260.000,29,262.000,29,270.000,20,320.000,1,0,31,
121347370000,252.000,1,252.000,11,251.000,21,250.000,20,248.000,9,247.000,20,259.000,30,260.000,9,262.000,29,270.000,20,320.000,1,0,31,
121347370000,252.000,1,252.000,11,251.000,21,250.000,20,248.000,9,247.000,20,259.000,30,260.000,9,261.000,20,262.000,29,270.000,20,0,31,
121348035000,252.000,1,252.000,11,251.000,21,250.000,20,249.000,20,248.000,9,259.000,30,260.000,9,261.000,20,262.000,29,264.000,20,0,31,
121348100000,252.000,1,252.000,11,251.000,21,249.000,20,248.000,9,247.000,20,259.000,30,260.000,9,261.000,20,262.000,29,264.000,20,0,31,
121348100000,252.000,1,252.000,11,251.000,41,249.000,20,248.000,9,247.000,20,259.000,30,260.000,9,261.000,20,262.000,29,264.000,20,0,31,
121350168000,252.000,1,252.000,11,251.000,41,249.000,20,248.000,9,247.000,20,259.000,30,260.000,9,262.000,29,264.000,20,271.000,20,0,31,
121350168000,252.000,1,252.000,11,251.000,41,249.000,20,248.000,9,247.000,20,259.000,30,260.000,29,262.000,29,264.000,20,271.000,20,0,31,
121350211000,252.000,1,252.000,11,251.000,41,248.000,9,247.000,20,245.000,20,259.000,30,260.000,29,262.000,29,271.000,20,320.000,1,0,31,
121350416000,252.000,1,252.000,11,251.000,41,248.000,9,247.000,20,86.000,1,259.000,30,260.000,9,262.000,29,271.000,20,320.000,1,0,31,
121350667000,252.000,1,252.000,11,251.000,41,248.000,9,247.000,20,246.000,20,259.000,30,260.000,9,261.000,20,262.000,29,271.000,20,0,31,
121351129000,252.000,1,252.000,11,251.000,41,248.000,29,247.000,20,246.000,20,259.000,30,260.000,9,261.000,20,262.000,29,263.000,20,0,31,
121351542000,252.000,1,252.000,11,251.000,41,248.000,29,247.000,20,86.000,1,259.000,30,260.000,9,262.000,29,263.000,20,271.000,20,0,31,
121351542000,252.000,1,252.000,11,251.000,41,248.000,29,247.000,20,245.000,20,259.000,30,260.000,29,262.000,29,263.000,20,271.000,20,0,31,
121353033000,252.000,1,252.000,11,251.000,41,248.000,29,247.000,20,86.000,1,259.000,30,260.000,9,262.000,29,263.000,20,271.000,20,0,31,
121353033000,252.000,1,252.000,11,251.000,41,248.000,29,247.000,20,246.000,20,259.000,30,260.000,9,261.000,20,262.000,29,263.000,20,0,31,
121353657000,252.000,1,252.000,11,251.000,41,248.000,29,247.000,20,86.000,1,259.000,30,260.000,9,262.000,29,263.000,20,271.000,20,0,31,
121353657000,252.000,1,252.000,11,251.000,41,248.000,29,247.000,20,245.000,20,259.000,30,260.000,29,262.000,29,263.000,20,271.000,20,0,31,
121356151000,252.000,1,252.000,11,251.000,41,248.000,29,247.000,20,86.000,1,259.000,30,260.000,9,262.000,29,263.000,20,271.000,20,0,31,
121356151000,252.000,1,252.000,11,251.000,41,248.000,29,247.000,20,246.000,20,259.000,30,260.000,9,261.000,20,262.000,29,263.000,20,0,31,
121356649000,252.000,1,252.000,11,251.000,41,248.000,29,247.000,20,86.000,1,259.000,30,260.000,9,262.000,29,263.000,20,271.000,20,0,31,
121356649000,252.000,1,252.000,11,251.000,41,248.000,29,247.000,20,245.000,20,259.000,30,260.000,29,262.000,29,263.000,20,271.000,20,0,31,
121359524000,252.000,1,252.000,11,251.000,41,248.000,29,247.000,20,86.000,1,259.000,30,260.000,9,262.000,29,263.000,20,271.000,20,0,31,
121359524000,252.000,1,252.000,11,251.000,41,248.000,29,247.000,20,246.000,20,259.000,30,260.000,9,261.000,20,262.000,29,263.000,20,0,31,
121402367000,252.000,1,252.000,11,251.000,21,248.000,29,247.000,20,246.000,20,259.000,30,260.000,9,261.000,20,262.000,29,263.000,20,0,31,
121402367000,252.000,1,252.000,11,251.000,21,250.000,20,248.000,29,247.000,20,259.000,30,260.000,9,261.000,20,262.000,29,263.000,20,0,31,
121402518000,252.000,1,252.000,11,250.000,20,248.000,29,247.000,20,246.000,20,259.000,9,260.000,9,261.000,20,262.000,29,263.000,20,0,31,
121402518000,252.000,1,252.000,32,250.000,20,248.000,29,247.000,20,246.000,20,259.000,9,260.000,30,261.000,20,262.000,29,263.000,20,0,31,
121402518000,252.000,1,252.000,32,250.000,20,248.000,29,247.000,20,246.000,20,260.000,30,261.000,20,262.000,29,263.000,20,270.000,20,0,31,
121402518000,252.000,1,252.000,32,250.000,20,248.000,29,247.000,20,246.000,20,260.000,30,261.000,29,262.000,29,263.000,20,270.000,20,0,31,
121402585000,252.000,1,252.000,32,250.000,20,248.000,9,247.000,20,246.000,20,260.000,30,261.000,29,262.000,29,270.000,20,320.000,1,0,31,
121402729000,252.000,1,252.000,32,250.000,20,249.000,20,248.000,9,247.000,20,260.000,30,261.000,29,262.000,29,264.000,20,270.000,20,0,31,
121403399000,252.000,1,252.000,32,250.000,20,249.000,20,248.000,9,247.000,20,260.000,30,261.000,9,262.000,29,264.000,20,270.000,20,0,31,
121403399000,252.000,1,252.000,32,250.000,20,249.000,20,248.000,9,247.000,40,260.000,30,261.000,9,262.000,49,264.000,20,270.000,20,0,31,
121403518000,252.000,1,252.000,11,250.000,20,249.000,20,248.000,9,247.000,40,260.000,9,261.000,9,262.000,49,264.000,20,270.000,20,0,31,
121403518000,252.000,1,253.000,21,252.000,11,250.000,20,249.000,20,248.000,9,260.000,30,261.000,9,262.000,49,264.000,20,270.000,20,0,31,
121403518000,252.000,1,253.000,21,252.000,11,250.000,20,249.000,20,248.000,9,260.000,30,261.000,9,262.000,58,264.000,20,270.000,20,0,31,
121403518000,252.000,1,253.000,30,252.000,11,250.000,20,249.000,20,248.000,9,260.000,30,261.000,9,262.000,58,264.000,20,270.000,20,0,31,
121403518000,252.000,1,253.000,30,252.000,11,250.000,20,249.000,20,248.000,9,260.000,21,261.000,9,262.000,58,264.000,20,270.000,20,0,31,
121403519000,252.000,1,253.000,30,252.000,11,250.000,20,249.000,20,248.000,9,260.000,30,261.000,9,262.000,58,264.000,20,270.000,20,0,31,
121403587000,252.000,1,253.000,30,252.000,11,250.000,20,249.000,20,248.000,9,260.000,30,261.000,9,262.000,38,264.000,20,270.000,20,0,31,
121403587000,252.000,1,253.000,30,252.000,11,250.000,20,249.000,20,248.000,9,260.000,30,261.000,9,262.000,29,264.000,20,270.000,20,0,31,
121403593000,252.000,1,253.000,30,252.000,11,250.000,20,249.000,40,248.000,9,260.000,30,261.000,9,262.000,29,264.000,40,270.000,20,0,31,
121403671000,252.000,1,253.000,30,252.000,11,250.000,20,249.000,20,248.000,9,260.000,30,261.000,9,262.000,29,264.000,20,270.000,20,0,31,
121403708000,252.000,1,253.000,30,252.000,11,250.000,20,249.000,20,248.000,9,260.000,30,261.000,9,262.000,29,264.000,20,265.000,9,0,31,
121404006000,252.000,1,253.000,30,252.000,11,250.000,20,249.000,20,248.000,9,260.000,30,261.000,9,262.000,20,264.000,20,265.000,9,0,31,
121404631000,252.000,1,253.000,30,252.000,11,250.000,40,249.000,20,248.000,9,260.000,30,261.000,9,262.000,20,264.000,20,265.000,29,0,31,
121406406000,252.000,1,253.000,30,252.000,11,250.000,20,249.000,20,248.000,9,260.000,30,261.000,9,262.000,20,264.000,20,265.000,9,0,31,
121406557000,252.000,1,253.000,9,252.000,11,250.000,20,249.000,20,248.000,9,260.000,9,261.000,9,262.000,20,264.000,20,265.000,9,0,31,
121406557000,252.000,1,253.000,9,252.000,32,250.000,20,249.000,20,248.000,9,260.000,30,261.000,9,262.000,20,264.000,20,265.000,9,0,31,
121406558000,252.000,1,252.000,32,250.000,20,249.000,20,248.000,9,247.000,20,260.000,30,261.000,9,262.000,20,264.000,20,265.000,9,0,31,
121406652000,252.000,1,252.000,32,250.000,20,249.000,40,248.000,9,247.000,20,260.000,30,261.000,9,262.000,20,264.000,40,265.000,9,0,31,
121407161000,252.000,1,252.000,32,250.000,20,249.000,40,248.000,9,86.000,1,260.000,30,261.000,9,264.000,40,265.000,9,270.000,20,0,31,
121407161000,252.000,1,252.000,32,250.000,20,249.000,40,248.000,9,246.000,20,260.000,30,261.000,29,264.000,40,265.000,9,270.000,20,0,31,
121407190000,252.000,1,252.000,32,250.000,20,249.000,20,248.000,9,246.000,20,260.000,30,261.000,29,264.000,20,265.000,9,270.000,20,0,31,
121407765000,252.000,1,252.000,32,250.000,20,249.000,20,248.000,29,246.000,20,260.000,30,261.000,29,263.000,20,264.000,20,265.000,9,0,31,
121409910000,252.000,1,252.000,32,250.000,20,249.000,20,248.000,29,246.000,20,260.000,30,261.000,29,263.000,20,264.000,20,270.000,20,0,31,
121409913000,252.000,1,252.000,32,250.000,20,249.000,20,248.000,29,246.000,20,260.000,30,261.000,29,263.000,29,264.000,20,270.000,20,0,31,
121409914000,252.000,1,252.000,32,250.000,20,249.000,20,248.000,29,86.000,1,260.000,30,261.000,9,263.000,29,264.000,20,270.000,20,0,31,
121409914000,252.000,1,252.000,32,250.000,20,249.000,20,248.000,29,245.000,20,260.000,50,261.000,9,263.000,29,264.000,20,270.000,20,0,31,
121409965000,252.000,1,252.000,32,250.000,20,249.000,20,248.000,9,245.000,20,260.000,50,261.000,9,263.000,9,264.000,20,270.000,20,0,31,
121410052000,252.000,1,252.000,32,250.000,20,249.000,20,248.000,9,86.000,1,260.000,30,261.000,9,263.000,9,264.000,20,270.000,20,0,31,
121410120000,252.000,1,252.000,32,249.000,20,248.000,9,86.000,1,84.000,3,260.000,30,261.000,9,263.000,9,264.000,20,320.000,1,0,31,
121410120000,252.000,1,252.000,32,251.000,20,249.000,20,248.000,9,86.000,1,260.000,30,261.000,9,263.000,9,264.000,20,271.000,20,0,31,
121410418000,252.000,1,252.000,32,251.000,20,249.000,20,248.000,9,246.000,20,260.000,30,261.000,29,263.000,9,264.000,20,271.000,20,0,31,
121410544000,252.000,1,252.000,32,251.000,20,249.000,20,248.000,9,86.000,1,260.000,30,261.000,9,263.000,9,264.000,20,271.000,20,0,31,
121410890000,252.000,1,252.000,32,251.000,20,249.000,20,248.000,29,86.000,1,260.000,30,261.000,9,263.000,29,264.000,20,271.000,20,0,31,
121410918000,252.000,1,252.000,32,251.000,20,249.000,20,248.000,29,245.000,20,260.000,50,261.000,9,263.000,29,264.000,20,271.000,20,0,31,
121411286000,252.000,1,252.000,32,251.000,20,249.000,20,248.000,29,86.000,1,260.000,30,261.000,9,263.000,29,264.000,20,271.000,20,0,31,
121411536000,252.000,1,252.000,32,251.000,20,249.000,20,248.000,29,246.000,20,260.000,30,261.000,29,263.000,29,264.000,20,271.000,20,0,31,
121411660000,252.000,1,252.000,32,251.000,20,249.000,20,248.000,29,86.000,1,260.000,30,261.000,9,263.000,29,264.000,20,271.000,20,0,31,
121412160000,252.000,1,252.000,32,251.000,20,249.000,20,248.000,29,245.000,20,260.000,50,261.000,9,263.000,29,264.000,20,271.000,20,0,31,
121412405000,252.000,1,252.000,32,251.000,20,249.000,20,248.000,29,86.000,1,260.000,30,261.000,9,263.000,29,264.000,20,271.000,20,0,31,
121412780000,252.000,1,252.000,32,251.000,20,249.000,20,248.000,29,246.000,20,260.000,30,261.000,29,263.000,29,264.000,20,271.000,20,0,31,
121413530000,252.000,1,252.000,32,251.000,20,249.000,20,248.000,29,86.000,1,260.000,30,261.000,9,263.000,29,264.000,20,271.000,20,0,31,
121413530000,252.000,1,252.000,32,251.000,20,249.000,20,248.000,29,245.000,20,260.000,50,261.000,9,263.000,29,264.000,20,271.000,20,0,31,
121413930000,252.000,1,252.000,11,251.000,20,249.000,20,248.000,29,245.000,20,260.000,29,261.000,9,263.000,29,264.000,20,271.000,20,0,31,
121413930000,252.000,1,252.000,11,251.000,41,249.000,20,248.000,29,245.000,20,259.000,21,260.000,29,261.000,9,263.000,29,264.000,20,0,31,
121413930000,252.000,1,252.000,11,251.000,41,249.000,20,248.000,29,245.000,20,259.000,30,260.000,29,261.000,9,263.000,29,264.000,20,0,31,
121414006000,252.000,1,252.000,11,251.000,41,248.000,29,245.000,20,86.000,1,259.000,30,260.000,29,261.000,9,263.000,29,271.000,20,0,31,
121414006000,252.000,1,252.000,11,251.000,41,248.000,29,247.000,20,245.000,20,259.000,30,260.000,29,261.000,9,262.000,20,263.000,29,0,31,
121414006000,252.000,1,252.000,11,251.000,41,248.000,29,247.000,20,245.000,20,259.000,30,260.000,29,262.000,20,263.000,29,271.000,20,0,31,
121414522000,252.000,1,252.000,11,251.000,41,248.000,29,247.000,20,86.000,1,259.000,30,260.000,9,262.000,20,263.000,29,271.000,20,0,31,
121414522000,252.000,1,252.000,11,251.000,41,248.000,29,247.000,20,246.000,20,259.000,30,260.000,9,261.000,20,262.000,20,263.000,29,0,31,
121414647000,252.000,1,252.000,11,251.000,41,248.000,29,247.000,20,86.000,1,259.000,30,260.000,9,262.000,20,263.000,29,271.000,20,0,31,
121415135000,252.000,1,252.000,11,251.000,41,248.000,29,247.000,20,246.000,20,259.000,30,260.000,9,261.000,20,262.000,20,263.000,29,0,31,
121419635000,252.000,1,252.000,11,251.000,41,248.000,29,247.000,20,86.000,1,259.000,30,260.000,9,262.000,20,263.000,29,271.000,20,0,31,
121419635000,252.000,1,252.000,11,251.000,41,248.000,29,247.000,20,245.000,20,259.000,30,260.000,29,262.000,20,263.000,29,271.000,20,0,31,
121424595000,252.000,1,252.000,11,251.000,41,248.000,9,247.000,20,245.000,20,259.000,30,260.000,29,262.000,20,263.000,9,271.000,20,0,31,
121424618000,252.000,1,252.000,11,251.000,21,248.000,9,247.000,20,245.000,20,259.000,30,260.000,29,262.000,20,263.000,9,320.000,1,0,31,
121424618000,252.000,1,252.000,11,251.000,21,250.000,20,248.000,9,247.000,20,259.000,30,260.000,29,262.000,20,263.000,9,270.000,20,0,31,
121425122000,252.000,1,252.000,11,251.000,21,250.000,20,248.000,9,247.000,20,259.000,30,260.000,9,262.000,20,263.000,9,270.000,20,0,31,
121425122000,252.000,1,252.000,11,251.000,21,250.000,20,248.000,9,247.000,20,259.000,50,260.000,9,262.000,20,263.000,9,270.000,20,0,31,
121425734000,252.000,1,252.000,11,251.000,21,250.000,20,248.000,9,247.000,40,259.000,50,260.000,9,262.000,40,263.000,9,270.000,20,0,31,
121426029000,252.000,1,252.000,11,250.000,20,248.000,9,247.000,40,244.000,20,259.000,29,260.000,9,262.000,40,263.000,9,270.000,20,0,31,
121426029000,252.000,1,252.000,11,250.000,41,248.000,9,247.000,40,244.000,20,259.000,50,260.000,9,262.000,40,263.000,9,270.000,20,0,31,
121426872000,252.000,1,252.000,11,250.000,41,248.000,9,247.000,40,86.000,1,259.000,30,260.000,9,262.000,40,263.000,9,270.000,20,0,31,
121426872000,252.000,1,252.000,11,250.000,41,248.000,9,247.000,40,245.000,20,259.000,30,260.000,29,262.000,40,263.000,9,270.000,20,0,31,
121428492000,252.000,1,252.000,11,250.000,41,248.000,9,247.000,40,86.000,1,259.000,30,260.000,9,262.000,40,263.000,9,270.000,20,0,31,
121428492000,252.000,1,252.000,11,250.000,41,248.000,9,247.000,40,244.000,20,259.000,50,260.000,9,262.000,40,263.000,9,270.000,20,0,31,
121429243000,252.000,1,252.000,11,250.000,41,248.000,9,247.000,40,86.000,1,259.000,30,260.000,9,262.000,40,263.000,9,270.000,20,0,31,
121429243000,252.000,1,252.000,11,250.000,41,248.000,9,247.000,40,245.000,20,259.000,30,260.000,29,262.000,40,263.000,9,270.000,20,0,31,
121429750000,252.000,1,252.000,11,250.000,41,248.000,9,247.000,40,245.000,20,259.000,30,260.000,29,262.000,40,270.000,20,320.000,1,0,31,
121429754000,252.000,1,252.000,11,250.000,41,248.000,9,247.000,40,86.000,1,259.000,30,260.000,9,262.000,40,270.000,20,320.000,1,0,31,
121429754000,252.000,1,252.000,11,250.000,41,248.000,9,247.000,40,244.000,20,259.000,50,260.000,9,262.000,40,270.000,20,320.000,1,0,31,
121429756000,252.000,1,252.000,11,250.000,21,248.000,9,247.000,40,244.000,20,259.000,50,260.000,9,262.000,40,320.000,1,400.000,1,0,31,
121429756000,252.000,1,252.000,11,250.000,21,249.000,20,248.000,9,247.000,40,259.000,50,260.000,9,262.000,40,264.000,20,320.000,1,0,31,
121429758000,252.000,1,252.000,11,250.000,21,249.000,20,247.000,40,244.000,20,259.000,50,260.000,9,262.000,40,264.000,20,320.000,1,0,31,
121429761000,252.000,1,252.000,11,250.000,21,249.000,20,247.000,40,244.000,20,259.000,50,260.000,18,262.000,40,264.000,20,320.000,1,0,31,
121429762000,252.000,1,252.000,11,250.000,21,249.000,20,247.000,40,86.000,1,259.000,30,260.000,18,262.000,40,264.000,20,320.000,1,0,31,
121429868000,252.000,1,252.000,11,250.000,21,249.000,20,247.000,40,246.000,9,259.000,30,260.000,18,262.000,40,264.000,20,320.000,1,0,31,
121429869000,252.000,1,252.000,11,250.000,21,247.000,40,246.000,9,86.000,1,259.000,30,260.000,18,262.000,40,320.000,1,400.000,1,0,31,
121429869000,252.000,1,252.000,11,250.000,21,248.000,20,247.000,40,246.000,9,259.000,30,260.000,18,262.000,40,263.000,20,320.000,1,0,31,
121430257000,252.000,1,252.000,11,250.000,21,248.000,20,247.000,40,246.000,9,258.000,20,259.000,30,260.000,18,262.000,40,263.000,20,0,31,
121430257000,252.000,1,252.000,11,250.000,21,248.000,20,247.000,40,246.000,9,258.000,29,259.000,30,260.000,18,262.000,40,263.000,20,0,31,
121430328000,252.000,1,252.000,11,250.000,21,248.000,20,247.000,20,246.000,9,258.000,29,259.000,30,260.000,18,262.000,20,263.000,20,0,31,
121430374000,252.000,1,252.000,11,250.000,21,248.000,20,247.000,20,246.000,9,258.000,9,259.000,30,260.000,18,262.000,20,263.000,20,0,31,
121430375000,252.000,1,252.000,11,250.000,21,248.000,20,247.000,20,246.000,9,259.000,30,260.000,18,262.000,20,263.000,20,320.000,1,0,31,
121430493000,252.000,1,252.000,11,250.000,21,247.000,20,246.000,9,86.000,1,259.000,30,260.000,18,262.000,20,320.000,1,400.000,1,0,31,
121430493000,252.000,1,252.000,11,250.000,21,249.000,20,247.000,20,246.000,9,259.000,30,260.000,18,262.000,20,264.000,20,320.000,1,0,31,
121430506000,252.000,1,252.000,11,250.000,21,249.000,20,247.000,20,246.000,9,259.000,30,260.000,38,262.000,20,264.000,20,320.000,1,0,31,
121430842000,252.000,1,252.000,11,249.000,20,247.000,20,246.000,9,245.000,20,259.000,9,260.000,38,262.000,20,264.000,20,320.000,1,0,31,
121430842000,252.000,1,252.000,11,249.000,41,247.000,20,246.000,9,245.000,20,259.000,30,260.000,38,262.000,20,264.000,20,320.000,1,0,31,
121430842000,252.000,1,252.000,11,249.000,41,247.000,20,246.000,9,245.000,20,259.000,21,260.000,38,262.000,20,264.000,20,320.000,1,0,31,
121430842000,252.000,1,252.000,11,249.000,41,247.000,20,246.000,9,245.000,20,259.000,30,260.000,38,262.000,20,264.000,20,320.000,1,0,31,
121430858000,252.000,1,252.000,11,249.000,41,247.000,20,246.000,9,245.000,20,259.000,50,260.000,38,262.000,20,264.000,20,320.000,1,0,31,
121432172000,252.000,1,252.000,11,249.000,20,247.000,20,246.000,9,245.000,20,259.000,29,260.000,38,262.000,20,264.000,20,320.000,1,0,31,
121432173000,252.000,1,252.000,11,250.000,21,249.000,20,247.000,20,246.000,9,259.000,50,260.000,38,262.000,20,264.000,20,320.000,1,0,31,
121432607000,252.000,1,252.000,11,250.000,21,249.000,20,247.000,20,246.000,9,259.000,30,260.000,38,262.000,20,264.000,20,320.000,1,0,31,
121432607000,252.000,1,252.000,11,250.000,21,249.000,20,247.000,20,246.000,9,259.000,30,260.000,58,262.000,20,264.000,20,320.000,1,0,31,
121432858000,252.000,1,252.000,11,250.000,21,249.000,20,247.000,20,246.000,9,259.000,30,260.000,38,262.000,20,264.000,20,320.000,1,0,31,
121433134000,252.000,1,252.000,11,250.000,21,249.000,20,247.000,20,246.000,9,259.000,50,260.000,38,262.000,20,264.000,20,320.000,1,0,31,
121433940000,252.000,1,252.000,11,249.000,20,247.000,20,246.000,9,245.000,20,259.000,29,260.000,38,262.000,20,264.000,20,320.000,1,0,31,
121433940000,252.000,1,252.000,11,249.000,41,247.000,20,246.000,9,245.000,20,259.000,50,260.000,38,262.000,20,264.000,20,320.000,1,0,31,
121433995000,252.000,1,252.000,11,249.000,21,247.000,20,246.000,9,245.000,20,259.000,50,260.000,38,262.000,20,320.000,1,400.000,1,0,31,
121433995000,252.000,1,252.000,11,249.000,21,248.000,20,247.000,20,246.000,9,259.000,50,260.000,38,262.000,20,263.000,20,320.000,1,0,31,
121434036000,252.000,1,252.000,11,249.000,21,248.000,20,247.000,20,246.000,9,259.000,30,260.000,38,262.000,20,263.000,20,320.000,1,0,31,
121434036000,252.000,1,252.000,11,249.000,21,248.000,20,247.000,20,246.000,9,258.000,20,259.000,30,260.000,38,262.000,20,263.000,20,0,31,
121434036000,252.000,1,252.000,11,249.000,21,248.000,20,247.000,20,246.000,9,258.000,29,259.000,30,260.000,38,262.000,20,263.000,20,0,31,
121434048000,252.000,1,252.000,11,249.000,21,248.000,20,247.000,20,246.000,9,258.000,9,259.000,30,260.000,38,262.000,20,263.000,20,0,31,
121434048000,252.000,1,252.000,11,249.000,21,248.000,20,247.000,20,246.000,9,259.000,30,260.000,38,262.000,20,263.000,20,320.000,1,0,31,
121434118000,252.000,1,252.000,11,249.000,21,247.000,20,246.000,9,245.000,20,259.000,30,260.000,38,262.000,20,320.000,1,400.000,1,0,31,
121434118000,252.000,1,252.000,11,249.000,41,247.000,20,246.000,9,245.000,20,259.000,30,260.000,38,262.000,20,264.000,20,320.000,1,0,31,
121434549000,252.000,1,252.000,11,249.000,41,247.000,20,246.000,9,245.000,20,259.000,50,260.000,38,262.000,20,264.000,20,320.000,1,0,31,
121434799000,252.000,1,252.000,11,249.000,41,247.000,20,246.000,9,245.000,20,259.000,30,260.000,38,262.000,20,264.000,20,320.000,1,0,31,
121435159000,252.000,1,252.000,11,249.000,41,247.000,20,246.000,9,245.000,20,258.000,20,259.000,30,260.000,38,262.000,20,264.000,20,0,31,
121435159000,252.000,1,252.000,11,249.000,41,247.000,20,246.000,9,245.000,20,258.000,29,259.000,30,260.000,38,262.000,20,264.000,20,0,31,
121435382000,252.000,1,252.000,11,249.000,41,247.000,20,246.000,9,245.000,20,258.000,9,259.000,30,260.000,38,262.000,20,264.000,20,0,31,
121435382000,252.000,1,252.000,11,249.000,41,247.000,20,246.000,9,245.000,20,259.000,30,260.000,38,262.000,20,264.000,20,320.000,1,0,31,
121435570000,252.000,1,252.000,11,249.000,20,247.000,20,246.000,9,245.000,20,259.000,9,260.000,38,262.000,20,264.000,20,320.000,1,0,31,
121435570000,252.000,1,252.000,11,250.000,21,249.000,20,247.000,20,246.000,9,259.000,30,260.000,38,262.000,20,264.000,20,320.000,1,0,31,
121435570000,252.000,1,252.000,11,250.000,21,249.000,20,247.000,20,246.000,9,259.000,21,260.000,38,262.000,20,264.000,20,320.000,1,0,31,
121435759000,252.000,1,252.000,11,250.000,21,249.000,20,247.000,20,246.000,9,259.000,41,260.000,38,262.000,20,264.000,20,320.000,1,0,31,
121435760000,252.000,1,252.000,11,250.000,21,249.000,20,247.000,20,246.000,9,259.000,50,260.000,38,262.000,20,264.000,20,320.000,1,0,31,
121436260000,252.000,1,252.000,11,250.000,21,249.000,20,247.000,20,246.000,9,259.000,30,260.000,38,262.000,20,264.000,20,320.000,1,0,31,
121436260000,252.000,1,252.000,11,250.000,21,249.000,20,247.000,20,246.000,9,259.000,30,260.000,58,262.000,20,264.000,20,320.000,1,0,31,
121436385000,252.000,1,252.000,11,250.000,21,249.000,20,247.000,20,246.000,9,259.000,30,260.000,38,262.000,20,264.000,20,320.000,1,0,31,
121436760000,252.000,1,252.000,11,250.000,21,249.000,20,247.000,20,246.000,9,259.000,50,260.000,38,262.000,20,264.000,20,320.000,1,0,31,
121438255000,252.000,1,252.000,11,250.000,21,249.000,20,246.000,9,245.000,20,259.000,50,260.000,38,264.000,20,320.000,1,400.000,1,0,31,
121438458000,252.000,1,252.000,11,250.000,21,249.000,20,247.000,20,246.000,9,259.000,50,260.000,38,262.000,20,264.000,20,320.000,1,0,31,
121438748000,252.000,1,252.000,11,250.000,21,249.000,20,247.000,20,246.000,9,259.000,30,260.000,38,262.000,20,264.000,20,320.000,1,0,31,
121438748000,252.000,1,252.000,11,250.000,21,249.000,20,247.000,20,246.000,9,258.000,20,259.000,30,260.000,38,262.000,20,264.000,20,0,31,
121438872000,252.000,1,252.000,11,250.000,21,249.000,20,247.000,20,246.000,9,259.000,30,260.000,38,262.000,20,264.000,20,320.000,1,0,31,
121439368000,252.000,1,252.000,11,250.000,21,249.000,20,247.000,20,246.000,9,259.000,50,260.000,38,262.000,20,264.000,20,320.000,1,0,31,
121440618000,252.000,1,252.000,11,250.000,21,247.000,20,246.000,9,245.000,20,259.000,50,260.000,38,262.000,20,320.000,1,400.000,1,0,31,
121440618000,252.000,1,252.000,11,250.000,21,248.000,20,247.000,20,246.000,9,259.000,50,260.000,38,262.000,20,263.000,20,320.000,1,0,31,
121440669000,252.000,1,252.000,11,250.000,21,248.000,20,246.000,9,245.000,20,259.000,50,260.000,38,263.000,20,320.000,1,400.000,1,0,31,
121440727000,252.000,1,252.000,11,250.000,21,248.000,20,246.000,9,245.000,20,259.000,30,260.000,38,263.000,20,320.000,1,400.000,1,0,31,
121440727000,252.000,1,252.000,11,250.000,21,248.000,20,246.000,9,245.000,20,258.000,20,259.000,30,260.000,38,263.000,20,320.000,1,0,31,
121440960000,252.000,1,252.000,11,248.000,20,246.000,9,245.000,20,243.000,20,258.000,20,259.000,9,260.000,38,263.000,20,320.000,1,0,31,
121440960000,252.000,1,252.000,11,250.000,21,248.000,20,246.000,9,245.000,20,257.000,21,258.000,20,259.000,9,260.000,38,263.000,20,0,31,
121440961000,252.000,1,252.000,11,250.000,21,248.000,20,246.000,9,245.000,20,257.000,30,258.000,20,259.000,9,260.000,38,263.000,20,0,31,
121441006000,252.000,1,252.000,11,250.000,21,248.000,20,246.000,9,245.000,20,257.000,30,258.000,20,259.000,9,260.000,29,263.000,20,0,31,
121441034000,252.000,1,252.000,11,250.000,21,248.000,20,247.000,20,246.000,9,257.000,30,258.000,20,259.000,9,260.000,29,262.000,20,0,31,
121442634000,252.000,1,252.000,11,250.000,21,248.000,20,247.000,20,246.000,9,257.000,30,259.000,9,260.000,29,262.000,20,263.000,20,0,31,
121442634000,252.000,1,252.000,11,250.000,21,248.000,20,247.000,20,246.000,9,257.000,30,259.000,29,260.000,29,262.000,20,263.000,20,0,31,
121442743000,252.000,1,252.000,11,250.000,21,247.000,20,246.000,9,245.000,20,257.000,30,259.000,29,260.000,29,262.000,20,320.000,1,0,31,
121442743000,252.000,1,252.000,11,250.000,21,249.000,20,247.000,20,246.000,9,257.000,30,259.000,29,260.000,29,262.000,20,264.000,20,0,31,
121444945000,252.000,1,252.000,11,249.000,20,247.000,20,246.000,9,245.000,20,257.000,9,259.000,29,260.000,29,262.000,20,264.000,20,0,31,
121444945000,252.000,1,252.000,11,250.000,21,249.000,20,247.000,20,246.000,9,257.000,9,258.000,21,259.000,29,260.000,29,262.000,20,0,31,
121444945000,252.000,1,252.000,11,250.000,21,249.000,20,247.000,20,246.000,9,258.000,21,259.000,29,260.000,29,262.000,20,264.000,20,0,31,
121445180000,252.000,1,252.000,11,250.000,21,249.000,20,247.000,20,246.000,9,258.000,30,259.000,29,260.000,29,262.000,20,264.000,20,0,31,
121445914000,252.000,1,252.000,11,250.000,21,249.000,20,247.000,20,246.000,9,258.000,30,259.000,9,260.000,29,262.000,20,264.000,20,0,31,
121445914000,252.000,1,252.000,11,250.000,21,249.000,20,247.000,20,246.000,9,258.000,50,259.000,9,260.000,29,262.000,20,264.000,20,0,31,
121446165000,252.000,1,252.000,11,250.000,21,249.000,20,247.000,20,246.000,9,258.000,30,259.000,9,260.000,29,262.000,20,264.000,20,0,31,
121446534000,252.000,1,252.000,11,250.000,21,249.000,20,247.000,20,246.000,9,258.000,30,259.000,29,260.000,29,262.000,20,264.000,20,0,31,
121447776000,252.000,1,252.000,11,250.000,21,249.000,20,247.000,20,246.000,9,258.000,30,259.000,9,260.000,29,262.000,20,264.000,20,0,31,
121447776000,252.000,1,252.000,11,250.000,21,249.000,20,247.000,20,246.000,9,258.000,50,259.000,9,260.000,29,262.000,20,264.000,20,0,31,
121448003000,252.000,1,252.000,11,250.000,21,249.000,20,247.000,20,246.000,9,258.000,30,259.000,9,260.000,29,262.000,20,264.000,20,0,31,
121448275000,252.000,1,252.000,11,250.000,21,249.000,20,247.000,20,246.000,9,258.000,30,259.000,29,260.000,29,262.000,20,264.000,20,0,31,
121448643000,252.000,1,252.000,11,250.000,21,249.000,20,247.000,20,246.000,9,258.000,30,259.000,9,260.000,29,262.000,20,264.000,20,0,31,
121448869000,252.000,1,252.000,11,250.000,21,247.000,20,246.000,9,245.000,20,258.000,30,259.000,9,260.000,29,262.000,20,320.000,1,0,31,
121448869000,252.000,1,252.000,11,250.000,21,248.000,20,247.000,20,246.000,9,258.000,30,259.000,9,260.000,29,262.000,20,263.000,20,0,31,
121448895000,252.000,1,252.000,11,250.000,21,248.000,20,247.000,20,246.000,9,258.000,50,259.000,9,260.000,29,262.000,20,263.000,20,0,31,
121450761000,252.000,1,252.000,11,250.000,21,248.000,20,247.000,20,246.000,9,258.000,30,259.000,9,260.000,29,262.000,20,263.000,20,0,31,
121450761000,252.000,1,252.000,11,250.000,21,248.000,20,247.000,20,246.000,9,258.000,30,259.000,29,260.000,29,262.000,20,263.000,20,0,31,
121452387000,252.000,1,252.000,11,250.000,21,248.000,20,247.000,20,246.000,9,258.000,30,259.000,9,260.000,29,262.000,20,263.000,20,0,31,
121452387000,252.000,1,252.000,11,250.000,21,248.000,20,247.000,20,246.000,9,258.000,50,259.000,9,260.000,29,262.000,20,263.000,20,0,31,
121453948000,252.000,1,252.000,11,248.000,20,247.000,20,246.000,9,245.000,20,258.000,29,259.000,9,260.000,29,262.000,20,263.000,20,0,31,
121453948000,252.000,1,252.000,11,249.000,21,248.000,20,247.000,20,246.000,9,258.000,50,259.000,9,260.000,29,262.000,20,263.000,20,0,31,
121457165000,252.000,1,252.000,2,249.000,21,248.000,20,247.000,20,246.000,9,258.000,50,259.000,9,260.000,29,262.000,20,263.000,20,0,31,
121457165000,252.000,1,252.000,2,251.000,9,249.000,21,248.000,20,247.000,20,258.000,50,259.000,9,260.000,29,262.000,20,263.000,20,0,31,
121457852000,252.000,1,252.000,7,251.000,9,249.000,21,248.000,20,247.000,20,258.000,50,259.000,9,260.000,29,262.000,20,263.000,20,0,31,
121458739000,252.000,1,252.000,7,251.000,9,249.000,21,248.000,20,246.000,9,258.000,50,259.000,9,260.000,29,263.000,20,320.000,1,0,31,
121458961000,252.000,1,252.000,2,251.000,9,249.000,21,248.000,20,246.000,9,258.000,50,259.000,9,260.000,29,263.000,20,320.000,1,0,31,
121459010000,252.000,1,252.000,2,251.000,9,249.000,21,248.000,20,246.000,29,258.000,50,259.000,9,260.000,29,261.000,20,263.000,20,0,31,
121459675000,252.000,1,252.000,2,251.000,9,249.000,21,248.000,20,246.000,29,258.000,30,259.000,9,260.000,29,261.000,20,263.000,20,0,31,
121459675000,252.000,1,252.000,2,251.000,9,249.000,21,248.000,20,246.000,29,257.000,20,258.000,30,259.000,9,260.000,29,261.000,20,0,31,
121459676000,252.000,1,252.000,2,251.000,9,249.000,21,248.000,20,246.000,29,257.000,29,258.000,30,259.000,9,260.000,29,261.000,20,0,31,
121459926000,252.000,1,252.000,2,251.000,9,249.000,21,248.000,20,246.000,29,257.000,9,258.000,30,259.000,9,260.000,29,261.000,20,0,31,
121459926000,252.000,1,252.000,2,251.000,9,249.000,21,248.000,20,246.000,29,258.000,30,259.000,9,260.000,29,261.000,20,263.000,20,0,31,
121500277000,252.000,1,252.000,2,251.000,9,249.000,21,248.000,20,246.000,29,257.000,20,258.000,30,259.000,9,260.000,29,261.000,20,0,31,
121500277000,252.000,1,252.000,2,251.000,9,249.000,21,248.000,20,246.000,29,257.000,29,258.000,30,259.000,9,260.000,29,261.000,20,0,31,
121500506000,252.000,1,252.000,2,251.000,9,249.000,21,248.000,20,246.000,29,257.000,29,258.000,30,260.000,29,261.000,20,263.000,20,0,31,
121500580000,252.000,1,252.000,2,251.000,9,248.000,20,246.000,29,245.000,20,257.000,29,258.000,9,260.000,29,261.000,20,263.000,20,0,31,
121500580000,252.000,1,252.000,2,251.000,9,249.000,21,248.000,20,246.000,29,257.000,50,258.000,9,260.000,29,261.000,20,263.000,20,0,31,
121500647000,252.000,1,252.000,2,251.000,9,249.000,21,248.000,20,246.000,29,257.000,30,258.000,9,260.000,29,261.000,20,263.000,20,0,31,
121500776000,252.000,1,252.000,2,251.000,9,249.000,21,248.000,20,246.000,29,257.000,30,258.000,29,260.000,29,261.000,20,263.000,20,0,31,
121500916000,252.000,1,252.000,7,251.000,9,249.000,21,248.000,20,246.000,29,257.000,30,258.000,29,260.000,29,261.000,20,263.000,20,0,31,
121501581000,252.000,1,252.000,7,251.000,9,248.000,20,246.000,29,245.000,20,257.000,9,258.000,29,260.000,29,261.000,20,263.000,20,0,31,
121501581000,252.000,1,252.000,7,251.000,9,250.000,21,248.000,20,246.000,29,257.000,30,258.000,29,260.000,29,261.000,20,263.000,20,0,31,
121501581000,252.000,1,252.000,7,251.000,9,250.000,21,248.000,20,246.000,29,257.000,21,258.000,29,260.000,29,261.000,20,263.000,20,0,31,
121501610000,252.000,1,252.000,7,251.000,9,250.000,21,248.000,20,246.000,29,257.000,30,258.000,29,260.000,29,261.000,20,263.000,20,0,31,
121503385000,252.000,1,252.000,7,251.000,9,250.000,21,248.000,20,246.000,29,257.000,30,258.000,9,260.000,29,261.000,20,263.000,20,0,31,
121503385000,252.000,1,252.000,7,251.000,9,250.000,21,248.000,20,246.000,29,257.000,30,258.000,9,259.000,20,260.000,29,261.000,20,0,31,
121503488000,252.000,1,252.000,7,251.000,9,250.000,21,248.000,20,246.000,9,257.000,30,258.000,9,259.000,20,260.000,29,263.000,20,0,31,
121503494000,252.000,1,252.000,7,251.000,9,250.000,21,246.000,9,245.000,20,257.000,30,258.000,9,259.000,20,260.000,29,320.000,1,0,31,
121503494000,252.000,1,252.000,7,251.000,9,250.000,21,249.000,20,246.000,9,257.000,30,258.000,9,259.000,20,260.000,29,264.000,20,0,31,
121503755000,252.000,1,252.000,7,251.000,9,250.000,21,249.000,20,246.000,9,257.000,30,258.000,9,260.000,29,264.000,20,320.000,1,0,31,
121504003000,252.000,1,252.000,7,251.000,9,250.000,21,249.000,20,246.000,9,257.000,30,258.000,29,260.000,29,264.000,20,320.000,1,0,31,
121504484000,252.000,1,252.000,7,251.000,9,250.000,21,249.000,20,247.000,20,257.000,30,258.000,29,260.000,29,262.000,20,264.000,20,0,31,
121508368000,252.000,1,252.000,7,251.000,9,250.000,21,247.000,20,246.000,9,257.000,30,258.000,29,260.000,29,262.000,20,320.000,1,0,31,
121508368000,252.000,1,252.000,7,251.000,9,250.000,21,248.000,20,247.000,20,257.000,30,258.000,29,260.000,29,262.000,20,263.000,20,0,31,
121518367000,252.000,1,252.000,7,251.000,9,250.000,21,247.000,20,246.000,9,257.000,30,258.000,29,260.000,29,262.000,20,320.000,1,0,31,
121518368000,252.000,1,252.000,7,251.000,9,250.000,21,249.000,20,247.000,20,257.000,30,258.000,29,260.000,29,262.000,20,264.000,20,0,31,
121519639000,252.000,1,252.000,7,251.000,9,250.000,21,249.000,20,247.000,20,257.000,30,258.000,9,260.000,29,262.000,20,264.000,20,0,31,
121519639000,252.000,1,252.000,7,251.000,9,250.000,21,249.000,20,247.000,20,257.000,30,258.000,9,259.000,20,260.000,29,262.000,20,0,31,
121519710000,252.000,1,252.000,7,251.000,9,249.000,20,247.000,20,246.000,9,257.000,9,258.000,9,259.000,20,260.000,29,262.000,20,0,31,
121519710000,252.000,1,252.000,7,251.000,30,249.000,20,247.000,20,246.000,9,257.000,9,258.000,30,259.000,20,260.000,29,262.000,20,0,31,
121519711000,252.000,1,252.000,7,251.000,30,249.000,20,247.000,20,246.000,9,257.000,9,258.000,30,259.000,20,260.000,20,262.000,20,0,31,
121519713000,252.000,1,252.000,7,251.000,30,249.000,20,247.000,20,246.000,9,257.000,9,258.000,30,259.000,29,260.000,20,262.000,20,0,31,
121519713000,252.000,1,252.000,7,251.000,30,249.000,20,247.000,20,246.000,9,258.000,30,259.000,29,260.000,20,262.000,20,264.000,20,0,31,
121519722000,252.000,1,252.000,7,251.000,30,249.000,20,247.000,20,246.000,9,258.000,30,259.000,29,262.000,20,264.000,20,320.000,1,0,31,
121519832000,252.000,1,252.000,7,251.000,30,249.000,20,247.000,20,246.000,9,258.000,30,259.000,29,262.000,29,264.000,20,320.000,1,0,31,
121519868000,252.000,1,252.000,7,251.000,30,247.000,20,246.000,9,244.000,20,258.000,30,259.000,29,262.000,29,320.000,1,400.000,1,0,31,
121519868000,252.000,1,252.000,7,251.000,30,250.000,20,247.000,20,246.000,9,258.000,30,259.000,29,262.000,29,270.000,20,320.000,1,0,31,
121520006000,252.000,1,252.000,7,251.000,30,250.000,20,247.000,40,246.000,9,258.000,30,259.000,29,262.000,49,270.000,20,320.000,1,0,31,
121520137000,252.000,1,252.000,7,251.000,30,250.000,20,247.000,40,246.000,9,258.000,30,259.000,9,262.000,49,270.000,20,320.000,1,0,31,
121520148000,252.000,1,252.000,7,251.000,30,250.000,20,247.000,40,246.000,9,258.000,30,259.000,9,260.000,20,262.000,49,270.000,20,0,31,
121520805000,252.000,1,252.000,7,251.000,9,250.000,20,247.000,40,246.000,9,258.000,9,259.000,9,260.000,20,262.000,49,270.000,20,0,31,
121520805000,252.000,1,252.000,7,251.000,30,250.000,20,247.000,40,246.000,9,258.000,9,259.000,30,260.000,20,262.000,49,270.000,20,0,31,
121520805000,252.000,1,252.000,7,251.000,30,250.000,20,247.000,40,246.000,9,258.000,9,259.000,30,260.000,29,262.000,49,270.000,20,0,31,
121520805000,252.000,1,252.000,7,251.000,30,250.000,20,247.000,40,246.000,9,259.000,30,260.000,29,262.000,49,270.000,20,320.000,1,0,31,
121521879000,252.000,1,252.000,7,251.000,30,250.000,20,247.000,40,246.000,9,259.000,30,260.000,9,262.000,49,270.000,20,320.000,1,0,31,
121521879000,252.000,1,252.000,7,251.000,30,250.000,20,247.000,40,246.000,9,259.000,50,260.000,9,262.000,49,270.000,20,320.000,1,0,31,
121522626000,252.000,1,252.000,7,251.000,30,250.000,20,247.000,40,246.000,9,259.000,30,260.000,9,262.000,49,270.000,20,320.000,1,0,31,
121522626000,252.000,1,252.000,7,251.000,30,250.000,20,247.000,40,246.000,9,259.000,30,260.000,29,262.000,49,270.000,20,320.000,1,0,31,
121522663000,252.000,1,252.000,7,251.000,30,250.000,20,247.000,40,245.000,20,259.000,30,260.000,29,262.000,49,270.000,20,320.000,1,0,31,
121522665000,252.000,1,252.000,7,251.000,30,250.000,20,248.000,9,247.000,40,259.000,30,260.000,29,262.000,49,270.000,20,320.000,1,0,31,
121522671000,252.000,1,252.000,7,251.000,30,250.000,20,248.000,9,247.000,20,259.000,30,260.000,29,262.000,29,270.000,20,320.000,1,0,31,
121523066000,252.000,1,252.000,7,251.000,30,250.000,20,248.000,9,247.000,20,259.000,30,260.000,9,262.000,29,270.000,20,320.000,1,0,31,
121523191000,252.000,1,252.000,7,251.000,30,250.000,20,248.000,9,247.000,20,259.000,50,260.000,9,262.000,29,270.000,20,320.000,1,0,31,
121523386000,252.000,1,252.000,7,251.000,30,250.000,20,248.000,29,247.000,20,259.000,50,260.000,9,262.000,29,263.000,20,270.000,20,0,31,
121524293000,252.000,1,252.000,7,251.000,30,250.000,20,248.000,29,247.000,20,259.000,30,260.000,9,262.000,29,263.000,20,270.000,20,0,31,
121524293000,252.000,1,252.000,7,251.000,30,250.000,20,248.000,29,247.000,20,259.000,30,260.000,29,262.000,29,263.000,20,270.000,20,0,31,
121524417000,252.000,1,252.000,7,251.000,30,250.000,20,248.000,29,247.000,20,259.000,30,260.000,9,262.000,29,263.000,20,270.000,20,0,31,
121524918000,252.000,1,252.000,7,251.000,30,250.000,20,248.000,29,247.000,20,259.000,30,260.000,29,262.000,29,263.000,20,270.000,20,0,31,
121527521000,252.000,1,252.000,7,251.000,30,250.000,20,248.000,29,247.000,20,259.000,30,260.000,9,262.000,29,263.000,20,270.000,20,0,31,
121527521000,252.000,1,252.000,7,251.000,30,250.000,20,248.000,29,247.000,20,259.000,50,260.000,9,262.000,29,263.000,20,270.000,20,0,31,
121528144000,252.000,1,252.000,7,251.000,30,250.000,20,248.000,29,247.000,20,259.000,30,260.000,9,262.000,29,263.000,20,270.000,20,0,31,
121528144000,252.000,1,252.000,7,251.000,30,250.000,20,248.000,29,247.000,20,259.000,30,260.000,29,262.000,29,263.000,20,270.000,20,0,31,
121528592000,252.000,1,252.000,7,251.000,9,250.000,20,248.000,29,247.000,20,259.000,9,260.000,29,262.000,29,263.000,20,270.000,20,0,31,
121528592000,252.000,1,252.000,28,251.000,9,250.000,20,248.000,29,247.000,20,259.000,30,260.000,29,262.000,29,263.000,20,270.000,20,0,31,
121528593000,252.000,1,252.000,28,251.000,9,250.000,20,248.000,29,247.000,20,259.000,21,260.000,29,262.000,29,263.000,20,270.000,20,0,31,
121528605000,252.000,1,252.000,28,251.000,9,250.000,20,248.000,29,247.000,20,259.000,30,260.000,29,262.000,29,263.000,20,270.000,20,0,31,
121530380000,252.000,1,252.000,28,251.000,9,250.000,20,248.000,9,247.000,20,259.000,30,260.000,29,262.000,29,270.000,20,320.000,1,0,31,
121530593000,252.000,1,252.000,7,251.000,9,250.000,20,248.000,9,247.000,20,259.000,9,260.000,29,262.000,29,270.000,20,320.000,1,0,31,
121530593000,252.000,1,252.000,28,251.000,9,250.000,20,248.000,9,247.000,20,259.000,9,260.000,50,262.000,29,270.000,20,320.000,1,0,31,
121530594000,252.000,1,252.000,28,251.000,9,250.000,20,248.000,9,247.000,20,260.000,50,262.000,29,270.000,20,320.000,1,400.000,1,0,31,
121530633000,252.000,1,252.000,28,251.000,9,250.000,20,249.000,20,248.000,9,260.000,50,262.000,29,264.000,20,270.000,20,320.000,1,0,31,
121532120000,252.000,1,252.000,28,251.000,9,250.000,20,249.000,20,248.000,9,260.000,30,262.000,29,264.000,20,270.000,20,320.000,1,0,31,
121532120000,252.000,1,252.000,28,251.000,9,250.000,20,249.000,20,248.000,9,260.000,30,261.000,20,262.000,29,264.000,20,270.000,20,0,31,
121533368000,252.000,1,252.000,28,251.000,9,250.000,20,249.000,20,248.000,9,260.000,30,262.000,29,264.000,20,270.000,20,320.000,1,0,31,
121533368000,252.000,1,252.000,28,251.000,9,250.000,20,249.000,20,248.000,9,260.000,50,262.000,29,264.000,20,270.000,20,320.000,1,0,31,
121537362000,252.000,1,252.000,28,251.000,9,250.000,20,249.000,20,248.000,9,260.000,30,262.000,29,264.000,20,270.000,20,320.000,1,0,31,
121537362000,252.000,1,252.000,28,251.000,9,250.000,20,249.000,20,248.000,9,260.000,30,261.000,20,262.000,29,264.000,20,270.000,20,0,31,
121537391000,252.000,1,252.000,28,251.000,9,250.000,20,249.000,20,248.000,9,260.000,30,261.000,20,262.000,20,264.000,20,270.000,20,0,31,
121537517000,252.000,1,252.000,28,251.000,9,250.000,20,249.000,20,248.000,9,260.000,30,261.000,20,262.000,20,264.000,29,270.000,20,0,31,
121538869000,252.000,1,252.000,28,251.000,9,249.000,20,248.000,9,247.000,20,260.000,30,261.000,20,262.000,20,264.000,29,320.000,1,0,31,
121538869000,252.000,1,252.000,28,251.000,29,249.000,20,248.000,9,247.000,20,260.000,30,261.000,20,262.000,20,264.000,29,271.000,20,0,31,
121538893000,252.000,1,252.000,28,251.000,29,249.000,20,248.000,9,247.000,20,260.000,30,262.000,20,264.000,29,271.000,20,320.000,1,0,31,
121538893000,252.000,1,252.000,28,251.000,29,249.000,20,248.000,9,247.000,20,260.000,50,262.000,20,264.000,29,271.000,20,320.000,1,0,31,
121539517000,252.000,1,252.000,28,251.000,29,249.000,20,248.000,9,247.000,20,260.000,30,262.000,20,264.000,29,271.000,20,320.000,1,0,31,
121539517000,252.000,1,252.000,28,251.000,29,249.000,20,248.000,9,247.000,20,260.000,30,261.000,20,262.000,20,264.000,29,271.000,20,0,31,
121539597000,252.000,1,252.000,7,251.000,29,249.000,20,248.000,9,247.000,20,260.000,9,261.000,20,262.000,20,264.000,29,271.000,20,0,31,
121539597000,252.000,1,253.000,21,252.000,7,251.000,29,249.000,20,248.000,9,260.000,30,261.000,20,262.000,20,264.000,29,271.000,20,0,31,
121539597000,252.000,1,253.000,21,252.000,7,251.000,29,249.000,20,248.000,9,260.000,30,261.000,29,262.000,20,264.000,29,271.000,20,0,31,
121539597000,252.000,1,253.000,21,252.000,7,251.000,29,249.000,20,248.000,9,260.000,21,261.000,29,262.000,20,264.000,29,271.000,20,0,31,
121539597000,252.000,1,253.000,30,252.000,7,251.000,29,249.000,20,248.000,9,260.000,21,261.000,29,262.000,20,264.000,29,271.000,20,0,31,
121539598000,252.000,1,253.000,30,252.000,7,251.000,29,249.000,20,248.000,9,260.000,30,261.000,29,262.000,20,264.000,29,271.000,20,0,31,
121539975000,252.000,1,253.000,9,252.000,7,251.000,29,249.000,20,248.000,9,260.000,9,261.000,29,262.000,20,264.000,29,271.000,20,0,31,
121539975000,252.000,1,253.000,9,252.000,28,251.000,29,249.000,20,248.000,9,260.000,30,261.000,29,262.000,20,264.000,29,271.000,20,0,31,
121539976000,252.000,1,253.000,9,252.000,28,251.000,29,249.000,20,248.000,9,260.000,21,261.000,29,262.000,20,264.000,29,271.000,20,0,31,
121539976000,252.000,1,252.000,28,251.000,29,249.000,20,248.000,9,247.000,20,260.000,21,261.000,29,262.000,20,264.000,29,271.000,20,0,31,
121539976000,252.000,1,252.000,28,251.000,29,249.000,20,248.000,9,247.000,20,260.000,30,261.000,29,262.000,20,264.000,29,271.000,20,0,31,
121540016000,252.000,1,252.000,28,251.000,29,249.000,20,248.000,9,247.000,20,260.000,30,261.000,9,262.000,20,264.000,29,271.000,20,0,31,
121540026000,252.000,1,252.000,28,251.000,29,249.000,20,248.000,9,247.000,20,260.000,50,261.000,9,262.000,20,264.000,29,271.000,20,0,31,
121540515000,252.000,1,252.000,28,251.000,29,249.000,20,248.000,9,247.000,20,260.000,30,261.000,9,262.000,20,264.000,29,271.000,20,0,31,
121540640000,252.000,1,252.000,28,251.000,29,249.000,20,248.000,9,247.000,20,260.000,30,261.000,29,262.000,20,264.000,29,271.000,20,0,31,
121541598000,252.000,1,252.000,7,251.000,29,249.000,20,248.000,9,247.000,20,260.000,9,261.000,29,262.000,20,264.000,29,271.000,20,0,31,
121541598000,252.000,1,253.000,21,252.000,7,251.000,29,249.000,20,248.000,9,260.000,30,261.000,29,262.000,20,264.000,29,271.000,20,0,31,
121541598000,252.000,1,253.000,21,252.000,7,251.000,29,249.000,20,248.000,9,260.000,21,261.000,29,262.000,20,264.000,29,271.000,20,0,31,
121541598000,252.000,1,253.000,30,252.000,7,251.000,29,249.000,20,248.000,9,260.000,21,261.000,29,262.000,20,264.000,29,271.000,20,0,31,
121541599000,252.000,1,253.000,30,252.000,7,251.000,29,249.000,20,248.000,9,260.000,30,261.000,29,262.000,20,264.000,29,271.000,20,0,31,
121542002000,252.000,1,253.000,9,252.000,7,251.000,29,249.000,20,248.000,9,260.000,9,261.000,29,262.000,20,264.000,29,271.000,20,0,31,
121542002000,252.000,1,253.000,9,252.000,28,251.000,29,249.000,20,248.000,9,260.000,30,261.000,29,262.000,20,264.000,29,271.000,20,0,31,
121542002000,252.000,1,252.000,28,251.000,29,249.000,20,248.000,9,247.000,20,260.000,30,261.000,29,262.000,20,264.000,29,271.000,20,0,31,
121542002000,252.000,1,252.000,28,251.000,29,249.000,20,248.000,9,247.000,20,260.000,21,261.000,29,262.000,20,264.000,29,271.000,20,0,31,
121542002000,252.000,1,252.000,28,251.000,29,249.000,20,248.000,9,247.000,20,260.000,30,261.000,29,262.000,20,264.000,29,271.000,20,0,31,
121545703000,252.000,1,252.000,28,251.000,29,249.000,20,248.000,9,247.000,20,260.000,30,261.000,9,262.000,20,264.000,29,271.000,20,0,31,
121545703000,252.000,1,252.000,28,251.000,29,249.000,20,248.000,9,247.000,20,260.000,50,261.000,9,262.000,20,264.000,29,271.000,20,0,31,
121546603000,252.000,1,252.000,7,251.000,29,249.000,20,248.000,9,247.000,20,260.000,29,261.000,9,262.000,20,264.000,29,271.000,20,0,31,
121546603000,252.000,1,252.000,28,251.000,29,249.000,20,248.000,9,247.000,20,259.000,21,260.000,29,261.000,9,262.000,20,264.000,29,0,31,
121546618000,252.000,1,252.000,28,251.000,9,249.000,20,248.000,9,247.000,20,259.000,21,260.000,29,261.000,9,262.000,20,264.000,29,0,31,
121546618000,252.000,1,252.000,28,251.000,9,250.000,20,249.000,20,248.000,9,259.000,21,260.000,29,261.000,9,262.000,20,264.000,29,0,31,
121546667000,252.000,1,252.000,28,251.000,9,250.000,20,248.000,9,247.000,20,259.000,21,260.000,29,261.000,9,262.000,20,264.000,9,0,31,
121547594000,252.000,1,252.000,28,251.000,9,250.000,20,248.000,9,247.000,20,259.000,30,260.000,29,261.000,9,262.000,20,264.000,9,0,31,
121547600000,252.000,1,252.000,7,251.000,9,250.000,20,248.000,9,247.000,20,259.000,9,260.000,29,261.000,9,262.000,20,264.000,9,0,31,
121547601000,252.000,1,252.000,28,251.000,9,250.000,20,248.000,9,247.000,20,259.000,9,260.000,50,261.000,9,262.000,20,264.000,9,0,31,
121547601000,252.000,1,252.000,28,251.000,9,250.000,20,248.000,9,247.000,20,260.000,50,261.000,9,262.000,20,264.000,9,270.000,20,0,31,
121547626000,252.000,1,252.000,28,251.000,9,250.000,20,248.000,29,247.000,20,260.000,50,261.000,9,262.000,20,263.000,20,264.000,9,0,31,
121548601000,252.000,1,252.000,7,251.000,9,250.000,20,248.000,29,247.000,20,260.000,29,261.000,9,262.000,20,263.000,20,264.000,9,0,31,
121548601000,252.000,1,252.000,28,251.000,9,250.000,20,248.000,29,247.000,20,259.000,21,260.000,29,261.000,9,262.000,20,263.000,20,0,31,
121548601000,252.000,1,252.000,28,251.000,9,250.000,20,248.000,29,247.000,20,259.000,30,260.000,29,261.000,9,262.000,20,263.000,20,0,31,
121549006000,252.000,1,252.000,28,251.000,9,250.000,20,248.000,29,247.000,20,259.000,30,260.000,29,262.000,20,263.000,20,264.000,9,0,31,
121553340000,252.000,1,252.000,28,251.000,9,250.000,20,248.000,9,247.000,20,259.000,30,260.000,29,262.000,20,264.000,9,270.000,20,0,31,
121553844000,252.000,1,252.000,28,251.000,9,250.000,20,248.000,29,247.000,20,259.000,30,260.000,29,262.000,20,263.000,20,264.000,9,0,31,
121555486000,252.000,1,252.000,28,251.000,9,250.000,20,248.000,29,247.000,20,259.000,30,260.000,9,262.000,20,263.000,20,264.000,9,0,31,
121555486000,252.000,1,252.000,28,251.000,9,250.000,20,248.000,29,247.000,20,259.000,30,260.000,9,261.000,20,262.000,20,263.000,20,0,31,
121555987000,252.000,1,252.000,28,251.000,9,250.000,20,248.000,29,247.000,20,259.000,30,260.000,9,262.000,20,263.000,20,264.000,9,0,31,
121555987000,252.000,1,252.000,28,251.000,9,250.000,20,248.000,29,247.000,20,259.000,30,260.000,29,262.000,20,263.000,20,264.000,9,0,31,
121602833000,252.000,1,252.000,7,251.000,9,250.000,20,248.000,29,247.000,20,259.000,9,260.000,29,262.000,20,263.000,20,264.000,9,0,31,
121602833000,252.000,1,252.000,7,251.000,30,250.000,20,248.000,29,247.000,20,259.000,30,260.000,29,262.000,20,263.000,20,264.000,9,0,31,
121602833000,252.000,1,252.000,7,251.000,30,250.000,20,248.000,29,247.000,20,259.000,30,260.000,29,262.000,20,263.000,20,270.000,20,0,31,
121602834000,252.000,1,252.000,7,251.000,30,250.000,20,248.000,29,247.000,20,259.000,30,260.000,29,262.000,29,263.000,20,270.000,20,0,31,
121602929000,252.000,1,252.000,7,251.000,30,250.000,20,248.000,29,247.000,20,259.000,30,260.000,9,262.000,29,263.000,20,270.000,20,0,31,
121602929000,252.000,1,252.000,7,251.000,30,250.000,20,248.000,29,247.000,20,259.000,50,260.000,9,262.000,29,263.000,20,270.000,20,0,31,
121603233000,252.000,1,252.000,7,251.000,30,250.000,20,248.000,9,247.000,20,259.000,50,260.000,9,262.000,29,270.000,20,320.000,1,0,31,
121603868000,252.000,1,252.000,7,251.000,9,250.000,20,248.000,9,247.000,20,259.000,29,260.000,9,262.000,29,270.000,20,320.000,1,0,31,
121603868000,252.000,1,252.000,7,251.000,9,250.000,41,248.000,9,247.000,20,259.000,50,260.000,9,262.000,29,270.000,20,320.000,1,0,31,
121603869000,252.000,1,252.000,7,251.000,9,250.000,21,248.000,9,247.000,20,259.000,50,260.000,9,262.000,29,320.000,1,400.000,1,0,31,
121603869000,252.000,1,252.000,7,251.000,9,250.000,21,249.000,20,248.000,9,259.000,50,260.000,9,262.000,29,264.000,20,320.000,1,0,31,
121604179000,252.000,1,252.000,7,251.000,9,250.000,21,249.000,20,248.000,9,259.000,30,260.000,9,262.000,29,264.000,20,320.000,1,0,31,
121604179000,252.000,1,252.000,7,251.000,9,250.000,21,249.000,20,248.000,9,258.000,20,259.000,30,260.000,9,262.000,29,264.000,20,0,31,
121604179000,252.000,1,252.000,7,251.000,9,250.000,21,249.000,20,248.000,9,258.000,29,259.000,30,260.000,9,262.000,29,264.000,20,0,31,
121604506000,252.000,1,252.000,7,251.000,9,250.000,21,249.000,20,248.000,9,258.000,29,259.000,30,262.000,29,264.000,20,320.000,1,0,31,
121604868000,252.000,1,252.000,7,251.000,9,249.000,20,248.000,9,247.000,20,258.000,29,259.000,9,262.000,29,264.000,20,320.000,1,0,31,
121604868000,252.000,1,252.000,7,251.000,9,250.000,21,249.000,20,248.000,9,258.000,50,259.000,9,262.000,29,264.000,20,320.000,1,0,31,
121604930000,252.000,1,252.000,7,251.000,9,250.000,21,249.000,20,248.000,9,258.000,30,259.000,9,262.000,29,264.000,20,320.000,1,0,31,
121604930000,252.000,1,252.000,7,251.000,9,250.000,21,249.000,20,248.000,9,258.000,30,259.000,29,262.000,29,264.000,20,320.000,1,0,31,
121604961000,252.000,1,252.000,7,251.000,9,250.000,21,249.000,20,248.000,9,258.000,30,259.000,29,262.000,49,264.000,20,320.000,1,0,31,
121607970000,252.000,1,252.000,7,251.000,9,250.000,21,249.000,20,248.000,9,258.000,30,259.000,9,262.000,49,264.000,20,320.000,1,0,31,
121607970000,252.000,1,252.000,7,251.000,9,250.000,21,249.000,20,248.000,9,258.000,30,259.000,9,260.000,20,262.000,49,264.000,20,0,31,
121608000000,252.000,1,252.000,7,251.000,9,250.000,21,248.000,9,247.000,40,258.000,30,259.000,9,260.000,20,262.000,49,320.000,1,0,31,
121608000000,252.000,1,252.000,7,251.000,9,250.000,41,248.000,9,247.000,40,258.000,30,259.000,9,260.000,20,262.000,49,270.000,20,0,31,
121608094000,252.000,1,252.000,7,251.000,9,250.000,41,248.000,9,247.000,40,258.000,30,259.000,9,262.000,49,270.000,20,320.000,1,0,31,
121608469000,252.000,1,252.000,7,251.000,9,250.000,41,248.000,9,247.000,40,258.000,30,259.000,29,262.000,49,270.000,20,320.000,1,0,31,
121608844000,252.000,1,252.000,7,251.000,9,250.000,41,248.000,9,247.000,40,258.000,30,259.000,9,262.000,49,270.000,20,320.000,1,0,31,
121608992000,252.000,1,252.000,7,251.000,9,250.000,20,248.000,9,247.000,40,258.000,9,259.000,9,262.000,49,270.000,20,320.000,1,0,31,
121608992000,252.000,1,252.000,7,251.000,30,250.000,20,248.000,9,247.000,40,258.000,30,259.000,9,262.000,49,270.000,20,320.000,1,0,31,
121608992000,252.000,1,252.000,7,251.000,30,250.000,20,248.000,9,247.000,40,258.000,30,259.000,9,262.000,58,270.000,20,320.000,1,0,31,
121608992000,252.000,1,252.000,7,251.000,30,250.000,20,248.000,9,247.000,40,258.000,21,259.000,9,262.000,58,270.000,20,320.000,1,0,31,
121608992000,252.000,1,252.000,7,251.000,30,250.000,20,248.000,9,247.000,40,258.000,30,259.000,9,262.000,58,270.000,20,320.000,1,0,31,
121609002000,252.000,1,252.000,7,251.000,30,250.000,20,248.000,9,247.000,40,258.000,30,259.000,9,260.000,20,262.000,58,270.000,20,0,31,
121609006000,252.000,1,252.000,7,251.000,30,250.000,20,248.000,9,247.000,40,258.000,30,259.000,9,260.000,20,262.000,49,270.000,20,0,31,
121609372000,252.000,1,252.000,7,251.000,30,250.000,20,248.000,9,247.000,40,258.000,30,259.000,9,262.000,49,270.000,20,320.000,1,0,31,
121609612000,252.000,1,252.000,7,251.000,30,250.000,20,248.000,9,247.000,40,258.000,30,259.000,29,262.000,49,270.000,20,320.000,1,0,31,
121610610000,252.000,1,252.000,7,251.000,9,250.000,20,248.000,9,247.000,40,258.000,9,259.000,29,262.000,49,270.000,20,320.000,1,0,31,
121610610000,252.000,1,252.000,7,251.000,9,250.000,41,248.000,9,247.000,40,258.000,30,259.000,29,262.000,49,270.000,20,320.000,1,0,31,
121610610000,252.000,1,252.000,7,251.000,9,250.000,41,248.000,9,247.000,40,258.000,21,259.000,29,262.000,49,270.000,20,320.000,1,0,31,
121610611000,252.000,1,252.000,7,251.000,9,250.000,41,248.000,9,247.000,40,258.000,30,259.000,29,262.000,49,270.000,20,320.000,1,0,31,
121611471000,252.000,1,252.000,7,251.000,9,250.000,41,248.000,9,247.000,40,258.000,30,259.000,9,262.000,49,270.000,20,320.000,1,0,31,
121611471000,252.000,1,252.000,7,251.000,9,250.000,41,248.000,9,247.000,40,258.000,30,259.000,9,260.000,20,262.000,49,270.000,20,0,31,
121612971000,252.000,1,252.000,7,251.000,9,250.000,41,248.000,9,247.000,40,258.000,30,259.000,9,262.000,49,270.000,20,320.000,1,0,31,
121612971000,252.000,1,252.000,7,251.000,9,250.000,41,248.000,9,247.000,40,258.000,30,259.000,29,262.000,49,270.000,20,320.000,1,0,31,
121613096000,252.000,1,252.000,7,251.000,9,250.000,41,248.000,9,247.000,40,258.000,30,259.000,9,262.000,49,270.000,20,320.000,1,0,31,
121613471000,252.000,1,252.000,7,251.000,9,250.000,41,248.000,9,247.000,40,258.000,30,259.000,29,262.000,49,270.000,20,320.000,1,0,31,
121614998000,252.000,1,252.000,7,251.000,9,250.000,20,248.000,9,247.000,40,258.000,9,259.000,29,262.000,49,270.000,20,320.000,1,0,31,
121614998000,252.000,1,252.000,7,251.000,30,250.000,20,248.000,9,247.000,40,258.000,30,259.000,29,262.000,49,270.000,20,320.000,1,0,31,
121614998000,252.000,1,252.000,7,251.000,30,250.000,20,248.000,9,247.000,40,258.000,21,259.000,29,262.000,49,270.000,20,320.000,1,0,31,
121614999000,252.000,1,252.000,7,251.000,30,250.000,20,248.000,9,247.000,40,258.000,30,259.000,29,262.000,49,270.000,20,320.000,1,0,31,
121615269000,252.000,1,252.000,7,251.000,30,250.000,20,248.000,9,247.000,40,258.000,30,259.000,9,262.000,49,270.000,20,320.000,1,0,31,
121615269000,252.000,1,252.000,7,251.000,30,250.000,20,248.000,9,247.000,40,258.000,30,259.000,9,260.000,20,262.000,49,270.000,20,0,31,
121615780000,252.000,1,252.000,7,251.000,30,250.000,20,248.000,9,247.000,20,258.000,30,259.000,9,260.000,20,262.000,29,270.000,20,0,31,
121616497000,252.000,1,252.000,7,251.000,30,250.000,20,248.000,29,247.000,20,258.000,30,259.000,9,260.000,20,262.000,29,263.000,20,0,31,
121616842000,252.000,1,252.000,7,251.000,30,250.000,20,248.000,9,247.000,20,258.000,30,259.000,9,260.000,20,262.000,29,270.000,20,0,31,
121616892000,252.000,1,252.000,7,251.000,30,250.000,20,248.000,9,247.000,20,258.000,30,259.000,9,262.000,29,270.000,20,320.000,1,0,31,
121616892000,252.000,1,252.000,7,251.000,30,250.000,20,248.000,9,247.000,20,258.000,30,259.000,29,262.000,29,270.000,20,320.000,1,0,31,
121617244000,252.000,1,252.000,7,251.000,30,248.000,9,247.000,20,244.000,20,258.000,30,259.000,29,262.000,29,320.000,1,400.000,1,0,31,
121617244000,252.000,1,252.000,7,251.000,30,249.000,20,248.000,9,247.000,20,258.000,30,259.000,29,262.000,29,264.000,20,320.000,1,0,31,
121617348000,252.000,1,252.000,7,251.000,9,249.000,20,248.000,9,247.000,20,258.000,9,259.000,29,262.000,29,264.000,20,320.000,1,0,31,
121617348000,252.000,1,252.000,7,251.000,9,250.000,21,249.000,20,248.000,9,257.000,21,258.000,9,259.000,29,262.000,29,264.000,20,0,31,
121617348000,252.000,1,252.000,7,251.000,9,250.000,21,249.000,20,248.000,9,257.000,21,259.000,29,262.000,29,264.000,20,320.000,1,0,31,
121617348000,252.000,1,252.000,7,251.000,9,250.000,21,249.000,20,248.000,9,257.000,30,259.000,29,262.000,29,264.000,20,320.000,1,0,31,
121617384000,252.000,1,252.000,7,251.000,9,250.000,21,249.000,20,248.000,9,257.000,30,259.000,9,262.000,29,264.000,20,320.000,1,0,31,
121617394000,252.000,1,252.000,7,251.000,9,250.000,21,249.000,20,248.000,9,257.000,30,258.000,20,259.000,9,262.000,29,264.000,20,0,31,
121617547000,252.000,1,252.000,7,251.000,9,250.000,21,249.000,20,248.000,9,257.000,30,258.000,20,259.000,9,261.000,20,262.000,29,0,31,
121619982000,252.000,1,252.000,7,251.000,9,250.000,21,249.000,20,247.000,20,257.000,30,258.000,20,259.000,9,261.000,20,262.000,29,0,31,
121619993000,252.000,1,252.000,7,251.000,9,250.000,21,247.000,20,246.000,29,257.000,30,258.000,20,259.000,9,261.000,20,262.000,29,0,31,
121619993000,252.000,1,252.000,7,251.000,9,250.000,21,248.000,20,247.000,20,257.000,30,258.000,20,259.000,9,261.000,20,262.000,29,0,31,
121623041000,252.000,1,252.000,7,251.000,9,250.000,21,248.000,20,247.000,20,257.000,30,259.000,9,261.000,20,262.000,29,263.000,20,0,31,
121623041000,252.000,1,252.000,7,251.000,9,250.000,21,248.000,20,247.000,20,257.000,30,259.000,29,261.000,20,262.000,29,263.000,20,0,31,
121623291000,252.000,1,252.000,7,251.000,9,250.000,21,248.000,20,247.000,20,257.000,30,259.000,9,261.000,20,262.000,29,263.000,20,0,31,
121623665000,252.000,1,252.000,7,251.000,9,250.000,21,248.000,20,247.000,20,257.000,30,258.000,20,259.000,9,261.000,20,262.000,29,0,31,
121626875000,252.000,1,252.000,2,251.000,9,250.000,21,248.000,20,247.000,20,257.000,30,258.000,20,259.000,9,261.000,20,262.000,29,0,31,
121626875000,252.000,1,252.000,2,251.000,9,250.000,21,248.000,20,246.000,29,257.000,30,258.000,20,259.000,9,261.000,20,262.000,9,0,31,
121626875000,252.000,1,252.000,2,251.000,9,250.000,21,248.000,20,246.000,29,257.000,30,258.000,20,259.000,9,261.000,20,263.000,20,0,31,
121626875000,252.000,1,252.000,2,251.000,9,250.000,21,248.000,20,246.000,9,257.000,30,258.000,20,259.000,9,263.000,20,320.000,1,0,31,
121626875000,252.000,1,252.000,2,251.000,9,250.000,21,248.000,20,246.000,9,257.000,30,258.000,20,259.000,9,260.000,9,263.000,20,0,31,
121627007000,252.000,1,252.000,2,251.000,9,250.000,21,248.000,20,246.000,9,257.000,30,258.000,20,259.000,9,260.000,29,263.000,20,0,31,
121627260000,252.000,1,252.000,2,251.000,9,250.000,21,248.000,20,246.000,29,257.000,30,258.000,20,259.000,9,260.000,29,261.000,20,0,31,
121627909000,252.000,1,252.000,7,251.000,9,250.000,21,248.000,20,246.000,29,257.000,30,258.000,20,259.000,9,260.000,29,261.000,20,0,31,
121627995000,252.000,1,252.000,7,251.000,9,250.000,21,248.000,20,246.000,29,257.000,30,259.000,9,260.000,29,261.000,20,263.000,20,0,31,
121627995000,252.000,1,252.000,7,251.000,9,250.000,21,248.000,20,246.000,29,257.000,30,259.000,29,260.000,29,261.000,20,263.000,20,0,31,
121629368000,252.000,1,252.000,7,251.000,9,250.000,21,248.000,20,246.000,29,257.000,30,259.000,9,260.000,29,261.000,20,263.000,20,0,31,
121629368000,252.000,1,252.000,7,251.000,9,250.000,21,248.000,20,246.000,29,257.000,30,258.000,20,259.000,9,260.000,29,261.000,20,0,31,
121632181000,252.000,1,252.000,7,251.000,9,250.000,21,248.000,20,246.000,29,257.000,30,259.000,9,260.000,29,261.000,20,263.000,20,0,31,
121632181000,252.000,1,252.000,7,251.000,9,250.000,21,248.000,20,246.000,29,257.000,30,259.000,29,260.000,29,261.000,20,263.000,20,0,31,
121632811000,252.000,1,252.000,7,251.000,9,250.000,21,248.000,20,246.000,29,257.000,30,259.000,9,260.000,29,261.000,20,263.000,20,0,31,
121632811000,252.000,1,252.000,7,251.000,9,250.000,21,248.000,20,246.000,29,257.000,30,258.000,20,259.000,9,260.000,29,261.000,20,0,31,
121632935000,252.000,1,252.000,7,251.000,9,250.000,21,248.000,20,246.000,29,257.000,30,259.000,9,260.000,29,261.000,20,263.000,20,0,31,
121633309000,252.000,1,252.000,7,251.000,9,250.000,21,248.000,20,246.000,29,257.000,30,259.000,29,260.000,29,261.000,20,263.000,20,0,31,
121633809000,252.000,1,252.000,7,251.000,9,250.000,21,248.000,20,246.000,29,257.000,30,259.000,9,260.000,29,261.000,20,263.000,20,0,31,
121633819000,252.000,1,252.000,7,251.000,9,250.000,21,248.000,20,246.000,29,257.000,30,258.000,20,259.000,9,260.000,29,261.000,20,0,31,
121637281000,252.000,1,252.000,2,251.000,9,250.000,21,248.000,20,246.000,29,257.000,30,258.000,20,259.000,9,260.000,29,261.000,20,0,31,
121637368000,252.000,1,252.000,2,251.000,9,250.000,21,246.000,29,245.000,20,257.000,30,258.000,20,259.000,9,260.000,29,261.000,20,0,31,
121637368000,252.000,1,252.000,2,251.000,9,250.000,21,247.000,20,246.000,29,257.000,30,258.000,20,259.000,9,260.000,29,261.000,20,0,31,
121637514000,252.000,1,252.000,2,251.000,9,250.000,21,247.000,20,246.000,29,257.000,30,259.000,9,260.000,29,261.000,20,262.000,20,0,31,
121637514000,252.000,1,252.000,2,251.000,9,250.000,21,247.000,20,246.000,29,257.000,50,259.000,9,260.000,29,261.000,20,262.000,20,0,31,
121637622000,252.000,1,252.000,2,251.000,9,247.000,20,246.000,29,245.000,20,257.000,29,259.000,9,260.000,29,261.000,20,262.000,20,0,31,
121637622000,252.000,1,252.000,2,251.000,9,249.000,21,247.000,20,246.000,29,257.000,50,259.000,9,260.000,29,261.000,20,262.000,20,0,31,
121637639000,252.000,1,252.000,2,251.000,9,249.000,21,247.000,20,246.000,29,257.000,30,259.000,9,260.000,29,261.000,20,262.000,20,0,31,
121638138000,252.000,1,252.000,2,251.000,9,249.000,21,247.000,20,246.000,29,257.000,50,259.000,9,260.000,29,261.000,20,262.000,20,0,31,
121639873000,252.000,1,252.000,2,251.000,9,249.000,21,247.000,20,246.000,29,257.000,30,259.000,9,260.000,29,261.000,20,262.000,20,0,31,
121639873000,252.000,1,252.000,2,251.000,9,249.000,21,247.000,20,246.000,29,257.000,30,258.000,20,259.000,9,260.000,29,261.000,20,0,31,
121640090000,252.000,1,252.000,7,251.000,9,249.000,21,247.000,20,246.000,29,257.000,30,258.000,20,259.000,9,260.000,29,261.000,20,0,31,
121640118000,252.000,1,252.000,7,251.000,9,249.000,21,246.000,29,245.000,20,257.000,30,258.000,20,259.000,9,260.000,29,261.000,20,0,31,
121640118000,252.000,1,252.000,7,251.000,9,249.000,21,248.000,20,246.000,29,257.000,30,258.000,20,259.000,9,260.000,29,261.000,20,0,31,
121641743000,252.000,1,252.000,7,251.000,9,249.000,21,246.000,29,245.000,20,257.000,30,258.000,20,259.000,9,260.000,29,261.000,20,0,31,
121641743000,252.000,1,252.000,7,251.000,9,249.000,21,247.000,20,246.000,29,257.000,30,258.000,20,259.000,9,260.000,29,261.000,20,0,31,
121641837000,252.000,1,252.000,7,251.000,9,249.000,21,247.000,20,246.000,29,257.000,30,259.000,9,260.000,29,261.000,20,262.000,20,0,31,
121641837000,252.000,1,252.000,7,251.000,9,249.000,21,247.000,20,246.000,29,257.000,50,259.000,9,260.000,29,261.000,20,262.000,20,0,31,
121642242000,252.000,1,252.000,7,251.000,9,249.000,21,247.000,20,246.000,29,257.000,30,259.000,9,260.000,29,261.000,20,262.000,20,0,31,
121642366000,252.000,1,252.000,7,251.000,9,249.000,21,247.000,20,246.000,29,257.000,30,258.000,20,259.000,9,260.000,29,261.000,20,0,31,
121643368000,252.000,1,252.000,7,251.000,9,249.000,21,246.000,29,245.000,20,257.000,30,258.000,20,259.000,9,260.000,29,261.000,20,0,31,
121643368000,252.000,1,252.000,7,251.000,9,249.000,21,248.000,20,246.000,29,257.000,30,258.000,20,259.000,9,260.000,29,261.000,20,0,31,
121645367000,252.000,1,252.000,7,251.000,9,249.000,21,248.000,20,246.000,29,257.000,30,259.000,9,260.000,29,261.000,20,263.000,20,0,31,
121645367000,252.000,1,252.000,7,251.000,9,249.000,21,248.000,20,246.000,29,257.000,50,259.000,9,260.000,29,261.000,20,263.000,20,0,31,
121645491000,252.000,1,252.000,7,251.000,9,249.000,21,248.000,20,246.000,29,257.000,30,259.000,9,260.000,29,261.000,20,263.000,20,0,31,
121645779000,252.000,1,252.000,2,251.000,9,249.000,21,248.000,20,246.000,29,257.000,30,259.000,9,260.000,29,261.000,20,263.000,20,0,31,
121645867000,252.000,1,252.000,2,251.000,9,249.000,21,248.000,20,246.000,29,257.000,50,259.000,9,260.000,29,261.000,20,263.000,20,0,31,
121646910000,252.000,1,252.000,2,251.000,9,249.000,21,248.000,20,246.000,29,257.000,30,259.000,9,260.000,29,261.000,20,263.000,20,0,31,
121646910000,252.000,1,252.000,2,251.000,9,249.000,21,248.000,20,246.000,29,257.000,30,258.000,20,259.000,9,260.000,29,261.000,20,0,31,
121647300000,252.000,1,252.000,2,251.000,9,249.000,21,248.000,20,246.000,9,257.000,30,258.000,20,259.000,9,260.000,29,263.000,20,0,31,
121647383000,252.000,1,252.000,11,251.000,9,249.000,21,248.000,20,246.000,9,257.000,30,258.000,20,259.000,9,260.000,29,263.000,20,0,31,
121647505000,252.000,1,252.000,11,251.000,9,249.000,21,248.000,20,247.000,20,257.000,30,258.000,20,259.000,9,260.000,29,262.000,20,0,31,
121650063000,252.000,1,252.000,11,251.000,9,249.000,21,247.000,20,246.000,9,257.000,30,258.000,20,259.000,9,260.000,29,262.000,20,0,31,
121650063000,252.000,1,252.000,11,251.000,9,249.000,41,247.000,20,246.000,9,257.000,30,258.000,20,259.000,9,260.000,29,262.000,20,0,31,
121707600000,252.000,1,252.000,11,251.000,9,249.000,41,246.000,9,245.000,20,257.000,30,258.000,20,259.000,9,260.000,29,264.000,20,0,31,
121708234000,252.000,1,252.000,11,251.000,9,249.000,41,247.000,20,246.000,9,257.000,30,258.000,20,259.000,9,260.000,29,262.000,20,0,31,
121710528000,252.000,1,252.000,11,251.000,9,249.000,20,247.000,20,246.000,9,257.000,9,258.000,20,259.000,9,260.000,29,262.000,20,0,31,
121710528000,252.000,1,252.000,11,251.000,9,250.000,21,249.000,20,247.000,20,257.000,9,258.000,41,259.000,9,260.000,29,262.000,20,0,31,
121710536000,252.000,1,252.000,11,251.000,9,250.000,21,249.000,20,247.000,20,258.000,41,259.000,9,260.000,29,262.000,20,264.000,20,0,31,
121710536000,252.000,1,252.000,11,251.000,9,250.000,21,249.000,20,247.000,20,258.000,50,259.000,9,260.000,29,262.000,20,264.000,20,0,31,
121710537000,252.000,1,252.000,11,251.000,9,250.000,21,249.000,20,247.000,20,258.000,30,259.000,9,260.000,29,262.000,20,264.000,20,0,31,
121710537000,252.000,1,252.000,11,251.000,9,250.000,21,249.000,20,247.000,20,258.000,30,259.000,29,260.000,29,262.000,20,264.000,20,0,31,
121710538000,252.000,1,252.000,11,251.000,9,250.000,21,249.000,20,247.000,20,258.000,30,259.000,29,260.000,9,262.000,20,264.000,20,0,31,
121710620000,252.000,1,252.000,11,251.000,9,250.000,21,247.000,20,246.000,9,258.000,30,259.000,29,260.000,9,262.000,20,320.000,1,0,31,
121710620000,252.000,1,252.000,11,251.000,9,250.000,41,247.000,20,246.000,9,258.000,30,259.000,29,260.000,9,262.000,20,270.000,20,0,31,
121710636000,252.000,1,252.000,11,251.000,9,250.000,20,247.000,20,246.000,9,258.000,9,259.000,29,260.000,9,262.000,20,270.000,20,0,31,
121710636000,252.000,1,252.000,11,251.000,30,250.000,20,247.000,20,246.000,9,258.000,30,259.000,29,260.000,9,262.000,20,270.000,20,0,31,
121710636000,252.000,1,252.000,11,251.000,30,250.000,20,247.000,20,246.000,9,258.000,21,259.000,29,260.000,9,262.000,20,270.000,20,0,31,
121710655000,252.000,1,252.000,11,251.000,30,250.000,20,247.000,20,246.000,9,258.000,30,259.000,29,260.000,9,262.000,20,270.000,20,0,31,
121710703000,252.000,1,252.000,11,251.000,30,250.000,20,247.000,40,246.000,9,258.000,30,259.000,29,260.000,9,262.000,40,270.000,20,0,31,
121715016000,252.000,1,252.000,11,251.000,30,250.000,20,247.000,40,246.000,9,258.000,30,259.000,29,262.000,40,270.000,20,320.000,1,0,31,
121715016000,252.000,1,252.000,11,251.000,30,250.000,20,247.000,40,246.000,9,258.000,30,259.000,29,262.000,49,270.000,20,320.000,1,0,31,
121722459000,252.000,1,252.000,11,251.000,9,250.000,20,247.000,40,246.000,9,258.000,9,259.000,29,262.000,49,270.000,20,320.000,1,0,31,
121722459000,252.000,1,252.000,32,251.000,9,250.000,20,247.000,40,246.000,9,258.000,9,259.000,50,262.000,49,270.000,20,320.000,1,0,31,
121722459000,252.000,1,252.000,32,251.000,9,250.000,20,247.000,40,244.000,20,258.000,9,259.000,50,262.000,49,270.000,20,320.000,1,0,31,
121722459000,252.000,1,252.000,32,251.000,9,250.000,20,247.000,40,86.000,1,258.000,9,259.000,30,262.000,49,270.000,20,320.000,1,0,31,
121722459000,252.000,1,252.000,32,251.000,9,250.000,20,247.000,40,245.000,20,258.000,9,259.000,30,260.000,20,262.000,49,270.000,20,0,31,
121722463000,252.000,1,252.000,32,251.000,9,250.000,20,247.000,40,245.000,20,259.000,30,260.000,20,262.000,49,270.000,20,320.000,1,0,31,
121722463000,252.000,1,252.000,32,251.000,9,250.000,20,248.000,9,247.000,40,259.000,30,260.000,20,262.000,49,270.000,20,320.000,1,0,31,
121722480000,252.000,1,252.000,32,251.000,9,250.000,20,248.000,9,247.000,20,259.000,30,260.000,20,262.000,29,270.000,20,320.000,1,0,31,
121722495000,252.000,1,252.000,32,251.000,9,248.000,9,247.000,20,245.000,20,259.000,30,260.000,20,262.000,29,320.000,1,400.000,1,0,31,
121722495000,252.000,1,252.000,32,251.000,29,248.000,9,247.000,20,245.000,20,259.000,30,260.000,20,262.000,29,271.000,20,320.000,1,0,31,
121722641000,252.000,1,252.000,11,251.000,29,248.000,9,247.000,20,245.000,20,259.000,9,260.000,20,262.000,29,271.000,20,320.000,1,0,31,
121722641000,252.000,1,252.000,32,251.000,29,248.000,9,247.000,20,245.000,20,259.000,9,260.000,41,262.000,29,271.000,20,320.000,1,0,31,
121722642000,252.000,1,252.000,32,251.000,29,248.000,9,247.000,20,245.000,20,260.000,41,262.000,29,271.000,20,320.000,1,400.000,1,0,31,
121722814000,252.000,1,252.000,32,251.000,29,248.000,9,247.000,20,245.000,20,260.000,50,262.000,29,271.000,20,320.000,1,400.000,1,0,31,
121723565000,252.000,1,252.000,32,251.000,29,248.000,9,247.000,20,86.000,1,260.000,30,262.000,29,271.000,20,320.000,1,400.000,1,0,31,
121723565000,252.000,1,252.000,32,251.000,29,248.000,9,247.000,20,244.000,20,259.000,20,260.000,30,262.000,29,271.000,20,320.000,1,0,31,
121723566000,252.000,1,252.000,32,251.000,29,248.000,9,247.000,20,244.000,20,259.000,29,260.000,30,262.000,29,271.000,20,320.000,1,0,31,
121723815000,252.000,1,252.000,32,251.000,29,248.000,9,247.000,20,86.000,1,259.000,9,260.000,30,262.000,29,271.000,20,320.000,1,0,31,
121723815000,252.000,1,252.000,32,251.000,29,248.000,9,247.000,20,86.000,1,260.000,30,262.000,29,271.000,20,320.000,1,400.000,1,0,31,
121724137000,252.000,1,252.000,32,251.000,29,248.000,9,247.000,20,244.000,20,259.000,20,260.000,30,262.000,29,271.000,20,320.000,1,0,31,
121724137000,252.000,1,252.000,32,251.000,29,248.000,9,247.000,20,244.000,20,259.000,29,260.000,30,262.000,29,271.000,20,320.000,1,0,31,
121724262000,252.000,1,252.000,32,251.000,29,248.000,9,247.000,20,86.000,1,259.000,9,260.000,30,262.000,29,271.000,20,320.000,1,0,31,
121724262000,252.000,1,252.000,32,251.000,29,248.000,9,247.000,20,86.000,1,260.000,30,262.000,29,271.000,20,320.000,1,400.000,1,0,31,
121724637000,252.000,1,252.000,32,251.000,29,248.000,9,247.000,20,245.000,20,260.000,50,262.000,29,271.000,20,320.000,1,400.000,1,0,31,
121725244000,252.000,1,252.000,32,251.000,29,248.000,9,247.000,20,86.000,1,260.000,30,262.000,29,271.000,20,320.000,1,400.000,1,0,31,
121725244000,252.000,1,252.000,32,251.000,29,248.000,9,247.000,20,244.000,20,259.000,20,260.000,30,262.000,29,271.000,20,320.000,1,0,31,
121725244000,252.000,1,252.000,32,251.000,29,248.000,9,247.000,20,244.000,20,259.000,29,260.000,30,262.000,29,271.000,20,320.000,1,0,31,
121725490000,252.000,1,252.000,32,251.000,29,248.000,29,247.000,20,244.000,20,259.000,29,260.000,30,262.000,29,263.000,20,271.000,20,0,31,
121725643000,252.000,1,252.000,11,251.000,29,248.000,29,247.000,20,244.000,20,259.000,29,260.000,9,262.000,29,263.000,20,271.000,20,0,31,
121725643000,252.000,1,252.000,32,251.000,29,248.000,29,247.000,20,244.000,20,259.000,50,260.000,9,262.000,29,263.000,20,271.000,20,0,31,
121726245000,252.000,1,252.000,32,251.000,29,248.000,29,247.000,20,86.000,1,259.000,30,260.000,9,262.000,29,263.000,20,271.000,20,0,31,
121726245000,252.000,1,252.000,32,251.000,29,248.000,29,247.000,20,245.000,20,259.000,30,260.000,29,262.000,29,263.000,20,271.000,20,0,31,
121726643000,252.000,1,252.000,11,251.000,29,248.000,29,247.000,20,245.000,20,259.000,9,260.000,29,262.000,29,263.000,20,271.000,20,0,31,
121726643000,252.000,1,252.000,32,251.000,29,248.000,29,247.000,20,245.000,20,259.000,9,260.000,50,262.000,29,263.000,20,271.000,20,0,31,
121726643000,252.000,1,252.000,32,251.000,29,248.000,29,247.000,20,245.000,20,260.000,50,262.000,29,263.000,20,271.000,20,320.000,1,0,31,
121744034000,252.000,1,252.000,11,251.000,29,248.000,29,247.000,20,245.000,20,260.000,29,262.000,29,263.000,20,271.000,20,320.000,1,0,31,
121744034000,252.000,1,252.000,32,251.000,29,248.000,29,247.000,20,245.000,20,259.000,21,260.000,29,262.000,29,263.000,20,271.000,20,0,31,
121744034000,252.000,1,252.000,32,251.000,29,248.000,29,247.000,20,245.000,20,259.000,30,260.000,29,262.000,29,263.000,20,271.000,20,0,31,
121745500000,252.000,1,252.000,32,251.000,29,248.000,9,247.000,20,245.000,20,259.000,30,260.000,29,262.000,29,271.000,20,320.000,1,0,31,
121746514000,252.000,1,252.000,32,251.000,29,248.000,29,247.000,20,245.000,20,259.000,30,260.000,29,262.000,29,263.000,20,271.000,20,0,31,
121747124000,252.000,1,252.000,32,251.000,29,248.000,29,247.000,20,86.000,1,259.000,30,260.000,9,262.000,29,263.000,20,271.000,20,0,31,
121747124000,252.000,1,252.000,32,251.000,29,248.000,29,247.000,20,244.000,20,259.000,50,260.000,9,262.000,29,263.000,20,271.000,20,0,31,
121747135000,252.000,1,252.000,32,251.000,29,248.000,9,247.000,20,244.000,20,259.000,50,260.000,9,262.000,29,271.000,20,320.000,1,0,31,
121747243000,252.000,1,252.000,32,251.000,9,248.000,9,247.000,20,244.000,20,259.000,50,260.000,9,262.000,29,320.000,1,400.000,1,0,31,
121747243000,252.000,1,252.000,32,251.000,9,250.000,20,248.000,9,247.000,20,259.000,50,260.000,9,262.000,29,270.000,20,320.000,1,0,31,
121748474000,252.000,1,252.000,32,251.000,9,250.000,20,248.000,9,247.000,20,259.000,30,260.000,9,262.000,29,270.000,20,320.000,1,0,31,
121748474000,252.000,1,252.000,32,251.000,9,250.000,20,248.000,9,247.000,20,259.000,30,260.000,29,262.000,29,270.000,20,320.000,1,0,31,
121748493000,252.000,1,252.000,32,251.000,9,248.000,9,247.000,20,245.000,20,259.000,30,260.000,29,262.000,29,320.000,1,400.000,1,0,31,
121748493000,252.000,1,252.000,32,251.000,29,248.000,9,247.000,20,245.000,20,259.000,30,260.000,29,262.000,29,271.000,20,320.000,1,0,31,
121748519000,252.000,1,252.000,32,251.000,29,248.000,29,247.000,20,245.000,20,259.000,30,260.000,29,262.000,29,263.000,20,271.000,20,0,31,
121751508000,252.000,1,252.000,32,251.000,29,248.000,9,247.000,20,245.000,20,259.000,30,260.000,29,262.000,29,271.000,20,320.000,1,0,31,
121751609000,252.000,1,252.000,32,251.000,29,248.000,9,247.000,20,86.000,1,259.000,30,260.000,9,262.000,29,271.000,20,320.000,1,0,31,
121751609000,252.000,1,252.000,32,251.000,29,248.000,9,247.000,20,246.000,20,259.000,30,260.000,9,261.000,20,262.000,29,271.000,20,0,31,
121751618000,252.000,1,252.000,32,251.000,29,249.000,20,248.000,9,247.000,20,259.000,30,260.000,9,261.000,20,262.000,29,264.000,20,0,31,
121751619000,252.000,1,252.000,32,251.000,9,249.000,20,248.000,9,247.000,20,259.000,30,260.000,9,261.000,20,262.000,29,264.000,20,0,31,
121751619000,252.000,1,252.000,32,251.000,9,250.000,20,249.000,20,248.000,9,259.000,30,260.000,9,261.000,20,262.000,29,264.000,20,0,31,
121751654000,252.000,1,252.000,11,251.000,9,250.000,20,249.000,20,248.000,9,259.000,9,260.000,9,261.000,20,262.000,29,264.000,20,0,31,
121751654000,252.000,1,252.000,32,251.000,9,250.000,20,249.000,20,248.000,9,259.000,9,260.000,30,261.000,20,262.000,29,264.000,20,0,31,
121751654000,252.000,1,252.000,32,251.000,9,250.000,20,249.000,20,248.000,9,260.000,30,261.000,20,262.000,29,264.000,20,270.000,20,0,31,
121751654000,252.000,1,252.000,32,251.000,9,250.000,20,249.000,20,248.000,9,260.000,30,261.000,29,262.000,29,264.000,20,270.000,20,0,31,
121752620000,252.000,1,252.000,32,251.000,9,250.000,20,249.000,20,248.000,9,260.000,30,261.000,29,262.000,20,264.000,20,270.000,20,0,31,
121752623000,252.000,1,252.000,32,251.000,9,250.000,20,248.000,9,247.000,20,260.000,30,261.000,29,262.000,20,270.000,20,320.000,1,0,31,
121752742000,252.000,1,252.000,32,251.000,9,250.000,20,248.000,9,247.000,20,260.000,30,261.000,29,262.000,20,264.000,9,270.000,20,0,31,
121752884000,252.000,1,252.000,11,251.000,9,250.000,20,248.000,9,247.000,20,260.000,9,261.000,29,262.000,20,264.000,9,270.000,20,0,31,
121752884000,252.000,1,253.000,21,252.000,11,251.000,9,250.000,20,248.000,9,260.000,9,261.000,50,262.000,20,264.000,9,270.000,20,0,31,
121752887000,252.000,1,253.000,21,252.000,11,251.000,9,250.000,20,248.000,9,260.000,9,261.000,50,264.000,9,270.000,20,320.000,1,0,31,
121752889000,252.000,1,253.000,21,252.000,11,251.000,9,250.000,20,248.000,9,260.000,9,261.000,30,264.000,9,270.000,20,320.000,1,0,31,
121752889000,252.000,1,253.000,21,252.000,11,251.000,9,250.000,20,248.000,9,260.000,9,261.000,30,262.000,20,264.000,9,270.000,20,0,31,
121752889000,252.000,1,253.000,21,252.000,11,251.000,9,250.000,20,247.000,20,260.000,9,261.000,30,262.000,20,264.000,9,270.000,20,0,31,
121752889000,252.000,1,253.000,30,252.000,11,251.000,9,250.000,20,247.000,20,260.000,9,261.000,30,262.000,20,264.000,9,270.000,20,0,31,
121752889000,252.000,1,253.000,30,252.000,11,251.000,9,250.000,20,247.000,20,261.000,30,262.000,20,264.000,9,270.000,20,320.000,1,0,31,
121752995000,252.000,1,253.000,30,252.000,11,251.000,9,247.000,20,86.000,1,261.000,30,262.000,20,264.000,9,320.000,1,400.000,1,0,31,
121752995000,252.000,1,253.000,30,252.000,11,251.000,29,247.000,20,86.000,1,261.000,30,262.000,20,264.000,9,271.000,20,320.000,1,0,31,
121753007000,252.000,1,253.000,30,252.000,11,251.000,29,249.000,20,247.000,20,261.000,30,262.000,20,264.000,29,271.000,20,320.000,1,0,31,
121753007000,252.000,1,253.000,30,252.000,11,251.000,20,249.000,20,247.000,20,261.000,30,262.000,20,264.000,29,271.000,20,320.000,1,0,31,
121753262000,252.000,1,253.000,30,252.000,11,251.000,20,249.000,20,86.000,1,261.000,30,264.000,29,271.000,20,320.000,1,400.000,1,0,31,
121753386000,252.000,1,253.000,30,252.000,11,251.000,20,249.000,20,246.000,20,261.000,50,264.000,29,271.000,20,320.000,1,400.000,1,0,31,
121753718000,252.000,1,253.000,30,252.000,11,251.000,20,250.000,9,249.000,20,261.000,50,264.000,29,271.000,20,320.000,1,400.000,1,0,31,
121753868000,252.000,1,253.000,30,252.000,11,250.000,9,249.000,20,246.000,20,261.000,50,264.000,29,320.000,1,400.000,1,414.000,1,0,31,
121753868000,252.000,1,253.000,30,252.000,11,250.000,29,249.000,20,246.000,20,261.000,50,264.000,29,270.000,20,320.000,1,400.000,1,0,31,
121754368000,252.000,1,253.000,30,252.000,11,250.000,29,249.000,20,86.000,1,261.000,30,264.000,29,270.000,20,320.000,1,400.000,1,0,31,
121754368000,252.000,1,253.000,30,252.000,11,250.000,29,249.000,20,245.000,20,260.000,20,261.000,30,264.000,29,270.000,20,320.000,1,0,31,
121754368000,252.000,1,253.000,30,252.000,11,250.000,29,249.000,20,245.000,20,260.000,29,261.000,30,264.000,29,270.000,20,320.000,1,0,31,
121754857000,252.000,1,253.000,30,252.000,11,250.000,29,249.000,20,86.000,1,260.000,9,261.000,30,264.000,29,270.000,20,320.000,1,0,31,
121754858000,252.000,1,253.000,30,252.000,11,250.000,29,249.000,20,86.000,1,261.000,30,264.000,29,270.000,20,320.000,1,400.000,1,0,31,
121754991000,252.000,1,253.000,30,252.000,11,250.000,29,249.000,20,246.000,20,261.000,50,264.000,29,270.000,20,320.000,1,400.000,1,0,31,
121756751000,252.000,1,253.000,30,252.000,11,250.000,29,249.000,40,246.000,20,261.000,50,264.000,49,270.000,20,320.000,1,400.000,1,0,31,
121759314000,252.000,1,253.000,30,252.000,11,250.000,29,249.000,40,86.000,1,261.000,30,264.000,49,270.000,20,320.000,1,400.000,1,0,31,
121759314000,252.000,1,253.000,30,252.000,11,250.000,29,249.000,40,247.000,20,261.000,30,262.000,20,264.000,49,270.000,20,320.000,1,0,31,
121800564000,252.000,1,253.000,30,252.000,11,250.000,29,249.000,40,86.000,1,261.000,30,264.000,49,270.000,20,320.000,1,400.000,1,0,31,
121800564000,252.000,1,253.000,30,252.000,11,250.000,29,249.000,40,246.000,20,261.000,50,264.000,49,270.000,20,320.000,1,400.000,1,0,31,
121800814000,252.000,1,253.000,30,252.000,11,250.000,29,249.000,40,86.000,1,261.000,30,264.000,49,270.000,20,320.000,1,400.000,1,0,31,
121801065000,252.000,1,253.000,30,252.000,11,250.000,29,249.000,40,247.000,20,261.000,30,262.000,20,264.000,49,270.000,20,320.000,1,0,31,
121801118000,252.000,1,253.000,30,252.000,11,250.000,9,249.000,40,247.000,20,261.000,30,262.000,20,264.000,49,320.000,1,400.000,1,0,31,
121801118000,252.000,1,253.000,30,252.000,11,251.000,20,250.000,9,249.000,40,261.000,30,262.000,20,264.000,49,271.000,20,320.000,1,0,31,
121802468000,252.000,1,253.000,30,252.000,11,251.000,20,250.000,9,249.000,40,261.000,30,264.000,49,271.000,20,320.000,1,400.000,1,0,31,
121802468000,252.000,1,253.000,30,252.000,11,251.000,20,250.000,9,249.000,40,261.000,50,264.000,49,271.000,20,320.000,1,400.000,1,0,31,
121803368000,252.000,1,253.000,30,252.000,11,251.000,20,250.000,9,249.000,40,261.000,30,264.000,49,271.000,20,320.000,1,400.000,1,0,31,
121803368000,252.000,1,253.000,30,252.000,11,251.000,20,250.000,9,249.000,40,261.000,30,262.000,20,264.000,49,271.000,20,320.000,1,0,31,
121804625000,252.000,1,253.000,30,252.000,11,251.000,20,250.000,9,249.000,20,261.000,30,262.000,20,264.000,29,271.000,20,320.000,1,0,31,
121804743000,252.000,1,253.000,30,252.000,11,250.000,9,249.000,20,247.000,20,261.000,30,262.000,20,264.000,29,320.000,1,400.000,1,0,31,
121804743000,252.000,1,253.000,30,252.000,31,250.000,9,249.000,20,247.000,20,261.000,30,262.000,20,264.000,29,272.000,20,320.000,1,0,31,
121805135000,252.000,1,253.000,9,252.000,31,250.000,9,249.000,20,247.000,20,261.000,9,262.000,20,264.000,29,272.000,20,320.000,1,0,31,
121805135000,252.000,1,253.000,30,252.000,31,250.000,9,249.000,20,247.000,20,261.000,9,262.000,41,264.000,29,272.000,20,320.000,1,0,31,
121805136000,252.000,1,253.000,30,252.000,31,250.000,9,249.000,20,247.000,20,262.000,41,264.000,29,272.000,20,320.000,1,400.000,1,0,31,
121805136000,252.000,1,253.000,30,252.000,31,250.000,9,249.000,20,247.000,20,262.000,50,264.000,29,272.000,20,320.000,1,400.000,1,0,31,
121805136000,252.000,1,253.000,21,252.000,31,250.000,9,249.000,20,247.000,20,262.000,50,264.000,29,272.000,20,320.000,1,400.000,1,0,31,
121805136000,252.000,1,253.000,30,252.000,31,250.000,9,249.000,20,247.000,20,262.000,50,264.000,29,272.000,20,320.000,1,400.000,1,0,31,
121805160000,252.000,1,253.000,30,252.000,31,250.000,29,249.000,20,247.000,20,262.000,50,264.000,29,266.000,20,272.000,20,320.000,1,0,31,
121807190000,252.000,1,253.000,30,252.000,31,250.000,9,249.000,20,247.000,20,262.000,50,264.000,29,272.000,20,320.000,1,400.000,1,0,31,
121807617000,252.000,1,253.000,30,252.000,11,250.000,9,249.000,20,247.000,20,262.000,50,264.000,29,320.000,1,400.000,1,414.000,1,0,31,
121807617000,252.000,1,253.000,30,252.000,11,251.000,20,250.000,9,249.000,20,262.000,50,264.000,29,271.000,20,320.000,1,400.000,1,0,31,
121808291000,252.000,1,253.000,30,252.000,11,251.000,20,250.000,29,249.000,20,262.000,50,264.000,29,265.000,20,271.000,20,320.000,1,0,31,
121812515000,252.000,1,253.000,30,252.000,11,251.000,20,250.000,29,249.000,20,262.000,30,264.000,29,265.000,20,271.000,20,320.000,1,0,31,
121812515000,252.000,1,253.000,30,252.000,11,251.000,20,250.000,29,249.000,20,261.000,20,262.000,30,264.000,29,265.000,20,271.000,20,0,31,
121812515000,252.000,1,253.000,30,252.000,11,251.000,20,250.000,29,249.000,20,261.000,29,262.000,30,264.000,29,265.000,20,271.000,20,0,31,
121814006000,252.000,1,253.000,30,252.000,11,251.000,20,250.000,29,249.000,20,261.000,9,262.000,30,264.000,29,265.000,20,271.000,20,0,31,
121814006000,252.000,1,253.000,30,252.000,11,251.000,20,250.000,29,249.000,20,261.000,9,262.000,50,264.000,29,265.000,20,271.000,20,0,31,
121814006000,252.000,1,253.000,30,252.000,11,251.000,20,250.000,29,249.000,20,262.000,50,264.000,29,265.000,20,271.000,20,320.000,1,0,31,
121816104000,252.000,1,253.000,30,252.000,11,251.000,20,250.000,9,249.000,20,262.000,50,264.000,29,271.000,20,320.000,1,400.000,1,0,31,
121816118000,252.000,1,253.000,30,252.000,11,250.000,9,249.000,20,247.000,20,262.000,50,264.000,29,320.000,1,400.000,1,414.000,1,0,31,
121816118000,252.000,1,253.000,30,252.000,11,250.000,29,249.000,20,247.000,20,262.000,50,264.000,29,270.000,20,320.000,1,400.000,1,0,31,
121816129000,252.000,1,253.000,30,252.000,11,250.000,29,249.000,20,86.000,1,262.000,30,264.000,29,270.000,20,320.000,1,400.000,1,0,31,
121816129000,252.000,1,253.000,30,252.000,11,250.000,29,249.000,20,246.000,20,261.000,20,262.000,30,264.000,29,270.000,20,320.000,1,0,31,
121816342000,252.000,1,253.000,30,252.000,11,250.000,29,249.000,40,246.000,20,261.000,20,262.000,30,264.000,49,270.000,20,320.000,1,0,31,
121816706000,252.000,1,253.000,30,252.000,11,250.000,29,249.000,40,246.000,20,261.000,29,262.000,30,264.000,49,270.000,20,320.000,1,0,31,
121816784000,252.000,1,253.000,9,252.000,11,250.000,29,249.000,40,246.000,20,261.000,29,262.000,9,264.000,49,270.000,20,320.000,1,0,31,
121816784000,252.000,1,253.000,30,252.000,11,250.000,29,249.000,40,246.000,20,261.000,50,262.000,9,264.000,49,270.000,20,320.000,1,0,31,
121816785000,252.000,1,253.000,21,252.000,11,250.000,29,249.000,40,246.000,20,261.000,50,262.000,9,264.000,49,270.000,20,320.000,1,0,31,
121816786000,252.000,1,253.000,30,252.000,11,250.000,29,249.000,40,246.000,20,261.000,50,262.000,9,264.000,49,270.000,20,320.000,1,0,31,
121817698000,252.000,1,253.000,30,252.000,11,250.000,29,249.000,20,246.000,20,261.000,50,262.000,9,264.000,29,270.000,20,320.000,1,0,31,
121817726000,252.000,1,253.000,30,252.000,11,250.000,29,249.000,20,86.000,1,261.000,30,262.000,9,264.000,29,270.000,20,320.000,1,0,31,
121817726000,252.000,1,253.000,30,252.000,11,250.000,29,249.000,20,245.000,20,260.000,20,261.000,30,262.000,9,264.000,29,270.000,20,0,31,
121817727000,252.000,1,253.000,30,252.000,11,250.000,29,249.000,20,245.000,20,260.000,29,261.000,30,262.000,9,264.000,29,270.000,20,0,31,
121817992000,252.000,1,253.000,30,252.000,11,250.000,9,249.000,20,245.000,20,260.000,29,261.000,30,262.000,9,264.000,29,320.000,1,0,31,
121817992000,252.000,1,253.000,30,252.000,11,251.000,20,250.000,9,249.000,20,260.000,29,261.000,30,262.000,9,264.000,29,271.000,20,0,31,
121818006000,252.000,1,253.000,30,252.000,11,251.000,20,250.000,9,249.000,20,260.000,29,261.000,30,264.000,29,271.000,20,320.000,1,0,31,
121818044000,252.000,1,253.000,30,252.000,11,251.000,20,249.000,20,245.000,20,260.000,29,261.000,30,264.000,29,271.000,20,320.000,1,0,31,
121818084000,252.000,1,253.000,30,252.000,11,251.000,20,245.000,20,86.000,1,260.000,29,261.000,30,264.000,9,271.000,20,320.000,1,0,31,
121818086000,252.000,1,253.000,30,252.000,11,251.000,20,86.000,1,84.000,3,260.000,9,261.000,30,264.000,9,271.000,20,320.000,1,0,31,
121818086000,252.000,1,253.000,30,252.000,11,251.000,20,86.000,1,84.000,3,261.000,30,264.000,9,271.000,20,320.000,1,400.000,1,0,31,
121818119000,252.000,1,253.000,30,252.000,11,86.000,1,84.000,3,39.000,20,261.000,30,264.000,9,320.000,1,400.000,1,414.000,1,0,31,
121818119000,252.000,1,253.000,30,252.000,11,250.000,20,86.000,1,84.000,3,261.000,30,264.000,9,270.000,20,320.000,1,400.000,1,0,31,
121818146000,252.000,1,253.000,9,252.000,11,250.000,20,86.000,1,84.000,3,261.000,9,264.000,9,270.000,20,320.000,1,400.000,1,0,31,
121818146000,252.000,1,253.000,9,252.000,11,251.000,21,250.000,20,86.000,1,260.000,21,261.000,9,264.000,9,270.000,20,320.000,1,0,31,
121818146000,252.000,1,253.000,9,252.000,11,251.000,21,250.000,20,86.000,1,260.000,21,264.000,9,270.000,20,320.000,1,400.000,1,0,31,
121818146000,252.000,1,252.000,11,251.000,21,250.000,20,86.000,1,84.000,3,260.000,21,264.000,9,270.000,20,320.000,1,400.000,1,0,31,
121818168000,252.000,1,252.000,11,251.000,21,250.000,20,247.000,9,86.000,1,260.000,21,264.000,9,270.000,20,320.000,1,400.000,1,0,31,
121818220000,252.000,1,252.000,11,251.000,21,250.000,20,247.000,9,86.000,1,260.000,21,270.000,20,320.000,1,400.000,1,414.000,1,0,31,
121818220000,252.000,1,252.000,11,251.000,21,250.000,20,247.000,9,86.000,1,260.000,21,262.000,9,270.000,20,320.000,1,400.000,1,0,31,
121818335000,252.000,1,252.000,11,251.000,21,250.000,20,247.000,9,244.000,20,259.000,20,260.000,21,262.000,9,270.000,20,320.000,1,0,31,
121818506000,252.000,1,252.000,11,251.000,21,250.000,20,247.000,29,244.000,20,259.000,20,260.000,21,262.000,29,270.000,20,320.000,1,0,31,
121818706000,252.000,1,252.000,11,251.000,21,250.000,20,247.000,29,244.000,20,259.000,29,260.000,21,262.000,29,270.000,20,320.000,1,0,31,
121819245000,252.000,1,252.000,11,250.000,20,247.000,29,244.000,20,86.000,1,259.000,29,262.000,29,270.000,20,320.000,1,400.000,1,0,31,
121819245000,252.000,1,252.000,11,251.000,21,250.000,20,247.000,29,244.000,20,259.000,50,262.000,29,270.000,20,320.000,1,400.000,1,0,31,
121819826000,252.000,1,252.000,11,251.000,21,250.000,20,247.000,29,86.000,1,259.000,30,262.000,29,270.000,20,320.000,1,400.000,1,0,31,
121819826000,252.000,1,252.000,11,251.000,21,250.000,20,247.000,29,245.000,20,259.000,30,260.000,20,262.000,29,270.000,20,320.000,1,0,31,
121822761000,252.000,1,252.000,11,251.000,21,250.000,20,249.000,20,247.000,29,259.000,30,260.000,20,262.000,29,264.000,20,270.000,20,0,31,
121823667000,252.000,1,252.000,11,250.000,20,249.000,20,247.000,29,245.000,20,259.000,9,260.000,20,262.000,29,264.000,20,270.000,20,0,31,
121823667000,252.000,1,252.000,32,250.000,20,249.000,20,247.000,29,245.000,20,259.000,30,260.000,20,262.000,29,264.000,20,270.000,20,0,31,
121823667000,252.000,1,252.000,32,250.000,20,249.000,20,247.000,29,245.000,20,259.000,21,260.000,20,262.000,29,264.000,20,270.000,20,0,31,
121823668000,252.000,1,252.000,32,250.000,20,249.000,20,247.000,29,245.000,20,259.000,21,260.000,29,262.000,29,264.000,20,270.000,20,0,31,
121823668000,252.000,1,252.000,32,250.000,20,249.000,20,247.000,29,245.000,20,259.000,30,260.000,29,262.000,29,264.000,20,270.000,20,0,31,
121824668000,252.000,1,252.000,11,250.000,20,249.000,20,247.000,29,245.000,20,259.000,9,260.000,29,262.000,29,264.000,20,270.000,20,0,31,
121824668000,252.000,1,252.000,32,250.000,20,249.000,20,247.000,29,245.000,20,259.000,9,260.000,50,262.000,29,264.000,20,270.000,20,0,31,
121824668000,252.000,1,252.000,32,250.000,20,249.000,20,247.000,29,245.000,20,260.000,50,262.000,29,264.000,20,270.000,20,320.000,1,0,31,
121825668000,252.000,1,252.000,11,250.000,20,249.000,20,247.000,29,245.000,20,260.000,29,262.000,29,264.000,20,270.000,20,320.000,1,0,31,
121825668000,252.000,1,252.000,32,250.000,20,249.000,20,247.000,29,245.000,20,259.000,21,260.000,29,262.000,29,264.000,20,270.000,20,0,31,
121825701000,252.000,1,252.000,32,250.000,20,249.000,20,247.000,29,245.000,20,259.000,30,260.000,29,262.000,29,264.000,20,270.000,20,0,31,
121828285000,252.000,1,252.000,32,250.000,20,249.000,20,247.000,29,86.000,1,259.000,30,260.000,9,262.000,29,264.000,20,270.000,20,0,31,
121828285000,252.000,1,252.000,32,250.000,20,249.000,20,247.000,29,244.000,20,259.000,50,260.000,9,262.000,29,264.000,20,270.000,20,0,31,
121829160000,252.000,1,252.000,32,250.000,20,249.000,20,247.000,29,86.000,1,259.000,30,260.000,9,262.000,29,264.000,20,270.000,20,0,31,
121829160000,252.000,1,252.000,32,250.000,20,249.000,20,247.000,29,245.000,20,259.000,30,260.000,29,262.000,29,264.000,20,270.000,20,0,31,
121842800000,252.000,1,252.000,32,250.000,20,247.000,29,245.000,20,86.000,1,259.000,30,260.000,29,262.000,29,270.000,20,320.000,1,0,31,
121843060000,252.000,1,252.000,11,250.000,20,247.000,29,245.000,20,86.000,1,259.000,9,260.000,29,262.000,29,270.000,20,320.000,1,0,31,
121843060000,252.000,1,252.000,32,250.000,20,247.000,29,245.000,20,86.000,1,259.000,9,260.000,50,262.000,29,270.000,20,320.000,1,0,31,
121843060000,252.000,1,252.000,32,250.000,20,247.000,29,245.000,20,86.000,1,260.000,50,262.000,29,270.000,20,320.000,1,400.000,1,0,31,
121843968000,252.000,1,252.000,32,250.000,20,247.000,29,86.000,1,84.000,3,260.000,30,262.000,29,270.000,20,320.000,1,400.000,1,0,31,
121843968000,252.000,1,252.000,32,250.000,20,247.000,29,244.000,20,86.000,1,259.000,20,260.000,30,262.000,29,270.000,20,320.000,1,0,31,
121843968000,252.000,1,252.000,32,250.000,20,247.000,29,244.000,20,86.000,1,259.000,29,260.000,30,262.000,29,270.000,20,320.000,1,0,31,
121844119000,252.000,1,252.000,11,250.000,20,247.000,29,244.000,20,86.000,1,259.000,29,260.000,9,262.000,29,270.000,20,320.000,1,0,31,
121844119000,252.000,1,252.000,11,251.000,21,250.000,20,247.000,29,244.000,20,259.000,50,260.000,9,262.000,29,270.000,20,320.000,1,0,31,
121845002000,252.000,1,252.000,11,251.000,21,250.000,20,247.000,29,86.000,1,259.000,30,260.000,9,262.000,29,270.000,20,320.000,1,0,31,
121845002000,252.000,1,252.000,11,251.000,21,250.000,20,247.000,29,245.000,20,259.000,30,260.000,29,262.000,29,270.000,20,320.000,1,0,31,
121845524000,252.000,1,252.000,11,251.000,21,250.000,20,248.000,20,247.000,29,259.000,30,260.000,29,262.000,29,263.000,20,270.000,20,0,31,
121856947000,252.000,1,252.000,11,251.000,21,250.000,20,248.000,20,247.000,29,259.000,30,260.000,9,262.000,29,263.000,20,270.000,20,0,31,
121856947000,252.000,1,252.000,11,251.000,21,250.000,20,248.000,20,247.000,29,259.000,50,260.000,9,262.000,29,263.000,20,270.000,20,0,31,
121857312000,252.000,1,252.000,11,251.000,21,250.000,20,248.000,20,247.000,29,259.000,30,260.000,9,262.000,29,263.000,20,270.000,20,0,31,
121857560000,252.000,1,252.000,11,251.000,21,250.000,20,248.000,20,247.000,29,259.000,30,260.000,29,262.000,29,263.000,20,270.000,20,0,31,
121858187000,252.000,1,252.000,11,251.000,21,250.000,20,248.000,20,247.000,29,259.000,30,260.000,9,262.000,29,263.000,20,270.000,20,0,31,
121858187000,252.000,1,252.000,11,251.000,21,250.000,20,248.000,20,247.000,29,259.000,30,260.000,9,261.000,20,262.000,29,263.000,20,0,31,
121858428000,252.000,1,252.000,11,251.000,21,250.000,20,248.000,20,247.000,29,259.000,30,260.000,9,262.000,29,263.000,20,270.000,20,0,31,
121858804000,252.000,1,252.000,11,251.000,21,250.000,20,248.000,20,247.000,29,259.000,30,260.000,29,262.000,29,263.000,20,270.000,20,0,31,
121900143000,252.000,1,252.000,11,251.000,21,250.000,20,248.000,20,247.000,29,259.000,30,260.000,9,262.000,29,263.000,20,270.000,20,0,31,
121900143000,252.000,1,252.000,11,251.000,21,250.000,20,248.000,20,247.000,29,259.000,50,260.000,9,262.000,29,263.000,20,270.000,20,0,31,
121901262000,252.000,1,252.000,11,251.000,21,250.000,20,248.000,20,247.000,29,259.000,30,260.000,9,262.000,29,263.000,20,270.000,20,0,31,
121901262000,252.000,1,252.000,11,251.000,21,250.000,20,248.000,20,247.000,29,259.000,30,260.000,29,262.000,29,263.000,20,270.000,20,0,31,
121902076000,252.000,1,252.000,11,250.000,20,248.000,20,247.000,29,245.000,20,259.000,9,260.000,29,262.000,29,263.000,20,270.000,20,0,31,
121902076000,252.000,1,252.000,32,250.000,20,248.000,20,247.000,29,245.000,20,259.000,30,260.000,29,262.000,29,263.000,20,270.000,20,0,31,
121902076000,252.000,1,252.000,32,250.000,20,248.000,20,247.000,29,245.000,20,259.000,21,260.000,29,262.000,29,263.000,20,270.000,20,0,31,
121902706000,252.000,1,252.000,32,250.000,20,248.000,20,247.000,29,245.000,20,259.000,30,260.000,29,262.000,29,263.000,20,270.000,20,0,31,
121902870000,252.000,1,252.000,32,248.000,20,247.000,29,245.000,20,86.000,1,259.000,30,260.000,29,262.000,29,263.000,20,320.000,1,0,31,
121902870000,252.000,1,252.000,32,251.000,20,248.000,20,247.000,29,245.000,20,259.000,30,260.000,29,262.000,29,263.000,20,271.000,20,0,31,
121902873000,252.000,1,252.000,32,251.000,20,248.000,20,247.000,29,86.000,1,259.000,30,260.000,9,262.000,29,263.000,20,271.000,20,0,31,
121902873000,252.000,1,252.000,32,251.000,20,248.000,20,247.000,29,246.000,20,259.000,30,260.000,9,261.000,20,262.000,29,263.000,20,0,31,
121903076000,252.000,1,252.000,11,251.000,20,248.000,20,247.000,29,246.000,20,259.000,9,260.000,9,261.000,20,262.000,29,263.000,20,0,31,
121903076000,252.000,1,252.000,32,251.000,20,248.000,20,247.000,29,246.000,20,259.000,9,260.000,30,261.000,20,262.000,29,263.000,20,0,31,
121903076000,252.000,1,252.000,32,251.000,20,248.000,20,247.000,29,246.000,20,260.000,30,261.000,20,262.000,29,263.000,20,271.000,20,0,31,
121903125000,252.000,1,252.000,32,251.000,20,248.000,20,247.000,29,86.000,1,260.000,30,262.000,29,263.000,20,271.000,20,320.000,1,0,31,
121903375000,252.000,1,252.000,32,251.000,20,248.000,20,247.000,29,245.000,20,260.000,50,262.000,29,263.000,20,271.000,20,320.000,1,0,31,
121904077000,252.000,1,252.000,11,251.000,20,248.000,20,247.000,29,245.000,20,260.000,29,262.000,29,263.000,20,271.000,20,320.000,1,0,31,
121904077000,252.000,1,252.000,32,251.000,20,248.000,20,247.000,29,245.000,20,259.000,21,260.000,29,262.000,29,263.000,20,271.000,20,0,31,
121904077000,252.000,1,252.000,32,251.000,20,248.000,20,247.000,29,245.000,20,259.000,30,260.000,29,262.000,29,263.000,20,271.000,20,0,31,
121905417000,252.000,1,252.000,32,251.000,20,248.000,20,247.000,29,86.000,1,259.000,30,260.000,9,262.000,29,263.000,20,271.000,20,0,31,
121905417000,252.000,1,252.000,32,251.000,20,248.000,20,247.000,29,244.000,20,259.000,50,260.000,9,262.000,29,263.000,20,271.000,20,0,31,
121905495000,252.000,1,252.000,32,248.000,20,247.000,29,244.000,20,86.000,1,259.000,50,260.000,9,262.000,29,263.000,20,320.000,1,0,31,
121905495000,252.000,1,252.000,32,250.000,20,248.000,20,247.000,29,244.000,20,259.000,50,260.000,9,262.000,29,263.000,20,270.000,20,0,31,
121905600000,252.000,1,252.000,32,250.000,20,247.000,29,244.000,20,86.000,1,259.000,50,260.000,9,262.000,29,270.000,20,320.000,1,0,31,
121905782000,252.000,1,252.000,32,250.000,20,247.000,29,86.000,1,84.000,3,259.000,30,260.000,9,262.000,29,270.000,20,320.000,1,0,31,
121905999000,252.000,1,252.000,32,250.000,20,247.000,29,245.000,20,86.000,1,259.000,30,260.000,29,262.000,29,270.000,20,320.000,1,0,31,
121908551000,252.000,1,252.000,32,250.000,20,248.000,20,247.000,29,245.000,20,259.000,30,260.000,29,262.000,29,263.000,20,270.000,20,0,31,
121917081000,252.000,1,252.000,11,250.000,20,248.000,20,247.000,29,245.000,20,259.000,9,260.000,29,262.000,29,263.000,20,270.000,20,0,31,
121917081000,252.000,1,252.000,32,250.000,20,248.000,20,247.000,29,245.000,20,259.000,9,260.000,50,262.000,29,263.000,20,270.000,20,0,31,
121917081000,252.000,1,252.000,32,250.000,20,248.000,20,247.000,29,245.000,20,260.000,50,262.000,29,263.000,20,270.000,20,320.000,1,0,31,
121920072000,252.000,1,252.000,11,250.000,20,248.000,20,247.000,29,245.000,20,260.000,29,262.000,29,263.000,20,270.000,20,320.000,1,0,31,
121920072000,252.000,1,252.000,32,250.000,20,248.000,20,247.000,29,245.000,20,259.000,21,260.000,29,262.000,29,263.000,20,270.000,20,0,31,
121920072000,252.000,1,252.000,32,250.000,20,248.000,20,247.000,29,245.000,20,259.000,30,260.000,29,262.000,29,263.000,20,270.000,20,0,31,
121926961000,252.000,1,252.000,32,250.000,20,248.000,20,247.000,29,86.000,1,259.000,30,260.000,9,262.000,29,263.000,20,270.000,20,0,31,
121926961000,252.000,1,252.000,32,250.000,20,248.000,20,247.000,29,244.000,20,259.000,50,260.000,9,262.000,29,263.000,20,270.000,20,0,31,
121926976000,252.000,1,252.000,32,250.000,20,247.000,29,244.000,20,86.000,1,259.000,50,260.000,9,262.000,29,270.000,20,320.000,1,0,31,
121927066000,252.000,1,252.000,32,250.000,20,247.000,49,244.000,20,86.000,1,259.000,50,260.000,9,262.000,49,270.000,20,320.000,1,0,31,
121927695000,252.000,1,252.000,11,250.000,20,247.000,49,244.000,20,86.000,1,259.000,29,260.000,9,262.000,49,270.000,20,320.000,1,0,31,
121927695000,252.000,1,252.000,11,251.000,21,250.000,20,247.000,49,244.000,20,259.000,50,260.000,9,262.000,49,270.000,20,320.000,1,0,31,
121928368000,252.000,1,252.000,11,251.000,21,247.000,49,244.000,20,86.000,1,259.000,50,260.000,9,262.000,49,320.000,1,400.000,1,0,31,
121928368000,252.000,1,252.000,11,251.000,21,249.000,20,247.000,49,244.000,20,259.000,50,260.000,9,262.000,49,264.000,20,320.000,1,0,31,
121928369000,252.000,1,252.000,11,251.000,21,249.000,20,247.000,49,86.000,1,259.000,30,260.000,9,262.000,49,264.000,20,320.000,1,0,31,
121928369000,252.000,1,252.000,11,251.000,21,249.000,20,247.000,49,243.000,20,258.000,20,259.000,30,260.000,9,262.000,49,264.000,20,0,31,
121928370000,252.000,1,252.000,11,251.000,21,249.000,20,247.000,49,243.000,20,258.000,29,259.000,30,260.000,9,262.000,49,264.000,20,0,31,
121928506000,252.000,1,252.000,11,251.000,21,249.000,20,247.000,49,243.000,20,258.000,29,259.000,30,262.000,49,264.000,20,320.000,1,0,31,
121928528000,252.000,1,252.000,11,249.000,20,247.000,49,243.000,20,86.000,1,258.000,29,259.000,9,262.000,49,264.000,20,320.000,1,0,31,
121928528000,252.000,1,252.000,11,250.000,21,249.000,20,247.000,49,243.000,20,258.000,29,259.000,30,262.000,49,264.000,20,320.000,1,0,31,
121928564000,252.000,1,252.000,11,250.000,21,249.000,20,247.000,29,243.000,20,258.000,29,259.000,30,262.000,29,264.000,20,320.000,1,0,31,
121928743000,252.000,1,252.000,11,250.000,21,249.000,20,247.000,49,243.000,20,258.000,29,259.000,30,262.000,49,264.000,20,320.000,1,0,31,
121929618000,252.000,1,252.000,11,249.000,20,247.000,49,243.000,20,86.000,1,258.000,29,259.000,9,262.000,49,264.000,20,320.000,1,0,31,
121929618000,252.000,1,252.000,11,249.000,41,247.000,49,243.000,20,86.000,1,257.000,21,258.000,29,259.000,9,262.000,49,264.000,20,0,31,
121929618000,252.000,1,252.000,11,249.000,41,247.000,49,243.000,20,86.000,1,257.000,30,258.000,29,259.000,9,262.000,49,264.000,20,0,31,
121929668000,252.000,1,252.000,11,249.000,41,247.000,49,86.000,1,84.000,3,257.000,30,258.000,9,259.000,9,262.000,49,264.000,20,0,31,
121929668000,252.000,1,252.000,11,249.000,41,247.000,49,242.000,20,86.000,1,257.000,50,258.000,9,259.000,9,262.000,49,264.000,20,0,31,
121929745000,252.000,1,252.000,11,249.000,21,247.000,49,242.000,20,86.000,1,257.000,50,258.000,9,259.000,9,262.000,49,320.000,1,0,31,
121929745000,252.000,1,252.000,11,249.000,21,248.000,20,247.000,49,242.000,20,257.000,50,258.000,9,259.000,9,262.000,49,263.000,20,0,31,
121929792000,252.000,1,252.000,11,249.000,21,248.000,20,247.000,49,86.000,1,257.000,30,258.000,9,259.000,9,262.000,49,263.000,20,0,31,
121929955000,252.000,1,252.000,11,249.000,21,248.000,20,247.000,29,86.000,1,257.000,30,258.000,9,259.000,9,262.000,29,263.000,20,0,31,
121930132000,252.000,1,252.000,11,249.000,21,248.000,20,247.000,29,86.000,1,257.000,30,258.000,9,259.000,9,262.000,20,263.000,20,0,31,
121930135000,252.000,1,252.000,11,249.000,21,248.000,20,247.000,29,86.000,1,257.000,30,258.000,9,259.000,9,260.000,9,262.000,20,0,31,
121930137000,252.000,1,252.000,11,249.000,21,248.000,20,247.000,20,86.000,1,257.000,30,258.000,9,259.000,9,260.000,9,262.000,20,0,31,
121930137000,252.000,1,252.000,11,249.000,21,248.000,20,86.000,1,84.000,3,257.000,30,258.000,9,259.000,9,260.000,9,263.000,20,0,31,
121930137000,252.000,1,252.000,2,249.000,21,248.000,20,86.000,1,84.000,3,257.000,30,258.000,9,259.000,9,260.000,9,263.000,20,0,31,
121930138000,252.000,1,252.000,2,251.000,9,249.000,21,248.000,20,86.000,1,257.000,30,258.000,9,259.000,9,260.000,9,263.000,20,0,31,
121930243000,252.000,1,252.000,2,251.000,9,249.000,21,86.000,1,84.000,3,257.000,30,258.000,9,259.000,9,260.000,9,320.000,1,0,31,
121930243000,252.000,1,252.000,2,251.000,9,249.000,21,247.000,20,86.000,1,257.000,30,258.000,9,259.000,9,260.000,9,262.000,20,0,31,
121930271000,252.000,1,252.000,2,251.000,9,249.000,21,247.000,20,242.000,20,257.000,50,258.000,9,259.000,9,260.000,9,262.000,20,0,31,
121930506000,252.000,1,252.000,2,251.000,9,249.000,21,247.000,20,245.000,20,257.000,50,258.000,9,259.000,9,260.000,29,262.000,20,0,31,
121930506000,252.000,1,252.000,2,251.000,9,249.000,21,247.000,20,245.000,20,257.000,50,258.000,9,260.000,29,262.000,20,320.000,1,0,31,
121930551000,252.000,1,252.000,2,251.000,9,249.000,21,247.000,20,245.000,29,257.000,50,258.000,9,260.000,29,262.000,20,320.000,1,0,31,
121930670000,252.000,1,252.000,2,251.000,9,249.000,21,245.000,29,242.000,20,257.000,50,258.000,9,260.000,29,320.000,1,400.000,1,0,31,
121930670000,252.000,1,252.000,2,251.000,9,249.000,21,248.000,20,245.000,29,257.000,50,258.000,9,260.000,29,263.000,20,320.000,1,0,31,
121930744000,252.000,1,252.000,11,251.000,9,249.000,21,248.000,20,245.000,29,257.000,50,258.000,9,260.000,29,263.000,20,320.000,1,0,31,
121930744000,252.000,1,252.000,11,251.000,9,249.000,21,245.000,29,242.000,20,257.000,50,258.000,9,260.000,29,320.000,1,400.000,1,0,31,
121930744000,252.000,1,252.000,11,251.000,9,249.000,41,245.000,29,242.000,20,257.000,50,258.000,9,260.000,29,264.000,20,320.000,1,0,31,
121930818000,252.000,1,252.000,11,251.000,9,249.000,41,245.000,29,86.000,1,257.000,30,258.000,9,260.000,29,264.000,20,320.000,1,0,31,
121930818000,252.000,1,252.000,11,251.000,9,249.000,41,245.000,29,243.000,20,257.000,30,258.000,29,260.000,29,264.000,20,320.000,1,0,31,
121932191000,252.000,1,252.000,11,251.000,9,249.000,41,245.000,29,86.000,1,257.000,30,258.000,9,260.000,29,264.000,20,320.000,1,0,31,
121932191000,252.000,1,252.000,11,251.000,9,249.000,41,245.000,29,242.000,20,257.000,50,258.000,9,260.000,29,264.000,20,320.000,1,0,31,
121934296000,252.000,1,252.000,11,251.000,9,249.000,41,245.000,29,86.000,1,257.000,30,258.000,9,260.000,29,264.000,20,320.000,1,0,31,
121934296000,252.000,1,252.000,11,251.000,9,249.000,41,245.000,29,243.000,20,257.000,30,258.000,29,260.000,29,264.000,20,320.000,1,0,31,
121934466000,252.000,1,252.000,11,251.000,9,249.000,41,247.000,20,245.000,29,257.000,30,258.000,29,260.000,29,262.000,20,264.000,20,0,31,
121939618000,252.000,1,252.000,11,251.000,9,249.000,21,247.000,20,245.000,29,257.000,30,258.000,29,260.000,29,262.000,20,320.000,1,0,31,
121939618000,252.000,1,252.000,11,251.000,9,250.000,20,249.000,21,247.000,20,257.000,30,258.000,29,260.000,29,262.000,20,270.000,20,0,31,
121939679000,252.000,1,252.000,11,251.000,9,250.000,20,247.000,20,245.000,29,257.000,9,258.000,29,260.000,29,262.000,20,270.000,20,0,31,
121939679000,252.000,1,252.000,11,251.000,9,250.000,41,247.000,20,245.000,29,257.000,9,258.000,50,260.000,29,262.000,20,270.000,20,0,31,
121939679000,252.000,1,252.000,11,251.000,9,250.000,41,247.000,20,245.000,29,258.000,50,260.000,29,262.000,20,270.000,20,320.000,1,0,31,
121940953000,252.000,1,252.000,11,251.000,9,250.000,41,247.000,20,245.000,29,258.000,50,260.000,20,262.000,20,270.000,20,320.000,1,0,31,
121940955000,252.000,1,252.000,11,251.000,9,250.000,41,247.000,20,245.000,20,258.000,50,260.000,20,262.000,20,270.000,20,320.000,1,0,31,
121940958000,252.000,1,252.000,11,251.000,9,250.000,41,247.000,20,245.000,20,258.000,30,260.000,20,262.000,20,270.000,20,320.000,1,0,31,
121940958000,252.000,1,252.000,11,251.000,9,250.000,41,247.000,20,245.000,20,258.000,30,259.000,20,260.000,20,262.000,20,270.000,20,0,31,
121940958000,252.000,1,252.000,11,251.000,9,250.000,41,247.000,29,245.000,20,258.000,30,259.000,20,260.000,20,262.000,20,270.000,20,0,31,
121941006000,252.000,1,252.000,11,251.000,9,250.000,41,247.000,9,245.000,20,258.000,30,259.000,20,260.000,20,270.000,20,320.000,1,0,31,
121941074000,252.000,1,252.000,11,251.000,9,250.000,41,247.000,9,245.000,20,258.000,30,259.000,20,260.000,20,262.000,9,270.000,20,0,31,
121941792000,252.000,1,252.000,11,251.000,9,250.000,41,248.000,20,247.000,9,258.000,30,259.000,20,260.000,20,262.000,9,263.000,20,0,31,
121942605000,252.000,1,252.000,11,251.000,9,250.000,20,248.000,20,247.000,9,258.000,9,259.000,20,260.000,20,262.000,9,263.000,20,0,31,
121942605000,252.000,1,252.000,11,251.000,30,250.000,20,248.000,20,247.000,9,258.000,9,259.000,41,260.000,20,262.000,9,263.000,20,0,31,
121942606000,252.000,1,252.000,11,251.000,30,250.000,20,248.000,20,247.000,9,258.000,9,259.000,41,262.000,9,263.000,20,270.000,20,0,31,
121942608000,252.000,1,252.000,11,251.000,30,250.000,20,248.000,20,247.000,9,258.000,9,259.000,50,262.000,9,263.000,20,270.000,20,0,31,
121942608000,252.000,1,252.000,11,251.000,30,250.000,20,248.000,20,247.000,9,259.000,50,262.000,9,263.000,20,270.000,20,320.000,1,0,31,
121942768000,252.000,1,252.000,11,251.000,30,250.000,20,248.000,20,247.000,29,259.000,50,262.000,29,263.000,20,270.000,20,320.000,1,0,31,
121944442000,252.000,1,252.000,11,251.000,30,250.000,20,248.000,20,247.000,29,259.000,30,262.000,29,263.000,20,270.000,20,320.000,1,0,31,
121944442000,252.000,1,252.000,11,251.000,30,250.000,20,248.000,20,247.000,29,258.000,20,259.000,30,262.000,29,263.000,20,270.000,20,0,31,
121944443000,252.000,1,252.000,11,251.000,30,250.000,20,248.000,20,247.000,29,258.000,29,259.000,30,262.000,29,263.000,20,270.000,20,0,31,
121944689000,252.000,1,252.000,11,251.000,30,250.000,20,248.000,20,247.000,29,258.000,9,259.000,30,262.000,29,263.000,20,270.000,20,0,31,
121944689000,252.000,1,252.000,11,251.000,30,250.000,20,248.000,20,247.000,29,259.000,30,262.000,29,263.000,20,270.000,20,320.000,1,0,31,
121944938000,252.000,1,252.000,11,251.000,30,250.000,20,248.000,20,247.000,29,259.000,50,262.000,29,263.000,20,270.000,20,320.000,1,0,31,
121945432000,252.000,1,252.000,11,251.000,30,250.000,20,248.000,20,247.000,29,259.000,30,262.000,29,263.000,20,270.000,20,320.000,1,0,31,
121945442000,252.000,1,252.000,11,251.000,30,250.000,20,248.000,20,247.000,29,258.000,20,259.000,30,262.000,29,263.000,20,270.000,20,0,31,
121945442000,252.000,1,252.000,11,251.000,30,250.000,20,248.000,20,247.000,29,258.000,29,259.000,30,262.000,29,263.000,20,270.000,20,0,31,
121945559000,252.000,1,252.000,11,251.000,30,250.000,20,248.000,20,247.000,29,258.000,9,259.000,30,262.000,29,263.000,20,270.000,20,0,31,
121945559000,252.000,1,252.000,11,251.000,30,250.000,20,248.000,20,247.000,29,259.000,30,262.000,29,263.000,20,270.000,20,320.000,1,0,31,
121946058000,252.000,1,252.000,11,251.000,30,250.000,20,248.000,20,247.000,29,259.000,50,262.000,29,263.000,20,270.000,20,320.000,1,0,31,
121950154000,252.000,1,252.000,11,251.000,30,250.000,20,248.000,20,247.000,29,259.000,30,262.000,29,263.000,20,270.000,20,320.000,1,0,31,
121950154000,252.000,1,252.000,11,251.000,30,250.000,20,248.000,20,247.000,29,258.000,20,259.000,30,262.000,29,263.000,20,270.000,20,0,31,
121950154000,252.000,1,252.000,11,251.000,30,250.000,20,248.000,20,247.000,29,258.000,29,259.000,30,262.000,29,263.000,20,270.000,20,0,31,
121950905000,252.000,1,252.000,11,251.000,30,250.000,20,248.000,20,247.000,29,258.000,9,259.000,30,262.000,29,263.000,20,270.000,20,0,31,
121950905000,252.000,1,252.000,11,251.000,30,250.000,20,248.000,20,247.000,29,258.000,9,259.000,50,262.000,29,263.000,20,270.000,20,0,31,
121950905000,252.000,1,252.000,11,251.000,30,250.000,20,248.000,20,247.000,29,259.000,50,262.000,29,263.000,20,270.000,20,320.000,1,0,31,
121951529000,252.000,1,252.000,11,251.000,30,250.000,20,248.000,20,247.000,29,259.000,30,262.000,29,263.000,20,270.000,20,320.000,1,0,31,
121951529000,252.000,1,252.000,11,251.000,30,250.000,20,248.000,20,247.000,29,258.000,20,259.000,30,262.000,29,263.000,20,270.000,20,0,31,
121951529000,252.000,1,252.000,11,251.000,30,250.000,20,248.000,20,247.000,29,258.000,29,259.000,30,262.000,29,263.000,20,270.000,20,0,31,
121953369000,252.000,1,252.000,11,251.000,30,250.000,20,247.000,29,243.000,20,258.000,29,259.000,30,262.000,29,270.000,20,320.000,1,0,31,
121954292000,252.000,1,252.000,11,251.000,30,250.000,20,247.000,49,243.000,20,258.000,29,259.000,30,262.000,49,270.000,20,320.000,1,0,31,
121954657000,252.000,1,252.000,11,251.000,30,250.000,20,247.000,49,86.000,1,258.000,9,259.000,30,262.000,49,270.000,20,320.000,1,0,31,
121954657000,252.000,1,252.000,11,251.000,30,250.000,20,247.000,49,244.000,20,258.000,9,259.000,50,262.000,49,270.000,20,320.000,1,0,31,
121954658000,252.000,1,252.000,11,251.000,30,250.000,20,247.000,49,244.000,20,259.000,50,262.000,49,270.000,20,320.000,1,400.000,1,0,31,
121955829000,252.000,1,252.000,11,251.000,30,250.000,20,247.000,29,244.000,20,259.000,50,262.000,29,270.000,20,320.000,1,400.000,1,0,31,
121955831000,252.000,1,252.000,11,251.000,9,250.000,20,247.000,29,244.000,20,259.000,29,262.000,29,270.000,20,320.000,1,400.000,1,0,31,
121955831000,252.000,1,252.000,32,251.000,9,250.000,20,247.000,29,244.000,20,259.000,50,262.000,29,270.000,20,320.000,1,400.000,1,0,31,
121955942000,252.000,1,252.000,32,251.000,9,250.000,20,249.000,20,247.000,29,259.000,50,262.000,29,264.000,20,270.000,20,320.000,1,0,31,
121955965000,252.000,1,252.000,32,251.000,9,250.000,20,249.000,20,247.000,29,259.000,30,262.000,29,264.000,20,270.000,20,320.000,1,0,31,
121955965000,252.000,1,252.000,32,251.000,9,250.000,20,249.000,20,247.000,29,259.000,30,260.000,20,262.000,29,264.000,20,270.000,20,0,31,
121956590000,252.000,1,252.000,32,251.000,9,250.000,20,249.000,20,247.000,29,259.000,30,262.000,29,264.000,20,270.000,20,320.000,1,0,31,
121956590000,252.000,1,252.000,32,251.000,9,250.000,20,249.000,20,247.000,29,259.000,50,262.000,29,264.000,20,270.000,20,320.000,1,0,31,
121956707000,252.000,1,252.000,11,251.000,9,250.000,20,249.000,20,247.000,29,259.000,29,262.000,29,264.000,20,270.000,20,320.000,1,0,31,
121956707000,252.000,1,252.000,11,251.000,30,250.000,20,249.000,20,247.000,29,259.000,50,262.000,29,264.000,20,270.000,20,320.000,1,0,31,
121956888000,252.000,1,252.000,11,251.000,30,250.000,20,247.000,29,244.000,20,259.000,50,262.000,29,270.000,20,320.000,1,400.000,1,0,31,
121957409000,252.000,1,252.000,11,251.000,30,250.000,20,247.000,49,244.000,20,259.000,50,262.000,49,270.000,20,320.000,1,400.000,1,0,31,
122000369000,252.000,1,252.000,11,251.000,30,247.000,49,244.000,20,86.000,1,259.000,50,262.000,49,320.000,1,400.000,1,414.000,1,0,31,
122000369000,252.000,1,252.000,11,251.000,50,247.000,49,244.000,20,86.000,1,259.000,50,262.000,49,271.000,20,320.000,1,400.000,1,0,31,
122000443000,252.000,1,252.000,11,251.000,50,247.000,49,86.000,1,84.000,3,259.000,30,262.000,49,271.000,20,320.000,1,400.000,1,0,31,
122000443000,252.000,1,252.000,11,251.000,50,247.000,49,245.000,20,86.000,1,259.000,30,260.000,20,262.000,49,271.000,20,320.000,1,0,31,
122000654000,252.000,1,252.000,11,251.000,50,247.000,29,245.000,20,86.000,1,259.000,30,260.000,20,262.000,29,271.000,20,320.000,1,0,31,
122001302000,252.000,1,252.000,11,251.000,29,247.000,29,245.000,20,86.000,1,259.000,9,260.000,20,262.000,29,271.000,20,320.000,1,0,31,
122001302000,252.000,1,252.000,32,251.000,29,247.000,29,245.000,20,86.000,1,259.000,9,260.000,41,262.000,29,271.000,20,320.000,1,0,31,
122001302000,252.000,1,252.000,32,251.000,29,247.000,29,245.000,20,86.000,1,260.000,41,262.000,29,271.000,20,320.000,1,400.000,1,0,31,
122001370000,252.000,1,252.000,32,251.000,9,247.000,29,245.000,20,86.000,1,260.000,41,262.000,29,320.000,1,400.000,1,414.000,1,0,31,
122001370000,252.000,1,252.000,32,251.000,9,250.000,20,247.000,29,245.000,20,260.000,41,262.000,29,270.000,20,320.000,1,400.000,1,0,31,
122001721000,252.000,1,252.000,32,251.000,9,250.000,20,247.000,29,245.000,20,260.000,50,262.000,29,270.000,20,320.000,1,400.000,1,0,31,
122002368000,252.000,1,252.000,32,251.000,9,247.000,29,245.000,20,86.000,1,260.000,50,262.000,29,320.000,1,400.000,1,414.000,1,0,31,
122002368000,252.000,1,252.000,32,251.000,29,247.000,29,245.000,20,86.000,1,260.000,50,262.000,29,271.000,20,320.000,1,400.000,1,0,31,
122002559000,252.000,1,252.000,32,251.000,29,247.000,29,86.000,1,84.000,3,260.000,30,262.000,29,271.000,20,320.000,1,400.000,1,0,31,
122002559000,252.000,1,252.000,32,251.000,29,247.000,29,244.000,20,86.000,1,259.000,20,260.000,30,262.000,29,271.000,20,320.000,1,0,31,
122003109000,252.000,1,252.000,11,251.000,29,247.000,29,244.000,20,86.000,1,259.000,20,260.000,9,262.000,29,271.000,20,320.000,1,0,31,
122003109000,252.000,1,252.000,32,251.000,29,247.000,29,244.000,20,86.000,1,259.000,41,260.000,9,262.000,29,271.000,20,320.000,1,0,31,
122003371000,252.000,1,252.000,32,251.000,29,247.000,29,86.000,1,84.000,3,259.000,21,260.000,9,262.000,29,271.000,20,320.000,1,0,31,
122003372000,252.000,1,252.000,32,251.000,29,247.000,29,245.000,20,86.000,1,259.000,21,260.000,29,262.000,29,271.000,20,320.000,1,0,31,
122003372000,252.000,1,252.000,32,251.000,29,247.000,29,245.000,20,86.000,1,259.000,30,260.000,29,262.000,29,271.000,20,320.000,1,0,31,
122005109000,252.000,1,252.000,11,251.000,29,247.000,29,245.000,20,86.000,1,259.000,9,260.000,29,262.000,29,271.000,20,320.000,1,0,31,
122005109000,252.000,1,252.000,32,251.000,29,247.000,29,245.000,20,86.000,1,259.000,9,260.000,50,262.000,29,271.000,20,320.000,1,0,31,
122005109000,252.000,1,252.000,32,251.000,29,247.000,29,245.000,20,86.000,1,260.000,50,262.000,29,271.000,20,320.000,1,400.000,1,0,31,
122005153000,252.000,1,252.000,32,251.000,29,248.000,20,247.000,29,245.000,20,260.000,50,262.000,29,263.000,20,271.000,20,320.000,1,0,31,
122009103000,252.000,1,252.000,11,251.000,29,248.000,20,247.000,29,245.000,20,260.000,29,262.000,29,263.000,20,271.000,20,320.000,1,0,31,
122009103000,252.000,1,252.000,32,251.000,29,248.000,20,247.000,29,245.000,20,259.000,21,260.000,29,262.000,29,263.000,20,271.000,20,0,31,
122009103000,252.000,1,252.000,32,251.000,29,248.000,20,247.000,29,245.000,20,259.000,30,260.000,29,262.000,29,263.000,20,271.000,20,0,31,
122011094000,252.000,1,252.000,11,251.000,29,248.000,20,247.000,29,245.000,20,259.000,9,260.000,29,262.000,29,263.000,20,271.000,20,0,31,
122011094000,252.000,1,252.000,32,251.000,29,248.000,20,247.000,29,245.000,20,259.000,9,260.000,50,262.000,29,263.000,20,271.000,20,0,31,
122011095000,252.000,1,252.000,32,251.000,29,248.000,20,247.000,29,245.000,20,260.000,50,262.000,29,263.000,20,271.000,20,320.000,1,0,31,
122011212000,252.000,1,252.000,32,251.000,29,248.000,20,247.000,29,86.000,1,260.000,30,262.000,29,263.000,20,271.000,20,320.000,1,0,31,
122011212000,252.000,1,252.000,32,251.000,29,248.000,20,247.000,29,246.000,20,260.000,30,261.000,20,262.000,29,263.000,20,271.000,20,0,31,
122011243000,252.000,1,252.000,32,251.000,9,248.000,20,247.000,29,246.000,20,260.000,30,261.000,20,262.000,29,263.000,20,320.000,1,0,31,
122011243000,252.000,1,252.000,32,251.000,9,250.000,20,248.000,20,247.000,29,260.000,30,261.000,20,262.000,29,263.000,20,270.000,20,0,31,
122012278000,252.000,1,252.000,32,251.000,9,250.000,20,248.000,20,247.000,29,260.000,30,262.000,29,263.000,20,270.000,20,320.000,1,0,31,
122012278000,252.000,1,252.000,32,251.000,9,250.000,20,248.000,20,247.000,29,260.000,50,262.000,29,263.000,20,270.000,20,320.000,1,0,31,
122013992000,252.000,1,252.000,32,251.000,9,248.000,20,247.000,29,245.000,20,260.000,50,262.000,29,263.000,20,320.000,1,400.000,1,0,31,
122013993000,252.000,1,252.000,32,251.000,29,248.000,20,247.000,29,245.000,20,260.000,50,262.000,29,263.000,20,271.000,20,320.000,1,0,31,
122014200000,252.000,1,252.000,32,251.000,29,248.000,20,247.000,29,86.000,1,260.000,30,262.000,29,263.000,20,271.000,20,320.000,1,0,31,
122014200000,252.000,1,252.000,32,251.000,29,248.000,20,247.000,29,244.000,20,259.000,20,260.000,30,262.000,29,263.000,20,271.000,20,0,31,
122014201000,252.000,1,252.000,32,251.000,29,248.000,20,247.000,29,244.000,20,259.000,29,260.000,30,262.000,29,263.000,20,271.000,20,0,31,
122014381000,252.000,1,252.000,32,251.000,29,247.000,29,244.000,20,86.000,1,259.000,29,260.000,30,262.000,29,271.000,20,320.000,1,0,31,
122014822000,252.000,1,252.000,32,251.000,29,247.000,29,86.000,1,84.000,3,259.000,9,260.000,30,262.000,29,271.000,20,320.000,1,0,31,
122014822000,252.000,1,252.000,32,251.000,29,247.000,29,245.000,20,86.000,1,259.000,9,260.000,50,262.000,29,271.000,20,320.000,1,0,31,
122014822000,252.000,1,252.000,32,251.000,29,247.000,29,245.000,20,86.000,1,260.000,50,262.000,29,271.000,20,320.000,1,400.000,1,0,31,
122014888000,252.000,1,252.000,32,251.000,29,248.000,20,247.000,29,245.000,20,260.000,50,262.000,29,263.000,20,271.000,20,320.000,1,0,31,
122014947000,252.000,1,252.000,32,251.000,29,248.000,20,247.000,29,86.000,1,260.000,30,262.000,29,263.000,20,271.000,20,320.000,1,0,31,
122015403000,252.000,1,252.000,32,251.000,29,248.000,20,247.000,29,244.000,20,259.000,20,260.000,30,262.000,29,263.000,20,271.000,20,0,31,
122015654000,252.000,1,252.000,32,251.000,29,248.000,20,247.000,29,86.000,1,260.000,30,262.000,29,263.000,20,271.000,20,320.000,1,0,31,
122016019000,252.000,1,252.000,32,251.000,29,248.000,20,247.000,29,245.000,20,260.000,50,262.000,29,263.000,20,271.000,20,320.000,1,0,31,
122017743000,252.000,1,252.000,32,251.000,9,248.000,20,247.000,29,245.000,20,260.000,50,262.000,29,263.000,20,320.000,1,400.000,1,0,31,
122017743000,252.000,1,252.000,32,251.000,9,250.000,20,248.000,20,247.000,29,260.000,50,262.000,29,263.000,20,270.000,20,320.000,1,0,31,
122017770000,252.000,1,252.000,32,251.000,9,250.000,20,248.000,20,247.000,29,260.000,30,262.000,29,263.000,20,270.000,20,320.000,1,0,31,
122017770000,252.000,1,252.000,32,251.000,9,250.000,20,248.000,20,247.000,29,260.000,30,261.000,20,262.000,29,263.000,20,270.000,20,0,31,
122017999000,252.000,1,252.000,32,251.000,9,250.000,20,248.000,20,247.000,29,260.000,30,262.000,29,263.000,20,270.000,20,320.000,1,0,31,
122018368000,252.000,1,252.000,32,251.000,9,250.000,20,248.000,20,247.000,29,260.000,30,261.000,20,262.000,29,263.000,20,270.000,20,0,31,
122018744000,252.000,1,252.000,32,251.000,9,250.000,20,248.000,20,247.000,29,260.000,30,262.000,29,263.000,20,270.000,20,320.000,1,0,31,
122018868000,252.000,1,252.000,32,251.000,9,250.000,20,248.000,20,247.000,29,260.000,50,262.000,29,263.000,20,270.000,20,320.000,1,0,31,
122020117000,252.000,1,252.000,32,251.000,9,248.000,20,247.000,29,245.000,20,260.000,50,262.000,29,263.000,20,320.000,1,400.000,1,0,31,
122020117000,252.000,1,252.000,32,251.000,29,248.000,20,247.000,29,245.000,20,260.000,50,262.000,29,263.000,20,271.000,20,320.000,1,0,31,
122020982000,252.000,1,252.000,32,251.000,29,248.000,20,247.000,29,86.000,1,260.000,30,262.000,29,263.000,20,271.000,20,320.000,1,0,31,
122020982000,252.000,1,252.000,32,251.000,29,248.000,20,247.000,29,244.000,20,259.000,20,260.000,30,262.000,29,263.000,20,271.000,20,0,31,
122021756000,252.000,1,252.000,32,251.000,29,248.000,20,247.000,29,244.000,20,259.000,29,260.000,30,262.000,29,263.000,20,271.000,20,0,31,
122021775000,252.000,1,252.000,32,251.000,29,248.000,20,247.000,29,86.000,1,259.000,9,260.000,30,262.000,29,263.000,20,271.000,20,0,31,
122021775000,252.000,1,252.000,32,251.000,29,248.000,20,247.000,29,245.000,20,259.000,9,260.000,50,262.000,29,263.000,20,271.000,20,0,31,
122021775000,252.000,1,252.000,32,251.000,29,248.000,20,247.000,29,245.000,20,260.000,50,262.000,29,263.000,20,271.000,20,320.000,1,0,31,
122022649000,252.000,1,252.000,32,251.000,29,248.000,20,247.000,29,86.000,1,260.000,30,262.000,29,263.000,20,271.000,20,320.000,1,0,31,
122022649000,252.000,1,252.000,32,251.000,29,248.000,20,247.000,29,244.000,20,259.000,20,260.000,30,262.000,29,263.000,20,271.000,20,0,31,
122022649000,252.000,1,252.000,32,251.000,29,248.000,20,247.000,29,244.000,20,259.000,29,260.000,30,262.000,29,263.000,20,271.000,20,0,31,
122022775000,252.000,1,252.000,32,251.000,29,248.000,20,247.000,29,86.000,1,259.000,9,260.000,30,262.000,29,263.000,20,271.000,20,0,31,
122022775000,252.000,1,252.000,32,251.000,29,248.000,20,247.000,29,86.000,1,260.000,30,262.000,29,263.000,20,271.000,20,320.000,1,0,31,
122022862000,252.000,1,252.000,32,251.000,29,247.000,29,86.000,1,84.000,3,260.000,30,262.000,29,271.000,20,320.000,1,400.000,1,0,31,
122023149000,252.000,1,252.000,32,251.000,29,247.000,29,245.000,20,86.000,1,260.000,50,262.000,29,271.000,20,320.000,1,400.000,1,0,31,
122023205000,252.000,1,252.000,32,251.000,29,248.000,20,247.000,29,245.000,20,260.000,50,262.000,29,263.000,20,271.000,20,320.000,1,0,31,
122023719000,252.000,1,252.000,11,251.000,29,248.000,20,247.000,29,245.000,20,260.000,29,262.000,29,263.000,20,271.000,20,320.000,1,0,31,
122023719000,252.000,1,252.000,32,251.000,29,248.000,20,247.000,29,245.000,20,259.000,21,260.000,29,262.000,29,263.000,20,271.000,20,0,31,
122024115000,252.000,1,252.000,11,251.000,29,248.000,20,247.000,29,245.000,20,260.000,29,262.000,29,263.000,20,271.000,20,320.000,1,0,31,
122024115000,252.000,1,252.000,32,251.000,29,248.000,20,247.000,29,245.000,20,260.000,50,262.000,29,263.000,20,271.000,20,320.000,1,0,31,
122026117000,252.000,1,252.000,11,251.000,29,248.000,20,247.000,29,245.000,20,260.000,29,262.000,29,263.000,20,271.000,20,320.000,1,0,31,
122026117000,252.000,1,252.000,32,251.000,29,248.000,20,247.000,29,245.000,20,259.000,21,260.000,29,262.000,29,263.000,20,271.000,20,0,31,
122026117000,252.000,1,252.000,32,251.000,29,248.000,20,247.000,29,245.000,20,259.000,30,260.000,29,262.000,29,263.000,20,271.000,20,0,31,
122026720000,252.000,1,252.000,11,251.000,29,248.000,20,247.000,29,245.000,20,259.000,9,260.000,29,262.000,29,263.000,20,271.000,20,0,31,
122026720000,252.000,1,252.000,32,251.000,29,248.000,20,247.000,29,245.000,20,259.000,9,260.000,50,262.000,29,263.000,20,271.000,20,0,31,
122026720000,252.000,1,252.000,32,251.000,29,248.000,20,247.000,29,245.000,20,260.000,50,262.000,29,263.000,20,271.000,20,320.000,1,0,31,
122030131000,252.000,1,252.000,11,251.000,29,248.000,20,247.000,29,245.000,20,260.000,29,262.000,29,263.000,20,271.000,20,320.000,1,0,31,
122030131000,252.000,1,252.000,32,251.000,29,248.000,20,247.000,29,245.000,20,259.000,21,260.000,29,262.000,29,263.000,20,271.000,20,0,31,
122030131000,252.000,1,252.000,32,251.000,29,248.000,20,247.000,29,245.000,20,259.000,30,260.000,29,262.000,29,263.000,20,271.000,20,0,31,
122035754000,252.000,1,252.000,32,251.000,29,248.000,20,247.000,29,86.000,1,259.000,30,260.000,9,262.000,29,263.000,20,271.000,20,0,31,
122035754000,252.000,1,252.000,32,251.000,29,248.000,20,247.000,29,244.000,20,259.000,50,260.000,9,262.000,29,263.000,20,271.000,20,0,31,
122036245000,252.000,1,252.000,32,251.000,9,248.000,20,247.000,29,244.000,20,259.000,50,260.000,9,262.000,29,263.000,20,320.000,1,0,31,
122036245000,252.000,1,252.000,32,251.000,9,250.000,20,248.000,20,247.000,29,259.000,50,260.000,9,262.000,29,263.000,20,270.000,20,0,31,
122036724000,252.000,1,252.000,11,251.000,9,250.000,20,248.000,20,247.000,29,259.000,29,260.000,9,262.000,29,263.000,20,270.000,20,0,31,
122036724000,252.000,1,252.000,11,251.000,9,250.000,41,248.000,20,247.000,29,259.000,50,260.000,9,262.000,29,263.000,20,270.000,20,0,31,
122039834000,252.000,1,252.000,11,251.000,9,250.000,41,248.000,20,247.000,29,259.000,30,260.000,9,262.000,29,263.000,20,270.000,20,0,31,
122039834000,252.000,1,252.000,11,251.000,9,250.000,41,248.000,20,247.000,29,258.000,20,259.000,30,260.000,9,262.000,29,263.000,20,0,31,
122039835000,252.000,1,252.000,11,251.000,9,250.000,41,248.000,20,247.000,29,258.000,29,259.000,30,260.000,9,262.000,29,263.000,20,0,31,
122039836000,252.000,1,252.000,11,251.000,9,250.000,41,247.000,29,243.000,20,258.000,29,259.000,30,260.000,9,262.000,29,270.000,20,0,31,
122039969000,252.000,1,252.000,11,251.000,9,250.000,41,247.000,49,243.000,20,258.000,29,259.000,30,260.000,9,262.000,49,270.000,20,0,31,
122040006000,252.000,1,252.000,11,251.000,9,250.000,41,247.000,49,243.000,20,258.000,29,259.000,30,262.000,49,270.000,20,320.000,1,0,31,
122040127000,252.000,1,252.000,11,251.000,9,250.000,20,247.000,49,243.000,20,258.000,29,259.000,9,262.000,49,270.000,20,320.000,1,0,31,
122040127000,252.000,1,252.000,11,251.000,9,250.000,41,247.000,49,243.000,20,257.000,21,258.000,29,259.000,9,262.000,49,270.000,20,0,31,
122040756000,252.000,1,252.000,11,251.000,9,250.000,41,247.000,49,243.000,20,257.000,30,258.000,29,259.000,9,262.000,49,270.000,20,0,31,
122040897000,252.000,1,252.000,11,251.000,9,250.000,41,247.000,29,243.000,20,257.000,30,258.000,29,259.000,9,262.000,29,270.000,20,0,31,
122040994000,252.000,1,252.000,11,251.000,9,250.000,21,247.000,29,243.000,20,257.000,30,258.000,29,259.000,9,262.000,29,320.000,1,0,31,
122040994000,252.000,1,252.000,11,251.000,9,250.000,21,248.000,20,247.000,29,257.000,30,258.000,29,259.000,9,262.000,29,263.000,20,0,31,
122041006000,252.000,1,252.000,11,251.000,9,250.000,21,248.000,20,247.000,29,257.000,30,258.000,29,262.000,29,263.000,20,320.000,1,0,31,
122041296000,252.000,1,252.000,11,251.000,9,250.000,21,248.000,20,247.000,9,257.000,30,258.000,29,262.000,9,263.000,20,320.000,1,0,31,
122041296000,252.000,1,252.000,11,251.000,9,250.000,21,248.000,20,247.000,9,257.000,30,258.000,29,263.000,20,320.000,1,400.000,1,0,31,
122041297000,252.000,1,252.000,11,251.000,9,250.000,21,248.000,20,247.000,9,257.000,30,258.000,29,260.000,9,263.000,20,320.000,1,0,31,
122041332000,252.000,1,252.000,11,251.000,9,250.000,21,248.000,20,247.000,9,257.000,30,258.000,9,260.000,9,263.000,20,320.000,1,0,31,
122041332000,252.000,1,252.000,11,251.000,9,250.000,21,248.000,20,247.000,9,257.000,50,258.000,9,260.000,9,263.000,20,320.000,1,0,31,
122041334000,252.000,1,252.000,2,251.000,9,250.000,21,248.000,20,247.000,9,257.000,50,258.000,9,260.000,9,263.000,20,320.000,1,0,31,
122041396000,252.000,1,252.000,2,251.000,9,250.000,21,248.000,20,242.000,20,257.000,50,258.000,9,260.000,9,263.000,20,320.000,1,0,31,
122041399000,252.000,1,252.000,2,251.000,9,248.000,20,242.000,20,86.000,1,257.000,29,258.000,9,260.000,9,263.000,20,320.000,1,0,31,
122041399000,252.000,1,252.000,2,251.000,9,248.000,41,242.000,20,86.000,1,257.000,50,258.000,9,260.000,9,263.000,20,320.000,1,0,31,
122041494000,252.000,1,252.000,2,251.000,9,248.000,21,242.000,20,86.000,1,257.000,50,258.000,9,260.000,9,320.000,1,400.000,1,0,31,
122041494000,252.000,1,252.000,2,251.000,9,248.000,21,247.000,20,242.000,20,257.000,50,258.000,9,260.000,9,262.000,20,320.000,1,0,31,
122041506000,252.000,1,252.000,2,251.000,9,248.000,21,247.000,20,245.000,20,257.000,50,258.000,9,260.000,29,262.000,20,320.000,1,0,31,
122041977000,252.000,1,252.000,2,251.000,9,248.000,21,247.000,20,245.000,29,257.000,50,258.000,9,260.000,29,262.000,20,320.000,1,0,31,
122042868000,252.000,1,252.000,2,251.000,9,248.000,21,245.000,29,242.000,20,257.000,50,258.000,9,260.000,29,320.000,1,400.000,1,0,31,
122042868000,252.000,1,252.000,2,251.000,9,248.000,41,245.000,29,242.000,20,257.000,50,258.000,9,260.000,29,263.000,20,320.000,1,0,31,
122044411000,252.000,1,252.000,2,251.000,9,248.000,41,245.000,29,86.000,1,257.000,30,258.000,9,260.000,29,263.000,20,320.000,1,0,31,
122044411000,252.000,1,252.000,2,251.000,9,248.000,41,245.000,29,243.000,20,257.000,30,258.000,29,260.000,29,263.000,20,320.000,1,0,31,
122044607000,252.000,1,252.000,2,251.000,9,248.000,41,247.000,20,245.000,29,257.000,30,258.000,29,260.000,29,262.000,20,263.000,20,0,31,
122044756000,252.000,1,252.000,7,251.000,9,248.000,41,247.000,20,245.000,29,257.000,30,258.000,29,260.000,29,262.000,20,263.000,20,0,31,
122045974000,252.000,1,252.000,7,251.000,9,248.000,41,247.000,20,245.000,29,257.000,30,258.000,9,260.000,29,262.000,20,263.000,20,0,31,
122046122000,252.000,1,252.000,7,251.000,9,248.000,41,247.000,20,245.000,29,257.000,50,258.000,9,260.000,29,262.000,20,263.000,20,0,31,
122046350000,252.000,1,252.000,2,251.000,9,248.000,41,247.000,20,245.000,29,257.000,50,258.000,9,260.000,29,262.000,20,263.000,20,0,31,
122048996000,252.000,1,252.000,7,251.000,9,248.000,41,247.000,20,245.000,29,257.000,50,258.000,9,260.000,29,262.000,20,263.000,20,0,31,
122048998000,252.000,1,252.000,7,251.000,9,248.000,41,247.000,20,245.000,29,257.000,30,258.000,9,260.000,29,262.000,20,263.000,20,0,31,
122048998000,252.000,1,252.000,7,251.000,9,248.000,41,247.000,20,245.000,29,257.000,30,258.000,29,260.000,29,262.000,20,263.000,20,0,31,
122049617000,252.000,1,252.000,7,251.000,9,248.000,21,247.000,20,245.000,29,257.000,30,258.000,29,260.000,29,262.000,20,320.000,1,0,31,
122049617000,252.000,1,252.000,7,251.000,9,249.000,20,248.000,21,247.000,20,257.000,30,258.000,29,260.000,29,262.000,20,264.000,20,0,31,
122050122000,252.000,1,252.000,7,251.000,9,249.000,20,248.000,21,247.000,20,257.000,30,258.000,9,260.000,29,262.000,20,264.000,20,0,31,
122050122000,252.000,1,252.000,7,251.000,9,249.000,20,248.000,21,247.000,20,257.000,50,258.000,9,260.000,29,262.000,20,264.000,20,0,31,
122051495000,252.000,1,252.000,7,251.000,9,249.000,20,248.000,21,247.000,20,257.000,30,258.000,9,260.000,29,262.000,20,264.000,20,0,31,
122051495000,252.000,1,252.000,7,251.000,9,249.000,20,248.000,21,247.000,20,257.000,30,258.000,29,260.000,29,262.000,20,264.000,20,0,31,
122053487000,252.000,1,252.000,7,251.000,9,249.000,20,248.000,21,247.000,20,257.000,30,258.000,9,260.000,29,262.000,20,264.000,20,0,31,
122053487000,252.000,1,252.000,7,251.000,9,249.000,20,248.000,21,247.000,20,257.000,50,258.000,9,260.000,29,262.000,20,264.000,20,0,31,
122053611000,252.000,1,252.000,7,251.000,9,249.000,20,248.000,21,247.000,20,257.000,30,258.000,9,260.000,29,262.000,20,264.000,20,0,31,
122054103000,252.000,1,252.000,7,251.000,9,249.000,20,248.000,21,247.000,20,257.000,50,258.000,9,260.000,29,262.000,20,264.000,20,0,31,
122054854000,252.000,1,252.000,7,251.000,9,249.000,20,248.000,21,247.000,20,257.000,30,258.000,9,260.000,29,262.000,20,264.000,20,0,31,
122054854000,252.000,1,252.000,7,251.000,9,249.000,20,248.000,21,247.000,20,257.000,30,258.000,29,260.000,29,262.000,20,264.000,20,0,31,
122054920000,252.000,1,252.000,7,251.000,9,249.000,20,247.000,20,245.000,29,257.000,9,258.000,29,260.000,29,262.000,20,264.000,20,0,31,
122054920000,252.000,1,252.000,7,251.000,9,249.000,41,247.000,20,245.000,29,257.000,30,258.000,29,260.000,29,262.000,20,264.000,20,0,31,
122054926000,252.000,1,252.000,7,251.000,9,249.000,41,247.000,20,245.000,29,257.000,21,258.000,29,260.000,29,262.000,20,264.000,20,0,31,
122054927000,252.000,1,252.000,7,251.000,9,249.000,41,247.000,20,245.000,29,257.000,30,258.000,29,260.000,29,262.000,20,264.000,20,0,31,
122101197000,252.000,1,252.000,7,251.000,9,249.000,21,247.000,20,245.000,29,257.000,30,258.000,29,260.000,29,262.000,20,320.000,1,0,31,
122104073000,252.000,1,252.000,7,251.000,9,247.000,20,245.000,29,243.000,20,257.000,9,258.000,29,260.000,29,262.000,20,320.000,1,0,31,
122104073000,252.000,1,252.000,7,251.000,9,250.000,21,247.000,20,245.000,29,257.000,9,258.000,50,260.000,29,262.000,20,320.000,1,0,31,
122104075000,252.000,1,252.000,7,251.000,9,250.000,21,247.000,20,245.000,29,258.000,50,260.000,29,262.000,20,320.000,1,400.000,1,0,31,
122104185000,252.000,1,252.000,7,251.000,9,250.000,21,247.000,20,245.000,29,258.000,30,260.000,29,262.000,20,320.000,1,400.000,1,0,31,
122104185000,252.000,1,252.000,7,251.000,9,250.000,21,247.000,20,245.000,29,258.000,30,259.000,20,260.000,29,262.000,20,320.000,1,0,31,
122104700000,252.000,1,252.000,7,251.000,9,250.000,21,245.000,29,244.000,20,258.000,30,259.000,20,260.000,29,320.000,1,400.000,1,0,31,
122105185000,252.000,1,252.000,7,251.000,9,250.000,21,245.000,29,86.000,1,258.000,30,260.000,29,320.000,1,400.000,1,414.000,1,0,31,
122105185000,252.000,1,252.000,7,251.000,9,250.000,21,245.000,29,243.000,20,258.000,50,260.000,29,320.000,1,400.000,1,414.000,1,0,31,
122105435000,252.000,1,252.000,7,251.000,9,250.000,21,245.000,29,86.000,1,258.000,30,260.000,29,320.000,1,400.000,1,414.000,1,0,31,
122105483000,252.000,1,252.000,7,251.000,9,250.000,21,245.000,29,86.000,1,258.000,30,260.000,20,320.000,1,400.000,1,414.000,1,0,31,
122105484000,252.000,1,252.000,7,251.000,9,250.000,21,245.000,20,86.000,1,258.000,30,260.000,20,320.000,1,400.000,1,414.000,1,0,31,
122105485000,252.000,1,252.000,7,251.000,9,250.000,21,245.000,20,86.000,1,258.000,30,260.000,20,262.000,9,320.000,1,400.000,1,0,31,
122105485000,252.000,1,252.000,7,251.000,9,250.000,21,247.000,9,245.000,20,258.000,30,260.000,20,262.000,9,320.000,1,400.000,1,0,31,
122105803000,252.000,1,252.000,7,251.000,9,250.000,21,247.000,9,245.000,20,258.000,30,259.000,20,260.000,20,262.000,9,320.000,1,0,31,
122106732000,252.000,1,252.000,7,251.000,9,247.000,9,245.000,20,244.000,20,258.000,9,259.000,20,260.000,20,262.000,9,320.000,1,0,31,
122106732000,252.000,1,252.000,7,251.000,30,247.000,9,245.000,20,244.000,20,258.000,9,259.000,41,260.000,20,262.000,9,320.000,1,0,31,
122106732000,252.000,1,252.000,7,251.000,30,247.000,9,244.000,20,86.000,1,258.000,9,259.000,41,262.000,9,320.000,1,400.000,1,0,31,
122106733000,252.000,1,252.000,7,251.000,30,247.000,9,244.000,20,86.000,1,259.000,41,262.000,9,320.000,1,400.000,1,414.000,1,0,31,
122106733000,252.000,1,252.000,7,251.000,30,247.000,9,244.000,20,86.000,1,259.000,50,262.000,9,320.000,1,400.000,1,414.000,1,0,31,
122106818000,252.000,1,252.000,7,251.000,30,247.000,29,244.000,20,86.000,1,259.000,50,262.000,29,320.000,1,400.000,1,414.000,1,0,31,
122107895000,252.000,1,252.000,7,251.000,30,247.000,49,244.000,20,86.000,1,259.000,50,262.000,49,320.000,1,400.000,1,414.000,1,0,31,
122110981000,252.000,1,252.000,7,251.000,30,247.000,29,244.000,20,86.000,1,259.000,50,262.000,29,320.000,1,400.000,1,414.000,1,0,31,
122112088000,252.000,1,252.000,7,251.000,30,247.000,49,244.000,20,86.000,1,259.000,50,262.000,49,320.000,1,400.000,1,414.000,1,0,31,
122112191000,252.000,1,252.000,7,251.000,30,247.000,49,86.000,1,84.000,3,259.000,30,262.000,49,320.000,1,400.000,1,414.000,1,0,31,
122112191000,252.000,1,252.000,7,251.000,30,247.000,49,243.000,20,86.000,1,258.000,20,259.000,30,262.000,49,320.000,1,400.000,1,0,31,
122112191000,252.000,1,252.000,7,251.000,30,247.000,49,243.000,20,86.000,1,258.000,29,259.000,30,262.000,49,320.000,1,400.000,1,0,31,
122112801000,252.000,1,252.000,7,251.000,9,247.000,49,243.000,20,86.000,1,258.000,29,259.000,9,262.000,49,320.000,1,400.000,1,0,31,
122112801000,252.000,1,252.000,7,251.000,9,250.000,21,247.000,49,243.000,20,258.000,50,259.000,9,262.000,49,320.000,1,400.000,1,0,31,
122113803000,252.000,1,252.000,7,251.000,9,250.000,21,247.000,49,86.000,1,258.000,30,259.000,9,262.000,49,320.000,1,400.000,1,0,31,
122113803000,252.000,1,252.000,7,251.000,9,250.000,21,247.000,49,244.000,20,258.000,30,259.000,29,262.000,49,320.000,1,400.000,1,0,31,
122114429000,252.000,1,252.000,7,251.000,9,250.000,21,247.000,49,86.000,1,258.000,30,259.000,9,262.000,49,320.000,1,400.000,1,0,31,
122114429000,252.000,1,252.000,7,251.000,9,250.000,21,247.000,49,243.000,20,258.000,50,259.000,9,262.000,49,320.000,1,400.000,1,0,31,
122115731000,252.000,1,252.000,7,251.000,9,250.000,21,247.000,49,86.000,1,258.000,30,259.000,9,262.000,49,320.000,1,400.000,1,0,31,
122115731000,252.000,1,252.000,7,251.000,9,250.000,21,247.000,49,244.000,20,258.000,30,259.000,29,262.000,49,320.000,1,400.000,1,0,31,
122120266000,252.000,1,252.000,7,251.000,9,250.000,21,247.000,49,86.000,1,258.000,30,259.000,9,262.000,49,320.000,1,400.000,1,0,31,
122120266000,252.000,1,252.000,7,251.000,9,250.000,21,247.000,49,243.000,20,258.000,50,259.000,9,262.000,49,320.000,1,400.000,1,0,31,
122121000000,252.000,1,252.000,7,251.000,9,250.000,21,247.000,49,86.000,1,258.000,30,259.000,9,262.000,49,320.000,1,400.000,1,0,31,
122121000000,252.000,1,252.000,7,251.000,9,250.000,21,247.000,49,244.000,20,258.000,30,259.000,29,262.000,49,320.000,1,400.000,1,0,31,
122121258000,252.000,1,252.000,7,251.000,9,250.000,21,247.000,49,86.000,1,258.000,30,259.000,9,262.000,49,320.000,1,400.000,1,0,31,
122121507000,252.000,1,252.000,7,251.000,9,250.000,21,247.000,49,243.000,20,258.000,50,259.000,9,262.000,49,320.000,1,400.000,1,0,31,
122122778000,252.000,1,252.000,7,251.000,9,250.000,21,247.000,29,243.000,20,258.000,50,259.000,9,262.000,29,320.000,1,400.000,1,0,31,
122122874000,252.000,1,252.000,7,251.000,9,250.000,21,247.000,29,86.000,1,258.000,30,259.000,9,262.000,29,320.000,1,400.000,1,0,31,
122122874000,252.000,1,252.000,7,251.000,9,250.000,21,247.000,29,242.000,20,257.000,20,258.000,30,259.000,9,262.000,29,320.000,1,0,31,
122122874000,252.000,1,252.000,7,251.000,9,250.000,21,247.000,29,242.000,20,257.000,29,258.000,30,259.000,9,262.000,29,320.000,1,0,31,
122123006000,252.000,1,252.000,7,251.000,9,250.000,21,247.000,29,245.000,20,257.000,29,258.000,30,259.000,9,260.000,20,262.000,29,0,31,
122123006000,252.000,1,252.000,7,251.000,9,250.000,21,247.000,29,245.000,20,257.000,29,258.000,30,260.000,20,262.000,29,320.000,1,0,31,
122123041000,252.000,1,252.000,2,251.000,9,250.000,21,247.000,29,245.000,20,257.000,29,258.000,30,260.000,20,262.000,29,320.000,1,0,31,
122123041000,252.000,1,252.000,2,251.000,9,247.000,29,245.000,20,242.000,20,257.000,29,258.000,9,260.000,20,262.000,29,320.000,1,0,31,
122123041000,252.000,1,252.000,2,251.000,9,249.000,21,247.000,29,245.000,20,257.000,50,258.000,9,260.000,20,262.000,29,320.000,1,0,31,
122125555000,252.000,1,252.000,2,251.000,9,249.000,21,247.000,9,245.000,20,257.000,50,258.000,9,260.000,20,262.000,9,320.000,1,0,31,
122126742000,252.000,1,252.000,2,251.000,9,249.000,21,247.000,9,246.000,20,257.000,50,258.000,9,260.000,20,261.000,20,262.000,9,0,31,
122129821000,252.000,1,252.000,2,251.000,9,249.000,21,247.000,9,246.000,20,257.000,50,258.000,9,260.000,20,261.000,20,320.000,1,0,31,
122129821000,252.000,1,252.000,2,251.000,9,249.000,21,247.000,9,246.000,20,257.000,50,258.000,9,260.000,29,261.000,20,320.000,1,0,31,
122132004000,252.000,1,252.000,2,251.000,9,249.000,21,246.000,20,245.000,20,257.000,50,258.000,9,260.000,29,261.000,20,320.000,1,0,31,
122132177000,252.000,1,252.000,2,251.000,9,246.000,20,245.000,20,244.000,9,257.000,29,258.000,9,260.000,29,261.000,20,320.000,1,0,31,
122132177000,252.000,1,252.000,2,251.000,9,248.000,21,246.000,20,245.000,20,256.000,21,257.000,29,258.000,9,260.000,29,261.000,20,0,31,
122132179000,252.000,1,252.000,2,251.000,9,248.000,21,246.000,20,245.000,20,256.000,30,257.000,29,258.000,9,260.000,29,261.000,20,0,31,
122132248000,252.000,1,252.000,2,251.000,9,248.000,21,246.000,20,245.000,20,256.000,30,257.000,9,258.000,9,260.000,29,261.000,20,0,31,
122132248000,252.000,1,252.000,2,251.000,9,248.000,21,246.000,20,245.000,20,256.000,50,257.000,9,258.000,9,260.000,29,261.000,20,0,31,
122132506000,252.000,1,252.000,2,251.000,9,248.000,21,246.000,20,245.000,20,256.000,50,257.000,9,260.000,29,261.000,20,320.000,1,0,31,
122133000000,252.000,1,252.000,2,251.000,9,248.000,21,246.000,20,245.000,20,256.000,30,257.000,9,260.000,29,261.000,20,320.000,1,0,31,
122133000000,252.000,1,252.000,2,251.000,9,248.000,21,246.000,20,245.000,20,256.000,30,257.000,29,260.000,29,261.000,20,320.000,1,0,31,
122133120000,252.000,1,252.000,2,251.000,9,248.000,21,246.000,20,245.000,20,256.000,30,257.000,9,260.000,29,261.000,20,320.000,1,0,31,
122133620000,252.000,1,252.000,2,251.000,9,248.000,21,246.000,20,245.000,20,256.000,50,257.000,9,260.000,29,261.000,20,320.000,1,0,31,
122134215000,252.000,1,252.000,2,248.000,21,246.000,20,245.000,20,244.000,9,256.000,50,257.000,9,260.000,29,261.000,20,320.000,1,0,31,
122134372000,252.000,1,252.000,2,250.000,9,248.000,21,246.000,20,245.000,20,256.000,50,257.000,9,260.000,29,261.000,20,320.000,1,0,31,
122134749000,252.000,1,252.000,2,250.000,9,246.000,20,245.000,20,244.000,9,256.000,29,257.000,9,260.000,29,261.000,20,320.000,1,0,31,
122134749000,252.000,1,252.000,2,250.000,9,247.000,21,246.000,20,245.000,20,256.000,50,257.000,9,260.000,29,261.000,20,320.000,1,0,31,
122135205000,252.000,1,252.000,2,250.000,9,247.000,21,246.000,20,245.000,20,256.000,30,257.000,9,260.000,29,261.000,20,320.000,1,0,31,
122135205000,252.000,1,252.000,2,250.000,9,247.000,21,246.000,20,245.000,20,256.000,30,257.000,29,260.000,29,261.000,20,320.000,1,0,31,
122135806000,252.000,1,252.000,2,251.000,5,250.000,9,247.000,21,246.000,20,256.000,30,257.000,29,260.000,29,261.000,20,320.000,1,0,31,
122138237000,252.000,1,252.000,2,251.000,5,250.000,9,247.000,21,246.000,20,256.000,30,257.000,9,260.000,29,261.000,20,320.000,1,0,31,
122138237000,252.000,1,252.000,2,251.000,5,250.000,9,247.000,21,246.000,20,256.000,50,257.000,9,260.000,29,261.000,20,320.000,1,0,31,
122138362000,252.000,1,252.000,2,251.000,5,250.000,9,247.000,21,246.000,20,256.000,30,257.000,9,260.000,29,261.000,20,320.000,1,0,31,
122138862000,252.000,1,252.000,2,251.000,5,250.000,9,247.000,21,246.000,20,256.000,30,257.000,29,260.000,29,261.000,20,320.000,1,0,31,
122139455000,252.000,1,252.000,2,251.000,5,250.000,9,247.000,21,245.000,20,256.000,30,257.000,29,260.000,29,320.000,1,400.000,1,0,31,
122139488000,252.000,1,252.000,2,251.000,5,250.000,9,247.000,21,245.000,20,256.000,30,257.000,9,260.000,29,320.000,1,400.000,1,0,31,
122139488000,252.000,1,252.000,2,251.000,5,250.000,9,247.000,21,245.000,20,256.000,50,257.000,9,260.000,29,320.000,1,400.000,1,0,31,
122139495000,252.000,1,252.000,2,250.000,9,247.000,21,245.000,20,244.000,9,256.000,50,257.000,9,260.000,29,320.000,1,400.000,1,0,31,
122139983000,252.000,1,252.000,2,250.000,9,247.000,21,245.000,20,244.000,9,256.000,30,257.000,9,260.000,29,320.000,1,400.000,1,0,31,
122139994000,252.000,1,252.000,2,250.000,9,247.000,21,245.000,20,244.000,9,255.000,20,256.000,30,257.000,9,260.000,29,320.000,1,0,31,
122140082000,252.000,1,252.000,2,250.000,9,247.000,21,245.000,40,244.000,9,255.000,20,256.000,30,257.000,9,260.000,49,320.000,1,0,31,
122140108000,252.000,1,252.000,2,250.000,9,247.000,21,245.000,40,244.000,9,256.000,30,257.000,9,260.000,49,320.000,1,400.000,1,0,31,
122140597000,252.000,1,252.000,2,250.000,9,247.000,21,245.000,40,244.000,9,256.000,50,257.000,9,260.000,49,320.000,1,400.000,1,0,31,
122142842000,252.000,1,252.000,2,250.000,9,247.000,21,245.000,20,244.000,9,256.000,50,257.000,9,260.000,29,320.000,1,400.000,1,0,31,
122142842000,252.000,2,252.000,2,250.000,9,247.000,21,245.000,20,244.000,9,256.000,50,257.000,9,260.000,29,320.000,1,400.000,1,1,33,122142842000
122142842000,252.000,2,250.000,9,247.000,21,245.000,20,244.000,9,241.000,20,252.000,18,256.000,50,257.000,9,260.000,29,320.000,1,0,33,
122142844000,252.000,2,250.000,9,247.000,21,245.000,20,244.000,9,241.000,20,256.000,50,257.000,9,260.000,29,320.000,1,400.000,1,0,33,
122142844000,252.000,2,247.000,21,245.000,20,244.000,9,241.000,20,86.000,1,256.000,50,257.000,9,260.000,29,320.000,1,400.000,1,0,33,
122142855000,252.000,2,247.000,21,245.000,40,244.000,9,241.000,20,86.000,1,256.000,50,257.000,9,260.000,49,320.000,1,400.000,1,0,33,
122142888000,252.000,2,247.000,21,245.000,40,244.000,9,241.000,20,86.000,1,256.000,50,257.000,9,260.000,40,320.000,1,400.000,1,0,33,
122142892000,252.000,2,247.000,21,245.000,40,244.000,9,241.000,20,86.000,1,256.000,50,257.000,9,258.000,9,260.000,40,320.000,1,0,33,
122142893000,252.000,2,247.000,21,245.000,40,244.000,9,86.000,1,84.000,3,256.000,30,257.000,9,258.000,9,260.000,40,320.000,1,0,33,
122142893000,252.000,2,247.000,21,245.000,40,244.000,9,240.000,20,86.000,1,255.000,20,256.000,30,257.000,9,258.000,9,260.000,40,0,33,
122142894000,252.000,2,245.000,40,244.000,9,240.000,20,86.000,1,84.000,3,255.000,20,256.000,9,257.000,9,258.000,9,260.000,40,0,33,
122142894000,252.000,2,246.000,21,245.000,40,244.000,9,240.000,20,86.000,1,254.000,21,255.000,20,256.000,9,257.000,9,258.000,9,0,33,
122142960000,252.000,2,246.000,21,245.000,20,244.000,9,240.000,20,86.000,1,254.000,21,255.000,20,256.000,9,257.000,9,258.000,9,0,33,
122143006000,252.000,2,246.000,21,245.000,20,244.000,9,243.000,20,240.000,20,254.000,21,255.000,20,256.000,9,257.000,9,258.000,29,0,33,
122143227000,252.000,2,246.000,21,245.000,20,244.000,9,243.000,20,240.000,20,254.000,30,255.000,20,256.000,9,257.000,9,258.000,29,0,33,
122143227000,252.000,2,246.000,30,245.000,20,244.000,9,243.000,20,240.000,20,254.000,30,255.000,20,256.000,9,257.000,9,258.000,29,0,33,
122143506000,252.000,2,246.000,30,245.000,20,244.000,9,243.000,20,240.000,20,254.000,30,255.000,20,256.000,9,258.000,29,260.000,20,0,33,
122147534000,252.000,2,246.000,30,244.000,9,243.000,20,240.000,20,86.000,1,254.000,30,255.000,20,256.000,9,258.000,29,320.000,1,0,33,
122148783000,252.000,2,246.000,30,244.000,9,243.000,40,240.000,20,86.000,1,254.000,30,255.000,20,256.000,9,258.000,49,320.000,1,0,33,
122149353000,252.000,2,246.000,30,244.000,9,243.000,40,86.000,1,84.000,3,254.000,30,256.000,9,258.000,49,320.000,1,400.000,1,0,33,
122149353000,252.000,2,246.000,30,244.000,9,243.000,40,239.000,20,86.000,1,254.000,50,256.000,9,258.000,49,320.000,1,400.000,1,0,33,
122149851000,252.000,2,246.000,30,244.000,9,243.000,40,86.000,1,84.000,3,254.000,30,256.000,9,258.000,49,320.000,1,400.000,1,0,33,
122149861000,252.000,2,246.000,30,244.000,9,243.000,40,240.000,20,86.000,1,254.000,30,255.000,20,256.000,9,258.000,49,320.000,1,0,33,
122150227000,252.000,2,246.000,30,244.000,9,243.000,40,86.000,1,84.000,3,254.000,30,256.000,9,258.000,49,320.000,1,400.000,1,0,33,
122150475000,252.000,2,246.000,30,244.000,9,243.000,40,239.000,20,86.000,1,254.000,50,256.000,9,258.000,49,320.000,1,400.000,1,0,33,
122158065000,252.000,2,246.000,30,243.000,40,239.000,20,86.000,1,84.000,3,254.000,50,256.000,9,258.000,49,320.000,1,400.000,1,0,33,
122158188000,252.000,2,246.000,30,243.000,40,242.000,9,239.000,20,86.000,1,254.000,50,256.000,9,258.000,49,320.000,1,400.000,1,0,33,
122200929000,252.000,2,246.000,30,243.000,20,242.000,9,239.000,20,86.000,1,254.000,50,256.000,9,258.000,29,320.000,1,400.000,1,0,33,
122201005000,252.000,2,246.000,30,243.000,20,242.000,9,86.000,1,84.000,3,254.000,30,256.000,9,258.000,29,320.000,1,400.000,1,0,33,
122201005000,252.000,2,246.000,30,243.000,20,242.000,9,238.000,20,86.000,1,253.000,20,254.000,30,256.000,9,258.000,29,320.000,1,0,33,
122201005000,252.000,2,246.000,30,243.000,20,242.000,9,238.000,20,86.000,1,253.000,29,254.000,30,256.000,9,258.000,29,320.000,1,0,33,
122201006000,252.000,2,246.000,30,243.000,20,242.000,9,238.000,20,86.000,1,253.000,29,254.000,30,258.000,29,320.000,1,400.000,1,0,33,
122201177000,252.000,2,246.000,9,243.000,20,242.000,9,238.000,20,86.000,1,253.000,29,254.000,9,258.000,29,320.000,1,400.000,1,0,33,
122201177000,252.000,2,246.000,9,245.000,21,243.000,20,242.000,9,238.000,20,253.000,50,254.000,9,258.000,29,320.000,1,400.000,1,0,33,
122201177000,252.000,2,245.000,21,243.000,20,242.000,9,238.000,20,86.000,1,253.000,50,254.000,9,258.000,29,320.000,1,400.000,1,0,33,
122201177000,252.000,2,245.000,21,243.000,29,242.000,9,238.000,20,86.000,1,253.000,50,254.000,9,258.000,29,320.000,1,400.000,1,0,33,
122201177000,252.000,2,245.000,30,243.000,29,242.000,9,238.000,20,86.000,1,253.000,50,254.000,9,258.000,29,320.000,1,400.000,1,0,33,
122201178000,252.000,2,245.000,30,243.000,49,242.000,9,238.000,20,86.000,1,253.000,50,254.000,9,258.000,49,320.000,1,400.000,1,0,33,
122201246000,252.000,2,245.000,30,243.000,49,242.000,9,86.000,1,84.000,3,253.000,30,254.000,9,258.000,49,320.000,1,400.000,1,0,33,
122201617000,252.000,2,245.000,30,243.000,49,242.000,9,239.000,20,86.000,1,253.000,30,254.000,29,258.000,49,320.000,1,400.000,1,0,33,
122202848000,252.000,2,245.000,30,243.000,49,242.000,9,86.000,1,84.000,3,253.000,30,254.000,9,258.000,49,320.000,1,400.000,1,0,33,
122202848000,252.000,2,245.000,30,243.000,49,242.000,9,238.000,20,86.000,1,253.000,50,254.000,9,258.000,49,320.000,1,400.000,1,0,33,
122202881000,252.000,2,245.000,30,243.000,49,242.000,9,238.000,20,86.000,1,253.000,50,254.000,9,258.000,40,320.000,1,400.000,1,0,33,
122202882000,252.000,2,245.000,30,243.000,49,242.000,9,238.000,20,86.000,1,253.000,50,254.000,9,256.000,9,258.000,40,320.000,1,0,33,
122204247000,252.000,2,245.000,30,243.000,49,242.000,9,86.000,1,84.000,3,253.000,30,254.000,9,256.000,9,258.000,40,320.000,1,0,33,
122204247000,252.000,2,245.000,30,243.000,49,242.000,9,239.000,20,86.000,1,253.000,30,254.000,29,256.000,9,258.000,40,320.000,1,0,33,
122204997000,252.000,2,245.000,30,243.000,49,242.000,9,86.000,1,84.000,3,253.000,30,254.000,9,256.000,9,258.000,40,320.000,1,0,33,
122204997000,252.000,2,245.000,30,243.000,49,242.000,9,238.000,20,86.000,1,253.000,50,254.000,9,256.000,9,258.000,40,320.000,1,0,33,
122205247000,252.000,2,245.000,30,243.000,49,242.000,9,86.000,1,84.000,3,253.000,30,254.000,9,256.000,9,258.000,40,320.000,1,0,33,
122205612000,252.000,2,245.000,30,243.000,49,242.000,9,239.000,20,86.000,1,253.000,30,254.000,29,256.000,9,258.000,40,320.000,1,0,33,
122206798000,252.000,2,245.000,30,243.000,49,242.000,9,86.000,1,84.000,3,253.000,30,254.000,9,256.000,9,258.000,40,320.000,1,0,33,
122206798000,252.000,2,245.000,30,243.000,49,242.000,9,238.000,20,86.000,1,253.000,50,254.000,9,256.000,9,258.000,40,320.000,1,0,33,
122206925000,252.000,2,245.000,30,243.000,49,242.000,9,86.000,1,84.000,3,253.000,30,254.000,9,256.000,9,258.000,40,320.000,1,0,33,
122207300000,252.000,2,245.000,30,243.000,49,242.000,9,239.000,20,86.000,1,253.000,30,254.000,29,256.000,9,258.000,40,320.000,1,0,33,
122208107000,252.000,2,245.000,30,243.000,49,242.000,9,86.000,1,84.000,3,253.000,30,254.000,9,256.000,9,258.000,40,320.000,1,0,33,
122208107000,252.000,2,245.000,30,243.000,49,242.000,9,238.000,20,86.000,1,253.000,50,254.000,9,256.000,9,258.000,40,320.000,1,0,33,
122208109000,252.000,2,245.000,30,243.000,29,242.000,9,238.000,20,86.000,1,253.000,50,254.000,9,256.000,9,258.000,20,320.000,1,0,33,
122208182000,252.000,2,245.000,9,243.000,29,242.000,9,238.000,20,86.000,1,253.000,29,254.000,9,256.000,9,258.000,20,320.000,1,0,33,
122208182000,252.000,2,245.000,9,244.000,21,243.000,29,242.000,9,238.000,20,252.000,21,253.000,29,254.000,9,256.000,9,258.000,20,0,33,
122208183000,252.000,2,244.000,21,243.000,29,242.000,9,238.000,20,86.000,1,252.000,21,253.000,29,254.000,9,256.000,9,258.000,20,0,33,
122208493000,252.000,2,244.000,21,243.000,29,242.000,9,238.000,20,86.000,1,252.000,30,253.000,29,254.000,9,256.000,9,258.000,20,0,33,
122208493000,252.000,2,244.000,30,243.000,29,242.000,9,238.000,20,86.000,1,252.000,30,253.000,29,254.000,9,256.000,9,258.000,20,0,33,
122208506000,252.000,2,244.000,30,243.000,29,242.000,9,241.000,20,238.000,20,252.000,30,253.000,29,254.000,9,256.000,29,258.000,20,0,33,
122208506000,252.000,2,244.000,30,243.000,29,242.000,9,241.000,20,238.000,20,252.000,30,253.000,29,256.000,29,258.000,20,320.000,1,0,33,
122217607000,252.000,2,244.000,30,243.000,29,242.000,9,241.000,20,86.000,1,252.000,30,253.000,9,256.000,29,258.000,20,320.000,1,0,33,
122217607000,252.000,2,244.000,30,243.000,29,242.000,9,241.000,20,237.000,20,252.000,50,253.000,9,256.000,29,258.000,20,320.000,1,0,33,
122218757000,252.000,2,244.000,30,243.000,29,242.000,9,241.000,20,86.000,1,252.000,30,253.000,9,256.000,29,258.000,20,320.000,1,0,33,
122218757000,252.000,2,244.000,30,243.000,29,242.000,9,241.000,20,238.000,20,252.000,30,253.000,29,256.000,29,258.000,20,320.000,1,0,33,
122220505000,252.000,2,244.000,30,243.000,29,242.000,9,241.000,20,86.000,1,252.000,30,253.000,9,256.000,29,258.000,20,320.000,1,0,33,
122220505000,252.000,2,244.000,30,243.000,29,242.000,9,241.000,20,237.000,20,252.000,50,253.000,9,256.000,29,258.000,20,320.000,1,0,33,
122220888000,252.000,2,244.000,30,243.000,9,242.000,9,241.000,20,237.000,20,252.000,50,253.000,9,256.000,29,320.000,1,400.000,1,0,33,
122222184000,252.000,2,244.000,30,243.000,9,242.000,9,241.000,40,237.000,20,252.000,50,253.000,9,256.000,49,320.000,1,400.000,1,0,33,
122224177000,252.000,2,244.000,30,243.000,9,241.000,40,237.000,20,86.000,1,252.000,50,253.000,9,256.000,49,320.000,1,400.000,1,0,33,
122224178000,252.000,2,244.000,30,243.000,9,241.000,40,240.000,9,237.000,20,252.000,50,253.000,9,256.000,49,320.000,1,400.000,1,0,33,
122224770000,252.000,2,244.000,9,243.000,9,241.000,40,240.000,9,237.000,20,252.000,29,253.000,9,256.000,49,320.000,1,400.000,1,0,33,
122224770000,252.000,2,244.000,9,243.000,30,241.000,40,240.000,9,237.000,20,252.000,50,253.000,9,256.000,49,320.000,1,400.000,1,0,33,
122224771000,252.000,2,244.000,9,243.000,30,241.000,49,240.000,9,237.000,20,252.000,50,253.000,9,256.000,49,320.000,1,400.000,1,0,33,
122224771000,252.000,2,243.000,30,241.000,49,240.000,9,237.000,20,86.000,1,252.000,50,253.000,9,256.000,49,320.000,1,400.000,1,0,33,
122226923000,252.000,2,243.000,30,241.000,29,240.000,9,237.000,20,86.000,1,252.000,50,253.000,9,256.000,29,320.000,1,400.000,1,0,33,
122227467000,252.000,2,243.000,30,241.000,49,240.000,9,237.000,20,86.000,1,252.000,50,253.000,9,256.000,49,320.000,1,400.000,1,0,33,
122228938000,252.000,2,243.000,30,241.000,49,240.000,9,237.000,20,86.000,1,252.000,50,253.000,9,256.000,40,320.000,1,400.000,1,0,33,
122228938000,252.000,2,243.000,30,241.000,49,240.000,9,237.000,20,86.000,1,252.000,50,253.000,9,254.000,9,256.000,40,320.000,1,0,33,
122229235000,252.000,2,243.000,30,241.000,49,240.000,9,86.000,1,84.000,3,252.000,30,253.000,9,254.000,9,256.000,40,320.000,1,0,33,
122229235000,252.000,2,243.000,30,241.000,49,240.000,9,236.000,20,86.000,1,251.000,20,252.000,30,253.000,9,254.000,9,256.000,40,0,33,
122229235000,252.000,2,243.000,30,241.000,49,240.000,9,236.000,20,86.000,1,251.000,29,252.000,30,253.000,9,254.000,9,256.000,40,0,33,
122229506000,252.000,2,243.000,30,241.000,49,240.000,9,236.000,20,86.000,1,251.000,29,252.000,30,254.000,9,256.000,40,320.000,1,0,33,
122229772000,252.000,2,243.000,9,241.000,49,240.000,9,236.000,20,86.000,1,251.000,29,252.000,9,254.000,9,256.000,40,320.000,1,0,33,
122229772000,252.000,2,243.000,30,241.000,49,240.000,9,236.000,20,86.000,1,250.000,21,251.000,29,252.000,9,254.000,9,256.000,40,0,33,
122229773000,252.000,2,243.000,21,241.000,49,240.000,9,236.000,20,86.000,1,250.000,21,251.000,29,252.000,9,254.000,9,256.000,40,0,33,
122229773000,252.000,2,243.000,21,241.000,49,240.000,9,236.000,20,86.000,1,250.000,30,251.000,29,252.000,9,254.000,9,256.000,40,0,33,
122229773000,252.000,2,243.000,30,241.000,49,240.000,9,236.000,20,86.000,1,250.000,30,251.000,29,252.000,9,254.000,9,256.000,40,0,33,
122230006000,252.000,2,243.000,30,241.000,49,240.000,9,236.000,20,86.000,1,250.000,30,251.000,29,254.000,9,256.000,40,320.000,1,0,33,
122230735000,252.000,2,243.000,30,241.000,49,240.000,9,86.000,1,84.000,3,250.000,30,251.000,9,254.000,9,256.000,40,320.000,1,0,33,
122230735000,252.000,2,243.000,30,241.000,49,240.000,9,237.000,20,86.000,1,250.000,30,251.000,9,252.000,20,254.000,9,256.000,40,0,33,
122230773000,252.000,2,243.000,9,241.000,49,240.000,9,237.000,20,86.000,1,250.000,9,251.000,9,252.000,20,254.000,9,256.000,40,0,33,
122230773000,252.000,2,243.000,30,241.000,49,240.000,9,237.000,20,86.000,1,250.000,9,251.000,30,252.000,20,254.000,9,256.000,40,0,33,
122230773000,252.000,2,243.000,30,241.000,49,240.000,9,237.000,20,86.000,1,251.000,30,252.000,20,254.000,9,256.000,40,320.000,1,0,33,
122235328000,252.000,2,243.000,30,241.000,49,240.000,9,86.000,1,84.000,3,251.000,30,254.000,9,256.000,40,320.000,1,400.000,1,0,33,
122235328000,252.000,2,243.000,30,241.000,49,240.000,9,236.000,20,86.000,1,251.000,50,254.000,9,256.000,40,320.000,1,400.000,1,0,33,
122235952000,252.000,2,243.000,30,241.000,49,240.000,9,86.000,1,84.000,3,251.000,30,254.000,9,256.000,40,320.000,1,400.000,1,0,33,
122235952000,252.000,2,243.000,30,241.000,49,240.000,9,237.000,20,86.000,1,251.000,30,252.000,20,254.000,9,256.000,40,320.000,1,0,33,
122236129000,252.000,2,243.000,30,241.000,49,240.000,9,86.000,1,84.000,3,251.000,30,254.000,9,256.000,40,320.000,1,400.000,1,0,33,
122236504000,252.000,2,243.000,30,241.000,49,240.000,9,236.000,20,86.000,1,251.000,50,254.000,9,256.000,40,320.000,1,400.000,1,0,33,
122238622000,252.000,2,243.000,30,241.000,29,240.000,9,236.000,20,86.000,1,251.000,50,254.000,9,256.000,20,320.000,1,400.000,1,0,33,
122238624000,252.000,2,243.000,9,241.000,29,240.000,9,236.000,20,86.000,1,251.000,29,254.000,9,256.000,20,320.000,1,400.000,1,0,33,
122238624000,252.000,2,243.000,9,242.000,21,241.000,29,240.000,9,236.000,20,250.000,21,251.000,29,254.000,9,256.000,20,320.000,1,0,33,
122238625000,252.000,2,242.000,21,241.000,29,240.000,9,236.000,20,86.000,1,250.000,21,251.000,29,254.000,9,256.000,20,320.000,1,0,33,
122238625000,252.000,2,242.000,21,241.000,29,240.000,9,236.000,20,86.000,1,250.000,30,251.000,29,254.000,9,256.000,20,320.000,1,0,33,
122238625000,252.000,2,242.000,30,241.000,29,240.000,9,236.000,20,86.000,1,250.000,30,251.000,29,254.000,9,256.000,20,320.000,1,0,33,
122238724000,252.000,2,242.000,30,241.000,9,240.000,9,236.000,20,86.000,1,250.000,30,251.000,29,254.000,9,320.000,1,400.000,1,0,33,
122238889000,252.000,2,242.000,30,241.000,9,240.000,9,239.000,20,236.000,20,250.000,30,251.000,29,254.000,29,320.000,1,400.000,1,0,33,
122238977000,252.000,2,242.000,30,241.000,9,240.000,29,239.000,20,236.000,20,250.000,30,251.000,29,254.000,29,255.000,20,320.000,1,0,33,
122252000000,252.000,2,242.000,30,241.000,9,240.000,29,239.000,20,86.000,1,250.000,30,251.000,9,254.000,29,255.000,20,320.000,1,0,33,
122252000000,252.000,2,242.000,30,241.000,9,240.000,29,239.000,20,235.000,20,250.000,50,251.000,9,254.000,29,255.000,20,320.000,1,0,33,
122252124000,252.000,2,242.000,30,241.000,9,240.000,29,239.000,20,86.000,1,250.000,30,251.000,9,254.000,29,255.000,20,320.000,1,0,33,
122252499000,252.000,2,242.000,30,241.000,9,240.000,29,239.000,20,236.000,20,250.000,30,251.000,29,254.000,29,255.000,20,320.000,1,0,33,
122253000000,252.000,2,242.000,30,241.000,9,240.000,29,239.000,20,86.000,1,250.000,30,251.000,9,254.000,29,255.000,20,320.000,1,0,33,
122253000000,252.000,2,242.000,30,241.000,9,240.000,29,239.000,20,235.000,20,250.000,50,251.000,9,254.000,29,255.000,20,320.000,1,0,33,
122253249000,252.000,2,242.000,30,241.000,9,240.000,29,239.000,20,86.000,1,250.000,30,251.000,9,254.000,29,255.000,20,320.000,1,0,33,
122253499000,252.000,2,242.000,30,241.000,9,240.000,29,239.000,20,236.000,20,250.000,30,251.000,29,254.000,29,255.000,20,320.000,1,0,33,
122255998000,252.000,2,242.000,30,241.000,9,240.000,29,239.000,20,86.000,1,250.000,30,251.000,9,254.000,29,255.000,20,320.000,1,0,33,
122255998000,252.000,2,242.000,30,241.000,9,240.000,29,239.000,20,237.000,20,250.000,30,251.000,9,252.000,20,254.000,29,255.000,20,0,33,
122256869000,252.000,2,242.000,30,241.000,9,240.000,29,239.000,20,86.000,1,250.000,30,251.000,9,254.000,29,255.000,20,320.000,1,0,33,
122256869000,252.000,2,242.000,30,241.000,9,240.000,29,239.000,20,236.000,20,250.000,30,251.000,29,254.000,29,255.000,20,320.000,1,0,33,
122259000000,252.000,2,242.000,30,241.000,9,240.000,9,239.000,20,236.000,20,250.000,30,251.000,29,254.000,29,320.000,1,400.000,1,0,33,
122259067000,252.000,2,242.000,30,241.000,9,240.000,29,239.000,20,236.000,20,250.000,30,251.000,29,254.000,29,255.000,20,320.000,1,0,33,
122301339000,252.000,2,242.000,30,241.000,9,240.000,29,239.000,20,86.000,1,250.000,30,251.000,9,254.000,29,255.000,20,320.000,1,0,33,
122301339000,252.000,2,242.000,30,241.000,9,240.000,29,239.000,20,237.000,20,250.000,30,251.000,9,252.000,20,254.000,29,255.000,20,0,33,
122303008000,252.000,2,242.000,30,241.000,9,240.000,29,239.000,20,86.000,1,250.000,30,251.000,9,254.000,29,255.000,20,320.000,1,0,33,
122303008000,252.000,2,242.000,30,241.000,9,240.000,29,239.000,20,236.000,20,250.000,30,251.000,29,254.000,29,255.000,20,320.000,1,0,33,
122304140000,252.000,2,242.000,30,241.000,9,240.000,29,239.000,20,86.000,1,250.000,30,251.000,9,254.000,29,255.000,20,320.000,1,0,33,
122304140000,252.000,2,242.000,30,241.000,9,240.000,29,239.000,20,237.000,20,250.000,30,251.000,9,252.000,20,254.000,29,255.000,20,0,33,
122306507000,252.000,2,242.000,30,241.000,9,240.000,29,239.000,20,86.000,1,250.000,30,251.000,9,254.000,29,255.000,20,320.000,1,0,33,
122306507000,252.000,2,242.000,30,241.000,9,240.000,29,239.000,20,236.000,20,250.000,30,251.000,29,254.000,29,255.000,20,320.000,1,0,33,
122306631000,252.000,2,242.000,30,241.000,9,240.000,29,239.000,20,86.000,1,250.000,30,251.000,9,254.000,29,255.000,20,320.000,1,0,33,
122307007000,252.000,2,242.000,30,241.000,9,240.000,29,239.000,20,237.000,20,250.000,30,251.000,9,252.000,20,254.000,29,255.000,20,0,33,
122307789000,252.000,2,242.000,9,241.000,9,240.000,29,239.000,20,237.000,20,250.000,9,251.000,9,252.000,20,254.000,29,255.000,20,0,33,
122307789000,252.000,2,242.000,30,241.000,9,240.000,29,239.000,20,237.000,20,250.000,9,251.000,30,252.000,20,254.000,29,255.000,20,0,33,
122307789000,252.000,2,242.000,30,241.000,9,240.000,38,239.000,20,237.000,20,250.000,9,251.000,30,252.000,20,254.000,29,255.000,20,0,33,
122307789000,252.000,2,242.000,30,241.000,9,240.000,38,239.000,20,237.000,20,250.000,9,251.000,30,252.000,29,254.000,29,255.000,20,0,33,
122307789000,252.000,2,242.000,30,241.000,9,240.000,38,239.000,20,237.000,20,251.000,30,252.000,29,254.000,29,255.000,20,320.000,1,0,33,
122307789000,252.000,2,242.000,21,241.000,9,240.000,38,239.000,20,237.000,20,251.000,30,252.000,29,254.000,29,255.000,20,320.000,1,0,33,
122307789000,252.000,2,242.000,30,241.000,9,240.000,38,239.000,20,237.000,20,251.000,30,252.000,29,254.000,29,255.000,20,320.000,1,0,33,
122308006000,252.000,2,242.000,30,241.000,9,240.000,29,239.000,20,237.000,20,251.000,30,252.000,29,254.000,29,255.000,20,320.000,1,0,33,
122309966000,252.000,2,242.000,30,241.000,9,240.000,29,239.000,20,86.000,1,251.000,30,252.000,9,254.000,29,255.000,20,320.000,1,0,33,
122309966000,252.000,2,242.000,30,241.000,9,240.000,29,239.000,20,236.000,20,251.000,50,252.000,9,254.000,29,255.000,20,320.000,1,0,33,
122310330000,252.000,2,242.000,30,241.000,9,240.000,29,239.000,20,86.000,1,251.000,30,252.000,9,254.000,29,255.000,20,320.000,1,0,33,
122310573000,252.000,2,242.000,30,241.000,9,240.000,29,239.000,20,237.000,20,251.000,30,252.000,29,254.000,29,255.000,20,320.000,1,0,33,
122310654000,252.000,2,242.000,30,241.000,9,240.000,29,239.000,20,86.000,1,251.000,30,252.000,9,254.000,29,255.000,20,320.000,1,0,33,
122310693000,252.000,2,242.000,30,241.000,9,240.000,9,239.000,20,86.000,1,251.000,30,252.000,9,254.000,29,320.000,1,400.000,1,0,33,
122311072000,252.000,2,242.000,30,241.000,9,240.000,9,239.000,20,236.000,20,251.000,50,252.000,9,254.000,29,320.000,1,400.000,1,0,33,
122311278000,252.000,2,242.000,30,241.000,9,240.000,29,239.000,20,236.000,20,251.000,50,252.000,9,254.000,29,255.000,20,320.000,1,0,33,
122311438000,252.000,2,242.000,30,241.000,9,240.000,29,239.000,20,86.000,1,251.000,30,252.000,9,254.000,29,255.000,20,320.000,1,0,33,
122311689000,252.000,2,242.000,30,241.000,9,240.000,29,239.000,20,237.000,20,251.000,30,252.000,29,254.000,29,255.000,20,320.000,1,0,33,
122312202000,252.000,2,242.000,9,241.000,9,240.000,29,239.000,20,237.000,20,251.000,9,252.000,29,254.000,29,255.000,20,320.000,1,0,33,
122312202000,252.000,2,242.000,30,241.000,9,240.000,29,239.000,20,237.000,20,251.000,9,252.000,50,254.000,29,255.000,20,320.000,1,0,33,
122312202000,252.000,2,242.000,30,241.000,9,240.000,29,239.000,20,237.000,20,252.000,50,254.000,29,255.000,20,320.000,1,400.000,1,0,33,
122312202000,252.000,2,242.000,30,241.000,9,240.000,38,239.000,20,237.000,20,252.000,50,254.000,29,255.000,20,320.000,1,400.000,1,0,33,
122312202000,252.000,2,242.000,21,241.000,9,240.000,38,239.000,20,237.000,20,252.000,50,254.000,29,255.000,20,320.000,1,400.000,1,0,33,
122312203000,252.000,2,242.000,30,241.000,9,240.000,38,239.000,20,237.000,20,252.000,50,254.000,29,255.000,20,320.000,1,400.000,1,0,33,
122312506000,252.000,2,242.000,30,241.000,9,240.000,29,239.000,20,237.000,20,252.000,50,254.000,29,255.000,20,320.000,1,400.000,1,0,33,
122316207000,252.000,2,242.000,9,241.000,9,240.000,29,239.000,20,237.000,20,252.000,29,254.000,29,255.000,20,320.000,1,400.000,1,0,33,
122316207000,252.000,2,242.000,30,241.000,9,240.000,29,239.000,20,237.000,20,251.000,21,252.000,29,254.000,29,255.000,20,320.000,1,0,33,
122316208000,252.000,2,242.000,30,241.000,9,240.000,29,239.000,20,237.000,20,251.000,30,252.000,29,254.000,29,255.000,20,320.000,1,0,33,
122329215000,252.000,2,242.000,9,241.000,9,240.000,29,239.000,20,237.000,20,251.000,9,252.000,29,254.000,29,255.000,20,320.000,1,0,33,
122329215000,252.000,2,242.000,30,241.000,9,240.000,29,239.000,20,237.000,20,251.000,9,252.000,50,254.000,29,255.000,20,320.000,1,0,33,
122329215000,252.000,2,242.000,30,241.000,9,240.000,38,239.000,20,237.000,20,251.000,9,252.000,50,254.000,29,255.000,20,320.000,1,0,33,
122329215000,252.000,2,242.000,21,241.000,9,240.000,38,239.000,20,237.000,20,251.000,9,252.000,50,254.000,29,255.000,20,320.000,1,0,33,
122329215000,252.000,2,242.000,21,241.000,9,240.000,38,239.000,20,237.000,20,252.000,50,254.000,29,255.000,20,320.000,1,400.000,1,0,33,
122329215000,252.000,2,242.000,21,241.000,9,240.000,38,239.000,20,237.000,20,251.000,9,252.000,50,254.000,29,255.000,20,320.000,1,0,33,
122329215000,252.000,2,242.000,30,241.000,9,240.000,38,239.000,20,237.000,20,251.000,9,252.000,50,254.000,29,255.000,20,320.000,1,0,33,
122329216000,252.000,2,242.000,30,241.000,9,240.000,38,239.000,20,237.000,20,252.000,50,254.000,29,255.000,20,320.000,1,400.000,1,0,33,
122329506000,252.000,2,242.000,30,241.000,9,240.000,29,239.000,20,237.000,20,252.000,50,254.000,29,255.000,20,320.000,1,400.000,1,0,33,
122331300000,252.000,2,242.000,30,241.000,9,240.000,9,239.000,20,237.000,20,252.000,50,254.000,29,320.000,1,400.000,1,414.000,1,0,33,
122331666000,252.000,2,242.000,30,241.000,29,240.000,9,239.000,20,237.000,20,252.000,50,254.000,29,256.000,20,320.000,1,400.000,1,0,33,
122335205000,252.000,2,242.000,9,241.000,29,240.000,9,239.000,20,237.000,20,252.000,29,254.000,29,256.000,20,320.000,1,400.000,1,0,33,
122335205000,252.000,2,242.000,30,241.000,29,240.000,9,239.000,20,237.000,20,251.000,21,252.000,29,254.000,29,256.000,20,320.000,1,0,33,
122335205000,252.000,2,242.000,21,241.000,29,240.000,9,239.000,20,237.000,20,251.000,21,252.000,29,254.000,29,256.000,20,320.000,1,0,33,
122335205000,252.000,2,242.000,21,241.000,29,240.000,9,239.000,20,237.000,20,251.000,30,252.000,29,254.000,29,256.000,20,320.000,1,0,33,
122335205000,252.000,2,242.000,30,241.000,29,240.000,9,239.000,20,237.000,20,251.000,30,252.000,29,254.000,29,256.000,20,320.000,1,0,33,
122335801000,252.000,2,242.000,9,241.000,29,240.000,9,239.000,20,237.000,20,251.000,9,252.000,29,254.000,29,256.000,20,320.000,1,0,33,
122335801000,252.000,2,242.000,30,241.000,29,240.000,9,239.000,20,237.000,20,251.000,9,252.000,50,254.000,29,256.000,20,320.000,1,0,33,
122335801000,252.000,2,242.000,21,241.000,29,240.000,9,239.000,20,237.000,20,251.000,9,252.000,50,254.000,29,256.000,20,320.000,1,0,33,
122335801000,252.000,2,242.000,21,241.000,29,240.000,9,239.000,20,237.000,20,252.000,50,254.000,29,256.000,20,320.000,1,400.000,1,0,33,
122335801000,252.000,2,242.000,30,241.000,29,240.000,9,239.000,20,237.000,20,252.000,50,254.000,29,256.000,20,320.000,1,400.000,1,0,33,
122336801000,252.000,2,242.000,9,241.000,29,240.000,9,239.000,20,237.000,20,252.000,29,254.000,29,256.000,20,320.000,1,400.000,1,0,33,
122336801000,252.000,2,242.000,30,241.000,29,240.000,9,239.000,20,237.000,20,251.000,21,252.000,29,254.000,29,256.000,20,320.000,1,0,33,
122336801000,252.000,2,242.000,21,241.000,29,240.000,9,239.000,20,237.000,20,251.000,21,252.000,29,254.000,29,256.000,20,320.000,1,0,33,
122336801000,252.000,2,242.000,21,241.000,29,240.000,9,239.000,20,237.000,20,251.000,30,252.000,29,254.000,29,256.000,20,320.000,1,0,33,
122336802000,252.000,2,242.000,30,241.000,29,240.000,9,239.000,20,237.000,20,251.000,30,252.000,29,254.000,29,256.000,20,320.000,1,0,33,
122340225000,252.000,2,242.000,9,241.000,29,240.000,9,239.000,20,237.000,20,251.000,9,252.000,29,254.000,29,256.000,20,320.000,1,0,33,
122340225000,252.000,2,242.000,30,241.000,29,240.000,9,239.000,20,237.000,20,251.000,9,252.000,50,254.000,29,256.000,20,320.000,1,0,33,
122340225000,252.000,2,242.000,30,241.000,29,240.000,9,239.000,20,237.000,20,252.000,50,254.000,29,256.000,20,320.000,1,400.000,1,0,33,
122340225000,252.000,2,242.000,21,241.000,29,240.000,9,239.000,20,237.000,20,252.000,50,254.000,29,256.000,20,320.000,1,400.000,1,0,33,
122340226000,252.000,2,242.000,30,241.000,29,240.000,9,239.000,20,237.000,20,252.000,50,254.000,29,256.000,20,320.000,1,400.000,1,0,33,
122340249000,252.000,2,242.000,30,241.000,29,240.000,9,239.000,20,86.000,1,252.000,30,254.000,29,256.000,20,320.000,1,400.000,1,0,33,
122340249000,252.000,2,242.000,30,241.000,29,240.000,9,239.000,20,238.000,20,252.000,30,253.000,20,254.000,29,256.000,20,320.000,1,0,33,
122340601000,252.000,2,242.000,30,241.000,29,240.000,9,239.000,20,238.000,20,252.000,30,253.000,20,254.000,20,256.000,20,320.000,1,0,33,
122340623000,252.000,2,242.000,30,241.000,29,240.000,9,238.000,20,86.000,1,252.000,30,253.000,20,256.000,20,320.000,1,400.000,1,0,33,
122340625000,252.000,2,242.000,30,241.000,29,240.000,9,86.000,1,84.000,3,252.000,30,256.000,20,320.000,1,400.000,1,414.000,1,0,33,
122340722000,252.000,2,242.000,30,241.000,29,240.000,9,86.000,1,84.000,3,252.000,30,256.000,20,257.000,9,320.000,1,400.000,1,0,33,
122340862000,252.000,2,242.000,30,241.000,49,240.000,9,86.000,1,84.000,3,252.000,30,256.000,40,257.000,9,320.000,1,400.000,1,0,33,
122340869000,252.000,2,242.000,30,241.000,49,240.000,9,239.000,20,86.000,1,252.000,30,254.000,20,256.000,40,257.000,9,320.000,1,0,33,
122341304000,252.000,2,242.000,30,241.000,49,240.000,9,86.000,1,84.000,3,252.000,30,256.000,40,257.000,9,320.000,1,400.000,1,0,33,
122341386000,252.000,2,242.000,30,241.000,49,240.000,9,238.000,20,86.000,1,252.000,30,253.000,20,256.000,40,257.000,9,320.000,1,0,33,
122341500000,252.000,2,242.000,30,241.000,49,240.000,9,86.000,1,84.000,3,252.000,30,256.000,40,257.000,9,320.000,1,400.000,1,0,33,
122342001000,252.000,2,242.000,30,241.000,49,240.000,9,239.000,20,86.000,1,252.000,30,254.000,20,256.000,40,257.000,9,320.000,1,0,33,
122342125000,252.000,2,242.000,30,241.000,49,240.000,9,86.000,1,84.000,3,252.000,30,256.000,40,257.000,9,320.000,1,400.000,1,0,33,
122342500000,252.000,2,242.000,30,241.000,49,240.000,9,239.000,20,86.000,1,252.000,30,254.000,20,256.000,40,257.000,9,320.000,1,0,33,
122342589000,252.000,2,242.000,9,241.000,49,240.000,9,239.000,20,86.000,1,252.000,9,254.000,20,256.000,40,257.000,9,320.000,1,0,33,
122342589000,252.000,2,242.000,30,241.000,49,240.000,9,239.000,20,86.000,1,252.000,9,253.000,21,254.000,20,256.000,40,257.000,9,0,33,
122342590000,252.000,2,242.000,30,241.000,49,240.000,9,239.000,20,86.000,1,253.000,21,254.000,20,256.000,40,257.000,9,320.000,1,0,33,
122342590000,252.000,2,242.000,30,241.000,49,240.000,9,239.000,20,86.000,1,253.000,30,254.000,20,256.000,40,257.000,9,320.000,1,0,33,
122342709000,252.000,2,242.000,30,241.000,49,240.000,9,86.000,1,84.000,3,253.000,30,256.000,40,257.000,9,320.000,1,400.000,1,0,33,
122343110000,252.000,2,242.000,30,241.000,49,240.000,9,238.000,20,86.000,1,253.000,50,256.000,40,257.000,9,320.000,1,400.000,1,0,33,
122345032000,252.000,2,242.000,30,241.000,49,240.000,9,86.000,1,84.000,3,253.000,30,256.000,40,257.000,9,320.000,1,400.000,1,0,33,
122345160000,252.000,2,242.000,30,241.000,49,240.000,9,239.000,20,86.000,1,253.000,30,254.000,20,256.000,40,257.000,9,320.000,1,0,33,
122345782000,252.000,2,242.000,30,241.000,49,240.000,9,86.000,1,84.000,3,253.000,30,256.000,40,257.000,9,320.000,1,400.000,1,0,33,
122345782000,252.000,2,242.000,30,241.000,49,240.000,9,238.000,20,86.000,1,253.000,50,256.000,40,257.000,9,320.000,1,400.000,1,0,33,
122347523000,252.000,2,242.000,30,241.000,49,240.000,9,86.000,1,84.000,3,253.000,30,256.000,40,257.000,9,320.000,1,400.000,1,0,33,
122347523000,252.000,2,242.000,30,241.000,49,240.000,9,239.000,20,86.000,1,253.000,30,254.000,20,256.000,40,257.000,9,320.000,1,0,33,
122347649000,252.000,2,242.000,30,241.000,49,240.000,9,86.000,1,84.000,3,253.000,30,256.000,40,257.000,9,320.000,1,400.000,1,0,33,
122348148000,252.000,2,242.000,30,241.000,49,240.000,9,238.000,20,86.000,1,253.000,50,256.000,40,257.000,9,320.000,1,400.000,1,0,33,
122348891000,252.000,2,242.000,30,241.000,49,240.000,9,86.000,1,84.000,3,253.000,30,256.000,40,257.000,9,320.000,1,400.000,1,0,33,
122348891000,252.000,2,242.000,30,241.000,49,240.000,9,239.000,20,86.000,1,253.000,30,254.000,20,256.000,40,257.000,9,320.000,1,0,33,
122349516000,252.000,2,242.000,30,241.000,49,240.000,9,86.000,1,84.000,3,253.000,30,256.000,40,257.000,9,320.000,1,400.000,1,0,33,
122349516000,252.000,2,242.000,30,241.000,49,240.000,9,238.000,20,86.000,1,253.000,50,256.000,40,257.000,9,320.000,1,400.000,1,0,33,
122351700000,252.000,2,242.000,30,241.000,29,240.000,9,238.000,20,86.000,1,253.000,50,256.000,20,257.000,9,320.000,1,400.000,1,0,33,
122352393000,252.000,2,242.000,30,241.000,49,240.000,9,238.000,20,86.000,1,253.000,50,256.000,40,257.000,9,320.000,1,400.000,1,0,33,
122357583000,252.000,2,242.000,30,241.000,49,240.000,9,238.000,20,86.000,1,253.000,50,256.000,40,320.000,1,400.000,1,414.000,1,0,33,
122357584000,252.000,2,242.000,30,241.000,49,240.000,9,238.000,20,86.000,1,253.000,50,255.000,9,256.000,40,320.000,1,400.000,1,0,33,
122358171000,252.000,2,242.000,30,241.000,49,240.000,9,86.000,1,84.000,3,253.000,30,255.000,9,256.000,40,320.000,1,400.000,1,0,33,
122358171000,252.000,2,242.000,30,241.000,49,240.000,9,237.000,20,86.000,1,252.000,20,253.000,30,255.000,9,256.000,40,320.000,1,0,33,
122358172000,252.000,2,242.000,30,241.000,49,240.000,9,237.000,20,86.000,1,252.000,29,253.000,30,255.000,9,256.000,40,320.000,1,0,33,
122358224000,252.000,2,242.000,9,241.000,49,240.000,9,237.000,20,86.000,1,252.000,29,253.000,9,255.000,9,256.000,40,320.000,1,0,33,
122358224000,252.000,2,242.000,30,241.000,49,240.000,9,237.000,20,86.000,1,251.000,21,252.000,29,253.000,9,255.000,9,256.000,40,0,33,
122358224000,252.000,2,242.000,21,241.000,49,240.000,9,237.000,20,86.000,1,251.000,21,252.000,29,253.000,9,255.000,9,256.000,40,0,33,
122358224000,252.000,2,242.000,21,241.000,49,240.000,9,237.000,20,86.000,1,251.000,30,252.000,29,253.000,9,255.000,9,256.000,40,0,33,
122358225000,252.000,2,242.000,30,241.000,49,240.000,9,237.000,20,86.000,1,251.000,30,252.000,29,253.000,9,255.000,9,256.000,40,0,33,
122358506000,252.000,2,242.000,30,241.000,49,240.000,9,237.000,20,86.000,1,251.000,30,252.000,29,255.000,9,256.000,40,320.000,1,0,33,
122400654000,252.000,2,242.000,30,241.000,49,240.000,9,86.000,1,84.000,3,251.000,30,252.000,9,255.000,9,256.000,40,320.000,1,0,33,
122400654000,252.000,2,242.000,30,241.000,49,240.000,9,238.000,20,86.000,1,251.000,30,252.000,9,253.000,20,255.000,9,256.000,40,0,33,
122404223000,252.000,2,242.000,9,241.000,49,240.000,9,238.000,20,86.000,1,251.000,9,252.000,9,253.000,20,255.000,9,256.000,40,0,33,
122404223000,252.000,2,242.000,30,241.000,49,240.000,9,238.000,20,86.000,1,251.000,9,252.000,30,253.000,20,255.000,9,256.000,40,0,33,
122404223000,252.000,2,242.000,30,241.000,49,240.000,9,238.000,20,86.000,1,252.000,30,253.000,20,255.000,9,256.000,40,320.000,1,0,33,
122404223000,252.000,2,242.000,30,241.000,49,240.000,9,238.000,20,86.000,1,252.000,30,253.000,29,255.000,9,256.000,40,320.000,1,0,33,
122404223000,252.000,2,242.000,21,241.000,49,240.000,9,238.000,20,86.000,1,252.000,30,253.000,29,255.000,9,256.000,40,320.000,1,0,33,
122404223000,252.000,2,242.000,30,241.000,49,240.000,9,238.000,20,86.000,1,252.000,30,253.000,29,255.000,9,256.000,40,320.000,1,0,33,
122405690000,252.000,2,242.000,30,241.000,49,240.000,9,86.000,1,84.000,3,252.000,30,253.000,9,255.000,9,256.000,40,320.000,1,0,33,
122405690000,252.000,2,242.000,30,241.000,49,240.000,9,239.000,20,86.000,1,252.000,30,253.000,9,254.000,20,255.000,9,256.000,40,0,33,
122406942000,252.000,2,242.000,30,241.000,49,240.000,9,86.000,1,84.000,3,252.000,30,253.000,9,255.000,9,256.000,40,320.000,1,0,33,
122406942000,252.000,2,242.000,30,241.000,49,240.000,9,238.000,20,86.000,1,252.000,30,253.000,29,255.000,9,256.000,40,320.000,1,0,33,
122407814000,252.000,2,242.000,9,241.000,49,240.000,9,238.000,20,86.000,1,252.000,9,253.000,29,255.000,9,256.000,40,320.000,1,0,33,
122407814000,252.000,2,242.000,30,241.000,49,240.000,9,238.000,20,86.000,1,252.000,9,253.000,50,255.000,9,256.000,40,320.000,1,0,33,
122407814000,252.000,2,242.000,30,241.000,49,240.000,9,238.000,20,86.000,1,253.000,50,255.000,9,256.000,40,320.000,1,400.000,1,0,33,
122407815000,252.000,2,242.000,21,241.000,49,240.000,9,238.000,20,86.000,1,253.000,50,255.000,9,256.000,40,320.000,1,400.000,1,0,33,
122407815000,252.000,2,242.000,30,241.000,49,240.000,9,238.000,20,86.000,1,253.000,50,255.000,9,256.000,40,320.000,1,400.000,1,0,33,
122408064000,252.000,2,242.000,30,241.000,29,240.000,9,238.000,20,86.000,1,253.000,50,255.000,9,256.000,20,320.000,1,400.000,1,0,33,
122408182000,252.000,2,242.000,30,241.000,29,240.000,9,86.000,1,84.000,3,253.000,30,255.000,9,256.000,20,320.000,1,400.000,1,0,33,
122408182000,252.000,2,242.000,30,241.000,29,240.000,9,239.000,20,86.000,1,253.000,30,254.000,20,255.000,9,256.000,20,320.000,1,0,33,
122408314000,252.000,2,242.000,30,241.000,49,240.000,9,239.000,20,86.000,1,253.000,30,254.000,20,255.000,9,256.000,40,320.000,1,0,33,
122408423000,252.000,2,242.000,30,241.000,49,240.000,9,86.000,1,84.000,3,253.000,30,255.000,9,256.000,40,320.000,1,400.000,1,0,33,
122408758000,252.000,2,242.000,30,241.000,49,240.000,9,238.000,20,86.000,1,253.000,50,255.000,9,256.000,40,320.000,1,400.000,1,0,33,
122408815000,252.000,2,242.000,9,241.000,49,240.000,9,238.000,20,86.000,1,253.000,29,255.000,9,256.000,40,320.000,1,400.000,1,0,33,
122408815000,252.000,2,242.000,30,241.000,49,240.000,9,238.000,20,86.000,1,252.000,21,253.000,29,255.000,9,256.000,40,320.000,1,0,33,
122408815000,252.000,2,242.000,21,241.000,49,240.000,9,238.000,20,86.000,1,252.000,21,253.000,29,255.000,9,256.000,40,320.000,1,0,33,
122408815000,252.000,2,242.000,21,241.000,49,240.000,9,238.000,20,86.000,1,252.000,30,253.000,29,255.000,9,256.000,40,320.000,1,0,33,
122408815000,252.000,2,242.000,30,241.000,49,240.000,9,238.000,20,86.000,1,252.000,30,253.000,29,255.000,9,256.000,40,320.000,1,0,33,
122409880000,252.000,2,242.000,30,241.000,49,240.000,9,86.000,1,84.000,3,252.000,30,253.000,9,255.000,9,256.000,40,320.000,1,0,33,
122409880000,252.000,2,242.000,30,241.000,49,240.000,9,239.000,20,86.000,1,252.000,30,253.000,9,254.000,20,255.000,9,256.000,40,0,33,
122410236000,252.000,2,242.000,9,241.000,49,240.000,9,239.000,20,86.000,1,252.000,9,253.000,9,254.000,20,255.000,9,256.000,40,0,33,
122410236000,252.000,2,242.000,30,241.000,49,240.000,9,239.000,20,86.000,1,252.000,9,253.000,30,254.000,20,255.000,9,256.000,40,0,33,
122410237000,252.000,2,242.000,30,241.000,49,240.000,9,239.000,20,86.000,1,253.000,30,254.000,20,255.000,9,256.000,40,320.000,1,0,33,
122410237000,252.000,2,242.000,30,241.000,49,240.000,9,239.000,20,86.000,1,253.000,30,254.000,29,255.000,9,256.000,40,320.000,1,0,33,
122410237000,252.000,2,242.000,21,241.000,49,240.000,9,239.000,20,86.000,1,253.000,30,254.000,29,255.000,9,256.000,40,320.000,1,0,33,
122410237000,252.000,2,242.000,30,241.000,49,240.000,9,239.000,20,86.000,1,253.000,30,254.000,29,255.000,9,256.000,40,320.000,1,0,33,
122410373000,252.000,2,242.000,30,241.000,49,240.000,9,86.000,1,84.000,3,253.000,30,254.000,9,255.000,9,256.000,40,320.000,1,0,33,
122410384000,252.000,2,242.000,30,241.000,49,240.000,9,238.000,20,86.000,1,253.000,50,254.000,9,255.000,9,256.000,40,320.000,1,0,33,
122410498000,252.000,2,242.000,30,241.000,49,240.000,9,86.000,1,84.000,3,253.000,30,254.000,9,255.000,9,256.000,40,320.000,1,0,33,
122410998000,252.000,2,242.000,30,241.000,49,240.000,9,239.000,20,86.000,1,253.000,30,254.000,29,255.000,9,256.000,40,320.000,1,0,33,
122411499000,252.000,2,242.000,30,241.000,49,240.000,9,86.000,1,84.000,3,253.000,30,254.000,9,255.000,9,256.000,40,320.000,1,0,33,
122411499000,252.000,2,242.000,30,241.000,49,240.000,9,238.000,20,86.000,1,253.000,50,254.000,9,255.000,9,256.000,40,320.000,1,0,33,
122411873000,252.000,2,242.000,30,241.000,49,240.000,9,86.000,1,84.000,3,253.000,30,254.000,9,255.000,9,256.000,40,320.000,1,0,33,
122411998000,252.000,2,242.000,30,241.000,49,240.000,9,239.000,20,86.000,1,253.000,30,254.000,29,255.000,9,256.000,40,320.000,1,0,33,
122412123000,252.000,2,242.000,30,241.000,49,240.000,9,86.000,1,84.000,3,253.000,30,254.000,9,255.000,9,256.000,40,320.000,1,0,33,
122412498000,252.000,2,242.000,30,241.000,49,240.000,9,239.000,20,86.000,1,253.000,30,254.000,29,255.000,9,256.000,40,320.000,1,0,33,
122412618000,252.000,2,242.000,30,241.000,49,240.000,9,86.000,1,84.000,3,253.000,30,254.000,9,255.000,9,256.000,40,320.000,1,0,33,
122413118000,252.000,2,242.000,30,241.000,49,240.000,9,238.000,20,86.000,1,253.000,50,254.000,9,255.000,9,256.000,40,320.000,1,0,33,
122413868000,252.000,2,242.000,30,241.000,49,240.000,9,86.000,1,84.000,3,253.000,30,254.000,9,255.000,9,256.000,40,320.000,1,0,33,
122413868000,252.000,2,242.000,30,241.000,49,240.000,9,239.000,20,86.000,1,253.000,30,254.000,29,255.000,9,256.000,40,320.000,1,0,33,
122413993000,252.000,2,242.000,30,241.000,49,240.000,9,86.000,1,84.000,3,253.000,30,254.000,9,255.000,9,256.000,40,320.000,1,0,33,
122414368000,252.000,2,242.000,30,241.000,49,240.000,9,238.000,20,86.000,1,253.000,50,254.000,9,255.000,9,256.000,40,320.000,1,0,33,
122414817000,252.000,2,242.000,9,241.000,49,240.000,9,238.000,20,86.000,1,253.000,29,254.000,9,255.000,9,256.000,40,320.000,1,0,33,
122414817000,252.000,2,242.000,30,241.000,49,240.000,9,238.000,20,86.000,1,252.000,21,253.000,29,254.000,9,255.000,9,256.000,40,0,33,
122414818000,252.000,2,242.000,21,241.000,49,240.000,9,238.000,20,86.000,1,252.000,21,253.000,29,254.000,9,255.000,9,256.000,40,0,33,
122414818000,252.000,2,242.000,21,241.000,49,240.000,9,238.000,20,86.000,1,252.000,30,253.000,29,254.000,9,255.000,9,256.000,40,0,33,
122414818000,252.000,2,242.000,30,241.000,49,240.000,9,238.000,20,86.000,1,252.000,30,253.000,29,254.000,9,255.000,9,256.000,40,0,33,
122415006000,252.000,2,242.000,30,241.000,49,240.000,9,238.000,20,86.000,1,252.000,30,253.000,29,255.000,9,256.000,40,320.000,1,0,33,
122424459000,252.000,2,242.000,30,241.000,49,240.000,9,86.000,1,84.000,3,252.000,30,253.000,9,255.000,9,256.000,40,320.000,1,0,33,
122424459000,252.000,2,242.000,30,241.000,49,240.000,9,239.000,20,86.000,1,252.000,30,253.000,9,254.000,20,255.000,9,256.000,40,0,33,
122424822000,252.000,2,242.000,9,241.000,49,240.000,9,239.000,20,86.000,1,252.000,9,253.000,9,254.000,20,255.000,9,256.000,40,0,33,
122424822000,252.000,2,242.000,30,241.000,49,240.000,9,239.000,20,86.000,1,252.000,9,253.000,30,254.000,20,255.000,9,256.000,40,0,33,
122424822000,252.000,2,242.000,30,241.000,49,240.000,9,239.000,20,86.000,1,253.000,30,254.000,20,255.000,9,256.000,40,320.000,1,0,33,
122424822000,252.000,2,242.000,30,241.000,49,240.000,9,239.000,20,86.000,1,253.000,30,254.000,29,255.000,9,256.000,40,320.000,1,0,33,
122424822000,252.000,2,242.000,21,241.000,49,240.000,9,239.000,20,86.000,1,253.000,30,254.000,29,255.000,9,256.000,40,320.000,1,0,33,
122424822000,252.000,2,242.000,30,241.000,49,240.000,9,239.000,20,86.000,1,253.000,30,254.000,29,255.000,9,256.000,40,320.000,1,0,33,
122425948000,252.000,2,242.000,30,241.000,49,240.000,9,86.000,1,84.000,3,253.000,30,254.000,9,255.000,9,256.000,40,320.000,1,0,33,
122425948000,252.000,2,242.000,30,241.000,49,240.000,9,238.000,20,86.000,1,253.000,50,254.000,9,255.000,9,256.000,40,320.000,1,0,33,
122427138000,252.000,2,242.000,30,241.000,49,240.000,9,86.000,1,84.000,3,253.000,30,254.000,9,255.000,9,256.000,40,320.000,1,0,33,
122427138000,252.000,2,242.000,30,241.000,49,240.000,9,239.000,20,86.000,1,253.000,30,254.000,29,255.000,9,256.000,40,320.000,1,0,33,
122428400000,252.000,2,242.000,30,241.000,29,240.000,9,239.000,20,86.000,1,253.000,30,254.000,29,255.000,9,256.000,20,320.000,1,0,33,
122429217000,252.000,2,242.000,30,241.000,49,240.000,9,239.000,20,86.000,1,253.000,30,254.000,29,255.000,9,256.000,40,320.000,1,0,33,
122432242000,252.000,2,242.000,9,241.000,49,240.000,9,239.000,20,86.000,1,253.000,9,254.000,29,255.000,9,256.000,40,320.000,1,0,33,
122432242000,252.000,2,242.000,30,241.000,49,240.000,9,239.000,20,86.000,1,252.000,21,253.000,9,254.000,29,255.000,9,256.000,40,0,33,
122432242000,252.000,2,242.000,30,241.000,49,240.000,9,239.000,20,86.000,1,252.000,30,253.000,9,254.000,29,255.000,9,256.000,40,0,33,
122432506000,252.000,2,242.000,30,241.000,49,240.000,9,239.000,20,86.000,1,252.000,30,253.000,9,254.000,20,255.000,9,256.000,40,0,33,
122433407000,252.000,2,242.000,30,241.000,49,240.000,9,86.000,1,84.000,3,252.000,30,253.000,9,255.000,9,256.000,40,320.000,1,0,33,
122433407000,252.000,2,242.000,30,241.000,49,240.000,9,238.000,20,86.000,1,252.000,30,253.000,29,255.000,9,256.000,40,320.000,1,0,33,
122433900000,252.000,2,242.000,30,241.000,49,240.000,9,86.000,1,84.000,3,252.000,30,253.000,9,255.000,9,256.000,40,320.000,1,0,33,
122433911000,252.000,2,242.000,30,241.000,49,240.000,9,239.000,20,86.000,1,252.000,30,253.000,9,254.000,20,255.000,9,256.000,40,0,33,
122442764000,252.000,2,242.000,30,241.000,49,240.000,9,86.000,1,84.000,3,252.000,30,253.000,9,255.000,9,256.000,40,320.000,1,0,33,
122442764000,252.000,2,242.000,30,241.000,49,240.000,9,238.000,20,86.000,1,252.000,30,253.000,29,255.000,9,256.000,40,320.000,1,0,33,
122443140000,252.000,2,242.000,30,241.000,49,240.000,9,86.000,1,84.000,3,252.000,30,253.000,9,255.000,9,256.000,40,320.000,1,0,33,
122443264000,252.000,2,242.000,30,241.000,49,240.000,9,239.000,20,86.000,1,252.000,30,253.000,9,254.000,20,255.000,9,256.000,40,0,33,
122444015000,252.000,2,242.000,30,241.000,49,240.000,9,86.000,1,84.000,3,252.000,30,253.000,9,255.000,9,256.000,40,320.000,1,0,33,
122444015000,252.000,2,242.000,30,241.000,49,240.000,9,238.000,20,86.000,1,252.000,30,253.000,29,255.000,9,256.000,40,320.000,1,0,33,
122444389000,252.000,2,242.000,30,241.000,49,240.000,9,86.000,1,84.000,3,252.000,30,253.000,9,255.000,9,256.000,40,320.000,1,0,33,
122444626000,252.000,2,242.000,30,241.000,49,240.000,9,239.000,20,86.000,1,252.000,30,253.000,9,254.000,20,255.000,9,256.000,40,0,33,
122445637000,252.000,2,242.000,9,241.000,49,240.000,9,239.000,20,86.000,1,252.000,9,253.000,9,254.000,20,255.000,9,256.000,40,0,33,
122445637000,252.000,2,242.000,30,241.000,49,240.000,9,239.000,20,86.000,1,252.000,9,253.000,30,254.000,20,255.000,9,256.000,40,0,33,
122445637000,252.000,2,242.000,21,241.000,49,240.000,9,239.000,20,86.000,1,252.000,9,253.000,30,254.000,20,255.000,9,256.000,40,0,33,
122445637000,252.000,2,242.000,21,241.000,49,240.000,9,239.000,20,86.000,1,253.000,30,254.000,20,255.000,9,256.000,40,320.000,1,0,33,
122446140000,252.000,2,242.000,30,241.000,49,240.000,9,239.000,20,86.000,1,253.000,30,254.000,20,255.000,9,256.000,40,320.000,1,0,33,
122446143000,252.000,2,242.000,30,241.000,49,239.000,20,86.000,1,84.000,3,253.000,30,254.000,20,255.000,9,256.000,40,320.000,1,0,33,
122446143000,252.000,2,242.000,30,241.000,49,239.000,20,86.000,1,84.000,3,253.000,30,254.000,20,256.000,40,320.000,1,400.000,1,0,33,
122446144000,252.000,2,242.000,30,241.000,49,239.000,20,86.000,1,84.000,3,253.000,30,254.000,20,256.000,40,257.000,9,320.000,1,0,33,
122446170000,252.000,2,242.000,30,241.000,49,86.000,1,84.000,3,39.000,20,253.000,30,256.000,40,257.000,9,320.000,1,400.000,1,0,33,
122446170000,252.000,2,242.000,30,241.000,49,240.000,20,86.000,1,84.000,3,253.000,30,255.000,20,256.000,40,257.000,9,320.000,1,0,33,
122446737000,252.000,2,242.000,9,241.000,49,240.000,20,86.000,1,84.000,3,253.000,9,255.000,20,256.000,40,257.000,9,320.000,1,0,33,
122446737000,252.000,2,242.000,30,241.000,49,240.000,20,86.000,1,84.000,3,253.000,9,254.000,21,255.000,20,256.000,40,257.000,9,0,33,
122446737000,252.000,2,242.000,30,241.000,49,240.000,20,86.000,1,84.000,3,253.000,9,254.000,21,255.000,29,256.000,40,257.000,9,0,33,
122446737000,252.000,2,242.000,30,241.000,49,240.000,20,86.000,1,84.000,3,253.000,9,254.000,30,255.000,29,256.000,40,257.000,9,0,33,
122446737000,252.000,2,242.000,21,241.000,49,240.000,20,86.000,1,84.000,3,253.000,9,254.000,30,255.000,29,256.000,40,257.000,9,0,33,
122446737000,252.000,2,242.000,21,241.000,49,240.000,20,86.000,1,84.000,3,254.000,30,255.000,29,256.000,40,257.000,9,320.000,1,0,33,
122446737000,252.000,2,242.000,30,241.000,49,240.000,20,86.000,1,84.000,3,254.000,30,255.000,29,256.000,40,257.000,9,320.000,1,0,33,
122447952000,252.000,2,242.000,30,241.000,49,86.000,1,84.000,3,39.000,20,254.000,30,255.000,9,256.000,40,257.000,9,320.000,1,0,33,
122447952000,252.000,2,242.000,30,241.000,49,239.000,20,86.000,1,84.000,3,254.000,50,255.000,9,256.000,40,257.000,9,320.000,1,0,33,
122449300000,252.000,2,242.000,30,241.000,29,239.000,20,86.000,1,84.000,3,254.000,50,255.000,9,256.000,20,257.000,9,320.000,1,0,33,
122449833000,252.000,2,242.000,30,241.000,29,86.000,1,84.000,3,39.000,20,254.000,30,255.000,9,256.000,20,257.000,9,320.000,1,0,33,
122449833000,252.000,2,242.000,30,241.000,29,238.000,20,86.000,1,84.000,3,253.000,20,254.000,30,255.000,9,256.000,20,257.000,9,0,33,
122450248000,252.000,2,242.000,30,241.000,38,238.000,20,86.000,1,84.000,3,253.000,20,254.000,30,255.000,9,256.000,20,257.000,9,0,33,
122450526000,252.000,2,242.000,9,241.000,38,238.000,20,86.000,1,84.000,3,253.000,20,254.000,9,255.000,9,256.000,20,257.000,9,0,33,
122450526000,252.000,2,242.000,30,241.000,38,238.000,20,86.000,1,84.000,3,252.000,21,253.000,20,254.000,9,255.000,9,256.000,20,0,33,
122450526000,252.000,2,242.000,30,241.000,38,238.000,20,86.000,1,84.000,3,252.000,21,253.000,29,254.000,9,255.000,9,256.000,20,0,33,
122450526000,252.000,2,242.000,30,241.000,38,238.000,20,86.000,1,84.000,3,252.000,30,253.000,29,254.000,9,255.000,9,256.000,20,0,33,
122450526000,252.000,2,242.000,21,241.000,38,238.000,20,86.000,1,84.000,3,252.000,30,253.000,29,254.000,9,255.000,9,256.000,20,0,33,
122450527000,252.000,2,242.000,30,241.000,38,238.000,20,86.000,1,84.000,3,252.000,30,253.000,29,254.000,9,255.000,9,256.000,20,0,33,
122451006000,252.000,2,242.000,30,241.000,38,238.000,20,86.000,1,84.000,3,252.000,30,253.000,29,255.000,9,256.000,20,257.000,9,0,33,
122451006000,252.000,2,242.000,30,241.000,38,238.000,20,86.000,1,84.000,3,252.000,30,253.000,29,256.000,20,257.000,9,320.000,1,0,33,
122453240000,252.000,2,242.000,30,241.000,58,238.000,20,86.000,1,84.000,3,252.000,30,253.000,29,256.000,40,257.000,9,320.000,1,0,33,
122455326000,252.000,2,242.000,30,241.000,58,238.000,20,86.000,1,84.000,3,252.000,30,253.000,29,256.000,40,320.000,1,400.000,1,0,33,
122455327000,252.000,2,242.000,30,241.000,58,238.000,20,86.000,1,84.000,3,252.000,30,253.000,29,255.000,9,256.000,40,320.000,1,0,33,
122455423000,252.000,2,242.000,30,241.000,58,86.000,1,84.000,3,39.000,20,252.000,30,253.000,9,255.000,9,256.000,40,320.000,1,0,33,
122455423000,252.000,2,242.000,30,241.000,58,237.000,20,86.000,1,84.000,3,252.000,50,253.000,9,255.000,9,256.000,40,320.000,1,0,33,
122455673000,252.000,2,242.000,30,241.000,58,86.000,1,84.000,3,39.000,20,252.000,30,253.000,9,255.000,9,256.000,40,320.000,1,0,33,
122455925000,252.000,2,242.000,30,241.000,58,238.000,20,86.000,1,84.000,3,252.000,30,253.000,29,255.000,9,256.000,40,320.000,1,0,33,
122503352000,252.000,2,242.000,30,241.000,58,86.000,1,84.000,3,39.000,20,252.000,30,253.000,9,255.000,9,256.000,40,320.000,1,0,33,
122503352000,252.000,2,242.000,30,241.000,58,239.000,20,86.000,1,84.000,3,252.000,30,253.000,9,254.000,20,255.000,9,256.000,40,0,33,
122503478000,252.000,2,242.000,30,241.000,58,86.000,1,84.000,3,39.000,20,252.000,30,253.000,9,255.000,9,256.000,40,320.000,1,0,33,
122503851000,252.000,2,242.000,30,241.000,58,238.000,20,86.000,1,84.000,3,252.000,30,253.000,29,255.000,9,256.000,40,320.000,1,0,33,
122511363000,252.000,2,242.000,30,241.000,58,86.000,1,84.000,3,39.000,20,252.000,30,253.000,9,255.000,9,256.000,40,320.000,1,0,33,
122511363000,252.000,2,242.000,30,241.000,58,237.000,20,86.000,1,84.000,3,252.000,50,253.000,9,255.000,9,256.000,40,320.000,1,0,33,
122513111000,252.000,2,242.000,30,241.000,58,86.000,1,84.000,3,39.000,20,252.000,30,253.000,9,255.000,9,256.000,40,320.000,1,0,33,
122513111000,252.000,2,242.000,30,241.000,58,238.000,20,86.000,1,84.000,3,252.000,30,253.000,29,255.000,9,256.000,40,320.000,1,0,33,
122513300000,252.000,2,242.000,30,241.000,38,238.000,20,86.000,1,84.000,3,252.000,30,253.000,29,255.000,9,256.000,20,320.000,1,0,33,
122513360000,252.000,2,242.000,30,241.000,38,86.000,1,84.000,3,39.000,20,252.000,30,253.000,9,255.000,9,256.000,20,320.000,1,0,33,
122513734000,252.000,2,242.000,30,241.000,38,237.000,20,86.000,1,84.000,3,252.000,50,253.000,9,255.000,9,256.000,20,320.000,1,0,33,
122513752000,252.000,2,242.000,30,241.000,38,240.000,20,237.000,20,86.000,1,252.000,50,253.000,9,255.000,29,256.000,20,320.000,1,0,33,
122513985000,252.000,2,242.000,30,241.000,38,240.000,20,86.000,1,84.000,3,252.000,30,253.000,9,255.000,29,256.000,20,320.000,1,0,33,
122514234000,252.000,2,242.000,30,241.000,38,240.000,20,238.000,20,86.000,1,252.000,30,253.000,29,255.000,29,256.000,20,320.000,1,0,33,
122514860000,252.000,2,242.000,30,241.000,38,240.000,20,86.000,1,84.000,3,252.000,30,253.000,9,255.000,29,256.000,20,320.000,1,0,33,
122514860000,252.000,2,242.000,30,241.000,38,240.000,20,237.000,20,86.000,1,252.000,50,253.000,9,255.000,29,256.000,20,320.000,1,0,33,
122515985000,252.000,2,242.000,30,241.000,38,240.000,20,86.000,1,84.000,3,252.000,30,253.000,9,255.000,29,256.000,20,320.000,1,0,33,
122515985000,252.000,2,242.000,30,241.000,38,240.000,20,238.000,20,86.000,1,252.000,30,253.000,29,255.000,29,256.000,20,320.000,1,0,33,
122516601000,252.000,2,242.000,30,241.000,38,240.000,20,86.000,1,84.000,3,252.000,30,253.000,9,255.000,29,256.000,20,320.000,1,0,33,
122516601000,252.000,2,242.000,30,241.000,38,240.000,20,237.000,20,86.000,1,252.000,50,253.000,9,255.000,29,256.000,20,320.000,1,0,33,
122526568000,252.000,2,242.000,30,241.000,29,240.000,20,237.000,20,86.000,1,252.000,50,253.000,9,255.000,29,256.000,20,320.000,1,0,33,
122526647000,252.000,2,242.000,30,241.000,29,240.000,20,86.000,1,84.000,3,252.000,30,253.000,9,255.000,29,256.000,20,320.000,1,0,33,
122526647000,252.000,2,242.000,30,241.000,29,240.000,20,236.000,20,86.000,1,251.000,20,252.000,30,253.000,9,255.000,29,256.000,20,0,33,
122526648000,252.000,2,242.000,30,241.000,29,240.000,20,236.000,20,86.000,1,251.000,29,252.000,30,253.000,9,255.000,29,256.000,20,0,33,
122526657000,252.000,2,242.000,30,241.000,9,240.000,20,236.000,20,86.000,1,251.000,29,252.000,30,253.000,9,255.000,29,320.000,1,0,33,
122526690000,252.000,2,242.000,30,241.000,9,240.000,20,239.000,9,236.000,20,251.000,29,252.000,30,253.000,9,255.000,29,320.000,1,0,33,
122526771000,252.000,2,242.000,30,241.000,9,240.000,20,239.000,9,86.000,1,251.000,9,252.000,30,253.000,9,255.000,29,320.000,1,0,33,
122526772000,252.000,2,242.000,30,241.000,9,240.000,20,239.000,9,86.000,1,252.000,30,253.000,9,255.000,29,320.000,1,400.000,1,0,33,
122526991000,252.000,2,242.000,30,241.000,9,240.000,20,239.000,29,86.000,1,252.000,30,253.000,9,254.000,20,255.000,29,320.000,1,0,33,
122527270000,252.000,2,242.000,30,241.000,9,240.000,20,239.000,29,237.000,20,252.000,50,253.000,9,254.000,20,255.000,29,320.000,1,0,33,
122527644000,252.000,2,242.000,30,241.000,9,240.000,20,239.000,29,86.000,1,252.000,30,253.000,9,254.000,20,255.000,29,320.000,1,0,33,
122527894000,252.000,2,242.000,30,241.000,9,240.000,20,239.000,29,236.000,20,251.000,20,252.000,30,253.000,9,254.000,20,255.000,29,0,33,
122527895000,252.000,2,242.000,30,241.000,9,240.000,20,239.000,29,236.000,20,251.000,29,252.000,30,253.000,9,254.000,20,255.000,29,0,33,
122528006000,252.000,2,242.000,30,241.000,9,240.000,20,239.000,29,236.000,20,251.000,29,252.000,30,254.000,20,255.000,29,320.000,1,0,33,
122528275000,252.000,2,242.000,9,241.000,9,240.000,20,239.000,29,236.000,20,251.000,29,252.000,9,254.000,20,255.000,29,320.000,1,0,33,
122528276000,252.000,2,242.000,30,241.000,9,240.000,20,239.000,29,236.000,20,250.000,21,251.000,29,252.000,9,254.000,20,255.000,29,0,33,
122528276000,252.000,2,242.000,30,241.000,9,240.000,29,239.000,29,236.000,20,250.000,21,251.000,29,252.000,9,254.000,20,255.000,29,0,33,
122528276000,252.000,2,242.000,30,241.000,9,240.000,29,239.000,29,236.000,20,250.000,30,251.000,29,252.000,9,254.000,20,255.000,29,0,33,
122528276000,252.000,2,242.000,21,241.000,9,240.000,29,239.000,29,236.000,20,250.000,30,251.000,29,252.000,9,254.000,20,255.000,29,0,33,
122528276000,252.000,2,242.000,30,241.000,9,240.000,29,239.000,29,236.000,20,250.000,30,251.000,29,252.000,9,254.000,20,255.000,29,0,33,
122528506000,252.000,2,242.000,30,241.000,9,240.000,20,239.000,29,236.000,20,250.000,30,251.000,29,252.000,9,254.000,20,255.000,29,0,33,
122528506000,252.000,2,242.000,30,241.000,9,240.000,20,239.000,29,236.000,20,250.000,30,251.000,29,254.000,20,255.000,29,320.000,1,0,33,
122533800000,252.000,2,242.000,30,241.000,9,239.000,29,236.000,20,86.000,1,250.000,30,251.000,29,254.000,20,255.000,9,320.000,1,0,33,
122534304000,252.000,2,242.000,30,241.000,9,240.000,20,239.000,29,236.000,20,250.000,30,251.000,29,254.000,20,255.000,29,320.000,1,0,33,
122540006000,252.000,2,242.000,30,241.000,9,240.000,20,239.000,29,86.000,1,250.000,30,251.000,9,254.000,20,255.000,29,320.000,1,0,33,
122540006000,252.000,2,242.000,30,241.000,9,240.000,20,239.000,29,237.000,20,250.000,30,251.000,9,252.000,20,254.000,20,255.000,29,0,33,
122540631000,252.000,2,242.000,30,241.000,9,240.000,20,239.000,29,86.000,1,250.000,30,251.000,9,254.000,20,255.000,29,320.000,1,0,33,
122540631000,252.000,2,242.000,30,241.000,9,240.000,20,239.000,29,236.000,20,250.000,30,251.000,29,254.000,20,255.000,29,320.000,1,0,33,
122540755000,252.000,2,242.000,30,241.000,9,240.000,20,239.000,29,86.000,1,250.000,30,251.000,9,254.000,20,255.000,29,320.000,1,0,33,
122541129000,252.000,2,242.000,30,241.000,9,240.000,20,239.000,29,236.000,20,250.000,30,251.000,29,254.000,20,255.000,29,320.000,1,0,33,
122541379000,252.000,2,242.000,30,241.000,9,240.000,20,239.000,29,86.000,1,250.000,30,251.000,9,254.000,20,255.000,29,320.000,1,0,33,
122541630000,252.000,2,242.000,30,241.000,9,240.000,20,239.000,29,236.000,20,250.000,30,251.000,29,254.000,20,255.000,29,320.000,1,0,33,
122551193000,252.000,2,242.000,30,241.000,9,240.000,20,239.000,29,236.000,20,250.000,30,251.000,29,254.000,20,255.000,20,320.000,1,0,33,
122551194000,252.000,2,242.000,30,241.000,9,240.000,20,239.000,29,236.000,20,250.000,30,251.000,29,253.000,9,254.000,20,255.000,20,0,33,
122552019000,252.000,2,242.000,30,241.000,9,240.000,20,239.000,29,86.000,1,250.000,30,251.000,9,253.000,9,254.000,20,255.000,20,0,33,
122552169000,252.000,2,242.000,30,241.000,9,240.000,20,239.000,29,237.000,20,250.000,30,251.000,9,252.000,20,253.000,9,254.000,20,0,33,
122552919000,252.000,2,242.000,30,241.000,9,240.000,20,239.000,29,86.000,1,250.000,30,251.000,9,253.000,9,254.000,20,255.000,20,0,33,
122552919000,252.000,2,242.000,30,241.000,9,240.000,20,239.000,29,236.000,20,250.000,30,251.000,29,253.000,9,254.000,20,255.000,20,0,33,
122553042000,252.000,2,242.000,30,241.000,9,240.000,20,239.000,29,86.000,1,250.000,30,251.000,9,253.000,9,254.000,20,255.000,20,0,33,
122553534000,252.000,2,242.000,30,241.000,9,240.000,20,239.000,29,236.000,20,250.000,30,251.000,29,253.000,9,254.000,20,255.000,20,0,33,
122554400000,252.000,2,242.000,30,241.000,9,239.000,29,236.000,20,86.000,1,250.000,30,251.000,29,253.000,9,254.000,20,320.000,1,0,33,
122555211000,252.000,2,242.000,30,241.000,9,239.000,49,236.000,20,86.000,1,250.000,30,251.000,29,253.000,9,254.000,40,320.000,1,0,33,
122556895000,252.000,2,242.000,30,241.000,9,239.000,49,86.000,1,84.000,3,250.000,30,251.000,9,253.000,9,254.000,40,320.000,1,0,33,
122556895000,252.000,2,242.000,30,241.000,9,239.000,49,237.000,20,86.000,1,250.000,30,251.000,9,252.000,20,253.000,9,254.000,40,0,33,
122557048000,252.000,2,242.000,30,241.000,9,239.000,49,86.000,1,84.000,3,250.000,30,251.000,9,253.000,9,254.000,40,320.000,1,0,33,
122557410000,252.000,2,242.000,30,241.000,9,239.000,49,236.000,20,86.000,1,250.000,30,251.000,29,253.000,9,254.000,40,320.000,1,0,33,
122600260000,252.000,2,242.000,30,241.000,9,239.000,29,236.000,20,86.000,1,250.000,30,251.000,29,253.000,9,254.000,20,320.000,1,0,33,
122601360000,252.000,2,242.000,30,241.000,9,239.000,49,236.000,20,86.000,1,250.000,30,251.000,29,253.000,9,254.000,40,320.000,1,0,33,
122602005000,252.000,2,242.000,30,241.000,9,239.000,49,86.000,1,84.000,3,250.000,30,251.000,9,253.000,9,254.000,40,320.000,1,0,33,
122602005000,252.000,2,242.000,30,241.000,9,239.000,49,235.000,20,86.000,1,250.000,50,251.000,9,253.000,9,254.000,40,320.000,1,0,33,
122602123000,252.000,2,242.000,30,241.000,9,239.000,49,86.000,1,84.000,3,250.000,30,251.000,9,253.000,9,254.000,40,320.000,1,0,33,
122602619000,252.000,2,242.000,30,241.000,9,239.000,49,236.000,20,86.000,1,250.000,30,251.000,29,253.000,9,254.000,40,320.000,1,0,33,
122603587000,252.000,2,242.000,30,241.000,9,239.000,49,86.000,1,84.000,3,250.000,30,251.000,9,253.000,9,254.000,40,320.000,1,0,33,
122603587000,252.000,2,242.000,30,241.000,9,239.000,49,237.000,20,86.000,1,250.000,30,251.000,9,252.000,20,253.000,9,254.000,40,0,33,
122604337000,252.000,2,242.000,30,241.000,9,239.000,49,86.000,1,84.000,3,250.000,30,251.000,9,253.000,9,254.000,40,320.000,1,0,33,
122604337000,252.000,2,242.000,30,241.000,9,239.000,49,236.000,20,86.000,1,250.000,30,251.000,29,253.000,9,254.000,40,320.000,1,0,33,
122605577000,252.000,2,242.000,30,241.000,9,239.000,49,86.000,1,84.000,3,250.000,30,251.000,9,253.000,9,254.000,40,320.000,1,0,33,
122605577000,252.000,2,242.000,30,241.000,9,239.000,49,235.000,20,86.000,1,250.000,50,251.000,9,253.000,9,254.000,40,320.000,1,0,33,
122605702000,252.000,2,242.000,30,241.000,9,239.000,49,86.000,1,84.000,3,250.000,30,251.000,9,253.000,9,254.000,40,320.000,1,0,33,
122606120000,252.000,2,242.000,30,241.000,9,239.000,49,236.000,20,86.000,1,250.000,30,251.000,29,253.000,9,254.000,40,320.000,1,0,33,
122607814000,252.000,2,242.000,30,241.000,9,239.000,49,86.000,1,84.000,3,250.000,30,251.000,9,253.000,9,254.000,40,320.000,1,0,33,
122607814000,252.000,2,242.000,30,241.000,9,239.000,49,237.000,20,86.000,1,250.000,30,251.000,9,252.000,20,253.000,9,254.000,40,0,33,
122607939000,252.000,2,242.000,30,241.000,9,239.000,49,86.000,1,84.000,3,250.000,30,251.000,9,253.000,9,254.000,40,320.000,1,0,33,
122608424000,252.000,2,242.000,30,241.000,9,239.000,49,237.000,20,86.000,1,250.000,30,251.000,9,252.000,20,253.000,9,254.000,40,0,33,
122608799000,252.000,2,242.000,30,241.000,9,239.000,49,86.000,1,84.000,3,250.000,30,251.000,9,253.000,9,254.000,40,320.000,1,0,33,
122608923000,252.000,2,242.000,30,241.000,9,239.000,49,236.000,20,86.000,1,250.000,30,251.000,29,253.000,9,254.000,40,320.000,1,0,33,
122609157000,252.000,2,242.000,30,241.000,9,239.000,49,86.000,1,84.000,3,250.000,30,251.000,9,253.000,9,254.000,40,320.000,1,0,33,
122609334000,252.000,2,242.000,9,241.000,9,239.000,49,86.000,1,84.000,3,250.000,9,251.000,9,253.000,9,254.000,40,320.000,1,0,33,
122609334000,252.000,2,242.000,30,241.000,9,239.000,49,86.000,1,84.000,3,250.000,9,251.000,30,253.000,9,254.000,40,320.000,1,0,33,
122609335000,252.000,2,242.000,30,241.000,9,239.000,49,86.000,1,84.000,3,250.000,9,251.000,30,253.000,18,254.000,40,320.000,1,0,33,
122609335000,252.000,2,242.000,30,241.000,9,239.000,58,86.000,1,84.000,3,250.000,9,251.000,30,253.000,18,254.000,40,320.000,1,0,33,
122609335000,252.000,2,242.000,21,241.000,9,239.000,58,86.000,1,84.000,3,250.000,9,251.000,30,253.000,18,254.000,40,320.000,1,0,33,
122609335000,252.000,2,242.000,21,241.000,9,239.000,58,86.000,1,84.000,3,251.000,30,253.000,18,254.000,40,320.000,1,400.000,1,0,33,
122609335000,252.000,2,242.000,21,241.000,9,239.000,58,86.000,1,84.000,3,250.000,9,251.000,30,253.000,18,254.000,40,320.000,1,0,33,
122609335000,252.000,2,242.000,30,241.000,9,239.000,58,86.000,1,84.000,3,250.000,9,251.000,30,253.000,18,254.000,40,320.000,1,0,33,
122609336000,252.000,2,242.000,30,241.000,9,239.000,58,86.000,1,84.000,3,251.000,30,253.000,18,254.000,40,320.000,1,400.000,1,0,33,
122609468000,252.000,2,242.000,30,241.000,9,239.000,58,238.000,20,86.000,1,251.000,30,253.000,38,254.000,40,320.000,1,400.000,1,0,33,
122609506000,252.000,2,242.000,30,241.000,9,239.000,49,238.000,20,86.000,1,251.000,30,253.000,38,254.000,40,320.000,1,400.000,1,0,33,
122609839000,252.000,2,242.000,30,241.000,9,239.000,49,86.000,1,84.000,3,251.000,30,253.000,18,254.000,40,320.000,1,400.000,1,0,33,
122610088000,252.000,2,242.000,30,241.000,9,239.000,49,237.000,20,86.000,1,251.000,30,252.000,20,253.000,18,254.000,40,320.000,1,0,33,
122610213000,252.000,2,242.000,30,241.000,9,239.000,49,86.000,1,84.000,3,251.000,30,253.000,18,254.000,40,320.000,1,400.000,1,0,33,
122610699000,252.000,2,242.000,30,241.000,9,239.000,49,238.000,20,86.000,1,251.000,30,253.000,38,254.000,40,320.000,1,400.000,1,0,33,
122610949000,252.000,2,242.000,30,241.000,9,239.000,49,86.000,1,84.000,3,251.000,30,253.000,18,254.000,40,320.000,1,400.000,1,0,33,
122611322000,252.000,2,242.000,30,241.000,9,239.000,49,237.000,20,86.000,1,251.000,30,252.000,20,253.000,18,254.000,40,320.000,1,0,33,
122614562000,252.000,2,242.000,30,241.000,9,239.000,49,86.000,1,84.000,3,251.000,30,253.000,18,254.000,40,320.000,1,400.000,1,0,33,
122614562000,252.000,2,242.000,30,241.000,9,239.000,49,236.000,20,86.000,1,251.000,50,253.000,18,254.000,40,320.000,1,400.000,1,0,33,
122616808000,252.000,2,242.000,30,241.000,9,239.000,49,86.000,1,84.000,3,251.000,30,253.000,18,254.000,40,320.000,1,400.000,1,0,33,
122616808000,252.000,2,242.000,30,241.000,9,239.000,49,237.000,20,86.000,1,251.000,30,252.000,20,253.000,18,254.000,40,320.000,1,0,33,
122617281000,252.000,2,242.000,30,241.000,9,239.000,29,237.000,20,86.000,1,251.000,30,252.000,20,253.000,18,254.000,20,320.000,1,0,33,
122617915000,252.000,2,242.000,30,241.000,9,240.000,20,239.000,29,237.000,20,251.000,30,252.000,20,253.000,18,254.000,20,255.000,20,0,33,
122619059000,252.000,2,242.000,30,241.000,9,240.000,20,239.000,29,86.000,1,251.000,30,253.000,18,254.000,20,255.000,20,320.000,1,0,33,
122619059000,252.000,2,242.000,30,241.000,9,240.000,20,239.000,29,236.000,20,251.000,50,253.000,18,254.000,20,255.000,20,320.000,1,0,33,
122621297000,252.000,2,242.000,9,241.000,9,240.000,20,239.000,29,236.000,20,251.000,29,253.000,18,254.000,20,255.000,20,320.000,1,0,33,
122621297000,252.000,2,242.000,30,241.000,9,240.000,20,239.000,29,236.000,20,250.000,21,251.000,29,253.000,18,254.000,20,255.000,20,0,33,
122621297000,252.000,2,242.000,30,241.000,9,240.000,20,239.000,29,236.000,20,250.000,30,251.000,29,253.000,18,254.000,20,255.000,20,0,33,
122621506000,252.000,2,242.000,30,241.000,9,240.000,20,239.000,29,236.000,20,250.000,30,251.000,29,253.000,9,254.000,20,255.000,20,0,33,
122621572000,252.000,2,242.000,30,241.000,9,239.000,29,236.000,20,86.000,1,250.000,30,251.000,29,253.000,9,254.000,20,320.000,1,0,33,
122622172000,252.000,2,242.000,30,241.000,9,239.000,49,236.000,20,86.000,1,250.000,30,251.000,29,253.000,9,254.000,40,320.000,1,0,33,
122637468000,252.000,2,242.000,30,241.000,29,239.000,49,236.000,20,86.000,1,250.000,30,251.000,29,253.000,9,254.000,40,256.000,20,0,33,
122642200000,252.000,2,242.000,30,241.000,29,239.000,29,236.000,20,86.000,1,250.000,30,251.000,29,253.000,9,254.000,20,256.000,20,0,33,
122643137000,252.000,2,242.000,30,241.000,29,239.000,49,236.000,20,86.000,1,250.000,30,251.000,29,253.000,9,254.000,40,256.000,20,0,33,
122645822000,252.000,2,242.000,30,241.000,29,239.000,49,86.000,1,84.000,3,250.000,30,251.000,9,253.000,9,254.000,40,256.000,20,0,33,
122645822000,252.000,2,242.000,30,241.000,29,239.000,49,237.000,20,86.000,1,250.000,30,251.000,9,252.000,20,253.000,9,254.000,40,0,33,
122646906000,252.000,2,242.000,9,241.000,29,239.000,49,237.000,20,86.000,1,250.000,9,251.000,9,252.000,20,253.000,9,254.000,40,0,33,
122646906000,252.000,2,242.000,30,241.000,29,239.000,49,237.000,20,86.000,1,250.000,9,251.000,30,252.000,20,253.000,9,254.000,40,0,33,
122646906000,252.000,2,242.000,30,241.000,29,239.000,49,237.000,20,86.000,1,251.000,30,252.000,20,253.000,9,254.000,40,256.000,20,0,33,
122646969000,252.000,2,242.000,30,241.000,29,239.000,29,237.000,20,86.000,1,251.000,30,252.000,20,253.000,9,254.000,20,256.000,20,0,33,
122646993000,252.000,2,242.000,30,241.000,9,239.000,29,237.000,20,86.000,1,251.000,30,252.000,20,253.000,9,254.000,20,320.000,1,0,33,
122646993000,252.000,2,242.000,50,241.000,9,239.000,29,237.000,20,86.000,1,251.000,30,252.000,20,253.000,9,254.000,20,257.000,20,0,33,
122647054000,252.000,2,242.000,50,241.000,9,240.000,20,239.000,29,237.000,20,251.000,30,252.000,20,253.000,9,254.000,20,255.000,20,0,33,
122647867000,252.000,2,242.000,30,241.000,9,240.000,20,239.000,29,237.000,20,251.000,30,252.000,20,253.000,9,254.000,20,255.000,20,0,33,
122647867000,252.000,2,242.000,30,241.000,29,240.000,20,239.000,29,237.000,20,251.000,30,252.000,20,253.000,9,254.000,20,255.000,20,0,33,
122647897000,252.000,2,242.000,30,241.000,29,239.000,29,237.000,20,86.000,1,251.000,30,252.000,20,253.000,9,254.000,20,256.000,20,0,33,
122648401000,252.000,2,242.000,30,241.000,29,239.000,49,237.000,20,86.000,1,251.000,30,252.000,20,253.000,9,254.000,40,256.000,20,0,33,
122649144000,252.000,2,242.000,30,241.000,29,239.000,49,86.000,1,84.000,3,251.000,30,253.000,9,254.000,40,256.000,20,320.000,1,0,33,
122649144000,252.000,2,242.000,30,241.000,29,239.000,49,236.000,20,86.000,1,251.000,50,253.000,9,254.000,40,256.000,20,320.000,1,0,33,
122651890000,252.000,2,242.000,30,241.000,29,239.000,49,86.000,1,84.000,3,251.000,30,253.000,9,254.000,40,256.000,20,320.000,1,0,33,
122651890000,252.000,2,242.000,30,241.000,29,239.000,49,237.000,20,86.000,1,251.000,30,252.000,20,253.000,9,254.000,40,256.000,20,0,33,
122652162000,252.000,2,242.000,30,241.000,29,239.000,49,86.000,1,84.000,3,251.000,30,253.000,9,254.000,40,256.000,20,320.000,1,0,33,
122652515000,252.000,2,242.000,30,241.000,29,239.000,49,236.000,20,86.000,1,251.000,50,253.000,9,254.000,40,256.000,20,320.000,1,0,33,
122658636000,252.000,2,242.000,30,241.000,29,239.000,49,86.000,1,84.000,3,251.000,30,253.000,9,254.000,40,256.000,20,320.000,1,0,33,
122658636000,252.000,2,242.000,30,241.000,29,239.000,49,237.000,20,86.000,1,251.000,30,252.000,20,253.000,9,254.000,40,256.000,20,0,33,
122701259000,252.000,2,242.000,30,241.000,29,239.000,49,86.000,1,84.000,3,251.000,30,253.000,9,254.000,40,256.000,20,320.000,1,0,33,
122701259000,252.000,2,242.000,30,241.000,29,239.000,49,236.000,20,86.000,1,251.000,50,253.000,9,254.000,40,256.000,20,320.000,1,0,33,
122701758000,252.000,2,242.000,30,241.000,29,239.000,49,86.000,1,84.000,3,251.000,30,253.000,9,254.000,40,256.000,20,320.000,1,0,33,
122701769000,252.000,2,242.000,30,241.000,29,239.000,49,237.000,20,86.000,1,251.000,30,252.000,20,253.000,9,254.000,40,256.000,20,0,33,
122702008000,252.000,2,242.000,30,241.000,29,239.000,49,86.000,1,84.000,3,251.000,30,253.000,9,254.000,40,256.000,20,320.000,1,0,33,
122702373000,252.000,2,242.000,30,241.000,29,239.000,49,237.000,20,86.000,1,251.000,30,252.000,20,253.000,9,254.000,40,256.000,20,0,33,
122703248000,252.000,2,242.000,30,241.000,29,239.000,49,86.000,1,84.000,3,251.000,30,253.000,9,254.000,40,256.000,20,320.000,1,0,33,
122703248000,252.000,2,242.000,30,241.000,29,239.000,49,236.000,20,86.000,1,251.000,50,253.000,9,254.000,40,256.000,20,320.000,1,0,33,
122708500000,252.000,2,242.000,30,241.000,29,239.000,29,236.000,20,86.000,1,251.000,50,253.000,9,254.000,20,256.000,20,320.000,1,0,33,
122709172000,252.000,2,242.000,30,241.000,29,240.000,20,239.000,29,236.000,20,251.000,50,253.000,9,254.000,20,255.000,20,256.000,20,0,33,
122718708000,252.000,2,242.000,30,241.000,29,240.000,20,239.000,29,86.000,1,251.000,30,253.000,9,254.000,20,255.000,20,256.000,20,0,33,
122718708000,252.000,2,242.000,30,241.000,29,240.000,20,239.000,29,237.000,20,251.000,30,252.000,20,253.000,9,254.000,20,255.000,20,0,33,
122727617000,252.000,2,242.000,30,241.000,9,240.000,20,239.000,29,237.000,20,251.000,30,252.000,20,253.000,9,254.000,20,255.000,20,0,33,
122727617000,252.000,2,242.000,50,241.000,9,240.000,20,239.000,29,237.000,20,251.000,30,252.000,20,253.000,9,254.000,20,255.000,20,0,33,
122729200000,252.000,2,242.000,50,241.000,9,239.000,29,237.000,20,86.000,1,251.000,30,252.000,20,253.000,9,254.000,20,257.000,20,0,33,
122729314000,252.000,2,242.000,50,241.000,9,240.000,20,239.000,29,237.000,20,251.000,30,252.000,20,253.000,9,254.000,20,255.000,20,0,33,
122737493000,252.000,2,242.000,30,241.000,9,240.000,20,239.000,29,237.000,20,251.000,30,252.000,20,253.000,9,254.000,20,255.000,20,0,33,
122737493000,252.000,2,242.000,30,241.000,29,240.000,20,239.000,29,237.000,20,251.000,30,252.000,20,253.000,9,254.000,20,255.000,20,0,33,
122737581000,252.000,2,242.000,30,241.000,29,240.000,20,239.000,29,86.000,1,251.000,30,253.000,9,254.000,20,255.000,20,256.000,20,0,33,
122737581000,252.000,2,242.000,30,241.000,29,240.000,20,239.000,29,236.000,20,251.000,50,253.000,9,254.000,20,255.000,20,256.000,20,0,33,
122737955000,252.000,2,242.000,30,241.000,29,240.000,20,239.000,29,86.000,1,251.000,30,253.000,9,254.000,20,255.000,20,256.000,20,0,33,
122738080000,252.000,2,242.000,30,241.000,29,240.000,20,239.000,29,237.000,20,251.000,30,252.000,20,253.000,9,254.000,20,255.000,20,0,33,
122739504000,252.000,2,242.000,30,241.000,29,240.000,20,239.000,29,86.000,1,251.000,30,253.000,9,254.000,20,255.000,20,256.000,20,0,33,
122739504000,252.000,2,242.000,30,241.000,29,240.000,20,239.000,29,236.000,20,251.000,50,253.000,9,254.000,20,255.000,20,256.000,20,0,33,
122739631000,252.000,2,242.000,30,241.000,29,240.000,20,239.000,29,86.000,1,251.000,30,253.000,9,254.000,20,255.000,20,256.000,20,0,33,
122740004000,252.000,2,242.000,30,241.000,29,240.000,20,239.000,29,236.000,20,251.000,50,253.000,9,254.000,20,255.000,20,256.000,20,0,33,
122741369000,252.000,2,242.000,30,241.000,29,240.000,20,239.000,29,86.000,1,251.000,30,253.000,9,254.000,20,255.000,20,256.000,20,0,33,
122741369000,252.000,2,242.000,30,241.000,29,240.000,20,239.000,29,237.000,20,251.000,30,252.000,20,253.000,9,254.000,20,255.000,20,0,33,
122741618000,252.000,2,242.000,30,241.000,29,240.000,20,239.000,29,86.000,1,251.000,30,253.000,9,254.000,20,255.000,20,256.000,20,0,33,
122741868000,252.000,2,242.000,30,241.000,29,240.000,20,239.000,29,236.000,20,251.000,50,253.000,9,254.000,20,255.000,20,256.000,20,0,33,
122745136000,252.000,2,242.000,30,241.000,29,240.000,20,239.000,29,86.000,1,251.000,30,253.000,9,254.000,20,255.000,20,256.000,20,0,33,
122745136000,252.000,2,242.000,30,241.000,29,240.000,20,239.000,29,237.000,20,251.000,30,252.000,20,253.000,9,254.000,20,255.000,20,0,33,
122746886000,252.000,2,242.000,30,241.000,29,240.000,20,239.000,29,86.000,1,251.000,30,253.000,9,254.000,20,255.000,20,256.000,20,0,33,
122746886000,252.000,2,242.000,30,241.000,29,240.000,20,239.000,29,236.000,20,251.000,50,253.000,9,254.000,20,255.000,20,256.000,20,0,33,
122747549000,252.000,2,242.000,30,241.000,29,239.000,29,236.000,20,86.000,1,251.000,50,253.000,9,254.000,20,256.000,20,320.000,1,0,33,
122748007000,252.000,2,242.000,30,241.000,29,239.000,49,236.000,20,86.000,1,251.000,50,253.000,9,254.000,40,256.000,20,320.000,1,0,33,
122748909000,252.000,2,242.000,9,241.000,29,239.000,49,236.000,20,86.000,1,251.000,29,253.000,9,254.000,40,256.000,20,320.000,1,0,33,
122748909000,252.000,2,242.000,30,241.000,29,239.000,49,236.000,20,86.000,1,250.000,21,251.000,29,253.000,9,254.000,40,256.000,20,0,33,
122748909000,252.000,2,242.000,21,241.000,29,239.000,49,236.000,20,86.000,1,250.000,21,251.000,29,253.000,9,254.000,40,256.000,20,0,33,
122748909000,252.000,2,242.000,21,241.000,29,239.000,49,236.000,20,86.000,1,250.000,30,251.000,29,253.000,9,254.000,40,256.000,20,0,33,
122748909000,252.000,2,242.000,30,241.000,29,239.000,49,236.000,20,86.000,1,250.000,30,251.000,29,253.000,9,254.000,40,256.000,20,0,33,
122759744000,252.000,2,242.000,30,241.000,9,239.000,49,236.000,20,86.000,1,250.000,30,251.000,29,253.000,9,254.000,40,320.000,1,0,33,
122759744000,252.000,2,242.000,30,241.000,9,240.000,20,239.000,49,236.000,20,250.000,30,251.000,29,253.000,9,254.000,40,255.000,20,0,33,
122800225000,252.000,2,242.000,30,241.000,9,240.000,20,239.000,29,236.000,20,250.000,30,251.000,29,253.000,9,254.000,20,255.000,20,0,33,
122800382000,252.000,2,242.000,30,241.000,9,240.000,20,239.000,29,238.000,20,250.000,30,251.000,29,253.000,29,254.000,20,255.000,20,0,33,
122800586000,252.000,2,242.000,30,241.000,9,240.000,20,239.000,29,238.000,20,250.000,30,251.000,9,253.000,29,254.000,20,255.000,20,0,33,
122800586000,252.000,2,242.000,30,241.000,9,240.000,20,239.000,29,238.000,20,250.000,50,251.000,9,253.000,29,254.000,20,255.000,20,0,33,
122800622000,252.000,2,242.000,30,241.000,9,239.000,29,238.000,20,235.000,20,250.000,50,251.000,9,253.000,29,254.000,20,320.000,1,0,33,
122800622000,252.000,2,242.000,30,241.000,9,239.000,49,238.000,20,235.000,20,250.000,50,251.000,9,253.000,29,254.000,40,320.000,1,0,33,
122800744000,252.000,2,242.000,9,241.000,9,239.000,49,238.000,20,235.000,20,250.000,29,251.000,9,253.000,29,254.000,40,320.000,1,0,33,
122800744000,252.000,2,242.000,9,241.000,30,239.000,49,238.000,20,235.000,20,250.000,50,251.000,9,253.000,29,254.000,40,320.000,1,0,33,
122800746000,252.000,2,241.000,30,239.000,49,238.000,20,235.000,20,86.000,1,250.000,50,251.000,9,253.000,29,254.000,40,320.000,1,0,33,
122800746000,252.000,2,241.000,30,239.000,58,238.000,20,235.000,20,86.000,1,250.000,50,251.000,9,253.000,29,254.000,40,320.000,1,0,33,
122800757000,252.000,2,241.000,30,239.000,49,238.000,20,235.000,20,86.000,1,250.000,50,251.000,9,253.000,29,254.000,40,320.000,1,0,33,
122800870000,252.000,2,241.000,30,239.000,49,238.000,20,86.000,1,84.000,3,250.000,30,251.000,9,253.000,29,254.000,40,320.000,1,0,33,
122801121000,252.000,2,241.000,30,239.000,49,238.000,20,235.000,20,86.000,1,250.000,50,251.000,9,253.000,29,254.000,40,320.000,1,0,33,
122801217000,252.000,2,241.000,30,239.000,49,238.000,20,237.000,9,235.000,20,250.000,50,251.000,9,253.000,29,254.000,40,320.000,1,0,33,
122801743000,252.000,2,241.000,30,239.000,29,238.000,20,237.000,9,235.000,20,250.000,50,251.000,9,253.000,29,254.000,20,320.000,1,0,33,
122801743000,252.000,2,241.000,30,240.000,20,239.000,29,238.000,20,237.000,9,250.000,50,251.000,9,253.000,29,254.000,20,255.000,20,0,33,
122802619000,252.000,2,241.000,30,239.000,29,238.000,20,237.000,9,235.000,20,250.000,50,251.000,9,253.000,29,254.000,20,320.000,1,0,33,
122802619000,252.000,2,241.000,30,239.000,49,238.000,20,237.000,9,235.000,20,250.000,50,251.000,9,253.000,29,254.000,40,320.000,1,0,33,
122804714000,252.000,2,241.000,30,239.000,49,238.000,20,237.000,9,86.000,1,250.000,30,251.000,9,253.000,29,254.000,40,320.000,1,0,33,
122804714000,252.000,2,241.000,30,239.000,49,238.000,20,237.000,9,234.000,20,249.000,20,250.000,30,251.000,9,253.000,29,254.000,40,0,33,
122804714000,252.000,2,241.000,30,239.000,49,238.000,20,237.000,9,234.000,20,249.000,29,250.000,30,251.000,9,253.000,29,254.000,40,0,33,
122804916000,252.000,2,241.000,9,239.000,49,238.000,20,237.000,9,234.000,20,249.000,29,250.000,9,251.000,9,253.000,29,254.000,40,0,33,
122804916000,252.000,2,241.000,9,240.000,21,239.000,49,238.000,20,237.000,9,248.000,21,249.000,29,250.000,9,251.000,9,253.000,29,0,33,
122804916000,252.000,2,240.000,21,239.000,49,238.000,20,237.000,9,234.000,20,248.000,21,249.000,29,250.000,9,251.000,9,253.000,29,0,33,
122804916000,252.000,2,240.000,30,239.000,49,238.000,20,237.000,9,234.000,20,248.000,21,249.000,29,250.000,9,251.000,9,253.000,29,0,33,
122804916000,252.000,2,240.000,30,239.000,49,238.000,20,237.000,9,234.000,20,248.000,30,249.000,29,250.000,9,251.000,9,253.000,29,0,33,
122804994000,252.000,2,240.000,30,239.000,29,238.000,20,237.000,9,234.000,20,248.000,30,249.000,29,250.000,9,251.000,9,253.000,29,0,33,
122804994000,252.000,2,240.000,30,239.000,29,238.000,20,237.000,29,234.000,20,248.000,30,249.000,29,250.000,9,251.000,9,252.000,20,0,33,
122805006000,252.000,2,240.000,30,239.000,29,238.000,20,237.000,29,234.000,20,248.000,30,249.000,29,250.000,9,252.000,20,253.000,29,0,33,
122805006000,252.000,2,240.000,30,239.000,29,238.000,20,237.000,29,234.000,20,248.000,30,249.000,29,252.000,20,253.000,29,254.000,20,0,33,
122805589000,252.000,2,240.000,30,239.000,29,238.000,20,237.000,29,86.000,1,248.000,30,249.000,9,252.000,20,253.000,29,254.000,20,0,33,
122805589000,252.000,2,240.000,30,239.000,29,238.000,20,237.000,29,235.000,20,248.000,30,249.000,9,250.000,20,252.000,20,253.000,29,0,33,
122806301000,252.000,2,240.000,30,239.000,29,238.000,20,237.000,29,86.000,1,248.000,30,249.000,9,252.000,20,253.000,29,254.000,20,0,33,
122806301000,252.000,2,240.000,30,239.000,29,238.000,20,237.000,29,234.000,20,248.000,30,249.000,29,252.000,20,253.000,29,254.000,20,0,33,
122807204000,252.000,2,240.000,30,239.000,29,237.000,29,234.000,20,86.000,1,248.000,30,249.000,29,252.000,20,253.000,9,254.000,20,0,33,
122807205000,252.000,2,240.000,30,239.000,29,237.000,29,234.000,20,86.000,1,248.000,30,249.000,29,252.000,20,254.000,20,320.000,1,0,33,
122807207000,252.000,2,240.000,30,239.000,29,237.000,29,234.000,20,86.000,1,248.000,30,249.000,29,251.000,9,252.000,20,254.000,20,0,33,
122807243000,252.000,2,240.000,30,239.000,9,237.000,29,234.000,20,86.000,1,248.000,30,249.000,29,251.000,9,252.000,20,320.000,1,0,33,
122807243000,252.000,2,240.000,30,239.000,9,238.000,20,237.000,29,234.000,20,248.000,30,249.000,29,251.000,9,252.000,20,253.000,20,0,33,
122807424000,252.000,2,240.000,30,239.000,9,238.000,20,237.000,29,86.000,1,248.000,30,249.000,9,251.000,9,252.000,20,253.000,20,0,33,
122807424000,252.000,2,240.000,30,239.000,9,238.000,20,237.000,29,233.000,20,248.000,50,249.000,9,251.000,9,252.000,20,253.000,20,0,33,
122807475000,252.000,2,240.000,30,239.000,9,237.000,29,233.000,20,86.000,1,248.000,50,249.000,9,251.000,9,252.000,20,320.000,1,0,33,
122807475000,252.000,2,240.000,30,239.000,9,237.000,49,233.000,20,86.000,1,248.000,50,249.000,9,251.000,9,252.000,40,320.000,1,0,33,
122808212000,252.000,2,240.000,30,239.000,9,237.000,49,86.000,1,84.000,3,248.000,30,249.000,9,251.000,9,252.000,40,320.000,1,0,33,
122808213000,252.000,2,240.000,30,239.000,9,237.000,49,234.000,20,86.000,1,248.000,30,249.000,29,251.000,9,252.000,40,320.000,1,0,33,
122808243000,252.000,2,240.000,30,239.000,9,237.000,29,234.000,20,86.000,1,248.000,30,249.000,29,251.000,9,252.000,20,320.000,1,0,33,
122808243000,252.000,2,240.000,30,239.000,9,238.000,20,237.000,29,234.000,20,248.000,30,249.000,29,251.000,9,252.000,20,253.000,20,0,33,
122810665000,252.000,2,240.000,30,239.000,9,238.000,20,237.000,49,234.000,20,248.000,30,249.000,29,251.000,9,252.000,40,253.000,20,0,33,
122810992000,252.000,2,240.000,30,239.000,9,237.000,49,234.000,20,86.000,1,248.000,30,249.000,29,251.000,9,252.000,40,320.000,1,0,33,
122810992000,252.000,2,240.000,30,239.000,29,237.000,49,234.000,20,86.000,1,248.000,30,249.000,29,251.000,9,252.000,40,254.000,20,0,33,
122813117000,252.000,2,240.000,30,239.000,9,237.000,49,234.000,20,86.000,1,248.000,30,249.000,29,251.000,9,252.000,40,320.000,1,0,33,
122813117000,252.000,2,240.000,30,239.000,9,238.000,20,237.000,49,234.000,20,248.000,30,249.000,29,251.000,9,252.000,40,253.000,20,0,33,
122814922000,252.000,2,240.000,30,239.000,9,238.000,20,237.000,29,234.000,20,248.000,30,249.000,29,251.000,9,252.000,20,253.000,20,0,33,
122815921000,252.000,2,240.000,30,239.000,9,238.000,20,237.000,49,234.000,20,248.000,30,249.000,29,251.000,9,252.000,40,253.000,20,0,33,
122820122000,252.000,2,240.000,30,239.000,9,237.000,49,234.000,20,86.000,1,248.000,30,249.000,29,251.000,9,252.000,40,320.000,1,0,33,
122820122000,252.000,2,240.000,30,239.000,29,237.000,49,234.000,20,86.000,1,248.000,30,249.000,29,251.000,9,252.000,40,254.000,20,0,33,
122821660000,252.000,2,240.000,30,239.000,29,237.000,49,86.000,1,84.000,3,248.000,30,249.000,9,251.000,9,252.000,40,254.000,20,0,33,
122821660000,252.000,2,240.000,30,239.000,29,237.000,49,235.000,20,86.000,1,248.000,30,249.000,9,250.000,20,251.000,9,252.000,40,0,33,
122825002000,252.000,2,240.000,30,239.000,29,237.000,49,86.000,1,84.000,3,248.000,30,249.000,9,251.000,9,252.000,40,254.000,20,0,33,
122825002000,252.000,2,240.000,30,239.000,29,237.000,49,234.000,20,86.000,1,248.000,30,249.000,29,251.000,9,252.000,40,254.000,20,0,33,
122825359000,252.000,2,240.000,30,239.000,29,237.000,49,86.000,1,84.000,3,248.000,30,249.000,9,251.000,9,252.000,40,254.000,20,0,33,
122825502000,252.000,2,240.000,30,239.000,29,237.000,49,235.000,20,86.000,1,248.000,30,249.000,9,250.000,20,251.000,9,252.000,40,0,33,
122828743000,252.000,2,240.000,30,239.000,29,237.000,49,86.000,1,84.000,3,248.000,30,249.000,9,251.000,9,252.000,40,254.000,20,0,33,
122828743000,252.000,2,240.000,30,239.000,29,237.000,49,234.000,20,86.000,1,248.000,30,249.000,29,251.000,9,252.000,40,254.000,20,0,33,
122829618000,252.000,2,240.000,30,239.000,9,237.000,49,234.000,20,86.000,1,248.000,30,249.000,29,251.000,9,252.000,40,320.000,1,0,33,
122829618000,252.000,2,240.000,30,239.000,9,238.000,20,237.000,49,234.000,20,248.000,30,249.000,29,251.000,9,252.000,40,253.000,20,0,33,
122831043000,252.000,2,240.000,30,239.000,9,238.000,20,237.000,49,86.000,1,248.000,30,249.000,9,251.000,9,252.000,40,253.000,20,0,33,
122831043000,252.000,2,240.000,30,239.000,9,238.000,20,237.000,49,235.000,20,248.000,30,249.000,9,250.000,20,251.000,9,252.000,40,0,33,
122831243000,252.000,2,240.000,30,239.000,9,237.000,49,235.000,20,86.000,1,248.000,30,249.000,9,250.000,20,251.000,9,252.000,40,0,33,
122831243000,252.000,2,240.000,30,239.000,29,237.000,49,235.000,20,86.000,1,248.000,30,249.000,9,250.000,20,251.000,9,252.000,40,0,33,
122832618000,252.000,2,240.000,30,239.000,9,237.000,49,235.000,20,86.000,1,248.000,30,249.000,9,250.000,20,251.000,9,252.000,40,0,33,
122832618000,252.000,2,240.000,50,239.000,9,237.000,49,235.000,20,86.000,1,248.000,30,249.000,9,250.000,20,251.000,9,252.000,40,0,33,
122832672000,252.000,2,240.000,50,239.000,9,237.000,29,235.000,20,86.000,1,248.000,30,249.000,9,250.000,20,251.000,9,252.000,20,0,33,
122832731000,252.000,2,240.000,50,239.000,9,237.000,29,86.000,1,84.000,3,248.000,30,249.000,9,251.000,9,252.000,20,255.000,20,0,33,
122832928000,252.000,2,240.000,29,239.000,9,237.000,29,86.000,1,84.000,3,248.000,9,249.000,9,251.000,9,252.000,20,255.000,20,0,33,
122832928000,252.000,2,240.000,50,239.000,9,237.000,29,86.000,1,84.000,3,248.000,9,249.000,30,251.000,9,252.000,20,255.000,20,0,33,
122832928000,252.000,2,240.000,50,239.000,9,237.000,29,86.000,1,84.000,3,248.000,9,249.000,30,251.000,18,252.000,20,255.000,20,0,33,
122832928000,252.000,2,240.000,50,239.000,9,237.000,29,86.000,1,84.000,3,249.000,30,251.000,18,252.000,20,255.000,20,320.000,1,0,33,
122833067000,252.000,2,240.000,50,239.000,9,238.000,20,237.000,29,86.000,1,249.000,30,251.000,18,252.000,20,253.000,20,255.000,20,0,33,
122833496000,252.000,2,240.000,50,239.000,9,238.000,20,237.000,29,236.000,20,249.000,30,251.000,38,252.000,20,253.000,20,255.000,20,0,33,
122841639000,252.000,2,240.000,50,239.000,9,238.000,20,237.000,29,86.000,1,249.000,30,251.000,18,252.000,20,253.000,20,255.000,20,0,33,
122841639000,252.000,2,240.000,50,239.000,9,238.000,20,237.000,49,86.000,1,249.000,30,251.000,18,252.000,40,253.000,20,255.000,20,0,33,
122841639000,252.000,2,240.000,50,239.000,9,238.000,20,237.000,49,86.000,1,249.000,30,251.000,9,252.000,40,253.000,20,255.000,20,0,33,
122841708000,252.000,2,240.000,50,239.000,9,237.000,49,86.000,1,84.000,3,249.000,30,251.000,9,252.000,40,255.000,20,320.000,1,0,33,
122841762000,252.000,2,240.000,50,239.000,9,237.000,49,86.000,1,84.000,3,249.000,30,251.000,9,252.000,40,253.000,9,255.000,20,0,33,
122841768000,252.000,2,240.000,50,239.000,9,237.000,29,86.000,1,84.000,3,249.000,30,251.000,9,252.000,20,253.000,9,255.000,20,0,33,
122841932000,252.000,2,240.000,29,239.000,9,237.000,29,86.000,1,84.000,3,249.000,9,251.000,9,252.000,20,253.000,9,255.000,20,0,33,
122841932000,252.000,2,240.000,50,239.000,9,237.000,29,86.000,1,84.000,3,249.000,9,250.000,21,251.000,9,252.000,20,253.000,9,0,33,
122841932000,252.000,2,240.000,50,239.000,9,237.000,29,86.000,1,84.000,3,249.000,9,250.000,21,251.000,9,252.000,29,253.000,9,0,33,
122841932000,252.000,2,240.000,50,239.000,9,237.000,29,86.000,1,84.000,3,250.000,21,251.000,9,252.000,29,253.000,9,255.000,20,0,33,
122841932000,252.000,2,240.000,50,239.000,9,237.000,29,86.000,1,84.000,3,250.000,30,251.000,9,252.000,29,253.000,9,255.000,20,0,33,
122842007000,252.000,2,240.000,50,239.000,29,237.000,29,86.000,1,84.000,3,250.000,30,251.000,9,252.000,29,253.000,9,254.000,20,0,33,
122842007000,252.000,2,240.000,50,239.000,29,237.000,29,86.000,1,84.000,3,250.000,30,251.000,9,252.000,20,253.000,9,254.000,20,0,33,
122842671000,252.000,2,240.000,50,239.000,29,238.000,20,237.000,29,86.000,1,250.000,30,251.000,9,252.000,20,253.000,29,254.000,20,0,33,
122848200000,252.000,2,240.000,50,239.000,29,238.000,20,237.000,9,86.000,1,250.000,30,251.000,9,253.000,29,254.000,20,255.000,20,0,33,
122848200000,252.000,2,240.000,50,239.000,29,238.000,20,237.000,9,236.000,20,250.000,30,251.000,29,253.000,29,254.000,20,255.000,20,0,33,
122848700000,252.000,2,240.000,50,239.000,29,238.000,20,237.000,9,86.000,1,250.000,30,251.000,9,253.000,29,254.000,20,255.000,20,0,33,
122848700000,252.000,2,240.000,50,239.000,29,238.000,20,237.000,29,86.000,1,250.000,30,251.000,9,252.000,20,253.000,29,254.000,20,0,33,
122849075000,252.000,2,240.000,50,239.000,29,238.000,20,237.000,9,86.000,1,250.000,30,251.000,9,253.000,29,254.000,20,255.000,20,0,33,
122849199000,252.000,2,240.000,50,239.000,29,238.000,20,237.000,9,236.000,20,250.000,30,251.000,29,253.000,29,254.000,20,255.000,20,0,33,
122850701000,252.000,2,240.000,50,239.000,29,238.000,20,237.000,9,86.000,1,250.000,30,251.000,9,253.000,29,254.000,20,255.000,20,0,33,
122850701000,252.000,2,240.000,50,239.000,29,238.000,20,237.000,29,86.000,1,250.000,30,251.000,9,252.000,20,253.000,29,254.000,20,0,33,
122853686000,252.000,2,240.000,50,239.000,29,238.000,20,237.000,9,86.000,1,250.000,30,251.000,9,253.000,29,254.000,20,255.000,20,0,33,
122853686000,252.000,2,240.000,50,239.000,29,238.000,20,237.000,9,236.000,20,250.000,30,251.000,29,253.000,29,254.000,20,255.000,20,0,33,
122853811000,252.000,2,240.000,50,239.000,29,238.000,20,237.000,9,86.000,1,250.000,30,251.000,9,253.000,29,254.000,20,255.000,20,0,33,
122854186000,252.000,2,240.000,50,239.000,29,238.000,20,237.000,29,86.000,1,250.000,30,251.000,9,252.000,20,253.000,29,254.000,20,0,33,
122902700000,252.000,2,240.000,50,239.000,29,237.000,29,86.000,1,84.000,3,250.000,30,251.000,9,252.000,20,253.000,9,254.000,20,0,33,
122903476000,252.000,2,240.000,50,239.000,29,238.000,20,237.000,29,86.000,1,250.000,30,251.000,9,252.000,20,253.000,29,254.000,20,0,33,
122906993000,252.000,2,240.000,30,239.000,29,238.000,20,237.000,29,86.000,1,250.000,30,251.000,9,252.000,20,253.000,29,254.000,20,0,33,
122906993000,252.000,2,241.000,20,240.000,30,239.000,29,238.000,20,237.000,29,250.000,30,251.000,9,252.000,20,253.000,29,254.000,20,0,33,
122906993000,252.000,2,241.000,29,240.000,30,239.000,29,238.000,20,237.000,29,250.000,30,251.000,9,252.000,20,253.000,29,254.000,20,0,33,
122907007000,252.000,2,241.000,29,240.000,30,239.000,20,238.000,20,237.000,29,250.000,30,251.000,9,252.000,20,253.000,29,254.000,20,0,33,
122907382000,252.000,2,241.000,29,240.000,9,239.000,20,238.000,20,237.000,29,250.000,9,251.000,9,252.000,20,253.000,29,254.000,20,0,33,
122907382000,252.000,2,242.000,21,241.000,29,240.000,9,239.000,20,238.000,20,250.000,30,251.000,9,252.000,20,253.000,29,254.000,20,0,33,
122907382000,252.000,2,242.000,30,241.000,29,240.000,9,239.000,20,238.000,20,250.000,30,251.000,9,252.000,20,253.000,29,254.000,20,0,33,
122907506000,252.000,2,242.000,30,241.000,29,239.000,20,238.000,20,237.000,29,250.000,30,251.000,9,252.000,20,253.000,29,254.000,20,0,33,
122916118000,252.000,2,242.000,30,241.000,9,239.000,20,238.000,20,237.000,29,250.000,30,251.000,9,252.000,20,253.000,29,254.000,20,0,33,
122916118000,252.000,2,242.000,30,241.000,9,240.000,20,239.000,20,238.000,20,250.000,30,251.000,9,252.000,20,253.000,29,254.000,20,0,33,
122921118000,252.000,2,242.000,30,241.000,9,239.000,20,238.000,20,237.000,29,250.000,30,251.000,9,252.000,20,253.000,29,254.000,20,0,33,
122921118000,252.000,2,242.000,30,241.000,29,239.000,20,238.000,20,237.000,29,250.000,30,251.000,9,252.000,20,253.000,29,254.000,20,0,33,
122921188000,252.000,2,242.000,30,241.000,29,239.000,20,237.000,29,86.000,1,250.000,30,251.000,9,252.000,20,253.000,9,254.000,20,0,33,
122921256000,252.000,2,242.000,30,241.000,29,239.000,20,237.000,9,86.000,1,250.000,30,251.000,9,253.000,9,254.000,20,256.000,20,0,33,
122921256000,252.000,2,242.000,30,241.000,29,239.000,20,238.000,20,237.000,9,250.000,30,251.000,9,253.000,29,254.000,20,256.000,20,0,33,
122921278000,252.000,2,242.000,30,241.000,29,239.000,20,237.000,9,86.000,1,250.000,30,251.000,9,253.000,9,254.000,20,256.000,20,0,33,
122921405000,252.000,2,242.000,30,241.000,29,239.000,40,237.000,9,86.000,1,250.000,30,251.000,9,253.000,9,254.000,40,256.000,20,0,33,
122921901000,252.000,2,242.000,30,241.000,29,239.000,40,237.000,29,86.000,1,250.000,30,251.000,9,252.000,20,253.000,9,254.000,40,0,33,
122922044000,252.000,2,242.000,30,241.000,29,239.000,20,237.000,29,86.000,1,250.000,30,251.000,9,252.000,20,253.000,9,254.000,20,0,33,
122922244000,252.000,2,242.000,30,241.000,9,239.000,20,237.000,29,86.000,1,250.000,30,251.000,9,252.000,20,253.000,9,254.000,20,0,33,
122922244000,252.000,2,242.000,30,241.000,9,240.000,20,239.000,20,237.000,29,250.000,30,251.000,9,252.000,20,253.000,9,254.000,20,0,33,
122922260000,252.000,2,242.000,30,241.000,9,240.000,20,239.000,20,237.000,9,250.000,30,251.000,9,253.000,9,254.000,20,255.000,20,0,33,
122922274000,252.000,2,242.000,9,241.000,9,240.000,20,239.000,20,237.000,9,250.000,9,251.000,9,253.000,9,254.000,20,255.000,20,0,33,
122922274000,252.000,2,242.000,9,241.000,30,240.000,20,239.000,20,237.000,9,250.000,30,251.000,9,253.000,9,254.000,20,255.000,20,0,33,
122922274000,252.000,2,241.000,30,240.000,20,239.000,20,237.000,9,86.000,1,250.000,30,251.000,9,253.000,9,254.000,20,255.000,20,0,33,
122922274000,252.000,2,241.000,30,240.000,20,239.000,20,237.000,9,86.000,1,250.000,21,251.000,9,253.000,9,254.000,20,255.000,20,0,33,
122922476000,252.000,2,241.000,30,240.000,20,239.000,20,238.000,20,237.000,9,250.000,21,251.000,9,253.000,29,254.000,20,255.000,20,0,33,
122922501000,252.000,2,241.000,30,240.000,20,239.000,20,238.000,20,237.000,29,250.000,21,251.000,9,252.000,20,253.000,29,254.000,20,0,33,
122922825000,252.000,2,241.000,30,240.000,20,239.000,20,238.000,20,237.000,29,250.000,30,251.000,9,252.000,20,253.000,29,254.000,20,0,33,
122922868000,252.000,2,241.000,30,239.000,20,238.000,20,237.000,29,86.000,1,250.000,30,251.000,9,252.000,20,253.000,29,254.000,20,0,33,
122922868000,252.000,2,241.000,50,239.000,20,238.000,20,237.000,29,86.000,1,250.000,30,251.000,9,252.000,20,253.000,29,254.000,20,0,33,
122932235000,252.000,2,241.000,50,239.000,20,238.000,20,237.000,9,86.000,1,250.000,30,251.000,9,253.000,29,254.000,20,256.000,20,0,33,
122932235000,252.000,2,241.000,50,239.000,20,238.000,40,237.000,9,86.000,1,250.000,30,251.000,9,253.000,49,254.000,20,256.000,20,0,33,
122932953000,252.000,2,241.000,29,239.000,20,238.000,40,237.000,9,86.000,1,250.000,9,251.000,9,253.000,49,254.000,20,256.000,20,0,33,
122932953000,252.000,2,242.000,21,241.000,29,239.000,20,238.000,40,237.000,9,250.000,30,251.000,9,253.000,49,254.000,20,256.000,20,0,33,
122932954000,252.000,2,242.000,21,241.000,29,239.000,20,238.000,40,237.000,9,250.000,30,251.000,9,253.000,58,254.000,20,256.000,20,0,33,
122932954000,252.000,2,242.000,30,241.000,29,239.000,20,238.000,40,237.000,9,250.000,30,251.000,9,253.000,58,254.000,20,256.000,20,0,33,
122932954000,252.000,2,242.000,30,241.000,29,239.000,20,238.000,40,237.000,9,250.000,21,251.000,9,253.000,58,254.000,20,256.000,20,0,33,
122933650000,252.000,2,242.000,30,241.000,29,239.000,20,238.000,40,237.000,9,250.000,30,251.000,9,253.000,58,254.000,20,256.000,20,0,33,
122934006000,252.000,2,242.000,30,241.000,29,239.000,20,238.000,40,237.000,9,250.000,30,251.000,9,253.000,49,254.000,20,256.000,20,0,33,
122936515000,252.000,2,242.000,30,241.000,29,239.000,20,238.000,20,237.000,9,250.000,30,251.000,9,253.000,29,254.000,20,256.000,20,0,33,
122936583000,252.000,2,242.000,30,241.000,29,239.000,20,238.000,20,237.000,29,250.000,30,251.000,9,252.000,20,253.000,29,254.000,20,0,33,
122936949000,252.000,2,242.000,30,241.000,29,239.000,20,238.000,20,237.000,9,250.000,30,251.000,9,253.000,29,254.000,20,256.000,20,0,33,
122937199000,252.000,2,242.000,30,241.000,29,239.000,20,238.000,20,237.000,29,250.000,30,251.000,9,252.000,20,253.000,29,254.000,20,0,33,
122938619000,252.000,2,242.000,30,241.000,9,239.000,20,238.000,20,237.000,29,250.000,30,251.000,9,252.000,20,253.000,29,254.000,20,0,33,
122938619000,252.000,2,242.000,30,241.000,9,240.000,20,239.000,20,238.000,20,250.000,30,251.000,9,252.000,20,253.000,29,254.000,20,0,33,
122938956000,252.000,2,242.000,9,241.000,9,240.000,20,239.000,20,238.000,20,250.000,9,251.000,9,252.000,20,253.000,29,254.000,20,0,33,
122938956000,252.000,2,242.000,9,241.000,30,240.000,20,239.000,20,238.000,20,250.000,30,251.000,9,252.000,20,253.000,29,254.000,20,0,33,
122938956000,252.000,2,242.000,9,241.000,30,240.000,29,239.000,20,238.000,20,250.000,30,251.000,9,252.000,20,253.000,29,254.000,20,0,33,
122938956000,252.000,2,242.000,9,241.000,30,240.000,29,239.000,20,238.000,20,250.000,30,251.000,9,252.000,29,253.000,29,254.000,20,0,33,
122938956000,252.000,2,242.000,9,241.000,30,240.000,29,239.000,20,238.000,20,250.000,21,251.000,9,252.000,29,253.000,29,254.000,20,0,33,
122938956000,252.000,2,241.000,30,240.000,29,239.000,20,238.000,20,237.000,29,250.000,21,251.000,9,252.000,29,253.000,29,254.000,20,0,33,
122938956000,252.000,2,241.000,30,240.000,29,239.000,20,238.000,20,237.000,29,250.000,30,251.000,9,252.000,29,253.000,29,254.000,20,0,33,
122939006000,252.000,2,241.000,30,240.000,29,239.000,20,238.000,20,237.000,29,250.000,30,251.000,9,252.000,20,253.000,29,254.000,20,0,33,
122942500000,252.000,2,241.000,30,240.000,29,239.000,20,237.000,29,86.000,1,250.000,30,251.000,9,252.000,20,253.000,9,254.000,20,0,33,
122943118000,252.000,2,241.000,30,240.000,9,239.000,20,237.000,29,86.000,1,250.000,30,251.000,9,252.000,20,253.000,9,254.000,20,0,33,
122943118000,252.000,2,241.000,30,240.000,9,239.000,40,237.000,29,86.000,1,250.000,30,251.000,9,252.000,20,253.000,9,254.000,40,0,33,
122943159000,252.000,2,241.000,30,240.000,9,239.000,40,237.000,9,86.000,1,250.000,30,251.000,9,253.000,9,254.000,40,320.000,1,0,33,
122943159000,252.000,2,241.000,30,240.000,9,239.000,40,237.000,9,236.000,20,250.000,30,251.000,29,253.000,9,254.000,40,320.000,1,0,33,
122943413000,252.000,2,241.000,30,240.000,9,239.000,40,237.000,29,236.000,20,250.000,30,251.000,29,252.000,20,253.000,9,254.000,40,0,33,
122944279000,252.000,2,241.000,30,240.000,9,239.000,40,237.000,29,86.000,1,250.000,30,251.000,9,252.000,20,253.000,9,254.000,40,0,33,
122944279000,252.000,2,241.000,30,240.000,9,239.000,40,237.000,49,86.000,1,250.000,30,251.000,9,252.000,40,253.000,9,254.000,40,0,33,
122944493000,252.000,2,241.000,30,240.000,9,239.000,20,237.000,49,86.000,1,250.000,30,251.000,9,252.000,40,253.000,9,254.000,20,0,33,
122944493000,252.000,2,241.000,30,240.000,29,239.000,20,237.000,49,86.000,1,250.000,30,251.000,9,252.000,40,253.000,9,254.000,20,0,33,
122944730000,252.000,2,241.000,30,240.000,29,239.000,20,237.000,29,86.000,1,250.000,30,251.000,9,252.000,20,253.000,9,254.000,20,0,33,
122945502000,252.000,2,241.000,30,240.000,29,239.000,20,238.000,20,237.000,29,250.000,30,251.000,9,252.000,20,253.000,29,254.000,20,0,33,
122946744000,252.000,2,241.000,30,240.000,9,239.000,20,238.000,20,237.000,29,250.000,30,251.000,9,252.000,20,253.000,29,254.000,20,0,33,
122946744000,252.000,2,241.000,50,240.000,9,239.000,20,238.000,20,237.000,29,250.000,30,251.000,9,252.000,20,253.000,29,254.000,20,0,33,
122951619000,252.000,2,241.000,30,240.000,9,239.000,20,238.000,20,237.000,29,250.000,30,251.000,9,252.000,20,253.000,29,254.000,20,0,33,
122951619000,252.000,2,241.000,30,240.000,29,239.000,20,238.000,20,237.000,29,250.000,30,251.000,9,252.000,20,253.000,29,254.000,20,0,33,
122956947000,252.000,2,241.000,30,240.000,29,239.000,20,237.000,29,86.000,1,250.000,30,251.000,9,252.000,20,253.000,9,254.000,20,0,33,
122956971000,252.000,2,241.000,30,240.000,29,239.000,20,237.000,9,86.000,1,250.000,30,251.000,9,253.000,9,254.000,20,255.000,20,0,33,
122956971000,252.000,2,241.000,30,240.000,29,239.000,20,237.000,9,236.000,20,250.000,30,251.000,29,253.000,9,254.000,20,255.000,20,0,33,
122956993000,252.000,2,241.000,30,240.000,9,239.000,20,237.000,9,236.000,20,250.000,30,251.000,29,253.000,9,254.000,20,320.000,1,0,33,
122956993000,252.000,2,241.000,30,240.000,9,239.000,40,237.000,9,236.000,20,250.000,30,251.000,29,253.000,9,254.000,40,320.000,1,0,33,
122957207000,252.000,2,241.000,30,240.000,9,239.000,40,237.000,29,236.000,20,250.000,30,251.000,29,252.000,20,253.000,9,254.000,40,0,33,
122957399000,252.000,2,241.000,9,240.000,9,239.000,40,237.000,29,236.000,20,250.000,9,251.000,29,252.000,20,253.000,9,254.000,40,0,33,
122957399000,252.000,2,241.000,9,240.000,30,239.000,40,237.000,29,236.000,20,250.000,30,251.000,29,252.000,20,253.000,9,254.000,40,0,33,
122957399000,252.000,2,241.000,9,240.000,30,239.000,49,237.000,29,236.000,20,250.000,30,251.000,29,252.000,20,253.000,9,254.000,40,0,33,
122957399000,252.000,2,240.000,30,239.000,49,237.000,29,236.000,20,86.000,1,250.000,30,251.000,29,252.000,20,253.000,9,254.000,40,0,33,
122957399000,252.000,2,240.000,30,239.000,49,237.000,29,236.000,20,86.000,1,250.000,21,251.000,29,252.000,20,253.000,9,254.000,40,0,33,
122957399000,252.000,2,240.000,30,239.000,49,237.000,29,236.000,20,86.000,1,250.000,30,251.000,29,252.000,20,253.000,9,254.000,40,0,33,
122957506000,252.000,2,240.000,30,239.000,29,237.000,29,236.000,20,86.000,1,250.000,30,251.000,29,252.000,20,253.000,9,254.000,20,0,33,
122957506000,252.000,2,240.000,30,239.000,29,237.000,49,236.000,20,86.000,1,250.000,30,251.000,29,252.000,40,253.000,9,254.000,20,0,33,
123000518000,252.000,2,240.000,30,239.000,29,237.000,49,86.000,1,84.000,3,250.000,30,251.000,9,252.000,40,253.000,9,254.000,20,0,33,
123000518000,252.000,2,240.000,30,239.000,29,237.000,69,86.000,1,84.000,3,250.000,30,251.000,9,252.000,60,253.000,9,254.000,20,0,33,
123000759000,252.000,2,240.000,30,239.000,29,237.000,49,86.000,1,84.000,3,250.000,30,251.000,9,252.000,40,253.000,9,254.000,20,0,33,
123001124000,252.000,2,240.000,30,239.000,29,237.000,49,236.000,20,86.000,1,250.000,30,251.000,29,252.000,40,253.000,9,254.000,20,0,33,
123002945000,252.000,2,240.000,30,239.000,29,237.000,49,236.000,20,86.000,1,250.000,30,251.000,29,252.000,40,254.000,20,320.000,1,0,33,
123002946000,252.000,2,240.000,30,239.000,29,237.000,49,236.000,20,86.000,1,250.000,30,251.000,38,252.000,40,254.000,20,320.000,1,0,33,
123002993000,252.000,2,240.000,30,239.000,9,237.000,49,236.000,20,86.000,1,250.000,30,251.000,38,252.000,40,320.000,1,400.000,1,0,33,
123002993000,252.000,2,240.000,30,239.000,9,238.000,20,237.000,49,236.000,20,250.000,30,251.000,38,252.000,40,253.000,20,320.000,1,0,33,
123003752000,252.000,2,240.000,30,239.000,9,238.000,20,237.000,49,86.000,1,250.000,30,251.000,18,252.000,40,253.000,20,320.000,1,0,33,
123003752000,252.000,2,240.000,30,239.000,9,238.000,20,237.000,49,235.000,20,250.000,50,251.000,18,252.000,40,253.000,20,320.000,1,0,33,
123003996000,252.000,2,240.000,30,239.000,9,238.000,20,237.000,29,235.000,20,250.000,50,251.000,18,252.000,20,253.000,20,320.000,1,0,33,
123004066000,252.000,2,240.000,9,239.000,9,238.000,20,237.000,29,235.000,20,250.000,29,251.000,18,252.000,20,253.000,20,320.000,1,0,33,
123004066000,252.000,2,240.000,9,239.000,30,238.000,20,237.000,29,235.000,20,250.000,50,251.000,18,252.000,20,253.000,20,320.000,1,0,33,
123004067000,252.000,2,240.000,9,239.000,30,238.000,29,237.000,29,235.000,20,250.000,50,251.000,18,252.000,20,253.000,20,320.000,1,0,33,
123004067000,252.000,2,239.000,30,238.000,29,237.000,29,235.000,20,86.000,1,250.000,50,251.000,18,252.000,20,253.000,20,320.000,1,0,33,
123004756000,252.000,2,239.000,30,238.000,29,237.000,29,236.000,20,235.000,20,250.000,50,251.000,38,252.000,20,253.000,20,320.000,1,0,33,
123004870000,252.000,2,239.000,30,238.000,29,237.000,29,236.000,20,86.000,1,250.000,30,251.000,38,252.000,20,253.000,20,320.000,1,0,33,
123004870000,252.000,2,239.000,30,238.000,29,237.000,29,236.000,40,86.000,1,250.000,30,251.000,58,252.000,20,253.000,20,320.000,1,0,33,
123004990000,252.000,2,239.000,30,238.000,29,237.000,29,236.000,20,86.000,1,250.000,30,251.000,38,252.000,20,253.000,20,320.000,1,0,33,
123005398000,252.000,2,239.000,9,238.000,29,237.000,29,236.000,20,86.000,1,250.000,9,251.000,38,252.000,20,253.000,20,320.000,1,0,33,
123005398000,252.000,2,240.000,21,239.000,9,238.000,29,237.000,29,236.000,20,250.000,30,251.000,38,252.000,20,253.000,20,320.000,1,0,33,
123005398000,252.000,2,240.000,21,239.000,9,238.000,29,237.000,29,236.000,20,250.000,21,251.000,38,252.000,20,253.000,20,320.000,1,0,33,
123005398000,252.000,2,240.000,21,238.000,29,237.000,29,236.000,20,86.000,1,250.000,21,251.000,38,252.000,20,253.000,20,320.000,1,0,33,
123005398000,252.000,2,240.000,30,238.000,29,237.000,29,236.000,20,86.000,1,250.000,21,251.000,38,252.000,20,253.000,20,320.000,1,0,33,
123005399000,252.000,2,240.000,30,238.000,29,237.000,29,236.000,20,86.000,1,250.000,30,251.000,38,252.000,20,253.000,20,320.000,1,0,33,
123005485000,252.000,2,240.000,30,238.000,29,237.000,29,236.000,20,235.000,20,250.000,50,251.000,38,252.000,20,253.000,20,320.000,1,0,33,
123005967000,252.000,2,240.000,9,238.000,29,237.000,29,236.000,20,235.000,20,250.000,29,251.000,38,252.000,20,253.000,20,320.000,1,0,33,
123005967000,252.000,2,240.000,9,239.000,21,238.000,29,237.000,29,236.000,20,250.000,50,251.000,38,252.000,20,253.000,20,320.000,1,0,33,
123005968000,252.000,2,239.000,21,238.000,29,237.000,29,236.000,20,235.000,20,250.000,50,251.000,38,252.000,20,253.000,20,320.000,1,0,33,
123005968000,252.000,2,239.000,30,238.000,29,237.000,29,236.000,20,235.000,20,250.000,50,251.000,38,252.000,20,253.000,20,320.000,1,0,33,
123009243000,252.000,2,239.000,30,238.000,9,237.000,29,236.000,20,235.000,20,250.000,50,251.000,38,252.000,20,320.000,1,400.000,1,0,33,
123009243000,252.000,2,239.000,30,238.000,9,237.000,49,236.000,20,235.000,20,250.000,50,251.000,38,252.000,40,320.000,1,400.000,1,0,33,
123011743000,252.000,2,239.000,30,238.000,9,237.000,29,236.000,20,235.000,20,250.000,50,251.000,38,252.000,20,320.000,1,400.000,1,0,33,
123011743000,252.000,2,239.000,30,238.000,29,237.000,29,236.000,20,235.000,20,250.000,50,251.000,38,252.000,20,253.000,20,320.000,1,0,33,
123011954000,252.000,2,239.000,30,238.000,29,237.000,29,236.000,20,86.000,1,250.000,30,251.000,38,252.000,20,253.000,20,320.000,1,0,33,
123011954000,252.000,2,239.000,30,238.000,29,237.000,29,236.000,40,86.000,1,250.000,30,251.000,58,252.000,20,253.000,20,320.000,1,0,33,
123012139000,252.000,2,239.000,30,238.000,29,237.000,29,236.000,20,86.000,1,250.000,30,251.000,38,252.000,20,253.000,20,320.000,1,0,33,
123012513000,252.000,2,239.000,30,238.000,29,237.000,29,236.000,20,235.000,20,250.000,50,251.000,38,252.000,20,253.000,20,320.000,1,0,33,
123012993000,252.000,2,239.000,30,238.000,9,237.000,29,236.000,20,235.000,20,250.000,50,251.000,38,252.000,20,320.000,1,400.000,1,0,33,
123012993000,252.000,2,239.000,30,238.000,9,237.000,49,236.000,20,235.000,20,250.000,50,251.000,38,252.000,40,320.000,1,400.000,1,0,33,
123014118000,252.000,2,239.000,30,238.000,9,237.000,29,236.000,20,235.000,20,250.000,50,251.000,38,252.000,20,320.000,1,400.000,1,0,33,
123014118000,252.000,2,239.000,30,238.000,29,237.000,29,236.000,20,235.000,20,250.000,50,251.000,38,252.000,20,253.000,20,320.000,1,0,33,
123014634000,252.000,2,239.000,30,238.000,29,237.000,29,236.000,20,86.000,1,250.000,30,251.000,38,252.000,20,253.000,20,320.000,1,0,33,
123014634000,252.000,2,239.000,30,238.000,29,237.000,29,236.000,40,86.000,1,250.000,30,251.000,58,252.000,20,253.000,20,320.000,1,0,33,
123014759000,252.000,2,239.000,30,238.000,29,237.000,29,236.000,20,86.000,1,250.000,30,251.000,38,252.000,20,253.000,20,320.000,1,0,33,
123015133000,252.000,2,239.000,30,238.000,29,237.000,29,236.000,20,235.000,20,250.000,50,251.000,38,252.000,20,253.000,20,320.000,1,0,33,
123017618000,252.000,2,239.000,30,238.000,9,237.000,29,236.000,20,235.000,20,250.000,50,251.000,38,252.000,20,320.000,1,400.000,1,0,33,
123017618000,252.000,2,239.000,30,238.000,9,237.000,49,236.000,20,235.000,20,250.000,50,251.000,38,252.000,40,320.000,1,400.000,1,0,33,
123024800000,252.000,2,239.000,30,238.000,9,237.000,49,235.000,20,86.000,1,250.000,50,251.000,18,252.000,40,320.000,1,400.000,1,0,33,
123025302000,252.000,2,239.000,30,238.000,9,237.000,49,236.000,20,235.000,20,250.000,50,251.000,38,252.000,40,320.000,1,400.000,1,0,33,
123025759000,252.000,2,239.000,30,238.000,9,237.000,49,236.000,20,86.000,1,250.000,30,251.000,38,252.000,40,320.000,1,400.000,1,0,33,
123025759000,252.000,2,239.000,30,238.000,9,237.000,49,236.000,40,86.000,1,250.000,30,251.000,58,252.000,40,320.000,1,400.000,1,0,33,
123025815000,252.000,2,239.000,30,238.000,9,237.000,29,236.000,40,86.000,1,250.000,30,251.000,58,252.000,20,320.000,1,400.000,1,0,33,
123025815000,252.000,2,239.000,30,238.000,29,237.000,29,236.000,40,86.000,1,250.000,30,251.000,58,252.000,20,253.000,20,320.000,1,0,33,
123027242000,252.000,2,239.000,30,238.000,29,237.000,29,236.000,20,86.000,1,250.000,30,251.000,38,252.000,20,253.000,20,320.000,1,0,33,
123027242000,252.000,2,239.000,30,238.000,29,237.000,29,236.000,20,235.000,20,250.000,50,251.000,38,252.000,20,253.000,20,320.000,1,0,33,
123027991000,252.000,2,239.000,30,238.000,29,237.000,29,236.000,20,86.000,1,250.000,30,251.000,38,252.000,20,253.000,20,320.000,1,0,33,
123027991000,252.000,2,239.000,30,238.000,29,237.000,29,236.000,40,86.000,1,250.000,30,251.000,58,252.000,20,253.000,20,320.000,1,0,33,
123031030000,252.000,2,239.000,30,238.000,29,237.000,29,236.000,20,86.000,1,250.000,30,251.000,38,252.000,20,253.000,20,320.000,1,0,33,
123031119000,252.000,2,239.000,30,238.000,9,237.000,29,236.000,20,86.000,1,250.000,30,251.000,38,252.000,20,320.000,1,400.000,1,0,33,
123031119000,252.000,2,239.000,50,238.000,9,237.000,29,236.000,20,86.000,1,250.000,30,251.000,38,252.000,20,254.000,20,320.000,1,0,33,
123034608000,252.000,2,239.000,50,238.000,9,237.000,49,236.000,20,86.000,1,250.000,30,251.000,38,252.000,40,254.000,20,320.000,1,0,33,
123040585000,252.000,2,239.000,50,238.000,9,237.000,49,86.000,1,84.000,3,250.000,30,251.000,18,252.000,40,254.000,20,320.000,1,0,33,
123040585000,252.000,2,239.000,50,238.000,9,237.000,69,86.000,1,84.000,3,250.000,30,251.000,18,252.000,60,254.000,20,320.000,1,0,33,
123040751000,252.000,2,239.000,50,238.000,9,237.000,49,86.000,1,84.000,3,250.000,30,251.000,18,252.000,40,254.000,20,320.000,1,0,33,
123041126000,252.000,2,239.000,50,238.000,9,237.000,49,236.000,20,86.000,1,250.000,30,251.000,38,252.000,40,254.000,20,320.000,1,0,33,
123041898000,252.000,2,239.000,50,238.000,9,237.000,49,86.000,1,84.000,3,250.000,30,251.000,18,252.000,40,254.000,20,320.000,1,0,33,
123041898000,252.000,2,239.000,50,238.000,9,237.000,69,86.000,1,84.000,3,250.000,30,251.000,18,252.000,60,254.000,20,320.000,1,0,33,
123041938000,252.000,2,239.000,50,238.000,9,237.000,49,86.000,1,84.000,3,250.000,30,251.000,18,252.000,40,254.000,20,320.000,1,0,33,
123041994000,252.000,2,239.000,30,238.000,9,237.000,49,86.000,1,84.000,3,250.000,30,251.000,18,252.000,40,320.000,1,400.000,1,0,33,
123041994000,252.000,2,240.000,20,239.000,30,238.000,9,237.000,49,86.000,1,250.000,30,251.000,18,252.000,40,255.000,20,320.000,1,0,33,
123041994000,252.000,2,240.000,29,239.000,30,238.000,9,237.000,49,86.000,1,250.000,30,251.000,18,252.000,40,255.000,20,320.000,1,0,33,
123042006000,252.000,2,240.000,29,239.000,30,237.000,49,86.000,1,84.000,3,250.000,30,251.000,18,252.000,40,255.000,20,320.000,1,0,33,
123042524000,252.000,2,240.000,29,239.000,9,237.000,49,86.000,1,84.000,3,250.000,9,251.000,18,252.000,40,255.000,20,320.000,1,0,33,
123042524000,252.000,2,241.000,21,240.000,29,239.000,9,237.000,49,86.000,1,250.000,30,251.000,18,252.000,40,255.000,20,320.000,1,0,33,
123042524000,252.000,2,241.000,21,240.000,29,239.000,9,237.000,49,86.000,1,250.000,21,251.000,18,252.000,40,255.000,20,320.000,1,0,33,
123042524000,252.000,2,241.000,30,240.000,29,239.000,9,237.000,49,86.000,1,250.000,21,251.000,18,252.000,40,255.000,20,320.000,1,0,33,
123042524000,252.000,2,241.000,30,240.000,29,239.000,9,237.000,49,86.000,1,250.000,30,251.000,18,252.000,40,255.000,20,320.000,1,0,33,
123042765000,252.000,2,241.000,30,240.000,29,239.000,9,237.000,49,86.000,1,250.000,30,251.000,9,252.000,40,255.000,20,320.000,1,0,33,
123042868000,252.000,2,241.000,30,240.000,9,239.000,9,237.000,49,86.000,1,250.000,30,251.000,9,252.000,40,320.000,1,400.000,1,0,33,
123042868000,252.000,2,241.000,50,240.000,9,239.000,9,237.000,49,86.000,1,250.000,30,251.000,9,252.000,40,256.000,20,320.000,1,0,33,
123042869000,252.000,2,241.000,50,240.000,9,239.000,9,237.000,29,86.000,1,250.000,30,251.000,9,252.000,20,256.000,20,320.000,1,0,33,
123042869000,252.000,2,241.000,50,240.000,9,239.000,9,238.000,20,237.000,29,250.000,30,251.000,9,252.000,20,253.000,20,256.000,20,0,33,
123042888000,252.000,2,241.000,50,240.000,9,239.000,9,238.000,20,237.000,29,250.000,30,251.000,9,252.000,20,253.000,29,256.000,20,0,33,
123043006000,252.000,2,241.000,50,240.000,9,238.000,20,237.000,29,86.000,1,250.000,30,251.000,9,252.000,20,253.000,29,256.000,20,0,33,
123043369000,252.000,2,241.000,50,240.000,9,237.000,29,86.000,1,84.000,3,250.000,30,251.000,9,252.000,20,253.000,9,256.000,20,0,33,
123043369000,252.000,2,241.000,50,240.000,9,237.000,49,86.000,1,84.000,3,250.000,30,251.000,9,252.000,40,253.000,9,256.000,20,0,33,
123044118000,252.000,2,241.000,30,240.000,9,237.000,49,86.000,1,84.000,3,250.000,30,251.000,9,252.000,40,253.000,9,320.000,1,0,33,
123044118000,252.000,2,241.000,30,240.000,29,237.000,49,86.000,1,84.000,3,250.000,30,251.000,9,252.000,40,253.000,9,255.000,20,0,33,
123044484000,252.000,2,241.000,30,240.000,29,237.000,29,86.000,1,84.000,3,250.000,30,251.000,9,252.000,20,253.000,9,255.000,20,0,33,
123044484000,252.000,2,241.000,30,240.000,29,237.000,29,236.000,20,86.000,1,250.000,30,251.000,29,252.000,20,253.000,9,255.000,20,0,33,
123044619000,252.000,2,241.000,30,240.000,9,237.000,29,236.000,20,86.000,1,250.000,30,251.000,29,252.000,20,253.000,9,320.000,1,0,33,
123044619000,252.000,2,241.000,30,240.000,9,239.000,20,237.000,29,236.000,20,250.000,30,251.000,29,252.000,20,253.000,9,254.000,20,0,33,
123045986000,252.000,2,241.000,30,240.000,9,239.000,20,238.000,20,237.000,29,250.000,30,251.000,29,252.000,20,253.000,29,254.000,20,0,33,
123046462000,252.000,2,241.000,30,240.000,9,239.000,20,238.000,20,237.000,29,250.000,30,251.000,9,252.000,20,253.000,29,254.000,20,0,33,
123046462000,252.000,2,241.000,30,240.000,9,239.000,20,238.000,20,237.000,49,250.000,30,251.000,9,252.000,40,253.000,29,254.000,20,0,33,
123049870000,252.000,2,241.000,30,240.000,9,238.000,20,237.000,49,86.000,1,250.000,30,251.000,9,252.000,40,253.000,29,320.000,1,0,33,
123049870000,252.000,2,241.000,30,240.000,29,238.000,20,237.000,49,86.000,1,250.000,30,251.000,9,252.000,40,253.000,29,255.000,20,0,33,
123050157000,252.000,2,241.000,30,240.000,29,238.000,20,237.000,29,86.000,1,250.000,30,251.000,9,252.000,20,253.000,29,255.000,20,0,33,
123050157000,252.000,2,241.000,30,240.000,29,238.000,20,237.000,29,236.000,20,250.000,30,251.000,29,252.000,20,253.000,29,255.000,20,0,33,
123050618000,252.000,2,241.000,30,240.000,9,238.000,20,237.000,29,236.000,20,250.000,30,251.000,29,252.000,20,253.000,29,320.000,1,0,33,
123050618000,252.000,2,241.000,30,240.000,9,239.000,20,238.000,20,237.000,29,250.000,30,251.000,29,252.000,20,253.000,29,254.000,20,0,33,
123050841000,252.000,2,241.000,30,240.000,9,239.000,20,237.000,29,236.000,20,250.000,30,251.000,29,252.000,20,253.000,9,254.000,20,0,33,
123050987000,252.000,2,241.000,9,240.000,9,239.000,20,237.000,29,236.000,20,250.000,9,251.000,29,252.000,20,253.000,9,254.000,20,0,33,
123050987000,252.000,2,241.000,9,240.000,30,239.000,20,237.000,29,236.000,20,250.000,30,251.000,29,252.000,20,253.000,9,254.000,20,0,33,
123050987000,252.000,2,240.000,30,239.000,20,237.000,29,236.000,20,86.000,1,250.000,30,251.000,29,252.000,20,253.000,9,254.000,20,0,33,
123050987000,252.000,2,240.000,30,239.000,29,237.000,29,236.000,20,86.000,1,250.000,30,251.000,29,252.000,20,253.000,9,254.000,20,0,33,
123050987000,252.000,2,240.000,30,239.000,29,237.000,29,236.000,20,86.000,1,250.000,21,251.000,29,252.000,20,253.000,9,254.000,20,0,33,
123050987000,252.000,2,240.000,30,239.000,29,237.000,29,236.000,20,86.000,1,250.000,30,251.000,29,252.000,20,253.000,9,254.000,20,0,33,
123051012000,252.000,2,240.000,30,239.000,29,237.000,49,236.000,20,86.000,1,250.000,30,251.000,29,252.000,40,253.000,9,254.000,20,0,33,
123051744000,252.000,2,240.000,30,239.000,29,237.000,49,86.000,1,84.000,3,250.000,30,251.000,9,252.000,40,253.000,9,254.000,20,0,33,
123051744000,252.000,2,240.000,30,239.000,29,237.000,49,235.000,20,86.000,1,250.000,50,251.000,9,252.000,40,253.000,9,254.000,20,0,33,
123052620000,252.000,2,240.000,30,239.000,29,237.000,49,86.000,1,84.000,3,250.000,30,251.000,9,252.000,40,253.000,9,254.000,20,0,33,
123052620000,252.000,2,240.000,30,239.000,29,237.000,49,236.000,20,86.000,1,250.000,30,251.000,29,252.000,40,253.000,9,254.000,20,0,33,
123056494000,252.000,2,240.000,30,239.000,9,237.000,49,236.000,20,86.000,1,250.000,30,251.000,29,252.000,40,253.000,9,320.000,1,0,33,
123056494000,252.000,2,240.000,30,239.000,9,238.000,20,237.000,49,236.000,20,250.000,30,251.000,29,252.000,40,253.000,29,320.000,1,0,33,
123058049000,252.000,2,240.000,30,239.000,9,238.000,20,237.000,49,86.000,1,250.000,30,251.000,9,252.000,40,253.000,29,320.000,1,0,33,
123058247000,252.000,2,240.000,30,239.000,9,238.000,20,237.000,49,235.000,20,250.000,50,251.000,9,252.000,40,253.000,29,320.000,1,0,33,
123058275000,252.000,2,240.000,30,239.000,9,238.000,20,237.000,49,235.000,20,250.000,50,251.000,9,252.000,40,253.000,20,320.000,1,0,33,
123058275000,252.000,2,240.000,30,239.000,9,238.000,20,237.000,49,235.000,20,250.000,50,251.000,18,252.000,40,253.000,20,320.000,1,0,33,
123101282000,252.000,2,240.000,30,239.000,9,238.000,20,237.000,29,235.000,20,250.000,50,251.000,18,252.000,20,253.000,20,320.000,1,0,33,
123101370000,252.000,2,240.000,30,239.000,9,237.000,29,235.000,20,86.000,1,250.000,50,251.000,18,252.000,20,320.000,1,400.000,1,0,33,
123101370000,252.000,2,240.000,30,239.000,9,237.000,49,235.000,20,86.000,1,250.000,50,251.000,18,252.000,40,320.000,1,400.000,1,0,33,
123101413000,252.000,2,240.000,30,239.000,9,237.000,29,235.000,20,86.000,1,250.000,50,251.000,18,252.000,20,320.000,1,400.000,1,0,33,
123101466000,252.000,2,240.000,30,239.000,9,237.000,29,86.000,1,84.000,3,250.000,30,251.000,18,252.000,20,320.000,1,400.000,1,0,33,
123101466000,252.000,2,240.000,30,239.000,9,237.000,29,234.000,20,86.000,1,249.000,20,250.000,30,251.000,18,252.000,20,320.000,1,0,33,
123101466000,252.000,2,240.000,30,239.000,9,237.000,29,234.000,20,86.000,1,249.000,29,250.000,30,251.000,18,252.000,20,320.000,1,0,33,
123101506000,252.000,2,240.000,30,239.000,9,237.000,29,235.000,20,234.000,20,249.000,29,250.000,50,251.000,18,252.000,20,320.000,1,0,33,
123101506000,252.000,2,240.000,30,239.000,9,237.000,29,235.000,20,234.000,20,249.000,29,250.000,50,251.000,9,252.000,20,320.000,1,0,33,
123101590000,252.000,2,240.000,30,239.000,9,237.000,29,235.000,20,86.000,1,249.000,9,250.000,50,251.000,9,252.000,20,320.000,1,0,33,
123101591000,252.000,2,240.000,30,239.000,9,237.000,29,235.000,20,86.000,1,250.000,50,251.000,9,252.000,20,320.000,1,400.000,1,0,33,
123101750000,252.000,2,240.000,9,239.000,9,237.000,29,235.000,20,86.000,1,250.000,29,251.000,9,252.000,20,320.000,1,400.000,1,0,33,
123101750000,252.000,2,240.000,9,239.000,30,237.000,29,235.000,20,86.000,1,250.000,50,251.000,9,252.000,20,320.000,1,400.000,1,0,33,
123101750000,252.000,2,240.000,9,239.000,30,237.000,38,235.000,20,86.000,1,250.000,50,251.000,9,252.000,20,320.000,1,400.000,1,0,33,
123101750000,252.000,2,239.000,30,237.000,38,235.000,20,86.000,1,84.000,3,250.000,50,251.000,9,252.000,20,320.000,1,400.000,1,0,33,
123101963000,252.000,2,239.000,30,237.000,38,236.000,20,235.000,20,86.000,1,250.000,50,251.000,29,252.000,20,320.000,1,400.000,1,0,33,
123101966000,252.000,2,239.000,30,237.000,38,236.000,20,235.000,40,86.000,1,250.000,70,251.000,29,252.000,20,320.000,1,400.000,1,0,33,
123102216000,252.000,2,239.000,30,237.000,38,236.000,20,235.000,20,86.000,1,250.000,50,251.000,29,252.000,20,320.000,1,400.000,1,0,33,
123102465000,252.000,2,239.000,30,237.000,38,236.000,20,235.000,20,234.000,20,249.000,20,250.000,50,251.000,29,252.000,20,320.000,1,0,33,
123102466000,252.000,2,239.000,30,237.000,38,236.000,20,235.000,20,234.000,20,249.000,29,250.000,50,251.000,29,252.000,20,320.000,1,0,33,
123102535000,252.000,2,239.000,30,237.000,38,236.000,20,235.000,20,86.000,1,249.000,9,250.000,50,251.000,29,252.000,20,320.000,1,0,33,
123102535000,252.000,2,239.000,30,237.000,38,236.000,20,235.000,20,86.000,1,250.000,50,251.000,29,252.000,20,320.000,1,400.000,1,0,33,
123103000000,252.000,2,239.000,30,237.000,38,236.000,20,235.000,40,86.000,1,250.000,70,251.000,29,252.000,20,320.000,1,400.000,1,0,33,
123103245000,252.000,2,239.000,30,237.000,18,236.000,20,235.000,40,86.000,1,250.000,70,251.000,29,320.000,1,400.000,1,414.000,1,0,33,
123103245000,252.000,2,239.000,30,238.000,20,237.000,18,236.000,20,235.000,40,250.000,70,251.000,29,253.000,20,320.000,1,400.000,1,0,33,
123108245000,252.000,2,239.000,30,237.000,18,236.000,20,235.000,40,86.000,1,250.000,70,251.000,29,320.000,1,400.000,1,414.000,1,0,33,
123108245000,252.000,2,239.000,30,237.000,38,236.000,20,235.000,40,86.000,1,250.000,70,251.000,29,252.000,20,320.000,1,400.000,1,0,33,
123108369000,252.000,2,239.000,30,237.000,38,236.000,20,235.000,20,86.000,1,250.000,50,251.000,29,252.000,20,320.000,1,400.000,1,0,33,
123108369000,252.000,2,239.000,30,237.000,38,236.000,20,235.000,20,234.000,20,249.000,20,250.000,50,251.000,29,252.000,20,320.000,1,0,33,
123108369000,252.000,2,239.000,30,237.000,38,236.000,20,235.000,20,234.000,20,249.000,29,250.000,50,251.000,29,252.000,20,320.000,1,0,33,
123108430000,252.000,2,239.000,9,237.000,38,236.000,20,235.000,20,234.000,20,249.000,29,250.000,29,251.000,29,252.000,20,320.000,1,0,33,
123108430000,252.000,2,239.000,30,237.000,38,236.000,20,235.000,20,234.000,20,248.000,21,249.000,29,250.000,29,251.000,29,252.000,20,0,33,
123108430000,252.000,2,239.000,21,237.000,38,236.000,20,235.000,20,234.000,20,248.000,21,249.000,29,250.000,29,251.000,29,252.000,20,0,33,
123108430000,252.000,2,239.000,21,237.000,38,236.000,20,235.000,20,234.000,20,248.000,30,249.000,29,250.000,29,251.000,29,252.000,20,0,33,
123108430000,252.000,2,239.000,30,237.000,38,236.000,20,235.000,20,234.000,20,248.000,30,249.000,29,250.000,29,251.000,29,252.000,20,0,33,
123108506000,252.000,2,239.000,30,237.000,38,236.000,20,235.000,20,234.000,20,248.000,30,249.000,29,250.000,20,251.000,29,252.000,20,0,33,
123109371000,252.000,2,239.000,30,237.000,38,236.000,20,235.000,20,86.000,1,248.000,30,249.000,9,250.000,20,251.000,29,252.000,20,0,33,
123109371000,252.000,2,239.000,30,237.000,38,236.000,20,235.000,40,86.000,1,248.000,30,249.000,9,250.000,40,251.000,29,252.000,20,0,33,
123109375000,252.000,2,239.000,30,237.000,38,235.000,40,86.000,1,84.000,3,248.000,30,249.000,9,250.000,40,251.000,9,252.000,20,0,33,
123109712000,252.000,2,239.000,30,237.000,38,235.000,60,86.000,1,84.000,3,248.000,30,249.000,9,250.000,60,251.000,9,252.000,20,0,33,
123109869000,252.000,2,239.000,30,237.000,38,235.000,40,86.000,1,84.000,3,248.000,30,249.000,9,250.000,40,251.000,9,252.000,20,0,33,
123109869000,252.000,2,239.000,30,237.000,38,235.000,40,234.000,20,86.000,1,248.000,30,249.000,29,250.000,40,251.000,9,252.000,20,0,33,
123109967000,252.000,2,239.000,30,237.000,38,235.000,20,234.000,20,86.000,1,248.000,30,249.000,29,250.000,20,251.000,9,252.000,20,0,33,
123109993000,252.000,2,239.000,30,237.000,38,235.000,20,86.000,1,84.000,3,248.000,30,249.000,9,250.000,20,251.000,9,252.000,20,0,33,
123110369000,252.000,2,239.000,30,237.000,38,235.000,20,234.000,20,86.000,1,248.000,30,249.000,29,250.000,20,251.000,9,252.000,20,0,33,
123110619000,252.000,2,239.000,30,237.000,38,235.000,20,86.000,1,84.000,3,248.000,30,249.000,9,250.000,20,251.000,9,252.000,20,0,33,
123110756000,252.000,2,239.000,30,237.000,38,236.000,20,235.000,20,86.000,1,248.000,30,249.000,9,250.000,20,251.000,29,252.000,20,0,33,
123110868000,252.000,2,239.000,30,237.000,38,236.000,20,235.000,20,234.000,20,248.000,30,249.000,29,250.000,20,251.000,29,252.000,20,0,33,
123111119000,252.000,2,239.000,30,237.000,38,236.000,20,235.000,20,86.000,1,248.000,30,249.000,9,250.000,20,251.000,29,252.000,20,0,33,
123111486000,252.000,2,239.000,30,237.000,38,236.000,20,235.000,40,86.000,1,248.000,30,249.000,9,250.000,40,251.000,29,252.000,20,0,33,
123112385000,252.000,2,239.000,30,237.000,38,236.000,20,235.000,20,86.000,1,248.000,30,249.000,9,250.000,20,251.000,29,252.000,20,0,33,
123112385000,252.000,2,239.000,30,237.000,38,236.000,20,235.000,20,234.000,20,248.000,30,249.000,29,250.000,20,251.000,29,252.000,20,0,33,
123113616000,252.000,2,239.000,30,237.000,38,236.000,20,235.000,20,86.000,1,248.000,30,249.000,9,250.000,20,251.000,29,252.000,20,0,33,
123113616000,252.000,2,239.000,30,237.000,38,236.000,20,235.000,40,86.000,1,248.000,30,249.000,9,250.000,40,251.000,29,252.000,20,0,33,
123116242000,252.000,2,239.000,30,237.000,38,236.000,20,235.000,20,86.000,1,248.000,30,249.000,9,250.000,20,251.000,29,252.000,20,0,33,
123116242000,252.000,2,239.000,30,237.000,38,236.000,20,235.000,20,234.000,20,248.000,30,249.000,29,250.000,20,251.000,29,252.000,20,0,33,
123116367000,252.000,2,239.000,30,237.000,38,236.000,20,235.000,20,86.000,1,248.000,30,249.000,9,250.000,20,251.000,29,252.000,20,0,33,
123116742000,252.000,2,239.000,30,237.000,38,236.000,20,235.000,40,86.000,1,248.000,30,249.000,9,250.000,40,251.000,29,252.000,20,0,33,
123117858000,252.000,2,239.000,30,237.000,38,236.000,20,235.000,20,86.000,1,248.000,30,249.000,9,250.000,20,251.000,29,252.000,20,0,33,
123117858000,252.000,2,239.000,30,237.000,38,236.000,20,235.000,20,234.000,20,248.000,30,249.000,29,250.000,20,251.000,29,252.000,20,0,33,
123119917000,252.000,2,239.000,30,237.000,38,236.000,20,235.000,20,86.000,1,248.000,30,249.000,9,250.000,20,251.000,29,252.000,20,0,33,
123119917000,252.000,2,239.000,30,237.000,38,236.000,20,235.000,40,86.000,1,248.000,30,249.000,9,250.000,40,251.000,29,252.000,20,0,33,
123120168000,252.000,2,239.000,30,237.000,38,236.000,20,235.000,20,86.000,1,248.000,30,249.000,9,250.000,20,251.000,29,252.000,20,0,33,
123120416000,252.000,2,239.000,30,237.000,38,236.000,20,235.000,20,234.000,20,248.000,30,249.000,29,250.000,20,251.000,29,252.000,20,0,33,
123121965000,252.000,2,239.000,30,237.000,29,236.000,20,235.000,20,234.000,20,248.000,30,249.000,29,250.000,20,251.000,29,252.000,20,0,33,
123121966000,252.000,2,239.000,9,237.000,29,236.000,20,235.000,20,234.000,20,248.000,9,249.000,29,250.000,20,251.000,29,252.000,20,0,33,
123121966000,252.000,2,239.000,9,238.000,21,237.000,29,236.000,20,235.000,20,248.000,30,249.000,29,250.000,20,251.000,29,252.000,20,0,33,
123121966000,252.000,2,239.000,9,238.000,21,237.000,29,236.000,20,235.000,20,248.000,21,249.000,29,250.000,20,251.000,29,252.000,20,0,33,
123121966000,252.000,2,238.000,21,237.000,29,236.000,20,235.000,20,234.000,20,248.000,21,249.000,29,250.000,20,251.000,29,252.000,20,0,33,
123121966000,252.000,2,238.000,30,237.000,29,236.000,20,235.000,20,234.000,20,248.000,21,249.000,29,250.000,20,251.000,29,252.000,20,0,33,
123121966000,252.000,2,238.000,30,237.000,29,236.000,20,235.000,20,234.000,20,248.000,30,249.000,29,250.000,20,251.000,29,252.000,20,0,33,
123121995000,252.000,2,238.000,30,237.000,9,236.000,20,235.000,20,234.000,20,248.000,30,249.000,29,250.000,20,251.000,29,320.000,1,0,33,
123121995000,252.000,2,238.000,30,237.000,9,236.000,40,235.000,20,234.000,20,248.000,30,249.000,29,250.000,20,251.000,49,320.000,1,0,33,
123122089000,252.000,2,238.000,30,237.000,9,236.000,40,235.000,29,234.000,20,248.000,30,249.000,29,250.000,20,251.000,49,320.000,1,0,33,
123123243000,252.000,2,238.000,30,237.000,9,236.000,20,235.000,29,234.000,20,248.000,30,249.000,29,250.000,20,251.000,29,320.000,1,0,33,
123123243000,252.000,2,238.000,30,237.000,29,236.000,20,235.000,29,234.000,20,248.000,30,249.000,29,250.000,20,251.000,29,252.000,20,0,33,
123123292000,252.000,2,238.000,30,237.000,29,236.000,20,235.000,29,86.000,1,248.000,30,249.000,9,250.000,20,251.000,29,252.000,20,0,33,
123123292000,252.000,2,238.000,30,237.000,29,236.000,20,235.000,49,86.000,1,248.000,30,249.000,9,250.000,40,251.000,29,252.000,20,0,33,
123123776000,252.000,2,238.000,30,237.000,29,236.000,20,235.000,29,86.000,1,248.000,30,249.000,9,250.000,20,251.000,29,252.000,20,0,33,
123123901000,252.000,2,238.000,30,237.000,29,236.000,20,235.000,29,234.000,20,248.000,30,249.000,29,250.000,20,251.000,29,252.000,20,0,33,
123125649000,252.000,2,238.000,30,237.000,29,236.000,20,235.000,29,86.000,1,248.000,30,249.000,9,250.000,20,251.000,29,252.000,20,0,33,
123125649000,252.000,2,238.000,30,237.000,29,236.000,20,235.000,49,86.000,1,248.000,30,249.000,9,250.000,40,251.000,29,252.000,20,0,33,
123125774000,252.000,2,238.000,30,237.000,29,236.000,20,235.000,29,86.000,1,248.000,30,249.000,9,250.000,20,251.000,29,252.000,20,0,33,
123126149000,252.000,2,238.000,30,237.000,29,236.000,20,235.000,29,234.000,20,248.000,30,249.000,29,250.000,20,251.000,29,252.000,20,0,33,
123127619000,252.000,2,238.000,30,237.000,9,236.000,20,235.000,29,234.000,20,248.000,30,249.000,29,250.000,20,251.000,29,320.000,1,0,33,
123127619000,252.000,2,238.000,30,237.000,9,236.000,40,235.000,29,234.000,20,248.000,30,249.000,29,250.000,20,251.000,49,320.000,1,0,33,
123130800000,252.000,2,238.000,30,237.000,9,236.000,20,235.000,29,234.000,20,248.000,30,249.000,29,250.000,20,251.000,29,320.000,1,0,33,
123131361000,252.000,2,238.000,30,237.000,9,236.000,20,235.000,29,86.000,1,248.000,30,249.000,9,250.000,20,251.000,29,320.000,1,0,33,
123131361000,252.000,2,238.000,30,237.000,9,236.000,20,235.000,49,86.000,1,248.000,30,249.000,9,250.000,40,251.000,29,320.000,1,0,33,
123131369000,252.000,2,238.000,30,237.000,9,235.000,49,86.000,1,84.000,3,248.000,30,249.000,9,250.000,40,251.000,9,320.000,1,0,33,
123131369000,252.000,2,238.000,30,237.000,29,235.000,49,86.000,1,84.000,3,248.000,30,249.000,9,250.000,40,251.000,9,252.000,20,0,33,
123131677000,252.000,2,238.000,30,237.000,29,236.000,20,235.000,49,86.000,1,248.000,30,249.000,9,250.000,40,251.000,29,252.000,20,0,33,
123134869000,252.000,2,238.000,30,237.000,9,236.000,20,235.000,49,86.000,1,248.000,30,249.000,9,250.000,40,251.000,29,320.000,1,0,33,
123134869000,252.000,2,238.000,50,237.000,9,236.000,20,235.000,49,86.000,1,248.000,30,249.000,9,250.000,40,251.000,29,253.000,20,0,33,
123135245000,252.000,2,238.000,30,237.000,9,236.000,20,235.000,49,86.000,1,248.000,30,249.000,9,250.000,40,251.000,29,320.000,1,0,33,
123135245000,252.000,2,238.000,30,237.000,29,236.000,20,235.000,49,86.000,1,248.000,30,249.000,9,250.000,40,251.000,29,252.000,20,0,33,
123135312000,252.000,2,238.000,30,237.000,29,236.000,20,235.000,29,86.000,1,248.000,30,249.000,9,250.000,20,251.000,29,252.000,20,0,33,
123135312000,252.000,2,238.000,30,237.000,29,236.000,20,235.000,29,234.000,20,248.000,30,249.000,29,250.000,20,251.000,29,252.000,20,0,33,
123135935000,252.000,2,238.000,30,237.000,29,236.000,20,235.000,29,86.000,1,248.000,30,249.000,9,250.000,20,251.000,29,252.000,20,0,33,
123135935000,252.000,2,238.000,30,237.000,29,236.000,20,235.000,49,86.000,1,248.000,30,249.000,9,250.000,40,251.000,29,252.000,20,0,33,
123136683000,252.000,2,238.000,30,237.000,29,236.000,20,235.000,29,86.000,1,248.000,30,249.000,9,250.000,20,251.000,29,252.000,20,0,33,
123136683000,252.000,2,238.000,30,237.000,29,236.000,20,235.000,29,234.000,20,248.000,30,249.000,29,250.000,20,251.000,29,252.000,20,0,33,
123136807000,252.000,2,238.000,30,237.000,29,236.000,20,235.000,29,86.000,1,248.000,30,249.000,9,250.000,20,251.000,29,252.000,20,0,33,
123137182000,252.000,2,238.000,30,237.000,29,236.000,20,235.000,49,86.000,1,248.000,30,249.000,9,250.000,40,251.000,29,252.000,20,0,33,
123140243000,252.000,2,238.000,30,237.000,9,236.000,20,235.000,49,86.000,1,248.000,30,249.000,9,250.000,40,251.000,29,320.000,1,0,33,
123140243000,252.000,2,238.000,50,237.000,9,236.000,20,235.000,49,86.000,1,248.000,30,249.000,9,250.000,40,251.000,29,253.000,20,0,33,
123143155000,252.000,2,238.000,50,237.000,9,236.000,20,235.000,29,86.000,1,248.000,30,249.000,9,250.000,20,251.000,29,253.000,20,0,33,
123143155000,252.000,2,238.000,50,237.000,9,236.000,20,235.000,29,234.000,20,248.000,30,249.000,29,250.000,20,251.000,29,253.000,20,0,33,
123143243000,252.000,2,238.000,30,237.000,9,236.000,20,235.000,29,234.000,20,248.000,30,249.000,29,250.000,20,251.000,29,320.000,1,0,33,
123143243000,252.000,2,238.000,30,237.000,29,236.000,20,235.000,29,234.000,20,248.000,30,249.000,29,250.000,20,251.000,29,252.000,20,0,33,
123145763000,252.000,2,238.000,30,237.000,29,236.000,20,235.000,29,86.000,1,248.000,30,249.000,9,250.000,20,251.000,29,252.000,20,0,33,
123145763000,252.000,2,238.000,30,237.000,29,236.000,20,235.000,49,86.000,1,248.000,30,249.000,9,250.000,40,251.000,29,252.000,20,0,33,
123146633000,252.000,2,238.000,30,237.000,29,236.000,20,235.000,29,86.000,1,248.000,30,249.000,9,250.000,20,251.000,29,252.000,20,0,33,
123146633000,252.000,2,238.000,30,237.000,29,236.000,20,235.000,29,234.000,20,248.000,30,249.000,29,250.000,20,251.000,29,252.000,20,0,33,
123149382000,252.000,2,238.000,30,237.000,29,236.000,20,235.000,29,86.000,1,248.000,30,249.000,9,250.000,20,251.000,29,252.000,20,0,33,
123149382000,252.000,2,238.000,30,237.000,29,236.000,20,235.000,49,86.000,1,248.000,30,249.000,9,250.000,40,251.000,29,252.000,20,0,33,
123149507000,252.000,2,238.000,30,237.000,29,236.000,20,235.000,29,86.000,1,248.000,30,249.000,9,250.000,20,251.000,29,252.000,20,0,33,
123149882000,252.000,2,238.000,30,237.000,29,236.000,20,235.000,29,234.000,20,248.000,30,249.000,29,250.000,20,251.000,29,252.000,20,0,33,
123151369000,252.000,2,238.000,30,237.000,9,236.000,20,235.000,29,234.000,20,248.000,30,249.000,29,250.000,20,251.000,29,320.000,1,0,33,
123151369000,252.000,2,238.000,30,237.000,9,236.000,40,235.000,29,234.000,20,248.000,30,249.000,29,250.000,20,251.000,49,320.000,1,0,33,
123151700000,252.000,2,238.000,30,237.000,9,236.000,20,235.000,29,234.000,20,248.000,30,249.000,29,250.000,20,251.000,29,320.000,1,0,33,
123152160000,252.000,2,238.000,30,237.000,9,236.000,20,235.000,49,234.000,20,248.000,30,249.000,29,250.000,40,251.000,29,320.000,1,0,33,
123201538000,252.000,2,238.000,30,237.000,9,236.000,20,235.000,49,234.000,20,248.000,30,249.000,29,250.000,40,251.000,20,320.000,1,0,33,
123201538000,252.000,2,238.000,30,237.000,9,236.000,20,235.000,49,234.000,20,248.000,30,249.000,38,250.000,40,251.000,20,320.000,1,0,33,
123205868000,252.000,2,238.000,30,237.000,9,235.000,49,234.000,20,86.000,1,248.000,30,249.000,38,250.000,40,320.000,1,400.000,1,0,33,
123205868000,252.000,2,238.000,30,237.000,29,235.000,49,234.000,20,86.000,1,248.000,30,249.000,38,250.000,40,252.000,20,320.000,1,0,33,
123207868000,252.000,2,238.000,30,237.000,9,235.000,49,234.000,20,86.000,1,248.000,30,249.000,38,250.000,40,320.000,1,400.000,1,0,33,
123207868000,252.000,2,238.000,30,237.000,9,236.000,20,235.000,49,234.000,20,248.000,30,249.000,38,250.000,40,251.000,20,320.000,1,0,33,
123208993000,252.000,2,238.000,30,237.000,9,235.000,49,234.000,20,86.000,1,248.000,30,249.000,38,250.000,40,320.000,1,400.000,1,0,33,
123208993000,252.000,2,238.000,30,237.000,29,235.000,49,234.000,20,86.000,1,248.000,30,249.000,38,250.000,40,252.000,20,320.000,1,0,33,
123211993000,252.000,2,238.000,30,237.000,9,235.000,49,234.000,20,86.000,1,248.000,30,249.000,38,250.000,40,320.000,1,400.000,1,0,33,
123211993000,252.000,2,238.000,30,237.000,9,236.000,20,235.000,49,234.000,20,248.000,30,249.000,38,250.000,40,251.000,20,320.000,1,0,33,
123212200000,252.000,2,238.000,30,237.000,9,236.000,20,235.000,29,234.000,20,248.000,30,249.000,38,250.000,20,251.000,20,320.000,1,0,33,
123212456000,252.000,2,238.000,30,237.000,9,236.000,20,235.000,49,234.000,20,248.000,30,249.000,38,250.000,40,251.000,20,320.000,1,0,33,
123232500000,252.000,2,238.000,30,237.000,9,236.000,20,235.000,29,234.000,20,248.000,30,249.000,38,250.000,20,251.000,20,320.000,1,0,33,
123233222000,252.000,2,238.000,30,237.000,9,236.000,20,235.000,49,234.000,20,248.000,30,249.000,38,250.000,40,251.000,20,320.000,1,0,33,
123238244000,252.000,2,238.000,30,237.000,9,236.000,20,235.000,49,86.000,1,248.000,30,249.000,18,250.000,40,251.000,20,320.000,1,0,33,
123238244000,252.000,2,238.000,30,237.000,9,236.000,20,235.000,49,233.000,20,248.000,50,249.000,18,250.000,40,251.000,20,320.000,1,0,33,
123238488000,252.000,2,238.000,9,237.000,9,236.000,20,235.000,49,233.000,20,248.000,29,249.000,18,250.000,40,251.000,20,320.000,1,0,33,
123238488000,252.000,2,238.000,9,237.000,30,236.000,20,235.000,49,233.000,20,248.000,50,249.000,18,250.000,40,251.000,20,320.000,1,0,33,
123238488000,252.000,2,237.000,30,236.000,20,235.000,49,233.000,20,86.000,1,248.000,50,249.000,18,250.000,40,251.000,20,320.000,1,0,33,
123240361000,252.000,2,237.000,30,236.000,20,235.000,49,86.000,1,84.000,3,248.000,30,249.000,18,250.000,40,251.000,20,320.000,1,0,33,
123240361000,252.000,2,237.000,30,236.000,20,235.000,49,234.000,20,86.000,1,248.000,30,249.000,38,250.000,40,251.000,20,320.000,1,0,33,
123245486000,252.000,2,237.000,30,236.000,20,235.000,49,86.000,1,84.000,3,248.000,30,249.000,18,250.000,40,251.000,20,320.000,1,0,33,
123245486000,252.000,2,237.000,30,236.000,20,235.000,49,233.000,20,86.000,1,248.000,50,249.000,18,250.000,40,251.000,20,320.000,1,0,33,
123246619000,252.000,2,237.000,30,235.000,49,233.000,20,86.000,1,84.000,3,248.000,50,249.000,18,250.000,40,320.000,1,400.000,1,0,33,
123246619000,252.000,2,237.000,30,235.000,69,233.000,20,86.000,1,84.000,3,248.000,50,249.000,18,250.000,60,320.000,1,400.000,1,0,33,
123246703000,252.000,2,237.000,30,235.000,49,233.000,20,86.000,1,84.000,3,248.000,50,249.000,18,250.000,40,320.000,1,400.000,1,0,33,
123247007000,252.000,2,237.000,30,235.000,49,233.000,40,86.000,1,84.000,3,248.000,70,249.000,18,250.000,40,320.000,1,400.000,1,0,33,
123253300000,252.000,2,237.000,30,235.000,29,233.000,40,86.000,1,84.000,3,248.000,70,249.000,18,250.000,20,320.000,1,400.000,1,0,33,
123253881000,252.000,2,237.000,30,235.000,29,234.000,20,233.000,40,86.000,1,248.000,70,249.000,38,250.000,20,320.000,1,400.000,1,0,33,
123257558000,252.000,2,237.000,30,235.000,20,234.000,20,233.000,40,86.000,1,248.000,70,249.000,38,250.000,20,320.000,1,400.000,1,0,33,
123257619000,252.000,2,237.000,30,234.000,20,233.000,40,86.000,1,84.000,3,248.000,70,249.000,38,320.000,1,400.000,1,414.000,1,0,33,
123257619000,252.000,2,237.000,30,234.000,40,233.000,40,86.000,1,84.000,3,248.000,70,249.000,58,320.000,1,400.000,1,414.000,1,0,33,
123257627000,252.000,2,237.000,30,234.000,40,233.000,20,86.000,1,84.000,3,248.000,50,249.000,58,320.000,1,400.000,1,414.000,1,0,33,
123257627000,252.000,2,237.000,30,234.000,40,233.000,20,232.000,20,86.000,1,247.000,20,248.000,50,249.000,58,320.000,1,400.000,1,0,33,
123257628000,252.000,2,237.000,30,234.000,40,233.000,20,232.000,20,86.000,1,247.000,29,248.000,50,249.000,58,320.000,1,400.000,1,0,33,
123257684000,252.000,2,237.000,30,234.000,40,233.000,29,232.000,20,86.000,1,247.000,29,248.000,50,249.000,58,320.000,1,400.000,1,0,33,
123258007000,252.000,2,237.000,30,234.000,40,233.000,29,232.000,20,86.000,1,247.000,29,248.000,50,249.000,49,320.000,1,400.000,1,0,33,
123258041000,252.000,2,237.000,9,234.000,40,233.000,29,232.000,20,86.000,1,247.000,29,248.000,29,249.000,49,320.000,1,400.000,1,0,33,
123258041000,252.000,2,237.000,9,236.000,21,234.000,40,233.000,29,232.000,20,246.000,21,247.000,29,248.000,29,249.000,49,320.000,1,0,33,
123258041000,252.000,2,237.000,9,236.000,21,234.000,49,233.000,29,232.000,20,246.000,21,247.000,29,248.000,29,249.000,49,320.000,1,0,33,
123258041000,252.000,2,237.000,9,236.000,30,234.000,49,233.000,29,232.000,20,246.000,21,247.000,29,248.000,29,249.000,49,320.000,1,0,33,
123258041000,252.000,2,236.000,30,234.000,49,233.000,29,232.000,20,86.000,1,246.000,21,247.000,29,248.000,29,249.000,49,320.000,1,0,33,
123258041000,252.000,2,236.000,30,234.000,49,233.000,29,232.000,20,86.000,1,246.000,30,247.000,29,248.000,29,249.000,49,320.000,1,0,33,
123258506000,252.000,2,236.000,30,234.000,49,233.000,29,232.000,20,86.000,1,246.000,30,247.000,29,248.000,20,249.000,49,320.000,1,0,33,
123258618000,252.000,2,236.000,30,234.000,49,233.000,29,86.000,1,84.000,3,246.000,30,247.000,9,248.000,20,249.000,49,320.000,1,0,33,
123258618000,252.000,2,236.000,30,234.000,49,233.000,49,86.000,1,84.000,3,246.000,30,247.000,9,248.000,40,249.000,49,320.000,1,0,33,
123259222000,252.000,2,236.000,30,234.000,29,233.000,49,86.000,1,84.000,3,246.000,30,247.000,9,248.000,40,249.000,29,320.000,1,0,33,
123259222000,252.000,2,236.000,30,235.000,20,234.000,29,233.000,49,86.000,1,246.000,30,247.000,9,248.000,40,249.000,29,250.000,20,0,33,
123301326000,252.000,2,236.000,30,235.000,20,234.000,29,233.000,29,86.000,1,246.000,30,247.000,9,248.000,20,249.000,29,250.000,20,0,33,
123301326000,252.000,2,236.000,30,235.000,20,234.000,29,233.000,29,232.000,20,246.000,30,247.000,29,248.000,20,249.000,29,250.000,20,0,33,
123301868000,252.000,2,236.000,30,234.000,29,233.000,29,232.000,20,86.000,1,246.000,30,247.000,29,248.000,20,249.000,29,320.000,1,0,33,
123301868000,252.000,2,236.000,30,234.000,49,233.000,29,232.000,20,86.000,1,246.000,30,247.000,29,248.000,20,249.000,49,320.000,1,0,33,
123303072000,252.000,2,236.000,30,234.000,49,233.000,29,232.000,20,86.000,1,246.000,30,247.000,29,248.000,20,249.000,40,320.000,1,0,33,
123303072000,252.000,2,236.000,30,234.000,49,233.000,29,232.000,20,86.000,1,246.000,30,247.000,38,248.000,20,249.000,40,320.000,1,0,33,
123305423000,252.000,2,236.000,30,234.000,49,233.000,29,86.000,1,84.000,3,246.000,30,247.000,18,248.000,20,249.000,40,320.000,1,0,33,
123305423000,252.000,2,236.000,30,234.000,49,233.000,49,86.000,1,84.000,3,246.000,30,247.000,18,248.000,40,249.000,40,320.000,1,0,33,
123306005000,252.000,2,236.000,30,234.000,49,233.000,29,86.000,1,84.000,3,246.000,30,247.000,18,248.000,20,249.000,40,320.000,1,0,33,
123306005000,252.000,2,236.000,30,234.000,49,233.000,29,232.000,20,86.000,1,246.000,30,247.000,38,248.000,20,249.000,40,320.000,1,0,33,
123306150000,252.000,2,236.000,30,234.000,49,233.000,29,86.000,1,84.000,3,246.000,30,247.000,18,248.000,20,249.000,40,320.000,1,0,33,
123306525000,252.000,2,236.000,30,234.000,49,233.000,49,86.000,1,84.000,3,246.000,30,247.000,18,248.000,40,249.000,40,320.000,1,0,33,
123306868000,252.000,2,236.000,30,234.000,29,233.000,49,86.000,1,84.000,3,246.000,30,247.000,18,248.000,40,249.000,20,320.000,1,0,33,
123306868000,252.000,2,236.000,30,235.000,20,234.000,29,233.000,49,86.000,1,246.000,30,247.000,18,248.000,40,249.000,20,250.000,20,0,33,
123307743000,252.000,2,236.000,30,234.000,29,233.000,49,86.000,1,84.000,3,246.000,30,247.000,18,248.000,40,249.000,20,320.000,1,0,33,
123307743000,252.000,2,236.000,30,234.000,49,233.000,49,86.000,1,84.000,3,246.000,30,247.000,18,248.000,40,249.000,40,320.000,1,0,33,
123307768000,252.000,2,236.000,30,234.000,49,233.000,29,86.000,1,84.000,3,246.000,30,247.000,18,248.000,20,249.000,40,320.000,1,0,33,
123307768000,252.000,2,236.000,30,234.000,49,233.000,29,232.000,20,86.000,1,246.000,30,247.000,38,248.000,20,249.000,40,320.000,1,0,33,
123308143000,252.000,2,236.000,30,234.000,49,233.000,29,86.000,1,84.000,3,246.000,30,247.000,18,248.000,20,249.000,40,320.000,1,0,33,
123308267000,252.000,2,236.000,30,234.000,49,233.000,29,232.000,20,86.000,1,246.000,30,247.000,38,248.000,20,249.000,40,320.000,1,0,33,
123308994000,252.000,2,236.000,30,234.000,29,233.000,29,232.000,20,86.000,1,246.000,30,247.000,38,248.000,20,249.000,20,320.000,1,0,33,
123308994000,252.000,2,236.000,30,235.000,20,234.000,29,233.000,29,232.000,20,246.000,30,247.000,38,248.000,20,249.000,20,250.000,20,0,33,
123309002000,252.000,2,236.000,30,235.000,20,234.000,29,233.000,29,86.000,1,246.000,30,247.000,18,248.000,20,249.000,20,250.000,20,0,33,
123309002000,252.000,2,236.000,30,235.000,20,234.000,29,233.000,49,86.000,1,246.000,30,247.000,18,248.000,40,249.000,20,250.000,20,0,33,
123309758000,252.000,2,236.000,30,235.000,20,234.000,29,233.000,29,86.000,1,246.000,30,247.000,18,248.000,20,249.000,20,250.000,20,0,33,
123309758000,252.000,2,236.000,30,235.000,20,234.000,29,233.000,29,232.000,20,246.000,30,247.000,38,248.000,20,249.000,20,250.000,20,0,33,
123309869000,252.000,2,236.000,30,234.000,29,233.000,29,232.000,20,86.000,1,246.000,30,247.000,38,248.000,20,249.000,20,320.000,1,0,33,
123309869000,252.000,2,236.000,30,234.000,49,233.000,29,232.000,20,86.000,1,246.000,30,247.000,38,248.000,20,249.000,40,320.000,1,0,33,
123313900000,252.000,2,236.000,30,234.000,29,233.000,29,232.000,20,86.000,1,246.000,30,247.000,38,248.000,20,249.000,20,320.000,1,0,33,
123314668000,252.000,2,236.000,30,234.000,49,233.000,29,232.000,20,86.000,1,246.000,30,247.000,38,248.000,20,249.000,40,320.000,1,0,33,
123316351000,252.000,2,236.000,30,234.000,49,233.000,29,86.000,1,84.000,3,246.000,30,247.000,18,248.000,20,249.000,40,320.000,1,0,33,
123316351000,252.000,2,236.000,30,234.000,49,233.000,49,86.000,1,84.000,3,246.000,30,247.000,18,248.000,40,249.000,40,320.000,1,0,33,
123317222000,252.000,2,236.000,30,234.000,49,233.000,29,86.000,1,84.000,3,246.000,30,247.000,18,248.000,20,249.000,40,320.000,1,0,33,
123317222000,252.000,2,236.000,30,234.000,49,233.000,29,232.000,20,86.000,1,246.000,30,247.000,38,248.000,20,249.000,40,320.000,1,0,33,
123321278000,252.000,2,236.000,30,234.000,49,233.000,29,86.000,1,84.000,3,246.000,30,247.000,18,248.000,20,249.000,40,320.000,1,0,33,
123321278000,252.000,2,236.000,30,234.000,49,233.000,49,86.000,1,84.000,3,246.000,30,247.000,18,248.000,40,249.000,40,320.000,1,0,33,
123321368000,252.000,2,236.000,30,234.000,29,233.000,49,86.000,1,84.000,3,246.000,30,247.000,18,248.000,40,249.000,20,320.000,1,0,33,
123321368000,252.000,2,236.000,30,235.000,20,234.000,29,233.000,49,86.000,1,246.000,30,247.000,18,248.000,40,249.000,20,250.000,20,0,33,
123324593000,252.000,2,236.000,30,234.000,29,233.000,49,86.000,1,84.000,3,246.000,30,247.000,18,248.000,40,249.000,20,320.000,1,0,33,
123324593000,252.000,2,236.000,50,234.000,29,233.000,49,86.000,1,84.000,3,246.000,30,247.000,18,248.000,40,249.000,20,251.000,20,0,33,
123324594000,252.000,2,236.000,50,234.000,29,233.000,49,86.000,1,84.000,3,246.000,30,247.000,9,248.000,40,249.000,20,251.000,20,0,33,
123324596000,252.000,2,236.000,50,234.000,29,233.000,29,86.000,1,84.000,3,246.000,30,247.000,9,248.000,20,249.000,20,251.000,20,0,33,
123324596000,252.000,2,236.000,50,234.000,49,233.000,29,86.000,1,84.000,3,246.000,30,247.000,9,248.000,20,249.000,40,251.000,20,0,33,
123324713000,252.000,2,236.000,50,234.000,49,233.000,29,86.000,1,84.000,3,246.000,30,247.000,9,248.000,20,249.000,49,251.000,20,0,33,
123327279000,252.000,2,236.000,50,234.000,29,233.000,29,86.000,1,84.000,3,246.000,30,247.000,9,248.000,20,249.000,29,251.000,20,0,33,
123327279000,252.000,2,236.000,50,234.000,29,233.000,49,86.000,1,84.000,3,246.000,30,247.000,9,248.000,40,249.000,29,251.000,20,0,33,
123328494000,252.000,2,236.000,30,234.000,29,233.000,49,86.000,1,84.000,3,246.000,30,247.000,9,248.000,40,249.000,29,320.000,1,0,33,
123328494000,252.000,2,236.000,30,235.000,20,234.000,29,233.000,49,86.000,1,246.000,30,247.000,9,248.000,40,249.000,29,250.000,20,0,33,
123329183000,252.000,2,236.000,30,235.000,20,234.000,29,233.000,29,86.000,1,246.000,30,247.000,9,248.000,20,249.000,29,250.000,20,0,33,
123329183000,252.000,2,236.000,30,235.000,20,234.000,29,233.000,29,232.000,20,246.000,30,247.000,29,248.000,20,249.000,29,250.000,20,0,33,
123329307000,252.000,2,236.000,30,235.000,20,234.000,29,233.000,29,86.000,1,246.000,30,247.000,9,248.000,20,249.000,29,250.000,20,0,33,
123329800000,252.000,2,236.000,30,235.000,20,234.000,29,233.000,49,86.000,1,246.000,30,247.000,9,248.000,40,249.000,29,250.000,20,0,33,
123331174000,252.000,2,236.000,30,235.000,20,234.000,29,233.000,29,86.000,1,246.000,30,247.000,9,248.000,20,249.000,29,250.000,20,0,33,
123331174000,252.000,2,236.000,30,235.000,20,234.000,29,233.000,29,232.000,20,246.000,30,247.000,29,248.000,20,249.000,29,250.000,20,0,33,
123334700000,252.000,2,236.000,30,235.000,20,234.000,9,233.000,29,232.000,20,246.000,30,247.000,29,248.000,20,249.000,9,250.000,20,0,33,
123335032000,252.000,2,236.000,30,235.000,20,234.000,9,233.000,29,86.000,1,246.000,30,247.000,9,248.000,20,249.000,9,250.000,20,0,33,
123335032000,252.000,2,236.000,30,235.000,20,234.000,9,233.000,49,86.000,1,246.000,30,247.000,9,248.000,40,249.000,9,250.000,20,0,33,
123335421000,252.000,2,236.000,30,235.000,20,234.000,29,233.000,49,86.000,1,246.000,30,247.000,9,248.000,40,249.000,29,250.000,20,0,33,
123346118000,252.000,2,236.000,30,235.000,20,234.000,29,233.000,29,86.000,1,246.000,30,247.000,9,248.000,20,249.000,29,250.000,20,0,33,
123346118000,252.000,2,236.000,30,235.000,20,234.000,29,233.000,29,232.000,20,246.000,30,247.000,29,248.000,20,249.000,29,250.000,20,0,33,
123347992000,252.000,2,236.000,30,235.000,20,234.000,29,233.000,29,86.000,1,246.000,30,247.000,9,248.000,20,249.000,29,250.000,20,0,33,
123347992000,252.000,2,236.000,30,235.000,20,234.000,29,233.000,49,86.000,1,246.000,30,247.000,9,248.000,40,249.000,29,250.000,20,0,33,
123353212000,252.000,2,236.000,30,235.000,20,234.000,29,233.000,29,86.000,1,246.000,30,247.000,9,248.000,20,249.000,29,250.000,20,0,33,
123353212000,252.000,2,236.000,30,235.000,20,234.000,29,233.000,29,232.000,20,246.000,30,247.000,29,248.000,20,249.000,29,250.000,20,0,33,
123353701000,252.000,2,236.000,30,235.000,20,234.000,29,233.000,29,86.000,1,246.000,30,247.000,9,248.000,20,249.000,29,250.000,20,0,33,
123353838000,252.000,2,236.000,30,235.000,20,234.000,29,233.000,49,86.000,1,246.000,30,247.000,9,248.000,40,249.000,29,250.000,20,0,33,
123355500000,252.000,2,236.000,30,235.000,20,234.000,9,233.000,49,86.000,1,246.000,30,247.000,9,248.000,40,249.000,9,250.000,20,0,33,
123356062000,252.000,2,236.000,30,235.000,20,234.000,9,233.000,29,86.000,1,246.000,30,247.000,9,248.000,20,249.000,9,250.000,20,0,33,
123356062000,252.000,2,236.000,30,235.000,20,234.000,9,233.000,29,232.000,20,246.000,30,247.000,29,248.000,20,249.000,9,250.000,20,0,33,
123356186000,252.000,2,236.000,30,235.000,20,234.000,9,233.000,29,86.000,1,246.000,30,247.000,9,248.000,20,249.000,9,250.000,20,0,33,
123356369000,252.000,2,236.000,30,235.000,20,234.000,29,233.000,29,86.000,1,246.000,30,247.000,9,248.000,20,249.000,29,250.000,20,0,33,
123356561000,252.000,2,236.000,30,235.000,20,234.000,29,233.000,49,86.000,1,246.000,30,247.000,9,248.000,40,249.000,29,250.000,20,0,33,
123400541000,252.000,2,236.000,30,235.000,20,234.000,29,233.000,29,86.000,1,246.000,30,247.000,9,248.000,20,249.000,29,250.000,20,0,33,
123400541000,252.000,2,236.000,30,235.000,20,234.000,29,233.000,29,232.000,20,246.000,30,247.000,29,248.000,20,249.000,29,250.000,20,0,33,
123400665000,252.000,2,236.000,30,235.000,20,234.000,29,233.000,29,86.000,1,246.000,30,247.000,9,248.000,20,249.000,29,250.000,20,0,33,
123401041000,252.000,2,236.000,30,235.000,20,234.000,29,233.000,49,86.000,1,246.000,30,247.000,9,248.000,40,249.000,29,250.000,20,0,33,
123401540000,252.000,2,236.000,30,235.000,20,234.000,29,233.000,29,86.000,1,246.000,30,247.000,9,248.000,20,249.000,29,250.000,20,0,33,
123401540000,252.000,2,236.000,30,235.000,20,234.000,29,233.000,29,232.000,20,246.000,30,247.000,29,248.000,20,249.000,29,250.000,20,0,33,
123401993000,252.000,2,236.000,30,234.000,29,233.000,29,232.000,20,86.000,1,246.000,30,247.000,29,248.000,20,249.000,29,320.000,1,0,33,
123401993000,252.000,2,236.000,30,234.000,49,233.000,29,232.000,20,86.000,1,246.000,30,247.000,29,248.000,20,249.000,49,320.000,1,0,33,
123402542000,252.000,2,236.000,30,234.000,29,233.000,29,232.000,20,86.000,1,246.000,30,247.000,29,248.000,20,249.000,29,320.000,1,0,33,
123402714000,252.000,2,236.000,30,234.000,29,233.000,49,232.000,20,86.000,1,246.000,30,247.000,29,248.000,40,249.000,29,320.000,1,0,33,
123402791000,252.000,2,236.000,30,234.000,29,233.000,49,86.000,1,84.000,3,246.000,30,247.000,9,248.000,40,249.000,29,320.000,1,0,33,
123402791000,252.000,2,236.000,30,234.000,29,233.000,69,86.000,1,84.000,3,246.000,30,247.000,9,248.000,60,249.000,29,320.000,1,0,33,
123402993000,252.000,2,236.000,30,234.000,9,233.000,69,86.000,1,84.000,3,246.000,30,247.000,9,248.000,60,249.000,9,320.000,1,0,33,
123402993000,252.000,2,236.000,30,235.000,20,234.000,9,233.000,69,86.000,1,246.000,30,247.000,9,248.000,60,249.000,9,250.000,20,0,33,
123404166000,252.000,2,236.000,30,235.000,20,234.000,9,233.000,49,86.000,1,246.000,30,247.000,9,248.000,40,249.000,9,250.000,20,0,33,
123404166000,252.000,2,236.000,30,235.000,20,234.000,9,233.000,49,232.000,20,246.000,30,247.000,29,248.000,40,249.000,9,250.000,20,0,33,
123405118000,252.000,2,236.000,30,234.000,9,233.000,49,232.000,20,86.000,1,246.000,30,247.000,29,248.000,40,249.000,9,320.000,1,0,33,
123405118000,252.000,2,236.000,30,234.000,29,233.000,49,232.000,20,86.000,1,246.000,30,247.000,29,248.000,40,249.000,29,320.000,1,0,33,
123408906000,252.000,2,236.000,30,234.000,29,233.000,49,232.000,20,86.000,1,246.000,30,247.000,29,248.000,40,249.000,20,320.000,1,0,33,
123408907000,252.000,2,236.000,30,234.000,29,233.000,49,232.000,20,86.000,1,246.000,30,247.000,38,248.000,40,249.000,20,320.000,1,0,33,
123408946000,252.000,2,236.000,30,234.000,29,233.000,49,86.000,1,84.000,3,246.000,30,247.000,18,248.000,40,249.000,20,320.000,1,0,33,
123408946000,252.000,2,236.000,30,234.000,29,233.000,49,231.000,20,86.000,1,246.000,50,247.000,18,248.000,40,249.000,20,320.000,1,0,33,
123408994000,252.000,2,236.000,30,234.000,9,233.000,49,231.000,20,86.000,1,246.000,50,247.000,18,248.000,40,320.000,1,400.000,1,0,33,
123408994000,252.000,2,236.000,30,234.000,9,233.000,69,231.000,20,86.000,1,246.000,50,247.000,18,248.000,60,320.000,1,400.000,1,0,33,
123409029000,252.000,2,236.000,9,234.000,9,233.000,69,231.000,20,86.000,1,246.000,29,247.000,18,248.000,60,320.000,1,400.000,1,0,33,
123409029000,252.000,2,236.000,9,235.000,21,234.000,9,233.000,69,231.000,20,246.000,50,247.000,18,248.000,60,320.000,1,400.000,1,0,33,
123409030000,252.000,2,236.000,9,235.000,21,234.000,9,233.000,78,231.000,20,246.000,50,247.000,18,248.000,60,320.000,1,400.000,1,0,33,
123409030000,252.000,2,236.000,9,235.000,30,234.000,9,233.000,78,231.000,20,246.000,50,247.000,18,248.000,60,320.000,1,400.000,1,0,33,
123409030000,252.000,2,235.000,30,234.000,9,233.000,78,231.000,20,86.000,1,246.000,50,247.000,18,248.000,60,320.000,1,400.000,1,0,33,
123409392000,252.000,2,235.000,30,234.000,9,233.000,78,86.000,1,84.000,3,246.000,30,247.000,18,248.000,60,320.000,1,400.000,1,0,33,
123409506000,252.000,2,235.000,30,234.000,9,233.000,69,86.000,1,84.000,3,246.000,30,247.000,18,248.000,60,320.000,1,400.000,1,0,33,
123409516000,252.000,2,235.000,30,234.000,9,233.000,69,232.000,20,86.000,1,246.000,30,247.000,38,248.000,60,320.000,1,400.000,1,0,33,
123410998000,252.000,2,235.000,30,234.000,9,233.000,69,86.000,1,84.000,3,246.000,30,247.000,18,248.000,60,320.000,1,400.000,1,0,33,
123410998000,252.000,2,235.000,30,234.000,9,233.000,69,231.000,20,86.000,1,246.000,50,247.000,18,248.000,60,320.000,1,400.000,1,0,33,
123411521000,252.000,2,235.000,30,234.000,9,233.000,69,86.000,1,84.000,3,246.000,30,247.000,18,248.000,60,320.000,1,400.000,1,0,33,
123411521000,252.000,2,235.000,30,234.000,9,233.000,69,232.000,20,86.000,1,246.000,30,247.000,38,248.000,60,320.000,1,400.000,1,0,33,
123412398000,252.000,2,235.000,30,234.000,9,233.000,69,86.000,1,84.000,3,246.000,30,247.000,18,248.000,60,320.000,1,400.000,1,0,33,
123412398000,252.000,2,235.000,30,234.000,9,233.000,69,231.000,20,86.000,1,246.000,50,247.000,18,248.000,60,320.000,1,400.000,1,0,33,
123412642000,252.000,2,235.000,30,234.000,9,233.000,49,231.000,20,86.000,1,246.000,50,247.000,18,248.000,40,320.000,1,400.000,1,0,33,
123413015000,252.000,2,235.000,30,234.000,9,233.000,49,86.000,1,84.000,3,246.000,30,247.000,18,248.000,40,320.000,1,400.000,1,0,33,
123413015000,252.000,2,235.000,30,234.000,9,233.000,49,232.000,20,86.000,1,246.000,30,247.000,38,248.000,40,320.000,1,400.000,1,0,33,
123413145000,252.000,2,235.000,30,234.000,9,233.000,69,232.000,20,86.000,1,246.000,30,247.000,38,248.000,60,320.000,1,400.000,1,0,33,
123413243000,252.000,2,235.000,30,234.000,9,233.000,49,232.000,20,86.000,1,246.000,30,247.000,38,248.000,40,320.000,1,400.000,1,0,33,
123413243000,252.000,2,235.000,30,234.000,29,233.000,49,232.000,20,86.000,1,246.000,30,247.000,38,248.000,40,249.000,20,320.000,1,0,33,
123413532000,252.000,2,235.000,30,234.000,29,233.000,29,232.000,20,86.000,1,246.000,30,247.000,38,248.000,20,249.000,20,320.000,1,0,33,
123414191000,252.000,2,235.000,30,234.000,29,233.000,49,232.000,20,86.000,1,246.000,30,247.000,38,248.000,40,249.000,20,320.000,1,0,33,
123422056000,252.000,2,235.000,30,234.000,29,233.000,49,86.000,1,84.000,3,246.000,30,247.000,18,248.000,40,249.000,20,320.000,1,0,33,
123422056000,252.000,2,235.000,30,234.000,29,233.000,49,231.000,20,86.000,1,246.000,50,247.000,18,248.000,40,249.000,20,320.000,1,0,33,
123422120000,252.000,2,235.000,30,234.000,9,233.000,49,231.000,20,86.000,1,246.000,50,247.000,18,248.000,40,320.000,1,400.000,1,0,33,
123422120000,252.000,2,235.000,30,234.000,9,233.000,69,231.000,20,86.000,1,246.000,50,247.000,18,248.000,60,320.000,1,400.000,1,0,33,
123424259000,252.000,2,235.000,30,234.000,9,233.000,69,86.000,1,84.000,3,246.000,30,247.000,18,248.000,60,320.000,1,400.000,1,0,33,
123424259000,252.000,2,235.000,30,234.000,9,233.000,69,232.000,20,86.000,1,246.000,30,247.000,38,248.000,60,320.000,1,400.000,1,0,33,
123425876000,252.000,2,235.000,30,234.000,9,233.000,69,86.000,1,84.000,3,246.000,30,247.000,18,248.000,60,320.000,1,400.000,1,0,33,
123425876000,252.000,2,235.000,30,234.000,9,233.000,69,231.000,20,86.000,1,246.000,50,247.000,18,248.000,60,320.000,1,400.000,1,0,33,
123432982000,252.000,2,235.000,30,234.000,9,233.000,49,231.000,20,86.000,1,246.000,50,247.000,18,248.000,40,320.000,1,400.000,1,0,33,
123432993000,252.000,2,235.000,30,234.000,9,233.000,29,231.000,20,86.000,1,246.000,50,247.000,18,248.000,20,320.000,1,400.000,1,0,33,
123432993000,252.000,2,235.000,30,234.000,9,233.000,29,232.000,20,231.000,20,246.000,50,247.000,38,248.000,20,320.000,1,400.000,1,0,33,
123433084000,252.000,2,235.000,30,234.000,9,233.000,29,232.000,40,231.000,20,246.000,50,247.000,58,248.000,20,320.000,1,400.000,1,0,33,
123449743000,252.000,2,235.000,30,234.000,9,233.000,29,232.000,20,231.000,20,246.000,50,247.000,38,248.000,20,320.000,1,400.000,1,0,33,
123449743000,252.000,2,235.000,30,234.000,9,233.000,49,232.000,20,231.000,20,246.000,50,247.000,38,248.000,40,320.000,1,400.000,1,0,33,
123449789000,252.000,2,235.000,30,234.000,9,233.000,49,232.000,20,86.000,1,246.000,30,247.000,38,248.000,40,320.000,1,400.000,1,0,33,
123449789000,252.000,2,235.000,30,234.000,9,233.000,49,232.000,40,86.000,1,246.000,30,247.000,58,248.000,40,320.000,1,400.000,1,0,33,
123450162000,252.000,2,235.000,30,234.000,9,233.000,49,232.000,20,86.000,1,246.000,30,247.000,38,248.000,40,320.000,1,400.000,1,0,33,
123450243000,252.000,2,235.000,30,234.000,9,233.000,29,232.000,20,86.000,1,246.000,30,247.000,38,248.000,20,320.000,1,400.000,1,0,33,
123450243000,252.000,2,235.000,30,234.000,29,233.000,29,232.000,20,86.000,1,246.000,30,247.000,38,248.000,20,249.000,20,320.000,1,0,33,
123450775000,252.000,2,235.000,30,234.000,29,233.000,49,232.000,20,86.000,1,246.000,30,247.000,38,248.000,40,249.000,20,320.000,1,0,33,
123450899000,252.000,2,235.000,30,234.000,29,233.000,29,232.000,20,86.000,1,246.000,30,247.000,38,248.000,20,249.000,20,320.000,1,0,33,
123451398000,252.000,2,235.000,30,234.000,29,233.000,49,232.000,20,86.000,1,246.000,30,247.000,38,248.000,40,249.000,20,320.000,1,0,33,
123451743000,252.000,2,235.000,30,234.000,9,233.000,49,232.000,20,86.000,1,246.000,30,247.000,38,248.000,40,320.000,1,400.000,1,0,33,
123451743000,252.000,2,235.000,50,234.000,9,233.000,49,232.000,20,86.000,1,246.000,30,247.000,38,248.000,40,250.000,20,320.000,1,0,33,
123451775000,252.000,2,235.000,50,234.000,9,233.000,29,232.000,20,86.000,1,246.000,30,247.000,38,248.000,20,250.000,20,320.000,1,0,33,
123452018000,252.000,2,235.000,50,234.000,9,233.000,29,232.000,40,86.000,1,246.000,30,247.000,58,248.000,20,250.000,20,320.000,1,0,33,
123453100000,252.000,2,235.000,50,234.000,9,233.000,29,232.000,20,86.000,1,246.000,30,247.000,38,248.000,20,250.000,20,320.000,1,0,33,
123453400000,252.000,2,235.000,50,234.000,9,233.000,29,86.000,1,84.000,3,246.000,30,247.000,18,248.000,20,250.000,20,320.000,1,0,33,
123453400000,252.000,2,235.000,50,234.000,9,233.000,49,86.000,1,84.000,3,246.000,30,247.000,18,248.000,40,250.000,20,320.000,1,0,33,
123453873000,252.000,2,235.000,50,234.000,9,233.000,69,86.000,1,84.000,3,246.000,30,247.000,18,248.000,60,250.000,20,320.000,1,0,33,
123454762000,252.000,2,235.000,50,234.000,9,233.000,49,86.000,1,84.000,3,246.000,30,247.000,18,248.000,40,250.000,20,320.000,1,0,33,
123454864000,252.000,2,235.000,50,234.000,9,233.000,29,86.000,1,84.000,3,246.000,30,247.000,18,248.000,20,250.000,20,320.000,1,0,33,
123454864000,252.000,2,235.000,50,234.000,9,233.000,29,232.000,20,86.000,1,246.000,30,247.000,38,248.000,20,250.000,20,320.000,1,0,33,
123454914000,252.000,2,235.000,50,234.000,9,233.000,29,232.000,40,86.000,1,246.000,30,247.000,58,248.000,20,250.000,20,320.000,1,0,33,
123500494000,252.000,2,235.000,30,234.000,9,233.000,29,232.000,40,86.000,1,246.000,30,247.000,58,248.000,20,320.000,1,400.000,1,0,33,
123500494000,252.000,2,235.000,30,234.000,29,233.000,29,232.000,40,86.000,1,246.000,30,247.000,58,248.000,20,249.000,20,320.000,1,0,33,
123500602000,252.000,2,235.000,30,234.000,29,233.000,29,232.000,20,86.000,1,246.000,30,247.000,38,248.000,20,249.000,20,320.000,1,0,33,
123500610000,252.000,2,235.000,30,234.000,29,233.000,29,86.000,1,84.000,3,246.000,30,247.000,18,248.000,20,249.000,20,320.000,1,0,33,
123500610000,252.000,2,235.000,30,234.000,29,233.000,29,231.000,20,86.000,1,246.000,50,247.000,18,248.000,20,249.000,20,320.000,1,0,33,
123500983000,252.000,2,235.000,30,234.000,29,233.000,29,86.000,1,84.000,3,246.000,30,247.000,18,248.000,20,249.000,20,320.000,1,0,33,
123500986000,252.000,2,235.000,30,234.000,29,233.000,29,232.000,20,86.000,1,246.000,30,247.000,38,248.000,20,249.000,20,320.000,1,0,33,
123501233000,252.000,2,235.000,30,234.000,29,233.000,29,232.000,40,86.000,1,246.000,30,247.000,58,248.000,20,249.000,20,320.000,1,0,33,
123502966000,252.000,2,235.000,30,234.000,29,233.000,29,232.000,20,86.000,1,246.000,30,247.000,38,248.000,20,249.000,20,320.000,1,0,33,
123502966000,252.000,2,235.000,30,234.000,29,233.000,49,232.000,20,86.000,1,246.000,30,247.000,38,248.000,40,249.000,20,320.000,1,0,33,
123503118000,252.000,2,235.000,30,234.000,9,233.000,49,232.000,20,86.000,1,246.000,30,247.000,38,248.000,40,320.000,1,400.000,1,0,33,
123503118000,252.000,2,235.000,50,234.000,9,233.000,49,232.000,20,86.000,1,246.000,30,247.000,38,248.000,40,250.000,20,320.000,1,0,33,
123504034000,252.000,2,235.000,50,234.000,9,233.000,29,232.000,20,86.000,1,246.000,30,247.000,38,248.000,20,250.000,20,320.000,1,0,33,
123504034000,252.000,2,235.000,50,234.000,9,233.000,29,232.000,40,86.000,1,246.000,30,247.000,58,248.000,20,250.000,20,320.000,1,0,33,
123505150000,252.000,2,235.000,50,234.000,9,233.000,29,232.000,20,86.000,1,246.000,30,247.000,38,248.000,20,250.000,20,320.000,1,0,33,
123505150000,252.000,2,235.000,50,234.000,9,233.000,49,232.000,20,86.000,1,246.000,30,247.000,38,248.000,40,250.000,20,320.000,1,0,33,
123505276000,252.000,2,235.000,50,234.000,9,233.000,29,232.000,20,86.000,1,246.000,30,247.000,38,248.000,20,250.000,20,320.000,1,0,33,
123505767000,252.000,2,235.000,50,234.000,9,233.000,29,232.000,40,86.000,1,246.000,30,247.000,58,248.000,20,250.000,20,320.000,1,0,33,
123508122000,252.000,2,235.000,50,234.000,9,233.000,29,232.000,20,86.000,1,246.000,30,247.000,38,248.000,20,250.000,20,320.000,1,0,33,
123508122000,252.000,2,235.000,50,234.000,9,233.000,49,232.000,20,86.000,1,246.000,30,247.000,38,248.000,40,250.000,20,320.000,1,0,33,
123509279000,252.000,2,235.000,50,234.000,9,233.000,49,86.000,1,84.000,3,246.000,30,247.000,18,248.000,40,250.000,20,320.000,1,0,33,
123509603000,252.000,2,235.000,50,234.000,9,233.000,69,86.000,1,84.000,3,246.000,30,247.000,18,248.000,60,250.000,20,320.000,1,0,33,
123514244000,252.000,2,235.000,30,234.000,9,233.000,69,86.000,1,84.000,3,246.000,30,247.000,18,248.000,60,320.000,1,400.000,1,0,33,
123514244000,252.000,2,236.000,20,235.000,30,234.000,9,233.000,69,86.000,1,246.000,30,247.000,18,248.000,60,251.000,20,320.000,1,0,33,
123514244000,252.000,2,236.000,29,235.000,30,234.000,9,233.000,69,86.000,1,246.000,30,247.000,18,248.000,60,251.000,20,320.000,1,0,33,
123514367000,252.000,2,236.000,29,235.000,30,234.000,9,233.000,69,86.000,1,246.000,30,247.000,9,248.000,60,251.000,20,320.000,1,0,33,
123514490000,252.000,2,236.000,29,235.000,30,234.000,9,233.000,69,86.000,1,246.000,30,247.000,9,248.000,60,249.000,9,251.000,20,0,33,
123514506000,252.000,2,236.000,29,235.000,30,233.000,69,86.000,1,84.000,3,246.000,30,247.000,9,248.000,60,249.000,9,251.000,20,0,33,
123514558000,252.000,2,236.000,29,235.000,30,233.000,49,86.000,1,84.000,3,246.000,30,247.000,9,248.000,40,249.000,9,251.000,20,0,33,
123514596000,252.000,2,236.000,29,235.000,30,233.000,29,86.000,1,84.000,3,246.000,30,247.000,9,248.000,20,249.000,9,251.000,20,0,33,
123514596000,252.000,2,236.000,29,235.000,30,234.000,20,233.000,29,86.000,1,246.000,30,247.000,9,248.000,20,249.000,29,251.000,20,0,33,
123514816000,252.000,2,236.000,29,235.000,30,234.000,40,233.000,29,86.000,1,246.000,30,247.000,9,248.000,20,249.000,49,251.000,20,0,33,
123515301000,252.000,2,236.000,29,235.000,9,234.000,40,233.000,29,86.000,1,246.000,9,247.000,9,248.000,20,249.000,49,251.000,20,0,33,
123515301000,252.000,2,237.000,21,236.000,29,235.000,9,234.000,40,233.000,29,246.000,30,247.000,9,248.000,20,249.000,49,251.000,20,0,33,
123515302000,252.000,2,237.000,21,236.000,29,235.000,9,234.000,40,233.000,29,246.000,21,247.000,9,248.000,20,249.000,49,251.000,20,0,33,
123515302000,252.000,2,237.000,21,236.000,29,235.000,9,234.000,40,233.000,29,246.000,21,247.000,9,248.000,29,249.000,49,251.000,20,0,33,
123515302000,252.000,2,237.000,30,236.000,29,235.000,9,234.000,40,233.000,29,246.000,21,247.000,9,248.000,29,249.000,49,251.000,20,0,33,
123515302000,252.000,2,237.000,30,236.000,29,235.000,9,234.000,40,233.000,29,246.000,30,247.000,9,248.000,29,249.000,49,251.000,20,0,33,
123515506000,252.000,2,237.000,30,236.000,29,234.000,40,233.000,29,86.000,1,246.000,30,247.000,9,248.000,29,249.000,49,251.000,20,0,33,
123515506000,252.000,2,237.000,30,236.000,29,234.000,40,233.000,29,86.000,1,246.000,30,247.000,9,248.000,20,249.000,49,251.000,20,0,33,
123516131000,252.000,2,237.000,30,236.000,29,234.000,20,233.000,29,86.000,1,246.000,30,247.000,9,248.000,20,249.000,29,251.000,20,0,33,
123516900000,252.000,2,237.000,30,236.000,29,235.000,20,234.000,20,233.000,29,246.000,30,247.000,9,248.000,20,249.000,29,250.000,20,0,33,
123517113000,252.000,2,237.000,30,236.000,29,235.000,20,233.000,29,86.000,1,246.000,30,247.000,9,248.000,20,249.000,9,250.000,20,0,33,
123517113000,252.000,2,237.000,30,236.000,29,235.000,20,233.000,49,86.000,1,246.000,30,247.000,9,248.000,40,249.000,9,250.000,20,0,33,
123517488000,252.000,2,237.000,30,236.000,29,235.000,20,233.000,29,86.000,1,246.000,30,247.000,9,248.000,20,249.000,9,250.000,20,0,33,
123517613000,252.000,2,237.000,30,236.000,29,235.000,20,233.000,49,86.000,1,246.000,30,247.000,9,248.000,40,249.000,9,250.000,20,0,33,
123517738000,252.000,2,237.000,30,236.000,29,235.000,20,233.000,29,86.000,1,246.000,30,247.000,9,248.000,20,249.000,9,250.000,20,0,33,
123518138000,252.000,2,237.000,30,236.000,29,235.000,20,234.000,20,233.000,29,246.000,30,247.000,9,248.000,20,249.000,29,250.000,20,0,33,
123520263000,252.000,2,237.000,30,236.000,29,235.000,20,233.000,29,86.000,1,246.000,30,247.000,9,248.000,20,249.000,9,250.000,20,0,33,
123520263000,252.000,2,237.000,30,236.000,29,235.000,20,233.000,49,86.000,1,246.000,30,247.000,9,248.000,40,249.000,9,250.000,20,0,33,
123520634000,252.000,2,237.000,30,236.000,29,235.000,20,233.000,29,86.000,1,246.000,30,247.000,9,248.000,20,249.000,9,250.000,20,0,33,
123520884000,252.000,2,237.000,30,236.000,29,235.000,20,234.000,20,233.000,29,246.000,30,247.000,9,248.000,20,249.000,29,250.000,20,0,33,
123523632000,252.000,2,237.000,30,236.000,29,235.000,20,234.000,20,233.000,9,246.000,30,247.000,9,249.000,29,250.000,20,251.000,20,0,33,
123523633000,252.000,2,237.000,30,236.000,9,235.000,20,234.000,20,233.000,9,246.000,30,247.000,9,249.000,29,250.000,20,320.000,1,0,33,
123523633000,252.000,2,237.000,50,236.000,9,235.000,20,234.000,20,233.000,9,246.000,30,247.000,9,249.000,29,250.000,20,252.000,20,0,33,
123523634000,252.000,2,237.000,50,236.000,9,235.000,20,233.000,9,86.000,1,246.000,30,247.000,9,249.000,9,250.000,20,252.000,20,0,33,
123523634000,252.000,2,237.000,50,236.000,9,235.000,40,233.000,9,86.000,1,246.000,30,247.000,9,249.000,9,250.000,40,252.000,20,0,33,
123523743000,252.000,2,237.000,50,236.000,9,235.000,20,233.000,9,86.000,1,246.000,30,247.000,9,249.000,9,250.000,20,252.000,20,0,33,
123523926000,252.000,2,237.000,50,236.000,9,235.000,20,86.000,1,84.000,3,246.000,30,247.000,9,249.000,9,250.000,20,252.000,20,0,33,
123523927000,252.000,2,237.000,50,236.000,9,235.000,29,86.000,1,84.000,3,246.000,30,247.000,9,249.000,9,250.000,20,252.000,20,0,33,
123524006000,252.000,2,237.000,50,236.000,9,235.000,49,86.000,1,84.000,3,246.000,30,247.000,9,249.000,9,250.000,40,252.000,20,0,33,
123524125000,252.000,2,237.000,50,236.000,9,235.000,69,86.000,1,84.000,3,246.000,30,247.000,9,249.000,9,250.000,60,252.000,20,0,33,
123524869000,252.000,2,237.000,30,236.000,9,235.000,69,86.000,1,84.000,3,246.000,30,247.000,9,249.000,9,250.000,60,320.000,1,0,33,
123524869000,252.000,2,238.000,20,237.000,30,236.000,9,235.000,69,86.000,1,246.000,30,247.000,9,249.000,9,250.000,60,253.000,20,0,33,
123524870000,252.000,2,238.000,29,237.000,30,236.000,9,235.000,69,86.000,1,246.000,30,247.000,9,249.000,9,250.000,60,253.000,20,0,33,
123525006000,252.000,2,238.000,29,237.000,30,235.000,69,86.000,1,84.000,3,246.000,30,247.000,9,249.000,9,250.000,60,253.000,20,0,33,
123525231000,252.000,2,238.000,29,237.000,30,235.000,49,86.000,1,84.000,3,246.000,30,247.000,9,249.000,9,250.000,40,253.000,20,0,33,
123525231000,252.000,2,238.000,29,237.000,30,236.000,20,235.000,49,86.000,1,246.000,30,247.000,9,249.000,9,250.000,40,251.000,20,0,33,
123525453000,252.000,2,238.000,29,237.000,30,235.000,49,86.000,1,84.000,3,246.000,30,247.000,9,249.000,9,250.000,40,253.000,20,0,33,
123525731000,252.000,2,238.000,29,237.000,30,235.000,69,86.000,1,84.000,3,246.000,30,247.000,9,249.000,9,250.000,60,253.000,20,0,33,
123525822000,252.000,2,238.000,29,237.000,9,235.000,69,86.000,1,84.000,3,246.000,9,247.000,9,249.000,9,250.000,60,253.000,20,0,33,
123525822000,252.000,2,239.000,21,238.000,29,237.000,9,235.000,69,86.000,1,246.000,9,247.000,30,249.000,9,250.000,60,253.000,20,0,33,
123525823000,252.000,2,239.000,21,238.000,29,237.000,9,235.000,69,86.000,1,247.000,30,249.000,9,250.000,60,253.000,20,320.000,1,0,33,
123526257000,252.000,2,239.000,30,238.000,29,237.000,9,235.000,69,86.000,1,247.000,30,249.000,9,250.000,60,253.000,20,320.000,1,0,33,
123526506000,252.000,2,239.000,30,238.000,29,235.000,69,86.000,1,84.000,3,247.000,30,249.000,9,250.000,60,253.000,20,320.000,1,0,33,
123526994000,252.000,2,239.000,30,238.000,9,235.000,69,86.000,1,84.000,3,247.000,30,249.000,9,250.000,60,320.000,1,400.000,1,0,33,
123526994000,252.000,2,239.000,30,238.000,9,237.000,20,235.000,69,86.000,1,247.000,30,249.000,9,250.000,60,252.000,20,320.000,1,0,33,
123528736000,252.000,2,239.000,30,238.000,9,237.000,20,235.000,49,86.000,1,247.000,30,249.000,9,250.000,40,252.000,20,320.000,1,0,33,
123528736000,252.000,2,239.000,30,238.000,9,237.000,20,235.000,49,234.000,20,247.000,30,249.000,29,250.000,40,252.000,20,320.000,1,0,33,
123529105000,252.000,2,239.000,9,238.000,9,237.000,20,235.000,49,234.000,20,247.000,9,249.000,29,250.000,40,252.000,20,320.000,1,0,33,
123529105000,252.000,2,239.000,9,238.000,30,237.000,20,235.000,49,234.000,20,246.000,21,247.000,9,249.000,29,250.000,40,252.000,20,0,33,
123529106000,252.000,2,239.000,9,238.000,30,237.000,29,235.000,49,234.000,20,246.000,21,247.000,9,249.000,29,250.000,40,252.000,20,0,33,
123529106000,252.000,2,239.000,9,238.000,30,237.000,29,235.000,49,234.000,20,246.000,21,247.000,9,249.000,38,250.000,40,252.000,20,0,33,
123529106000,252.000,2,239.000,9,238.000,30,237.000,29,235.000,49,234.000,20,246.000,30,247.000,9,249.000,38,250.000,40,252.000,20,0,33,
123529106000,252.000,2,238.000,30,237.000,29,235.000,49,234.000,20,86.000,1,246.000,30,247.000,9,249.000,38,250.000,40,252.000,20,0,33,
123529106000,252.000,2,238.000,30,237.000,29,235.000,49,234.000,20,86.000,1,246.000,30,249.000,38,250.000,40,252.000,20,320.000,1,0,33,
123529374000,252.000,2,238.000,30,237.000,29,235.000,29,234.000,20,86.000,1,246.000,30,249.000,38,250.000,20,252.000,20,320.000,1,0,33,
123530331000,252.000,2,238.000,30,237.000,29,235.000,29,234.000,40,86.000,1,246.000,30,249.000,58,250.000,20,252.000,20,320.000,1,0,33,
123532371000,252.000,2,238.000,30,237.000,9,235.000,29,234.000,40,86.000,1,246.000,30,249.000,58,250.000,20,320.000,1,400.000,1,0,33,
123532371000,252.000,2,238.000,30,237.000,9,236.000,20,235.000,29,234.000,40,246.000,30,249.000,58,250.000,20,251.000,20,320.000,1,0,33,
123534406000,252.000,2,238.000,30,237.000,9,236.000,20,235.000,29,234.000,20,246.000,30,249.000,38,250.000,20,251.000,20,320.000,1,0,33,
123534496000,252.000,2,238.000,30,237.000,9,235.000,29,234.000,20,86.000,1,246.000,30,249.000,38,250.000,20,320.000,1,400.000,1,0,33,
123534496000,252.000,2,238.000,30,237.000,29,235.000,29,234.000,20,86.000,1,246.000,30,249.000,38,250.000,20,252.000,20,320.000,1,0,33,
123534909000,252.000,2,238.000,30,237.000,29,235.000,49,234.000,20,86.000,1,246.000,30,249.000,38,250.000,40,252.000,20,320.000,1,0,33,
123535582000,252.000,2,238.000,30,237.000,29,235.000,29,234.000,20,86.000,1,246.000,30,249.000,38,250.000,20,252.000,20,320.000,1,0,33,
123536657000,252.000,2,238.000,30,237.000,29,235.000,29,234.000,40,86.000,1,246.000,30,249.000,58,250.000,20,252.000,20,320.000,1,0,33,
123540028000,252.000,2,238.000,30,237.000,29,235.000,29,234.000,20,86.000,1,246.000,30,249.000,38,250.000,20,252.000,20,320.000,1,0,33,
123540028000,252.000,2,238.000,30,237.000,29,235.000,49,234.000,20,86.000,1,246.000,30,249.000,38,250.000,40,252.000,20,320.000,1,0,33,
123545994000,252.000,2,238.000,30,237.000,9,235.000,49,234.000,20,86.000,1,246.000,30,249.000,38,250.000,40,320.000,1,400.000,1,0,33,
123545994000,252.000,2,238.000,50,237.000,9,235.000,49,234.000,20,86.000,1,246.000,30,249.000,38,250.000,40,253.000,20,320.000,1,0,33,
123546007000,252.000,2,238.000,50,237.000,9,235.000,49,86.000,1,84.000,3,246.000,30,249.000,18,250.000,40,253.000,20,320.000,1,0,33,
123546113000,252.000,2,238.000,29,237.000,9,235.000,49,86.000,1,84.000,3,246.000,9,249.000,18,250.000,40,253.000,20,320.000,1,0,33,
123546113000,252.000,2,239.000,21,238.000,29,237.000,9,235.000,49,86.000,1,246.000,9,247.000,21,249.000,18,250.000,40,253.000,20,0,33,
123546113000,252.000,2,239.000,21,238.000,29,237.000,9,235.000,49,86.000,1,247.000,21,249.000,18,250.000,40,253.000,20,320.000,1,0,33,
123546116000,252.000,2,239.000,21,238.000,29,237.000,9,235.000,29,86.000,1,247.000,21,249.000,18,250.000,20,253.000,20,320.000,1,0,33,
123546116000,252.000,2,239.000,21,238.000,29,237.000,9,236.000,20,235.000,29,247.000,21,249.000,18,250.000,20,251.000,20,253.000,20,0,33,
123546965000,252.000,2,239.000,21,238.000,29,237.000,9,235.000,29,86.000,1,247.000,21,249.000,18,250.000,20,253.000,20,320.000,1,0,33,
123547016000,252.000,2,239.000,21,238.000,29,237.000,9,235.000,49,86.000,1,247.000,21,249.000,18,250.000,40,253.000,20,320.000,1,0,33,
123547101000,252.000,2,239.000,30,238.000,29,237.000,9,235.000,49,86.000,1,247.000,21,249.000,18,250.000,40,253.000,20,320.000,1,0,33,
123547101000,252.000,2,239.000,30,238.000,29,237.000,9,235.000,49,86.000,1,247.000,30,249.000,18,250.000,40,253.000,20,320.000,1,0,33,
123547102000,252.000,2,239.000,30,238.000,29,237.000,9,236.000,20,235.000,49,247.000,30,249.000,18,250.000,40,251.000,20,253.000,20,0,33,
123547507000,252.000,2,239.000,30,238.000,29,236.000,20,235.000,49,86.000,1,247.000,30,249.000,18,250.000,40,251.000,20,253.000,20,0,33,
123547744000,252.000,2,239.000,30,238.000,9,236.000,20,235.000,49,86.000,1,247.000,30,249.000,18,250.000,40,251.000,20,320.000,1,0,33,
123547744000,252.000,2,239.000,50,238.000,9,236.000,20,235.000,49,86.000,1,247.000,30,249.000,18,250.000,40,251.000,20,254.000,20,0,33,
123550059000,252.000,2,239.000,50,238.000,9,235.000,49,86.000,1,84.000,3,247.000,30,249.000,18,250.000,40,254.000,20,320.000,1,0,33,
123550059000,252.000,2,239.000,50,238.000,9,235.000,69,86.000,1,84.000,3,247.000,30,249.000,18,250.000,60,254.000,20,320.000,1,0,33,
123550868000,252.000,2,239.000,30,238.000,9,235.000,69,86.000,1,84.000,3,247.000,30,249.000,18,250.000,60,320.000,1,400.000,1,0,33,
123550868000,252.000,2,239.000,30,238.000,29,235.000,69,86.000,1,84.000,3,247.000,30,249.000,18,250.000,60,253.000,20,320.000,1,0,33,
123552146000,252.000,2,239.000,30,238.000,29,235.000,49,86.000,1,84.000,3,247.000,30,249.000,18,250.000,40,253.000,20,320.000,1,0,33,
123552673000,252.000,2,239.000,30,238.000,29,235.000,69,86.000,1,84.000,3,247.000,30,249.000,18,250.000,60,253.000,20,320.000,1,0,33,
123552745000,252.000,2,239.000,30,238.000,9,235.000,69,86.000,1,84.000,3,247.000,30,249.000,18,250.000,60,320.000,1,400.000,1,0,33,
123552745000,252.000,2,239.000,30,238.000,9,237.000,20,235.000,69,86.000,1,247.000,30,249.000,18,250.000,60,252.000,20,320.000,1,0,33,
123555243000,252.000,2,239.000,30,238.000,9,235.000,69,86.000,1,84.000,3,247.000,30,249.000,18,250.000,60,320.000,1,400.000,1,0,33,
123555243000,252.000,2,239.000,30,238.000,29,235.000,69,86.000,1,84.000,3,247.000,30,249.000,18,250.000,60,253.000,20,320.000,1,0,33,
123555750000,252.000,2,239.000,30,238.000,29,235.000,49,86.000,1,84.000,3,247.000,30,249.000,18,250.000,40,253.000,20,320.000,1,0,33,
123555750000,252.000,2,239.000,30,238.000,29,236.000,20,235.000,49,86.000,1,247.000,30,249.000,18,250.000,40,251.000,20,253.000,20,0,33,
123556116000,252.000,2,239.000,30,238.000,29,235.000,49,86.000,1,84.000,3,247.000,30,249.000,18,250.000,40,253.000,20,320.000,1,0,33,
123556365000,252.000,2,239.000,30,238.000,29,235.000,69,86.000,1,84.000,3,247.000,30,249.000,18,250.000,60,253.000,20,320.000,1,0,33,
123556741000,252.000,2,239.000,30,238.000,29,235.000,49,86.000,1,84.000,3,247.000,30,249.000,18,250.000,40,253.000,20,320.000,1,0,33,
123556866000,252.000,2,239.000,30,238.000,29,235.000,69,86.000,1,84.000,3,247.000,30,249.000,18,250.000,60,253.000,20,320.000,1,0,33,
123557366000,252.000,2,239.000,30,238.000,29,235.000,49,86.000,1,84.000,3,247.000,30,249.000,18,250.000,40,253.000,20,320.000,1,0,33,
123557366000,252.000,2,239.000,30,238.000,29,236.000,20,235.000,49,86.000,1,247.000,30,249.000,18,250.000,40,251.000,20,253.000,20,0,33,
123557922000,252.000,2,239.000,30,238.000,29,235.000,49,86.000,1,84.000,3,247.000,30,249.000,18,250.000,40,253.000,20,320.000,1,0,33,
123558117000,252.000,2,239.000,30,238.000,29,235.000,69,86.000,1,84.000,3,247.000,30,249.000,18,250.000,60,253.000,20,320.000,1,0,33,
123558366000,252.000,2,239.000,30,238.000,29,235.000,49,86.000,1,84.000,3,247.000,30,249.000,18,250.000,40,253.000,20,320.000,1,0,33,
123558589000,252.000,2,239.000,30,238.000,29,235.000,49,86.000,1,84.000,3,247.000,30,249.000,9,250.000,40,253.000,20,320.000,1,0,33,
123558714000,252.000,2,239.000,30,238.000,29,235.000,49,86.000,1,84.000,3,247.000,30,249.000,9,250.000,40,251.000,9,253.000,20,0,33,
123558732000,252.000,2,239.000,30,238.000,29,236.000,20,235.000,49,86.000,1,247.000,30,249.000,9,250.000,40,251.000,29,253.000,20,0,33,
123559748000,252.000,2,239.000,30,238.000,9,236.000,20,235.000,49,86.000,1,247.000,30,249.000,9,250.000,40,251.000,29,320.000,1,0,33,
123559748000,252.000,2,239.000,50,238.000,9,236.000,20,235.000,49,86.000,1,247.000,30,249.000,9,250.000,40,251.000,29,254.000,20,0,33,
123600567000,252.000,2,239.000,50,238.000,9,236.000,20,235.000,29,86.000,1,247.000,30,249.000,9,250.000,20,251.000,29,254.000,20,0,33,
123601631000,252.000,2,239.000,50,238.000,9,236.000,40,235.000,29,86.000,1,247.000,30,249.000,9,250.000,20,251.000,49,254.000,20,0,33,
123601727000,252.000,2,239.000,50,238.000,9,236.000,20,235.000,29,86.000,1,247.000,30,249.000,9,250.000,20,251.000,29,254.000,20,0,33,
123601727000,252.000,2,239.000,50,238.000,9,236.000,20,235.000,49,86.000,1,247.000,30,249.000,9,250.000,40,251.000,29,254.000,20,0,33,
123601744000,252.000,2,239.000,30,238.000,9,236.000,20,235.000,49,86.000,1,247.000,30,249.000,9,250.000,40,251.000,29,320.000,1,0,33,
123601744000,252.000,2,239.000,30,238.000,29,236.000,20,235.000,49,86.000,1,247.000,30,249.000,9,250.000,40,251.000,29,253.000,20,0,33,
123601851000,252.000,2,239.000,30,238.000,29,236.000,20,235.000,29,86.000,1,247.000,30,249.000,9,250.000,20,251.000,29,253.000,20,0,33,
123602339000,252.000,2,239.000,30,238.000,29,236.000,40,235.000,29,86.000,1,247.000,30,249.000,9,250.000,20,251.000,49,253.000,20,0,33,
123603955000,252.000,2,239.000,30,238.000,29,236.000,20,235.000,29,86.000,1,247.000,30,249.000,9,250.000,20,251.000,29,253.000,20,0,33,
123603955000,252.000,2,239.000,30,238.000,29,236.000,20,235.000,49,86.000,1,247.000,30,249.000,9,250.000,40,251.000,29,253.000,20,0,33,
123603994000,252.000,2,239.000,30,238.000,9,236.000,20,235.000,49,86.000,1,247.000,30,249.000,9,250.000,40,251.000,29,320.000,1,0,33,
123603994000,252.000,2,239.000,30,238.000,9,237.000,20,236.000,20,235.000,49,247.000,30,249.000,9,250.000,40,251.000,29,252.000,20,0,33,
123604077000,252.000,2,239.000,30,238.000,9,237.000,20,235.000,49,86.000,1,247.000,30,249.000,9,250.000,40,251.000,9,252.000,20,0,33,
123604803000,252.000,2,239.000,30,238.000,9,237.000,20,235.000,69,86.000,1,247.000,30,249.000,9,250.000,60,251.000,9,252.000,20,0,33,
123605427000,252.000,2,239.000,30,238.000,9,237.000,20,235.000,49,86.000,1,247.000,30,249.000,9,250.000,40,251.000,9,252.000,20,0,33,
123605427000,252.000,2,239.000,30,238.000,9,237.000,20,236.000,20,235.000,49,247.000,30,249.000,9,250.000,40,251.000,29,252.000,20,0,33,
123605494000,252.000,2,239.000,30,238.000,9,236.000,20,235.000,49,86.000,1,247.000,30,249.000,9,250.000,40,251.000,29,320.000,1,0,33,
123605494000,252.000,2,239.000,30,238.000,29,236.000,20,235.000,49,86.000,1,247.000,30,249.000,9,250.000,40,251.000,29,253.000,20,0,33,
123608030000,252.000,2,239.000,30,238.000,29,235.000,49,86.000,1,84.000,3,247.000,30,249.000,9,250.000,40,251.000,9,253.000,20,0,33,
123608030000,252.000,2,239.000,30,238.000,29,235.000,69,86.000,1,84.000,3,247.000,30,249.000,9,250.000,60,251.000,9,253.000,20,0,33,
123608744000,252.000,2,239.000,30,238.000,9,235.000,69,86.000,1,84.000,3,247.000,30,249.000,9,250.000,60,251.000,9,320.000,1,0,33,
123608744000,252.000,2,239.000,30,238.000,9,237.000,20,235.000,69,86.000,1,247.000,30,249.000,9,250.000,60,251.000,9,252.000,20,0,33,
123611993000,252.000,2,239.000,30,238.000,9,235.000,69,86.000,1,84.000,3,247.000,30,249.000,9,250.000,60,251.000,9,320.000,1,0,33,
123611993000,252.000,2,239.000,30,238.000,29,235.000,69,86.000,1,84.000,3,247.000,30,249.000,9,250.000,60,251.000,9,253.000,20,0,33,
123616665000,252.000,2,239.000,30,238.000,29,235.000,49,86.000,1,84.000,3,247.000,30,249.000,9,250.000,40,251.000,9,253.000,20,0,33,
123616665000,252.000,2,239.000,30,238.000,29,236.000,20,235.000,49,86.000,1,247.000,30,249.000,9,250.000,40,251.000,29,253.000,20,0,33,
123617163000,252.000,2,239.000,30,238.000,29,235.000,49,86.000,1,84.000,3,247.000,30,249.000,9,250.000,40,251.000,9,253.000,20,0,33,
123617163000,252.000,2,239.000,30,238.000,29,235.000,69,86.000,1,84.000,3,247.000,30,249.000,9,250.000,60,251.000,9,253.000,20,0,33,
123619157000,252.000,2,239.000,30,238.000,29,235.000,49,86.000,1,84.000,3,247.000,30,249.000,9,250.000,40,251.000,9,253.000,20,0,33,
123619157000,252.000,2,239.000,30,238.000,29,236.000,20,235.000,49,86.000,1,247.000,30,249.000,9,250.000,40,251.000,29,253.000,20,0,33,
123619532000,252.000,2,239.000,30,238.000,29,235.000,49,86.000,1,84.000,3,247.000,30,249.000,9,250.000,40,251.000,9,253.000,20,0,33,
123619658000,252.000,2,239.000,30,238.000,29,236.000,20,235.000,49,86.000,1,247.000,30,249.000,9,250.000,40,251.000,29,253.000,20,0,33,
123624900000,252.000,2,239.000,30,238.000,29,236.000,20,235.000,29,86.000,1,247.000,30,249.000,9,250.000,20,251.000,29,253.000,20,0,33,
123625387000,252.000,2,239.000,30,238.000,29,235.000,29,86.000,1,84.000,3,247.000,30,249.000,9,250.000,20,251.000,9,253.000,20,0,33,
123625387000,252.000,2,239.000,30,238.000,29,235.000,49,86.000,1,84.000,3,247.000,30,249.000,9,250.000,40,251.000,9,253.000,20,0,33,
123625428000,252.000,2,239.000,30,238.000,29,236.000,20,235.000,49,86.000,1,247.000,30,249.000,9,250.000,40,251.000,29,253.000,20,0,33,
123628743000,252.000,2,239.000,30,238.000,9,236.000,20,235.000,49,86.000,1,247.000,30,249.000,9,250.000,40,251.000,29,320.000,1,0,33,
123628743000,252.000,2,239.000,30,238.000,9,237.000,20,236.000,20,235.000,49,247.000,30,249.000,9,250.000,40,251.000,29,252.000,20,0,33,
123631743000,252.000,2,239.000,30,238.000,9,236.000,20,235.000,49,86.000,1,247.000,30,249.000,9,250.000,40,251.000,29,320.000,1,0,33,
123631743000,252.000,2,239.000,30,238.000,29,236.000,20,235.000,49,86.000,1,247.000,30,249.000,9,250.000,40,251.000,29,253.000,20,0,33,
123631744000,252.000,2,239.000,30,238.000,29,236.000,20,235.000,29,86.000,1,247.000,30,249.000,9,250.000,20,251.000,29,253.000,20,0,33,
123631744000,252.000,2,239.000,30,238.000,29,236.000,40,235.000,29,86.000,1,247.000,30,249.000,9,250.000,20,251.000,49,253.000,20,0,33,
123632618000,252.000,2,239.000,30,238.000,29,236.000,20,235.000,29,86.000,1,247.000,30,249.000,9,250.000,20,251.000,29,253.000,20,0,33,
123632618000,252.000,2,239.000,30,238.000,29,236.000,20,235.000,49,86.000,1,247.000,30,249.000,9,250.000,40,251.000,29,253.000,20,0,33,
123633732000,252.000,2,239.000,30,238.000,29,236.000,20,235.000,29,86.000,1,247.000,30,249.000,9,250.000,20,251.000,29,253.000,20,0,33,
123633732000,252.000,2,239.000,30,238.000,29,236.000,40,235.000,29,86.000,1,247.000,30,249.000,9,250.000,20,251.000,49,253.000,20,0,33,
123633856000,252.000,2,239.000,30,238.000,29,236.000,20,235.000,29,86.000,1,247.000,30,249.000,9,250.000,20,251.000,29,253.000,20,0,33,
123634231000,252.000,2,239.000,30,238.000,29,236.000,40,235.000,29,86.000,1,247.000,30,249.000,9,250.000,20,251.000,49,253.000,20,0,33,
123634731000,252.000,2,239.000,30,238.000,29,236.000,20,235.000,29,86.000,1,247.000,30,249.000,9,250.000,20,251.000,29,253.000,20,0,33,
123634731000,252.000,2,239.000,30,238.000,29,236.000,20,235.000,49,86.000,1,247.000,30,249.000,9,250.000,40,251.000,29,253.000,20,0,33,
123642993000,252.000,2,239.000,30,238.000,29,236.000,20,235.000,29,86.000,1,247.000,30,249.000,9,250.000,20,251.000,29,253.000,20,0,33,
123642993000,252.000,2,239.000,30,238.000,29,236.000,40,235.000,29,86.000,1,247.000,30,249.000,9,250.000,20,251.000,49,253.000,20,0,33,
123643119000,252.000,2,239.000,30,238.000,9,236.000,40,235.000,29,86.000,1,247.000,30,249.000,9,250.000,20,251.000,49,320.000,1,0,33,
123643119000,252.000,2,239.000,50,238.000,9,236.000,40,235.000,29,86.000,1,247.000,30,249.000,9,250.000,20,251.000,49,254.000,20,0,33,
123645500000,252.000,2,239.000,50,238.000,9,236.000,20,235.000,29,86.000,1,247.000,30,249.000,9,250.000,20,251.000,29,254.000,20,0,33,
123646242000,252.000,2,239.000,50,238.000,9,235.000,29,86.000,1,84.000,3,247.000,30,249.000,9,250.000,20,251.000,9,254.000,20,0,33,
123646242000,252.000,2,239.000,50,238.000,9,235.000,49,86.000,1,84.000,3,247.000,30,249.000,9,250.000,40,251.000,9,254.000,20,0,33,
123646243000,252.000,2,239.000,30,238.000,9,235.000,49,86.000,1,84.000,3,247.000,30,249.000,9,250.000,40,251.000,9,320.000,1,0,33,
123646243000,252.000,2,239.000,30,238.000,29,235.000,49,86.000,1,84.000,3,247.000,30,249.000,9,250.000,40,251.000,9,253.000,20,0,33,
123646272000,252.000,2,239.000,30,238.000,29,235.000,69,86.000,1,84.000,3,247.000,30,249.000,9,250.000,60,251.000,9,253.000,20,0,33,
123650098000,252.000,2,239.000,30,238.000,29,235.000,49,86.000,1,84.000,3,247.000,30,249.000,9,250.000,40,251.000,9,253.000,20,0,33,
123650098000,252.000,2,239.000,30,238.000,29,236.000,20,235.000,49,86.000,1,247.000,30,249.000,9,250.000,40,251.000,29,253.000,20,0,33,
123650224000,252.000,2,239.000,30,238.000,29,235.000,49,86.000,1,84.000,3,247.000,30,249.000,9,250.000,40,251.000,9,253.000,20,0,33,
123650600000,252.000,2,239.000,30,238.000,29,236.000,20,235.000,49,86.000,1,247.000,30,249.000,9,250.000,40,251.000,29,253.000,20,0,33,
123651131000,252.000,2,239.000,30,238.000,29,235.000,49,86.000,1,84.000,3,247.000,30,249.000,9,250.000,40,251.000,9,253.000,20,0,33,
123651131000,252.000,2,239.000,30,238.000,29,235.000,69,86.000,1,84.000,3,247.000,30,249.000,9,250.000,60,251.000,9,253.000,20,0,33,
123651755000,252.000,2,239.000,30,238.000,29,235.000,49,86.000,1,84.000,3,247.000,30,249.000,9,250.000,40,251.000,9,253.000,20,0,33,
123651755000,252.000,2,239.000,30,238.000,29,236.000,20,235.000,49,86.000,1,247.000,30,249.000,9,250.000,40,251.000,29,253.000,20,0,33,
123655630000,252.000,2,239.000,30,238.000,29,235.000,49,86.000,1,84.000,3,247.000,30,249.000,9,250.000,40,251.000,9,253.000,20,0,33,
123655630000,252.000,2,239.000,30,238.000,29,235.000,69,86.000,1,84.000,3,247.000,30,249.000,9,250.000,60,251.000,9,253.000,20,0,33,
123656255000,252.000,2,239.000,30,238.000,29,235.000,49,86.000,1,84.000,3,247.000,30,249.000,9,250.000,40,251.000,9,253.000,20,0,33,
123656255000,252.000,2,239.000,30,238.000,29,236.000,20,235.000,49,86.000,1,247.000,30,249.000,9,250.000,40,251.000,29,253.000,20,0,33,
123656880000,252.000,2,239.000,30,238.000,29,235.000,49,86.000,1,84.000,3,247.000,30,249.000,9,250.000,40,251.000,9,253.000,20,0,33,
123656880000,252.000,2,239.000,30,238.000,29,235.000,69,86.000,1,84.000,3,247.000,30,249.000,9,250.000,60,251.000,9,253.000,20,0,33,
123656932000,252.000,2,239.000,30,238.000,29,235.000,49,86.000,1,84.000,3,247.000,30,249.000,9,250.000,40,251.000,9,253.000,20,0,33,
123656993000,252.000,2,239.000,30,238.000,9,235.000,49,86.000,1,84.000,3,247.000,30,249.000,9,250.000,40,251.000,9,320.000,1,0,33,
123656993000,252.000,2,239.000,30,238.000,9,237.000,20,235.000,49,86.000,1,247.000,30,249.000,9,250.000,40,251.000,9,252.000,20,0,33,
123657991000,252.000,2,239.000,30,238.000,9,237.000,20,235.000,69,86.000,1,247.000,30,249.000,9,250.000,60,251.000,9,252.000,20,0,33,
123700861000,252.000,2,239.000,30,238.000,9,237.000,20,235.000,49,86.000,1,247.000,30,249.000,9,250.000,40,251.000,9,252.000,20,0,33,
123700861000,252.000,2,239.000,30,238.000,9,237.000,20,235.000,49,234.000,20,247.000,30,249.000,29,250.000,40,251.000,9,252.000,20,0,33,
123701146000,252.000,2,239.000,9,238.000,9,237.000,20,235.000,49,234.000,20,247.000,9,249.000,29,250.000,40,251.000,9,252.000,20,0,33,
123701146000,252.000,2,239.000,9,238.000,30,237.000,20,235.000,49,234.000,20,247.000,30,249.000,29,250.000,40,251.000,9,252.000,20,0,33,
123701148000,252.000,2,238.000,30,237.000,20,235.000,49,234.000,20,86.000,1,247.000,30,249.000,29,250.000,40,251.000,9,252.000,20,0,33,
123701189000,252.000,2,238.000,30,237.000,20,235.000,49,234.000,20,86.000,1,247.000,30,249.000,29,250.000,40,252.000,20,320.000,1,0,33,
123701190000,252.000,2,238.000,30,237.000,20,235.000,49,234.000,20,86.000,1,247.000,30,249.000,38,250.000,40,252.000,20,320.000,1,0,33,
123701244000,252.000,2,238.000,30,235.000,49,234.000,20,86.000,1,84.000,3,247.000,30,249.000,38,250.000,40,320.000,1,400.000,1,0,33,
123701244000,252.000,2,238.000,30,236.000,20,235.000,49,234.000,20,86.000,1,247.000,30,249.000,38,250.000,40,251.000,20,320.000,1,0,33,
123703624000,252.000,2,238.000,9,236.000,20,235.000,49,234.000,20,86.000,1,247.000,9,249.000,38,250.000,40,251.000,20,320.000,1,0,33,
123703624000,252.000,2,238.000,9,237.000,21,236.000,20,235.000,49,234.000,20,247.000,30,249.000,38,250.000,40,251.000,20,320.000,1,0,33,
123703624000,252.000,2,237.000,21,236.000,20,235.000,49,234.000,20,86.000,1,247.000,30,249.000,38,250.000,40,251.000,20,320.000,1,0,33,
123703624000,252.000,2,237.000,21,236.000,29,235.000,49,234.000,20,86.000,1,247.000,30,249.000,38,250.000,40,251.000,20,320.000,1,0,33,
123703624000,252.000,2,237.000,30,236.000,29,235.000,49,234.000,20,86.000,1,247.000,30,249.000,38,250.000,40,251.000,20,320.000,1,0,33,
123703624000,252.000,2,237.000,30,236.000,29,235.000,49,234.000,20,86.000,1,247.000,21,249.000,38,250.000,40,251.000,20,320.000,1,0,33,
123703624000,252.000,2,237.000,30,236.000,29,235.000,49,234.000,20,86.000,1,247.000,30,249.000,38,250.000,40,251.000,20,320.000,1,0,33,
123703680000,252.000,2,237.000,30,236.000,29,235.000,49,86.000,1,84.000,3,247.000,30,249.000,18,250.000,40,251.000,20,320.000,1,0,33,
123703680000,252.000,2,237.000,30,236.000,29,235.000,49,233.000,20,86.000,1,247.000,30,248.000,20,249.000,18,250.000,40,251.000,20,0,33,
123704148000,252.000,2,237.000,30,236.000,29,235.000,49,86.000,1,84.000,3,247.000,30,249.000,18,250.000,40,251.000,20,320.000,1,0,33,
123704295000,252.000,2,237.000,30,236.000,29,235.000,49,234.000,20,86.000,1,247.000,30,249.000,38,250.000,40,251.000,20,320.000,1,0,33,
123705432000,252.000,2,237.000,30,236.000,29,235.000,29,234.000,20,86.000,1,247.000,30,249.000,38,250.000,20,251.000,20,320.000,1,0,33,
123705795000,252.000,2,237.000,30,236.000,29,235.000,29,86.000,1,84.000,3,247.000,30,249.000,18,250.000,20,251.000,20,320.000,1,0,33,
123705795000,252.000,2,237.000,30,236.000,29,235.000,29,233.000,20,86.000,1,247.000,30,248.000,20,249.000,18,250.000,20,251.000,20,0,33,
123706152000,252.000,2,237.000,30,236.000,29,235.000,29,234.000,20,233.000,20,247.000,30,248.000,20,249.000,38,250.000,20,251.000,20,0,33,
123707044000,252.000,2,237.000,30,236.000,29,235.000,29,234.000,20,86.000,1,247.000,30,249.000,38,250.000,20,251.000,20,320.000,1,0,33,
123707044000,252.000,2,237.000,30,236.000,29,235.000,29,234.000,40,86.000,1,247.000,30,249.000,58,250.000,20,251.000,20,320.000,1,0,33,
123707169000,252.000,2,237.000,30,236.000,29,235.000,29,234.000,20,86.000,1,247.000,30,249.000,38,250.000,20,251.000,20,320.000,1,0,33,
123707544000,252.000,2,237.000,30,236.000,29,235.000,29,234.000,40,86.000,1,247.000,30,249.000,58,250.000,20,251.000,20,320.000,1,0,33,
123707669000,252.000,2,237.000,30,236.000,29,235.000,29,234.000,20,86.000,1,247.000,30,249.000,38,250.000,20,251.000,20,320.000,1,0,33,
123708158000,252.000,2,237.000,30,236.000,29,235.000,29,234.000,20,233.000,20,247.000,30,248.000,20,249.000,38,250.000,20,251.000,20,0,33,
123708660000,252.000,2,237.000,30,236.000,29,235.000,29,234.000,20,86.000,1,247.000,30,249.000,38,250.000,20,251.000,20,320.000,1,0,33,
123708660000,252.000,2,237.000,30,236.000,29,235.000,29,234.000,40,86.000,1,247.000,30,249.000,58,250.000,20,251.000,20,320.000,1,0,33,
123709402000,252.000,2,237.000,30,236.000,29,235.000,29,234.000,20,86.000,1,247.000,30,249.000,38,250.000,20,251.000,20,320.000,1,0,33,
123709402000,252.000,2,237.000,30,236.000,29,235.000,29,234.000,20,233.000,20,247.000,30,248.000,20,249.000,38,250.000,20,251.000,20,0,33,
123709898000,252.000,2,237.000,30,236.000,29,235.000,29,234.000,20,86.000,1,247.000,30,249.000,38,250.000,20,251.000,20,320.000,1,0,33,
123709908000,252.000,2,237.000,30,236.000,29,235.000,29,234.000,40,86.000,1,247.000,30,249.000,58,250.000,20,251.000,20,320.000,1,0,33,
123714154000,252.000,2,237.000,30,236.000,29,235.000,29,234.000,20,86.000,1,247.000,30,249.000,38,250.000,20,251.000,20,320.000,1,0,33,
123714154000,252.000,2,237.000,30,236.000,29,235.000,49,234.000,20,86.000,1,247.000,30,249.000,38,250.000,40,251.000,20,320.000,1,0,33,
123714244000,252.000,2,237.000,30,236.000,9,235.000,49,234.000,20,86.000,1,247.000,30,249.000,38,250.000,40,320.000,1,400.000,1,0,33,
123714244000,252.000,2,237.000,50,236.000,9,235.000,49,234.000,20,86.000,1,247.000,30,249.000,38,250.000,40,252.000,20,320.000,1,0,33,
123714300000,252.000,2,237.000,50,236.000,9,235.000,29,234.000,20,86.000,1,247.000,30,249.000,38,250.000,20,252.000,20,320.000,1,0,33,
123714676000,252.000,2,237.000,50,236.000,9,235.000,49,234.000,20,86.000,1,247.000,30,249.000,38,250.000,40,252.000,20,320.000,1,0,33,
123717113000,252.000,2,237.000,50,236.000,9,235.000,29,234.000,20,86.000,1,247.000,30,249.000,38,250.000,20,252.000,20,320.000,1,0,33,
123717113000,252.000,2,237.000,50,236.000,9,235.000,29,234.000,40,86.000,1,247.000,30,249.000,58,250.000,20,252.000,20,320.000,1,0,33,
123718328000,252.000,2,237.000,50,236.000,9,235.000,29,234.000,20,86.000,1,247.000,30,249.000,38,250.000,20,252.000,20,320.000,1,0,33,
123718414000,252.000,2,237.000,50,236.000,9,235.000,29,86.000,1,84.000,3,247.000,30,249.000,18,250.000,20,252.000,20,320.000,1,0,33,
123718414000,252.000,2,237.000,50,236.000,9,235.000,49,86.000,1,84.000,3,247.000,30,249.000,18,250.000,40,252.000,20,320.000,1,0,33,
123718539000,252.000,2,237.000,50,236.000,9,235.000,29,86.000,1,84.000,3,247.000,30,249.000,18,250.000,20,252.000,20,320.000,1,0,33,
123718914000,252.000,2,237.000,50,236.000,9,235.000,29,234.000,20,86.000,1,247.000,30,249.000,38,250.000,20,252.000,20,320.000,1,0,33,
123719559000,252.000,2,237.000,50,236.000,9,235.000,49,234.000,20,86.000,1,247.000,30,249.000,38,250.000,40,252.000,20,320.000,1,0,33,
123720659000,252.000,2,237.000,50,236.000,9,235.000,49,86.000,1,84.000,3,247.000,30,249.000,18,250.000,40,252.000,20,320.000,1,0,33,
123720659000,252.000,2,237.000,50,236.000,9,235.000,69,86.000,1,84.000,3,247.000,30,249.000,18,250.000,60,252.000,20,320.000,1,0,33,
123720908000,252.000,2,237.000,50,236.000,9,235.000,49,86.000,1,84.000,3,247.000,30,249.000,18,250.000,40,252.000,20,320.000,1,0,33,
123721158000,252.000,2,237.000,50,236.000,9,235.000,49,234.000,20,86.000,1,247.000,30,249.000,38,250.000,40,252.000,20,320.000,1,0,33,
123721784000,252.000,2,237.000,50,236.000,9,235.000,49,86.000,1,84.000,3,247.000,30,249.000,18,250.000,40,252.000,20,320.000,1,0,33,
123721784000,252.000,2,237.000,50,236.000,9,235.000,69,86.000,1,84.000,3,247.000,30,249.000,18,250.000,60,252.000,20,320.000,1,0,33,
123722405000,252.000,2,237.000,50,236.000,9,235.000,49,86.000,1,84.000,3,247.000,30,249.000,18,250.000,40,252.000,20,320.000,1,0,33,
123722405000,252.000,2,237.000,50,236.000,9,235.000,49,234.000,20,86.000,1,247.000,30,249.000,38,250.000,40,252.000,20,320.000,1,0,33,
123726690000,252.000,2,237.000,50,236.000,9,235.000,49,86.000,1,84.000,3,247.000,30,249.000,18,250.000,40,252.000,20,320.000,1,0,33,
123726690000,252.000,2,237.000,50,236.000,9,235.000,69,86.000,1,84.000,3,247.000,30,249.000,18,250.000,60,252.000,20,320.000,1,0,33,
123730291000,252.000,2,237.000,50,236.000,9,235.000,49,86.000,1,84.000,3,247.000,30,249.000,18,250.000,40,252.000,20,320.000,1,0,33,
123730291000,252.000,2,237.000,50,236.000,9,235.000,49,234.000,20,86.000,1,247.000,30,249.000,38,250.000,40,252.000,20,320.000,1,0,33,
123732707000,252.000,2,237.000,50,236.000,9,235.000,29,234.000,20,86.000,1,247.000,30,249.000,38,250.000,20,252.000,20,320.000,1,0,33,
123732744000,252.000,2,237.000,30,236.000,9,235.000,29,234.000,20,86.000,1,247.000,30,249.000,38,250.000,20,320.000,1,400.000,1,0,33,
123732744000,252.000,2,237.000,30,236.000,29,235.000,29,234.000,20,86.000,1,247.000,30,249.000,38,250.000,20,251.000,20,320.000,1,0,33,
123732931000,252.000,2,237.000,30,236.000,29,235.000,29,86.000,1,84.000,3,247.000,30,249.000,18,250.000,20,251.000,20,320.000,1,0,33,
123732931000,252.000,2,237.000,30,236.000,29,235.000,29,233.000,20,86.000,1,247.000,30,248.000,20,249.000,18,250.000,20,251.000,20,0,33,
123733052000,252.000,2,237.000,30,236.000,29,235.000,29,234.000,20,233.000,20,247.000,30,248.000,20,249.000,38,250.000,20,251.000,20,0,33,
123733181000,252.000,2,237.000,30,236.000,29,235.000,29,234.000,20,86.000,1,247.000,30,249.000,38,250.000,20,251.000,20,320.000,1,0,33,
123733554000,252.000,2,237.000,30,236.000,29,235.000,29,234.000,40,86.000,1,247.000,30,249.000,58,250.000,20,251.000,20,320.000,1,0,33,
123733805000,252.000,2,237.000,30,236.000,29,235.000,29,234.000,20,86.000,1,247.000,30,249.000,38,250.000,20,251.000,20,320.000,1,0,33,
123734055000,252.000,2,237.000,30,236.000,29,235.000,29,234.000,40,86.000,1,247.000,30,249.000,58,250.000,20,251.000,20,320.000,1,0,33,
123738868000,252.000,2,237.000,30,236.000,9,235.000,29,234.000,40,86.000,1,247.000,30,249.000,58,250.000,20,320.000,1,400.000,1,0,33,
123738868000,252.000,2,237.000,50,236.000,9,235.000,29,234.000,40,86.000,1,247.000,30,249.000,58,250.000,20,252.000,20,320.000,1,0,33,
123739745000,252.000,2,237.000,50,236.000,9,235.000,29,234.000,20,86.000,1,247.000,30,249.000,38,250.000,20,252.000,20,320.000,1,0,33,
123739751000,252.000,2,237.000,50,236.000,9,235.000,29,86.000,1,84.000,3,247.000,30,249.000,18,250.000,20,252.000,20,320.000,1,0,33,
123739751000,252.000,2,237.000,50,236.000,9,235.000,49,86.000,1,84.000,3,247.000,30,249.000,18,250.000,40,252.000,20,320.000,1,0,33,
123740356000,252.000,2,237.000,50,236.000,9,235.000,69,86.000,1,84.000,3,247.000,30,249.000,18,250.000,60,252.000,20,320.000,1,0,33,
123743105000,252.000,2,237.000,50,236.000,9,235.000,49,86.000,1,84.000,3,247.000,30,249.000,18,250.000,40,252.000,20,320.000,1,0,33,
123743105000,252.000,2,237.000,50,236.000,9,235.000,49,234.000,20,86.000,1,247.000,30,249.000,38,250.000,40,252.000,20,320.000,1,0,33,
123743979000,252.000,2,237.000,50,236.000,9,235.000,49,86.000,1,84.000,3,247.000,30,249.000,18,250.000,40,252.000,20,320.000,1,0,33,
123743979000,252.000,2,237.000,50,236.000,9,235.000,69,86.000,1,84.000,3,247.000,30,249.000,18,250.000,60,252.000,20,320.000,1,0,33,
123744605000,252.000,2,237.000,50,236.000,9,235.000,49,86.000,1,84.000,3,247.000,30,249.000,18,250.000,40,252.000,20,320.000,1,0,33,
123744605000,252.000,2,237.000,50,236.000,9,235.000,49,234.000,20,86.000,1,247.000,30,249.000,38,250.000,40,252.000,20,320.000,1,0,33,
123744730000,252.000,2,237.000,50,236.000,9,235.000,49,86.000,1,84.000,3,247.000,30,249.000,18,250.000,40,252.000,20,320.000,1,0,33,
123745137000,252.000,2,237.000,50,236.000,9,235.000,69,86.000,1,84.000,3,247.000,30,249.000,18,250.000,60,252.000,20,320.000,1,0,33,
123746368000,252.000,2,237.000,30,236.000,9,235.000,69,86.000,1,84.000,3,247.000,30,249.000,18,250.000,60,320.000,1,400.000,1,0,33,
123746368000,252.000,2,238.000,20,237.000,30,236.000,9,235.000,69,86.000,1,247.000,30,249.000,18,250.000,60,253.000,20,320.000,1,0,33,
123746369000,252.000,2,238.000,29,237.000,30,236.000,9,235.000,69,86.000,1,247.000,30,249.000,18,250.000,60,253.000,20,320.000,1,0,33,
123746447000,252.000,2,238.000,29,237.000,9,236.000,9,235.000,69,86.000,1,247.000,9,249.000,18,250.000,60,253.000,20,320.000,1,0,33,
123746447000,252.000,2,239.000,21,238.000,29,237.000,9,236.000,9,235.000,69,247.000,30,249.000,18,250.000,60,253.000,20,320.000,1,0,33,
123746447000,252.000,2,239.000,21,238.000,29,237.000,9,236.000,9,235.000,69,247.000,21,249.000,18,250.000,60,253.000,20,320.000,1,0,33,
123746447000,252.000,2,239.000,30,238.000,29,237.000,9,236.000,9,235.000,69,247.000,21,249.000,18,250.000,60,253.000,20,320.000,1,0,33,
123746448000,252.000,2,239.000,30,238.000,29,237.000,9,236.000,9,235.000,69,247.000,30,249.000,18,250.000,60,253.000,20,320.000,1,0,33,
123746506000,252.000,2,239.000,30,238.000,29,236.000,9,235.000,69,86.000,1,247.000,30,249.000,18,250.000,60,253.000,20,320.000,1,0,33,
123746506000,252.000,2,239.000,30,238.000,29,235.000,69,86.000,1,84.000,3,247.000,30,249.000,18,250.000,60,253.000,20,320.000,1,0,33,
123748243000,252.000,2,239.000,30,238.000,9,235.000,69,86.000,1,84.000,3,247.000,30,249.000,18,250.000,60,320.000,1,400.000,1,0,33,
123748243000,252.000,2,239.000,30,238.000,9,237.000,20,235.000,69,86.000,1,247.000,30,249.000,18,250.000,60,252.000,20,320.000,1,0,33,
123749744000,252.000,2,239.000,30,238.000,9,235.000,69,86.000,1,84.000,3,247.000,30,249.000,18,250.000,60,320.000,1,400.000,1,0,33,
123749744000,252.000,2,239.000,30,238.000,29,235.000,69,86.000,1,84.000,3,247.000,30,249.000,18,250.000,60,253.000,20,320.000,1,0,33,
123800400000,252.000,2,239.000,30,238.000,29,235.000,49,86.000,1,84.000,3,247.000,30,249.000,18,250.000,40,253.000,20,320.000,1,0,33,
123800510000,252.000,2,239.000,30,238.000,29,235.000,69,86.000,1,84.000,3,247.000,30,249.000,18,250.000,60,253.000,20,320.000,1,0,33,
123800619000,252.000,2,239.000,30,238.000,9,235.000,69,86.000,1,84.000,3,247.000,30,249.000,18,250.000,60,320.000,1,400.000,1,0,33,
123800619000,252.000,2,239.000,30,238.000,9,237.000,20,235.000,69,86.000,1,247.000,30,249.000,18,250.000,60,252.000,20,320.000,1,0,33,
123804893000,252.000,2,239.000,30,238.000,9,237.000,20,235.000,49,86.000,1,247.000,30,249.000,18,250.000,40,252.000,20,320.000,1,0,33,
123804987000,252.000,2,239.000,30,238.000,9,237.000,20,235.000,29,86.000,1,247.000,30,249.000,18,250.000,20,252.000,20,320.000,1,0,33,
123804987000,252.000,2,239.000,30,238.000,9,237.000,20,235.000,29,234.000,20,247.000,30,249.000,38,250.000,20,252.000,20,320.000,1,0,33,
123805172000,252.000,2,239.000,9,238.000,9,237.000,20,235.000,29,234.000,20,247.000,9,249.000,38,250.000,20,252.000,20,320.000,1,0,33,
123805172000,252.000,2,239.000,9,238.000,30,237.000,20,235.000,29,234.000,20,247.000,30,249.000,38,250.000,20,252.000,20,320.000,1,0,33,
123805172000,252.000,2,238.000,30,237.000,20,235.000,29,234.000,20,86.000,1,247.000,30,249.000,38,250.000,20,252.000,20,320.000,1,0,33,
123805172000,252.000,2,238.000,30,237.000,29,235.000,29,234.000,20,86.000,1,247.000,30,249.000,38,250.000,20,252.000,20,320.000,1,0,33,
123805172000,252.000,2,238.000,30,237.000,29,235.000,29,234.000,20,86.000,1,247.000,21,249.000,38,250.000,20,252.000,20,320.000,1,0,33,
123805173000,252.000,2,238.000,30,237.000,29,235.000,29,234.000,20,86.000,1,247.000,30,249.000,38,250.000,20,252.000,20,320.000,1,0,33,
123805312000,252.000,2,238.000,30,237.000,29,235.000,29,234.000,40,86.000,1,247.000,30,249.000,58,250.000,20,252.000,20,320.000,1,0,33,
123806389000,252.000,2,238.000,30,237.000,29,235.000,29,234.000,20,86.000,1,247.000,30,249.000,38,250.000,20,252.000,20,320.000,1,0,33,
123806389000,252.000,2,238.000,30,237.000,29,235.000,49,234.000,20,86.000,1,247.000,30,249.000,38,250.000,40,252.000,20,320.000,1,0,33,
123809128000,252.000,2,238.000,30,237.000,29,235.000,29,234.000,20,86.000,1,247.000,30,249.000,38,250.000,20,252.000,20,320.000,1,0,33,
123809128000,252.000,2,238.000,30,237.000,29,235.000,29,234.000,40,86.000,1,247.000,30,249.000,58,250.000,20,252.000,20,320.000,1,0,33,
123809868000,252.000,2,238.000,30,237.000,9,235.000,29,234.000,40,86.000,1,247.000,30,249.000,58,250.000,20,320.000,1,400.000,1,0,33,
123809868000,252.000,2,238.000,30,237.000,9,236.000,20,235.000,29,234.000,40,247.000,30,249.000,58,250.000,20,251.000,20,320.000,1,0,33,
123816617000,252.000,2,238.000,30,237.000,9,235.000,29,234.000,40,86.000,1,247.000,30,249.000,58,250.000,20,320.000,1,400.000,1,0,33,
123816617000,252.000,2,238.000,30,237.000,29,235.000,29,234.000,40,86.000,1,247.000,30,249.000,58,250.000,20,252.000,20,320.000,1,0,33,
123817868000,252.000,2,238.000,30,237.000,9,235.000,29,234.000,40,86.000,1,247.000,30,249.000,58,250.000,20,320.000,1,400.000,1,0,33,
123817868000,252.000,2,238.000,30,237.000,9,236.000,20,235.000,29,234.000,40,247.000,30,249.000,58,250.000,20,251.000,20,320.000,1,0,33,
123821868000,252.000,2,238.000,30,237.000,9,235.000,29,234.000,40,86.000,1,247.000,30,249.000,58,250.000,20,320.000,1,400.000,1,0,33,
123821868000,252.000,2,238.000,30,237.000,29,235.000,29,234.000,40,86.000,1,247.000,30,249.000,58,250.000,20,252.000,20,320.000,1,0,33,
123823743000,252.000,2,238.000,30,237.000,9,235.000,29,234.000,40,86.000,1,247.000,30,249.000,58,250.000,20,320.000,1,400.000,1,0,33,
123823743000,252.000,2,238.000,30,237.000,9,236.000,20,235.000,29,234.000,40,247.000,30,249.000,58,250.000,20,251.000,20,320.000,1,0,33,
123825400000,252.000,2,238.000,30,237.000,9,236.000,20,235.000,29,234.000,20,247.000,30,249.000,38,250.000,20,251.000,20,320.000,1,0,33,
123826172000,252.000,2,238.000,30,237.000,9,236.000,20,235.000,29,234.000,40,247.000,30,249.000,58,250.000,20,251.000,20,320.000,1,0,33,
123826666000,252.000,2,238.000,9,237.000,9,236.000,20,235.000,29,234.000,40,247.000,9,249.000,58,250.000,20,251.000,20,320.000,1,0,33,
123826666000,252.000,2,238.000,9,237.000,30,236.000,20,235.000,29,234.000,40,247.000,30,249.000,58,250.000,20,251.000,20,320.000,1,0,33,
123826666000,252.000,2,237.000,30,236.000,20,235.000,29,234.000,40,86.000,1,247.000,30,249.000,58,250.000,20,251.000,20,320.000,1,0,33,
123827793000,252.000,2,237.000,30,236.000,20,235.000,29,234.000,20,86.000,1,247.000,30,249.000,38,250.000,20,251.000,20,320.000,1,0,33,
123827793000,252.000,2,237.000,30,236.000,20,235.000,29,234.000,20,233.000,20,247.000,30,248.000,20,249.000,38,250.000,20,251.000,20,0,33,
123827870000,252.000,2,237.000,30,235.000,29,234.000,20,233.000,20,86.000,1,247.000,30,248.000,20,249.000,38,250.000,20,320.000,1,0,33,
123827870000,252.000,2,237.000,30,235.000,49,234.000,20,233.000,20,86.000,1,247.000,30,248.000,20,249.000,38,250.000,40,320.000,1,0,33,
123828182000,252.000,2,237.000,9,235.000,49,234.000,20,233.000,20,86.000,1,247.000,9,248.000,20,249.000,38,250.000,40,320.000,1,0,33,
123828182000,252.000,2,237.000,9,236.000,21,235.000,49,234.000,20,233.000,20,247.000,30,248.000,20,249.000,38,250.000,40,320.000,1,0,33,
123828182000,252.000,2,237.000,9,236.000,21,235.000,49,234.000,20,233.000,20,247.000,30,248.000,29,249.000,38,250.000,40,320.000,1,0,33,
123828182000,252.000,2,237.000,9,236.000,21,235.000,58,234.000,20,233.000,20,247.000,30,248.000,29,249.000,38,250.000,40,320.000,1,0,33,
123828182000,252.000,2,236.000,21,235.000,58,234.000,20,233.000,20,86.000,1,247.000,30,248.000,29,249.000,38,250.000,40,320.000,1,0,33,
123828182000,252.000,2,236.000,21,235.000,58,234.000,20,233.000,20,86.000,1,247.000,21,248.000,29,249.000,38,250.000,40,320.000,1,0,33,
123828182000,252.000,2,236.000,30,235.000,58,234.000,20,233.000,20,86.000,1,247.000,21,248.000,29,249.000,38,250.000,40,320.000,1,0,33,
123828183000,252.000,2,236.000,30,235.000,58,234.000,20,233.000,20,86.000,1,247.000,30,248.000,29,249.000,38,250.000,40,320.000,1,0,33,
123828356000,252.000,2,236.000,30,235.000,38,234.000,20,233.000,20,86.000,1,247.000,30,248.000,29,249.000,38,250.000,20,320.000,1,0,33,
123828397000,252.000,2,236.000,30,235.000,38,234.000,20,233.000,40,86.000,1,247.000,30,248.000,49,249.000,38,250.000,20,320.000,1,0,33,
123828506000,252.000,2,236.000,30,235.000,38,234.000,20,233.000,40,86.000,1,247.000,30,248.000,49,249.000,29,250.000,20,320.000,1,0,33,
123828741000,252.000,2,236.000,30,235.000,38,234.000,20,233.000,20,86.000,1,247.000,30,248.000,29,249.000,29,250.000,20,320.000,1,0,33,
123828741000,252.000,2,236.000,30,235.000,38,234.000,40,233.000,20,86.000,1,247.000,30,248.000,29,249.000,49,250.000,20,320.000,1,0,33,
123828866000,252.000,2,236.000,30,235.000,38,234.000,20,233.000,20,86.000,1,247.000,30,248.000,29,249.000,29,250.000,20,320.000,1,0,33,
123829356000,252.000,2,236.000,30,235.000,38,234.000,20,233.000,40,86.000,1,247.000,30,248.000,49,249.000,29,250.000,20,320.000,1,0,33,
123832715000,252.000,2,236.000,30,235.000,38,234.000,20,233.000,20,86.000,1,247.000,30,248.000,29,249.000,29,250.000,20,320.000,1,0,33,
123832715000,252.000,2,236.000,30,235.000,38,234.000,40,233.000,20,86.000,1,247.000,30,248.000,29,249.000,49,250.000,20,320.000,1,0,33,
123834869000,252.000,2,236.000,30,235.000,18,234.000,40,233.000,20,86.000,1,247.000,30,248.000,29,249.000,49,320.000,1,400.000,1,0,33,
123834869000,252.000,2,236.000,50,235.000,18,234.000,40,233.000,20,86.000,1,247.000,30,248.000,29,249.000,49,251.000,20,320.000,1,0,33,
123835054000,252.000,2,236.000,50,235.000,18,234.000,40,86.000,1,84.000,3,247.000,30,248.000,9,249.000,49,251.000,20,320.000,1,0,33,
123835062000,252.000,2,236.000,50,235.000,18,234.000,20,86.000,1,84.000,3,247.000,30,248.000,9,249.000,29,251.000,20,320.000,1,0,33,
123835076000,252.000,2,236.000,50,235.000,18,86.000,1,84.000,3,39.000,20,247.000,30,248.000,9,249.000,9,251.000,20,320.000,1,0,33,
123835076000,252.000,2,236.000,50,235.000,38,86.000,1,84.000,3,39.000,20,247.000,30,248.000,9,249.000,9,250.000,20,251.000,20,0,33,
123835327000,252.000,2,236.000,50,235.000,58,86.000,1,84.000,3,39.000,20,247.000,30,248.000,9,249.000,9,250.000,40,251.000,20,0,33,
123835501000,252.000,2,236.000,50,235.000,78,86.000,1,84.000,3,39.000,20,247.000,30,248.000,9,249.000,9,250.000,60,251.000,20,0,33,
123836947000,252.000,2,236.000,50,235.000,58,86.000,1,84.000,3,39.000,20,247.000,30,248.000,9,249.000,9,250.000,40,251.000,20,0,33,
123836947000,252.000,2,236.000,50,235.000,58,234.000,20,86.000,1,84.000,3,247.000,30,248.000,9,249.000,29,250.000,40,251.000,20,0,33,
123837870000,252.000,2,236.000,30,235.000,58,234.000,20,86.000,1,84.000,3,247.000,30,248.000,9,249.000,29,250.000,40,320.000,1,0,33,
123837870000,252.000,2,237.000,20,236.000,30,235.000,58,234.000,20,86.000,1,247.000,30,248.000,9,249.000,29,250.000,40,252.000,20,0,33,
123837880000,252.000,2,237.000,20,236.000,30,235.000,58,86.000,1,84.000,3,247.000,30,248.000,9,249.000,9,250.000,40,252.000,20,0,33,
123837880000,252.000,2,237.000,20,236.000,30,235.000,78,86.000,1,84.000,3,247.000,30,248.000,9,249.000,9,250.000,60,252.000,20,0,33,
123838186000,252.000,2,237.000,20,236.000,9,235.000,78,86.000,1,84.000,3,247.000,9,248.000,9,249.000,9,250.000,60,252.000,20,0,33,
123838186000,252.000,2,238.000,21,237.000,20,236.000,9,235.000,78,86.000,1,247.000,30,248.000,9,249.000,9,250.000,60,252.000,20,0,33,
123838187000,252.000,2,238.000,21,237.000,20,236.000,9,235.000,78,86.000,1,247.000,21,248.000,9,249.000,9,250.000,60,252.000,20,0,33,
123838357000,252.000,2,238.000,30,237.000,20,236.000,9,235.000,78,86.000,1,247.000,21,248.000,9,249.000,9,250.000,60,252.000,20,0,33,
123838357000,252.000,2,238.000,30,237.000,20,236.000,9,235.000,78,86.000,1,247.000,30,248.000,9,249.000,9,250.000,60,252.000,20,0,33,
123838506000,252.000,2,238.000,30,237.000,20,236.000,9,235.000,69,86.000,1,247.000,30,248.000,9,249.000,9,250.000,60,252.000,20,0,33,
123838854000,252.000,2,238.000,30,237.000,20,236.000,9,235.000,49,86.000,1,247.000,30,248.000,9,249.000,9,250.000,40,252.000,20,0,33,
123839650000,252.000,2,238.000,30,237.000,20,236.000,9,235.000,69,86.000,1,247.000,30,248.000,9,249.000,9,250.000,60,252.000,20,0,33,
123842243000,252.000,2,238.000,30,236.000,9,235.000,69,86.000,1,84.000,3,247.000,30,248.000,9,249.000,9,250.000,60,320.000,1,0,33,
123842243000,252.000,2,238.000,50,236.000,9,235.000,69,86.000,1,84.000,3,247.000,30,248.000,9,249.000,9,250.000,60,253.000,20,0,33,
123842620000,252.000,2,238.000,30,236.000,9,235.000,69,86.000,1,84.000,3,247.000,30,248.000,9,249.000,9,250.000,60,320.000,1,0,33,
123842620000,252.000,2,238.000,30,237.000,20,236.000,9,235.000,69,86.000,1,247.000,30,248.000,9,249.000,9,250.000,60,252.000,20,0,33,
123844997000,252.000,2,238.000,30,236.000,9,235.000,69,86.000,1,84.000,3,247.000,30,248.000,9,249.000,9,250.000,60,320.000,1,0,33,
123844997000,252.000,2,238.000,50,236.000,9,235.000,69,86.000,1,84.000,3,247.000,30,248.000,9,249.000,9,250.000,60,253.000,20,0,33,
123845000000,252.000,2,238.000,50,236.000,9,235.000,49,86.000,1,84.000,3,247.000,30,248.000,9,249.000,9,250.000,40,253.000,20,0,33,
123845861000,252.000,2,238.000,50,236.000,9,235.000,69,86.000,1,84.000,3,247.000,30,248.000,9,249.000,9,250.000,60,253.000,20,0,33,
123846243000,252.000,2,238.000,30,236.000,9,235.000,69,86.000,1,84.000,3,247.000,30,248.000,9,249.000,9,250.000,60,320.000,1,0,33,
123846243000,252.000,2,238.000,30,237.000,20,236.000,9,235.000,69,86.000,1,247.000,30,248.000,9,249.000,9,250.000,60,252.000,20,0,33,
123849651000,252.000,2,238.000,30,237.000,20,236.000,9,235.000,49,86.000,1,247.000,30,248.000,9,249.000,9,250.000,40,252.000,20,0,33,
123849651000,252.000,2,238.000,30,237.000,20,236.000,29,235.000,49,86.000,1,247.000,30,248.000,9,249.000,9,250.000,40,251.000,20,0,33,
123849742000,252.000,2,238.000,30,236.000,29,235.000,49,86.000,1,84.000,3,247.000,30,248.000,9,249.000,9,250.000,40,251.000,20,0,33,
123849742000,252.000,2,238.000,50,236.000,29,235.000,49,86.000,1,84.000,3,247.000,30,248.000,9,249.000,9,250.000,40,251.000,20,0,33,
123851276000,252.000,2,238.000,50,236.000,9,235.000,49,86.000,1,84.000,3,247.000,30,248.000,9,249.000,9,250.000,40,253.000,20,0,33,
123851276000,252.000,2,238.000,50,236.000,9,235.000,69,86.000,1,84.000,3,247.000,30,248.000,9,249.000,9,250.000,60,253.000,20,0,33,
123852618000,252.000,2,238.000,30,236.000,9,235.000,69,86.000,1,84.000,3,247.000,30,248.000,9,249.000,9,250.000,60,320.000,1,0,33,
123852618000,252.000,2,238.000,30,237.000,20,236.000,9,235.000,69,86.000,1,247.000,30,248.000,9,249.000,9,250.000,60,252.000,20,0,33,
123852963000,252.000,2,238.000,30,237.000,20,236.000,9,235.000,49,86.000,1,247.000,30,248.000,9,249.000,9,250.000,40,252.000,20,0,33,
123852963000,252.000,2,238.000,30,237.000,20,236.000,9,235.000,49,234.000,20,247.000,30,248.000,9,249.000,29,250.000,40,252.000,20,0,33,
123853338000,252.000,2,238.000,30,237.000,20,236.000,9,235.000,49,86.000,1,247.000,30,248.000,9,249.000,9,250.000,40,252.000,20,0,33,
123853463000,252.000,2,238.000,30,237.000,20,236.000,9,235.000,69,86.000,1,247.000,30,248.000,9,249.000,9,250.000,60,252.000,20,0,33,
123854118000,252.000,2,238.000,30,236.000,9,235.000,69,86.000,1,84.000,3,247.000,30,248.000,9,249.000,9,250.000,60,320.000,1,0,33,
123854118000,252.000,2,238.000,50,236.000,9,235.000,69,86.000,1,84.000,3,247.000,30,248.000,9,249.000,9,250.000,60,253.000,20,0,33,
123859700000,252.000,2,238.000,50,236.000,9,235.000,49,86.000,1,84.000,3,247.000,30,248.000,9,249.000,9,250.000,40,253.000,20,0,33,
123900450000,252.000,2,238.000,50,236.000,9,235.000,69,86.000,1,84.000,3,247.000,30,248.000,9,249.000,9,250.000,60,253.000,20,0,33,
123900494000,252.000,2,238.000,30,236.000,9,235.000,69,86.000,1,84.000,3,247.000,30,248.000,9,249.000,9,250.000,60,320.000,1,0,33,
123900494000,252.000,2,238.000,30,237.000,20,236.000,9,235.000,69,86.000,1,247.000,30,248.000,9,249.000,9,250.000,60,252.000,20,0,33,
123901230000,252.000,2,238.000,30,237.000,20,236.000,9,235.000,49,86.000,1,247.000,30,248.000,9,249.000,9,250.000,40,252.000,20,0,33,
123901737000,252.000,2,238.000,30,237.000,20,236.000,9,235.000,69,86.000,1,247.000,30,248.000,9,249.000,9,250.000,60,252.000,20,0,33,
123902235000,252.000,2,238.000,30,237.000,20,236.000,9,235.000,49,86.000,1,247.000,30,248.000,9,249.000,9,250.000,40,252.000,20,0,33,
123902235000,252.000,2,238.000,30,237.000,20,236.000,9,235.000,49,234.000,20,247.000,30,248.000,9,249.000,29,250.000,40,252.000,20,0,33,
123902610000,252.000,2,238.000,30,237.000,20,236.000,9,235.000,49,86.000,1,247.000,30,248.000,9,249.000,9,250.000,40,252.000,20,0,33,
123902734000,252.000,2,238.000,30,237.000,20,236.000,9,235.000,69,86.000,1,247.000,30,248.000,9,249.000,9,250.000,60,252.000,20,0,33,
123914191000,252.000,2,238.000,30,237.000,20,236.000,9,235.000,49,86.000,1,247.000,30,248.000,9,249.000,9,250.000,40,252.000,20,0,33,
123914251000,252.000,2,238.000,30,237.000,20,236.000,9,235.000,29,86.000,1,247.000,30,248.000,9,249.000,9,250.000,20,252.000,20,0,33,
123914251000,252.000,2,238.000,30,237.000,20,236.000,9,235.000,29,234.000,20,247.000,30,248.000,9,249.000,29,250.000,20,252.000,20,0,33,
123914368000,252.000,2,238.000,30,236.000,9,235.000,29,234.000,20,86.000,1,247.000,30,248.000,9,249.000,29,250.000,20,320.000,1,0,33,
123914368000,252.000,2,238.000,30,236.000,29,235.000,29,234.000,20,86.000,1,247.000,30,248.000,9,249.000,29,250.000,20,251.000,20,0,33,
123915063000,252.000,2,238.000,30,236.000,29,235.000,29,234.000,40,86.000,1,247.000,30,248.000,9,249.000,49,250.000,20,251.000,20,0,33,
123916552000,252.000,2,238.000,30,236.000,9,235.000,29,234.000,40,86.000,1,247.000,30,248.000,9,249.000,49,250.000,20,320.000,1,0,33,
123916552000,252.000,2,238.000,30,236.000,9,235.000,49,234.000,40,86.000,1,247.000,30,248.000,9,249.000,49,250.000,40,320.000,1,0,33,
123916622000,252.000,2,238.000,30,236.000,9,235.000,49,234.000,20,86.000,1,247.000,30,248.000,9,249.000,29,250.000,40,320.000,1,0,33,
123916622000,252.000,2,238.000,30,236.000,9,235.000,49,234.000,20,233.000,20,247.000,30,248.000,29,249.000,29,250.000,40,320.000,1,0,33,
123917303000,252.000,2,238.000,9,236.000,9,235.000,49,234.000,20,233.000,20,247.000,9,248.000,29,249.000,29,250.000,40,320.000,1,0,33,
123917303000,252.000,2,238.000,9,237.000,21,236.000,9,235.000,49,234.000,20,247.000,30,248.000,29,249.000,29,250.000,40,320.000,1,0,33,
123917303000,252.000,2,237.000,21,236.000,9,235.000,49,234.000,20,233.000,20,247.000,30,248.000,29,249.000,29,250.000,40,320.000,1,0,33,
123917303000,252.000,2,237.000,30,236.000,9,235.000,49,234.000,20,233.000,20,247.000,30,248.000,29,249.000,29,250.000,40,320.000,1,0,33,
123917403000,252.000,2,237.000,30,236.000,9,235.000,29,234.000,20,233.000,20,247.000,30,248.000,29,249.000,29,250.000,20,320.000,1,0,33,
123917403000,252.000,2,237.000,30,236.000,9,235.000,29,234.000,20,233.000,40,247.000,30,248.000,49,249.000,29,250.000,20,320.000,1,0,33,
123919641000,252.000,2,237.000,30,236.000,9,235.000,20,234.000,20,233.000,40,247.000,30,248.000,49,249.000,29,250.000,20,320.000,1,0,33,
123919691000,252.000,2,237.000,9,236.000,9,235.000,20,234.000,20,233.000,40,247.000,9,248.000,49,249.000,29,250.000,20,320.000,1,0,33,
123919691000,252.000,2,237.000,9,236.000,30,235.000,20,234.000,20,233.000,40,247.000,30,248.000,49,249.000,29,250.000,20,320.000,1,0,33,
123919692000,252.000,2,237.000,9,236.000,30,235.000,29,234.000,20,233.000,40,247.000,30,248.000,49,249.000,29,250.000,20,320.000,1,0,33,
123919692000,252.000,2,236.000,30,235.000,29,234.000,20,233.000,40,86.000,1,247.000,30,248.000,49,249.000,29,250.000,20,320.000,1,0,33,
123919692000,252.000,2,236.000,30,235.000,29,234.000,20,233.000,40,86.000,1,247.000,21,248.000,49,249.000,29,250.000,20,320.000,1,0,33,
123919750000,252.000,2,236.000,30,235.000,29,234.000,20,233.000,40,86.000,1,247.000,30,248.000,49,249.000,29,250.000,20,320.000,1,0,33,
123919766000,252.000,2,236.000,30,235.000,29,234.000,20,233.000,49,86.000,1,247.000,30,248.000,49,249.000,29,250.000,20,320.000,1,0,33,
123919860000,252.000,2,236.000,30,235.000,29,233.000,49,86.000,1,84.000,3,247.000,30,248.000,49,249.000,9,250.000,20,320.000,1,0,33,
123919868000,252.000,2,236.000,30,235.000,9,233.000,49,86.000,1,84.000,3,247.000,30,248.000,49,249.000,9,320.000,1,400.000,1,0,33,
123919868000,252.000,2,236.000,30,235.000,9,234.000,20,233.000,49,86.000,1,247.000,30,248.000,49,249.000,29,320.000,1,400.000,1,0,33,
123919962000,252.000,2,236.000,30,235.000,9,234.000,20,233.000,69,86.000,1,247.000,30,248.000,69,249.000,29,320.000,1,400.000,1,0,33,
123919997000,252.000,2,236.000,30,235.000,9,234.000,20,233.000,49,86.000,1,247.000,30,248.000,49,249.000,29,320.000,1,400.000,1,0,33,
123919997000,252.000,2,236.000,30,235.000,9,234.000,20,233.000,49,232.000,20,247.000,50,248.000,49,249.000,29,320.000,1,400.000,1,0,33,
123920861000,252.000,2,236.000,30,235.000,9,234.000,20,233.000,49,86.000,1,247.000,30,248.000,49,249.000,29,320.000,1,400.000,1,0,33,
123920861000,252.000,2,236.000,30,235.000,9,234.000,20,233.000,69,86.000,1,247.000,30,248.000,69,249.000,29,320.000,1,400.000,1,0,33,
123920986000,252.000,2,236.000,30,235.000,9,234.000,20,233.000,49,86.000,1,247.000,30,248.000,49,249.000,29,320.000,1,400.000,1,0,33,
123921360000,252.000,2,236.000,30,235.000,9,234.000,20,233.000,69,86.000,1,247.000,30,248.000,69,249.000,29,320.000,1,400.000,1,0,33,
123926689000,252.000,2,236.000,9,235.000,9,234.000,20,233.000,69,86.000,1,247.000,9,248.000,69,249.000,29,320.000,1,400.000,1,0,33,
123926690000,252.000,2,237.000,21,236.000,9,235.000,9,234.000,20,233.000,69,247.000,30,248.000,69,249.000,29,320.000,1,400.000,1,0,33,
123926690000,252.000,2,237.000,21,236.000,9,235.000,9,234.000,20,233.000,69,247.000,21,248.000,69,249.000,29,320.000,1,400.000,1,0,33,
123926690000,252.000,2,237.000,21,235.000,9,234.000,20,233.000,69,86.000,1,247.000,21,248.000,69,249.000,29,320.000,1,400.000,1,0,33,
123927356000,252.000,2,237.000,30,235.000,9,234.000,20,233.000,69,86.000,1,247.000,21,248.000,69,249.000,29,320.000,1,400.000,1,0,33,
123927356000,252.000,2,237.000,30,235.000,9,234.000,20,233.000,69,86.000,1,247.000,30,248.000,69,249.000,29,320.000,1,400.000,1,0,33,
123929851000,252.000,2,237.000,30,235.000,9,234.000,20,233.000,49,86.000,1,247.000,30,248.000,49,249.000,29,320.000,1,400.000,1,0,33,
123929987000,252.000,2,237.000,30,235.000,9,234.000,20,233.000,49,232.000,20,247.000,50,248.000,49,249.000,29,320.000,1,400.000,1,0,33,
123930208000,252.000,2,237.000,9,235.000,9,234.000,20,233.000,49,232.000,20,247.000,29,248.000,49,249.000,29,320.000,1,400.000,1,0,33,
123930208000,252.000,2,237.000,9,236.000,21,235.000,9,234.000,20,233.000,49,247.000,50,248.000,49,249.000,29,320.000,1,400.000,1,0,33,
123930209000,252.000,2,236.000,21,235.000,9,234.000,20,233.000,49,232.000,20,247.000,50,248.000,49,249.000,29,320.000,1,400.000,1,0,33,
123930209000,252.000,2,236.000,21,235.000,9,234.000,29,233.000,49,232.000,20,247.000,50,248.000,49,249.000,29,320.000,1,400.000,1,0,33,
123930209000,252.000,2,236.000,30,235.000,9,234.000,29,233.000,49,232.000,20,247.000,50,248.000,49,249.000,29,320.000,1,400.000,1,0,33,
123930506000,252.000,2,236.000,30,235.000,9,234.000,20,233.000,49,232.000,20,247.000,50,248.000,49,249.000,29,320.000,1,400.000,1,0,33,
123940000000,252.000,2,236.000,30,235.000,9,234.000,20,233.000,29,232.000,20,247.000,50,248.000,29,249.000,29,320.000,1,400.000,1,0,33,
123940026000,252.000,2,236.000,30,235.000,9,234.000,20,233.000,49,232.000,20,247.000,50,248.000,49,249.000,29,320.000,1,400.000,1,0,33,
123944304000,252.000,2,236.000,30,235.000,9,234.000,20,233.000,49,86.000,1,247.000,30,248.000,49,249.000,29,320.000,1,400.000,1,0,33,
123944304000,252.000,2,236.000,30,235.000,9,234.000,20,233.000,69,86.000,1,247.000,30,248.000,69,249.000,29,320.000,1,400.000,1,0,33,
123944369000,252.000,2,236.000,30,235.000,9,233.000,69,86.000,1,84.000,3,247.000,30,248.000,69,249.000,9,320.000,1,400.000,1,0,33,
123944369000,252.000,2,236.000,30,235.000,29,233.000,69,86.000,1,84.000,3,247.000,30,248.000,69,249.000,9,250.000,20,320.000,1,0,33,
123946678000,252.000,2,236.000,30,235.000,29,233.000,49,86.000,1,84.000,3,247.000,30,248.000,49,249.000,9,250.000,20,320.000,1,0,33,
123946678000,252.000,2,236.000,30,235.000,29,233.000,49,232.000,20,86.000,1,247.000,50,248.000,49,249.000,9,250.000,20,320.000,1,0,33,
123946743000,252.000,2,236.000,30,235.000,9,233.000,49,232.000,20,86.000,1,247.000,50,248.000,49,249.000,9,320.000,1,400.000,1,0,33,
123946743000,252.000,2,236.000,30,235.000,9,234.000,20,233.000,49,232.000,20,247.000,50,248.000,49,249.000,29,320.000,1,400.000,1,0,33,
123949652000,252.000,2,236.000,30,235.000,9,234.000,20,233.000,49,232.000,20,247.000,50,248.000,49,249.000,20,320.000,1,400.000,1,0,33,
123949653000,252.000,2,236.000,30,235.000,9,234.000,20,233.000,49,232.000,20,247.000,59,248.000,49,249.000,20,320.000,1,400.000,1,0,33,
123953026000,252.000,2,236.000,30,235.000,9,234.000,20,233.000,49,86.000,1,247.000,39,248.000,49,249.000,20,320.000,1,400.000,1,0,33,
123953026000,252.000,2,236.000,30,235.000,9,234.000,20,233.000,69,86.000,1,247.000,39,248.000,69,249.000,20,320.000,1,400.000,1,0,33,
123953277000,252.000,2,236.000,30,235.000,9,234.000,20,233.000,49,86.000,1,247.000,39,248.000,49,249.000,20,320.000,1,400.000,1,0,33,
123953525000,252.000,2,236.000,30,235.000,9,234.000,20,233.000,49,232.000,20,247.000,59,248.000,49,249.000,20,320.000,1,400.000,1,0,33,
123953860000,252.000,2,236.000,30,235.000,9,234.000,20,233.000,49,86.000,1,247.000,39,248.000,49,249.000,20,320.000,1,400.000,1,0,33,
123953869000,252.000,2,236.000,30,235.000,9,233.000,49,86.000,1,84.000,3,247.000,39,248.000,49,320.000,1,400.000,1,414.000,1,0,33,
123953869000,252.000,2,236.000,30,235.000,9,233.000,69,86.000,1,84.000,3,247.000,39,248.000,69,320.000,1,400.000,1,414.000,1,0,33,
123954148000,252.000,2,236.000,30,235.000,9,233.000,69,231.000,20,86.000,1,246.000,20,247.000,39,248.000,69,320.000,1,400.000,1,0,33,
123954148000,252.000,2,236.000,30,235.000,9,233.000,69,231.000,20,86.000,1,246.000,29,247.000,39,248.000,69,320.000,1,400.000,1,0,33,
123954319000,252.000,2,236.000,9,235.000,9,233.000,69,231.000,20,86.000,1,246.000,29,247.000,18,248.000,69,320.000,1,400.000,1,0,33,
123954319000,252.000,2,236.000,9,235.000,30,233.000,69,231.000,20,86.000,1,245.000,21,246.000,29,247.000,18,248.000,69,320.000,1,0,33,
123954319000,252.000,2,236.000,9,235.000,30,233.000,69,231.000,20,86.000,1,245.000,30,246.000,29,247.000,18,248.000,69,320.000,1,0,33,
123954319000,252.000,2,235.000,30,233.000,69,231.000,20,86.000,1,84.000,3,245.000,30,246.000,29,247.000,18,248.000,69,320.000,1,0,33,
123954506000,252.000,2,235.000,30,233.000,69,231.000,20,86.000,1,84.000,3,245.000,30,246.000,29,247.000,9,248.000,69,320.000,1,0,33,
123954506000,252.000,2,235.000,30,233.000,69,231.000,20,86.000,1,84.000,3,245.000,30,246.000,29,247.000,9,248.000,60,320.000,1,0,33,
123955368000,252.000,2,235.000,30,233.000,49,231.000,20,86.000,1,84.000,3,245.000,30,246.000,29,247.000,9,248.000,40,320.000,1,0,33,
123955368000,252.000,2,235.000,30,234.000,20,233.000,49,231.000,20,86.000,1,245.000,30,246.000,29,247.000,9,248.000,40,249.000,20,0,33,
123955426000,252.000,2,235.000,30,234.000,20,233.000,49,86.000,1,84.000,3,245.000,30,246.000,9,247.000,9,248.000,40,249.000,20,0,33,
123955426000,252.000,2,235.000,30,234.000,20,233.000,49,232.000,20,86.000,1,245.000,30,246.000,9,247.000,29,248.000,40,249.000,20,0,33,
123955707000,252.000,2,235.000,9,234.000,20,233.000,49,232.000,20,86.000,1,245.000,9,246.000,9,247.000,29,248.000,40,249.000,20,0,33,
123955707000,252.000,2,236.000,21,235.000,9,234.000,20,233.000,49,232.000,20,245.000,30,246.000,9,247.000,29,248.000,40,249.000,20,0,33,
123955707000,252.000,2,236.000,21,235.000,9,234.000,20,233.000,49,232.000,20,245.000,30,246.000,9,247.000,38,248.000,40,249.000,20,0,33,
123955707000,252.000,2,236.000,21,235.000,9,234.000,29,233.000,49,232.000,20,245.000,30,246.000,9,247.000,38,248.000,40,249.000,20,0,33,
123955707000,252.000,2,236.000,21,234.000,29,233.000,49,232.000,20,86.000,1,245.000,30,246.000,9,247.000,38,248.000,40,249.000,20,0,33,
123955707000,252.000,2,236.000,21,234.000,29,233.000,49,232.000,20,86.000,1,245.000,21,246.000,9,247.000,38,248.000,40,249.000,20,0,33,
123955707000,252.000,2,236.000,30,234.000,29,233.000,49,232.000,20,86.000,1,245.000,21,246.000,9,247.000,38,248.000,40,249.000,20,0,33,
123955955000,252.000,2,236.000,30,234.000,29,233.000,49,232.000,20,86.000,1,245.000,30,246.000,9,247.000,38,248.000,40,249.000,20,0,33,
123956006000,252.000,2,236.000,30,234.000,29,233.000,49,232.000,20,86.000,1,245.000,30,246.000,9,247.000,29,248.000,40,249.000,20,0,33,
123958493000,252.000,2,236.000,30,234.000,9,233.000,49,232.000,20,86.000,1,245.000,30,246.000,9,247.000,29,248.000,40,320.000,1,0,33,
123958493000,252.000,2,236.000,30,234.000,9,233.000,69,232.000,20,86.000,1,245.000,30,246.000,9,247.000,29,248.000,60,320.000,1,0,33,
123958499000,252.000,2,236.000,30,234.000,9,233.000,69,86.000,1,84.000,3,245.000,30,246.000,9,247.000,9,248.000,60,320.000,1,0,33,
123958499000,252.000,2,236.000,30,234.000,9,233.000,69,231.000,20,86.000,1,245.000,30,246.000,29,247.000,9,248.000,60,320.000,1,0,33,
123958811000,252.000,2,236.000,9,234.000,9,233.000,69,231.000,20,86.000,1,245.000,9,246.000,29,247.000,9,248.000,60,320.000,1,0,33,
123958811000,252.000,2,236.000,9,235.000,21,234.000,9,233.000,69,231.000,20,245.000,30,246.000,29,247.000,9,248.000,60,320.000,1,0,33,
123958811000,252.000,2,236.000,9,235.000,21,234.000,9,233.000,69,231.000,20,245.000,21,246.000,29,247.000,9,248.000,60,320.000,1,0,33,
123958811000,252.000,2,236.000,9,235.000,21,234.000,9,233.000,78,231.000,20,245.000,21,246.000,29,247.000,9,248.000,60,320.000,1,0,33,
123958811000,252.000,2,236.000,9,235.000,30,234.000,9,233.000,78,231.000,20,245.000,21,246.000,29,247.000,9,248.000,60,320.000,1,0,33,
123958811000,252.000,2,235.000,30,234.000,9,233.000,78,231.000,20,86.000,1,245.000,21,246.000,29,247.000,9,248.000,60,320.000,1,0,33,
123958811000,252.000,2,235.000,30,234.000,9,233.000,78,231.000,20,86.000,1,245.000,30,246.000,29,247.000,9,248.000,60,320.000,1,0,33,
123959007000,252.000,2,235.000,30,234.000,9,233.000,69,231.000,20,86.000,1,245.000,30,246.000,29,247.000,9,248.000,60,320.000,1,0,33,
124000100000,252.000,2,235.000,30,234.000,9,233.000,49,231.000,20,86.000,1,245.000,30,246.000,29,247.000,9,248.000,40,320.000,1,0,33,
124000743000,252.000,2,235.000,30,234.000,9,233.000,49,232.000,20,231.000,20,245.000,30,246.000,29,247.000,29,248.000,40,320.000,1,0,33,
124001743000,252.000,2,235.000,30,234.000,9,233.000,29,232.000,20,231.000,20,245.000,30,246.000,29,247.000,29,248.000,20,320.000,1,0,33,
124001743000,252.000,2,235.000,30,234.000,9,233.000,29,232.000,40,231.000,20,245.000,30,246.000,29,247.000,49,248.000,20,320.000,1,0,33,
124001852000,252.000,2,235.000,30,234.000,9,233.000,29,232.000,40,86.000,1,245.000,30,246.000,9,247.000,49,248.000,20,320.000,1,0,33,
124001852000,252.000,2,235.000,30,234.000,9,233.000,29,232.000,40,230.000,20,245.000,50,246.000,9,247.000,49,248.000,20,320.000,1,0,33,
124002205000,252.000,2,235.000,30,234.000,9,233.000,9,232.000,40,230.000,20,245.000,50,246.000,9,247.000,49,320.000,1,400.000,1,0,33,
124002222000,252.000,2,235.000,9,234.000,9,233.000,9,232.000,40,230.000,20,245.000,29,246.000,9,247.000,49,320.000,1,400.000,1,0,33,
124002222000,252.000,2,235.000,9,234.000,30,233.000,9,232.000,40,230.000,20,245.000,50,246.000,9,247.000,49,320.000,1,400.000,1,0,33,
124002222000,252.000,2,234.000,30,233.000,9,232.000,40,230.000,20,86.000,1,245.000,50,246.000,9,247.000,49,320.000,1,400.000,1,0,33,
124002222000,252.000,2,234.000,30,233.000,18,232.000,40,230.000,20,86.000,1,245.000,50,246.000,9,247.000,49,320.000,1,400.000,1,0,33,
124002286000,252.000,2,234.000,30,233.000,9,232.000,40,230.000,20,86.000,1,245.000,50,246.000,9,247.000,49,320.000,1,400.000,1,0,33,
124002286000,252.000,2,234.000,30,233.000,9,232.000,40,231.000,9,230.000,20,245.000,50,246.000,9,247.000,49,320.000,1,400.000,1,0,33,
124002448000,252.000,2,234.000,30,233.000,9,232.000,40,231.000,29,230.000,20,245.000,50,246.000,29,247.000,49,320.000,1,400.000,1,0,33,
124003001000,252.000,2,234.000,30,233.000,9,232.000,40,231.000,29,86.000,1,245.000,30,246.000,29,247.000,49,320.000,1,400.000,1,0,33,
124003001000,252.000,2,234.000,30,233.000,9,232.000,40,231.000,49,86.000,1,245.000,30,246.000,49,247.000,49,320.000,1,400.000,1,0,33,
124003223000,252.000,2,234.000,9,233.000,9,232.000,40,231.000,49,86.000,1,245.000,9,246.000,49,247.000,49,320.000,1,400.000,1,0,33,
124003223000,252.000,2,235.000,21,234.000,9,233.000,9,232.000,40,231.000,49,245.000,30,246.000,49,247.000,49,320.000,1,400.000,1,0,33,
124003223000,252.000,2,235.000,21,233.000,9,232.000,40,231.000,49,86.000,1,245.000,30,246.000,49,247.000,49,320.000,1,400.000,1,0,33,
124003223000,252.000,2,235.000,21,233.000,9,232.000,49,231.000,49,86.000,1,245.000,30,246.000,49,247.000,49,320.000,1,400.000,1,0,33,
124003223000,252.000,2,235.000,21,233.000,9,232.000,49,231.000,49,86.000,1,245.000,21,246.000,49,247.000,49,320.000,1,400.000,1,0,33,
124003223000,252.000,2,235.000,30,233.000,9,232.000,49,231.000,49,86.000,1,245.000,21,246.000,49,247.000,49,320.000,1,400.000,1,0,33,
124003223000,252.000,2,235.000,30,233.000,9,232.000,49,231.000,49,86.000,1,245.000,30,246.000,49,247.000,49,320.000,1,400.000,1,0,33,
124003506000,252.000,2,235.000,30,233.000,9,232.000,40,231.000,49,86.000,1,245.000,30,246.000,49,247.000,49,320.000,1,400.000,1,0,33,
124004250000,252.000,2,235.000,30,233.000,9,232.000,40,231.000,29,86.000,1,245.000,30,246.000,29,247.000,49,320.000,1,400.000,1,0,33,
124004250000,252.000,2,235.000,30,233.000,9,232.000,40,231.000,29,230.000,20,245.000,50,246.000,29,247.000,49,320.000,1,400.000,1,0,33,
124005100000,252.000,2,235.000,30,233.000,9,232.000,40,231.000,29,86.000,1,245.000,30,246.000,29,247.000,49,320.000,1,400.000,1,0,33,
124005100000,252.000,2,235.000,30,233.000,9,232.000,40,231.000,49,86.000,1,245.000,30,246.000,49,247.000,49,320.000,1,400.000,1,0,33,
124006244000,252.000,2,235.000,30,233.000,9,232.000,20,231.000,49,86.000,1,245.000,30,246.000,49,247.000,29,320.000,1,400.000,1,0,33,
124006244000,252.000,2,235.000,30,233.000,29,232.000,20,231.000,49,86.000,1,245.000,30,246.000,49,247.000,29,248.000,20,320.000,1,0,33,
124015508000,252.000,2,235.000,30,233.000,29,232.000,20,231.000,29,86.000,1,245.000,30,246.000,29,247.000,29,248.000,20,320.000,1,0,33,
124016121000,252.000,2,235.000,30,233.000,29,232.000,40,231.000,29,86.000,1,245.000,30,246.000,29,247.000,49,248.000,20,320.000,1,0,33,
124017122000,252.000,2,235.000,30,233.000,29,232.000,20,231.000,29,86.000,1,245.000,30,246.000,29,247.000,29,248.000,20,320.000,1,0,33,
124017122000,252.000,2,235.000,30,233.000,29,232.000,20,231.000,49,86.000,1,245.000,30,246.000,49,247.000,29,248.000,20,320.000,1,0,33,
124017494000,252.000,2,235.000,30,233.000,9,232.000,20,231.000,49,86.000,1,245.000,30,246.000,49,247.000,29,320.000,1,400.000,1,0,33,
124017494000,252.000,2,235.000,30,234.000,20,233.000,9,232.000,20,231.000,49,245.000,30,246.000,49,247.000,29,249.000,20,320.000,1,0,33,
124017495000,252.000,2,235.000,30,234.000,20,233.000,9,232.000,20,231.000,29,245.000,30,246.000,29,247.000,29,249.000,20,320.000,1,0,33,
124017620000,252.000,2,235.000,30,234.000,20,233.000,9,232.000,40,231.000,29,245.000,30,246.000,29,247.000,49,249.000,20,320.000,1,0,33,
124017719000,252.000,2,235.000,30,234.000,20,233.000,9,232.000,40,231.000,9,245.000,30,246.000,9,247.000,49,249.000,20,320.000,1,0,33,
124017744000,252.000,2,235.000,30,233.000,9,232.000,40,231.000,9,86.000,1,245.000,30,246.000,9,247.000,49,320.000,1,400.000,1,0,33,
124017744000,252.000,2,235.000,50,233.000,9,232.000,40,231.000,9,86.000,1,245.000,30,246.000,9,247.000,49,250.000,20,320.000,1,0,33,
124017793000,252.000,2,235.000,50,233.000,9,232.000,20,231.000,9,86.000,1,245.000,30,246.000,9,247.000,29,250.000,20,320.000,1,0,33,
124018007000,252.000,2,235.000,50,233.000,29,232.000,20,231.000,9,86.000,1,245.000,30,246.000,9,247.000,29,248.000,20,250.000,20,0,33,
124018333000,252.000,2,235.000,50,233.000,29,232.000,20,86.000,1,84.000,3,245.000,30,246.000,9,247.000,29,248.000,20,250.000,20,0,33,
124018334000,252.000,2,235.000,50,233.000,38,232.000,20,86.000,1,84.000,3,245.000,30,246.000,9,247.000,29,248.000,20,250.000,20,0,33,
124018335000,252.000,2,235.000,50,233.000,38,86.000,1,84.000,3,39.000,20,245.000,30,246.000,9,247.000,9,248.000,20,250.000,20,0,33,
124018335000,252.000,2,235.000,50,233.000,58,86.000,1,84.000,3,39.000,20,245.000,30,246.000,9,247.000,9,248.000,40,250.000,20,0,33,
124018535000,252.000,2,235.000,50,234.000,20,233.000,58,86.000,1,84.000,3,245.000,30,246.000,9,247.000,9,248.000,40,249.000,20,0,33,
124019619000,252.000,2,235.000,30,234.000,20,233.000,58,86.000,1,84.000,3,245.000,30,246.000,9,247.000,9,248.000,40,249.000,20,0,33,
124019619000,252.000,2,236.000,20,235.000,30,234.000,20,233.000,58,86.000,1,245.000,30,246.000,9,247.000,9,248.000,40,249.000,20,0,33,
124019619000,252.000,2,236.000,29,235.000,30,234.000,20,233.000,58,86.000,1,245.000,30,246.000,9,247.000,9,248.000,40,249.000,20,0,33,
124019689000,252.000,2,236.000,29,235.000,30,234.000,20,233.000,58,86.000,1,245.000,30,246.000,9,248.000,40,249.000,20,251.000,20,0,33,
124019739000,252.000,2,236.000,29,235.000,30,234.000,20,233.000,38,86.000,1,245.000,30,246.000,9,248.000,20,249.000,20,251.000,20,0,33,
124019739000,252.000,2,236.000,29,235.000,30,234.000,40,233.000,38,86.000,1,245.000,30,246.000,9,248.000,20,249.000,40,251.000,20,0,33,
124019744000,252.000,2,236.000,9,235.000,30,234.000,40,233.000,38,86.000,1,245.000,30,246.000,9,248.000,20,249.000,40,320.000,1,0,33,
124019744000,252.000,2,237.000,20,236.000,9,235.000,30,234.000,40,233.000,38,245.000,30,246.000,9,248.000,20,249.000,40,252.000,20,0,33,
124019744000,252.000,2,237.000,20,235.000,30,234.000,40,233.000,38,86.000,1,245.000,30,246.000,9,248.000,20,249.000,40,252.000,20,0,33,
124019744000,252.000,2,237.000,29,235.000,30,234.000,40,233.000,38,86.000,1,245.000,30,246.000,9,248.000,20,249.000,40,252.000,20,0,33,
124019754000,252.000,2,237.000,29,235.000,30,234.000,20,233.000,38,86.000,1,245.000,30,246.000,9,248.000,20,249.000,20,252.000,20,0,33,
124019814000,252.000,2,237.000,29,235.000,30,234.000,20,233.000,38,86.000,1,245.000,30,246.000,9,248.000,20,249.000,29,252.000,20,0,33,
124019878000,252.000,2,237.000,29,235.000,30,234.000,20,233.000,18,86.000,1,245.000,30,246.000,9,249.000,29,252.000,20,320.000,1,0,33,
124020006000,252.000,2,237.000,29,235.000,50,234.000,20,233.000,18,86.000,1,245.000,30,246.000,9,249.000,29,250.000,20,252.000,20,0,33,
124020006000,252.000,2,237.000,29,235.000,50,234.000,20,233.000,9,86.000,1,245.000,30,246.000,9,249.000,29,250.000,20,252.000,20,0,33,
124020703000,252.000,2,237.000,29,235.000,29,234.000,20,233.000,9,86.000,1,245.000,9,246.000,9,249.000,29,250.000,20,252.000,20,0,33,
124020703000,252.000,2,238.000,21,237.000,29,235.000,29,234.000,20,233.000,9,245.000,9,246.000,30,249.000,29,250.000,20,252.000,20,0,33,
124020704000,252.000,2,238.000,21,237.000,29,235.000,29,234.000,20,233.000,9,246.000,30,249.000,29,250.000,20,252.000,20,320.000,1,0,33,
124020704000,252.000,2,238.000,21,237.000,29,235.000,29,234.000,20,233.000,9,246.000,30,249.000,38,250.000,20,252.000,20,320.000,1,0,33,
124020704000,252.000,2,238.000,30,237.000,29,235.000,29,234.000,20,233.000,9,246.000,30,249.000,38,250.000,20,252.000,20,320.000,1,0,33,
124021007000,252.000,2,238.000,30,237.000,29,235.000,20,234.000,20,233.000,9,246.000,30,249.000,38,250.000,20,252.000,20,320.000,1,0,33,
124021704000,252.000,2,238.000,30,237.000,29,235.000,40,234.000,20,233.000,9,246.000,30,249.000,38,250.000,40,252.000,20,320.000,1,0,33,
124022521000,252.000,2,238.000,30,237.000,29,235.000,20,234.000,20,233.000,9,246.000,30,249.000,38,250.000,20,252.000,20,320.000,1,0,33,
124022761000,252.000,2,238.000,30,237.000,29,235.000,20,234.000,40,233.000,9,246.000,30,249.000,58,250.000,20,252.000,20,320.000,1,0,33,
124023862000,252.000,2,238.000,30,237.000,29,235.000,20,234.000,40,86.000,1,246.000,30,249.000,58,250.000,20,252.000,20,320.000,1,0,33,
124023862000,252.000,2,238.000,30,237.000,29,235.000,29,234.000,40,86.000,1,246.000,30,249.000,58,250.000,20,252.000,20,320.000,1,0,33,
124024682000,252.000,2,238.000,30,237.000,29,235.000,29,234.000,20,86.000,1,246.000,30,249.000,38,250.000,20,252.000,20,320.000,1,0,33,
124024682000,252.000,2,238.000,30,237.000,29,235.000,29,234.000,20,233.000,20,246.000,30,248.000,20,249.000,38,250.000,20,252.000,20,0,33,
124024745000,252.000,2,238.000,30,237.000,9,235.000,29,234.000,20,233.000,20,246.000,30,248.000,20,249.000,38,250.000,20,320.000,1,0,33,
124024745000,252.000,2,238.000,30,237.000,9,236.000,20,235.000,29,234.000,20,246.000,30,248.000,20,249.000,38,250.000,20,251.000,20,0,33,
124024788000,252.000,2,238.000,30,237.000,9,236.000,20,235.000,29,234.000,20,246.000,30,249.000,38,250.000,20,251.000,20,320.000,1,0,33,
124024868000,252.000,2,238.000,30,237.000,9,235.000,29,234.000,20,86.000,1,246.000,30,249.000,38,250.000,20,320.000,1,400.000,1,0,33,
124024868000,252.000,2,238.000,30,237.000,29,235.000,29,234.000,20,86.000,1,246.000,30,249.000,38,250.000,20,252.000,20,320.000,1,0,33,
124025262000,252.000,2,238.000,30,237.000,29,235.000,29,234.000,40,86.000,1,246.000,30,249.000,58,250.000,20,252.000,20,320.000,1,0,33,
124025442000,252.000,2,238.000,30,237.000,29,235.000,29,234.000,20,86.000,1,246.000,30,249.000,38,250.000,20,252.000,20,320.000,1,0,33,
124025873000,252.000,2,238.000,30,237.000,29,235.000,29,234.000,40,86.000,1,246.000,30,249.000,58,250.000,20,252.000,20,320.000,1,0,33,
124027118000,252.000,2,238.000,30,237.000,9,235.000,29,234.000,40,86.000,1,246.000,30,249.000,58,250.000,20,320.000,1,400.000,1,0,33,
124027118000,252.000,2,238.000,50,237.000,9,235.000,29,234.000,40,86.000,1,246.000,30,249.000,58,250.000,20,253.000,20,320.000,1,0,33,
124027996000,252.000,2,238.000,50,237.000,9,235.000,29,234.000,20,86.000,1,246.000,30,249.000,38,250.000,20,253.000,20,320.000,1,0,33,
124027996000,252.000,2,238.000,50,237.000,9,235.000,49,234.000,20,86.000,1,246.000,30,249.000,38,250.000,40,253.000,20,320.000,1,0,33,
124028121000,252.000,2,238.000,50,237.000,9,235.000,29,234.000,20,86.000,1,246.000,30,249.000,38,250.000,20,253.000,20,320.000,1,0,33,
124028496000,252.000,2,238.000,50,237.000,9,235.000,29,234.000,40,86.000,1,246.000,30,249.000,58,250.000,20,253.000,20,320.000,1,0,33,
124028862000,252.000,2,238.000,50,237.000,9,235.000,29,234.000,20,86.000,1,246.000,30,249.000,38,250.000,20,253.000,20,320.000,1,0,33,
124029113000,252.000,2,238.000,50,237.000,9,235.000,29,234.000,40,86.000,1,246.000,30,249.000,58,250.000,20,253.000,20,320.000,1,0,33,
124029243000,252.000,2,238.000,30,237.000,9,235.000,29,234.000,40,86.000,1,246.000,30,249.000,58,250.000,20,320.000,1,400.000,1,0,33,
124029243000,252.000,2,238.000,30,237.000,29,235.000,29,234.000,40,86.000,1,246.000,30,249.000,58,250.000,20,252.000,20,320.000,1,0,33,
124030493000,252.000,2,238.000,30,237.000,9,235.000,29,234.000,40,86.000,1,246.000,30,249.000,58,250.000,20,320.000,1,400.000,1,0,33,
124030493000,252.000,2,238.000,30,237.000,9,236.000,20,235.000,29,234.000,40,246.000,30,249.000,58,250.000,20,251.000,20,320.000,1,0,33,
124030495000,252.000,2,238.000,30,237.000,9,236.000,20,235.000,29,234.000,20,246.000,30,249.000,38,250.000,20,251.000,20,320.000,1,0,33,
124030612000,252.000,2,238.000,30,237.000,9,236.000,20,235.000,29,234.000,40,246.000,30,249.000,58,250.000,20,251.000,20,320.000,1,0,33,
124030618000,252.000,2,238.000,30,237.000,9,235.000,29,234.000,40,86.000,1,246.000,30,249.000,58,250.000,20,320.000,1,400.000,1,0,33,
124030618000,252.000,2,238.000,30,237.000,29,235.000,29,234.000,40,86.000,1,246.000,30,249.000,58,250.000,20,252.000,20,320.000,1,0,33,
124034695000,252.000,2,238.000,30,237.000,29,235.000,29,234.000,20,86.000,1,246.000,30,249.000,38,250.000,20,252.000,20,320.000,1,0,33,
124034695000,252.000,2,238.000,30,237.000,29,235.000,29,234.000,20,233.000,20,246.000,30,248.000,20,249.000,38,250.000,20,252.000,20,0,33,
124034743000,252.000,2,238.000,30,237.000,9,235.000,29,234.000,20,233.000,20,246.000,30,248.000,20,249.000,38,250.000,20,320.000,1,0,33,
124034743000,252.000,2,238.000,30,237.000,9,236.000,20,235.000,29,234.000,20,246.000,30,248.000,20,249.000,38,250.000,20,251.000,20,0,33,
124037017000,252.000,2,238.000,9,237.000,9,236.000,20,235.000,29,234.000,20,246.000,9,248.000,20,249.000,38,250.000,20,251.000,20,0,33,
124037017000,252.000,2,238.000,9,237.000,30,236.000,20,235.000,29,234.000,20,245.000,21,246.000,9,248.000,20,249.000,38,250.000,20,0,33,
124037021000,252.000,2,238.000,9,237.000,30,236.000,20,235.000,29,234.000,20,245.000,21,246.000,9,248.000,29,249.000,38,250.000,20,0,33,
124037021000,252.000,2,238.000,9,237.000,30,236.000,29,235.000,29,234.000,20,245.000,21,246.000,9,248.000,29,249.000,38,250.000,20,0,33,
124037021000,252.000,2,238.000,9,237.000,30,236.000,29,235.000,29,234.000,20,245.000,21,248.000,29,249.000,38,250.000,20,251.000,20,0,33,
124037021000,252.000,2,238.000,9,237.000,30,236.000,29,235.000,29,234.000,20,245.000,30,248.000,29,249.000,38,250.000,20,251.000,20,0,33,
124037021000,252.000,2,237.000,30,236.000,29,235.000,29,234.000,20,233.000,20,245.000,30,248.000,29,249.000,38,250.000,20,251.000,20,0,33,
124037246000,252.000,2,237.000,30,236.000,29,235.000,29,233.000,20,86.000,1,245.000,30,248.000,29,249.000,18,250.000,20,251.000,20,0,33,
124037350000,252.000,2,237.000,30,236.000,29,235.000,29,234.000,20,233.000,20,245.000,30,248.000,29,249.000,38,250.000,20,251.000,20,0,33,
124037507000,252.000,2,237.000,30,236.000,29,235.000,29,234.000,20,233.000,20,245.000,30,248.000,29,249.000,29,250.000,20,251.000,20,0,33,
124044751000,252.000,2,237.000,30,236.000,29,235.000,29,234.000,20,86.000,1,245.000,30,248.000,9,249.000,29,250.000,20,251.000,20,0,33,
124044751000,252.000,2,237.000,30,236.000,29,235.000,29,234.000,40,86.000,1,245.000,30,248.000,9,249.000,49,250.000,20,251.000,20,0,33,
124045118000,252.000,2,237.000,30,236.000,9,235.000,29,234.000,40,86.000,1,245.000,30,248.000,9,249.000,49,250.000,20,320.000,1,0,33,
124045118000,252.000,2,237.000,50,236.000,9,235.000,29,234.000,40,86.000,1,245.000,30,248.000,9,249.000,49,250.000,20,252.000,20,0,33,
124045241000,252.000,2,237.000,29,236.000,9,235.000,29,234.000,40,86.000,1,245.000,9,248.000,9,249.000,49,250.000,20,252.000,20,0,33,
124045241000,252.000,2,238.000,21,237.000,29,236.000,9,235.000,29,234.000,40,245.000,9,246.000,21,248.000,9,249.000,49,250.000,20,0,33,
124045241000,252.000,2,238.000,21,237.000,29,236.000,9,235.000,29,234.000,40,245.000,9,246.000,21,248.000,9,249.000,58,250.000,20,0,33,
124045241000,252.000,2,238.000,30,237.000,29,236.000,9,235.000,29,234.000,40,245.000,9,246.000,21,248.000,9,249.000,58,250.000,20,0,33,
124045241000,252.000,2,238.000,30,237.000,29,236.000,9,235.000,29,234.000,40,246.000,21,248.000,9,249.000,58,250.000,20,252.000,20,0,33,
124045241000,252.000,2,238.000,30,237.000,29,236.000,9,235.000,29,234.000,40,246.000,30,248.000,9,249.000,58,250.000,20,252.000,20,0,33,
124045506000,252.000,2,238.000,30,237.000,29,235.000,29,234.000,40,86.000,1,246.000,30,248.000,9,249.000,58,250.000,20,252.000,20,0,33,
124045506000,252.000,2,238.000,30,237.000,29,235.000,29,234.000,40,86.000,1,246.000,30,248.000,9,249.000,49,250.000,20,252.000,20,0,33,
124045588000,252.000,2,238.000,30,237.000,29,235.000,29,234.000,20,86.000,1,246.000,30,248.000,9,249.000,29,250.000,20,252.000,20,0,33,
124045751000,252.000,2,238.000,30,237.000,29,235.000,29,234.000,20,233.000,20,246.000,30,248.000,29,249.000,29,250.000,20,252.000,20,0,33,
124050137000,252.000,2,238.000,30,237.000,29,235.000,29,234.000,20,86.000,1,246.000,30,248.000,9,249.000,29,250.000,20,252.000,20,0,33,
124050137000,252.000,2,238.000,30,237.000,29,235.000,29,234.000,40,86.000,1,246.000,30,248.000,9,249.000,49,250.000,20,252.000,20,0,33,
124050424000,252.000,2,238.000,30,237.000,29,235.000,29,234.000,20,86.000,1,246.000,30,248.000,9,249.000,29,250.000,20,252.000,20,0,33,
124051615000,252.000,2,238.000,30,237.000,29,235.000,29,86.000,1,84.000,3,246.000,30,248.000,9,249.000,9,250.000,20,252.000,20,0,33,
124051615000,252.000,2,238.000,30,237.000,29,235.000,29,233.000,20,86.000,1,246.000,30,248.000,29,249.000,9,250.000,20,252.000,20,0,33,
124051731000,252.000,2,238.000,30,237.000,29,235.000,29,86.000,1,84.000,3,246.000,30,248.000,9,249.000,9,250.000,20,252.000,20,0,33,
124052117000,252.000,2,238.000,30,237.000,29,235.000,29,233.000,20,86.000,1,246.000,30,248.000,29,249.000,9,250.000,20,252.000,20,0,33,
124053830000,252.000,2,238.000,30,237.000,29,235.000,29,234.000,20,233.000,20,246.000,30,248.000,29,249.000,29,250.000,20,252.000,20,0,33,
124054523000,252.000,2,238.000,30,237.000,29,235.000,29,234.000,20,86.000,1,246.000,30,248.000,9,249.000,29,250.000,20,252.000,20,0,33,
124054523000,252.000,2,238.000,30,237.000,29,235.000,29,234.000,40,86.000,1,246.000,30,248.000,9,249.000,49,250.000,20,252.000,20,0,33,
124056744000,252.000,2,238.000,30,237.000,29,235.000,29,234.000,20,86.000,1,246.000,30,248.000,9,249.000,29,250.000,20,252.000,20,0,33,
124056744000,252.000,2,238.000,30,237.000,29,235.000,29,234.000,20,233.000,20,246.000,30,248.000,29,249.000,29,250.000,20,252.000,20,0,33,
124057493000,252.000,2,238.000,30,237.000,9,235.000,29,234.000,20,233.000,20,246.000,30,248.000,29,249.000,29,250.000,20,320.000,1,0,33,
124057493000,252.000,2,238.000,30,237.000,9,236.000,20,235.000,29,234.000,20,246.000,30,248.000,29,249.000,29,250.000,20,251.000,20,0,33,
124058167000,252.000,2,238.000,30,237.000,9,236.000,20,235.000,29,233.000,20,246.000,30,248.000,29,249.000,9,250.000,20,251.000,20,0,33,
124059025000,252.000,2,238.000,30,237.000,9,236.000,20,235.000,29,234.000,20,246.000,30,248.000,29,249.000,29,250.000,20,251.000,20,0,33,
124101617000,252.000,2,238.000,30,237.000,9,235.000,29,234.000,20,233.000,20,246.000,30,248.000,29,249.000,29,250.000,20,320.000,1,0,33,
124101618000,252.000,2,238.000,30,237.000,9,235.000,49,234.000,20,233.000,20,246.000,30,248.000,29,249.000,29,250.000,40,320.000,1,0,33,
124101631000,252.000,2,238.000,30,237.000,9,235.000,49,234.000,20,86.000,1,246.000,30,248.000,9,249.000,29,250.000,40,320.000,1,0,33,
124101631000,252.000,2,238.000,30,237.000,9,235.000,49,234.000,20,232.000,20,246.000,30,247.000,20,248.000,9,249.000,29,250.000,40,0,33,
124101749000,252.000,2,238.000,9,237.000,9,235.000,49,234.000,20,232.000,20,246.000,9,247.000,20,248.000,9,249.000,29,250.000,40,0,33,
124101749000,252.000,2,238.000,9,237.000,30,235.000,49,234.000,20,232.000,20,246.000,30,247.000,20,248.000,9,249.000,29,250.000,40,0,33,
124101749000,252.000,2,238.000,9,237.000,30,235.000,49,234.000,20,232.000,20,246.000,30,247.000,29,248.000,9,249.000,29,250.000,40,0,33,
124101749000,252.000,2,238.000,9,237.000,30,235.000,58,234.000,20,232.000,20,246.000,30,247.000,29,248.000,9,249.000,29,250.000,40,0,33,
124101749000,252.000,2,237.000,30,235.000,58,234.000,20,232.000,20,86.000,1,246.000,30,247.000,29,248.000,9,249.000,29,250.000,40,0,33,
124101749000,252.000,2,237.000,30,235.000,58,234.000,20,232.000,20,86.000,1,246.000,21,247.000,29,248.000,9,249.000,29,250.000,40,0,33,
124101749000,252.000,2,237.000,30,235.000,58,234.000,20,232.000,20,86.000,1,246.000,30,247.000,29,248.000,9,249.000,29,250.000,40,0,33,
124102006000,252.000,2,237.000,30,235.000,58,234.000,20,232.000,20,86.000,1,246.000,30,247.000,29,249.000,29,250.000,40,320.000,1,0,33,
124102597000,252.000,2,237.000,30,235.000,58,234.000,20,86.000,1,84.000,3,246.000,30,247.000,9,249.000,29,250.000,40,320.000,1,0,33,
124102597000,252.000,2,237.000,30,235.000,58,234.000,20,233.000,20,86.000,1,246.000,30,247.000,9,248.000,20,249.000,29,250.000,40,0,33,
124103473000,252.000,2,237.000,30,235.000,58,234.000,20,86.000,1,84.000,3,246.000,30,247.000,9,249.000,29,250.000,40,320.000,1,0,33,
124103473000,252.000,2,237.000,30,235.000,58,234.000,20,232.000,20,86.000,1,246.000,30,247.000,29,249.000,29,250.000,40,320.000,1,0,33,
124103517000,252.000,2,237.000,30,235.000,58,232.000,20,86.000,1,84.000,3,246.000,30,247.000,29,249.000,9,250.000,40,320.000,1,0,33,
124104120000,252.000,2,237.000,30,235.000,38,232.000,20,86.000,1,84.000,3,246.000,30,247.000,29,249.000,9,250.000,20,320.000,1,0,33,
124104121000,252.000,2,237.000,30,235.000,29,232.000,20,86.000,1,84.000,3,246.000,30,247.000,29,249.000,9,250.000,20,320.000,1,0,33,
124104199000,252.000,2,237.000,30,235.000,9,232.000,20,86.000,1,84.000,3,246.000,30,247.000,29,249.000,9,320.000,1,400.000,1,0,33,
124104199000,252.000,2,237.000,30,235.000,9,234.000,20,232.000,20,86.000,1,246.000,30,247.000,29,249.000,29,320.000,1,400.000,1,0,33,
124104241000,252.000,2,237.000,30,235.000,9,234.000,20,233.000,9,232.000,20,246.000,30,247.000,29,249.000,29,320.000,1,400.000,1,0,33,
124104249000,252.000,2,237.000,9,235.000,9,234.000,20,233.000,9,232.000,20,246.000,9,247.000,29,249.000,29,320.000,1,400.000,1,0,33,
124104249000,252.000,2,237.000,9,236.000,21,235.000,9,234.000,20,233.000,9,246.000,30,247.000,29,249.000,29,320.000,1,400.000,1,0,33,
124104249000,252.000,2,236.000,21,235.000,9,234.000,20,233.000,9,232.000,20,246.000,30,247.000,29,249.000,29,320.000,1,400.000,1,0,33,
124104249000,252.000,2,236.000,30,235.000,9,234.000,20,233.000,9,232.000,20,246.000,30,247.000,29,249.000,29,320.000,1,400.000,1,0,33,
124104330000,252.000,2,236.000,30,235.000,9,234.000,20,233.000,29,232.000,20,246.000,30,247.000,29,248.000,20,249.000,29,320.000,1,0,33,
124104422000,252.000,2,236.000,30,235.000,9,234.000,20,233.000,49,232.000,20,246.000,30,247.000,29,248.000,40,249.000,29,320.000,1,0,33,
124105243000,252.000,2,236.000,30,235.000,9,233.000,49,232.000,20,86.000,1,246.000,30,247.000,29,248.000,40,249.000,9,320.000,1,0,33,
124105243000,252.000,2,236.000,30,235.000,29,233.000,49,232.000,20,86.000,1,246.000,30,247.000,29,248.000,40,249.000,9,250.000,20,0,33,
124105972000,252.000,2,236.000,30,235.000,29,233.000,49,86.000,1,84.000,3,246.000,30,247.000,9,248.000,40,249.000,9,250.000,20,0,33,
124105972000,252.000,2,236.000,30,235.000,29,233.000,69,86.000,1,84.000,3,246.000,30,247.000,9,248.000,60,249.000,9,250.000,20,0,33,
124108217000,252.000,2,236.000,30,235.000,29,233.000,49,86.000,1,84.000,3,246.000,30,247.000,9,248.000,40,249.000,9,250.000,20,0,33,
124108217000,252.000,2,236.000,30,235.000,29,233.000,49,232.000,20,86.000,1,246.000,30,247.000,29,248.000,40,249.000,9,250.000,20,0,33,
124108467000,252.000,2,236.000,30,235.000,29,233.000,49,86.000,1,84.000,3,246.000,30,247.000,9,248.000,40,249.000,9,250.000,20,0,33,
124108718000,252.000,2,236.000,30,235.000,29,233.000,49,232.000,20,86.000,1,246.000,30,247.000,29,248.000,40,249.000,9,250.000,20,0,33,
124110837000,252.000,2,236.000,30,235.000,29,233.000,49,86.000,1,84.000,3,246.000,30,247.000,9,248.000,40,249.000,9,250.000,20,0,33,
124110837000,252.000,2,236.000,30,235.000,29,233.000,69,86.000,1,84.000,3,246.000,30,247.000,9,248.000,60,249.000,9,250.000,20,0,33,
124110869000,252.000,2,236.000,30,235.000,9,233.000,69,86.000,1,84.000,3,246.000,30,247.000,9,248.000,60,249.000,9,320.000,1,0,33,
124110869000,252.000,2,236.000,50,235.000,9,233.000,69,86.000,1,84.000,3,246.000,30,247.000,9,248.000,60,249.000,9,251.000,20,0,33,
124112609000,252.000,2,236.000,50,235.000,9,233.000,49,86.000,1,84.000,3,246.000,30,247.000,9,248.000,40,249.000,9,251.000,20,0,33,
124112609000,252.000,2,236.000,50,235.000,9,233.000,49,232.000,20,86.000,1,246.000,30,247.000,29,248.000,40,249.000,9,251.000,20,0,33,
124112618000,252.000,2,236.000,30,235.000,9,233.000,49,232.000,20,86.000,1,246.000,30,247.000,29,248.000,40,249.000,9,320.000,1,0,33,
124112618000,252.000,2,236.000,30,235.000,29,233.000,49,232.000,20,86.000,1,246.000,30,247.000,29,248.000,40,249.000,9,250.000,20,0,33,
124121415000,252.000,2,236.000,30,235.000,29,233.000,49,86.000,1,84.000,3,246.000,30,247.000,9,248.000,40,249.000,9,250.000,20,0,33,
124121415000,252.000,2,236.000,30,235.000,29,233.000,69,86.000,1,84.000,3,246.000,30,247.000,9,248.000,60,249.000,9,250.000,20,0,33,
124121618000,252.000,2,236.000,30,235.000,9,233.000,69,86.000,1,84.000,3,246.000,30,247.000,9,248.000,60,249.000,9,320.000,1,0,33,
124121618000,252.000,2,236.000,50,235.000,9,233.000,69,86.000,1,84.000,3,246.000,30,247.000,9,248.000,60,249.000,9,251.000,20,0,33,
124122017000,252.000,2,236.000,50,235.000,9,233.000,49,86.000,1,84.000,3,246.000,30,247.000,9,248.000,40,249.000,9,251.000,20,0,33,
124122017000,252.000,2,236.000,50,235.000,9,233.000,49,232.000,20,86.000,1,246.000,30,247.000,29,248.000,40,249.000,9,251.000,20,0,33,
124122141000,252.000,2,236.000,50,235.000,9,233.000,49,86.000,1,84.000,3,246.000,30,247.000,9,248.000,40,249.000,9,251.000,20,0,33,
124122517000,252.000,2,236.000,50,235.000,9,233.000,69,86.000,1,84.000,3,246.000,30,247.000,9,248.000,60,249.000,9,251.000,20,0,33,
124124211000,252.000,2,236.000,50,235.000,9,233.000,49,86.000,1,84.000,3,246.000,30,247.000,9,248.000,40,249.000,9,251.000,20,0,33,
124124211000,252.000,2,236.000,50,235.000,9,233.000,49,232.000,20,86.000,1,246.000,30,247.000,29,248.000,40,249.000,9,251.000,20,0,33,
124124400000,252.000,2,236.000,50,235.000,9,233.000,29,232.000,20,86.000,1,246.000,30,247.000,29,248.000,20,249.000,9,251.000,20,0,33,
124124896000,252.000,2,236.000,50,235.000,9,233.000,49,232.000,20,86.000,1,246.000,30,247.000,29,248.000,40,249.000,9,251.000,20,0,33,
124125493000,252.000,2,236.000,30,235.000,9,233.000,49,232.000,20,86.000,1,246.000,30,247.000,29,248.000,40,249.000,9,320.000,1,0,33,
124125493000,252.000,2,236.000,30,235.000,29,233.000,49,232.000,20,86.000,1,246.000,30,247.000,29,248.000,40,249.000,9,250.000,20,0,33,
124129160000,252.000,2,236.000,30,235.000,29,233.000,49,86.000,1,84.000,3,246.000,30,247.000,9,248.000,40,249.000,9,250.000,20,0,33,
124129160000,252.000,2,236.000,30,235.000,29,233.000,69,86.000,1,84.000,3,246.000,30,247.000,9,248.000,60,249.000,9,250.000,20,0,33,
124130537000,252.000,2,236.000,30,235.000,29,233.000,49,86.000,1,84.000,3,246.000,30,247.000,9,248.000,40,249.000,9,250.000,20,0,33,
124130537000,252.000,2,236.000,30,235.000,29,233.000,49,232.000,20,86.000,1,246.000,30,247.000,29,248.000,40,249.000,9,250.000,20,0,33,
124134588000,252.000,2,236.000,30,235.000,29,233.000,49,86.000,1,84.000,3,246.000,30,247.000,9,248.000,40,249.000,9,250.000,20,0,33,
124134588000,252.000,2,236.000,30,235.000,29,233.000,69,86.000,1,84.000,3,246.000,30,247.000,9,248.000,60,249.000,9,250.000,20,0,33,
124134618000,252.000,2,236.000,30,235.000,9,233.000,69,86.000,1,84.000,3,246.000,30,247.000,9,248.000,60,249.000,9,320.000,1,0,33,
124134619000,252.000,2,236.000,50,235.000,9,233.000,69,86.000,1,84.000,3,246.000,30,247.000,9,248.000,60,249.000,9,251.000,20,0,33,
124134954000,252.000,2,236.000,50,235.000,9,233.000,49,86.000,1,84.000,3,246.000,30,247.000,9,248.000,40,249.000,9,251.000,20,0,33,
124135007000,252.000,2,236.000,50,235.000,29,233.000,49,86.000,1,84.000,3,246.000,30,247.000,9,248.000,40,249.000,9,250.000,20,0,33,
124135036000,252.000,2,236.000,50,235.000,29,233.000,29,86.000,1,84.000,3,246.000,30,247.000,9,248.000,20,249.000,9,250.000,20,0,33,
124135151000,252.000,2,236.000,50,235.000,29,234.000,20,233.000,29,86.000,1,246.000,30,247.000,9,248.000,20,249.000,29,250.000,20,0,33,
124135574000,252.000,2,236.000,50,235.000,29,234.000,20,233.000,9,86.000,1,246.000,30,247.000,9,249.000,29,250.000,20,251.000,20,0,33,
124135619000,252.000,2,236.000,30,235.000,29,234.000,20,233.000,9,86.000,1,246.000,30,247.000,9,249.000,29,250.000,20,320.000,1,0,33,
124135619000,252.000,2,237.000,20,236.000,30,235.000,29,234.000,20,233.000,9,246.000,30,247.000,9,249.000,29,250.000,20,252.000,20,0,33,
124135619000,252.000,2,237.000,29,236.000,30,235.000,29,234.000,20,233.000,9,246.000,30,247.000,9,249.000,29,250.000,20,252.000,20,0,33,
124135686000,252.000,2,237.000,29,236.000,30,235.000,29,234.000,40,233.000,9,246.000,30,247.000,9,249.000,49,250.000,20,252.000,20,0,33,
124135843000,252.000,2,237.000,29,236.000,9,235.000,29,234.000,40,233.000,9,246.000,9,247.000,9,249.000,49,250.000,20,252.000,20,0,33,
124135843000,252.000,2,238.000,21,237.000,29,236.000,9,235.000,29,234.000,40,246.000,30,247.000,9,249.000,49,250.000,20,252.000,20,0,33,
124135843000,252.000,2,238.000,21,237.000,29,236.000,9,235.000,29,234.000,40,246.000,30,247.000,9,249.000,58,250.000,20,252.000,20,0,33,
124135843000,252.000,2,238.000,30,237.000,29,236.000,9,235.000,29,234.000,40,246.000,30,247.000,9,249.000,58,250.000,20,252.000,20,0,33,
124135843000,252.000,2,238.000,30,237.000,29,236.000,9,235.000,29,234.000,40,246.000,21,247.000,9,249.000,58,250.000,20,252.000,20,0,33,
124135843000,252.000,2,238.000,30,237.000,29,236.000,9,235.000,29,234.000,40,246.000,30,247.000,9,249.000,58,250.000,20,252.000,20,0,33,
124136006000,252.000,2,238.000,30,237.000,29,236.000,9,235.000,20,234.000,40,246.000,30,247.000,9,249.000,58,250.000,20,252.000,20,0,33,
124136006000,252.000,2,238.000,30,237.000,29,235.000,20,234.000,40,233.000,9,246.000,30,247.000,9,249.000,58,250.000,20,252.000,20,0,33,
124136006000,252.000,2,238.000,30,237.000,29,235.000,20,234.000,40,233.000,9,246.000,30,247.000,9,249.000,49,250.000,20,252.000,20,0,33,
124136494000,252.000,2,238.000,30,237.000,29,235.000,20,234.000,20,233.000,9,246.000,30,247.000,9,249.000,29,250.000,20,252.000,20,0,33,
124136494000,252.000,2,238.000,30,237.000,29,235.000,20,234.000,20,233.000,29,246.000,30,247.000,9,248.000,20,249.000,29,250.000,20,0,33,
124136743000,252.000,2,238.000,30,237.000,9,235.000,20,234.000,20,233.000,29,246.000,30,247.000,9,248.000,20,249.000,29,250.000,20,0,33,
124136743000,252.000,2,238.000,30,237.000,9,236.000,20,235.000,20,234.000,20,246.000,30,247.000,9,248.000,20,249.000,29,250.000,20,0,33,
124138099000,252.000,2,238.000,30,237.000,9,236.000,20,235.000,20,234.000,20,246.000,30,247.000,9,249.000,29,250.000,20,251.000,20,0,33,
124138099000,252.000,2,238.000,30,237.000,9,236.000,20,235.000,20,234.000,40,246.000,30,247.000,9,249.000,49,250.000,20,251.000,20,0,33,
124138868000,252.000,2,238.000,30,237.000,9,235.000,20,234.000,40,233.000,9,246.000,30,247.000,9,249.000,49,250.000,20,320.000,1,0,33,
124138868000,252.000,2,238.000,30,237.000,29,235.000,20,234.000,40,233.000,9,246.000,30,247.000,9,249.000,49,250.000,20,252.000,20,0,33,
124141334000,252.000,2,238.000,30,237.000,29,235.000,20,234.000,20,233.000,9,246.000,30,247.000,9,249.000,29,250.000,20,252.000,20,0,33,
124141334000,252.000,2,238.000,30,237.000,29,235.000,20,234.000,20,233.000,29,246.000,30,247.000,9,248.000,20,249.000,29,250.000,20,0,33,
124142243000,252.000,2,238.000,30,237.000,9,235.000,20,234.000,20,233.000,29,246.000,30,247.000,9,248.000,20,249.000,29,250.000,20,0,33,
124142243000,252.000,2,238.000,30,237.000,9,236.000,20,235.000,20,234.000,20,246.000,30,247.000,9,248.000,20,249.000,29,250.000,20,0,33,
124143536000,252.000,2,238.000,30,237.000,9,236.000,20,235.000,20,234.000,20,246.000,30,247.000,9,249.000,29,250.000,20,251.000,20,0,33,
124143536000,252.000,2,238.000,30,237.000,9,236.000,20,235.000,20,234.000,40,246.000,30,247.000,9,249.000,49,250.000,20,251.000,20,0,33,
124143783000,252.000,2,238.000,30,237.000,9,236.000,20,235.000,20,234.000,20,246.000,30,247.000,9,249.000,29,250.000,20,251.000,20,0,33,
124144155000,252.000,2,238.000,30,237.000,9,236.000,20,235.000,20,234.000,20,246.000,30,247.000,9,248.000,20,249.000,29,250.000,20,0,33,
124146016000,252.000,2,238.000,30,237.000,9,236.000,20,235.000,20,234.000,20,246.000,30,247.000,9,249.000,29,250.000,20,251.000,20,0,33,
124146016000,252.000,2,238.000,30,237.000,9,236.000,20,235.000,20,234.000,40,246.000,30,247.000,9,249.000,49,250.000,20,251.000,20,0,33,
124146891000,252.000,2,238.000,30,237.000,9,236.000,20,235.000,20,234.000,20,246.000,30,247.000,9,249.000,29,250.000,20,251.000,20,0,33,
124146891000,252.000,2,238.000,30,237.000,9,236.000,20,235.000,20,234.000,20,246.000,30,247.000,9,248.000,20,249.000,29,250.000,20,0,33,
124149628000,252.000,2,238.000,30,237.000,9,236.000,20,235.000,20,234.000,20,246.000,30,247.000,9,249.000,29,250.000,20,251.000,20,0,33,
124149628000,252.000,2,238.000,30,237.000,9,236.000,20,235.000,20,234.000,40,246.000,30,247.000,9,249.000,49,250.000,20,251.000,20,0,33,
124151378000,252.000,2,238.000,30,237.000,9,236.000,20,235.000,20,234.000,20,246.000,30,247.000,9,249.000,29,250.000,20,251.000,20,0,33,
124151378000,252.000,2,238.000,30,237.000,9,236.000,20,235.000,20,234.000,20,246.000,30,247.000,9,248.000,20,249.000,29,250.000,20,0,33,
124155200000,252.000,2,238.000,30,237.000,9,236.000,20,235.000,20,233.000,29,246.000,30,247.000,9,248.000,20,249.000,9,250.000,20,0,33,
124155897000,252.000,2,238.000,30,237.000,9,236.000,20,235.000,20,234.000,20,246.000,30,247.000,9,248.000,20,249.000,29,250.000,20,0,33,
124201493000,252.000,2,238.000,30,237.000,9,235.000,20,234.000,20,233.000,29,246.000,30,247.000,9,248.000,20,249.000,29,250.000,20,0,33,
124201493000,252.000,2,238.000,30,237.000,9,235.000,40,234.000,20,233.000,29,246.000,30,247.000,9,248.000,20,249.000,29,250.000,40,0,33,
124201768000,252.000,2,238.000,9,237.000,9,235.000,40,234.000,20,233.000,29,246.000,9,247.000,9,248.000,20,249.000,29,250.000,40,0,33,
124201768000,252.000,2,238.000,9,237.000,30,235.000,40,234.000,20,233.000,29,246.000,30,247.000,9,248.000,20,249.000,29,250.000,40,0,33,
124201768000,252.000,2,238.000,9,237.000,30,235.000,40,234.000,20,233.000,29,246.000,30,247.000,9,248.000,29,249.000,29,250.000,40,0,33,
124201768000,252.000,2,238.000,9,237.000,30,235.000,49,234.000,20,233.000,29,246.000,30,247.000,9,248.000,29,249.000,29,250.000,40,0,33,
124201768000,252.000,2,238.000,9,237.000,30,235.000,49,234.000,20,233.000,29,246.000,21,247.000,9,248.000,29,249.000,29,250.000,40,0,33,
124201768000,252.000,2,237.000,30,235.000,49,234.000,20,233.000,29,86.000,1,246.000,21,247.000,9,248.000,29,249.000,29,250.000,40,0,33,
124201882000,252.000,2,237.000,30,235.000,49,234.000,20,233.000,29,86.000,1,246.000,30,247.000,9,248.000,29,249.000,29,250.000,40,0,33,
124201982000,252.000,2,237.000,30,235.000,49,234.000,20,233.000,9,86.000,1,246.000,30,247.000,9,248.000,9,249.000,29,250.000,40,0,33,
124201982000,252.000,2,237.000,30,235.000,49,234.000,20,233.000,9,232.000,20,246.000,30,247.000,29,248.000,9,249.000,29,250.000,40,0,33,
124202006000,252.000,2,237.000,30,235.000,49,234.000,20,233.000,9,232.000,20,246.000,30,247.000,29,249.000,29,250.000,40,320.000,1,0,33,
124202685000,252.000,2,237.000,30,235.000,49,233.000,9,232.000,20,86.000,1,246.000,30,247.000,29,249.000,9,250.000,40,320.000,1,0,33,
124202866000,252.000,2,237.000,9,235.000,49,233.000,9,232.000,20,86.000,1,246.000,9,247.000,29,249.000,9,250.000,40,320.000,1,0,33,
124202866000,252.000,2,237.000,9,236.000,21,235.000,49,233.000,9,232.000,20,246.000,30,247.000,29,249.000,9,250.000,40,320.000,1,0,33,
124202867000,252.000,2,236.000,21,235.000,49,233.000,9,232.000,20,86.000,1,246.000,30,247.000,29,249.000,9,250.000,40,320.000,1,0,33,
124202867000,252.000,2,236.000,21,235.000,49,233.000,9,232.000,20,86.000,1,246.000,21,247.000,29,249.000,9,250.000,40,320.000,1,0,33,
124202867000,252.000,2,236.000,30,235.000,49,233.000,9,232.000,20,86.000,1,246.000,21,247.000,29,249.000,9,250.000,40,320.000,1,0,33,
124202867000,252.000,2,236.000,30,235.000,49,233.000,9,232.000,20,86.000,1,246.000,30,247.000,29,249.000,9,250.000,40,320.000,1,0,33,
124202915000,252.000,2,236.000,30,235.000,49,233.000,29,232.000,20,86.000,1,246.000,30,247.000,29,248.000,20,249.000,9,250.000,40,0,33,
124203007000,252.000,2,236.000,30,235.000,29,233.000,29,232.000,20,86.000,1,246.000,30,247.000,29,248.000,20,249.000,9,250.000,20,0,33,
124203007000,252.000,2,236.000,30,235.000,29,233.000,49,232.000,20,86.000,1,246.000,30,247.000,29,248.000,40,249.000,9,250.000,20,0,33,
124203869000,252.000,2,236.000,30,235.000,9,233.000,49,232.000,20,86.000,1,246.000,30,247.000,29,248.000,40,249.000,9,320.000,1,0,33,
124203869000,252.000,2,236.000,30,235.000,9,234.000,20,233.000,49,232.000,20,246.000,30,247.000,29,248.000,40,249.000,29,320.000,1,0,33,
124203903000,252.000,2,236.000,30,235.000,9,234.000,20,233.000,49,86.000,1,246.000,30,247.000,9,248.000,40,249.000,29,320.000,1,0,33,
124203903000,252.000,2,236.000,30,235.000,9,234.000,20,233.000,49,231.000,20,246.000,50,247.000,9,248.000,40,249.000,29,320.000,1,0,33,
124204154000,252.000,2,236.000,30,235.000,9,234.000,20,233.000,49,86.000,1,246.000,30,247.000,9,248.000,40,249.000,29,320.000,1,0,33,
124204402000,252.000,2,236.000,30,235.000,9,234.000,20,233.000,49,232.000,20,246.000,30,247.000,29,248.000,40,249.000,29,320.000,1,0,33,
124209507000,252.000,2,236.000,30,235.000,9,234.000,20,233.000,49,86.000,1,246.000,30,247.000,9,248.000,40,249.000,29,320.000,1,0,33,
124209507000,252.000,2,236.000,30,235.000,9,234.000,20,233.000,49,231.000,20,246.000,50,247.000,9,248.000,40,249.000,29,320.000,1,0,33,
124209507000,252.000,2,236.000,30,235.000,9,234.000,20,233.000,49,231.000,20,246.000,50,247.000,9,248.000,40,249.000,20,320.000,1,0,33,
124209508000,252.000,2,236.000,30,235.000,9,234.000,20,233.000,49,231.000,20,246.000,50,247.000,18,248.000,40,249.000,20,320.000,1,0,33,
124209872000,252.000,2,236.000,30,235.000,9,234.000,20,233.000,49,86.000,1,246.000,30,247.000,18,248.000,40,249.000,20,320.000,1,0,33,
124210114000,252.000,2,236.000,30,235.000,9,234.000,20,233.000,49,231.000,20,246.000,50,247.000,18,248.000,40,249.000,20,320.000,1,0,33,
124210239000,252.000,2,236.000,30,235.000,9,234.000,20,233.000,49,86.000,1,246.000,30,247.000,18,248.000,40,249.000,20,320.000,1,0,33,
124210737000,252.000,2,236.000,30,235.000,9,234.000,20,233.000,49,232.000,20,246.000,30,247.000,38,248.000,40,249.000,20,320.000,1,0,33,
124211204000,252.000,2,236.000,30,235.000,9,234.000,20,233.000,49,86.000,1,246.000,30,247.000,18,248.000,40,249.000,20,320.000,1,0,33,
124211244000,252.000,2,236.000,30,235.000,9,233.000,49,86.000,1,84.000,3,246.000,30,247.000,18,248.000,40,320.000,1,400.000,1,0,33,
124211244000,252.000,2,236.000,30,235.000,9,233.000,69,86.000,1,84.000,3,246.000,30,247.000,18,248.000,60,320.000,1,400.000,1,0,33,
124211277000,252.000,2,236.000,9,235.000,9,233.000,69,86.000,1,84.000,3,246.000,9,247.000,18,248.000,60,320.000,1,400.000,1,0,33,
124211277000,252.000,2,236.000,9,235.000,30,233.000,69,86.000,1,84.000,3,246.000,30,247.000,18,248.000,60,320.000,1,400.000,1,0,33,
124211278000,252.000,2,235.000,30,233.000,69,86.000,1,84.000,3,39.000,20,246.000,30,247.000,18,248.000,60,320.000,1,400.000,1,0,33,
124211353000,252.000,2,235.000,30,233.000,69,231.000,20,86.000,1,84.000,3,246.000,50,247.000,18,248.000,60,320.000,1,400.000,1,0,33,
124215376000,252.000,2,235.000,30,233.000,49,231.000,20,86.000,1,84.000,3,246.000,50,247.000,18,248.000,40,320.000,1,400.000,1,0,33,
124215570000,252.000,2,235.000,30,233.000,49,232.000,20,231.000,20,86.000,1,246.000,50,247.000,38,248.000,40,320.000,1,400.000,1,0,33,
124222993000,252.000,2,235.000,30,233.000,29,232.000,20,231.000,20,86.000,1,246.000,50,247.000,38,248.000,20,320.000,1,400.000,1,0,33,
124222993000,252.000,2,235.000,30,234.000,20,233.000,29,232.000,20,231.000,20,246.000,50,247.000,38,248.000,20,249.000,20,320.000,1,0,33,
124223282000,252.000,2,235.000,9,234.000,20,233.000,29,232.000,20,231.000,20,246.000,29,247.000,38,248.000,20,249.000,20,320.000,1,0,33,
124223282000,252.000,2,236.000,21,235.000,9,234.000,20,233.000,29,232.000,20,246.000,50,247.000,38,248.000,20,249.000,20,320.000,1,0,33,
124223283000,252.000,2,236.000,21,234.000,20,233.000,29,232.000,20,231.000,20,246.000,50,247.000,38,248.000,20,249.000,20,320.000,1,0,33,
124223506000,252.000,2,236.000,30,234.000,20,233.000,29,232.000,20,231.000,20,246.000,50,247.000,38,248.000,20,249.000,20,320.000,1,0,33,
124225643000,252.000,2,236.000,30,234.000,20,233.000,29,232.000,20,86.000,1,246.000,30,247.000,38,248.000,20,249.000,20,320.000,1,0,33,
124225643000,252.000,2,236.000,30,234.000,20,233.000,29,232.000,40,86.000,1,246.000,30,247.000,58,248.000,20,249.000,20,320.000,1,0,33,
124225769000,252.000,2,236.000,30,234.000,20,233.000,29,232.000,20,86.000,1,246.000,30,247.000,38,248.000,20,249.000,20,320.000,1,0,33,
124226032000,252.000,2,236.000,30,234.000,20,233.000,29,86.000,1,84.000,3,246.000,30,247.000,18,248.000,20,249.000,20,320.000,1,0,33,
124226143000,252.000,2,236.000,30,234.000,20,233.000,29,232.000,20,86.000,1,246.000,30,247.000,38,248.000,20,249.000,20,320.000,1,0,33,
124226151000,252.000,2,236.000,30,234.000,20,233.000,49,232.000,20,86.000,1,246.000,30,247.000,38,248.000,40,249.000,20,320.000,1,0,33,
124226748000,252.000,2,236.000,30,233.000,49,232.000,20,86.000,1,84.000,3,246.000,30,247.000,38,248.000,40,320.000,1,400.000,1,0,33,
124226748000,252.000,2,236.000,30,235.000,20,233.000,49,232.000,20,86.000,1,246.000,30,247.000,38,248.000,40,250.000,20,320.000,1,0,33,
124227583000,252.000,2,236.000,30,235.000,20,233.000,49,86.000,1,84.000,3,246.000,30,247.000,18,248.000,40,250.000,20,320.000,1,0,33,
124227583000,252.000,2,236.000,30,235.000,20,233.000,69,86.000,1,84.000,3,246.000,30,247.000,18,248.000,60,250.000,20,320.000,1,0,33,
124227618000,252.000,2,236.000,30,233.000,69,86.000,1,84.000,3,39.000,20,246.000,30,247.000,18,248.000,60,320.000,1,400.000,1,0,33,
124227618000,252.000,2,236.000,50,233.000,69,86.000,1,84.000,3,39.000,20,246.000,30,247.000,18,248.000,60,251.000,20,320.000,1,0,33,
124228030000,252.000,2,236.000,50,233.000,49,86.000,1,84.000,3,39.000,20,246.000,30,247.000,18,248.000,40,251.000,20,320.000,1,0,33,
124228288000,252.000,2,236.000,50,233.000,49,232.000,20,86.000,1,84.000,3,246.000,30,247.000,38,248.000,40,251.000,20,320.000,1,0,33,
124229653000,252.000,2,236.000,50,233.000,49,86.000,1,84.000,3,39.000,20,246.000,30,247.000,18,248.000,40,251.000,20,320.000,1,0,33,
124229653000,252.000,2,236.000,50,233.000,69,86.000,1,84.000,3,39.000,20,246.000,30,247.000,18,248.000,60,251.000,20,320.000,1,0,33,
124231149000,252.000,2,236.000,50,233.000,49,86.000,1,84.000,3,39.000,20,246.000,30,247.000,18,248.000,40,251.000,20,320.000,1,0,33,
124231149000,252.000,2,236.000,50,233.000,49,232.000,20,86.000,1,84.000,3,246.000,30,247.000,38,248.000,40,251.000,20,320.000,1,0,33,
124231897000,252.000,2,236.000,50,233.000,49,86.000,1,84.000,3,39.000,20,246.000,30,247.000,18,248.000,40,251.000,20,320.000,1,0,33,
124231897000,252.000,2,236.000,50,233.000,69,86.000,1,84.000,3,39.000,20,246.000,30,247.000,18,248.000,60,251.000,20,320.000,1,0,33,
124233647000,252.000,2,236.000,50,233.000,49,86.000,1,84.000,3,39.000,20,246.000,30,247.000,18,248.000,40,251.000,20,320.000,1,0,33,
124233647000,252.000,2,236.000,50,233.000,49,232.000,20,86.000,1,84.000,3,246.000,30,247.000,38,248.000,40,251.000,20,320.000,1,0,33,
124235601000,252.000,2,236.000,50,233.000,49,86.000,1,84.000,3,39.000,20,246.000,30,247.000,18,248.000,40,251.000,20,320.000,1,0,33,
124235601000,252.000,2,236.000,50,233.000,69,86.000,1,84.000,3,39.000,20,246.000,30,247.000,18,248.000,60,251.000,20,320.000,1,0,33,
124235704000,252.000,2,236.000,50,233.000,49,86.000,1,84.000,3,39.000,20,246.000,30,247.000,18,248.000,40,251.000,20,320.000,1,0,33,
124238783000,252.000,2,236.000,50,233.000,49,86.000,1,84.000,3,39.000,20,246.000,30,247.000,9,248.000,40,251.000,20,320.000,1,0,33,
124238783000,252.000,2,236.000,50,233.000,49,86.000,1,84.000,3,39.000,20,246.000,30,247.000,9,248.000,40,249.000,9,251.000,20,0,33,
124239587000,252.000,2,236.000,50,234.000,20,233.000,49,86.000,1,84.000,3,246.000,30,247.000,9,248.000,40,249.000,29,251.000,20,0,33,
124246058000,252.000,2,236.000,50,234.000,20,233.000,29,86.000,1,84.000,3,246.000,30,247.000,9,248.000,20,249.000,29,251.000,20,0,33,
124246065000,252.000,2,236.000,50,234.000,20,233.000,9,86.000,1,84.000,3,246.000,30,247.000,9,249.000,29,251.000,20,320.000,1,0,33,
124246065000,252.000,2,236.000,50,234.000,40,233.000,9,86.000,1,84.000,3,246.000,30,247.000,9,249.000,49,251.000,20,320.000,1,0,33,
124246119000,252.000,2,236.000,30,234.000,40,233.000,9,86.000,1,84.000,3,246.000,30,247.000,9,249.000,49,320.000,1,400.000,1,0,33,
124246119000,252.000,2,237.000,20,236.000,30,234.000,40,233.000,9,86.000,1,246.000,30,247.000,9,249.000,49,252.000,20,320.000,1,0,33,
124246119000,252.000,2,237.000,29,236.000,30,234.000,40,233.000,9,86.000,1,246.000,30,247.000,9,249.000,49,252.000,20,320.000,1,0,33,
124246292000,252.000,2,237.000,29,236.000,9,234.000,40,233.000,9,86.000,1,246.000,9,247.000,9,249.000,49,252.000,20,320.000,1,0,33,
124246292000,252.000,2,238.000,21,237.000,29,236.000,9,234.000,40,233.000,9,246.000,30,247.000,9,249.000,49,252.000,20,320.000,1,0,33,
124246293000,252.000,2,238.000,21,237.000,29,236.000,9,234.000,40,233.000,9,246.000,21,247.000,9,249.000,49,252.000,20,320.000,1,0,33,
124246293000,252.000,2,238.000,21,237.000,29,236.000,9,234.000,40,233.000,9,246.000,21,247.000,9,249.000,58,252.000,20,320.000,1,0,33,
124246293000,252.000,2,238.000,30,237.000,29,236.000,9,234.000,40,233.000,9,246.000,21,247.000,9,249.000,58,252.000,20,320.000,1,0,33,
124246293000,252.000,2,238.000,30,237.000,29,236.000,9,234.000,40,233.000,9,246.000,30,247.000,9,249.000,58,252.000,20,320.000,1,0,33,
124246491000,252.000,2,238.000,30,237.000,29,236.000,9,235.000,20,234.000,40,246.000,30,247.000,9,249.000,58,250.000,20,252.000,20,0,33,
124246506000,252.000,2,238.000,30,237.000,29,235.000,20,234.000,40,233.000,9,246.000,30,247.000,9,249.000,58,250.000,20,252.000,20,0,33,
124246506000,252.000,2,238.000,30,237.000,29,235.000,20,234.000,40,233.000,9,246.000,30,247.000,9,249.000,49,250.000,20,252.000,20,0,33,
124246806000,252.000,2,238.000,30,237.000,29,235.000,20,234.000,20,233.000,9,246.000,30,247.000,9,249.000,29,250.000,20,252.000,20,0,33,
124246806000,252.000,2,238.000,30,237.000,29,235.000,20,234.000,20,233.000,29,246.000,30,247.000,9,248.000,20,249.000,29,250.000,20,0,33,
124246868000,252.000,2,238.000,30,237.000,9,235.000,20,234.000,20,233.000,29,246.000,30,247.000,9,248.000,20,249.000,29,250.000,20,0,33,
124246868000,252.000,2,238.000,30,237.000,9,236.000,20,235.000,20,234.000,20,246.000,30,247.000,9,248.000,20,249.000,29,250.000,20,0,33,
124247536000,252.000,2,238.000,30,237.000,9,236.000,20,235.000,20,234.000,20,246.000,30,247.000,9,249.000,29,250.000,20,251.000,20,0,33,
124247536000,252.000,2,238.000,30,237.000,9,236.000,20,235.000,20,234.000,40,246.000,30,247.000,9,249.000,49,250.000,20,251.000,20,0,33,
124247785000,252.000,2,238.000,30,237.000,9,236.000,20,235.000,20,234.000,20,246.000,30,247.000,9,249.000,29,250.000,20,251.000,20,0,33,
124248155000,252.000,2,238.000,30,237.000,9,236.000,20,235.000,20,234.000,20,246.000,30,247.000,9,248.000,20,249.000,29,250.000,20,0,33,
124256491000,252.000,2,238.000,30,237.000,9,236.000,20,235.000,20,234.000,20,246.000,30,247.000,9,249.000,29,250.000,20,251.000,20,0,33,
124256491000,252.000,2,238.000,30,237.000,9,236.000,20,235.000,20,234.000,40,246.000,30,247.000,9,249.000,49,250.000,20,251.000,20,0,33,
124256991000,252.000,2,238.000,30,237.000,9,236.000,20,235.000,20,234.000,20,246.000,30,247.000,9,249.000,29,250.000,20,251.000,20,0,33,
124256991000,252.000,2,238.000,30,237.000,9,236.000,20,235.000,20,234.000,20,246.000,30,247.000,9,248.000,20,249.000,29,250.000,20,0,33,
124259600000,252.000,2,238.000,30,237.000,9,236.000,20,235.000,20,233.000,29,246.000,30,247.000,9,248.000,20,249.000,9,250.000,20,0,33,
124300321000,252.000,2,238.000,30,237.000,9,236.000,20,235.000,20,234.000,20,246.000,30,247.000,9,248.000,20,249.000,29,250.000,20,0,33,
124307800000,252.000,2,238.000,9,237.000,9,236.000,20,235.000,20,234.000,20,246.000,9,247.000,9,248.000,20,249.000,29,250.000,20,0,33,
124307800000,252.000,2,238.000,9,237.000,30,236.000,20,235.000,20,234.000,20,246.000,30,247.000,9,248.000,20,249.000,29,250.000,20,0,33,
124307800000,252.000,2,238.000,9,237.000,30,236.000,29,235.000,20,234.000,20,246.000,30,247.000,9,248.000,20,249.000,29,250.000,20,0,33,
124307800000,252.000,2,238.000,9,237.000,30,236.000,29,235.000,20,234.000,20,246.000,30,247.000,9,248.000,29,249.000,29,250.000,20,0,33,
124307800000,252.000,2,237.000,30,236.000,29,235.000,20,234.000,20,233.000,29,246.000,30,247.000,9,248.000,29,249.000,29,250.000,20,0,33,
124307800000,252.000,2,237.000,30,236.000,29,235.000,20,234.000,20,233.000,29,246.000,21,247.000,9,248.000,29,249.000,29,250.000,20,0,33,
124307800000,252.000,2,237.000,30,236.000,29,235.000,20,234.000,20,233.000,29,246.000,30,247.000,9,248.000,29,249.000,29,250.000,20,0,33,
124308006000,252.000,2,237.000,30,236.000,29,235.000,20,234.000,20,233.000,29,246.000,30,247.000,9,248.000,20,249.000,29,250.000,20,0,33,
124308203000,252.000,2,237.000,30,236.000,29,235.000,20,233.000,29,86.000,1,246.000,30,247.000,9,248.000,20,249.000,9,250.000,20,0,33,
124308244000,252.000,2,237.000,30,236.000,9,235.000,20,233.000,29,86.000,1,246.000,30,247.000,9,248.000,20,249.000,9,250.000,20,0,33,
124308244000,252.000,2,237.000,30,236.000,9,235.000,40,233.000,29,86.000,1,246.000,30,247.000,9,248.000,20,249.000,9,250.000,40,0,33,
124308308000,252.000,2,237.000,30,236.000,9,235.000,40,233.000,9,86.000,1,246.000,30,247.000,9,249.000,9,250.000,40,320.000,1,0,33,
124308308000,252.000,2,237.000,30,236.000,9,235.000,40,233.000,9,232.000,20,246.000,30,247.000,29,249.000,9,250.000,40,320.000,1,0,33,
124308693000,252.000,2,237.000,30,236.000,9,235.000,40,234.000,20,233.000,9,246.000,30,247.000,29,249.000,29,250.000,40,320.000,1,0,33,
124325648000,252.000,2,237.000,30,236.000,9,235.000,40,234.000,20,233.000,9,246.000,30,247.000,9,249.000,29,250.000,40,320.000,1,0,33,
124325648000,252.000,2,237.000,30,236.000,9,235.000,40,234.000,20,233.000,29,246.000,30,247.000,9,248.000,20,249.000,29,250.000,40,0,33,
124325744000,252.000,2,237.000,30,236.000,9,235.000,20,234.000,20,233.000,29,246.000,30,247.000,9,248.000,20,249.000,29,250.000,20,0,33,
124325744000,252.000,2,237.000,30,236.000,29,235.000,20,234.000,20,233.000,29,246.000,30,247.000,9,248.000,20,249.000,29,250.000,20,0,33,
124328700000,252.000,2,237.000,30,236.000,29,235.000,20,233.000,29,86.000,1,246.000,30,247.000,9,248.000,20,249.000,9,250.000,20,0,33,
124329159000,252.000,2,237.000,30,236.000,29,235.000,20,233.000,9,86.000,1,246.000,30,247.000,9,249.000,9,250.000,20,251.000,20,0,33,
124329159000,252.000,2,237.000,30,236.000,29,235.000,20,233.000,9,232.000,20,246.000,30,247.000,29,249.000,9,250.000,20,251.000,20,0,33,
124329273000,252.000,2,237.000,30,236.000,29,235.000,20,233.000,29,232.000,20,246.000,30,247.000,29,248.000,20,249.000,9,250.000,20,0,33,
124329283000,252.000,2,237.000,30,236.000,29,235.000,20,233.000,29,86.000,1,246.000,30,247.000,9,248.000,20,249.000,9,250.000,20,0,33,
124329659000,252.000,2,237.000,30,236.000,29,235.000,20,233.000,49,86.000,1,246.000,30,247.000,9,248.000,40,249.000,9,250.000,20,0,33,
124330003000,252.000,2,237.000,30,236.000,29,235.000,20,233.000,29,86.000,1,246.000,30,247.000,9,248.000,20,249.000,9,250.000,20,0,33,
124330118000,252.000,2,237.000,30,236.000,9,235.000,20,233.000,29,86.000,1,246.000,30,247.000,9,248.000,20,249.000,9,250.000,20,0,33,
124330118000,252.000,2,237.000,30,236.000,9,235.000,40,233.000,29,86.000,1,246.000,30,247.000,9,248.000,20,249.000,9,250.000,40,0,33,
124330159000,252.000,2,237.000,30,236.000,9,235.000,40,233.000,29,232.000,20,246.000,30,247.000,29,248.000,20,249.000,9,250.000,40,0,33,
124338859000,252.000,2,237.000,30,236.000,9,235.000,40,233.000,29,86.000,1,246.000,30,247.000,9,248.000,20,249.000,9,250.000,40,0,33,
124338859000,252.000,2,237.000,30,236.000,9,235.000,40,233.000,49,86.000,1,246.000,30,247.000,9,248.000,40,249.000,9,250.000,40,0,33,
124339608000,252.000,2,237.000,30,236.000,9,235.000,40,233.000,29,86.000,1,246.000,30,247.000,9,248.000,20,249.000,9,250.000,40,0,33,
124339608000,252.000,2,237.000,30,236.000,9,235.000,40,233.000,29,232.000,20,246.000,30,247.000,29,248.000,20,249.000,9,250.000,40,0,33,
124345916000,252.000,2,237.000,30,236.000,9,235.000,20,233.000,29,232.000,20,246.000,30,247.000,29,248.000,20,249.000,9,250.000,20,0,33,
124345994000,252.000,2,237.000,30,236.000,9,233.000,29,232.000,20,86.000,1,246.000,30,247.000,29,248.000,20,249.000,9,320.000,1,0,33,
124345994000,252.000,2,237.000,30,236.000,9,234.000,20,233.000,29,232.000,20,246.000,30,247.000,29,248.000,20,249.000,29,320.000,1,0,33,
124346006000,252.000,2,237.000,30,236.000,9,234.000,20,233.000,49,232.000,20,246.000,30,247.000,29,248.000,40,249.000,29,320.000,1,0,33,
124346318000,252.000,2,237.000,9,236.000,9,234.000,20,233.000,49,232.000,20,246.000,9,247.000,29,248.000,40,249.000,29,320.000,1,0,33,
124346318000,252.000,2,237.000,9,236.000,30,234.000,20,233.000,49,232.000,20,246.000,30,247.000,29,248.000,40,249.000,29,320.000,1,0,33,
124346318000,252.000,2,237.000,9,236.000,30,234.000,29,233.000,49,232.000,20,246.000,30,247.000,29,248.000,40,249.000,29,320.000,1,0,33,
124346318000,252.000,2,236.000,30,234.000,29,233.000,49,232.000,20,86.000,1,246.000,30,247.000,29,248.000,40,249.000,29,320.000,1,0,33,
124346318000,252.000,2,236.000,30,234.000,29,233.000,49,232.000,20,86.000,1,246.000,21,247.000,29,248.000,40,249.000,29,320.000,1,0,33,
124346318000,252.000,2,236.000,30,234.000,29,233.000,49,232.000,20,86.000,1,246.000,30,247.000,29,248.000,40,249.000,29,320.000,1,0,33,
124347966000,252.000,2,236.000,30,234.000,29,233.000,49,232.000,20,86.000,1,246.000,30,247.000,29,248.000,40,249.000,20,320.000,1,0,33,
124347968000,252.000,2,236.000,30,234.000,29,233.000,49,232.000,20,86.000,1,246.000,30,247.000,38,248.000,40,249.000,20,320.000,1,0,33,
124348000000,252.000,2,236.000,30,234.000,29,233.000,49,86.000,1,84.000,3,246.000,30,247.000,18,248.000,40,249.000,20,320.000,1,0,33,
124348000000,252.000,2,236.000,30,234.000,29,233.000,49,231.000,20,86.000,1,246.000,50,247.000,18,248.000,40,249.000,20,320.000,1,0,33,
124348995000,252.000,2,236.000,30,234.000,29,233.000,29,231.000,20,86.000,1,246.000,50,247.000,18,248.000,20,249.000,20,320.000,1,0,33,
124350140000,252.000,2,236.000,30,234.000,29,233.000,49,231.000,20,86.000,1,246.000,50,247.000,18,248.000,40,249.000,20,320.000,1,0,33,
124351896000,252.000,2,236.000,30,234.000,29,233.000,49,86.000,1,84.000,3,246.000,30,247.000,18,248.000,40,249.000,20,320.000,1,0,33,
124351896000,252.000,2,236.000,30,234.000,29,233.000,49,232.000,20,86.000,1,246.000,30,247.000,38,248.000,40,249.000,20,320.000,1,0,33,
124352353000,252.000,2,236.000,30,234.000,29,233.000,49,86.000,1,84.000,3,246.000,30,247.000,18,248.000,40,249.000,20,320.000,1,0,33,
124352478000,252.000,2,236.000,30,234.000,29,233.000,49,231.000,20,86.000,1,246.000,50,247.000,18,248.000,40,249.000,20,320.000,1,0,33,
124355490000,252.000,2,236.000,30,234.000,29,233.000,49,86.000,1,84.000,3,246.000,30,247.000,18,248.000,40,249.000,20,320.000,1,0,33,
124355493000,252.000,2,236.000,30,234.000,9,233.000,49,86.000,1,84.000,3,246.000,30,247.000,18,248.000,40,320.000,1,400.000,1,0,33,
124355493000,252.000,2,236.000,30,235.000,20,234.000,9,233.000,49,86.000,1,246.000,30,247.000,18,248.000,40,250.000,20,320.000,1,0,33,
124356183000,252.000,2,236.000,30,235.000,20,234.000,9,233.000,49,232.000,20,246.000,30,247.000,38,248.000,40,250.000,20,320.000,1,0,33,
124356650000,252.000,2,236.000,30,234.000,9,233.000,49,232.000,20,86.000,1,246.000,30,247.000,38,248.000,40,320.000,1,400.000,1,0,33,
124356650000,252.000,2,236.000,30,234.000,29,233.000,49,232.000,20,86.000,1,246.000,30,247.000,38,248.000,40,249.000,20,320.000,1,0,33,
124357714000,252.000,2,236.000,30,234.000,29,233.000,49,86.000,1,84.000,3,246.000,30,247.000,18,248.000,40,249.000,20,320.000,1,0,33,
124357714000,252.000,2,236.000,30,234.000,29,233.000,49,231.000,20,86.000,1,246.000,50,247.000,18,248.000,40,249.000,20,320.000,1,0,33,
124359596000,252.000,2,236.000,30,234.000,29,233.000,49,86.000,1,84.000,3,246.000,30,247.000,18,248.000,40,249.000,20,320.000,1,0,33,
124359596000,252.000,2,236.000,30,234.000,29,233.000,49,232.000,20,86.000,1,246.000,30,247.000,38,248.000,40,249.000,20,320.000,1,0,33,
124400548000,252.000,2,236.000,30,234.000,29,233.000,49,86.000,1,84.000,3,246.000,30,247.000,18,248.000,40,249.000,20,320.000,1,0,33,
124401000000,252.000,2,236.000,30,234.000,29,233.000,49,231.000,20,86.000,1,246.000,50,247.000,18,248.000,40,249.000,20,320.000,1,0,33,
124410200000,252.000,2,236.000,30,234.000,29,233.000,29,231.000,20,86.000,1,246.000,50,247.000,18,248.000,20,249.000,20,320.000,1,0,33,
124410935000,252.000,2,236.000,30,234.000,29,233.000,49,231.000,20,86.000,1,246.000,50,247.000,18,248.000,40,249.000,20,320.000,1,0,33,
124420368000,252.000,2,236.000,30,234.000,9,233.000,49,231.000,20,86.000,1,246.000,50,247.000,18,248.000,40,320.000,1,400.000,1,0,33,
124420368000,252.000,2,236.000,30,234.000,9,233.000,69,231.000,20,86.000,1,246.000,50,247.000,18,248.000,60,320.000,1,400.000,1,0,33,
124420526000,252.000,2,236.000,30,234.000,9,233.000,49,231.000,20,86.000,1,246.000,50,247.000,18,248.000,40,320.000,1,400.000,1,0,33,
124420867000,252.000,2,236.000,9,234.000,9,233.000,49,231.000,20,86.000,1,246.000,29,247.000,18,248.000,40,320.000,1,400.000,1,0,33,
124420867000,252.000,2,236.000,9,235.000,21,234.000,9,233.000,49,231.000,20,246.000,50,247.000,18,248.000,40,320.000,1,400.000,1,0,33,
124420867000,252.000,2,236.000,9,235.000,30,234.000,9,233.000,49,231.000,20,246.000,50,247.000,18,248.000,40,320.000,1,400.000,1,0,33,
124420867000,252.000,2,235.000,30,234.000,9,233.000,49,231.000,20,86.000,1,246.000,50,247.000,18,248.000,40,320.000,1,400.000,1,0,33,
124420975000,252.000,2,235.000,30,234.000,9,233.000,49,232.000,20,231.000,20,246.000,50,247.000,38,248.000,40,320.000,1,400.000,1,0,33,
124422874000,252.000,2,235.000,30,234.000,9,233.000,40,232.000,20,231.000,20,246.000,50,247.000,38,248.000,40,320.000,1,400.000,1,0,33,
124422951000,252.000,2,235.000,30,234.000,9,233.000,40,232.000,20,86.000,1,246.000,30,247.000,38,248.000,40,320.000,1,400.000,1,0,33,
124422951000,252.000,2,235.000,30,234.000,9,233.000,40,232.000,20,230.000,20,245.000,20,246.000,30,247.000,38,248.000,40,320.000,1,0,33,
124422951000,252.000,2,235.000,30,234.000,9,233.000,40,232.000,20,230.000,20,245.000,29,246.000,30,247.000,38,248.000,40,320.000,1,0,33,
124422993000,252.000,2,235.000,30,234.000,9,233.000,40,232.000,20,231.000,9,245.000,29,246.000,30,247.000,38,248.000,40,320.000,1,0,33,
124423006000,252.000,2,235.000,30,234.000,9,233.000,40,232.000,20,231.000,9,245.000,29,246.000,30,247.000,29,248.000,40,320.000,1,0,33,
124423334000,252.000,2,235.000,9,234.000,9,233.000,40,232.000,20,231.000,9,245.000,29,246.000,9,247.000,29,248.000,40,320.000,1,0,33,
124423334000,252.000,2,235.000,9,234.000,30,233.000,40,232.000,20,231.000,9,244.000,21,245.000,29,246.000,9,247.000,29,248.000,40,0,33,
124423334000,252.000,2,234.000,30,233.000,40,232.000,20,231.000,9,230.000,20,244.000,21,245.000,29,246.000,9,247.000,29,248.000,40,0,33,
124423334000,252.000,2,234.000,30,233.000,40,232.000,20,231.000,9,230.000,20,244.000,30,245.000,29,246.000,9,247.000,29,248.000,40,0,33,
124423334000,252.000,2,234.000,30,233.000,49,232.000,20,231.000,9,230.000,20,244.000,30,245.000,29,246.000,9,247.000,29,248.000,40,0,33,
124423507000,252.000,2,234.000,30,233.000,49,232.000,20,231.000,9,230.000,20,244.000,30,245.000,29,247.000,29,248.000,40,320.000,1,0,33,
124431329000,252.000,2,234.000,9,233.000,49,232.000,20,231.000,9,230.000,20,244.000,9,245.000,29,247.000,29,248.000,40,320.000,1,0,33,
124431329000,252.000,2,235.000,21,234.000,9,233.000,49,232.000,20,231.000,9,244.000,30,245.000,29,247.000,29,248.000,40,320.000,1,0,33,
124431329000,252.000,2,235.000,21,234.000,9,233.000,49,232.000,20,231.000,9,244.000,30,245.000,9,247.000,29,248.000,40,320.000,1,0,33,
124431329000,252.000,2,235.000,21,234.000,9,233.000,49,232.000,20,231.000,29,244.000,30,245.000,9,246.000,20,247.000,29,248.000,40,0,33,
124431329000,252.000,2,235.000,21,233.000,49,232.000,20,231.000,29,86.000,1,244.000,30,245.000,9,246.000,20,247.000,29,248.000,40,0,33,
124431329000,252.000,2,235.000,21,233.000,49,232.000,20,231.000,29,86.000,1,244.000,21,245.000,9,246.000,20,247.000,29,248.000,40,0,33,
124431329000,252.000,2,235.000,30,233.000,49,232.000,20,231.000,29,86.000,1,244.000,21,245.000,9,246.000,20,247.000,29,248.000,40,0,33,
124431329000,252.000,2,235.000,30,233.000,49,232.000,20,231.000,29,86.000,1,244.000,30,245.000,9,246.000,20,247.000,29,248.000,40,0,33,
124431618000,252.000,2,235.000,30,233.000,29,232.000,20,231.000,29,86.000,1,244.000,30,245.000,9,246.000,20,247.000,29,248.000,20,0,33,
124431618000,252.000,2,235.000,30,234.000,20,233.000,29,232.000,20,231.000,29,244.000,30,245.000,9,246.000,20,247.000,29,248.000,20,0,33,
124436496000,252.000,2,235.000,30,233.000,29,232.000,20,231.000,29,86.000,1,244.000,30,245.000,9,246.000,20,247.000,29,248.000,20,0,33,
124436496000,252.000,2,235.000,30,233.000,49,232.000,20,231.000,29,86.000,1,244.000,30,245.000,9,246.000,20,247.000,29,248.000,40,0,33,
124439081000,252.000,2,235.000,30,233.000,49,232.000,20,231.000,9,86.000,1,244.000,30,245.000,9,247.000,29,248.000,40,320.000,1,0,33,
124439081000,252.000,2,235.000,30,233.000,49,232.000,40,231.000,9,86.000,1,244.000,30,245.000,9,247.000,49,248.000,40,320.000,1,0,33,
124439119000,252.000,2,235.000,30,233.000,29,232.000,40,231.000,9,86.000,1,244.000,30,245.000,9,247.000,49,248.000,20,320.000,1,0,33,
124439119000,252.000,2,235.000,30,234.000,20,233.000,29,232.000,40,231.000,9,244.000,30,245.000,9,247.000,49,248.000,20,249.000,20,0,33,
124439279000,252.000,2,235.000,30,234.000,20,233.000,29,232.000,20,231.000,9,244.000,30,245.000,9,247.000,29,248.000,20,249.000,20,0,33,
124439653000,252.000,2,235.000,30,234.000,20,233.000,29,232.000,20,231.000,29,244.000,30,245.000,9,246.000,20,247.000,29,248.000,20,0,33,
124441000000,252.000,2,235.000,30,234.000,20,233.000,29,231.000,29,86.000,1,244.000,30,245.000,9,246.000,20,247.000,9,248.000,20,0,33,
124441092000,252.000,2,235.000,30,234.000,20,233.000,29,232.000,20,231.000,29,244.000,30,245.000,9,246.000,20,247.000,29,248.000,20,0,33,
124442848000,252.000,2,235.000,30,234.000,20,233.000,29,232.000,20,231.000,9,244.000,30,245.000,9,247.000,29,248.000,20,249.000,20,0,33,
124442848000,252.000,2,235.000,30,234.000,20,233.000,29,232.000,40,231.000,9,244.000,30,245.000,9,247.000,49,248.000,20,249.000,20,0,33,
124442868000,252.000,2,235.000,30,233.000,29,232.000,40,231.000,9,86.000,1,244.000,30,245.000,9,247.000,49,248.000,20,320.000,1,0,33,
124442868000,252.000,2,235.000,50,233.000,29,232.000,40,231.000,9,86.000,1,244.000,30,245.000,9,247.000,49,248.000,20,250.000,20,0,33,
124443697000,252.000,2,235.000,50,233.000,29,232.000,20,231.000,9,86.000,1,244.000,30,245.000,9,247.000,29,248.000,20,250.000,20,0,33,
124444202000,252.000,2,235.000,50,233.000,49,232.000,20,231.000,9,86.000,1,244.000,30,245.000,9,247.000,29,248.000,40,250.000,20,0,33,
124445732000,252.000,2,235.000,50,233.000,49,232.000,20,86.000,1,84.000,3,244.000,30,245.000,9,247.000,29,248.000,40,250.000,20,0,33,
124445734000,252.000,2,235.000,50,233.000,58,232.000,20,86.000,1,84.000,3,244.000,30,245.000,9,247.000,29,248.000,40,250.000,20,0,33,
124446344000,252.000,2,235.000,29,233.000,58,232.000,20,86.000,1,84.000,3,244.000,9,245.000,9,247.000,29,248.000,40,250.000,20,0,33,
124446344000,252.000,2,235.000,50,233.000,58,232.000,20,86.000,1,84.000,3,244.000,9,245.000,30,247.000,29,248.000,40,250.000,20,0,33,
124446344000,252.000,2,235.000,50,233.000,58,232.000,20,86.000,1,84.000,3,245.000,30,247.000,29,248.000,40,250.000,20,320.000,1,0,33,
124446344000,252.000,2,235.000,50,233.000,58,232.000,20,86.000,1,84.000,3,245.000,30,247.000,38,248.000,40,250.000,20,320.000,1,0,33,
124446687000,252.000,2,235.000,50,233.000,58,86.000,1,84.000,3,39.000,20,245.000,30,247.000,18,248.000,40,250.000,20,320.000,1,0,33,
124446687000,252.000,2,235.000,50,233.000,78,86.000,1,84.000,3,39.000,20,245.000,30,247.000,18,248.000,60,250.000,20,320.000,1,0,33,
124446813000,252.000,2,235.000,50,233.000,58,86.000,1,84.000,3,39.000,20,245.000,30,247.000,18,248.000,40,250.000,20,320.000,1,0,33,
124447186000,252.000,2,235.000,50,233.000,58,232.000,20,86.000,1,84.000,3,245.000,30,247.000,38,248.000,40,250.000,20,320.000,1,0,33,
124449845000,252.000,2,235.000,29,233.000,58,232.000,20,86.000,1,84.000,3,245.000,9,247.000,38,248.000,40,250.000,20,320.000,1,0,33,
124449845000,252.000,2,235.000,50,233.000,58,232.000,20,86.000,1,84.000,3,244.000,21,245.000,9,247.000,38,248.000,40,250.000,20,0,33,
124449845000,252.000,2,235.000,50,233.000,58,232.000,20,86.000,1,84.000,3,244.000,21,247.000,38,248.000,40,250.000,20,320.000,1,0,33,
124449845000,252.000,2,235.000,50,233.000,58,232.000,20,86.000,1,84.000,3,244.000,30,247.000,38,248.000,40,250.000,20,320.000,1,0,33,
124450849000,252.000,2,235.000,29,233.000,58,232.000,20,86.000,1,84.000,3,244.000,9,247.000,38,248.000,40,250.000,20,320.000,1,0,33,
124450849000,252.000,2,235.000,50,233.000,58,232.000,20,86.000,1,84.000,3,244.000,9,245.000,21,247.000,38,248.000,40,250.000,20,0,33,
124450849000,252.000,2,235.000,50,233.000,58,232.000,20,86.000,1,84.000,3,245.000,21,247.000,38,248.000,40,250.000,20,320.000,1,0,33,
124450849000,252.000,2,235.000,50,233.000,58,232.000,20,86.000,1,84.000,3,245.000,30,247.000,38,248.000,40,250.000,20,320.000,1,0,33,
124455876000,252.000,2,235.000,30,233.000,58,232.000,20,86.000,1,84.000,3,245.000,30,247.000,38,248.000,40,320.000,1,400.000,1,0,33,
124455876000,252.000,2,235.000,30,234.000,20,233.000,58,232.000,20,86.000,1,245.000,30,247.000,38,248.000,40,249.000,20,320.000,1,0,33,
124455895000,252.000,2,235.000,30,234.000,20,233.000,38,232.000,20,86.000,1,245.000,30,247.000,38,248.000,20,249.000,20,320.000,1,0,33,
124456046000,252.000,2,235.000,30,234.000,20,233.000,38,232.000,40,86.000,1,245.000,30,247.000,58,248.000,20,249.000,20,320.000,1,0,33,
124457829000,252.000,2,235.000,30,233.000,38,232.000,40,86.000,1,84.000,3,245.000,30,247.000,58,248.000,20,320.000,1,400.000,1,0,33,
124457829000,252.000,2,235.000,50,233.000,38,232.000,40,86.000,1,84.000,3,245.000,30,247.000,58,248.000,20,250.000,20,320.000,1,0,33,
124457897000,252.000,2,235.000,50,233.000,38,232.000,20,86.000,1,84.000,3,245.000,30,247.000,38,248.000,20,250.000,20,320.000,1,0,33,
124457897000,252.000,2,235.000,50,233.000,58,232.000,20,86.000,1,84.000,3,245.000,30,247.000,38,248.000,40,250.000,20,320.000,1,0,33,
124459256000,252.000,2,235.000,50,233.000,38,232.000,20,86.000,1,84.000,3,245.000,30,247.000,38,248.000,20,250.000,20,320.000,1,0,33,
124459256000,252.000,2,235.000,50,233.000,38,232.000,40,86.000,1,84.000,3,245.000,30,247.000,58,248.000,20,250.000,20,320.000,1,0,33,
124502816000,252.000,2,235.000,50,233.000,38,232.000,20,86.000,1,84.000,3,245.000,30,247.000,38,248.000,20,250.000,20,320.000,1,0,33,
124503679000,252.000,2,235.000,50,233.000,58,232.000,20,86.000,1,84.000,3,245.000,30,247.000,38,248.000,40,250.000,20,320.000,1,0,33,
124505611000,252.000,2,235.000,50,233.000,58,86.000,1,84.000,3,39.000,20,245.000,30,247.000,18,248.000,40,250.000,20,320.000,1,0,33,
124505611000,252.000,2,235.000,50,233.000,78,86.000,1,84.000,3,39.000,20,245.000,30,247.000,18,248.000,60,250.000,20,320.000,1,0,33,
124508406000,252.000,2,235.000,50,233.000,58,86.000,1,84.000,3,39.000,20,245.000,30,247.000,18,248.000,40,250.000,20,320.000,1,0,33,
124508406000,252.000,2,235.000,50,233.000,58,232.000,20,86.000,1,84.000,3,245.000,30,247.000,38,248.000,40,250.000,20,320.000,1,0,33,
124510127000,252.000,2,235.000,50,233.000,58,86.000,1,84.000,3,39.000,20,245.000,30,247.000,18,248.000,40,250.000,20,320.000,1,0,33,
124510127000,252.000,2,235.000,50,233.000,78,86.000,1,84.000,3,39.000,20,245.000,30,247.000,18,248.000,60,250.000,20,320.000,1,0,33,
124510252000,252.000,2,235.000,50,233.000,58,86.000,1,84.000,3,39.000,20,245.000,30,247.000,18,248.000,40,250.000,20,320.000,1,0,33,
124510627000,252.000,2,235.000,50,233.000,78,86.000,1,84.000,3,39.000,20,245.000,30,247.000,18,248.000,60,250.000,20,320.000,1,0,33,
124510877000,252.000,2,235.000,50,233.000,58,86.000,1,84.000,3,39.000,20,245.000,30,247.000,18,248.000,40,250.000,20,320.000,1,0,33,
124511253000,252.000,2,235.000,50,233.000,58,232.000,20,86.000,1,84.000,3,245.000,30,247.000,38,248.000,40,250.000,20,320.000,1,0,33,
124512502000,252.000,2,235.000,50,233.000,58,86.000,1,84.000,3,39.000,20,245.000,30,247.000,18,248.000,40,250.000,20,320.000,1,0,33,
124512502000,252.000,2,235.000,50,233.000,78,86.000,1,84.000,3,39.000,20,245.000,30,247.000,18,248.000,60,250.000,20,320.000,1,0,33,
124512626000,252.000,2,235.000,50,233.000,58,86.000,1,84.000,3,39.000,20,245.000,30,247.000,18,248.000,40,250.000,20,320.000,1,0,33,
124513001000,252.000,2,235.000,50,233.000,58,232.000,20,86.000,1,84.000,3,245.000,30,247.000,38,248.000,40,250.000,20,320.000,1,0,33,
124522619000,252.000,2,235.000,30,233.000,58,232.000,20,86.000,1,84.000,3,245.000,30,247.000,38,248.000,40,320.000,1,400.000,1,0,33,
124522619000,252.000,2,235.000,30,234.000,20,233.000,58,232.000,20,86.000,1,245.000,30,247.000,38,248.000,40,249.000,20,320.000,1,0,33,
124523700000,252.000,2,235.000,30,234.000,20,233.000,38,232.000,20,86.000,1,245.000,30,247.000,38,248.000,20,249.000,20,320.000,1,0,33,
124524436000,252.000,2,235.000,30,234.000,20,233.000,58,232.000,20,86.000,1,245.000,30,247.000,38,248.000,40,249.000,20,320.000,1,0,33,
124524746000,252.000,2,235.000,30,234.000,20,233.000,58,86.000,1,84.000,3,245.000,30,247.000,18,248.000,40,249.000,20,320.000,1,0,33,
124524746000,252.000,2,235.000,30,234.000,20,233.000,58,231.000,20,86.000,1,245.000,30,246.000,20,247.000,18,248.000,40,249.000,20,0,33,
124525237000,252.000,2,235.000,30,234.000,20,233.000,58,86.000,1,84.000,3,245.000,30,247.000,18,248.000,40,249.000,20,320.000,1,0,33,
124525248000,252.000,2,235.000,30,234.000,20,233.000,58,232.000,20,86.000,1,245.000,30,247.000,38,248.000,40,249.000,20,320.000,1,0,33,
124533994000,252.000,2,235.000,30,233.000,58,232.000,20,86.000,1,84.000,3,245.000,30,247.000,38,248.000,40,320.000,1,400.000,1,0,33,
124533994000,252.000,2,235.000,50,233.000,58,232.000,20,86.000,1,84.000,3,245.000,30,247.000,38,248.000,40,250.000,20,320.000,1,0,33,
124534067000,252.000,2,235.000,50,233.000,58,86.000,1,84.000,3,39.000,20,245.000,30,247.000,18,248.000,40,250.000,20,320.000,1,0,33,
124534067000,252.000,2,235.000,50,233.000,78,86.000,1,84.000,3,39.000,20,245.000,30,247.000,18,248.000,60,250.000,20,320.000,1,0,33,
124534370000,252.000,2,235.000,30,233.000,78,86.000,1,84.000,3,39.000,20,245.000,30,247.000,18,248.000,60,320.000,1,400.000,1,0,33,
124534370000,252.000,2,236.000,20,235.000,30,233.000,78,86.000,1,84.000,3,245.000,30,247.000,18,248.000,60,251.000,20,320.000,1,0,33,
124534370000,252.000,2,236.000,29,235.000,30,233.000,78,86.000,1,84.000,3,245.000,30,247.000,18,248.000,60,251.000,20,320.000,1,0,33,
124534430000,252.000,2,236.000,29,235.000,30,233.000,78,86.000,1,84.000,3,245.000,30,247.000,9,248.000,60,251.000,20,320.000,1,0,33,
124534431000,252.000,2,236.000,29,235.000,30,233.000,58,86.000,1,84.000,3,245.000,30,247.000,9,248.000,40,251.000,20,320.000,1,0,33,
124534494000,252.000,2,236.000,9,235.000,30,233.000,58,86.000,1,84.000,3,245.000,30,247.000,9,248.000,40,320.000,1,400.000,1,0,33,
124534495000,252.000,2,237.000,20,236.000,9,235.000,30,233.000,58,86.000,1,245.000,30,247.000,9,248.000,40,252.000,20,320.000,1,0,33,
124534495000,252.000,2,237.000,20,235.000,30,233.000,58,86.000,1,84.000,3,245.000,30,247.000,9,248.000,40,252.000,20,320.000,1,0,33,
124534495000,252.000,2,237.000,29,235.000,30,233.000,58,86.000,1,84.000,3,245.000,30,247.000,9,248.000,40,252.000,20,320.000,1,0,33,
124534507000,252.000,2,237.000,29,235.000,50,233.000,58,86.000,1,84.000,3,245.000,30,247.000,9,248.000,40,250.000,20,252.000,20,0,33,
124534507000,252.000,2,237.000,29,235.000,50,233.000,49,86.000,1,84.000,3,245.000,30,247.000,9,248.000,40,250.000,20,252.000,20,0,33,
124534552000,252.000,2,237.000,29,235.000,50,233.000,49,86.000,1,84.000,3,245.000,30,247.000,9,248.000,40,250.000,29,252.000,20,0,33,
124534665000,252.000,2,237.000,29,235.000,50,233.000,29,86.000,1,84.000,3,245.000,30,247.000,9,248.000,20,250.000,29,252.000,20,0,33,
124534743000,252.000,2,237.000,29,235.000,50,233.000,9,86.000,1,84.000,3,245.000,30,247.000,9,250.000,29,252.000,20,320.000,1,0,33,
124534743000,252.000,2,237.000,29,235.000,50,234.000,20,233.000,9,86.000,1,245.000,30,247.000,9,249.000,20,250.000,29,252.000,20,0,33,
124535396000,252.000,2,237.000,29,235.000,29,234.000,20,233.000,9,86.000,1,245.000,9,247.000,9,249.000,20,250.000,29,252.000,20,0,33,
124535396000,252.000,2,238.000,21,237.000,29,235.000,29,234.000,20,233.000,9,245.000,9,246.000,21,247.000,9,249.000,20,250.000,29,0,33,
124535396000,252.000,2,238.000,30,237.000,29,235.000,29,234.000,20,233.000,9,245.000,9,246.000,21,247.000,9,249.000,20,250.000,29,0,33,
124535396000,252.000,2,238.000,30,237.000,29,235.000,29,234.000,20,233.000,9,245.000,9,246.000,21,247.000,9,249.000,29,250.000,29,0,33,
124535396000,252.000,2,238.000,30,237.000,29,235.000,29,234.000,20,233.000,9,246.000,21,247.000,9,249.000,29,250.000,29,252.000,20,0,33,
124535397000,252.000,2,238.000,30,237.000,29,235.000,29,234.000,20,233.000,9,246.000,30,247.000,9,249.000,29,250.000,29,252.000,20,0,33,
124535506000,252.000,2,238.000,30,237.000,29,235.000,20,234.000,20,233.000,9,246.000,30,247.000,9,249.000,29,250.000,29,252.000,20,0,33,
124535506000,252.000,2,238.000,30,237.000,29,235.000,20,234.000,20,233.000,9,246.000,30,247.000,9,249.000,20,250.000,29,252.000,20,0,33,
124535553000,252.000,2,238.000,30,237.000,29,235.000,20,234.000,20,86.000,1,246.000,30,247.000,9,249.000,20,250.000,29,252.000,20,0,33,
124535553000,252.000,2,238.000,30,237.000,29,235.000,29,234.000,20,86.000,1,246.000,30,247.000,9,249.000,20,250.000,29,252.000,20,0,33,
124538913000,252.000,2,238.000,30,237.000,29,235.000,49,234.000,20,86.000,1,246.000,30,247.000,9,249.000,20,250.000,49,252.000,20,0,33,
124539421000,252.000,2,238.000,30,237.000,29,235.000,49,86.000,1,84.000,3,246.000,30,247.000,9,250.000,49,252.000,20,320.000,1,0,33,
124539421000,252.000,2,238.000,30,237.000,29,235.000,69,86.000,1,84.000,3,246.000,30,247.000,9,250.000,69,252.000,20,320.000,1,0,33,
124539494000,252.000,2,238.000,30,237.000,9,235.000,69,86.000,1,84.000,3,246.000,30,247.000,9,250.000,69,320.000,1,400.000,1,0,33,
124539494000,252.000,2,238.000,50,237.000,9,235.000,69,86.000,1,84.000,3,246.000,30,247.000,9,250.000,69,253.000,20,320.000,1,0,33,
124539913000,252.000,2,238.000,50,237.000,9,235.000,49,86.000,1,84.000,3,246.000,30,247.000,9,250.000,49,253.000,20,320.000,1,0,33,
124539924000,252.000,2,238.000,50,237.000,9,235.000,49,234.000,20,86.000,1,246.000,30,247.000,9,249.000,20,250.000,49,253.000,20,0,33,
124540022000,252.000,2,238.000,50,237.000,9,235.000,49,86.000,1,84.000,3,246.000,30,247.000,9,250.000,49,253.000,20,320.000,1,0,33,
124540539000,252.000,2,238.000,50,237.000,9,235.000,49,234.000,20,86.000,1,246.000,30,247.000,9,249.000,20,250.000,49,253.000,20,0,33,
124541119000,252.000,2,238.000,29,237.000,9,235.000,49,234.000,20,86.000,1,246.000,9,247.000,9,249.000,20,250.000,49,253.000,20,0,33,
124541119000,252.000,2,238.000,50,237.000,9,235.000,49,234.000,20,86.000,1,246.000,9,247.000,30,249.000,20,250.000,49,253.000,20,0,33,
124541122000,252.000,2,238.000,50,237.000,9,235.000,49,234.000,20,86.000,1,246.000,9,247.000,30,249.000,29,250.000,49,253.000,20,0,33,
124541122000,252.000,2,238.000,50,237.000,9,235.000,49,234.000,20,86.000,1,247.000,30,249.000,29,250.000,49,253.000,20,320.000,1,0,33,
124541164000,252.000,2,238.000,50,237.000,9,235.000,49,86.000,1,84.000,3,247.000,30,249.000,9,250.000,49,253.000,20,320.000,1,0,33,
124541164000,252.000,2,238.000,50,237.000,9,235.000,69,86.000,1,84.000,3,247.000,30,249.000,9,250.000,69,253.000,20,320.000,1,0,33,
124541473000,252.000,2,238.000,50,237.000,9,235.000,49,86.000,1,84.000,3,247.000,30,249.000,9,250.000,49,253.000,20,320.000,1,0,33,
124541993000,252.000,2,238.000,30,237.000,9,235.000,49,86.000,1,84.000,3,247.000,30,249.000,9,250.000,49,320.000,1,400.000,1,0,33,
124541993000,252.000,2,239.000,20,238.000,30,237.000,9,235.000,49,86.000,1,247.000,30,249.000,9,250.000,49,254.000,20,320.000,1,0,33,
124541994000,252.000,2,239.000,29,238.000,30,237.000,9,235.000,49,86.000,1,247.000,30,249.000,9,250.000,49,254.000,20,320.000,1,0,33,
124542007000,252.000,2,239.000,29,238.000,30,237.000,9,235.000,29,86.000,1,247.000,30,249.000,9,250.000,29,254.000,20,320.000,1,0,33,
124542007000,252.000,2,239.000,29,238.000,30,237.000,29,235.000,29,86.000,1,247.000,30,249.000,9,250.000,29,252.000,20,254.000,20,0,33,
124542007000,252.000,2,239.000,29,238.000,30,237.000,20,235.000,29,86.000,1,247.000,30,249.000,9,250.000,29,252.000,20,254.000,20,0,33,
124542098000,252.000,2,239.000,29,238.000,30,237.000,20,236.000,20,235.000,29,247.000,30,249.000,9,250.000,29,251.000,20,252.000,20,0,33,
124542216000,252.000,2,239.000,29,238.000,9,237.000,20,236.000,20,235.000,29,247.000,9,249.000,9,250.000,29,251.000,20,252.000,20,0,33,
124542216000,252.000,2,240.000,21,239.000,29,238.000,9,237.000,20,236.000,20,247.000,9,248.000,21,249.000,9,250.000,29,251.000,20,0,33,
124542216000,252.000,2,240.000,21,239.000,29,238.000,9,237.000,20,236.000,20,248.000,21,249.000,9,250.000,29,251.000,20,252.000,20,0,33,
124542216000,252.000,2,240.000,21,239.000,29,238.000,9,237.000,20,236.000,20,248.000,21,249.000,9,250.000,38,251.000,20,252.000,20,0,33,
124542216000,252.000,2,240.000,30,239.000,29,238.000,9,237.000,20,236.000,20,248.000,21,249.000,9,250.000,38,251.000,20,252.000,20,0,33,
124542216000,252.000,2,240.000,30,239.000,29,238.000,9,237.000,20,236.000,20,248.000,30,249.000,9,250.000,38,251.000,20,252.000,20,0,33,
124542506000,252.000,2,240.000,30,239.000,29,237.000,20,236.000,20,235.000,29,248.000,30,249.000,9,250.000,38,251.000,20,252.000,20,0,33,
124542506000,252.000,2,240.000,30,239.000,29,237.000,20,236.000,20,235.000,29,248.000,30,249.000,9,250.000,29,251.000,20,252.000,20,0,33,
124545343000,252.000,2,240.000,30,239.000,29,237.000,20,236.000,20,235.000,9,248.000,30,249.000,9,250.000,9,251.000,20,252.000,20,0,33,
124545343000,252.000,2,240.000,30,239.000,29,237.000,20,236.000,40,235.000,9,248.000,30,249.000,9,250.000,9,251.000,40,252.000,20,0,33,
124545874000,252.000,2,240.000,30,239.000,29,237.000,20,236.000,40,86.000,1,248.000,30,249.000,9,250.000,9,251.000,40,252.000,20,0,33,
124545875000,252.000,2,240.000,30,239.000,29,237.000,29,236.000,40,86.000,1,248.000,30,249.000,9,250.000,9,251.000,40,252.000,20,0,33,
124545894000,252.000,2,240.000,30,239.000,29,237.000,29,236.000,40,86.000,1,248.000,30,249.000,9,251.000,40,252.000,20,254.000,20,0,33,
124545961000,252.000,2,240.000,30,239.000,29,237.000,29,236.000,20,86.000,1,248.000,30,249.000,9,251.000,20,252.000,20,254.000,20,0,33,
124545961000,252.000,2,240.000,30,239.000,29,237.000,49,236.000,20,86.000,1,248.000,30,249.000,9,251.000,20,252.000,40,254.000,20,0,33,
124545995000,252.000,2,240.000,30,239.000,9,237.000,49,236.000,20,86.000,1,248.000,30,249.000,9,251.000,20,252.000,40,320.000,1,0,33,
124545995000,252.000,2,240.000,50,239.000,9,237.000,49,236.000,20,86.000,1,248.000,30,249.000,9,251.000,20,252.000,40,255.000,20,0,33,
124546119000,252.000,2,240.000,30,239.000,9,237.000,49,236.000,20,86.000,1,248.000,30,249.000,9,251.000,20,252.000,40,320.000,1,0,33,
124546119000,252.000,2,241.000,20,240.000,30,239.000,9,237.000,49,236.000,20,248.000,30,249.000,9,251.000,20,252.000,40,256.000,20,0,33,
124546119000,252.000,2,241.000,29,240.000,30,239.000,9,237.000,49,236.000,20,248.000,30,249.000,9,251.000,20,252.000,40,256.000,20,0,33,
124546506000,252.000,2,241.000,29,240.000,30,237.000,49,236.000,20,86.000,1,248.000,30,249.000,9,251.000,20,252.000,40,256.000,20,0,33,
124546809000,252.000,2,241.000,29,240.000,9,237.000,49,236.000,20,86.000,1,248.000,9,249.000,9,251.000,20,252.000,40,256.000,20,0,33,
124546809000,252.000,2,242.000,21,241.000,29,240.000,9,237.000,49,236.000,20,248.000,9,249.000,30,251.000,20,252.000,40,256.000,20,0,33,
124546809000,252.000,2,242.000,21,241.000,29,240.000,9,237.000,49,236.000,20,249.000,30,251.000,20,252.000,40,256.000,20,320.000,1,0,33,
124546809000,252.000,2,242.000,21,241.000,29,240.000,9,237.000,49,236.000,20,249.000,30,251.000,29,252.000,40,256.000,20,320.000,1,0,33,
124546809000,252.000,2,242.000,30,241.000,29,240.000,9,237.000,49,236.000,20,249.000,30,251.000,29,252.000,40,256.000,20,320.000,1,0,33,
124546869000,252.000,2,242.000,30,241.000,9,240.000,9,237.000,49,236.000,20,249.000,30,251.000,29,252.000,40,320.000,1,400.000,1,0,33,
124546869000,252.000,2,242.000,30,241.000,9,240.000,29,237.000,49,236.000,20,249.000,30,251.000,29,252.000,40,255.000,20,320.000,1,0,33,
124546891000,252.000,2,242.000,30,241.000,9,240.000,29,237.000,29,236.000,20,249.000,30,251.000,29,252.000,20,255.000,20,320.000,1,0,33,
124546891000,252.000,2,242.000,30,241.000,9,240.000,29,237.000,29,236.000,40,249.000,30,251.000,49,252.000,20,255.000,20,320.000,1,0,33,
124546995000,252.000,2,242.000,30,241.000,9,240.000,29,237.000,29,236.000,40,249.000,30,251.000,49,252.000,20,253.000,9,255.000,20,0,33,
124547006000,252.000,2,242.000,30,241.000,9,240.000,20,237.000,29,236.000,40,249.000,30,251.000,49,252.000,20,253.000,9,255.000,20,0,33,
124547048000,252.000,2,242.000,9,241.000,9,240.000,20,237.000,29,236.000,40,249.000,9,251.000,49,252.000,20,253.000,9,255.000,20,0,33,
124547048000,252.000,2,242.000,9,241.000,30,240.000,20,237.000,29,236.000,40,249.000,30,251.000,49,252.000,20,253.000,9,255.000,20,0,33,
124547049000,252.000,2,242.000,9,241.000,30,240.000,29,237.000,29,236.000,40,249.000,30,251.000,49,252.000,20,253.000,9,255.000,20,0,33,
124547049000,252.000,2,241.000,30,240.000,29,237.000,29,236.000,40,86.000,1,249.000,30,251.000,49,252.000,20,253.000,9,255.000,20,0,33,
124547049000,252.000,2,241.000,30,240.000,29,237.000,29,236.000,40,86.000,1,249.000,21,251.000,49,252.000,20,253.000,9,255.000,20,0,33,
124547265000,252.000,2,241.000,30,240.000,29,237.000,29,236.000,20,86.000,1,249.000,21,251.000,29,252.000,20,253.000,9,255.000,20,0,33,
124547390000,252.000,2,241.000,30,240.000,29,237.000,29,236.000,40,86.000,1,249.000,21,251.000,49,252.000,20,253.000,9,255.000,20,0,33,
124547606000,252.000,2,241.000,30,240.000,29,237.000,29,236.000,40,86.000,1,249.000,30,251.000,49,252.000,20,253.000,9,255.000,20,0,33,
124547640000,252.000,2,241.000,30,240.000,29,237.000,29,236.000,20,86.000,1,249.000,30,251.000,29,252.000,20,253.000,9,255.000,20,0,33,
124548001000,252.000,2,241.000,30,240.000,29,237.000,49,236.000,20,86.000,1,249.000,30,251.000,29,252.000,40,253.000,9,255.000,20,0,33,
124548757000,252.000,2,241.000,30,240.000,29,237.000,29,236.000,20,86.000,1,249.000,30,251.000,29,252.000,20,253.000,9,255.000,20,0,33,
124548757000,252.000,2,241.000,30,240.000,29,237.000,29,236.000,40,86.000,1,249.000,30,251.000,49,252.000,20,253.000,9,255.000,20,0,33,
124549234000,252.000,2,241.000,30,240.000,29,237.000,29,236.000,20,86.000,1,249.000,30,251.000,29,252.000,20,253.000,9,255.000,20,0,33,
124549258000,252.000,2,241.000,30,240.000,29,237.000,29,86.000,1,84.000,3,249.000,30,251.000,9,252.000,20,253.000,9,255.000,20,0,33,
124549259000,252.000,2,241.000,30,240.000,29,237.000,49,86.000,1,84.000,3,249.000,30,251.000,9,252.000,40,253.000,9,255.000,20,0,33,
124549371000,252.000,2,241.000,9,240.000,29,237.000,49,86.000,1,84.000,3,249.000,9,251.000,9,252.000,40,253.000,9,255.000,20,0,33,
124549371000,252.000,2,242.000,21,241.000,9,240.000,29,237.000,49,86.000,1,249.000,30,251.000,9,252.000,40,253.000,9,255.000,20,0,33,
124549371000,252.000,2,242.000,21,241.000,9,240.000,29,237.000,49,86.000,1,249.000,30,251.000,9,252.000,49,253.000,9,255.000,20,0,33,
124549371000,252.000,2,242.000,21,241.000,9,240.000,29,237.000,49,86.000,1,249.000,21,251.000,9,252.000,49,253.000,9,255.000,20,0,33,
124549371000,252.000,2,242.000,21,240.000,29,237.000,49,86.000,1,84.000,3,249.000,21,251.000,9,252.000,49,253.000,9,255.000,20,0,33,
124549371000,252.000,2,242.000,30,240.000,29,237.000,49,86.000,1,84.000,3,249.000,21,251.000,9,252.000,49,253.000,9,255.000,20,0,33,
124549371000,252.000,2,242.000,30,240.000,29,237.000,49,86.000,1,84.000,3,249.000,30,251.000,9,252.000,49,253.000,9,255.000,20,0,33,
124549506000,252.000,2,242.000,30,240.000,29,237.000,49,86.000,1,84.000,3,249.000,30,251.000,9,252.000,40,253.000,9,255.000,20,0,33,
124549618000,252.000,2,242.000,30,240.000,9,237.000,49,86.000,1,84.000,3,249.000,30,251.000,9,252.000,40,253.000,9,320.000,1,0,33,
124549618000,252.000,2,242.000,30,241.000,20,240.000,9,237.000,49,86.000,1,249.000,30,251.000,9,252.000,40,253.000,9,256.000,20,0,33,
124550443000,252.000,2,242.000,30,241.000,20,240.000,9,237.000,69,86.000,1,249.000,30,251.000,9,252.000,60,253.000,9,256.000,20,0,33,
124557994000,252.000,2,242.000,30,240.000,9,237.000,69,86.000,1,84.000,3,249.000,30,251.000,9,252.000,60,253.000,9,320.000,1,0,33,
124557994000,252.000,2,242.000,30,240.000,29,237.000,69,86.000,1,84.000,3,249.000,30,251.000,9,252.000,60,253.000,9,255.000,20,0,33,
124558374000,252.000,2,242.000,9,240.000,29,237.000,69,86.000,1,84.000,3,249.000,9,251.000,9,252.000,60,253.000,9,255.000,20,0,33,
124558374000,252.000,2,242.000,9,241.000,21,240.000,29,237.000,69,86.000,1,249.000,30,251.000,9,252.000,60,253.000,9,255.000,20,0,33,
124558375000,252.000,2,242.000,9,241.000,21,240.000,29,237.000,69,86.000,1,249.000,30,251.000,9,252.000,69,253.000,9,255.000,20,0,33,
124558375000,252.000,2,242.000,9,241.000,30,240.000,29,237.000,69,86.000,1,249.000,30,251.000,9,252.000,69,253.000,9,255.000,20,0,33,
124558375000,252.000,2,241.000,30,240.000,29,237.000,69,86.000,1,84.000,3,249.000,30,251.000,9,252.000,69,253.000,9,255.000,20,0,33,
124558375000,252.000,2,241.000,30,240.000,29,237.000,69,86.000,1,84.000,3,249.000,21,251.000,9,252.000,69,253.000,9,255.000,20,0,33,
124558606000,252.000,2,241.000,30,240.000,29,237.000,69,86.000,1,84.000,3,249.000,30,251.000,9,252.000,69,253.000,9,255.000,20,0,33,
124559006000,252.000,2,241.000,30,240.000,29,237.000,69,86.000,1,84.000,3,249.000,30,251.000,9,252.000,60,253.000,9,255.000,20,0,33,
124559201000,252.000,2,241.000,30,240.000,29,237.000,49,86.000,1,84.000,3,249.000,30,251.000,9,252.000,40,253.000,9,255.000,20,0,33,
124559201000,252.000,2,241.000,30,240.000,29,237.000,49,236.000,20,86.000,1,249.000,30,251.000,29,252.000,40,253.000,9,255.000,20,0,33,
124600396000,252.000,2,241.000,30,240.000,29,237.000,49,86.000,1,84.000,3,249.000,30,251.000,9,252.000,40,253.000,9,255.000,20,0,33,
124600396000,252.000,2,241.000,30,240.000,29,237.000,69,86.000,1,84.000,3,249.000,30,251.000,9,252.000,60,253.000,9,255.000,20,0,33,
124601392000,252.000,2,241.000,30,240.000,29,237.000,49,86.000,1,84.000,3,249.000,30,251.000,9,252.000,40,253.000,9,255.000,20,0,33,
124601392000,252.000,2,241.000,30,240.000,29,237.000,49,236.000,20,86.000,1,249.000,30,251.000,29,252.000,40,253.000,9,255.000,20,0,33,
124601891000,252.000,2,241.000,30,240.000,29,237.000,49,86.000,1,84.000,3,249.000,30,251.000,9,252.000,40,253.000,9,255.000,20,0,33,
124601891000,252.000,2,241.000,30,240.000,29,237.000,69,86.000,1,84.000,3,249.000,30,251.000,9,252.000,60,253.000,9,255.000,20,0,33,
124602266000,252.000,2,241.000,30,240.000,29,237.000,49,86.000,1,84.000,3,249.000,30,251.000,9,252.000,40,253.000,9,255.000,20,0,33,
124602390000,252.000,2,241.000,30,240.000,29,237.000,49,236.000,20,86.000,1,249.000,30,251.000,29,252.000,40,253.000,9,255.000,20,0,33,
124602515000,252.000,2,241.000,30,240.000,29,237.000,49,86.000,1,84.000,3,249.000,30,251.000,9,252.000,40,253.000,9,255.000,20,0,33,
124602891000,252.000,2,241.000,30,240.000,29,237.000,69,86.000,1,84.000,3,249.000,30,251.000,9,252.000,60,253.000,9,255.000,20,0,33,
124603490000,252.000,2,241.000,30,240.000,29,237.000,49,86.000,1,84.000,3,249.000,30,251.000,9,252.000,40,253.000,9,255.000,20,0,33,
124603490000,252.000,2,241.000,30,240.000,29,237.000,49,236.000,20,86.000,1,249.000,30,251.000,29,252.000,40,253.000,9,255.000,20,0,33,
124603506000,252.000,2,241.000,30,240.000,29,237.000,29,236.000,20,86.000,1,249.000,30,251.000,29,252.000,20,253.000,9,255.000,20,0,33,
124603868000,252.000,2,241.000,30,240.000,9,237.000,29,236.000,20,86.000,1,249.000,30,251.000,29,252.000,20,253.000,9,320.000,1,0,33,
124603868000,252.000,2,241.000,30,240.000,9,239.000,20,237.000,29,236.000,20,249.000,30,251.000,29,252.000,20,253.000,9,254.000,20,0,33,
124604116000,252.000,2,241.000,30,240.000,9,239.000,20,237.000,29,236.000,40,249.000,30,251.000,49,252.000,20,253.000,9,254.000,20,0,33,
124607037000,252.000,2,241.000,30,240.000,9,239.000,20,237.000,29,236.000,20,249.000,30,251.000,29,252.000,20,253.000,9,254.000,20,0,33,
124607037000,252.000,2,241.000,30,240.000,9,239.000,20,237.000,49,236.000,20,249.000,30,251.000,29,252.000,40,253.000,9,254.000,20,0,33,
124607161000,252.000,2,241.000,30,240.000,9,239.000,20,237.000,29,236.000,20,249.000,30,251.000,29,252.000,20,253.000,9,254.000,20,0,33,
124607642000,252.000,2,241.000,30,240.000,9,239.000,20,237.000,29,236.000,40,249.000,30,251.000,49,252.000,20,253.000,9,254.000,20,0,33,
124608631000,252.000,2,241.000,30,240.000,9,239.000,20,237.000,29,236.000,20,249.000,30,251.000,29,252.000,20,253.000,9,254.000,20,0,33,
124608631000,252.000,2,241.000,30,240.000,9,239.000,20,237.000,49,236.000,20,249.000,30,251.000,29,252.000,40,253.000,9,254.000,20,0,33,
124608744000,252.000,2,241.000,30,240.000,9,237.000,49,236.000,20,86.000,1,249.000,30,251.000,29,252.000,40,253.000,9,320.000,1,0,33,
124608744000,252.000,2,241.000,30,240.000,29,237.000,49,236.000,20,86.000,1,249.000,30,251.000,29,252.000,40,253.000,9,255.000,20,0,33,
124609003000,252.000,2,241.000,30,240.000,29,237.000,29,236.000,20,86.000,1,249.000,30,251.000,29,252.000,20,253.000,9,255.000,20,0,33,
124609131000,252.000,2,241.000,30,240.000,29,237.000,29,236.000,40,86.000,1,249.000,30,251.000,49,252.000,20,253.000,9,255.000,20,0,33,
124609631000,252.000,2,241.000,30,240.000,29,237.000,29,236.000,20,86.000,1,249.000,30,251.000,29,252.000,20,253.000,9,255.000,20,0,33,
124609631000,252.000,2,241.000,30,240.000,29,237.000,49,236.000,20,86.000,1,249.000,30,251.000,29,252.000,40,253.000,9,255.000,20,0,33,
124610006000,252.000,2,241.000,30,240.000,29,237.000,29,236.000,20,86.000,1,249.000,30,251.000,29,252.000,20,253.000,9,255.000,20,0,33,
124610130000,252.000,2,241.000,30,240.000,29,237.000,29,236.000,40,86.000,1,249.000,30,251.000,49,252.000,20,253.000,9,255.000,20,0,33,
124610748000,252.000,2,241.000,30,240.000,29,237.000,29,236.000,20,86.000,1,249.000,30,251.000,29,252.000,20,253.000,9,255.000,20,0,33,
124610748000,252.000,2,241.000,30,240.000,29,237.000,49,236.000,20,86.000,1,249.000,30,251.000,29,252.000,40,253.000,9,255.000,20,0,33,
124610868000,252.000,2,241.000,30,240.000,29,237.000,29,236.000,20,86.000,1,249.000,30,251.000,29,252.000,20,253.000,9,255.000,20,0,33,
124611370000,252.000,2,241.000,30,240.000,29,237.000,29,236.000,40,86.000,1,249.000,30,251.000,49,252.000,20,253.000,9,255.000,20,0,33,
124613246000,252.000,2,241.000,30,240.000,9,237.000,29,236.000,40,86.000,1,249.000,30,251.000,49,252.000,20,253.000,9,320.000,1,0,33,
124613246000,252.000,2,241.000,30,240.000,9,239.000,20,237.000,29,236.000,40,249.000,30,251.000,49,252.000,20,253.000,9,254.000,20,0,33,
124614220000,252.000,2,241.000,30,240.000,9,239.000,20,237.000,29,236.000,20,249.000,30,251.000,29,252.000,20,253.000,9,254.000,20,0,33,
124614220000,252.000,2,241.000,30,240.000,9,239.000,20,237.000,49,236.000,20,249.000,30,251.000,29,252.000,40,253.000,9,254.000,20,0,33,
124614243000,252.000,2,241.000,30,240.000,9,237.000,49,236.000,20,86.000,1,249.000,30,251.000,29,252.000,40,253.000,9,320.000,1,0,33,
124614243000,252.000,2,241.000,30,240.000,29,237.000,49,236.000,20,86.000,1,249.000,30,251.000,29,252.000,40,253.000,9,255.000,20,0,33,
124614338000,252.000,2,241.000,30,240.000,29,237.000,49,86.000,1,84.000,3,249.000,30,251.000,9,252.000,40,253.000,9,255.000,20,0,33,
124614483000,252.000,2,241.000,30,240.000,29,238.000,20,237.000,49,86.000,1,249.000,30,251.000,9,252.000,40,253.000,29,255.000,20,0,33,
124615743000,252.000,2,241.000,30,240.000,9,238.000,20,237.000,49,86.000,1,249.000,30,251.000,9,252.000,40,253.000,29,320.000,1,0,33,
124615743000,252.000,2,241.000,50,240.000,9,238.000,20,237.000,49,86.000,1,249.000,30,251.000,9,252.000,40,253.000,29,256.000,20,0,33,
124616284000,252.000,2,241.000,50,240.000,9,238.000,20,237.000,29,86.000,1,249.000,30,251.000,9,252.000,20,253.000,29,256.000,20,0,33,
124616284000,252.000,2,241.000,50,240.000,9,238.000,40,237.000,29,86.000,1,249.000,30,251.000,9,252.000,20,253.000,49,256.000,20,0,33,
124616382000,252.000,2,241.000,29,240.000,9,238.000,40,237.000,29,86.000,1,249.000,9,251.000,9,252.000,20,253.000,49,256.000,20,0,33,
124616382000,252.000,2,241.000,50,240.000,9,238.000,40,237.000,29,86.000,1,249.000,9,250.000,21,251.000,9,252.000,20,253.000,49,0,33,
124616383000,252.000,2,241.000,50,240.000,9,238.000,40,237.000,29,86.000,1,249.000,9,250.000,21,251.000,9,252.000,29,253.000,49,0,33,
124616383000,252.000,2,241.000,50,240.000,9,238.000,40,237.000,29,86.000,1,250.000,21,251.000,9,252.000,29,253.000,49,256.000,20,0,33,
124616383000,252.000,2,241.000,50,240.000,9,238.000,40,237.000,29,86.000,1,250.000,30,251.000,9,252.000,29,253.000,49,256.000,20,0,33,
124616506000,252.000,2,241.000,50,240.000,9,238.000,40,237.000,9,86.000,1,250.000,30,251.000,9,252.000,9,253.000,49,256.000,20,0,33,
124616506000,252.000,2,241.000,50,240.000,9,239.000,20,238.000,40,237.000,9,250.000,30,251.000,9,252.000,9,253.000,49,254.000,20,0,33,
124616506000,252.000,2,241.000,50,240.000,9,239.000,20,238.000,40,237.000,9,250.000,30,251.000,9,253.000,49,254.000,20,256.000,20,0,33,
124617302000,252.000,2,241.000,50,240.000,9,239.000,20,238.000,20,237.000,9,250.000,30,251.000,9,253.000,29,254.000,20,256.000,20,0,33,
124617302000,252.000,2,241.000,50,240.000,9,239.000,20,238.000,20,237.000,29,250.000,30,251.000,9,252.000,20,253.000,29,254.000,20,0,33,
124634500000,252.000,2,241.000,50,240.000,9,239.000,20,237.000,29,86.000,1,250.000,30,251.000,9,252.000,20,253.000,9,254.000,20,0,33,
124635119000,252.000,2,241.000,50,240.000,9,239.000,20,238.000,20,237.000,29,250.000,30,251.000,9,252.000,20,253.000,29,254.000,20,0,33,
124639776000,252.000,2,241.000,50,240.000,9,239.000,20,238.000,20,237.000,9,250.000,30,251.000,9,253.000,29,254.000,20,256.000,20,0,33,
124639776000,252.000,2,241.000,50,240.000,9,239.000,20,238.000,20,237.000,9,250.000,30,251.000,29,253.000,29,254.000,20,256.000,20,0,33,
124639782000,252.000,2,241.000,50,240.000,9,239.000,20,237.000,9,236.000,20,250.000,30,251.000,29,253.000,9,254.000,20,256.000,20,0,33,
124639868000,252.000,2,241.000,30,240.000,9,239.000,20,237.000,9,236.000,20,250.000,30,251.000,29,253.000,9,254.000,20,320.000,1,0,33,
124639868000,252.000,2,241.000,30,240.000,29,239.000,20,237.000,9,236.000,20,250.000,30,251.000,29,253.000,9,254.000,20,255.000,20,0,33,
124640210000,252.000,2,241.000,30,240.000,29,239.000,20,237.000,29,236.000,20,250.000,30,251.000,29,252.000,20,253.000,9,254.000,20,0,33,
124640561000,252.000,2,241.000,30,240.000,29,239.000,20,237.000,29,86.000,1,250.000,30,251.000,9,252.000,20,253.000,9,254.000,20,0,33,
124640561000,252.000,2,241.000,30,240.000,29,239.000,20,237.000,49,86.000,1,250.000,30,251.000,9,252.000,40,253.000,9,254.000,20,0,33,
124641618000,252.000,2,241.000,30,240.000,9,239.000,20,237.000,49,86.000,1,250.000,30,251.000,9,252.000,40,253.000,9,254.000,20,0,33,
124641618000,252.000,2,241.000,50,240.000,9,239.000,20,237.000,49,86.000,1,250.000,30,251.000,9,252.000,40,253.000,9,254.000,20,0,33,
124647819000,252.000,2,241.000,50,240.000,9,239.000,20,237.000,40,86.000,1,250.000,30,251.000,9,252.000,40,253.000,9,254.000,20,0,33,
124647822000,252.000,2,241.000,50,240.000,9,239.000,20,237.000,20,86.000,1,250.000,30,251.000,9,252.000,20,253.000,9,254.000,20,0,33,
124647822000,252.000,2,241.000,50,240.000,9,239.000,20,238.000,20,237.000,20,250.000,30,251.000,9,252.000,20,253.000,29,254.000,20,0,33,
124647823000,252.000,2,241.000,50,240.000,9,239.000,29,238.000,20,237.000,20,250.000,30,251.000,9,252.000,20,253.000,29,254.000,20,0,33,
124647839000,252.000,2,241.000,50,240.000,9,239.000,29,238.000,20,86.000,1,250.000,30,251.000,9,253.000,29,254.000,20,256.000,20,0,33,
124648572000,252.000,2,241.000,50,240.000,9,239.000,29,238.000,40,86.000,1,250.000,30,251.000,9,253.000,49,254.000,20,256.000,20,0,33,
124649890000,252.000,2,241.000,50,240.000,9,239.000,29,238.000,20,86.000,1,250.000,30,251.000,9,253.000,29,254.000,20,256.000,20,0,33,
124649890000,252.000,2,241.000,50,240.000,9,239.000,29,238.000,20,237.000,20,250.000,30,251.000,9,252.000,20,253.000,29,254.000,20,0,33,
124652367000,252.000,2,241.000,50,240.000,9,239.000,29,238.000,20,86.000,1,250.000,30,251.000,9,253.000,29,254.000,20,256.000,20,0,33,
124652367000,252.000,2,241.000,50,240.000,9,239.000,29,238.000,40,86.000,1,250.000,30,251.000,9,253.000,49,254.000,20,256.000,20,0,33,
124652619000,252.000,2,241.000,30,240.000,9,239.000,29,238.000,40,86.000,1,250.000,30,251.000,9,253.000,49,254.000,20,320.000,1,0,33,
124652619000,252.000,2,242.000,20,241.000,30,240.000,9,239.000,29,238.000,40,250.000,30,251.000,9,253.000,49,254.000,20,257.000,20,0,33,
124652620000,252.000,2,242.000,29,241.000,30,240.000,9,239.000,29,238.000,40,250.000,30,251.000,9,253.000,49,254.000,20,257.000,20,0,33,
124652900000,252.000,2,242.000,29,241.000,9,240.000,9,239.000,29,238.000,40,250.000,9,251.000,9,253.000,49,254.000,20,257.000,20,0,33,
124652900000,252.000,2,243.000,21,242.000,29,241.000,9,240.000,9,239.000,29,250.000,9,251.000,30,253.000,49,254.000,20,257.000,20,0,33,
124652901000,252.000,2,243.000,30,242.000,29,241.000,9,240.000,9,239.000,29,250.000,9,251.000,30,253.000,49,254.000,20,257.000,20,0,33,
124652901000,252.000,2,243.000,30,242.000,29,241.000,9,240.000,9,239.000,29,251.000,30,253.000,49,254.000,20,257.000,20,320.000,1,0,33,
124653007000,252.000,2,243.000,30,242.000,29,240.000,9,239.000,29,238.000,40,251.000,30,253.000,49,254.000,20,257.000,20,320.000,1,0,33,
124653007000,252.000,2,243.000,30,242.000,29,239.000,29,238.000,40,86.000,1,251.000,30,253.000,49,254.000,20,257.000,20,320.000,1,0,33,
124653859000,252.000,2,243.000,30,242.000,29,239.000,29,238.000,20,86.000,1,251.000,30,253.000,29,254.000,20,257.000,20,320.000,1,0,33,
124653859000,252.000,2,243.000,30,242.000,29,239.000,49,238.000,20,86.000,1,251.000,30,253.000,29,254.000,40,257.000,20,320.000,1,0,33,
124654608000,252.000,2,243.000,30,242.000,29,239.000,29,238.000,20,86.000,1,251.000,30,253.000,29,254.000,20,257.000,20,320.000,1,0,33,
124654608000,252.000,2,243.000,30,242.000,29,239.000,29,238.000,40,86.000,1,251.000,30,253.000,49,254.000,20,257.000,20,320.000,1,0,33,
124654983000,252.000,2,243.000,30,242.000,29,239.000,29,238.000,20,86.000,1,251.000,30,253.000,29,254.000,20,257.000,20,320.000,1,0,33,
124655110000,252.000,2,243.000,30,242.000,29,239.000,49,238.000,20,86.000,1,251.000,30,253.000,29,254.000,40,257.000,20,320.000,1,0,33,
124655119000,252.000,2,243.000,30,242.000,9,239.000,49,238.000,20,86.000,1,251.000,30,253.000,29,254.000,40,320.000,1,400.000,1,0,33,
124655119000,252.000,2,243.000,50,242.000,9,239.000,49,238.000,20,86.000,1,251.000,30,253.000,29,254.000,40,258.000,20,320.000,1,0,33,
124655609000,252.000,2,243.000,50,242.000,9,239.000,29,238.000,20,86.000,1,251.000,30,253.000,29,254.000,20,258.000,20,320.000,1,0,33,
124655609000,252.000,2,243.000,50,242.000,9,239.000,29,238.000,40,86.000,1,251.000,30,253.000,49,254.000,20,258.000,20,320.000,1,0,33,
124656230000,252.000,2,243.000,50,242.000,9,239.000,29,238.000,20,86.000,1,251.000,30,253.000,29,254.000,20,258.000,20,320.000,1,0,33,
124656230000,252.000,2,243.000,50,242.000,9,239.000,49,238.000,20,86.000,1,251.000,30,253.000,29,254.000,40,258.000,20,320.000,1,0,33,
124656784000,252.000,2,243.000,50,242.000,9,239.000,49,238.000,20,86.000,1,251.000,30,253.000,20,254.000,40,258.000,20,320.000,1,0,33,
124656908000,252.000,2,243.000,50,242.000,9,239.000,49,238.000,20,86.000,1,251.000,30,253.000,20,254.000,40,256.000,9,258.000,20,0,33,
124657011000,252.000,2,243.000,29,242.000,9,239.000,49,238.000,20,86.000,1,251.000,9,253.000,20,254.000,40,256.000,9,258.000,20,0,33,
124657011000,252.000,2,243.000,50,242.000,9,239.000,49,238.000,20,86.000,1,251.000,9,252.000,21,253.000,20,254.000,40,256.000,9,0,33,
124657011000,252.000,2,243.000,50,242.000,9,239.000,49,238.000,20,86.000,1,252.000,21,253.000,20,254.000,40,256.000,9,258.000,20,0,33,
124657011000,252.000,2,243.000,50,242.000,9,239.000,49,238.000,20,86.000,1,252.000,21,253.000,29,254.000,40,256.000,9,258.000,20,0,33,
124657011000,252.000,2,243.000,50,242.000,9,239.000,49,238.000,20,86.000,1,252.000,30,253.000,29,254.000,40,256.000,9,258.000,20,0,33,
124657018000,252.000,2,243.000,50,242.000,9,239.000,29,238.000,20,86.000,1,252.000,30,253.000,29,254.000,20,256.000,9,258.000,20,0,33,
124657127000,252.000,2,243.000,50,242.000,9,239.000,9,238.000,20,86.000,1,252.000,30,253.000,29,256.000,9,258.000,20,320.000,1,0,33,
124657127000,252.000,2,243.000,50,242.000,9,240.000,20,239.000,9,238.000,20,252.000,30,253.000,29,255.000,20,256.000,9,258.000,20,0,33,
124657128000,252.000,2,243.000,50,242.000,9,240.000,20,239.000,9,86.000,1,252.000,30,253.000,9,255.000,20,256.000,9,258.000,20,0,33,
124657160000,252.000,2,243.000,30,242.000,9,240.000,20,239.000,9,86.000,1,252.000,30,253.000,9,255.000,20,256.000,9,320.000,1,0,33,
124657160000,252.000,2,244.000,20,243.000,30,242.000,9,240.000,20,239.000,9,252.000,30,253.000,9,255.000,20,256.000,9,259.000,20,0,33,
124657160000,252.000,2,244.000,29,243.000,30,242.000,9,240.000,20,239.000,9,252.000,30,253.000,9,255.000,20,256.000,9,259.000,20,0,33,
124657507000,252.000,2,244.000,29,243.000,30,242.000,9,241.000,20,240.000,20,252.000,30,253.000,9,255.000,20,256.000,29,259.000,20,0,33,
124657507000,252.000,2,244.000,29,243.000,30,241.000,20,240.000,20,239.000,9,252.000,30,253.000,9,255.000,20,256.000,29,259.000,20,0,33,
124657925000,252.000,2,244.000,29,243.000,30,241.000,20,240.000,20,86.000,1,252.000,30,253.000,9,255.000,20,256.000,29,259.000,20,0,33,
124657926000,252.000,2,244.000,29,243.000,30,241.000,29,240.000,20,86.000,1,252.000,30,253.000,9,255.000,20,256.000,29,259.000,20,0,33,
124658024000,252.000,2,244.000,29,243.000,9,241.000,29,240.000,20,86.000,1,252.000,9,253.000,9,255.000,20,256.000,29,259.000,20,0,33,
124658024000,252.000,2,245.000,21,244.000,29,243.000,9,241.000,29,240.000,20,252.000,9,253.000,30,255.000,20,256.000,29,259.000,20,0,33,
124658025000,252.000,2,245.000,21,244.000,29,243.000,9,241.000,29,240.000,20,252.000,9,253.000,30,255.000,29,256.000,29,259.000,20,0,33,
124658025000,252.000,2,245.000,21,244.000,29,243.000,9,241.000,29,240.000,20,253.000,30,255.000,29,256.000,29,259.000,20,320.000,1,0,33,
124658025000,252.000,2,245.000,30,244.000,29,243.000,9,241.000,29,240.000,20,253.000,30,255.000,29,256.000,29,259.000,20,320.000,1,0,33,
124658506000,252.000,2,245.000,30,244.000,29,241.000,29,240.000,20,86.000,1,253.000,30,255.000,29,256.000,29,259.000,20,320.000,1,0,33,
124658824000,252.000,2,245.000,30,244.000,29,241.000,29,86.000,1,84.000,3,253.000,30,255.000,9,256.000,29,259.000,20,320.000,1,0,33,
124658824000,252.000,2,245.000,30,244.000,29,241.000,29,239.000,20,86.000,1,253.000,30,254.000,20,255.000,9,256.000,29,259.000,20,0,33,
124659564000,252.000,2,245.000,30,244.000,29,241.000,29,86.000,1,84.000,3,253.000,30,255.000,9,256.000,29,259.000,20,320.000,1,0,33,
124659564000,252.000,2,245.000,30,244.000,29,241.000,29,240.000,20,86.000,1,253.000,30,255.000,29,256.000,29,259.000,20,320.000,1,0,33,
124659689000,252.000,2,245.000,30,244.000,29,241.000,29,86.000,1,84.000,3,253.000,30,255.000,9,256.000,29,259.000,20,320.000,1,0,33,
124700145000,252.000,2,245.000,30,244.000,29,241.000,29,239.000,20,86.000,1,253.000,30,254.000,20,255.000,9,256.000,29,259.000,20,0,33,
124700396000,252.000,2,245.000,30,244.000,29,241.000,29,86.000,1,84.000,3,253.000,30,255.000,9,256.000,29,259.000,20,320.000,1,0,33,
124700646000,252.000,2,245.000,30,244.000,29,241.000,29,240.000,20,86.000,1,253.000,30,255.000,29,256.000,29,259.000,20,320.000,1,0,33,
124701064000,252.000,2,245.000,30,244.000,29,241.000,29,240.000,20,239.000,20,253.000,30,254.000,20,255.000,29,256.000,29,259.000,20,0,33,
124701264000,252.000,2,245.000,30,244.000,29,241.000,29,239.000,20,86.000,1,253.000,30,254.000,20,255.000,9,256.000,29,259.000,20,0,33,
124701264000,252.000,2,245.000,30,244.000,29,241.000,29,239.000,40,86.000,1,253.000,30,254.000,40,255.000,9,256.000,29,259.000,20,0,33,
124701367000,252.000,2,245.000,9,244.000,29,241.000,29,239.000,40,86.000,1,253.000,9,254.000,40,255.000,9,256.000,29,259.000,20,0,33,
124701367000,252.000,2,245.000,9,244.000,50,241.000,29,239.000,40,86.000,1,252.000,21,253.000,9,254.000,40,255.000,9,256.000,29,0,33,
124701367000,252.000,2,245.000,9,244.000,50,241.000,29,239.000,40,86.000,1,252.000,21,253.000,9,254.000,49,255.000,9,256.000,29,0,33,
124701367000,252.000,2,245.000,9,244.000,50,241.000,29,239.000,40,86.000,1,252.000,21,254.000,49,255.000,9,256.000,29,259.000,20,0,33,
124701367000,252.000,2,244.000,50,241.000,29,239.000,40,86.000,1,84.000,3,252.000,21,254.000,49,255.000,9,256.000,29,259.000,20,0,33,
124701367000,252.000,2,244.000,50,241.000,29,239.000,40,86.000,1,84.000,3,252.000,30,254.000,49,255.000,9,256.000,29,259.000,20,0,33,
124701369000,252.000,2,244.000,30,241.000,29,239.000,40,86.000,1,84.000,3,252.000,30,254.000,49,255.000,9,256.000,29,320.000,1,0,33,
124701369000,252.000,2,244.000,30,243.000,20,241.000,29,239.000,40,86.000,1,252.000,30,254.000,49,255.000,9,256.000,29,258.000,20,0,33,
124701506000,252.000,2,244.000,30,243.000,20,241.000,29,239.000,40,86.000,1,252.000,30,254.000,49,256.000,29,258.000,20,320.000,1,0,33,
124701876000,252.000,2,244.000,30,243.000,20,241.000,29,239.000,20,86.000,1,252.000,30,254.000,29,256.000,29,258.000,20,320.000,1,0,33,
124701876000,252.000,2,244.000,30,243.000,20,241.000,29,240.000,20,239.000,20,252.000,30,254.000,29,255.000,20,256.000,29,258.000,20,0,33,
124702119000,252.000,2,244.000,30,241.000,29,240.000,20,239.000,20,86.000,1,252.000,30,254.000,29,255.000,20,256.000,29,320.000,1,0,33,
124702119000,252.000,2,244.000,50,241.000,29,240.000,20,239.000,20,86.000,1,252.000,30,254.000,29,255.000,20,256.000,29,259.000,20,0,33,
124706690000,252.000,2,244.000,50,241.000,29,239.000,20,86.000,1,84.000,3,252.000,30,254.000,29,256.000,29,259.000,20,320.000,1,0,33,
124706690000,252.000,2,244.000,50,241.000,29,239.000,40,86.000,1,84.000,3,252.000,30,254.000,49,256.000,29,259.000,20,320.000,1,0,33,
124708670000,252.000,2,244.000,50,241.000,29,239.000,20,86.000,1,84.000,3,252.000,30,254.000,29,256.000,29,259.000,20,320.000,1,0,33,
124708670000,252.000,2,244.000,50,241.000,29,240.000,20,239.000,20,86.000,1,252.000,30,254.000,29,255.000,20,256.000,29,259.000,20,0,33,
124713096000,252.000,2,244.000,50,241.000,29,239.000,20,86.000,1,84.000,3,252.000,30,254.000,29,256.000,29,259.000,20,320.000,1,0,33,
124713096000,252.000,2,244.000,50,241.000,29,239.000,40,86.000,1,84.000,3,252.000,30,254.000,49,256.000,29,259.000,20,320.000,1,0,33,
124713221000,252.000,2,244.000,50,241.000,29,239.000,20,86.000,1,84.000,3,252.000,30,254.000,29,256.000,29,259.000,20,320.000,1,0,33,
124713596000,252.000,2,244.000,50,241.000,29,239.000,40,86.000,1,84.000,3,252.000,30,254.000,49,256.000,29,259.000,20,320.000,1,0,33,
124714347000,252.000,2,244.000,50,241.000,29,239.000,20,86.000,1,84.000,3,252.000,30,254.000,29,256.000,29,259.000,20,320.000,1,0,33,
124714347000,252.000,2,244.000,50,241.000,29,240.000,20,239.000,20,86.000,1,252.000,30,254.000,29,255.000,20,256.000,29,259.000,20,0,33,
124714846000,252.000,2,244.000,50,241.000,29,239.000,20,86.000,1,84.000,3,252.000,30,254.000,29,256.000,29,259.000,20,320.000,1,0,33,
124714846000,252.000,2,244.000,50,241.000,29,239.000,40,86.000,1,84.000,3,252.000,30,254.000,49,256.000,29,259.000,20,320.000,1,0,33,
124716219000,252.000,2,244.000,50,241.000,29,239.000,20,86.000,1,84.000,3,252.000,30,254.000,29,256.000,29,259.000,20,320.000,1,0,33,
124716219000,252.000,2,244.000,50,241.000,29,240.000,20,239.000,20,86.000,1,252.000,30,254.000,29,255.000,20,256.000,29,259.000,20,0,33,
124717094000,252.000,2,244.000,50,241.000,29,239.000,20,86.000,1,84.000,3,252.000,30,254.000,29,256.000,29,259.000,20,320.000,1,0,33,
124717094000,252.000,2,244.000,50,241.000,29,239.000,40,86.000,1,84.000,3,252.000,30,254.000,49,256.000,29,259.000,20,320.000,1,0,33,
124718749000,252.000,2,244.000,30,241.000,29,239.000,40,86.000,1,84.000,3,252.000,30,254.000,49,256.000,29,320.000,1,400.000,1,0,33,
124718749000,252.000,2,244.000,30,243.000,20,241.000,29,239.000,40,86.000,1,252.000,30,254.000,49,256.000,29,258.000,20,320.000,1,0,33,
124718874000,252.000,2,244.000,30,243.000,20,241.000,29,239.000,20,86.000,1,252.000,30,254.000,29,256.000,29,258.000,20,320.000,1,0,33,
124719903000,252.000,2,244.000,30,243.000,20,241.000,29,239.000,40,86.000,1,252.000,30,254.000,49,256.000,29,258.000,20,320.000,1,0,33,
124725869000,252.000,2,244.000,30,241.000,29,239.000,40,86.000,1,84.000,3,252.000,30,254.000,49,256.000,29,320.000,1,400.000,1,0,33,
124725869000,252.000,2,244.000,50,241.000,29,239.000,40,86.000,1,84.000,3,252.000,30,254.000,49,256.000,29,259.000,20,320.000,1,0,33,
124725966000,252.000,2,244.000,50,241.000,29,239.000,20,86.000,1,84.000,3,252.000,30,254.000,29,256.000,29,259.000,20,320.000,1,0,33,
124725966000,252.000,2,244.000,50,241.000,29,240.000,20,239.000,20,86.000,1,252.000,30,254.000,29,255.000,20,256.000,29,259.000,20,0,33,
124728342000,252.000,2,244.000,50,241.000,29,240.000,20,86.000,1,84.000,3,252.000,30,254.000,9,255.000,20,256.000,29,259.000,20,0,33,
124728408000,252.000,2,244.000,50,241.000,29,86.000,1,84.000,3,39.000,20,252.000,30,254.000,9,256.000,29,259.000,20,320.000,1,0,33,
124728408000,252.000,2,244.000,50,241.000,29,239.000,20,86.000,1,84.000,3,252.000,30,254.000,29,256.000,29,259.000,20,320.000,1,0,33,
124729274000,252.000,2,244.000,50,241.000,29,86.000,1,84.000,3,39.000,20,252.000,30,254.000,9,256.000,29,259.000,20,320.000,1,0,33,
124729274000,252.000,2,244.000,50,241.000,29,240.000,20,86.000,1,84.000,3,252.000,30,254.000,9,255.000,20,256.000,29,259.000,20,0,33,
124729313000,252.000,2,244.000,50,241.000,29,240.000,40,86.000,1,84.000,3,252.000,30,254.000,9,255.000,40,256.000,29,259.000,20,0,33,
124731490000,252.000,2,244.000,50,241.000,29,240.000,20,86.000,1,84.000,3,252.000,30,254.000,9,255.000,20,256.000,29,259.000,20,0,33,
124731490000,252.000,2,244.000,50,241.000,29,240.000,20,239.000,20,86.000,1,252.000,30,254.000,29,255.000,20,256.000,29,259.000,20,0,33,
124734167000,252.000,2,244.000,30,241.000,29,240.000,20,239.000,20,86.000,1,252.000,30,254.000,29,255.000,20,256.000,29,320.000,1,0,33,
124734167000,252.000,2,244.000,30,243.000,20,241.000,29,240.000,20,239.000,20,252.000,30,254.000,29,255.000,20,256.000,29,258.000,20,0,33,
124734287000,252.000,2,244.000,30,243.000,20,241.000,29,240.000,20,86.000,1,252.000,30,254.000,9,255.000,20,256.000,29,258.000,20,0,33,
124734287000,252.000,2,244.000,30,243.000,20,241.000,29,240.000,20,238.000,20,252.000,30,253.000,20,254.000,9,255.000,20,256.000,29,0,33,
124734302000,252.000,2,244.000,30,243.000,20,241.000,29,240.000,20,86.000,1,252.000,30,254.000,9,255.000,20,256.000,29,258.000,20,0,33,
124734786000,252.000,2,244.000,30,243.000,20,241.000,29,240.000,20,239.000,20,252.000,30,254.000,29,255.000,20,256.000,29,258.000,20,0,33,
124749400000,252.000,2,244.000,30,243.000,20,241.000,29,239.000,20,86.000,1,252.000,30,254.000,29,256.000,29,258.000,20,320.000,1,0,33,
124750105000,252.000,2,244.000,30,243.000,20,241.000,29,86.000,1,84.000,3,252.000,30,254.000,9,256.000,29,258.000,20,320.000,1,0,33,
124750105000,252.000,2,244.000,30,243.000,20,241.000,29,238.000,20,86.000,1,252.000,30,253.000,20,254.000,9,256.000,29,258.000,20,0,33,
124750119000,252.000,2,244.000,30,241.000,29,238.000,20,86.000,1,84.000,3,252.000,30,253.000,20,254.000,9,256.000,29,320.000,1,0,33,
124750119000,252.000,2,244.000,30,242.000,20,241.000,29,238.000,20,86.000,1,252.000,30,253.000,20,254.000,9,256.000,29,257.000,20,0,33,
124751243000,252.000,2,244.000,30,241.000,29,238.000,20,86.000,1,84.000,3,252.000,30,253.000,20,254.000,9,256.000,29,320.000,1,0,33,
124751243000,252.000,2,244.000,30,243.000,20,241.000,29,238.000,20,86.000,1,252.000,30,253.000,20,254.000,9,256.000,29,258.000,20,0,33,
124751284000,252.000,2,244.000,30,243.000,20,241.000,29,86.000,1,84.000,3,252.000,30,254.000,9,256.000,29,258.000,20,320.000,1,0,33,
124751284000,252.000,2,244.000,30,243.000,20,241.000,29,239.000,20,86.000,1,252.000,30,254.000,29,256.000,29,258.000,20,320.000,1,0,33,
124752407000,252.000,2,244.000,30,243.000,20,241.000,29,86.000,1,84.000,3,252.000,30,254.000,9,256.000,29,258.000,20,320.000,1,0,33,
124752407000,252.000,2,244.000,30,243.000,20,241.000,29,238.000,20,86.000,1,252.000,30,253.000,20,254.000,9,256.000,29,258.000,20,0,33,
124752657000,252.000,2,244.000,30,243.000,20,241.000,29,86.000,1,84.000,3,252.000,30,254.000,9,256.000,29,258.000,20,320.000,1,0,33,
124752906000,252.000,2,244.000,30,243.000,20,241.000,29,239.000,20,86.000,1,252.000,30,254.000,29,256.000,29,258.000,20,320.000,1,0,33,
124753284000,252.000,2,244.000,30,243.000,20,241.000,29,240.000,20,239.000,20,252.000,30,254.000,29,255.000,20,256.000,29,258.000,20,0,33,
124753993000,252.000,2,244.000,30,241.000,29,240.000,20,239.000,20,86.000,1,252.000,30,254.000,29,255.000,20,256.000,29,320.000,1,0,33,
124753993000,252.000,2,244.000,30,242.000,20,241.000,29,240.000,20,239.000,20,252.000,30,254.000,29,255.000,20,256.000,29,257.000,20,0,33,
124753999000,252.000,2,244.000,30,242.000,20,241.000,29,240.000,20,86.000,1,252.000,30,254.000,9,255.000,20,256.000,29,257.000,20,0,33,
124753999000,252.000,2,244.000,30,242.000,20,241.000,29,240.000,20,238.000,20,252.000,30,253.000,20,254.000,9,255.000,20,256.000,29,0,33,
124754994000,252.000,2,244.000,30,241.000,29,240.000,20,238.000,20,86.000,1,252.000,30,253.000,20,254.000,9,255.000,20,256.000,29,0,33,
124754994000,252.000,2,244.000,30,241.000,49,240.000,20,238.000,20,86.000,1,252.000,30,253.000,20,254.000,9,255.000,20,256.000,49,0,33,
124755106000,252.000,2,244.000,30,241.000,49,240.000,20,86.000,1,84.000,3,252.000,30,254.000,9,255.000,20,256.000,49,320.000,1,0,33,
124755106000,252.000,2,244.000,30,241.000,49,240.000,20,237.000,20,86.000,1,252.000,50,254.000,9,255.000,20,256.000,49,320.000,1,0,33,
124755123000,252.000,2,244.000,30,241.000,49,240.000,20,86.000,1,84.000,3,252.000,30,254.000,9,255.000,20,256.000,49,320.000,1,0,33,
124755720000,252.000,2,244.000,30,241.000,49,240.000,20,238.000,20,86.000,1,252.000,30,253.000,20,254.000,9,255.000,20,256.000,49,0,33,
124756995000,252.000,2,244.000,30,241.000,29,240.000,20,238.000,20,86.000,1,252.000,30,253.000,20,254.000,9,255.000,20,256.000,29,0,33,
124756995000,252.000,2,244.000,30,242.000,20,241.000,29,240.000,20,238.000,20,252.000,30,253.000,20,254.000,9,255.000,20,256.000,29,0,33,
124758617000,252.000,2,244.000,30,241.000,29,240.000,20,238.000,20,86.000,1,252.000,30,253.000,20,254.000,9,255.000,20,256.000,29,0,33,
124758617000,252.000,2,244.000,30,241.000,49,240.000,20,238.000,20,86.000,1,252.000,30,253.000,20,254.000,9,255.000,20,256.000,49,0,33,
124758633000,252.000,2,244.000,30,241.000,49,238.000,20,86.000,1,84.000,3,252.000,30,253.000,20,254.000,9,256.000,49,320.000,1,0,33,
124759417000,252.000,2,244.000,30,241.000,49,240.000,20,238.000,20,86.000,1,252.000,30,253.000,20,254.000,9,255.000,20,256.000,49,0,33,
124759870000,252.000,2,244.000,30,241.000,49,240.000,20,86.000,1,84.000,3,252.000,30,254.000,9,255.000,20,256.000,49,320.000,1,0,33,
124759870000,252.000,2,244.000,30,241.000,49,240.000,20,237.000,20,86.000,1,252.000,50,254.000,9,255.000,20,256.000,49,320.000,1,0,33,
124800245000,252.000,2,244.000,30,241.000,49,240.000,20,86.000,1,84.000,3,252.000,30,254.000,9,255.000,20,256.000,49,320.000,1,0,33,
124800495000,252.000,2,244.000,30,241.000,49,240.000,20,238.000,20,86.000,1,252.000,30,253.000,20,254.000,9,255.000,20,256.000,49,0,33,
124800745000,252.000,2,244.000,30,241.000,49,240.000,20,86.000,1,84.000,3,252.000,30,254.000,9,255.000,20,256.000,49,320.000,1,0,33,
124800996000,252.000,2,244.000,30,241.000,49,240.000,20,238.000,20,86.000,1,252.000,30,253.000,20,254.000,9,255.000,20,256.000,49,0,33,
124801745000,252.000,2,244.000,30,241.000,49,240.000,20,86.000,1,84.000,3,252.000,30,254.000,9,255.000,20,256.000,49,320.000,1,0,33,
124801745000,252.000,2,244.000,30,241.000,49,240.000,20,237.000,20,86.000,1,252.000,50,254.000,9,255.000,20,256.000,49,320.000,1,0,33,
124801862000,252.000,2,244.000,30,241.000,49,240.000,20,86.000,1,84.000,3,252.000,30,254.000,9,255.000,20,256.000,49,320.000,1,0,33,
124802361000,252.000,2,244.000,30,241.000,49,240.000,20,238.000,20,86.000,1,252.000,30,253.000,20,254.000,9,255.000,20,256.000,49,0,33,
124807498000,252.000,2,244.000,30,241.000,29,240.000,20,238.000,20,86.000,1,252.000,30,253.000,20,254.000,9,255.000,20,256.000,29,0,33,
124807498000,252.000,2,244.000,30,242.000,20,241.000,29,240.000,20,238.000,20,252.000,30,253.000,20,254.000,9,255.000,20,256.000,29,0,33,
124809867000,252.000,2,244.000,30,241.000,29,240.000,20,238.000,20,86.000,1,252.000,30,253.000,20,254.000,9,255.000,20,256.000,29,0,33,
124809867000,252.000,2,244.000,30,241.000,49,240.000,20,238.000,20,86.000,1,252.000,30,253.000,20,254.000,9,255.000,20,256.000,49,0,33,
124809991000,252.000,2,244.000,30,241.000,49,240.000,20,86.000,1,84.000,3,252.000,30,254.000,9,255.000,20,256.000,49,320.000,1,0,33,
124809991000,252.000,2,244.000,30,241.000,49,240.000,20,237.000,20,86.000,1,252.000,50,254.000,9,255.000,20,256.000,49,320.000,1,0,33,
124810242000,252.000,2,244.000,30,241.000,49,240.000,20,86.000,1,84.000,3,252.000,30,254.000,9,255.000,20,256.000,49,320.000,1,0,33,
124810606000,252.000,2,244.000,30,241.000,49,240.000,20,238.000,20,86.000,1,252.000,30,253.000,20,254.000,9,255.000,20,256.000,49,0,33,
124810993000,252.000,2,244.000,30,241.000,29,240.000,20,238.000,20,86.000,1,252.000,30,253.000,20,254.000,9,255.000,20,256.000,29,0,33,
124810993000,252.000,2,244.000,30,242.000,20,241.000,29,240.000,20,238.000,20,252.000,30,253.000,20,254.000,9,255.000,20,256.000,29,0,33,
124811720000,252.000,2,244.000,30,242.000,20,241.000,29,240.000,20,86.000,1,252.000,30,254.000,9,255.000,20,256.000,29,257.000,20,0,33,
124811720000,252.000,2,244.000,30,242.000,20,241.000,29,240.000,20,239.000,20,252.000,30,254.000,29,255.000,20,256.000,29,257.000,20,0,33,
124811746000,252.000,2,244.000,30,241.000,29,240.000,20,239.000,20,86.000,1,252.000,30,254.000,29,255.000,20,256.000,29,320.000,1,0,33,
124811746000,252.000,2,244.000,30,243.000,20,241.000,29,240.000,20,239.000,20,252.000,30,254.000,29,255.000,20,256.000,29,258.000,20,0,33,
124813398000,252.000,2,244.000,30,243.000,20,241.000,29,240.000,20,86.000,1,252.000,30,254.000,9,255.000,20,256.000,29,258.000,20,0,33,
124813398000,252.000,2,244.000,30,243.000,20,241.000,29,240.000,20,238.000,20,252.000,30,253.000,20,254.000,9,255.000,20,256.000,29,0,33,
124815243000,252.000,2,244.000,30,241.000,29,240.000,20,238.000,20,86.000,1,252.000,30,253.000,20,254.000,9,255.000,20,256.000,29,0,33,
124815243000,252.000,2,244.000,30,242.000,20,241.000,29,240.000,20,238.000,20,252.000,30,253.000,20,254.000,9,255.000,20,256.000,29,0,33,
124815847000,252.000,2,244.000,30,242.000,20,241.000,29,240.000,20,86.000,1,252.000,30,254.000,9,255.000,20,256.000,29,257.000,20,0,33,
124815847000,252.000,2,244.000,30,242.000,20,241.000,29,240.000,20,237.000,20,252.000,50,254.000,9,255.000,20,256.000,29,257.000,20,0,33,
124816221000,252.000,2,244.000,30,242.000,20,241.000,29,240.000,20,86.000,1,252.000,30,254.000,9,255.000,20,256.000,29,257.000,20,0,33,
124816346000,252.000,2,244.000,30,242.000,20,241.000,29,240.000,20,238.000,20,252.000,30,253.000,20,254.000,9,255.000,20,256.000,29,0,33,
124819500000,252.000,2,244.000,30,242.000,20,241.000,29,238.000,20,86.000,1,252.000,30,253.000,20,254.000,9,256.000,29,257.000,20,0,33,
124820529000,252.000,2,244.000,30,242.000,20,241.000,29,240.000,20,238.000,20,252.000,30,253.000,20,254.000,9,255.000,20,256.000,29,0,33,
124830256000,252.000,2,244.000,30,242.000,20,241.000,29,240.000,20,86.000,1,252.000,30,254.000,9,255.000,20,256.000,29,257.000,20,0,33,
124830256000,252.000,2,244.000,30,242.000,20,241.000,29,240.000,20,239.000,20,252.000,30,254.000,29,255.000,20,256.000,29,257.000,20,0,33,
124831996000,252.000,2,244.000,30,242.000,20,241.000,29,240.000,20,86.000,1,252.000,30,254.000,9,255.000,20,256.000,29,257.000,20,0,33,
124831996000,252.000,2,244.000,30,242.000,20,241.000,29,240.000,20,238.000,20,252.000,30,253.000,20,254.000,9,255.000,20,256.000,29,0,33,
124837500000,252.000,2,244.000,30,242.000,20,241.000,29,240.000,20,86.000,1,252.000,30,254.000,9,255.000,20,256.000,29,257.000,20,0,33,
124837500000,252.000,2,244.000,30,242.000,20,241.000,29,240.000,20,237.000,20,252.000,50,254.000,9,255.000,20,256.000,29,257.000,20,0,33,
124837666000,252.000,2,244.000,30,242.000,20,241.000,29,237.000,20,86.000,1,252.000,50,254.000,9,256.000,29,257.000,20,320.000,1,0,33,
124837744000,252.000,2,244.000,30,241.000,29,237.000,20,86.000,1,84.000,3,252.000,50,254.000,9,256.000,29,320.000,1,400.000,1,0,33,
124837744000,252.000,2,244.000,30,241.000,49,237.000,20,86.000,1,84.000,3,252.000,50,254.000,9,256.000,49,320.000,1,400.000,1,0,33,
124838373000,252.000,2,244.000,30,241.000,49,240.000,20,237.000,20,86.000,1,252.000,50,254.000,9,255.000,20,256.000,49,320.000,1,0,33,
124840275000,252.000,2,244.000,30,241.000,49,240.000,20,86.000,1,84.000,3,252.000,30,254.000,9,255.000,20,256.000,49,320.000,1,0,33,
124840275000,252.000,2,244.000,30,241.000,49,240.000,20,238.000,20,86.000,1,252.000,30,253.000,20,254.000,9,255.000,20,256.000,49,0,33,
124841775000,252.000,2,244.000,30,241.000,49,240.000,20,86.000,1,84.000,3,252.000,30,254.000,9,255.000,20,256.000,49,320.000,1,0,33,
124841775000,252.000,2,244.000,30,241.000,49,240.000,20,237.000,20,86.000,1,252.000,50,254.000,9,255.000,20,256.000,49,320.000,1,0,33,
124843382000,252.000,2,244.000,30,241.000,49,240.000,20,86.000,1,84.000,3,252.000,30,254.000,9,255.000,20,256.000,49,320.000,1,0,33,
124843382000,252.000,2,244.000,30,241.000,49,240.000,20,238.000,20,86.000,1,252.000,30,253.000,20,254.000,9,255.000,20,256.000,49,0,33,
124847493000,252.000,2,244.000,30,241.000,29,240.000,20,238.000,20,86.000,1,252.000,30,253.000,20,254.000,9,255.000,20,256.000,29,0,33,
124847493000,252.000,2,244.000,30,242.000,20,241.000,29,240.000,20,238.000,20,252.000,30,253.000,20,254.000,9,255.000,20,256.000,29,0,33,
124847505000,252.000,2,244.000,30,242.000,20,241.000,29,238.000,20,86.000,1,252.000,30,253.000,20,254.000,9,256.000,29,257.000,20,0,33,
124847923000,252.000,2,244.000,30,242.000,20,241.000,29,240.000,20,238.000,20,252.000,30,253.000,20,254.000,9,255.000,20,256.000,29,0,33,
124854985000,252.000,2,244.000,30,242.000,20,241.000,29,240.000,20,86.000,1,252.000,30,254.000,9,255.000,20,256.000,29,257.000,20,0,33,
124854985000,252.000,2,244.000,30,242.000,20,241.000,29,240.000,20,237.000,20,252.000,50,254.000,9,255.000,20,256.000,29,257.000,20,0,33,
124855942000,252.000,2,244.000,30,242.000,20,241.000,29,240.000,20,86.000,1,252.000,30,254.000,9,255.000,20,256.000,29,257.000,20,0,33,
124856104000,252.000,2,244.000,30,242.000,20,241.000,29,240.000,20,238.000,20,252.000,30,253.000,20,254.000,9,255.000,20,256.000,29,0,33,
124858104000,252.000,2,244.000,30,242.000,20,241.000,29,240.000,20,86.000,1,252.000,30,254.000,9,255.000,20,256.000,29,257.000,20,0,33,
124858104000,252.000,2,244.000,30,242.000,20,241.000,29,240.000,20,237.000,20,252.000,50,254.000,9,255.000,20,256.000,29,257.000,20,0,33,
124858981000,252.000,2,244.000,30,242.000,20,241.000,29,240.000,20,86.000,1,252.000,30,254.000,9,255.000,20,256.000,29,257.000,20,0,33,
124858981000,252.000,2,244.000,30,242.000,20,241.000,29,240.000,20,238.000,20,252.000,30,253.000,20,254.000,9,255.000,20,256.000,29,0,33,
124859604000,252.000,2,244.000,30,242.000,20,241.000,29,240.000,20,86.000,1,252.000,30,254.000,9,255.000,20,256.000,29,257.000,20,0,33,
124859604000,252.000,2,244.000,30,242.000,20,241.000,29,240.000,20,237.000,20,252.000,50,254.000,9,255.000,20,256.000,29,257.000,20,0,33,
124900268000,252.000,2,244.000,30,242.000,20,241.000,29,240.000,20,86.000,1,252.000,30,254.000,9,255.000,20,256.000,29,257.000,20,0,33,
124900268000,252.000,2,244.000,30,242.000,20,241.000,29,240.000,20,238.000,20,252.000,30,253.000,20,254.000,9,255.000,20,256.000,29,0,33,
124901263000,252.000,2,244.000,30,242.000,20,241.000,29,240.000,20,86.000,1,252.000,30,254.000,9,255.000,20,256.000,29,257.000,20,0,33,
124901263000,252.000,2,244.000,30,242.000,20,241.000,29,240.000,20,237.000,20,252.000,50,254.000,9,255.000,20,256.000,29,257.000,20,0,33,
124901368000,252.000,2,244.000,30,241.000,29,240.000,20,237.000,20,86.000,1,252.000,50,254.000,9,255.000,20,256.000,29,320.000,1,0,33,
124901368000,252.000,2,244.000,30,241.000,49,240.000,20,237.000,20,86.000,1,252.000,50,254.000,9,255.000,20,256.000,49,320.000,1,0,33,
124901492000,252.000,2,244.000,30,241.000,49,237.000,20,86.000,1,84.000,3,252.000,50,254.000,9,256.000,49,320.000,1,400.000,1,0,33,
124902278000,252.000,2,244.000,30,241.000,49,240.000,20,237.000,20,86.000,1,252.000,50,254.000,9,255.000,20,256.000,49,320.000,1,0,33,
124902388000,252.000,2,244.000,30,241.000,49,240.000,20,86.000,1,84.000,3,252.000,30,254.000,9,255.000,20,256.000,49,320.000,1,0,33,
124902388000,252.000,2,244.000,30,241.000,49,240.000,20,238.000,20,86.000,1,252.000,30,253.000,20,254.000,9,255.000,20,256.000,49,0,33,
124904378000,252.000,2,244.000,30,241.000,49,240.000,20,86.000,1,84.000,3,252.000,30,254.000,9,255.000,20,256.000,49,320.000,1,0,33,
124904378000,252.000,2,244.000,30,241.000,49,240.000,20,237.000,20,86.000,1,252.000,50,254.000,9,255.000,20,256.000,49,320.000,1,0,33,
124905994000,252.000,2,244.000,30,241.000,49,240.000,20,86.000,1,84.000,3,252.000,30,254.000,9,255.000,20,256.000,49,320.000,1,0,33,
124905994000,252.000,2,244.000,30,241.000,49,240.000,20,238.000,20,86.000,1,252.000,30,253.000,20,254.000,9,255.000,20,256.000,49,0,33,
124906243000,252.000,2,244.000,30,241.000,49,240.000,20,86.000,1,84.000,3,252.000,30,254.000,9,255.000,20,256.000,49,320.000,1,0,33,
124906494000,252.000,2,244.000,30,241.000,49,240.000,20,237.000,20,86.000,1,252.000,50,254.000,9,255.000,20,256.000,49,320.000,1,0,33,
124909007000,252.000,2,244.000,30,241.000,49,240.000,20,86.000,1,84.000,3,252.000,30,254.000,9,255.000,20,256.000,49,320.000,1,0,33,
124909007000,252.000,2,244.000,30,241.000,49,240.000,20,238.000,20,86.000,1,252.000,30,253.000,20,254.000,9,255.000,20,256.000,49,0,33,
124909604000,252.000,2,244.000,30,241.000,49,240.000,20,86.000,1,84.000,3,252.000,30,254.000,9,255.000,20,256.000,49,320.000,1,0,33,
124909604000,252.000,2,244.000,30,241.000,49,240.000,20,237.000,20,86.000,1,252.000,50,254.000,9,255.000,20,256.000,49,320.000,1,0,33,
124915333000,252.000,2,244.000,9,241.000,49,240.000,20,237.000,20,86.000,1,252.000,29,254.000,9,255.000,20,256.000,49,320.000,1,0,33,
124915333000,252.000,2,244.000,9,243.000,21,241.000,49,240.000,20,237.000,20,252.000,50,254.000,9,255.000,20,256.000,49,320.000,1,0,33,
124915337000,252.000,2,244.000,9,243.000,21,241.000,58,240.000,20,237.000,20,252.000,50,254.000,9,255.000,20,256.000,49,320.000,1,0,33,
124915337000,252.000,2,243.000,21,241.000,58,240.000,20,237.000,20,86.000,1,252.000,50,254.000,9,255.000,20,256.000,49,320.000,1,0,33,
124915337000,252.000,2,243.000,30,241.000,58,240.000,20,237.000,20,86.000,1,252.000,50,254.000,9,255.000,20,256.000,49,320.000,1,0,33,
124915369000,252.000,2,243.000,30,241.000,38,240.000,20,237.000,20,86.000,1,252.000,50,254.000,9,255.000,20,256.000,29,320.000,1,0,33,
124915369000,252.000,2,243.000,30,241.000,38,240.000,40,237.000,20,86.000,1,252.000,50,254.000,9,255.000,40,256.000,29,320.000,1,0,33,
124915444000,252.000,2,243.000,30,241.000,38,240.000,20,237.000,20,86.000,1,252.000,50,254.000,9,255.000,20,256.000,29,320.000,1,0,33,
124915579000,252.000,2,243.000,30,241.000,38,240.000,20,86.000,1,84.000,3,252.000,30,254.000,9,255.000,20,256.000,29,320.000,1,0,33,
124915579000,252.000,2,243.000,30,241.000,38,240.000,20,236.000,20,86.000,1,251.000,20,252.000,30,254.000,9,255.000,20,256.000,29,0,33,
124915580000,252.000,2,243.000,30,241.000,38,240.000,20,236.000,20,86.000,1,251.000,29,252.000,30,254.000,9,255.000,20,256.000,29,0,33,
124915704000,252.000,2,243.000,30,241.000,38,240.000,20,86.000,1,84.000,3,251.000,9,252.000,30,254.000,9,255.000,20,256.000,29,0,33,
124915704000,252.000,2,243.000,30,241.000,38,240.000,20,86.000,1,84.000,3,252.000,30,254.000,9,255.000,20,256.000,29,320.000,1,0,33,
124915731000,252.000,2,243.000,30,241.000,38,240.000,20,239.000,20,86.000,1,252.000,30,254.000,29,255.000,20,256.000,29,320.000,1,0,33,
124916079000,252.000,2,243.000,30,241.000,38,240.000,20,239.000,20,237.000,20,252.000,50,254.000,29,255.000,20,256.000,29,320.000,1,0,33,
124916576000,252.000,2,243.000,30,241.000,38,240.000,20,239.000,20,86.000,1,252.000,30,254.000,29,255.000,20,256.000,29,320.000,1,0,33,
124916586000,252.000,2,243.000,30,241.000,38,240.000,20,239.000,20,236.000,20,251.000,20,252.000,30,254.000,29,255.000,20,256.000,29,0,33,
124916586000,252.000,2,243.000,30,241.000,38,240.000,20,239.000,20,236.000,20,251.000,29,252.000,30,254.000,29,255.000,20,256.000,29,0,33,
124916694000,252.000,2,243.000,30,241.000,38,240.000,20,239.000,20,86.000,1,251.000,9,252.000,30,254.000,29,255.000,20,256.000,29,0,33,
124916695000,252.000,2,243.000,30,241.000,38,240.000,20,239.000,20,86.000,1,252.000,30,254.000,29,255.000,20,256.000,29,320.000,1,0,33,
124917190000,252.000,2,243.000,30,241.000,38,240.000,20,239.000,20,236.000,20,251.000,20,252.000,30,254.000,29,255.000,20,256.000,29,0,33,
124917191000,252.000,2,243.000,30,241.000,38,240.000,20,239.000,20,236.000,20,251.000,29,252.000,30,254.000,29,255.000,20,256.000,29,0,33,
124917200000,252.000,2,243.000,30,241.000,38,240.000,20,239.000,20,236.000,20,251.000,29,252.000,30,254.000,29,255.000,20,256.000,20,0,33,
124917201000,252.000,2,243.000,30,241.000,18,240.000,20,239.000,20,236.000,20,251.000,29,252.000,30,254.000,29,255.000,20,320.000,1,0,33,
124917204000,252.000,2,243.000,30,241.000,9,240.000,20,239.000,20,236.000,20,251.000,29,252.000,30,254.000,29,255.000,20,320.000,1,0,33,
124917204000,252.000,2,243.000,30,241.000,9,240.000,20,239.000,20,236.000,20,251.000,29,252.000,30,254.000,38,255.000,20,320.000,1,0,33,
124917206000,252.000,2,243.000,30,241.000,9,240.000,20,239.000,29,236.000,20,251.000,29,252.000,30,254.000,38,255.000,20,320.000,1,0,33,
124917208000,252.000,2,243.000,9,241.000,9,240.000,20,239.000,29,236.000,20,251.000,29,252.000,9,254.000,38,255.000,20,320.000,1,0,33,
124917208000,252.000,2,243.000,30,241.000,9,240.000,20,239.000,29,236.000,20,250.000,21,251.000,29,252.000,9,254.000,38,255.000,20,0,33,
124917208000,252.000,2,243.000,30,241.000,9,240.000,29,239.000,29,236.000,20,250.000,21,251.000,29,252.000,9,254.000,38,255.000,20,0,33,
124917208000,252.000,2,243.000,30,241.000,9,240.000,29,239.000,29,236.000,20,250.000,30,251.000,29,252.000,9,254.000,38,255.000,20,0,33,
124917208000,252.000,2,243.000,21,241.000,9,240.000,29,239.000,29,236.000,20,250.000,30,251.000,29,252.000,9,254.000,38,255.000,20,0,33,
124917208000,252.000,2,243.000,30,241.000,9,240.000,29,239.000,29,236.000,20,250.000,30,251.000,29,252.000,9,254.000,38,255.000,20,0,33,
124917421000,252.000,2,243.000,30,241.000,9,240.000,29,239.000,9,236.000,20,250.000,30,251.000,29,252.000,9,254.000,18,255.000,20,0,33,
124917507000,252.000,2,243.000,30,241.000,9,240.000,29,239.000,29,236.000,20,250.000,30,251.000,29,252.000,9,254.000,38,255.000,20,0,33,
124917507000,252.000,2,243.000,30,241.000,9,240.000,29,239.000,29,236.000,20,250.000,30,251.000,29,254.000,38,255.000,20,320.000,1,0,33,
124917507000,252.000,2,243.000,30,241.000,9,240.000,20,239.000,29,236.000,20,250.000,30,251.000,29,254.000,38,255.000,20,320.000,1,0,33,
124917507000,252.000,2,243.000,30,241.000,9,240.000,20,239.000,29,236.000,20,250.000,30,251.000,29,254.000,29,255.000,20,320.000,1,0,33,
124917861000,252.000,2,243.000,30,241.000,9,240.000,20,239.000,29,86.000,1,250.000,30,251.000,9,254.000,29,255.000,20,320.000,1,0,33,
124917861000,252.000,2,243.000,30,241.000,9,240.000,20,239.000,29,237.000,20,250.000,30,251.000,9,252.000,20,254.000,29,255.000,20,0,33,
124917985000,252.000,2,243.000,30,241.000,9,240.000,20,239.000,29,86.000,1,250.000,30,251.000,9,254.000,29,255.000,20,320.000,1,0,33,
124918126000,252.000,2,243.000,30,241.000,9,240.000,20,239.000,49,86.000,1,250.000,30,251.000,9,254.000,49,255.000,20,320.000,1,0,33,
124918401000,252.000,2,243.000,30,241.000,9,240.000,20,239.000,49,237.000,20,250.000,30,251.000,9,252.000,20,254.000,49,255.000,20,0,33,
124918651000,252.000,2,243.000,30,241.000,9,240.000,20,239.000,49,86.000,1,250.000,30,251.000,9,254.000,49,255.000,20,320.000,1,0,33,
124918901000,252.000,2,243.000,30,241.000,9,240.000,20,239.000,49,237.000,20,250.000,30,251.000,9,252.000,20,254.000,49,255.000,20,0,33,
124919026000,252.000,2,243.000,30,241.000,9,240.000,20,239.000,49,86.000,1,250.000,30,251.000,9,254.000,49,255.000,20,320.000,1,0,33,
124919525000,252.000,2,243.000,30,241.000,9,240.000,20,239.000,49,236.000,20,250.000,30,251.000,29,254.000,49,255.000,20,320.000,1,0,33,
124921894000,252.000,2,243.000,30,241.000,9,240.000,20,239.000,49,86.000,1,250.000,30,251.000,9,254.000,49,255.000,20,320.000,1,0,33,
124921894000,252.000,2,243.000,30,241.000,9,240.000,20,239.000,49,235.000,20,250.000,50,251.000,9,254.000,49,255.000,20,320.000,1,0,33,
124921992000,252.000,2,243.000,30,241.000,9,239.000,49,235.000,20,86.000,1,250.000,50,251.000,9,254.000,49,320.000,1,400.000,1,0,33,
124921992000,252.000,2,243.000,30,241.000,9,239.000,69,235.000,20,86.000,1,250.000,50,251.000,9,254.000,69,320.000,1,400.000,1,0,33,
124922782000,252.000,2,243.000,30,241.000,9,239.000,69,86.000,1,84.000,3,250.000,30,251.000,9,254.000,69,320.000,1,400.000,1,0,33,
124922782000,252.000,2,243.000,30,241.000,9,239.000,69,236.000,20,86.000,1,250.000,30,251.000,29,254.000,69,320.000,1,400.000,1,0,33,
124922867000,252.000,2,243.000,30,241.000,9,239.000,49,236.000,20,86.000,1,250.000,30,251.000,29,254.000,49,320.000,1,400.000,1,0,33,
124922867000,252.000,2,243.000,30,241.000,9,240.000,20,239.000,49,236.000,20,250.000,30,251.000,29,254.000,49,255.000,20,320.000,1,0,33,
124924349000,252.000,2,243.000,30,241.000,9,240.000,20,239.000,49,86.000,1,250.000,30,251.000,9,254.000,49,255.000,20,320.000,1,0,33,
124924349000,252.000,2,243.000,30,241.000,9,240.000,20,239.000,49,235.000,20,250.000,50,251.000,9,254.000,49,255.000,20,320.000,1,0,33,
124924368000,252.000,2,243.000,30,241.000,9,239.000,49,235.000,20,86.000,1,250.000,50,251.000,9,254.000,49,320.000,1,400.000,1,0,33,
124924368000,252.000,2,243.000,30,241.000,9,239.000,69,235.000,20,86.000,1,250.000,50,251.000,9,254.000,69,320.000,1,400.000,1,0,33,
124925661000,252.000,2,243.000,30,241.000,9,239.000,49,235.000,20,86.000,1,250.000,50,251.000,9,254.000,49,320.000,1,400.000,1,0,33,
124926381000,252.000,2,243.000,30,241.000,9,239.000,69,235.000,20,86.000,1,250.000,50,251.000,9,254.000,69,320.000,1,400.000,1,0,33,
124926463000,252.000,2,243.000,9,241.000,9,239.000,69,235.000,20,86.000,1,250.000,29,251.000,9,254.000,69,320.000,1,400.000,1,0,33,
124926463000,252.000,2,243.000,9,242.000,21,241.000,9,239.000,69,235.000,20,250.000,50,251.000,9,254.000,69,320.000,1,400.000,1,0,33,
124926464000,252.000,2,243.000,9,242.000,30,241.000,9,239.000,69,235.000,20,250.000,50,251.000,9,254.000,69,320.000,1,400.000,1,0,33,
124926464000,252.000,2,242.000,30,241.000,9,239.000,69,235.000,20,86.000,1,250.000,50,251.000,9,254.000,69,320.000,1,400.000,1,0,33,
124946369000,252.000,2,242.000,30,241.000,9,239.000,49,235.000,20,86.000,1,250.000,50,251.000,9,254.000,49,320.000,1,400.000,1,0,33,
124946369000,252.000,2,242.000,30,241.000,9,239.000,49,238.000,20,235.000,20,250.000,50,251.000,9,253.000,20,254.000,49,320.000,1,0,33,
124946370000,252.000,2,242.000,30,241.000,9,239.000,49,238.000,20,86.000,1,250.000,30,251.000,9,253.000,20,254.000,49,320.000,1,0,33,
124946370000,252.000,2,242.000,30,241.000,9,239.000,49,238.000,20,234.000,20,249.000,20,250.000,30,251.000,9,253.000,20,254.000,49,0,33,
124946370000,252.000,2,242.000,30,241.000,9,239.000,49,238.000,20,234.000,20,249.000,29,250.000,30,251.000,9,253.000,20,254.000,49,0,33,
124946400000,252.000,2,242.000,30,241.000,9,239.000,29,238.000,20,234.000,20,249.000,29,250.000,30,251.000,9,253.000,20,254.000,29,0,33,
124946447000,252.000,2,242.000,9,241.000,9,239.000,29,238.000,20,234.000,20,249.000,29,250.000,9,251.000,9,253.000,20,254.000,29,0,33,
124946447000,252.000,2,242.000,9,241.000,30,239.000,29,238.000,20,234.000,20,248.000,21,249.000,29,250.000,9,251.000,9,253.000,20,0,33,
124946450000,252.000,2,242.000,9,241.000,30,239.000,38,238.000,20,234.000,20,248.000,21,249.000,29,250.000,9,251.000,9,253.000,20,0,33,
124946450000,252.000,2,242.000,9,241.000,30,239.000,18,238.000,20,234.000,20,248.000,21,249.000,29,250.000,9,251.000,9,253.000,20,0,33,
124946452000,252.000,2,241.000,30,239.000,18,238.000,20,234.000,20,86.000,1,248.000,21,249.000,29,250.000,9,251.000,9,253.000,20,0,33,
124946452000,252.000,2,241.000,30,239.000,18,238.000,20,234.000,20,86.000,1,248.000,30,249.000,29,250.000,9,251.000,9,253.000,20,0,33,
124946452000,252.000,2,241.000,30,239.000,18,238.000,20,234.000,20,86.000,1,248.000,30,249.000,29,250.000,9,251.000,9,252.000,9,0,33,
124946507000,252.000,2,241.000,30,239.000,18,238.000,20,237.000,20,234.000,20,248.000,30,249.000,29,250.000,9,251.000,9,252.000,29,0,33,
124946507000,252.000,2,241.000,30,239.000,18,238.000,20,237.000,20,234.000,20,248.000,30,249.000,29,251.000,9,252.000,29,253.000,20,0,33,
124946616000,252.000,2,241.000,30,239.000,9,238.000,20,237.000,20,234.000,20,248.000,30,249.000,29,251.000,9,252.000,29,253.000,20,0,33,
124946742000,252.000,2,241.000,30,239.000,9,238.000,20,237.000,20,86.000,1,248.000,30,249.000,9,251.000,9,252.000,29,253.000,20,0,33,
124946745000,252.000,2,241.000,30,239.000,9,237.000,20,86.000,1,84.000,3,248.000,30,249.000,9,251.000,9,252.000,29,320.000,1,0,33,
124946745000,252.000,2,241.000,30,239.000,9,237.000,40,86.000,1,84.000,3,248.000,30,249.000,9,251.000,9,252.000,49,320.000,1,0,33,
124946992000,252.000,2,241.000,30,239.000,9,237.000,40,234.000,20,86.000,1,248.000,30,249.000,29,251.000,9,252.000,49,320.000,1,0,33,
124947006000,252.000,2,241.000,30,239.000,9,237.000,40,234.000,20,86.000,1,248.000,30,249.000,29,252.000,49,320.000,1,400.000,1,0,33,
124947116000,252.000,2,241.000,30,239.000,9,237.000,40,86.000,1,84.000,3,248.000,30,249.000,9,252.000,49,320.000,1,400.000,1,0,33,
124947490000,252.000,2,241.000,30,239.000,9,237.000,40,233.000,20,86.000,1,248.000,50,249.000,9,252.000,49,320.000,1,400.000,1,0,33,
124947548000,252.000,2,241.000,30,239.000,9,237.000,40,236.000,9,233.000,20,248.000,50,249.000,9,252.000,49,320.000,1,400.000,1,0,33,
124947572000,252.000,2,241.000,9,239.000,9,237.000,40,236.000,9,233.000,20,248.000,29,249.000,9,252.000,49,320.000,1,400.000,1,0,33,
124947572000,252.000,2,241.000,9,240.000,21,239.000,9,237.000,40,236.000,9,248.000,50,249.000,9,252.000,49,320.000,1,400.000,1,0,33,
124947573000,252.000,2,241.000,9,240.000,21,239.000,9,237.000,49,236.000,9,248.000,50,249.000,9,252.000,49,320.000,1,400.000,1,0,33,
124947573000,252.000,2,240.000,21,239.000,9,237.000,49,236.000,9,233.000,20,248.000,50,249.000,9,252.000,49,320.000,1,400.000,1,0,33,
124947573000,252.000,2,240.000,30,239.000,9,237.000,49,236.000,9,233.000,20,248.000,50,249.000,9,252.000,49,320.000,1,400.000,1,0,33,
124948171000,252.000,2,240.000,30,239.000,9,237.000,49,236.000,9,86.000,1,248.000,30,249.000,9,252.000,49,320.000,1,400.000,1,0,33,
124948171000,252.000,2,240.000,30,239.000,9,237.000,49,236.000,9,234.000,20,248.000,30,249.000,29,252.000,49,320.000,1,400.000,1,0,33,
124948506000,252.000,2,240.000,30,239.000,9,237.000,40,236.000,9,234.000,20,248.000,30,249.000,29,252.000,49,320.000,1,400.000,1,0,33,
124948546000,252.000,2,240.000,30,239.000,9,237.000,40,236.000,9,86.000,1,248.000,30,249.000,9,252.000,49,320.000,1,400.000,1,0,33,
124948671000,252.000,2,240.000,30,239.000,9,237.000,40,236.000,9,233.000,20,248.000,50,249.000,9,252.000,49,320.000,1,400.000,1,0,33,
124948921000,252.000,2,240.000,30,239.000,9,237.000,40,236.000,9,86.000,1,248.000,30,249.000,9,252.000,49,320.000,1,400.000,1,0,33,
124949171000,252.000,2,240.000,30,239.000,9,237.000,40,236.000,9,234.000,20,248.000,30,249.000,29,252.000,49,320.000,1,400.000,1,0,33,
124949421000,252.000,2,240.000,30,239.000,9,237.000,40,236.000,9,86.000,1,248.000,30,249.000,9,252.000,49,320.000,1,400.000,1,0,33,
124949671000,252.000,2,240.000,30,239.000,9,237.000,40,236.000,9,233.000,20,248.000,50,249.000,9,252.000,49,320.000,1,400.000,1,0,33,
124949790000,252.000,2,240.000,30,239.000,9,237.000,60,236.000,9,233.000,20,248.000,50,249.000,9,252.000,69,320.000,1,400.000,1,0,33,
124951275000,252.000,2,240.000,30,239.000,9,237.000,40,236.000,9,233.000,20,248.000,50,249.000,9,252.000,49,320.000,1,400.000,1,0,33,
124951275000,252.000,2,240.000,30,239.000,9,237.000,40,236.000,29,233.000,20,248.000,50,249.000,9,251.000,20,252.000,49,320.000,1,0,33,
124951282000,252.000,2,240.000,30,239.000,9,237.000,40,236.000,29,233.000,20,248.000,50,249.000,9,251.000,20,252.000,40,320.000,1,0,33,
124951283000,252.000,2,240.000,9,239.000,9,237.000,40,236.000,29,233.000,20,248.000,29,249.000,9,251.000,20,252.000,40,320.000,1,0,33,
124951283000,252.000,2,240.000,9,239.000,30,237.000,40,236.000,29,233.000,20,248.000,50,249.000,9,251.000,20,252.000,40,320.000,1,0,33,
124951283000,252.000,2,240.000,9,239.000,30,237.000,40,236.000,29,233.000,20,248.000,50,249.000,9,250.000,9,251.000,20,252.000,40,0,33,
124951283000,252.000,2,240.000,9,239.000,30,237.000,49,236.000,29,233.000,20,248.000,50,249.000,9,250.000,9,251.000,20,252.000,40,0,33,
124951283000,252.000,2,239.000,30,237.000,49,236.000,29,233.000,20,86.000,1,248.000,50,249.000,9,250.000,9,251.000,20,252.000,40,0,33,
124951328000,252.000,2,239.000,9,237.000,49,236.000,29,233.000,20,86.000,1,248.000,29,249.000,9,250.000,9,251.000,20,252.000,40,0,33,
124951328000,252.000,2,239.000,9,238.000,21,237.000,49,236.000,29,233.000,20,248.000,50,249.000,9,250.000,9,251.000,20,252.000,40,0,33,
124951328000,252.000,2,238.000,21,237.000,49,236.000,29,233.000,20,86.000,1,248.000,50,249.000,9,250.000,9,251.000,20,252.000,40,0,33,
124951328000,252.000,2,238.000,30,237.000,49,236.000,29,233.000,20,86.000,1,248.000,50,249.000,9,250.000,9,251.000,20,252.000,40,0,33,
124951399000,252.000,2,238.000,30,237.000,49,236.000,29,86.000,1,84.000,3,248.000,30,249.000,9,250.000,9,251.000,20,252.000,40,0,33,
124951399000,252.000,2,238.000,30,237.000,49,236.000,29,232.000,20,86.000,1,247.000,20,248.000,30,249.000,9,250.000,9,251.000,20,0,33,
124951400000,252.000,2,238.000,30,237.000,49,236.000,29,232.000,20,86.000,1,247.000,29,248.000,30,249.000,9,250.000,9,251.000,20,0,33,
124952007000,252.000,2,238.000,30,237.000,49,236.000,29,232.000,20,86.000,1,247.000,29,248.000,30,250.000,9,251.000,20,252.000,40,0,33,
124952017000,252.000,2,238.000,30,237.000,49,236.000,29,86.000,1,84.000,3,247.000,9,248.000,30,250.000,9,251.000,20,252.000,40,0,33,
124952017000,252.000,2,238.000,30,237.000,49,236.000,29,233.000,20,86.000,1,247.000,9,248.000,50,250.000,9,251.000,20,252.000,40,0,33,
124952017000,252.000,2,238.000,30,237.000,49,236.000,29,233.000,20,86.000,1,248.000,50,250.000,9,251.000,20,252.000,40,320.000,1,0,33,
124952143000,252.000,2,238.000,30,237.000,49,236.000,29,86.000,1,84.000,3,248.000,30,250.000,9,251.000,20,252.000,40,320.000,1,0,33,
124952634000,252.000,2,238.000,30,237.000,49,236.000,29,233.000,20,86.000,1,248.000,50,250.000,9,251.000,20,252.000,40,320.000,1,0,33,
124954439000,252.000,2,238.000,30,237.000,29,236.000,29,233.000,20,86.000,1,248.000,50,250.000,9,251.000,20,252.000,20,320.000,1,0,33,
124955594000,252.000,2,238.000,30,237.000,29,236.000,49,233.000,20,86.000,1,248.000,50,250.000,9,251.000,40,252.000,20,320.000,1,0,33,
125000121000,252.000,2,238.000,30,237.000,29,236.000,29,233.000,20,86.000,1,248.000,50,250.000,9,251.000,20,252.000,20,320.000,1,0,33,
125000121000,252.000,2,238.000,30,237.000,49,236.000,29,233.000,20,86.000,1,248.000,50,250.000,9,251.000,20,252.000,40,320.000,1,0,33,
125000126000,252.000,2,238.000,30,237.000,49,236.000,29,86.000,1,84.000,3,248.000,30,250.000,9,251.000,20,252.000,40,320.000,1,0,33,
125000160000,252.000,2,238.000,30,237.000,49,236.000,29,234.000,20,86.000,1,248.000,30,249.000,20,250.000,9,251.000,20,252.000,40,0,33,
125002179000,252.000,2,238.000,30,237.000,49,236.000,29,86.000,1,84.000,3,248.000,30,250.000,9,251.000,20,252.000,40,320.000,1,0,33,
125002179000,252.000,2,238.000,30,237.000,49,236.000,29,233.000,20,86.000,1,248.000,50,250.000,9,251.000,20,252.000,40,320.000,1,0,33,
125002615000,252.000,2,238.000,30,237.000,49,236.000,29,86.000,1,84.000,3,248.000,30,250.000,9,251.000,20,252.000,40,320.000,1,0,33,
125002619000,252.000,2,238.000,30,237.000,29,236.000,29,86.000,1,84.000,3,248.000,30,250.000,9,251.000,20,252.000,20,320.000,1,0,33,
125002619000,252.000,2,238.000,30,237.000,29,236.000,49,86.000,1,84.000,3,248.000,30,250.000,9,251.000,40,252.000,20,320.000,1,0,33,
125002740000,252.000,2,238.000,30,237.000,29,236.000,49,232.000,20,86.000,1,247.000,20,248.000,30,250.000,9,251.000,40,252.000,20,0,33,
125002741000,252.000,2,238.000,30,237.000,29,236.000,49,232.000,20,86.000,1,247.000,29,248.000,30,250.000,9,251.000,40,252.000,20,0,33,
125003466000,252.000,2,238.000,9,237.000,29,236.000,49,232.000,20,86.000,1,247.000,29,248.000,9,250.000,9,251.000,40,252.000,20,0,33,
125003466000,252.000,2,238.000,30,237.000,29,236.000,49,232.000,20,86.000,1,246.000,21,247.000,29,248.000,9,250.000,9,251.000,40,0,33,
125003467000,252.000,2,238.000,21,237.000,29,236.000,49,232.000,20,86.000,1,246.000,21,247.000,29,248.000,9,250.000,9,251.000,40,0,33,
125003467000,252.000,2,238.000,21,237.000,29,236.000,49,232.000,20,86.000,1,246.000,30,247.000,29,248.000,9,250.000,9,251.000,40,0,33,
125003467000,252.000,2,238.000,30,237.000,29,236.000,49,232.000,20,86.000,1,246.000,30,247.000,29,248.000,9,250.000,9,251.000,40,0,33,
125003507000,252.000,2,238.000,30,237.000,29,236.000,49,232.000,20,86.000,1,246.000,30,247.000,29,250.000,9,251.000,40,252.000,20,0,33,
125003771000,252.000,2,238.000,30,237.000,29,236.000,49,86.000,1,84.000,3,246.000,30,247.000,9,250.000,9,251.000,40,252.000,20,0,33,
125003771000,252.000,2,238.000,30,237.000,29,236.000,49,233.000,20,86.000,1,246.000,30,247.000,9,248.000,20,250.000,9,251.000,40,0,33,
125006993000,252.000,2,238.000,30,237.000,29,236.000,29,233.000,20,86.000,1,246.000,30,247.000,9,248.000,20,250.000,9,251.000,20,0,33,
125006993000,252.000,2,238.000,30,237.000,49,236.000,29,233.000,20,86.000,1,246.000,30,247.000,9,248.000,20,250.000,9,251.000,20,0,33,
125009755000,252.000,2,238.000,30,237.000,49,236.000,29,86.000,1,84.000,3,246.000,30,247.000,9,250.000,9,251.000,20,252.000,40,0,33,
125009755000,252.000,2,238.000,30,237.000,49,236.000,29,234.000,20,86.000,1,246.000,30,247.000,9,249.000,20,250.000,9,251.000,20,0,33,
125009879000,252.000,2,238.000,30,237.000,49,236.000,29,86.000,1,84.000,3,246.000,30,247.000,9,250.000,9,251.000,20,252.000,40,0,33,
125010196000,252.000,2,238.000,9,237.000,49,236.000,29,86.000,1,84.000,3,246.000,9,247.000,9,250.000,9,251.000,20,252.000,40,0,33,
125010196000,252.000,2,238.000,30,237.000,49,236.000,29,86.000,1,84.000,3,246.000,9,247.000,30,250.000,9,251.000,20,252.000,40,0,33,
125010199000,252.000,2,238.000,30,237.000,49,236.000,29,86.000,1,84.000,3,246.000,9,247.000,30,250.000,18,251.000,20,252.000,40,0,33,
125010199000,252.000,2,238.000,21,237.000,49,236.000,29,86.000,1,84.000,3,246.000,9,247.000,30,250.000,18,251.000,20,252.000,40,0,33,
125010200000,252.000,2,238.000,21,237.000,49,236.000,29,86.000,1,84.000,3,247.000,30,250.000,18,251.000,20,252.000,40,320.000,1,0,33,
125010200000,252.000,2,238.000,30,237.000,49,236.000,29,86.000,1,84.000,3,247.000,30,250.000,18,251.000,20,252.000,40,320.000,1,0,33,
125010255000,252.000,2,238.000,30,237.000,49,236.000,29,234.000,20,86.000,1,247.000,30,249.000,20,250.000,18,251.000,20,252.000,40,0,33,
125010482000,252.000,2,238.000,9,237.000,49,236.000,29,234.000,20,86.000,1,247.000,9,249.000,20,250.000,18,251.000,20,252.000,40,0,33,
125010482000,252.000,2,238.000,30,237.000,49,236.000,29,234.000,20,86.000,1,247.000,9,248.000,21,249.000,20,250.000,18,251.000,20,0,33,
125010482000,252.000,2,238.000,21,237.000,49,236.000,29,234.000,20,86.000,1,247.000,9,248.000,21,249.000,20,250.000,18,251.000,20,0,33,
125010482000,252.000,2,238.000,21,237.000,49,236.000,29,234.000,20,86.000,1,248.000,21,249.000,20,250.000,18,251.000,20,252.000,40,0,33,
125010740000,252.000,2,238.000,21,237.000,49,236.000,9,234.000,20,86.000,1,248.000,21,249.000,20,250.000,18,252.000,40,320.000,1,0,33,
125011757000,252.000,2,238.000,21,237.000,49,236.000,9,234.000,20,86.000,1,248.000,30,249.000,20,250.000,18,252.000,40,320.000,1,0,33,
125011757000,252.000,2,238.000,30,237.000,49,236.000,9,234.000,20,86.000,1,248.000,30,249.000,20,250.000,18,252.000,40,320.000,1,0,33,
125011877000,252.000,2,238.000,30,237.000,69,236.000,9,234.000,20,86.000,1,248.000,30,249.000,20,250.000,18,252.000,60,320.000,1,0,33,
125018368000,252.000,2,238.000,30,237.000,49,236.000,9,234.000,20,86.000,1,248.000,30,249.000,20,250.000,18,252.000,40,320.000,1,0,33,
125018368000,252.000,2,238.000,50,237.000,49,236.000,9,234.000,20,86.000,1,248.000,30,249.000,20,250.000,18,252.000,40,253.000,20,0,33,
125018621000,252.000,2,238.000,50,237.000,49,236.000,9,86.000,1,84.000,3,248.000,30,250.000,18,252.000,40,253.000,20,320.000,1,0,33,
125018621000,252.000,2,238.000,50,237.000,49,236.000,9,235.000,20,86.000,1,248.000,30,250.000,38,252.000,40,253.000,20,320.000,1,0,33,
125018891000,252.000,2,238.000,50,237.000,49,236.000,9,235.000,20,86.000,1,248.000,30,250.000,29,252.000,40,253.000,20,320.000,1,0,33,
125018891000,252.000,2,238.000,50,237.000,49,236.000,9,235.000,20,86.000,1,248.000,30,250.000,29,252.000,49,253.000,20,320.000,1,0,33,
125019486000,252.000,2,238.000,29,237.000,49,236.000,9,235.000,20,86.000,1,248.000,9,250.000,29,252.000,49,253.000,20,320.000,1,0,33,
125019486000,252.000,2,238.000,50,237.000,49,236.000,9,235.000,20,86.000,1,248.000,9,249.000,21,250.000,29,252.000,49,253.000,20,0,33,
125019486000,252.000,2,238.000,50,237.000,49,236.000,9,235.000,20,86.000,1,249.000,21,250.000,29,252.000,49,253.000,20,320.000,1,0,33,
125019486000,252.000,2,238.000,50,237.000,49,236.000,9,235.000,20,86.000,1,249.000,30,250.000,29,252.000,49,253.000,20,320.000,1,0,33,
125019733000,252.000,2,238.000,50,237.000,49,236.000,9,86.000,1,84.000,3,249.000,30,250.000,9,252.000,49,253.000,20,320.000,1,0,33,
125019733000,252.000,2,238.000,50,237.000,49,236.000,9,234.000,20,86.000,1,249.000,50,250.000,9,252.000,49,253.000,20,320.000,1,0,33,
125020726000,252.000,2,238.000,50,237.000,29,236.000,9,234.000,20,86.000,1,249.000,50,250.000,9,252.000,29,253.000,20,320.000,1,0,33,
125020726000,252.000,2,238.000,50,237.000,29,236.000,9,86.000,1,84.000,3,249.000,30,250.000,9,252.000,29,253.000,20,320.000,1,0,33,
125020726000,252.000,2,238.000,50,237.000,29,236.000,9,235.000,20,86.000,1,249.000,30,250.000,29,252.000,29,253.000,20,320.000,1,0,33,
125021658000,252.000,2,238.000,50,237.000,49,236.000,9,235.000,20,86.000,1,249.000,30,250.000,29,252.000,49,253.000,20,320.000,1,0,33,
125022744000,252.000,2,238.000,30,237.000,49,236.000,9,235.000,20,86.000,1,249.000,30,250.000,29,252.000,49,320.000,1,400.000,1,0,33,
125022744000,252.000,2,239.000,20,238.000,30,237.000,49,236.000,9,235.000,20,249.000,30,250.000,29,252.000,49,254.000,20,320.000,1,0,33,
125022744000,252.000,2,239.000,29,238.000,30,237.000,49,236.000,9,235.000,20,249.000,30,250.000,29,252.000,49,254.000,20,320.000,1,0,33,
125023007000,252.000,2,239.000,29,238.000,30,237.000,40,236.000,9,235.000,20,249.000,30,250.000,29,252.000,49,254.000,20,320.000,1,0,33,
125023488000,252.000,2,239.000,29,238.000,9,237.000,40,236.000,9,235.000,20,249.000,9,250.000,29,252.000,49,254.000,20,320.000,1,0,33,
125023488000,252.000,2,240.000,21,239.000,29,238.000,9,237.000,40,236.000,9,249.000,30,250.000,29,252.000,49,254.000,20,320.000,1,0,33,
125023488000,252.000,2,240.000,21,239.000,29,238.000,9,237.000,40,236.000,9,249.000,21,250.000,29,252.000,49,254.000,20,320.000,1,0,33,
125023488000,252.000,2,240.000,30,239.000,29,238.000,9,237.000,40,236.000,9,249.000,21,250.000,29,252.000,49,254.000,20,320.000,1,0,33,
125023488000,252.000,2,240.000,30,239.000,29,238.000,9,237.000,40,236.000,9,249.000,30,250.000,29,252.000,49,254.000,20,320.000,1,0,33,
125023507000,252.000,2,240.000,30,239.000,29,237.000,40,236.000,9,235.000,20,249.000,30,250.000,29,252.000,49,254.000,20,320.000,1,0,33,
125023638000,252.000,2,240.000,30,239.000,29,237.000,20,236.000,9,235.000,20,249.000,30,250.000,29,252.000,29,254.000,20,320.000,1,0,33,
125023752000,252.000,2,240.000,30,239.000,29,237.000,40,236.000,9,235.000,20,249.000,30,250.000,29,252.000,49,254.000,20,320.000,1,0,33,
125026234000,252.000,2,240.000,30,239.000,29,237.000,40,235.000,20,86.000,1,249.000,30,250.000,29,252.000,49,254.000,20,320.000,1,0,33,
125026235000,252.000,2,240.000,30,239.000,29,237.000,40,86.000,1,84.000,3,249.000,30,250.000,9,252.000,49,254.000,20,320.000,1,0,33,
125026235000,252.000,2,240.000,30,239.000,29,237.000,40,236.000,20,86.000,1,249.000,30,250.000,9,251.000,20,252.000,49,254.000,20,0,33,
125026237000,252.000,2,240.000,30,239.000,29,238.000,9,237.000,40,236.000,20,249.000,30,250.000,9,251.000,20,252.000,49,254.000,20,0,33,
125026243000,252.000,2,240.000,30,239.000,9,238.000,9,237.000,40,236.000,20,249.000,30,250.000,9,251.000,20,252.000,49,320.000,1,0,33,
125026243000,252.000,2,240.000,50,239.000,9,238.000,9,237.000,40,236.000,20,249.000,30,250.000,9,251.000,20,252.000,49,255.000,20,0,33,
125026493000,252.000,2,240.000,30,239.000,9,238.000,9,237.000,40,236.000,20,249.000,30,250.000,9,251.000,20,252.000,49,320.000,1,0,33,
125026493000,252.000,2,240.000,30,239.000,29,238.000,9,237.000,40,236.000,20,249.000,30,250.000,9,251.000,20,252.000,49,254.000,20,0,33,
125026496000,252.000,2,240.000,30,239.000,29,238.000,9,237.000,40,86.000,1,249.000,30,250.000,9,252.000,49,254.000,20,320.000,1,0,33,
125026748000,252.000,2,240.000,30,239.000,29,238.000,9,237.000,40,235.000,20,249.000,30,250.000,29,252.000,49,254.000,20,320.000,1,0,33,
125035369000,252.000,2,240.000,30,239.000,9,238.000,9,237.000,40,235.000,20,249.000,30,250.000,29,252.000,49,320.000,1,400.000,1,0,33,
125035369000,252.000,2,240.000,50,239.000,9,238.000,9,237.000,40,235.000,20,249.000,30,250.000,29,252.000,49,255.000,20,320.000,1,0,33,
125035493000,252.000,2,240.000,29,239.000,9,238.000,9,237.000,40,235.000,20,249.000,9,250.000,29,252.000,49,255.000,20,320.000,1,0,33,
125035493000,252.000,2,240.000,50,239.000,9,238.000,9,237.000,40,235.000,20,249.000,9,250.000,50,252.000,49,255.000,20,320.000,1,0,33,
125035493000,252.000,2,240.000,50,239.000,9,238.000,9,237.000,40,235.000,20,250.000,50,252.000,49,255.000,20,320.000,1,400.000,1,0,33,
125036319000,252.000,2,240.000,50,239.000,9,238.000,9,237.000,40,86.000,1,250.000,30,252.000,49,255.000,20,320.000,1,400.000,1,0,33,
125036319000,252.000,2,240.000,50,239.000,9,238.000,9,237.000,40,236.000,20,250.000,30,251.000,20,252.000,49,255.000,20,320.000,1,0,33,
125037313000,252.000,2,240.000,50,239.000,9,238.000,9,237.000,40,86.000,1,250.000,30,252.000,49,255.000,20,320.000,1,400.000,1,0,33,
125037313000,252.000,2,240.000,50,239.000,9,238.000,9,237.000,40,235.000,20,250.000,50,252.000,49,255.000,20,320.000,1,400.000,1,0,33,
125038187000,252.000,2,240.000,50,239.000,9,238.000,9,237.000,40,86.000,1,250.000,30,252.000,49,255.000,20,320.000,1,400.000,1,0,33,
125038187000,252.000,2,240.000,50,239.000,9,238.000,9,237.000,40,236.000,20,250.000,30,251.000,20,252.000,49,255.000,20,320.000,1,0,33,
125038562000,252.000,2,240.000,50,239.000,9,238.000,9,237.000,40,86.000,1,250.000,30,252.000,49,255.000,20,320.000,1,400.000,1,0,33,
125038687000,252.000,2,240.000,50,239.000,9,238.000,9,237.000,40,235.000,20,250.000,50,252.000,49,255.000,20,320.000,1,400.000,1,0,33,
125039368000,252.000,2,240.000,30,239.000,9,238.000,9,237.000,40,235.000,20,250.000,50,252.000,49,320.000,1,400.000,1,414.000,1,0,33,
125039368000,252.000,2,240.000,30,239.000,29,238.000,9,237.000,40,235.000,20,250.000,50,252.000,49,254.000,20,320.000,1,400.000,1,0,33,
125039494000,252.000,2,240.000,9,239.000,29,238.000,9,237.000,40,235.000,20,250.000,29,252.000,49,254.000,20,320.000,1,400.000,1,0,33,
125039494000,252.000,2,240.000,30,239.000,29,238.000,9,237.000,40,235.000,20,249.000,21,250.000,29,252.000,49,254.000,20,320.000,1,0,33,
125039495000,252.000,2,240.000,30,239.000,29,238.000,9,237.000,40,235.000,20,249.000,30,250.000,29,252.000,49,254.000,20,320.000,1,0,33,
125039495000,252.000,2,240.000,21,239.000,29,238.000,9,237.000,40,235.000,20,249.000,30,250.000,29,252.000,49,254.000,20,320.000,1,0,33,
125039495000,252.000,2,240.000,30,239.000,29,238.000,9,237.000,40,235.000,20,249.000,30,250.000,29,252.000,49,254.000,20,320.000,1,0,33,
125043800000,252.000,2,240.000,30,239.000,29,238.000,9,237.000,20,235.000,20,249.000,30,250.000,29,252.000,29,254.000,20,320.000,1,0,33,
125044479000,252.000,2,240.000,30,239.000,29,238.000,9,237.000,40,235.000,20,249.000,30,250.000,29,252.000,49,254.000,20,320.000,1,0,33,
125049976000,252.000,2,240.000,30,239.000,29,238.000,9,237.000,40,86.000,1,249.000,30,250.000,9,252.000,49,254.000,20,320.000,1,0,33,
125049976000,252.000,2,240.000,30,239.000,29,238.000,9,237.000,40,234.000,20,249.000,50,250.000,9,252.000,49,254.000,20,320.000,1,0,33,
125050226000,252.000,2,240.000,30,239.000,29,238.000,9,237.000,40,86.000,1,249.000,30,250.000,9,252.000,49,254.000,20,320.000,1,0,33,
125050475000,252.000,2,240.000,30,239.000,29,238.000,9,237.000,40,235.000,20,249.000,30,250.000,29,252.000,49,254.000,20,320.000,1,0,33,
125053591000,252.000,2,240.000,30,239.000,29,238.000,9,237.000,40,86.000,1,249.000,30,250.000,9,252.000,49,254.000,20,320.000,1,0,33,
125053591000,252.000,2,240.000,30,239.000,29,238.000,9,237.000,40,234.000,20,249.000,50,250.000,9,252.000,49,254.000,20,320.000,1,0,33,
125053710000,252.000,2,240.000,30,239.000,29,238.000,9,237.000,40,86.000,1,249.000,30,250.000,9,252.000,49,254.000,20,320.000,1,0,33,
125054193000,252.000,2,240.000,30,239.000,29,238.000,9,237.000,40,235.000,20,249.000,30,250.000,29,252.000,49,254.000,20,320.000,1,0,33,
125100258000,252.000,2,240.000,30,239.000,29,238.000,9,237.000,40,86.000,1,249.000,30,250.000,9,252.000,49,254.000,20,320.000,1,0,33,
125100258000,252.000,2,240.000,30,239.000,29,238.000,9,237.000,40,234.000,20,249.000,50,250.000,9,252.000,49,254.000,20,320.000,1,0,33,
125102258000,252.000,2,240.000,30,239.000,29,238.000,9,237.000,40,86.000,1,249.000,30,250.000,9,252.000,49,254.000,20,320.000,1,0,33,
125102258000,252.000,2,240.000,30,239.000,29,238.000,9,237.000,40,235.000,20,249.000,30,250.000,29,252.000,49,254.000,20,320.000,1,0,33,
125103843000,252.000,2,240.000,30,239.000,29,238.000,9,237.000,20,235.000,20,249.000,30,250.000,29,252.000,29,254.000,20,320.000,1,0,33,
125103868000,252.000,2,240.000,30,239.000,9,238.000,9,237.000,20,235.000,20,249.000,30,250.000,29,252.000,29,320.000,1,400.000,1,0,33,
125103868000,252.000,2,240.000,50,239.000,9,238.000,9,237.000,20,235.000,20,249.000,30,250.000,29,252.000,29,255.000,20,320.000,1,0,33,
125103870000,252.000,2,240.000,50,239.000,9,238.000,9,237.000,20,86.000,1,249.000,30,250.000,9,252.000,29,255.000,20,320.000,1,0,33,
125103870000,252.000,2,240.000,50,239.000,9,238.000,9,237.000,20,236.000,20,249.000,30,250.000,9,251.000,20,252.000,29,255.000,20,0,33,
125103954000,252.000,2,240.000,50,239.000,9,238.000,29,237.000,20,236.000,20,249.000,30,250.000,9,251.000,20,252.000,29,253.000,20,0,33,
125104493000,252.000,2,240.000,30,239.000,9,238.000,29,237.000,20,236.000,20,249.000,30,250.000,9,251.000,20,252.000,29,253.000,20,0,33,
125104493000,252.000,2,240.000,30,239.000,29,238.000,29,237.000,20,236.000,20,249.000,30,250.000,9,251.000,20,252.000,29,253.000,20,0,33,
125104496000,252.000,2,240.000,30,239.000,29,238.000,29,237.000,20,86.000,1,249.000,30,250.000,9,252.000,29,253.000,20,254.000,20,0,33,
125104496000,252.000,2,240.000,30,239.000,29,238.000,29,237.000,20,235.000,20,249.000,30,250.000,29,252.000,29,253.000,20,254.000,20,0,33,
125109368000,252.000,2,240.000,30,239.000,9,238.000,29,237.000,20,235.000,20,249.000,30,250.000,29,252.000,29,253.000,20,320.000,1,0,33,
125109368000,252.000,2,240.000,50,239.000,9,238.000,29,237.000,20,235.000,20,249.000,30,250.000,29,252.000,29,253.000,20,255.000,20,0,33,
125109382000,252.000,2,240.000,50,239.000,9,238.000,29,237.000,20,86.000,1,249.000,30,250.000,9,252.000,29,253.000,20,255.000,20,0,33,
125109382000,252.000,2,240.000,50,239.000,9,238.000,29,237.000,20,236.000,20,249.000,30,250.000,9,251.000,20,252.000,29,253.000,20,0,33,
125109507000,252.000,2,240.000,29,239.000,9,238.000,29,237.000,20,236.000,20,249.000,9,250.000,9,251.000,20,252.000,29,253.000,20,0,33,
125109507000,252.000,2,240.000,50,239.000,9,238.000,29,237.000,20,236.000,20,249.000,9,250.000,30,251.000,20,252.000,29,253.000,20,0,33,
125109508000,252.000,2,240.000,50,239.000,9,238.000,29,237.000,20,236.000,20,249.000,9,250.000,30,251.000,29,252.000,29,253.000,20,0,33,
125109508000,252.000,2,240.000,50,239.000,9,238.000,29,237.000,20,236.000,20,250.000,30,251.000,29,252.000,29,253.000,20,255.000,20,0,33,
125110132000,252.000,2,240.000,50,239.000,9,238.000,29,237.000,20,86.000,1,250.000,30,251.000,9,252.000,29,253.000,20,255.000,20,0,33,
125110132000,252.000,2,240.000,50,239.000,9,238.000,29,237.000,20,235.000,20,250.000,50,251.000,9,252.000,29,253.000,20,255.000,20,0,33,
125110368000,252.000,2,240.000,30,239.000,9,238.000,29,237.000,20,235.000,20,250.000,50,251.000,9,252.000,29,253.000,20,320.000,1,0,33,
125110368000,252.000,2,240.000,30,239.000,29,238.000,29,237.000,20,235.000,20,250.000,50,251.000,9,252.000,29,253.000,20,254.000,20,0,33,
125110508000,252.000,2,240.000,9,239.000,29,238.000,29,237.000,20,235.000,20,250.000,29,251.000,9,252.000,29,253.000,20,254.000,20,0,33,
125110508000,252.000,2,240.000,30,239.000,29,238.000,29,237.000,20,235.000,20,249.000,21,250.000,29,251.000,9,252.000,29,253.000,20,0,33,
125110508000,252.000,2,240.000,21,239.000,29,238.000,29,237.000,20,235.000,20,249.000,21,250.000,29,251.000,9,252.000,29,253.000,20,0,33,
125110508000,252.000,2,240.000,21,239.000,29,238.000,29,237.000,20,235.000,20,249.000,30,250.000,29,251.000,9,252.000,29,253.000,20,0,33,
125110508000,252.000,2,240.000,30,239.000,29,238.000,29,237.000,20,235.000,20,249.000,30,250.000,29,251.000,9,252.000,29,253.000,20,0,33,
125111006000,252.000,2,240.000,30,239.000,29,238.000,29,237.000,20,235.000,20,249.000,30,250.000,29,252.000,29,253.000,20,254.000,20,0,33,
125117548000,252.000,2,240.000,30,239.000,29,238.000,29,237.000,20,86.000,1,249.000,30,250.000,9,252.000,29,253.000,20,254.000,20,0,33,
125117739000,252.000,2,240.000,30,239.000,29,238.000,29,237.000,20,234.000,20,249.000,50,250.000,9,252.000,29,253.000,20,254.000,20,0,33,
125117930000,252.000,2,240.000,30,239.000,29,238.000,9,237.000,20,234.000,20,249.000,50,250.000,9,252.000,29,254.000,20,320.000,1,0,33,
125118371000,252.000,2,240.000,30,239.000,9,238.000,9,237.000,20,234.000,20,249.000,50,250.000,9,252.000,29,320.000,1,400.000,1,0,33,
125118371000,252.000,2,240.000,30,239.000,9,238.000,29,237.000,20,234.000,20,249.000,50,250.000,9,252.000,29,253.000,20,320.000,1,0,33,
125119830000,252.000,2,240.000,30,239.000,9,238.000,29,237.000,40,234.000,20,249.000,50,250.000,9,252.000,49,253.000,20,320.000,1,0,33,
125127918000,252.000,2,240.000,30,239.000,9,238.000,29,237.000,40,86.000,1,249.000,30,250.000,9,252.000,49,253.000,20,320.000,1,0,33,
125127918000,252.000,2,240.000,30,239.000,9,238.000,29,237.000,40,235.000,20,249.000,30,250.000,29,252.000,49,253.000,20,320.000,1,0,33,
125129786000,252.000,2,240.000,30,239.000,9,238.000,29,237.000,40,86.000,1,249.000,30,250.000,9,252.000,49,253.000,20,320.000,1,0,33,
125129786000,252.000,2,240.000,30,239.000,9,238.000,29,237.000,40,234.000,20,249.000,50,250.000,9,252.000,49,253.000,20,320.000,1,0,33,
125130743000,252.000,2,240.000,30,239.000,9,238.000,9,237.000,40,234.000,20,249.000,50,250.000,9,252.000,49,320.000,1,400.000,1,0,33,
125130743000,252.000,2,240.000,30,239.000,9,238.000,9,237.000,60,234.000,20,249.000,50,250.000,9,252.000,69,320.000,1,400.000,1,0,33,
125130769000,252.000,2,240.000,30,239.000,9,238.000,9,237.000,60,86.000,1,249.000,30,250.000,9,252.000,69,320.000,1,400.000,1,0,33,
125130769000,252.000,2,240.000,30,239.000,9,238.000,9,237.000,60,233.000,20,248.000,20,249.000,30,250.000,9,252.000,69,320.000,1,0,33,
125130912000,252.000,2,240.000,30,239.000,9,238.000,9,237.000,60,86.000,1,249.000,30,250.000,9,252.000,69,320.000,1,400.000,1,0,33,
125131272000,252.000,2,240.000,30,239.000,9,238.000,9,237.000,60,234.000,20,249.000,50,250.000,9,252.000,69,320.000,1,400.000,1,0,33,
125131368000,252.000,2,240.000,30,239.000,9,238.000,9,237.000,40,234.000,20,249.000,50,250.000,9,252.000,49,320.000,1,400.000,1,0,33,
125131369000,252.000,2,240.000,30,239.000,9,238.000,29,237.000,40,234.000,20,249.000,50,250.000,9,252.000,49,253.000,20,320.000,1,0,33,
125134868000,252.000,2,240.000,30,239.000,9,238.000,9,237.000,40,234.000,20,249.000,50,250.000,9,252.000,49,320.000,1,400.000,1,0,33,
125134868000,252.000,2,240.000,30,239.000,9,238.000,9,237.000,60,234.000,20,249.000,50,250.000,9,252.000,69,320.000,1,400.000,1,0,33,
125134876000,252.000,2,240.000,30,239.000,9,237.000,60,234.000,20,86.000,1,249.000,50,250.000,9,252.000,69,320.000,1,400.000,1,0,33,
125134889000,252.000,2,240.000,30,239.000,9,237.000,60,86.000,1,84.000,3,249.000,30,250.000,9,252.000,69,320.000,1,400.000,1,0,33,
125134889000,252.000,2,240.000,30,239.000,9,237.000,60,233.000,20,86.000,1,248.000,20,249.000,30,250.000,9,252.000,69,320.000,1,0,33,
125135000000,252.000,2,240.000,30,239.000,9,237.000,60,236.000,9,233.000,20,248.000,20,249.000,30,250.000,9,252.000,69,320.000,1,0,33,
125135048000,252.000,2,240.000,9,239.000,9,237.000,60,236.000,9,233.000,20,248.000,20,249.000,9,250.000,9,252.000,69,320.000,1,0,33,
125135048000,252.000,2,240.000,9,239.000,30,237.000,60,236.000,9,233.000,20,247.000,21,248.000,20,249.000,9,250.000,9,252.000,69,0,33,
125135049000,252.000,2,239.000,30,237.000,60,236.000,9,233.000,20,86.000,1,247.000,21,248.000,20,249.000,9,250.000,9,252.000,69,0,33,
125135196000,252.000,2,239.000,30,237.000,60,236.000,9,86.000,1,84.000,3,247.000,21,249.000,9,250.000,9,252.000,69,320.000,1,0,33,
125135441000,252.000,2,239.000,30,237.000,60,236.000,9,234.000,20,86.000,1,247.000,21,249.000,29,250.000,9,252.000,69,320.000,1,0,33,
125135452000,252.000,2,239.000,30,237.000,60,236.000,9,234.000,20,86.000,1,247.000,30,249.000,29,250.000,9,252.000,69,320.000,1,0,33,
125135507000,252.000,2,239.000,30,237.000,60,236.000,9,234.000,20,86.000,1,247.000,30,249.000,29,252.000,69,320.000,1,400.000,1,0,33,
125136368000,252.000,2,239.000,30,237.000,40,236.000,9,234.000,20,86.000,1,247.000,30,249.000,29,252.000,49,320.000,1,400.000,1,0,33,
125136368000,252.000,2,239.000,30,238.000,20,237.000,40,236.000,9,234.000,20,247.000,30,249.000,29,252.000,49,253.000,20,320.000,1,0,33,
125138244000,252.000,2,239.000,30,237.000,40,236.000,9,234.000,20,86.000,1,247.000,30,249.000,29,252.000,49,320.000,1,400.000,1,0,33,
125138244000,252.000,2,239.000,50,237.000,40,236.000,9,234.000,20,86.000,1,247.000,30,249.000,29,252.000,49,254.000,20,320.000,1,0,33,
125138520000,252.000,2,239.000,29,237.000,40,236.000,9,234.000,20,86.000,1,247.000,9,249.000,29,252.000,49,254.000,20,320.000,1,0,33,
125138520000,252.000,2,240.000,21,239.000,29,237.000,40,236.000,9,234.000,20,247.000,9,248.000,21,249.000,29,252.000,49,254.000,20,0,33,
125138520000,252.000,2,240.000,21,239.000,29,237.000,40,236.000,9,234.000,20,248.000,21,249.000,29,252.000,49,254.000,20,320.000,1,0,33,
125138520000,252.000,2,240.000,30,239.000,29,237.000,40,236.000,9,234.000,20,248.000,21,249.000,29,252.000,49,254.000,20,320.000,1,0,33,
125138520000,252.000,2,240.000,30,239.000,29,237.000,40,236.000,9,234.000,20,248.000,30,249.000,29,252.000,49,254.000,20,320.000,1,0,33,
125139900000,252.000,2,240.000,30,239.000,29,237.000,20,236.000,9,234.000,20,248.000,30,249.000,29,252.000,29,254.000,20,320.000,1,0,33,
125141004000,252.000,2,240.000,30,239.000,29,237.000,40,236.000,9,234.000,20,248.000,30,249.000,29,252.000,49,254.000,20,320.000,1,0,33,
125143909000,252.000,2,240.000,30,239.000,29,237.000,40,236.000,9,86.000,1,248.000,30,249.000,9,252.000,49,254.000,20,320.000,1,0,33,
125143909000,252.000,2,240.000,30,239.000,29,237.000,40,236.000,9,235.000,20,248.000,30,249.000,9,250.000,20,252.000,49,254.000,20,0,33,
125147368000,252.000,2,240.000,30,239.000,9,237.000,40,236.000,9,235.000,20,248.000,30,249.000,9,250.000,20,252.000,49,320.000,1,0,33,
125147368000,252.000,2,240.000,50,239.000,9,237.000,40,236.000,9,235.000,20,248.000,30,249.000,9,250.000,20,252.000,49,255.000,20,0,33,
125147412000,252.000,2,240.000,50,239.000,9,237.000,20,236.000,9,235.000,20,248.000,30,249.000,9,250.000,20,252.000,29,255.000,20,0,33,
125147524000,252.000,2,240.000,29,239.000,9,237.000,20,236.000,9,235.000,20,248.000,9,249.000,9,250.000,20,252.000,29,255.000,20,0,33,
125147524000,252.000,2,240.000,50,239.000,9,237.000,20,236.000,9,235.000,20,248.000,9,249.000,30,250.000,20,252.000,29,255.000,20,0,33,
125147524000,252.000,2,240.000,50,239.000,9,237.000,20,236.000,9,235.000,20,248.000,9,249.000,30,250.000,29,252.000,29,255.000,20,0,33,
125147524000,252.000,2,240.000,50,239.000,9,237.000,20,236.000,9,235.000,20,249.000,30,250.000,29,252.000,29,255.000,20,320.000,1,0,33,
125147635000,252.000,2,240.000,50,239.000,9,238.000,20,237.000,20,236.000,9,249.000,30,250.000,29,252.000,29,253.000,20,255.000,20,0,33,
125149868000,252.000,2,240.000,30,239.000,9,238.000,20,237.000,20,236.000,9,249.000,30,250.000,29,252.000,29,253.000,20,320.000,1,0,33,
125149868000,252.000,2,240.000,30,239.000,29,238.000,20,237.000,20,236.000,9,249.000,30,250.000,29,252.000,29,253.000,20,254.000,20,0,33,
125150139000,252.000,2,240.000,30,239.000,29,238.000,20,237.000,20,236.000,9,249.000,30,250.000,9,252.000,29,253.000,20,254.000,20,0,33,
125150139000,252.000,2,240.000,30,239.000,29,238.000,20,237.000,20,236.000,9,249.000,50,250.000,9,252.000,29,253.000,20,254.000,20,0,33,
125150258000,252.000,2,240.000,30,239.000,29,238.000,20,237.000,20,236.000,9,249.000,30,250.000,9,252.000,29,253.000,20,254.000,20,0,33,
125150758000,252.000,2,240.000,30,239.000,29,238.000,20,237.000,20,236.000,9,249.000,30,250.000,29,252.000,29,253.000,20,254.000,20,0,33,
125154290000,252.000,2,240.000,30,239.000,29,237.000,20,236.000,9,235.000,20,249.000,30,250.000,29,252.000,29,254.000,20,320.000,1,0,33,
125154437000,252.000,2,240.000,30,239.000,29,237.000,40,236.000,9,235.000,20,249.000,30,250.000,29,252.000,49,254.000,20,320.000,1,0,33,
125157312000,252.000,2,240.000,30,239.000,29,237.000,40,236.000,9,86.000,1,249.000,30,250.000,9,252.000,49,254.000,20,320.000,1,0,33,
125157312000,252.000,2,240.000,30,239.000,29,237.000,40,236.000,9,234.000,20,249.000,50,250.000,9,252.000,49,254.000,20,320.000,1,0,33,
125157437000,252.000,2,240.000,30,239.000,29,237.000,40,236.000,9,86.000,1,249.000,30,250.000,9,252.000,49,254.000,20,320.000,1,0,33,
125157812000,252.000,2,240.000,30,239.000,29,237.000,40,236.000,9,234.000,20,249.000,50,250.000,9,252.000,49,254.000,20,320.000,1,0,33,
125158314000,252.000,2,240.000,30,239.000,29,237.000,40,236.000,9,86.000,1,249.000,30,250.000,9,252.000,49,254.000,20,320.000,1,0,33,
125158314000,252.000,2,240.000,30,239.000,29,237.000,40,236.000,9,235.000,20,249.000,30,250.000,29,252.000,49,254.000,20,320.000,1,0,33,
125202055000,252.000,2,240.000,30,239.000,29,237.000,40,236.000,9,86.000,1,249.000,30,250.000,9,252.000,49,254.000,20,320.000,1,0,33,
125202055000,252.000,2,240.000,30,239.000,29,237.000,40,236.000,9,234.000,20,249.000,50,250.000,9,252.000,49,254.000,20,320.000,1,0,33,
125202651000,252.000,2,240.000,30,239.000,29,237.000,20,236.000,9,234.000,20,249.000,50,250.000,9,252.000,29,254.000,20,320.000,1,0,33,
125202744000,252.000,2,240.000,30,239.000,9,237.000,20,236.000,9,234.000,20,249.000,50,250.000,9,252.000,29,320.000,1,400.000,1,0,33,
125202744000,252.000,2,240.000,30,239.000,9,238.000,20,237.000,20,236.000,9,249.000,50,250.000,9,252.000,29,253.000,20,320.000,1,0,33,
125203072000,252.000,2,240.000,9,239.000,9,238.000,20,237.000,20,236.000,9,249.000,29,250.000,9,252.000,29,253.000,20,320.000,1,0,33,
125203072000,252.000,2,240.000,30,239.000,9,238.000,20,237.000,20,236.000,9,248.000,21,249.000,29,250.000,9,252.000,29,253.000,20,0,33,
125203072000,252.000,2,240.000,30,239.000,9,238.000,29,237.000,20,236.000,9,248.000,21,249.000,29,250.000,9,252.000,29,253.000,20,0,33,
125203072000,252.000,2,240.000,21,239.000,9,238.000,29,237.000,20,236.000,9,248.000,21,249.000,29,250.000,9,252.000,29,253.000,20,0,33,
125203072000,252.000,2,240.000,21,239.000,9,238.000,29,237.000,20,236.000,9,248.000,30,249.000,29,250.000,9,252.000,29,253.000,20,0,33,
125203072000,252.000,2,240.000,30,239.000,9,238.000,29,237.000,20,236.000,9,248.000,30,249.000,29,250.000,9,252.000,29,253.000,20,0,33,
125203221000,252.000,2,240.000,30,239.000,9,238.000,29,237.000,20,236.000,29,248.000,30,249.000,29,250.000,9,251.000,20,252.000,29,0,33,
125203507000,252.000,2,240.000,30,239.000,9,238.000,29,237.000,20,236.000,29,248.000,30,249.000,29,251.000,20,252.000,29,253.000,20,0,33,
125203507000,252.000,2,240.000,30,239.000,9,238.000,20,237.000,20,236.000,29,248.000,30,249.000,29,251.000,20,252.000,29,253.000,20,0,33,
125203892000,252.000,2,240.000,30,239.000,9,238.000,20,237.000,20,236.000,29,248.000,30,249.000,9,251.000,20,252.000,29,253.000,20,0,33,
125203892000,252.000,2,240.000,30,239.000,9,238.000,20,237.000,20,236.000,29,248.000,30,249.000,9,250.000,20,251.000,20,252.000,29,0,33,
125204583000,252.000,2,240.000,30,239.000,9,238.000,20,237.000,20,236.000,9,248.000,30,249.000,9,250.000,20,252.000,29,253.000,20,0,33,
125204618000,252.000,2,240.000,30,239.000,9,237.000,20,236.000,9,235.000,20,248.000,30,249.000,9,250.000,20,252.000,29,320.000,1,0,33,
125204618000,252.000,2,240.000,30,239.000,29,237.000,20,236.000,9,235.000,20,248.000,30,249.000,9,250.000,20,252.000,29,254.000,20,0,33,
125204861000,252.000,2,240.000,30,239.000,29,238.000,20,237.000,20,236.000,9,248.000,30,249.000,9,250.000,20,252.000,29,253.000,20,0,33,
125205087000,252.000,2,240.000,9,239.000,29,238.000,20,237.000,20,236.000,9,248.000,9,249.000,9,250.000,20,252.000,29,253.000,20,0,33,
125205087000,252.000,2,240.000,30,239.000,29,238.000,20,237.000,20,236.000,9,248.000,9,249.000,30,250.000,20,252.000,29,253.000,20,0,33,
125205087000,252.000,2,240.000,30,239.000,29,238.000,20,237.000,20,236.000,9,249.000,30,250.000,20,252.000,29,253.000,20,254.000,20,0,33,
125205087000,252.000,2,240.000,30,239.000,29,238.000,20,237.000,20,236.000,9,249.000,30,250.000,29,252.000,29,253.000,20,254.000,20,0,33,
125205087000,252.000,2,240.000,21,239.000,29,238.000,20,237.000,20,236.000,9,249.000,30,250.000,29,252.000,29,253.000,20,254.000,20,0,33,
125205087000,252.000,2,240.000,30,239.000,29,238.000,20,237.000,20,236.000,9,249.000,30,250.000,29,252.000,29,253.000,20,254.000,20,0,33,
125205493000,252.000,2,240.000,30,239.000,9,238.000,20,237.000,20,236.000,9,249.000,30,250.000,29,252.000,29,253.000,20,320.000,1,0,33,
125205493000,252.000,2,240.000,50,239.000,9,238.000,20,237.000,20,236.000,9,249.000,30,250.000,29,252.000,29,253.000,20,255.000,20,0,33,
125205868000,252.000,2,240.000,30,239.000,9,238.000,20,237.000,20,236.000,9,249.000,30,250.000,29,252.000,29,253.000,20,320.000,1,0,33,
125205868000,252.000,2,240.000,30,239.000,29,238.000,20,237.000,20,236.000,9,249.000,30,250.000,29,252.000,29,253.000,20,254.000,20,0,33,
125209890000,252.000,2,240.000,30,239.000,29,238.000,20,237.000,20,235.000,20,249.000,30,250.000,29,252.000,29,253.000,20,254.000,20,0,33,
125209891000,252.000,2,240.000,30,239.000,29,238.000,29,237.000,20,235.000,20,249.000,30,250.000,29,252.000,29,253.000,20,254.000,20,0,33,
125209993000,252.000,2,240.000,30,239.000,9,238.000,29,237.000,20,235.000,20,249.000,30,250.000,29,252.000,29,253.000,20,320.000,1,0,33,
125209993000,252.000,2,240.000,50,239.000,9,238.000,29,237.000,20,235.000,20,249.000,30,250.000,29,252.000,29,253.000,20,255.000,20,0,33,
125212533000,252.000,2,240.000,30,239.000,9,238.000,29,237.000,20,235.000,20,249.000,30,250.000,29,252.000,29,253.000,20,320.000,1,0,33,
125212533000,252.000,2,240.000,30,239.000,29,238.000,29,237.000,20,235.000,20,249.000,30,250.000,29,252.000,29,253.000,20,254.000,20,0,33,
125212534000,252.000,2,240.000,30,239.000,29,238.000,29,237.000,20,86.000,1,249.000,30,250.000,9,252.000,29,253.000,20,254.000,20,0,33,
125212534000,252.000,2,240.000,30,239.000,29,238.000,29,237.000,20,234.000,20,249.000,50,250.000,9,252.000,29,253.000,20,254.000,20,0,33,
125213009000,252.000,2,240.000,30,239.000,29,238.000,29,237.000,20,86.000,1,249.000,30,250.000,9,252.000,29,253.000,20,254.000,20,0,33,
125213135000,252.000,2,240.000,30,239.000,29,238.000,29,237.000,20,235.000,20,249.000,30,250.000,29,252.000,29,253.000,20,254.000,20,0,33,
125215003000,252.000,2,240.000,30,239.000,29,238.000,29,237.000,20,86.000,1,249.000,30,250.000,9,252.000,29,253.000,20,254.000,20,0,33,
125215118000,252.000,2,240.000,30,239.000,9,238.000,29,237.000,20,86.000,1,249.000,30,250.000,9,252.000,29,253.000,20,320.000,1,0,33,
125215118000,252.000,2,240.000,50,239.000,9,238.000,29,237.000,20,86.000,1,249.000,30,250.000,9,252.000,29,253.000,20,255.000,20,0,33,
125215619000,252.000,2,240.000,50,239.000,9,238.000,29,237.000,20,236.000,20,249.000,30,250.000,9,251.000,20,252.000,29,253.000,20,0,33,
125215869000,252.000,2,240.000,50,239.000,9,238.000,29,237.000,20,86.000,1,249.000,30,250.000,9,252.000,29,253.000,20,255.000,20,0,33,
125216119000,252.000,2,240.000,50,239.000,9,238.000,29,237.000,20,235.000,20,249.000,30,250.000,29,252.000,29,253.000,20,255.000,20,0,33,
125219992000,252.000,2,240.000,30,239.000,9,238.000,29,237.000,20,235.000,20,249.000,30,250.000,29,252.000,29,253.000,20,320.000,1,0,33,
125219992000,252.000,2,240.000,30,239.000,29,238.000,29,237.000,20,235.000,20,249.000,30,250.000,29,252.000,29,253.000,20,254.000,20,0,33,
125224900000,252.000,2,240.000,30,239.000,29,238.000,9,237.000,20,235.000,20,249.000,30,250.000,29,252.000,29,254.000,20,320.000,1,0,33,
125225674000,252.000,2,240.000,30,239.000,29,238.000,9,237.000,40,235.000,20,249.000,30,250.000,29,252.000,49,254.000,20,320.000,1,0,33,
125227395000,252.000,2,240.000,30,239.000,29,238.000,9,237.000,40,86.000,1,249.000,30,250.000,9,252.000,49,254.000,20,320.000,1,0,33,
125227395000,252.000,2,240.000,30,239.000,29,238.000,9,237.000,40,234.000,20,249.000,50,250.000,9,252.000,49,254.000,20,320.000,1,0,33,
125228519000,252.000,2,240.000,30,239.000,29,238.000,9,237.000,40,86.000,1,249.000,30,250.000,9,252.000,49,254.000,20,320.000,1,0,33,
125228519000,252.000,2,240.000,30,239.000,29,238.000,9,237.000,40,235.000,20,249.000,30,250.000,29,252.000,49,254.000,20,320.000,1,0,33,
125232080000,252.000,2,240.000,9,239.000,29,238.000,9,237.000,40,235.000,20,249.000,9,250.000,29,252.000,49,254.000,20,320.000,1,0,33,
125232080000,252.000,2,240.000,30,239.000,29,238.000,9,237.000,40,235.000,20,249.000,9,250.000,50,252.000,49,254.000,20,320.000,1,0,33,
125232080000,252.000,2,240.000,21,239.000,29,238.000,9,237.000,40,235.000,20,249.000,9,250.000,50,252.000,49,254.000,20,320.000,1,0,33,
125232080000,252.000,2,240.000,21,239.000,29,238.000,9,237.000,40,235.000,20,250.000,50,252.000,49,254.000,20,320.000,1,400.000,1,0,33,
125232118000,252.000,2,240.000,21,239.000,9,238.000,9,237.000,40,235.000,20,250.000,50,252.000,49,320.000,1,400.000,1,414.000,1,0,33,
125232118000,252.000,2,240.000,41,239.000,9,238.000,9,237.000,40,235.000,20,250.000,50,252.000,49,255.000,20,320.000,1,400.000,1,0,33,
125232118000,252.000,2,240.000,50,239.000,9,238.000,9,237.000,40,235.000,20,250.000,50,252.000,49,255.000,20,320.000,1,400.000,1,0,33,
125233174000,252.000,2,240.000,50,239.000,9,238.000,9,237.000,20,235.000,20,250.000,50,252.000,29,255.000,20,320.000,1,400.000,1,0,33,
125233256000,252.000,2,240.000,50,239.000,9,238.000,9,237.000,20,86.000,1,250.000,30,252.000,29,255.000,20,320.000,1,400.000,1,0,33,
125233256000,252.000,2,240.000,50,239.000,9,238.000,9,237.000,20,236.000,20,250.000,30,251.000,20,252.000,29,255.000,20,320.000,1,0,33,
125233773000,252.000,2,240.000,50,239.000,9,238.000,29,237.000,20,236.000,20,250.000,30,251.000,20,252.000,29,253.000,20,255.000,20,0,33,
125234741000,252.000,2,240.000,50,239.000,9,238.000,29,237.000,20,86.000,1,250.000,30,252.000,29,253.000,20,255.000,20,320.000,1,0,33,
125234741000,252.000,2,240.000,50,239.000,9,238.000,29,237.000,20,235.000,20,250.000,50,252.000,29,253.000,20,255.000,20,320.000,1,0,33,
125240236000,252.000,2,240.000,50,239.000,9,238.000,29,237.000,20,86.000,1,250.000,30,252.000,29,253.000,20,255.000,20,320.000,1,0,33,
125240236000,252.000,2,240.000,50,239.000,9,238.000,29,237.000,20,236.000,20,250.000,30,251.000,20,252.000,29,253.000,20,255.000,20,0,33,
125240985000,252.000,2,240.000,50,239.000,9,238.000,29,237.000,20,86.000,1,250.000,30,252.000,29,253.000,20,255.000,20,320.000,1,0,33,
125240986000,252.000,2,240.000,50,239.000,9,238.000,29,237.000,20,235.000,20,250.000,50,252.000,29,253.000,20,255.000,20,320.000,1,0,33,
125247027000,252.000,2,240.000,50,239.000,9,238.000,29,237.000,20,86.000,1,250.000,30,252.000,29,253.000,20,255.000,20,320.000,1,0,33,
125247027000,252.000,2,240.000,50,239.000,9,238.000,29,237.000,20,236.000,20,250.000,30,251.000,20,252.000,29,253.000,20,255.000,20,0,33,
125247153000,252.000,2,240.000,50,239.000,9,238.000,29,237.000,20,86.000,1,250.000,30,252.000,29,253.000,20,255.000,20,320.000,1,0,33,
125247527000,252.000,2,240.000,50,239.000,9,238.000,29,237.000,20,236.000,20,250.000,30,251.000,20,252.000,29,253.000,20,255.000,20,0,33,
125247894000,252.000,2,240.000,50,239.000,9,238.000,29,237.000,20,86.000,1,250.000,30,252.000,29,253.000,20,255.000,20,320.000,1,0,33,
125248144000,252.000,2,240.000,50,239.000,9,238.000,29,237.000,20,235.000,20,250.000,50,252.000,29,253.000,20,255.000,20,320.000,1,0,33,
125248269000,252.000,2,240.000,50,239.000,9,238.000,29,237.000,20,86.000,1,250.000,30,252.000,29,253.000,20,255.000,20,320.000,1,0,33,
125248644000,252.000,2,240.000,50,239.000,9,238.000,29,237.000,20,236.000,20,250.000,30,251.000,20,252.000,29,253.000,20,255.000,20,0,33,
125252434000,252.000,2,240.000,50,239.000,9,238.000,29,237.000,20,236.000,20,250.000,30,251.000,20,252.000,20,253.000,20,255.000,20,0,33,
125252436000,252.000,2,240.000,50,239.000,9,238.000,29,236.000,20,86.000,1,250.000,30,251.000,20,253.000,20,255.000,20,320.000,1,0,33,
125252494000,252.000,2,240.000,30,239.000,9,238.000,29,236.000,20,86.000,1,250.000,30,251.000,20,253.000,20,320.000,1,400.000,1,0,33,
125252494000,252.000,2,241.000,20,240.000,30,239.000,9,238.000,29,236.000,20,250.000,30,251.000,20,253.000,20,256.000,20,320.000,1,0,33,
125252494000,252.000,2,241.000,29,240.000,30,239.000,9,238.000,29,236.000,20,250.000,30,251.000,20,253.000,20,256.000,20,320.000,1,0,33,
125252507000,252.000,2,241.000,29,240.000,30,239.000,29,238.000,29,236.000,20,250.000,30,251.000,20,253.000,20,254.000,20,256.000,20,0,33,
125252507000,252.000,2,241.000,29,240.000,30,239.000,20,238.000,29,236.000,20,250.000,30,251.000,20,253.000,20,254.000,20,256.000,20,0,33,
125252552000,252.000,2,241.000,29,240.000,9,239.000,20,238.000,29,236.000,20,250.000,9,251.000,20,253.000,20,254.000,20,256.000,20,0,33,
125252552000,252.000,2,242.000,21,241.000,29,240.000,9,239.000,20,238.000,29,250.000,9,251.000,41,253.000,20,254.000,20,256.000,20,0,33,
125252552000,252.000,2,242.000,21,241.000,29,240.000,9,239.000,20,238.000,29,250.000,9,251.000,50,253.000,20,254.000,20,256.000,20,0,33,
125252552000,252.000,2,242.000,21,241.000,29,240.000,9,239.000,20,238.000,29,251.000,50,253.000,20,254.000,20,256.000,20,320.000,1,0,33,
125252552000,252.000,2,242.000,30,241.000,29,240.000,9,239.000,20,238.000,29,251.000,50,253.000,20,254.000,20,256.000,20,320.000,1,0,33,
125252555000,252.000,2,242.000,30,241.000,29,240.000,9,239.000,20,238.000,29,251.000,50,253.000,20,254.000,29,256.000,20,320.000,1,0,33,
125252688000,252.000,2,242.000,30,241.000,29,240.000,9,239.000,20,238.000,29,251.000,30,253.000,20,254.000,29,256.000,20,320.000,1,0,33,
125252688000,252.000,2,242.000,30,241.000,29,240.000,9,239.000,20,238.000,29,251.000,30,252.000,20,253.000,20,254.000,29,256.000,20,0,33,
125252761000,252.000,2,242.000,30,241.000,29,240.000,9,239.000,20,238.000,9,251.000,30,252.000,20,254.000,29,256.000,20,320.000,1,0,33,
125252866000,252.000,2,242.000,30,241.000,29,240.000,29,239.000,20,238.000,9,251.000,30,252.000,20,254.000,29,255.000,20,256.000,20,0,33,
125253006000,252.000,2,242.000,30,241.000,29,240.000,20,239.000,20,238.000,9,251.000,30,252.000,20,254.000,29,255.000,20,256.000,20,0,33,
125253145000,252.000,2,242.000,30,241.000,29,239.000,20,238.000,9,237.000,20,251.000,30,252.000,20,254.000,29,256.000,20,320.000,1,0,33,
125253681000,252.000,2,242.000,30,241.000,29,239.000,20,238.000,9,86.000,1,251.000,30,254.000,29,256.000,20,320.000,1,400.000,1,0,33,
125253799000,252.000,2,242.000,30,241.000,29,239.000,20,238.000,9,237.000,20,251.000,30,252.000,20,254.000,29,256.000,20,320.000,1,0,33,
125253928000,252.000,2,242.000,30,241.000,29,239.000,40,238.000,9,237.000,20,251.000,30,252.000,20,254.000,49,256.000,20,320.000,1,0,33,
125254155000,252.000,2,242.000,30,241.000,29,239.000,40,238.000,9,86.000,1,251.000,30,254.000,49,256.000,20,320.000,1,400.000,1,0,33,
125254398000,252.000,2,242.000,30,241.000,29,239.000,40,238.000,9,237.000,20,251.000,30,252.000,20,254.000,49,256.000,20,320.000,1,0,33,
125255024000,252.000,2,242.000,30,241.000,29,239.000,40,238.000,9,86.000,1,251.000,30,254.000,49,256.000,20,320.000,1,400.000,1,0,33,
125255024000,252.000,2,242.000,30,241.000,29,239.000,40,238.000,9,236.000,20,251.000,50,254.000,49,256.000,20,320.000,1,400.000,1,0,33,
125255735000,252.000,2,242.000,30,241.000,29,239.000,20,238.000,9,236.000,20,251.000,50,254.000,29,256.000,20,320.000,1,400.000,1,0,33,
125255743000,252.000,2,242.000,30,241.000,9,239.000,20,238.000,9,236.000,20,251.000,50,254.000,29,320.000,1,400.000,1,414.000,1,0,33,
125255743000,252.000,2,242.000,30,241.000,9,240.000,20,239.000,20,238.000,9,251.000,50,254.000,29,255.000,20,320.000,1,400.000,1,0,33,
125256033000,252.000,2,242.000,30,241.000,9,240.000,20,239.000,20,238.000,29,251.000,50,253.000,20,254.000,29,255.000,20,320.000,1,0,33,
125257402000,252.000,2,242.000,30,241.000,9,240.000,20,239.000,20,238.000,29,251.000,30,253.000,20,254.000,29,255.000,20,320.000,1,0,33,
125257402000,252.000,2,242.000,30,241.000,9,240.000,20,239.000,20,238.000,29,250.000,20,251.000,30,253.000,20,254.000,29,255.000,20,0,33,
125257402000,252.000,2,242.000,30,241.000,9,240.000,20,239.000,20,238.000,29,250.000,29,251.000,30,253.000,20,254.000,29,255.000,20,0,33,
125257554000,252.000,2,242.000,9,241.000,9,240.000,20,239.000,20,238.000,29,250.000,29,251.000,9,253.000,20,254.000,29,255.000,20,0,33,
125257554000,252.000,2,242.000,30,241.000,9,240.000,20,239.000,20,238.000,29,250.000,50,251.000,9,253.000,20,254.000,29,255.000,20,0,33,
125257554000,252.000,2,242.000,21,241.000,9,240.000,20,239.000,20,238.000,29,250.000,50,251.000,9,253.000,20,254.000,29,255.000,20,0,33,
125257554000,252.000,2,242.000,21,241.000,9,240.000,29,239.000,20,238.000,29,250.000,50,251.000,9,253.000,20,254.000,29,255.000,20,0,33,
125257554000,252.000,2,242.000,30,241.000,9,240.000,29,239.000,20,238.000,29,250.000,50,251.000,9,253.000,20,254.000,29,255.000,20,0,33,
125257891000,252.000,2,242.000,30,241.000,9,240.000,29,239.000,20,238.000,29,250.000,30,251.000,9,253.000,20,254.000,29,255.000,20,0,33,
125257901000,252.000,2,242.000,30,241.000,9,240.000,29,239.000,20,238.000,29,250.000,30,251.000,29,253.000,20,254.000,29,255.000,20,0,33,
125258006000,252.000,2,242.000,30,241.000,9,240.000,20,239.000,20,238.000,29,250.000,30,251.000,29,253.000,20,254.000,29,255.000,20,0,33,
125314994000,252.000,2,242.000,30,241.000,9,239.000,20,238.000,29,236.000,20,250.000,30,251.000,29,253.000,20,254.000,29,320.000,1,0,33,
125314994000,252.000,2,242.000,30,241.000,29,239.000,20,238.000,29,236.000,20,250.000,30,251.000,29,253.000,20,254.000,29,256.000,20,0,33,
125315262000,252.000,2,242.000,30,241.000,29,239.000,20,238.000,29,86.000,1,250.000,30,251.000,9,253.000,20,254.000,29,256.000,20,0,33,
125315262000,252.000,2,242.000,30,241.000,29,239.000,20,238.000,29,237.000,20,250.000,30,251.000,9,252.000,20,253.000,20,254.000,29,0,33,
125316100000,252.000,2,242.000,30,241.000,29,239.000,20,238.000,9,237.000,20,250.000,30,251.000,9,252.000,20,254.000,29,256.000,20,0,33,
125316362000,252.000,2,242.000,30,241.000,29,240.000,20,239.000,20,238.000,9,250.000,30,251.000,9,252.000,20,254.000,29,255.000,20,0,33,
125316562000,252.000,2,242.000,9,241.000,29,240.000,20,239.000,20,238.000,9,250.000,9,251.000,9,252.000,20,254.000,29,255.000,20,0,33,
125316562000,252.000,2,242.000,30,241.000,29,240.000,20,239.000,20,238.000,9,250.000,9,251.000,30,252.000,20,254.000,29,255.000,20,0,33,
125316562000,252.000,2,242.000,30,241.000,29,240.000,20,239.000,20,238.000,9,251.000,30,252.000,20,254.000,29,255.000,20,256.000,20,0,33,
125318835000,252.000,2,242.000,30,241.000,29,240.000,20,239.000,20,238.000,9,251.000,30,254.000,29,255.000,20,256.000,20,320.000,1,0,33,
125318886000,252.000,2,242.000,30,241.000,29,240.000,20,239.000,20,238.000,9,251.000,50,254.000,29,255.000,20,256.000,20,320.000,1,0,33,
125318921000,252.000,2,242.000,30,241.000,29,239.000,20,238.000,9,236.000,20,251.000,50,254.000,29,256.000,20,320.000,1,400.000,1,0,33,
125319061000,252.000,2,242.000,30,241.000,29,239.000,20,238.000,29,236.000,20,251.000,50,253.000,20,254.000,29,256.000,20,320.000,1,0,33,
125320242000,252.000,2,242.000,30,241.000,9,239.000,20,238.000,29,236.000,20,251.000,50,253.000,20,254.000,29,320.000,1,400.000,1,0,33,
125320242000,252.000,2,242.000,30,241.000,9,240.000,20,239.000,20,238.000,29,251.000,50,253.000,20,254.000,29,255.000,20,320.000,1,0,33,
125325183000,252.000,2,242.000,30,241.000,9,240.000,20,239.000,20,238.000,9,251.000,50,254.000,29,255.000,20,320.000,1,400.000,1,0,33,
125325851000,252.000,2,242.000,30,241.000,9,240.000,20,239.000,20,238.000,29,251.000,50,253.000,20,254.000,29,255.000,20,320.000,1,0,33,
125329585000,252.000,2,242.000,30,241.000,9,240.000,20,239.000,20,238.000,29,251.000,30,253.000,20,254.000,29,255.000,20,320.000,1,0,33,
125329585000,252.000,2,242.000,30,241.000,9,240.000,20,239.000,20,238.000,29,251.000,30,252.000,20,253.000,20,254.000,29,255.000,20,0,33,
125329619000,252.000,2,242.000,30,241.000,9,239.000,20,238.000,29,237.000,20,251.000,30,252.000,20,253.000,20,254.000,29,320.000,1,0,33,
125329619000,252.000,2,242.000,30,241.000,29,239.000,20,238.000,29,237.000,20,251.000,30,252.000,20,253.000,20,254.000,29,256.000,20,0,33,
125330211000,252.000,2,242.000,30,241.000,29,239.000,20,238.000,9,237.000,20,251.000,30,252.000,20,254.000,29,256.000,20,320.000,1,0,33,
125331040000,252.000,2,242.000,30,241.000,29,239.000,20,238.000,9,86.000,1,251.000,30,254.000,29,256.000,20,320.000,1,400.000,1,0,33,
125331040000,252.000,2,242.000,30,241.000,29,239.000,20,238.000,9,236.000,20,251.000,50,254.000,29,256.000,20,320.000,1,400.000,1,0,33,
125331168000,252.000,2,242.000,30,241.000,29,239.000,40,238.000,9,236.000,20,251.000,50,254.000,49,256.000,20,320.000,1,400.000,1,0,33,
125334412000,252.000,2,242.000,30,241.000,29,239.000,40,238.000,9,86.000,1,251.000,30,254.000,49,256.000,20,320.000,1,400.000,1,0,33,
125334412000,252.000,2,242.000,30,241.000,29,239.000,40,238.000,9,237.000,20,251.000,30,252.000,20,254.000,49,256.000,20,320.000,1,0,33,
125335650000,252.000,2,242.000,30,241.000,29,239.000,40,238.000,9,86.000,1,251.000,30,254.000,49,256.000,20,320.000,1,400.000,1,0,33,
125335650000,252.000,2,242.000,30,241.000,29,239.000,40,238.000,9,236.000,20,251.000,50,254.000,49,256.000,20,320.000,1,400.000,1,0,33,
125336275000,252.000,2,242.000,30,241.000,29,239.000,40,238.000,9,86.000,1,251.000,30,254.000,49,256.000,20,320.000,1,400.000,1,0,33,
125336275000,252.000,2,242.000,30,241.000,29,239.000,40,238.000,9,237.000,20,251.000,30,252.000,20,254.000,49,256.000,20,320.000,1,0,33,
125337150000,252.000,2,242.000,30,241.000,29,239.000,40,238.000,9,86.000,1,251.000,30,254.000,49,256.000,20,320.000,1,400.000,1,0,33,
125337150000,252.000,2,242.000,30,241.000,29,239.000,40,238.000,9,236.000,20,251.000,50,254.000,49,256.000,20,320.000,1,400.000,1,0,33,
125337934000,252.000,2,242.000,30,241.000,29,239.000,40,236.000,20,86.000,1,251.000,50,254.000,49,256.000,20,320.000,1,400.000,1,0,33,
125337934000,252.000,2,242.000,30,241.000,29,240.000,9,239.000,40,236.000,20,251.000,50,254.000,49,256.000,20,320.000,1,400.000,1,0,33,
125337993000,252.000,2,242.000,30,241.000,9,240.000,9,239.000,40,236.000,20,251.000,50,254.000,49,320.000,1,400.000,1,414.000,1,0,33,
125337993000,252.000,2,242.000,50,241.000,9,240.000,9,239.000,40,236.000,20,251.000,50,254.000,49,257.000,20,320.000,1,400.000,1,0,33,
125338055000,252.000,2,242.000,50,241.000,9,240.000,9,239.000,40,86.000,1,251.000,30,254.000,49,257.000,20,320.000,1,400.000,1,0,33,
125338055000,252.000,2,242.000,50,241.000,9,240.000,9,239.000,40,237.000,20,251.000,30,252.000,20,254.000,49,257.000,20,320.000,1,0,33,
125338110000,252.000,2,242.000,29,241.000,9,240.000,9,239.000,40,237.000,20,251.000,9,252.000,20,254.000,49,257.000,20,320.000,1,0,33,
125338110000,252.000,2,242.000,50,241.000,9,240.000,9,239.000,40,237.000,20,251.000,9,252.000,41,254.000,49,257.000,20,320.000,1,0,33,
125338110000,252.000,2,242.000,50,241.000,9,240.000,9,239.000,40,237.000,20,251.000,9,252.000,50,254.000,49,257.000,20,320.000,1,0,33,
125338110000,252.000,2,242.000,50,241.000,9,240.000,9,239.000,40,237.000,20,252.000,50,254.000,49,257.000,20,320.000,1,400.000,1,0,33,
125339123000,252.000,2,242.000,29,241.000,9,240.000,9,239.000,40,237.000,20,252.000,29,254.000,49,257.000,20,320.000,1,400.000,1,0,33,
125339123000,252.000,2,242.000,50,241.000,9,240.000,9,239.000,40,237.000,20,251.000,21,252.000,29,254.000,49,257.000,20,320.000,1,0,33,
125339123000,252.000,2,242.000,50,241.000,9,240.000,9,239.000,40,237.000,20,251.000,30,252.000,29,254.000,49,257.000,20,320.000,1,0,33,
125344643000,252.000,2,242.000,50,241.000,9,240.000,9,239.000,40,86.000,1,251.000,30,252.000,9,254.000,49,257.000,20,320.000,1,0,33,
125344643000,252.000,2,242.000,50,241.000,9,240.000,9,239.000,40,236.000,20,251.000,50,252.000,9,254.000,49,257.000,20,320.000,1,0,33,
125344743000,252.000,2,242.000,30,241.000,9,240.000,9,239.000,40,236.000,20,251.000,50,252.000,9,254.000,49,320.000,1,400.000,1,0,33,
125344743000,252.000,2,242.000,30,241.000,29,240.000,9,239.000,40,236.000,20,251.000,50,252.000,9,254.000,49,256.000,20,320.000,1,0,33,
125346132000,252.000,2,242.000,30,241.000,29,240.000,9,239.000,40,86.000,1,251.000,30,252.000,9,254.000,49,256.000,20,320.000,1,0,33,
125346132000,252.000,2,242.000,30,241.000,29,240.000,9,239.000,40,237.000,20,251.000,30,252.000,29,254.000,49,256.000,20,320.000,1,0,33,
125347378000,252.000,2,242.000,30,241.000,29,240.000,9,239.000,40,86.000,1,251.000,30,252.000,9,254.000,49,256.000,20,320.000,1,0,33,
125347378000,252.000,2,242.000,30,241.000,29,240.000,9,239.000,40,236.000,20,251.000,50,252.000,9,254.000,49,256.000,20,320.000,1,0,33,
125349732000,252.000,2,242.000,30,241.000,29,240.000,9,239.000,40,86.000,1,251.000,30,252.000,9,254.000,49,256.000,20,320.000,1,0,33,
125349732000,252.000,2,242.000,30,241.000,29,240.000,9,239.000,40,237.000,20,251.000,30,252.000,29,254.000,49,256.000,20,320.000,1,0,33,
125351200000,252.000,2,242.000,30,241.000,29,240.000,9,239.000,20,237.000,20,251.000,30,252.000,29,254.000,29,256.000,20,320.000,1,0,33,
125352079000,252.000,2,242.000,30,241.000,29,240.000,9,239.000,40,237.000,20,251.000,30,252.000,29,254.000,49,256.000,20,320.000,1,0,33,
125355602000,252.000,2,242.000,30,241.000,29,240.000,9,239.000,40,86.000,1,251.000,30,252.000,9,254.000,49,256.000,20,320.000,1,0,33,
125355602000,252.000,2,242.000,30,241.000,29,240.000,9,239.000,40,236.000,20,251.000,50,252.000,9,254.000,49,256.000,20,320.000,1,0,33,
125356213000,252.000,2,242.000,30,241.000,29,240.000,9,239.000,40,86.000,1,251.000,30,252.000,9,254.000,49,256.000,20,320.000,1,0,33,
125356213000,252.000,2,242.000,30,241.000,29,240.000,9,239.000,40,237.000,20,251.000,30,252.000,29,254.000,49,256.000,20,320.000,1,0,33,
125356338000,252.000,2,242.000,30,241.000,29,240.000,9,239.000,40,86.000,1,251.000,30,252.000,9,254.000,49,256.000,20,320.000,1,0,33,
125356713000,252.000,2,242.000,30,241.000,29,240.000,9,239.000,40,236.000,20,251.000,50,252.000,9,254.000,49,256.000,20,320.000,1,0,33,
125357839000,252.000,2,242.000,30,241.000,29,240.000,9,239.000,40,86.000,1,251.000,30,252.000,9,254.000,49,256.000,20,320.000,1,0,33,
125357839000,252.000,2,242.000,30,241.000,29,240.000,9,239.000,40,237.000,20,251.000,30,252.000,29,254.000,49,256.000,20,320.000,1,0,33,
125400080000,252.000,2,242.000,30,241.000,29,240.000,9,239.000,40,86.000,1,251.000,30,252.000,9,254.000,49,256.000,20,320.000,1,0,33,
125400080000,252.000,2,242.000,30,241.000,29,240.000,9,239.000,40,236.000,20,251.000,50,252.000,9,254.000,49,256.000,20,320.000,1,0,33,
125400330000,252.000,2,242.000,30,241.000,29,240.000,9,239.000,40,86.000,1,251.000,30,252.000,9,254.000,49,256.000,20,320.000,1,0,33,
125400580000,252.000,2,242.000,30,241.000,29,240.000,9,239.000,40,236.000,20,251.000,50,252.000,9,254.000,49,256.000,20,320.000,1,0,33,
125402786000,252.000,2,242.000,30,241.000,29,240.000,9,239.000,20,236.000,20,251.000,50,252.000,9,254.000,29,256.000,20,320.000,1,0,33,
125403711000,252.000,2,242.000,30,241.000,29,240.000,9,239.000,20,238.000,20,251.000,50,252.000,9,253.000,20,254.000,29,256.000,20,0,33,
125412868000,252.000,2,242.000,30,241.000,9,240.000,9,239.000,20,238.000,20,251.000,50,252.000,9,253.000,20,254.000,29,320.000,1,0,33,
125412868000,252.000,2,242.000,30,241.000,9,240.000,29,239.000,20,238.000,20,251.000,50,252.000,9,253.000,20,254.000,29,255.000,20,0,33,
125414900000,252.000,2,242.000,30,241.000,9,240.000,29,239.000,20,236.000,20,251.000,50,252.000,9,254.000,29,255.000,20,320.000,1,0,33,
125415330000,252.000,2,242.000,30,241.000,9,240.000,29,239.000,20,238.000,20,251.000,50,252.000,9,253.000,20,254.000,29,255.000,20,0,33,
125416080000,252.000,2,242.000,30,241.000,9,240.000,29,239.000,20,238.000,20,251.000,30,252.000,9,253.000,20,254.000,29,255.000,20,0,33,
125416080000,252.000,2,242.000,30,241.000,9,240.000,29,239.000,20,238.000,20,250.000,20,251.000,30,252.000,9,253.000,20,254.000,29,0,33,
125416082000,252.000,2,242.000,30,241.000,9,240.000,29,239.000,20,238.000,20,250.000,29,251.000,30,252.000,9,253.000,20,254.000,29,0,33,
125416507000,252.000,2,242.000,30,241.000,9,240.000,29,239.000,20,238.000,20,250.000,29,251.000,30,253.000,20,254.000,29,255.000,20,0,33,
125416587000,252.000,2,242.000,9,241.000,9,240.000,29,239.000,20,238.000,20,250.000,29,251.000,9,253.000,20,254.000,29,255.000,20,0,33,
125416587000,252.000,2,242.000,30,241.000,9,240.000,29,239.000,20,238.000,20,250.000,50,251.000,9,253.000,20,254.000,29,255.000,20,0,33,
125416588000,252.000,2,242.000,21,241.000,9,240.000,29,239.000,20,238.000,20,250.000,50,251.000,9,253.000,20,254.000,29,255.000,20,0,33,
125416588000,252.000,2,242.000,21,241.000,9,240.000,38,239.000,20,238.000,20,250.000,50,251.000,9,253.000,20,254.000,29,255.000,20,0,33,
125416588000,252.000,2,242.000,30,241.000,9,240.000,38,239.000,20,238.000,20,250.000,50,251.000,9,253.000,20,254.000,29,255.000,20,0,33,
125417007000,252.000,2,242.000,30,241.000,9,240.000,29,239.000,20,238.000,20,250.000,50,251.000,9,253.000,20,254.000,29,255.000,20,0,33,
125417318000,252.000,2,242.000,30,241.000,9,240.000,29,239.000,20,238.000,20,250.000,30,251.000,9,253.000,20,254.000,29,255.000,20,0,33,
125417318000,252.000,2,242.000,30,241.000,9,240.000,29,239.000,20,238.000,20,250.000,30,251.000,29,253.000,20,254.000,29,255.000,20,0,33,
125420138000,252.000,2,242.000,30,241.000,9,240.000,9,239.000,20,238.000,20,250.000,30,251.000,29,253.000,20,254.000,29,320.000,1,0,33,
125420138000,252.000,2,242.000,30,241.000,29,240.000,9,239.000,20,238.000,20,250.000,30,251.000,29,253.000,20,254.000,29,256.000,20,0,33,
125420254000,252.000,2,242.000,30,241.000,29,240.000,9,239.000,20,238.000,20,250.000,30,251.000,9,253.000,20,254.000,29,256.000,20,0,33,
125420254000,252.000,2,242.000,30,241.000,29,240.000,9,239.000,20,238.000,20,250.000,30,251.000,9,252.000,20,253.000,20,254.000,29,0,33,
125420389000,252.000,2,242.000,9,241.000,29,240.000,9,239.000,20,238.000,20,250.000,9,251.000,9,252.000,20,253.000,20,254.000,29,0,33,
125420389000,252.000,2,242.000,30,241.000,29,240.000,9,239.000,20,238.000,20,250.000,9,251.000,30,252.000,20,253.000,20,254.000,29,0,33,
125420390000,252.000,2,242.000,30,241.000,29,240.000,9,239.000,20,237.000,20,250.000,9,251.000,30,252.000,20,254.000,29,256.000,20,0,33,
125420390000,252.000,2,242.000,30,241.000,29,240.000,9,239.000,20,237.000,20,251.000,30,252.000,20,254.000,29,256.000,20,320.000,1,0,33,
125420560000,252.000,2,242.000,30,241.000,29,240.000,9,239.000,40,237.000,20,251.000,30,252.000,20,254.000,49,256.000,20,320.000,1,0,33,
125421238000,252.000,2,242.000,30,241.000,29,240.000,9,239.000,40,86.000,1,251.000,30,254.000,49,256.000,20,320.000,1,400.000,1,0,33,
125421238000,252.000,2,242.000,30,241.000,29,240.000,9,239.000,40,236.000,20,251.000,50,254.000,49,256.000,20,320.000,1,400.000,1,0,33,
125422973000,252.000,2,242.000,30,241.000,29,240.000,9,239.000,40,86.000,1,251.000,30,254.000,49,256.000,20,320.000,1,400.000,1,0,33,
125422973000,252.000,2,242.000,30,241.000,29,240.000,9,239.000,40,237.000,20,251.000,30,252.000,20,254.000,49,256.000,20,320.000,1,0,33,
125423147000,252.000,2,242.000,9,241.000,29,240.000,9,239.000,40,237.000,20,251.000,9,252.000,20,254.000,49,256.000,20,320.000,1,0,33,
125423147000,252.000,2,242.000,30,241.000,29,240.000,9,239.000,40,237.000,20,251.000,9,252.000,41,254.000,49,256.000,20,320.000,1,0,33,
125423147000,252.000,2,242.000,30,241.000,29,240.000,9,239.000,40,237.000,20,251.000,9,252.000,50,254.000,49,256.000,20,320.000,1,0,33,
125423147000,252.000,2,242.000,21,241.000,29,240.000,9,239.000,40,237.000,20,251.000,9,252.000,50,254.000,49,256.000,20,320.000,1,0,33,
125423147000,252.000,2,242.000,21,241.000,29,240.000,9,239.000,40,237.000,20,252.000,50,254.000,49,256.000,20,320.000,1,400.000,1,0,33,
125423147000,252.000,2,242.000,30,241.000,29,240.000,9,239.000,40,237.000,20,252.000,50,254.000,49,256.000,20,320.000,1,400.000,1,0,33,
125423848000,252.000,2,242.000,30,241.000,29,240.000,9,239.000,40,86.000,1,252.000,30,254.000,49,256.000,20,320.000,1,400.000,1,0,33,
125423848000,252.000,2,242.000,30,241.000,29,240.000,9,239.000,40,236.000,20,251.000,20,252.000,30,254.000,49,256.000,20,320.000,1,0,33,
125423848000,252.000,2,242.000,30,241.000,29,240.000,9,239.000,40,236.000,20,251.000,29,252.000,30,254.000,49,256.000,20,320.000,1,0,33,
125424244000,252.000,2,242.000,9,241.000,29,240.000,9,239.000,40,236.000,20,251.000,29,252.000,9,254.000,49,256.000,20,320.000,1,0,33,
125424244000,252.000,2,242.000,30,241.000,29,240.000,9,239.000,40,236.000,20,251.000,50,252.000,9,254.000,49,256.000,20,320.000,1,0,33,
125424244000,252.000,2,242.000,21,241.000,29,240.000,9,239.000,40,236.000,20,251.000,50,252.000,9,254.000,49,256.000,20,320.000,1,0,33,
125424244000,252.000,2,242.000,30,241.000,29,240.000,9,239.000,40,236.000,20,251.000,50,252.000,9,254.000,49,256.000,20,320.000,1,0,33,
125424907000,252.000,2,242.000,30,241.000,29,240.000,9,239.000,40,86.000,1,251.000,30,252.000,9,254.000,49,256.000,20,320.000,1,0,33,
125424907000,252.000,2,242.000,30,241.000,29,240.000,9,239.000,40,237.000,20,251.000,30,252.000,29,254.000,49,256.000,20,320.000,1,0,33,
125426139000,252.000,2,242.000,30,241.000,29,240.000,9,239.000,40,86.000,1,251.000,30,252.000,9,254.000,49,256.000,20,320.000,1,0,33,
125426139000,252.000,2,242.000,30,241.000,29,240.000,9,239.000,40,236.000,20,251.000,50,252.000,9,254.000,49,256.000,20,320.000,1,0,33,
125426757000,252.000,2,242.000,30,241.000,29,240.000,9,239.000,40,86.000,1,251.000,30,252.000,9,254.000,49,256.000,20,320.000,1,0,33,
125426757000,252.000,2,242.000,30,241.000,29,240.000,9,239.000,40,237.000,20,251.000,30,252.000,29,254.000,49,256.000,20,320.000,1,0,33,
125427258000,252.000,2,242.000,30,241.000,29,240.000,9,239.000,40,86.000,1,251.000,30,252.000,9,254.000,49,256.000,20,320.000,1,0,33,
125427258000,252.000,2,242.000,30,241.000,29,240.000,9,239.000,40,236.000,20,251.000,50,252.000,9,254.000,49,256.000,20,320.000,1,0,33,
125427760000,252.000,2,242.000,30,241.000,29,240.000,9,239.000,40,86.000,1,251.000,30,252.000,9,254.000,49,256.000,20,320.000,1,0,33,
125427760000,252.000,2,242.000,30,241.000,29,240.000,9,239.000,40,237.000,20,251.000,30,252.000,29,254.000,49,256.000,20,320.000,1,0,33,
125428154000,252.000,2,242.000,9,241.000,29,240.000,9,239.000,40,237.000,20,251.000,9,252.000,29,254.000,49,256.000,20,320.000,1,0,33,
125428154000,252.000,2,242.000,30,241.000,29,240.000,9,239.000,40,237.000,20,251.000,9,252.000,50,254.000,49,256.000,20,320.000,1,0,33,
125428154000,252.000,2,242.000,21,241.000,29,240.000,9,239.000,40,237.000,20,251.000,9,252.000,50,254.000,49,256.000,20,320.000,1,0,33,
125428154000,252.000,2,242.000,21,241.000,29,240.000,9,239.000,40,237.000,20,252.000,50,254.000,49,256.000,20,320.000,1,400.000,1,0,33,
125428155000,252.000,2,242.000,30,241.000,29,240.000,9,239.000,40,237.000,20,252.000,50,254.000,49,256.000,20,320.000,1,400.000,1,0,33,
125428310000,252.000,2,242.000,30,241.000,9,240.000,9,239.000,40,237.000,20,252.000,50,254.000,49,320.000,1,400.000,1,414.000,1,0,33,
125428310000,252.000,2,242.000,50,241.000,9,240.000,9,239.000,40,237.000,20,252.000,50,254.000,49,257.000,20,320.000,1,400.000,1,0,33,
125428311000,252.000,2,242.000,50,241.000,9,240.000,9,239.000,40,237.000,20,252.000,50,254.000,40,257.000,20,320.000,1,400.000,1,0,33,
125428312000,252.000,2,242.000,50,241.000,9,240.000,9,239.000,40,86.000,1,252.000,30,254.000,40,257.000,20,320.000,1,400.000,1,0,33,
125428312000,252.000,2,242.000,50,241.000,9,240.000,9,239.000,40,238.000,20,252.000,30,253.000,20,254.000,40,257.000,20,320.000,1,0,33,
125428429000,252.000,2,242.000,50,241.000,9,240.000,9,239.000,40,238.000,20,252.000,30,253.000,20,254.000,40,256.000,9,257.000,20,0,33,
125428925000,252.000,2,242.000,50,241.000,9,240.000,9,239.000,40,86.000,1,252.000,30,254.000,40,256.000,9,257.000,20,320.000,1,0,33,
125428925000,252.000,2,242.000,50,241.000,9,240.000,9,239.000,40,237.000,20,252.000,50,254.000,40,256.000,9,257.000,20,320.000,1,0,33,
125429171000,252.000,2,242.000,50,241.000,9,240.000,9,239.000,40,86.000,1,252.000,30,254.000,40,256.000,9,257.000,20,320.000,1,0,33,
125429536000,252.000,2,242.000,50,241.000,9,240.000,9,239.000,40,238.000,20,252.000,30,253.000,20,254.000,40,256.000,9,257.000,20,0,33,
125430546000,252.000,2,242.000,50,241.000,9,240.000,9,239.000,20,238.000,20,252.000,30,253.000,20,254.000,20,256.000,9,257.000,20,0,33,
125430593000,252.000,2,242.000,29,241.000,9,240.000,9,239.000,20,238.000,20,252.000,9,253.000,20,254.000,20,256.000,9,257.000,20,0,33,
125430593000,252.000,2,242.000,50,241.000,9,240.000,9,239.000,20,238.000,20,252.000,9,253.000,41,254.000,20,256.000,9,257.000,20,0,33,
125430594000,252.000,2,242.000,50,241.000,9,240.000,9,239.000,20,238.000,20,252.000,9,253.000,50,254.000,20,256.000,9,257.000,20,0,33,
125430594000,252.000,2,242.000,50,241.000,9,240.000,9,239.000,20,238.000,20,253.000,50,254.000,20,256.000,9,257.000,20,320.000,1,0,33,
125430876000,252.000,2,242.000,50,241.000,29,240.000,9,239.000,20,238.000,20,253.000,50,254.000,20,256.000,29,257.000,20,320.000,1,0,33,
125431421000,252.000,2,242.000,50,241.000,29,240.000,9,238.000,20,86.000,1,253.000,50,256.000,29,257.000,20,320.000,1,400.000,1,0,33,
125432909000,252.000,2,242.000,50,241.000,29,240.000,29,238.000,20,86.000,1,253.000,50,255.000,20,256.000,29,257.000,20,320.000,1,0,33,
125436939000,252.000,2,242.000,50,241.000,29,240.000,29,86.000,1,84.000,3,253.000,30,255.000,20,256.000,29,257.000,20,320.000,1,0,33,
125436939000,252.000,2,242.000,50,241.000,29,240.000,29,237.000,20,86.000,1,252.000,20,253.000,30,255.000,20,256.000,29,257.000,20,0,33,
125436940000,252.000,2,242.000,50,241.000,29,240.000,29,237.000,20,86.000,1,252.000,29,253.000,30,255.000,20,256.000,29,257.000,20,0,33,
125437596000,252.000,2,242.000,29,241.000,29,240.000,29,237.000,20,86.000,1,252.000,29,253.000,9,255.000,20,256.000,29,257.000,20,0,33,
125437596000,252.000,2,242.000,50,241.000,29,240.000,29,237.000,20,86.000,1,252.000,50,253.000,9,255.000,20,256.000,29,257.000,20,0,33,
125439509000,252.000,2,242.000,50,241.000,29,240.000,29,86.000,1,84.000,3,252.000,30,253.000,9,255.000,20,256.000,29,257.000,20,0,33,
125439509000,252.000,2,242.000,50,241.000,29,240.000,29,238.000,20,86.000,1,252.000,30,253.000,29,255.000,20,256.000,29,257.000,20,0,33,
125441121000,252.000,2,242.000,50,241.000,29,240.000,29,86.000,1,84.000,3,252.000,30,253.000,9,255.000,20,256.000,29,257.000,20,0,33,
125441121000,252.000,2,242.000,50,241.000,29,240.000,29,237.000,20,86.000,1,252.000,50,253.000,9,255.000,20,256.000,29,257.000,20,0,33,
125441746000,252.000,2,242.000,50,241.000,29,240.000,29,86.000,1,84.000,3,252.000,30,253.000,9,255.000,20,256.000,29,257.000,20,0,33,
125441746000,252.000,2,242.000,50,241.000,29,240.000,29,238.000,20,86.000,1,252.000,30,253.000,29,255.000,20,256.000,29,257.000,20,0,33,
125441870000,252.000,2,242.000,50,241.000,29,240.000,29,86.000,1,84.000,3,252.000,30,253.000,9,255.000,20,256.000,29,257.000,20,0,33,
125441993000,252.000,2,242.000,30,241.000,29,240.000,29,86.000,1,84.000,3,252.000,30,253.000,9,255.000,20,256.000,29,320.000,1,0,33,
125441993000,252.000,2,242.000,30,241.000,49,240.000,29,86.000,1,84.000,3,252.000,30,253.000,9,255.000,20,256.000,49,320.000,1,0,33,
125442005000,252.000,2,242.000,30,241.000,49,240.000,9,86.000,1,84.000,3,252.000,30,253.000,9,256.000,49,320.000,1,400.000,1,0,33,
125442368000,252.000,2,242.000,30,241.000,49,240.000,9,237.000,20,86.000,1,252.000,50,253.000,9,256.000,49,320.000,1,400.000,1,0,33,
125442520000,252.000,2,242.000,30,241.000,49,240.000,9,239.000,20,237.000,20,252.000,50,253.000,9,254.000,20,256.000,49,320.000,1,0,33,
125442599000,252.000,2,242.000,9,241.000,49,240.000,9,239.000,20,237.000,20,252.000,29,253.000,9,254.000,20,256.000,49,320.000,1,0,33,
125442599000,252.000,2,242.000,30,241.000,49,240.000,9,239.000,20,237.000,20,251.000,21,252.000,29,253.000,9,254.000,20,256.000,49,0,33,
125442599000,252.000,2,242.000,21,241.000,49,240.000,9,239.000,20,237.000,20,251.000,21,252.000,29,253.000,9,254.000,20,256.000,49,0,33,
125442599000,252.000,2,242.000,21,241.000,49,240.000,9,239.000,20,237.000,20,251.000,30,252.000,29,253.000,9,254.000,20,256.000,49,0,33,
125442599000,252.000,2,242.000,30,241.000,49,240.000,9,239.000,20,237.000,20,251.000,30,252.000,29,253.000,9,254.000,20,256.000,49,0,33,
125443007000,252.000,2,242.000,30,241.000,49,240.000,9,239.000,20,237.000,20,251.000,30,252.000,29,254.000,20,256.000,49,320.000,1,0,33,
125444080000,252.000,2,242.000,30,241.000,49,240.000,9,239.000,20,86.000,1,251.000,30,252.000,9,254.000,20,256.000,49,320.000,1,0,33,
125444080000,252.000,2,242.000,30,241.000,49,240.000,9,239.000,20,236.000,20,251.000,50,252.000,9,254.000,20,256.000,49,320.000,1,0,33,
125444396000,252.000,2,242.000,30,241.000,29,240.000,9,239.000,20,236.000,20,251.000,50,252.000,9,254.000,20,256.000,29,320.000,1,0,33,
125444399000,252.000,2,242.000,30,241.000,29,240.000,9,239.000,20,236.000,20,251.000,50,252.000,9,254.000,20,256.000,20,320.000,1,0,33,
125444399000,252.000,2,242.000,30,241.000,29,240.000,9,239.000,20,236.000,20,251.000,50,252.000,9,254.000,29,256.000,20,320.000,1,0,33,
125444494000,252.000,2,242.000,30,241.000,9,240.000,9,239.000,20,236.000,20,251.000,50,252.000,9,254.000,29,320.000,1,400.000,1,0,33,
125444494000,252.000,2,242.000,30,241.000,9,240.000,29,239.000,20,236.000,20,251.000,50,252.000,9,254.000,29,255.000,20,320.000,1,0,33,
125444507000,252.000,2,242.000,30,241.000,9,240.000,29,239.000,40,236.000,20,251.000,50,252.000,9,254.000,49,255.000,20,320.000,1,0,33,
125447398000,252.000,2,242.000,30,241.000,9,240.000,29,239.000,40,86.000,1,251.000,30,252.000,9,254.000,49,255.000,20,320.000,1,0,33,
125447398000,252.000,2,242.000,30,241.000,9,240.000,29,239.000,40,237.000,20,251.000,30,252.000,29,254.000,49,255.000,20,320.000,1,0,33,
125447494000,252.000,2,242.000,30,241.000,9,240.000,9,239.000,40,237.000,20,251.000,30,252.000,29,254.000,49,320.000,1,400.000,1,0,33,
125447494000,252.000,2,242.000,30,241.000,29,240.000,9,239.000,40,237.000,20,251.000,30,252.000,29,254.000,49,256.000,20,320.000,1,0,33,
125447992000,252.000,2,242.000,30,241.000,29,240.000,9,239.000,40,86.000,1,251.000,30,252.000,9,254.000,49,256.000,20,320.000,1,0,33,
125447992000,252.000,2,242.000,30,241.000,29,240.000,9,239.000,40,236.000,20,251.000,50,252.000,9,254.000,49,256.000,20,320.000,1,0,33,
125452322000,252.000,2,242.000,30,241.000,29,240.000,9,239.000,40,86.000,1,251.000,30,252.000,9,254.000,49,256.000,20,320.000,1,0,33,
125452322000,252.000,2,242.000,30,241.000,29,240.000,9,239.000,40,237.000,20,251.000,30,252.000,29,254.000,49,256.000,20,320.000,1,0,33,
125453042000,252.000,2,242.000,30,241.000,29,240.000,9,239.000,40,86.000,1,251.000,30,252.000,9,254.000,49,256.000,20,320.000,1,0,33,
125453042000,252.000,2,242.000,30,241.000,29,240.000,9,239.000,40,236.000,20,251.000,50,252.000,9,254.000,49,256.000,20,320.000,1,0,33,
125453663000,252.000,2,242.000,30,241.000,29,240.000,9,239.000,40,86.000,1,251.000,30,252.000,9,254.000,49,256.000,20,320.000,1,0,33,
125453663000,252.000,2,242.000,30,241.000,29,240.000,9,239.000,40,237.000,20,251.000,30,252.000,29,254.000,49,256.000,20,320.000,1,0,33,
125454602000,252.000,2,242.000,30,241.000,29,240.000,9,239.000,40,86.000,1,251.000,30,252.000,9,254.000,49,256.000,20,320.000,1,0,33,
125454602000,252.000,2,242.000,30,241.000,29,240.000,9,239.000,40,236.000,20,251.000,50,252.000,9,254.000,49,256.000,20,320.000,1,0,33,
125454952000,252.000,2,242.000,30,241.000,29,240.000,9,239.000,40,86.000,1,251.000,30,252.000,9,254.000,49,256.000,20,320.000,1,0,33,
125455454000,252.000,2,242.000,30,241.000,29,240.000,9,239.000,40,237.000,20,251.000,30,252.000,29,254.000,49,256.000,20,320.000,1,0,33,
125456465000,252.000,2,242.000,30,241.000,29,240.000,9,239.000,40,86.000,1,251.000,30,252.000,9,254.000,49,256.000,20,320.000,1,0,33,
125456465000,252.000,2,242.000,30,241.000,29,240.000,9,239.000,40,236.000,20,251.000,50,252.000,9,254.000,49,256.000,20,320.000,1,0,33,
125456701000,252.000,2,242.000,30,241.000,29,240.000,9,239.000,40,86.000,1,251.000,30,252.000,9,254.000,49,256.000,20,320.000,1,0,33,
125457000000,252.000,2,242.000,30,241.000,29,240.000,9,239.000,40,237.000,20,251.000,30,252.000,29,254.000,49,256.000,20,320.000,1,0,33,
125457605000,252.000,2,242.000,9,241.000,29,240.000,9,239.000,40,237.000,20,251.000,9,252.000,29,254.000,49,256.000,20,320.000,1,0,33,
125457605000,252.000,2,242.000,30,241.000,29,240.000,9,239.000,40,237.000,20,251.000,9,252.000,50,254.000,49,256.000,20,320.000,1,0,33,
125457605000,252.000,2,242.000,21,241.000,29,240.000,9,239.000,40,237.000,20,251.000,9,252.000,50,254.000,49,256.000,20,320.000,1,0,33,
125457605000,252.000,2,242.000,21,241.000,29,240.000,9,239.000,40,237.000,20,252.000,50,254.000,49,256.000,20,320.000,1,400.000,1,0,33,
125457907000,252.000,2,242.000,30,241.000,29,240.000,9,239.000,40,237.000,20,252.000,50,254.000,49,256.000,20,320.000,1,400.000,1,0,33,
125500137000,252.000,2,242.000,9,241.000,29,240.000,9,239.000,40,237.000,20,252.000,29,254.000,49,256.000,20,320.000,1,400.000,1,0,33,
125500137000,252.000,2,242.000,30,241.000,29,240.000,9,239.000,40,237.000,20,251.000,21,252.000,29,254.000,49,256.000,20,320.000,1,0,33,
125500137000,252.000,2,242.000,21,241.000,29,240.000,9,239.000,40,237.000,20,251.000,21,252.000,29,254.000,49,256.000,20,320.000,1,0,33,
125500137000,252.000,2,242.000,21,241.000,29,240.000,9,239.000,40,237.000,20,251.000,30,252.000,29,254.000,49,256.000,20,320.000,1,0,33,
125500308000,252.000,2,242.000,30,241.000,29,240.000,9,239.000,40,237.000,20,251.000,30,252.000,29,254.000,49,256.000,20,320.000,1,0,33,
125502600000,252.000,2,242.000,30,241.000,29,240.000,9,239.000,20,237.000,20,251.000,30,252.000,29,254.000,29,256.000,20,320.000,1,0,33,
125503242000,252.000,2,242.000,30,241.000,29,240.000,9,239.000,20,86.000,1,251.000,30,252.000,9,254.000,29,256.000,20,320.000,1,0,33,
125503242000,252.000,2,242.000,30,241.000,29,240.000,9,239.000,20,236.000,20,251.000,50,252.000,9,254.000,29,256.000,20,320.000,1,0,33,
125503267000,252.000,2,242.000,30,241.000,29,240.000,9,239.000,40,236.000,20,251.000,50,252.000,9,254.000,49,256.000,20,320.000,1,0,33,
125507973000,252.000,2,242.000,30,241.000,29,240.000,9,239.000,40,86.000,1,251.000,30,252.000,9,254.000,49,256.000,20,320.000,1,0,33,
125507973000,252.000,2,242.000,30,241.000,29,240.000,9,239.000,40,237.000,20,251.000,30,252.000,29,254.000,49,256.000,20,320.000,1,0,33,
125509868000,252.000,2,242.000,30,241.000,9,240.000,9,239.000,40,237.000,20,251.000,30,252.000,29,254.000,49,320.000,1,400.000,1,0,33,
125509868000,252.000,2,242.000,50,241.000,9,240.000,9,239.000,40,237.000,20,251.000,30,252.000,29,254.000,49,257.000,20,320.000,1,0,33,
125510149000,252.000,2,242.000,29,241.000,9,240.000,9,239.000,40,237.000,20,251.000,9,252.000,29,254.000,49,257.000,20,320.000,1,0,33,
125510149000,252.000,2,242.000,50,241.000,9,240.000,9,239.000,40,237.000,20,251.000,9,252.000,50,254.000,49,257.000,20,320.000,1,0,33,
125510149000,252.000,2,242.000,50,241.000,9,240.000,9,239.000,40,237.000,20,252.000,50,254.000,49,257.000,20,320.000,1,400.000,1,0,33,
125510742000,252.000,2,242.000,30,241.000,9,240.000,9,239.000,40,237.000,20,252.000,50,254.000,49,320.000,1,400.000,1,414.000,1,0,33,
125510742000,252.000,2,242.000,30,241.000,29,240.000,9,239.000,40,237.000,20,252.000,50,254.000,49,256.000,20,320.000,1,400.000,1,0,33,
125511035000,252.000,2,242.000,30,241.000,29,240.000,9,239.000,40,86.000,1,252.000,30,254.000,49,256.000,20,320.000,1,400.000,1,0,33,
125511035000,252.000,2,242.000,30,241.000,29,240.000,9,239.000,40,236.000,20,251.000,20,252.000,30,254.000,49,256.000,20,320.000,1,0,33,
125511611000,252.000,2,242.000,9,241.000,29,240.000,9,239.000,40,236.000,20,251.000,20,252.000,9,254.000,49,256.000,20,320.000,1,0,33,
125511611000,252.000,2,242.000,30,241.000,29,240.000,9,239.000,40,236.000,20,251.000,41,252.000,9,254.000,49,256.000,20,320.000,1,0,33,
125511611000,252.000,2,242.000,21,241.000,29,240.000,9,239.000,40,236.000,20,251.000,41,252.000,9,254.000,49,256.000,20,320.000,1,0,33,
125511611000,252.000,2,242.000,21,241.000,29,240.000,9,239.000,40,236.000,20,251.000,50,252.000,9,254.000,49,256.000,20,320.000,1,0,33,
125511906000,252.000,2,242.000,30,241.000,29,240.000,9,239.000,40,236.000,20,251.000,50,252.000,9,254.000,49,256.000,20,320.000,1,0,33,
125512742000,252.000,2,242.000,30,241.000,9,240.000,9,239.000,40,236.000,20,251.000,50,252.000,9,254.000,49,320.000,1,400.000,1,0,33,
125512742000,252.000,2,242.000,50,241.000,9,240.000,9,239.000,40,236.000,20,251.000,50,252.000,9,254.000,49,257.000,20,320.000,1,0,33,
125512762000,252.000,2,242.000,50,241.000,9,240.000,9,239.000,40,86.000,1,251.000,30,252.000,9,254.000,49,257.000,20,320.000,1,0,33,
125512762000,252.000,2,242.000,50,241.000,9,240.000,9,239.000,40,237.000,20,251.000,30,252.000,29,254.000,49,257.000,20,320.000,1,0,33,
125513367000,252.000,2,242.000,30,241.000,9,240.000,9,239.000,40,237.000,20,251.000,30,252.000,29,254.000,49,320.000,1,400.000,1,0,33,
125513367000,252.000,2,242.000,30,241.000,29,240.000,9,239.000,40,237.000,20,251.000,30,252.000,29,254.000,49,256.000,20,320.000,1,0,33,
125514114000,252.000,2,242.000,30,241.000,29,240.000,9,239.000,40,86.000,1,251.000,30,252.000,9,254.000,49,256.000,20,320.000,1,0,33,
125514114000,252.000,2,242.000,30,241.000,29,240.000,9,239.000,40,236.000,20,251.000,50,252.000,9,254.000,49,256.000,20,320.000,1,0,33,
125514238000,252.000,2,242.000,30,241.000,29,240.000,9,239.000,40,86.000,1,251.000,30,252.000,9,254.000,49,256.000,20,320.000,1,0,33,
125514613000,252.000,2,242.000,30,241.000,29,240.000,9,239.000,40,237.000,20,251.000,30,252.000,29,254.000,49,256.000,20,320.000,1,0,33,
125515613000,252.000,2,242.000,30,241.000,29,240.000,9,239.000,40,86.000,1,251.000,30,252.000,9,254.000,49,256.000,20,320.000,1,0,33,
125515613000,252.000,2,242.000,30,241.000,29,240.000,9,239.000,40,236.000,20,251.000,50,252.000,9,254.000,49,256.000,20,320.000,1,0,33,
125516113000,252.000,2,242.000,30,241.000,29,240.000,9,239.000,40,86.000,1,251.000,30,252.000,9,254.000,49,256.000,20,320.000,1,0,33,
125516122000,252.000,2,242.000,30,241.000,29,240.000,9,239.000,40,237.000,20,251.000,30,252.000,29,254.000,49,256.000,20,320.000,1,0,33,
125523300000,252.000,2,242.000,30,241.000,29,240.000,9,239.000,20,237.000,20,251.000,30,252.000,29,254.000,29,256.000,20,320.000,1,0,33,
125523730000,252.000,2,242.000,30,241.000,29,240.000,9,239.000,40,237.000,20,251.000,30,252.000,29,254.000,49,256.000,20,320.000,1,0,33,
125524999000,252.000,2,242.000,30,241.000,29,240.000,9,239.000,40,86.000,1,251.000,30,252.000,9,254.000,49,256.000,20,320.000,1,0,33,
125524999000,252.000,2,242.000,30,241.000,29,240.000,9,239.000,40,236.000,20,251.000,50,252.000,9,254.000,49,256.000,20,320.000,1,0,33,
125525118000,252.000,2,242.000,30,241.000,9,240.000,9,239.000,40,236.000,20,251.000,50,252.000,9,254.000,49,320.000,1,400.000,1,0,33,
125525118000,252.000,2,242.000,30,241.000,9,240.000,29,239.000,40,236.000,20,251.000,50,252.000,9,254.000,49,255.000,20,320.000,1,0,33,
125526104000,252.000,2,242.000,30,241.000,9,240.000,29,239.000,20,236.000,20,251.000,50,252.000,9,254.000,29,255.000,20,320.000,1,0,33,
125526932000,252.000,2,242.000,30,241.000,9,240.000,29,239.000,40,236.000,20,251.000,50,252.000,9,254.000,49,255.000,20,320.000,1,0,33,
125538393000,252.000,2,242.000,9,241.000,9,240.000,29,239.000,40,236.000,20,251.000,29,252.000,9,254.000,49,255.000,20,320.000,1,0,33,
125538393000,252.000,2,242.000,30,241.000,9,240.000,29,239.000,40,236.000,20,250.000,21,251.000,29,252.000,9,254.000,49,255.000,20,0,33,
125538396000,252.000,2,242.000,30,241.000,9,240.000,29,239.000,40,236.000,20,250.000,30,251.000,29,252.000,9,254.000,49,255.000,20,0,33,
125538396000,252.000,2,242.000,30,241.000,9,240.000,38,239.000,40,236.000,20,250.000,30,251.000,29,252.000,9,254.000,49,255.000,20,0,33,
125538396000,252.000,2,242.000,21,241.000,9,240.000,38,239.000,40,236.000,20,250.000,30,251.000,29,252.000,9,254.000,49,255.000,20,0,33,
125538396000,252.000,2,242.000,30,241.000,9,240.000,38,239.000,40,236.000,20,250.000,30,251.000,29,252.000,9,254.000,49,255.000,20,0,33,
125538495000,252.000,2,242.000,30,241.000,9,240.000,18,239.000,40,236.000,20,250.000,30,251.000,29,252.000,9,254.000,49,320.000,1,0,33,
125538495000,252.000,2,242.000,30,241.000,9,240.000,18,239.000,60,236.000,20,250.000,30,251.000,29,252.000,9,254.000,69,320.000,1,0,33,
125538496000,252.000,2,242.000,30,241.000,9,240.000,18,239.000,60,86.000,1,250.000,30,251.000,9,252.000,9,254.000,69,320.000,1,0,33,
125538496000,252.000,2,242.000,30,241.000,9,240.000,18,239.000,60,235.000,20,250.000,50,251.000,9,252.000,9,254.000,69,320.000,1,0,33,
125538507000,252.000,2,242.000,30,241.000,9,240.000,9,239.000,60,235.000,20,250.000,50,251.000,9,252.000,9,254.000,69,320.000,1,0,33,
125538507000,252.000,2,242.000,30,241.000,9,240.000,9,239.000,60,235.000,20,250.000,50,251.000,9,254.000,69,320.000,1,400.000,1,0,33,
125539491000,252.000,2,242.000,30,241.000,9,240.000,9,239.000,40,235.000,20,250.000,50,251.000,9,254.000,49,320.000,1,400.000,1,0,33,
125539675000,252.000,2,242.000,30,241.000,9,240.000,9,239.000,40,238.000,20,250.000,50,251.000,9,253.000,20,254.000,49,320.000,1,0,33,
125540018000,252.000,2,242.000,30,241.000,9,239.000,40,238.000,20,235.000,20,250.000,50,251.000,9,253.000,20,254.000,49,320.000,1,0,33,
125540018000,252.000,2,242.000,30,241.000,9,239.000,40,238.000,29,235.000,20,250.000,50,251.000,9,253.000,20,254.000,49,320.000,1,0,33,
125548002000,252.000,2,242.000,30,241.000,9,239.000,40,238.000,29,86.000,1,250.000,30,251.000,9,253.000,20,254.000,49,320.000,1,0,33,
125548002000,252.000,2,242.000,30,241.000,9,239.000,40,238.000,29,234.000,20,249.000,20,250.000,30,251.000,9,253.000,20,254.000,49,0,33,
125548003000,252.000,2,242.000,30,241.000,9,239.000,40,238.000,29,234.000,20,249.000,29,250.000,30,251.000,9,253.000,20,254.000,49,0,33,
125548006000,252.000,2,242.000,30,241.000,9,239.000,40,238.000,29,234.000,20,249.000,29,250.000,30,253.000,20,254.000,49,320.000,1,0,33,
125548044000,252.000,2,242.000,30,241.000,9,239.000,40,238.000,9,234.000,20,249.000,29,250.000,30,254.000,49,320.000,1,400.000,1,0,33,
125548179000,252.000,2,242.000,9,241.000,9,239.000,40,238.000,9,234.000,20,249.000,29,250.000,9,254.000,49,320.000,1,400.000,1,0,33,
125548179000,252.000,2,242.000,9,241.000,30,239.000,40,238.000,9,234.000,20,249.000,50,250.000,9,254.000,49,320.000,1,400.000,1,0,33,
125548179000,252.000,2,242.000,9,241.000,30,239.000,49,238.000,9,234.000,20,249.000,50,250.000,9,254.000,49,320.000,1,400.000,1,0,33,
125548179000,252.000,2,241.000,30,239.000,49,238.000,9,234.000,20,86.000,1,249.000,50,250.000,9,254.000,49,320.000,1,400.000,1,0,33,
125548221000,252.000,2,241.000,30,239.000,49,238.000,9,237.000,20,234.000,20,249.000,50,250.000,9,252.000,20,254.000,49,320.000,1,0,33,
125549474000,252.000,2,241.000,30,239.000,49,238.000,9,237.000,20,234.000,20,249.000,50,250.000,9,252.000,20,254.000,40,320.000,1,0,33,
125549476000,252.000,2,241.000,30,239.000,49,238.000,9,237.000,20,234.000,20,249.000,50,250.000,9,252.000,29,254.000,40,320.000,1,0,33,
125549494000,252.000,2,241.000,30,239.000,29,238.000,9,237.000,20,234.000,20,249.000,50,250.000,9,252.000,29,254.000,20,320.000,1,0,33,
125549494000,252.000,2,241.000,30,239.000,29,238.000,29,237.000,20,234.000,20,249.000,50,250.000,9,252.000,29,253.000,20,254.000,20,0,33,
125549627000,252.000,2,241.000,9,239.000,29,238.000,29,237.000,20,234.000,20,249.000,29,250.000,9,252.000,29,253.000,20,254.000,20,0,33,
125549627000,252.000,2,241.000,30,239.000,29,238.000,29,237.000,20,234.000,20,248.000,21,249.000,29,250.000,9,252.000,29,253.000,20,0,33,
125549627000,252.000,2,241.000,21,239.000,29,238.000,29,237.000,20,234.000,20,248.000,21,249.000,29,250.000,9,252.000,29,253.000,20,0,33,
125549627000,252.000,2,241.000,21,239.000,29,238.000,29,237.000,20,234.000,20,248.000,30,249.000,29,250.000,9,252.000,29,253.000,20,0,33,
125549628000,252.000,2,241.000,30,239.000,29,238.000,29,237.000,20,234.000,20,248.000,30,249.000,29,250.000,9,252.000,29,253.000,20,0,33,
125550006000,252.000,2,241.000,30,239.000,29,238.000,29,237.000,20,234.000,20,248.000,30,249.000,29,252.000,29,253.000,20,254.000,20,0,33,
125550618000,252.000,2,241.000,30,239.000,29,238.000,9,237.000,20,234.000,20,248.000,30,249.000,29,252.000,29,254.000,20,320.000,1,0,33,
125550618000,252.000,2,241.000,30,239.000,49,238.000,9,237.000,20,234.000,20,248.000,30,249.000,29,252.000,29,254.000,40,320.000,1,0,33,
125550628000,252.000,2,241.000,9,239.000,49,238.000,9,237.000,20,234.000,20,248.000,9,249.000,29,252.000,29,254.000,40,320.000,1,0,33,
125550628000,252.000,2,241.000,30,239.000,49,238.000,9,237.000,20,234.000,20,248.000,9,249.000,50,252.000,29,254.000,40,320.000,1,0,33,
125550630000,252.000,2,241.000,30,239.000,49,238.000,9,237.000,20,234.000,20,249.000,50,252.000,29,254.000,40,320.000,1,400.000,1,0,33,
125550630000,252.000,2,241.000,21,239.000,49,238.000,9,237.000,20,234.000,20,249.000,50,252.000,29,254.000,40,320.000,1,400.000,1,0,33,
125550631000,252.000,2,241.000,30,239.000,49,238.000,9,237.000,20,234.000,20,249.000,50,252.000,29,254.000,40,320.000,1,400.000,1,0,33,
125551493000,252.000,2,241.000,30,239.000,29,238.000,9,237.000,20,234.000,20,249.000,50,252.000,29,254.000,20,320.000,1,400.000,1,0,33,
125551493000,252.000,2,241.000,30,239.000,29,238.000,29,237.000,20,234.000,20,249.000,50,252.000,29,253.000,20,254.000,20,320.000,1,0,33,
125551628000,252.000,2,241.000,9,239.000,29,238.000,29,237.000,20,234.000,20,249.000,29,252.000,29,253.000,20,254.000,20,320.000,1,0,33,
125551628000,252.000,2,241.000,30,239.000,29,238.000,29,237.000,20,234.000,20,248.000,21,249.000,29,252.000,29,253.000,20,254.000,20,0,33,
125551628000,252.000,2,241.000,21,239.000,29,238.000,29,237.000,20,234.000,20,248.000,21,249.000,29,252.000,29,253.000,20,254.000,20,0,33,
125551628000,252.000,2,241.000,21,239.000,29,238.000,29,237.000,20,234.000,20,248.000,30,249.000,29,252.000,29,253.000,20,254.000,20,0,33,
125551629000,252.000,2,241.000,30,239.000,29,238.000,29,237.000,20,234.000,20,248.000,30,249.000,29,252.000,29,253.000,20,254.000,20,0,33,
125553542000,252.000,2,241.000,30,239.000,29,238.000,29,234.000,20,86.000,1,248.000,30,249.000,29,252.000,9,253.000,20,254.000,20,0,33,
125554165000,252.000,2,241.000,9,239.000,29,238.000,29,234.000,20,86.000,1,248.000,9,249.000,29,252.000,9,253.000,20,254.000,20,0,33,
125554165000,252.000,2,241.000,30,239.000,29,238.000,29,234.000,20,86.000,1,248.000,9,249.000,50,252.000,9,253.000,20,254.000,20,0,33,
125554165000,252.000,2,241.000,30,239.000,29,238.000,29,234.000,20,86.000,1,249.000,50,252.000,9,253.000,20,254.000,20,320.000,1,0,33,
125554165000,252.000,2,241.000,21,239.000,29,238.000,29,234.000,20,86.000,1,249.000,50,252.000,9,253.000,20,254.000,20,320.000,1,0,33,
125554166000,252.000,2,241.000,30,239.000,29,238.000,29,234.000,20,86.000,1,249.000,50,252.000,9,253.000,20,254.000,20,320.000,1,0,33,
125554260000,252.000,2,241.000,30,239.000,29,238.000,29,237.000,20,234.000,20,249.000,50,252.000,29,253.000,20,254.000,20,320.000,1,0,33,
125556536000,252.000,2,241.000,30,239.000,29,238.000,29,234.000,20,86.000,1,249.000,50,252.000,9,253.000,20,254.000,20,320.000,1,0,33,
125556618000,252.000,2,241.000,30,239.000,29,238.000,9,234.000,20,86.000,1,249.000,50,252.000,9,254.000,20,320.000,1,400.000,1,0,33,
125556618000,252.000,2,241.000,30,239.000,49,238.000,9,234.000,20,86.000,1,249.000,50,252.000,9,254.000,40,320.000,1,400.000,1,0,33,
125556715000,252.000,2,241.000,30,239.000,49,238.000,9,86.000,1,84.000,3,249.000,30,252.000,9,254.000,40,320.000,1,400.000,1,0,33,
125556715000,252.000,2,241.000,30,239.000,49,238.000,9,235.000,20,86.000,1,249.000,30,250.000,20,252.000,9,254.000,40,320.000,1,0,33,
125556756000,252.000,2,241.000,30,239.000,49,238.000,29,235.000,20,86.000,1,249.000,30,250.000,20,252.000,9,253.000,20,254.000,40,0,33,
125558466000,252.000,2,241.000,30,239.000,49,238.000,29,86.000,1,84.000,3,249.000,30,252.000,9,253.000,20,254.000,40,320.000,1,0,33,
125558466000,252.000,2,241.000,30,239.000,49,238.000,29,234.000,20,86.000,1,249.000,50,252.000,9,253.000,20,254.000,40,320.000,1,0,33,
125558532000,252.000,2,241.000,30,239.000,49,238.000,29,86.000,1,84.000,3,249.000,30,252.000,9,253.000,20,254.000,40,320.000,1,0,33,
125559080000,252.000,2,241.000,30,239.000,49,238.000,29,236.000,20,86.000,1,249.000,30,251.000,20,252.000,9,253.000,20,254.000,40,0,33,
125608118000,252.000,2,241.000,30,239.000,29,238.000,29,236.000,20,86.000,1,249.000,30,251.000,20,252.000,9,253.000,20,254.000,20,0,33,
125608118000,252.000,2,241.000,30,239.000,29,238.000,49,236.000,20,86.000,1,249.000,30,251.000,20,252.000,9,253.000,40,254.000,20,0,33,
125616800000,252.000,2,241.000,30,239.000,29,238.000,29,236.000,20,86.000,1,249.000,30,251.000,20,252.000,9,253.000,20,254.000,20,0,33,
125617639000,252.000,2,241.000,9,239.000,29,238.000,29,236.000,20,86.000,1,249.000,9,251.000,20,252.000,9,253.000,20,254.000,20,0,33,
125617639000,252.000,2,241.000,30,239.000,29,238.000,29,236.000,20,86.000,1,248.000,21,249.000,9,251.000,20,252.000,9,253.000,20,0,33,
125617639000,252.000,2,241.000,30,239.000,29,238.000,29,236.000,20,86.000,1,248.000,21,249.000,9,251.000,29,252.000,9,253.000,20,0,33,
125617639000,252.000,2,241.000,30,239.000,29,238.000,29,236.000,20,86.000,1,248.000,30,249.000,9,251.000,29,252.000,9,253.000,20,0,33,
125617639000,252.000,2,241.000,21,239.000,29,238.000,29,236.000,20,86.000,1,248.000,30,249.000,9,251.000,29,252.000,9,253.000,20,0,33,
125617639000,252.000,2,241.000,21,239.000,29,238.000,29,236.000,20,86.000,1,248.000,30,251.000,29,252.000,9,253.000,20,254.000,20,0,33,
125617654000,252.000,2,241.000,21,239.000,29,238.000,29,237.000,20,236.000,20,248.000,30,251.000,29,252.000,29,253.000,20,254.000,20,0,33,
125617671000,252.000,2,241.000,30,239.000,29,238.000,29,237.000,20,236.000,20,248.000,30,251.000,29,252.000,29,253.000,20,254.000,20,0,33,
125618596000,252.000,2,241.000,30,239.000,29,238.000,29,237.000,20,86.000,1,248.000,30,251.000,9,252.000,29,253.000,20,254.000,20,0,33,
125618596000,252.000,2,241.000,30,239.000,29,238.000,29,237.000,20,235.000,20,248.000,30,250.000,20,251.000,9,252.000,29,253.000,20,0,33,
125635239000,252.000,2,241.000,30,239.000,29,238.000,29,237.000,20,86.000,1,248.000,30,251.000,9,252.000,29,253.000,20,254.000,20,0,33,
125635239000,252.000,2,241.000,30,239.000,29,238.000,29,237.000,20,236.000,20,248.000,30,251.000,29,252.000,29,253.000,20,254.000,20,0,33,
125635363000,252.000,2,241.000,30,239.000,29,238.000,29,237.000,20,86.000,1,248.000,30,251.000,9,252.000,29,253.000,20,254.000,20,0,33,
125635738000,252.000,2,241.000,30,239.000,29,238.000,29,237.000,20,236.000,20,248.000,30,251.000,29,252.000,29,253.000,20,254.000,20,0,33,
125635988000,252.000,2,241.000,30,239.000,29,238.000,29,237.000,20,86.000,1,248.000,30,251.000,9,252.000,29,253.000,20,254.000,20,0,33,
125636363000,252.000,2,241.000,30,239.000,29,238.000,29,237.000,20,235.000,20,248.000,30,250.000,20,251.000,9,252.000,29,253.000,20,0,33,
125637500000,252.000,2,241.000,30,239.000,29,238.000,29,237.000,20,86.000,1,248.000,30,251.000,9,252.000,29,253.000,20,254.000,20,0,33,
125637500000,252.000,2,241.000,30,239.000,29,238.000,29,237.000,20,236.000,20,248.000,30,251.000,29,252.000,29,253.000,20,254.000,20,0,33,
125637648000,252.000,2,241.000,9,239.000,29,238.000,29,237.000,20,236.000,20,248.000,9,251.000,29,252.000,29,253.000,20,254.000,20,0,33,
125637648000,252.000,2,241.000,30,239.000,29,238.000,29,237.000,20,236.000,20,248.000,9,249.000,21,251.000,29,252.000,29,253.000,20,0,33,
125637648000,252.000,2,241.000,30,239.000,29,238.000,29,237.000,20,236.000,20,249.000,21,251.000,29,252.000,29,253.000,20,254.000,20,0,33,
125637648000,252.000,2,241.000,21,239.000,29,238.000,29,237.000,20,236.000,20,249.000,21,251.000,29,252.000,29,253.000,20,254.000,20,0,33,
125637648000,252.000,2,241.000,21,239.000,29,238.000,29,237.000,20,236.000,20,249.000,30,251.000,29,252.000,29,253.000,20,254.000,20,0,33,
125637648000,252.000,2,241.000,30,239.000,29,238.000,29,237.000,20,236.000,20,249.000,30,251.000,29,252.000,29,253.000,20,254.000,20,0,33,
125637700000,252.000,2,241.000,30,239.000,29,238.000,29,236.000,20,86.000,1,249.000,30,251.000,29,252.000,9,253.000,20,254.000,20,0,33,
125637758000,252.000,2,241.000,30,239.000,29,238.000,49,236.000,20,86.000,1,249.000,30,251.000,29,252.000,9,253.000,40,254.000,20,0,33,
125652494000,252.000,2,241.000,30,239.000,29,238.000,29,236.000,20,86.000,1,249.000,30,251.000,29,252.000,9,253.000,20,254.000,20,0,33,
125652494000,252.000,2,241.000,30,239.000,49,238.000,29,236.000,20,86.000,1,249.000,30,251.000,29,252.000,9,253.000,20,254.000,40,0,33,
125652537000,252.000,2,241.000,30,239.000,49,238.000,29,86.000,1,84.000,3,249.000,30,251.000,9,252.000,9,253.000,20,254.000,40,0,33,
125652537000,252.000,2,241.000,30,239.000,49,238.000,29,237.000,20,86.000,1,249.000,30,251.000,9,252.000,29,253.000,20,254.000,40,0,33,
125653632000,252.000,2,241.000,30,239.000,49,238.000,9,237.000,20,86.000,1,249.000,30,251.000,9,252.000,29,254.000,40,320.000,1,0,33,
125653655000,252.000,2,241.000,9,239.000,49,238.000,9,237.000,20,86.000,1,249.000,9,251.000,9,252.000,29,254.000,40,320.000,1,0,33,
125653655000,252.000,2,242.000,21,241.000,9,239.000,49,238.000,9,237.000,20,249.000,9,250.000,21,251.000,9,252.000,29,254.000,40,0,33,
125653655000,252.000,2,242.000,21,241.000,9,239.000,49,238.000,9,237.000,20,250.000,21,251.000,9,252.000,29,254.000,40,320.000,1,0,33,
125653655000,252.000,2,242.000,21,239.000,49,238.000,9,237.000,20,86.000,1,250.000,21,251.000,9,252.000,29,254.000,40,320.000,1,0,33,
125653743000,252.000,2,242.000,21,239.000,29,238.000,9,237.000,20,86.000,1,250.000,21,251.000,9,252.000,29,254.000,20,320.000,1,0,33,
125653743000,252.000,2,242.000,21,240.000,20,239.000,29,238.000,9,237.000,20,250.000,21,251.000,9,252.000,29,254.000,20,255.000,20,0,33,
125654002000,252.000,2,242.000,21,240.000,20,239.000,29,238.000,9,86.000,1,250.000,21,251.000,9,252.000,9,254.000,20,255.000,20,0,33,
125654002000,252.000,2,242.000,21,240.000,20,239.000,29,238.000,29,86.000,1,250.000,21,251.000,9,252.000,9,253.000,20,254.000,20,0,33,
125654105000,252.000,2,242.000,21,240.000,20,239.000,29,238.000,9,86.000,1,250.000,21,251.000,9,252.000,9,254.000,20,255.000,20,0,33,
125654215000,252.000,2,242.000,30,240.000,20,239.000,29,238.000,9,86.000,1,250.000,21,251.000,9,252.000,9,254.000,20,255.000,20,0,33,
125654215000,252.000,2,242.000,30,240.000,20,239.000,29,238.000,9,86.000,1,250.000,30,251.000,9,252.000,9,254.000,20,255.000,20,0,33,
125654253000,252.000,2,242.000,30,240.000,20,239.000,29,238.000,9,86.000,1,250.000,30,251.000,9,254.000,20,255.000,20,320.000,1,0,33,
125654368000,252.000,2,242.000,30,239.000,29,238.000,9,86.000,1,84.000,3,250.000,30,251.000,9,254.000,20,320.000,1,400.000,1,0,33,
125654368000,252.000,2,242.000,30,241.000,20,239.000,29,238.000,9,86.000,1,250.000,30,251.000,9,254.000,20,256.000,20,320.000,1,0,33,
125654376000,252.000,2,242.000,30,241.000,20,239.000,29,238.000,9,86.000,1,250.000,30,251.000,9,254.000,29,256.000,20,320.000,1,0,33,
125654499000,252.000,2,242.000,30,241.000,20,239.000,29,238.000,9,237.000,20,250.000,30,251.000,9,252.000,20,254.000,29,256.000,20,0,33,
125656091000,252.000,2,242.000,30,241.000,20,239.000,29,238.000,9,86.000,1,250.000,30,251.000,9,254.000,29,256.000,20,320.000,1,0,33,
125656091000,252.000,2,242.000,30,241.000,20,239.000,29,238.000,29,86.000,1,250.000,30,251.000,9,253.000,20,254.000,29,256.000,20,0,33,
125656863000,252.000,2,242.000,30,241.000,20,240.000,20,239.000,29,238.000,29,250.000,30,251.000,9,253.000,20,254.000,29,255.000,20,0,33,
125700221000,252.000,2,242.000,9,241.000,20,240.000,20,239.000,29,238.000,29,250.000,9,251.000,9,253.000,20,254.000,29,255.000,20,0,33,
125700221000,252.000,2,242.000,30,241.000,20,240.000,20,239.000,29,238.000,29,250.000,9,251.000,30,253.000,20,254.000,29,255.000,20,0,33,
125700221000,252.000,2,242.000,30,241.000,29,240.000,20,239.000,29,238.000,29,250.000,9,251.000,30,253.000,20,254.000,29,255.000,20,0,33,
125700221000,252.000,2,242.000,30,241.000,29,240.000,20,239.000,29,238.000,29,250.000,9,251.000,30,253.000,29,254.000,29,255.000,20,0,33,
125700221000,252.000,2,242.000,21,241.000,29,240.000,20,239.000,29,238.000,29,250.000,9,251.000,30,253.000,29,254.000,29,255.000,20,0,33,
125700221000,252.000,2,242.000,21,241.000,29,240.000,20,239.000,29,238.000,29,251.000,30,253.000,29,254.000,29,255.000,20,256.000,20,0,33,
125700221000,252.000,2,242.000,30,241.000,29,240.000,20,239.000,29,238.000,29,251.000,30,253.000,29,254.000,29,255.000,20,256.000,20,0,33,
125700507000,252.000,2,242.000,30,241.000,29,240.000,20,239.000,20,238.000,29,251.000,30,253.000,29,254.000,29,255.000,20,256.000,20,0,33,
125701109000,252.000,2,242.000,30,241.000,29,240.000,20,239.000,20,238.000,9,251.000,30,253.000,9,254.000,29,255.000,20,256.000,20,0,33,
125701109000,252.000,2,242.000,30,241.000,29,240.000,20,239.000,20,238.000,9,251.000,30,252.000,20,253.000,9,254.000,29,255.000,20,0,33,
125701123000,252.000,2,242.000,30,241.000,29,239.000,20,238.000,9,237.000,20,251.000,30,252.000,20,253.000,9,254.000,29,256.000,20,0,33,
125702106000,252.000,2,242.000,30,241.000,29,239.000,40,238.000,9,237.000,20,251.000,30,252.000,20,253.000,9,254.000,49,256.000,20,0,33,
125702216000,252.000,2,242.000,30,241.000,29,239.000,40,238.000,9,86.000,1,251.000,30,253.000,9,254.000,49,256.000,20,320.000,1,0,33,
125702216000,252.000,2,242.000,30,241.000,29,239.000,40,238.000,29,86.000,1,251.000,30,253.000,29,254.000,49,256.000,20,320.000,1,0,33,
125704243000,252.000,2,242.000,30,241.000,9,239.000,40,238.000,29,86.000,1,251.000,30,253.000,29,254.000,49,320.000,1,400.000,1,0,33,
125704243000,252.000,2,242.000,50,241.000,9,239.000,40,238.000,29,86.000,1,251.000,30,253.000,29,254.000,49,257.000,20,320.000,1,0,33,
125707661000,252.000,2,242.000,50,241.000,9,239.000,40,238.000,20,86.000,1,251.000,30,253.000,29,254.000,49,257.000,20,320.000,1,0,33,
125707661000,252.000,2,242.000,50,241.000,9,240.000,9,239.000,40,238.000,20,251.000,30,253.000,29,254.000,49,257.000,20,320.000,1,0,33,
125707673000,252.000,2,242.000,50,241.000,9,240.000,9,239.000,40,86.000,1,251.000,30,253.000,9,254.000,49,257.000,20,320.000,1,0,33,
125707673000,252.000,2,242.000,50,241.000,9,240.000,9,239.000,60,86.000,1,251.000,30,253.000,9,254.000,69,257.000,20,320.000,1,0,33,
125708232000,252.000,2,242.000,29,241.000,9,240.000,9,239.000,60,86.000,1,251.000,9,253.000,9,254.000,69,257.000,20,320.000,1,0,33,
125708232000,252.000,2,242.000,50,241.000,9,240.000,9,239.000,60,86.000,1,251.000,9,252.000,21,253.000,9,254.000,69,257.000,20,0,33,
125708232000,252.000,2,242.000,50,241.000,9,240.000,9,239.000,60,86.000,1,251.000,9,252.000,21,253.000,9,254.000,78,257.000,20,0,33,
125708233000,252.000,2,242.000,50,241.000,9,240.000,9,239.000,60,86.000,1,252.000,21,253.000,9,254.000,78,257.000,20,320.000,1,0,33,
125708233000,252.000,2,242.000,50,241.000,9,240.000,9,239.000,60,86.000,1,252.000,30,253.000,9,254.000,78,257.000,20,320.000,1,0,33,
125708293000,252.000,2,242.000,50,241.000,9,240.000,9,239.000,40,86.000,1,252.000,30,253.000,9,254.000,58,257.000,20,320.000,1,0,33,
125708293000,252.000,2,242.000,50,241.000,9,240.000,9,239.000,40,238.000,20,252.000,30,253.000,29,254.000,58,257.000,20,320.000,1,0,33,
125708507000,252.000,2,242.000,50,241.000,9,240.000,9,239.000,40,238.000,20,252.000,30,253.000,29,254.000,49,257.000,20,320.000,1,0,33,
125708667000,252.000,2,242.000,50,241.000,9,240.000,9,239.000,40,86.000,1,252.000,30,253.000,9,254.000,49,257.000,20,320.000,1,0,33,
125708793000,252.000,2,242.000,50,241.000,9,240.000,9,239.000,60,86.000,1,252.000,30,253.000,9,254.000,69,257.000,20,320.000,1,0,33,
125709419000,252.000,2,242.000,50,241.000,9,240.000,9,239.000,40,86.000,1,252.000,30,253.000,9,254.000,49,257.000,20,320.000,1,0,33,
125709419000,252.000,2,242.000,50,241.000,9,240.000,9,239.000,40,238.000,20,252.000,30,253.000,29,254.000,49,257.000,20,320.000,1,0,33,
125710150000,252.000,2,242.000,50,241.000,9,240.000,9,239.000,40,86.000,1,252.000,30,253.000,9,254.000,49,257.000,20,320.000,1,0,33,
125710150000,252.000,2,242.000,50,241.000,9,240.000,9,239.000,60,86.000,1,252.000,30,253.000,9,254.000,69,257.000,20,320.000,1,0,33,
125710399000,252.000,2,242.000,50,241.000,9,240.000,9,239.000,40,86.000,1,252.000,30,253.000,9,254.000,49,257.000,20,320.000,1,0,33,
125710649000,252.000,2,242.000,50,241.000,9,240.000,9,239.000,60,86.000,1,252.000,30,253.000,9,254.000,69,257.000,20,320.000,1,0,33,
125710767000,252.000,2,242.000,50,241.000,9,240.000,9,239.000,40,86.000,1,252.000,30,253.000,9,254.000,49,257.000,20,320.000,1,0,33,
125711268000,252.000,2,242.000,50,241.000,9,240.000,9,239.000,60,86.000,1,252.000,30,253.000,9,254.000,69,257.000,20,320.000,1,0,33,
125713322000,252.000,2,242.000,50,241.000,9,240.000,9,239.000,40,86.000,1,252.000,30,253.000,9,254.000,49,257.000,20,320.000,1,0,33,
125713322000,252.000,2,242.000,50,241.000,9,240.000,9,239.000,40,238.000,20,252.000,30,253.000,29,254.000,49,257.000,20,320.000,1,0,33,
125716008000,252.000,2,242.000,50,241.000,9,240.000,9,239.000,40,86.000,1,252.000,30,253.000,9,254.000,49,257.000,20,320.000,1,0,33,
125716008000,252.000,2,242.000,50,241.000,9,240.000,9,239.000,60,86.000,1,252.000,30,253.000,9,254.000,69,257.000,20,320.000,1,0,33,
125716128000,252.000,2,242.000,50,241.000,9,240.000,9,239.000,40,86.000,1,252.000,30,253.000,9,254.000,49,257.000,20,320.000,1,0,33,
125716626000,252.000,2,242.000,50,241.000,9,240.000,9,239.000,40,238.000,20,252.000,30,253.000,29,254.000,49,257.000,20,320.000,1,0,33,
125718747000,252.000,2,242.000,30,241.000,9,240.000,9,239.000,40,238.000,20,252.000,30,253.000,29,254.000,49,320.000,1,400.000,1,0,33,
125718747000,252.000,2,242.000,30,241.000,29,240.000,9,239.000,40,238.000,20,252.000,30,253.000,29,254.000,49,256.000,20,320.000,1,0,33,
125720909000,252.000,2,242.000,30,241.000,29,240.000,9,239.000,40,86.000,1,252.000,30,253.000,9,254.000,49,256.000,20,320.000,1,0,33,
125720993000,252.000,2,242.000,30,241.000,9,240.000,9,239.000,40,86.000,1,252.000,30,253.000,9,254.000,49,320.000,1,400.000,1,0,33,
125720993000,252.000,2,242.000,50,241.000,9,240.000,9,239.000,40,86.000,1,252.000,30,253.000,9,254.000,49,257.000,20,320.000,1,0,33,
125721502000,252.000,2,242.000,50,241.000,9,240.000,9,239.000,40,238.000,20,252.000,30,253.000,29,254.000,49,257.000,20,320.000,1,0,33,
125722200000,252.000,2,242.000,50,241.000,9,240.000,9,239.000,20,238.000,20,252.000,30,253.000,29,254.000,29,257.000,20,320.000,1,0,33,
125722859000,252.000,2,242.000,50,241.000,9,240.000,9,239.000,40,238.000,20,252.000,30,253.000,29,254.000,49,257.000,20,320.000,1,0,33,
125727493000,252.000,2,242.000,30,241.000,9,240.000,9,239.000,40,238.000,20,252.000,30,253.000,29,254.000,49,320.000,1,400.000,1,0,33,
125727493000,252.000,2,242.000,30,241.000,29,240.000,9,239.000,40,238.000,20,252.000,30,253.000,29,254.000,49,256.000,20,320.000,1,0,33,
125727654000,252.000,2,242.000,30,241.000,29,240.000,9,239.000,20,238.000,20,252.000,30,253.000,29,254.000,29,256.000,20,320.000,1,0,33,
125727758000,252.000,2,242.000,30,241.000,29,240.000,9,239.000,20,86.000,1,252.000,30,253.000,9,254.000,29,256.000,20,320.000,1,0,33,
125727758000,252.000,2,242.000,30,241.000,29,240.000,9,239.000,20,237.000,20,252.000,50,253.000,9,254.000,29,256.000,20,320.000,1,0,33,
125727906000,252.000,2,242.000,30,241.000,29,240.000,9,239.000,20,238.000,20,252.000,50,253.000,29,254.000,29,256.000,20,320.000,1,0,33,
125728575000,252.000,2,242.000,30,241.000,29,240.000,9,239.000,20,237.000,20,252.000,50,253.000,9,254.000,29,256.000,20,320.000,1,0,33,
125728629000,252.000,2,242.000,30,241.000,29,240.000,9,239.000,20,86.000,1,252.000,30,253.000,9,254.000,29,256.000,20,320.000,1,0,33,
125728629000,252.000,2,242.000,30,241.000,29,240.000,9,239.000,20,238.000,20,252.000,30,253.000,29,254.000,29,256.000,20,320.000,1,0,33,
125728995000,252.000,2,242.000,30,241.000,29,240.000,9,239.000,20,86.000,1,252.000,30,253.000,9,254.000,29,256.000,20,320.000,1,0,33,
125729209000,252.000,2,242.000,30,241.000,29,240.000,9,239.000,40,86.000,1,252.000,30,253.000,9,254.000,49,256.000,20,320.000,1,0,33,
125729245000,252.000,2,242.000,30,241.000,29,240.000,9,239.000,40,237.000,20,252.000,50,253.000,9,254.000,49,256.000,20,320.000,1,0,33,
125729410000,252.000,2,242.000,30,241.000,29,240.000,9,239.000,40,86.000,1,252.000,30,253.000,9,254.000,49,256.000,20,320.000,1,0,33,
125729551000,252.000,2,242.000,30,241.000,29,240.000,9,239.000,20,86.000,1,252.000,30,253.000,9,254.000,29,256.000,20,320.000,1,0,33,
125729795000,252.000,2,242.000,30,241.000,29,240.000,9,239.000,20,238.000,20,252.000,30,253.000,29,254.000,29,256.000,20,320.000,1,0,33,
125729967000,252.000,2,242.000,30,241.000,49,240.000,9,239.000,20,238.000,20,252.000,30,253.000,29,254.000,29,256.000,40,320.000,1,0,33,
125733617000,252.000,2,242.000,30,241.000,29,240.000,9,239.000,20,238.000,20,252.000,30,253.000,29,254.000,29,256.000,20,320.000,1,0,33,
125733617000,252.000,2,242.000,50,241.000,29,240.000,9,239.000,20,238.000,20,252.000,30,253.000,29,254.000,29,256.000,20,257.000,20,0,33,
125735234000,252.000,2,242.000,50,241.000,29,240.000,9,239.000,20,86.000,1,252.000,30,253.000,9,254.000,29,256.000,20,257.000,20,0,33,
125735234000,252.000,2,242.000,50,241.000,29,240.000,9,239.000,40,86.000,1,252.000,30,253.000,9,254.000,49,256.000,20,257.000,20,0,33,
125735234000,252.000,2,242.000,50,241.000,29,240.000,9,239.000,40,86.000,1,252.000,30,253.000,9,254.000,40,256.000,20,257.000,20,0,33,
125735244000,252.000,2,242.000,30,241.000,29,240.000,9,239.000,40,86.000,1,252.000,30,253.000,9,254.000,40,256.000,20,320.000,1,0,33,
125735244000,252.000,2,243.000,20,242.000,30,241.000,29,240.000,9,239.000,40,252.000,30,253.000,9,254.000,40,256.000,20,258.000,20,0,33,
125735244000,252.000,2,243.000,29,242.000,30,241.000,29,240.000,9,239.000,40,252.000,30,253.000,9,254.000,40,256.000,20,258.000,20,0,33,
125735247000,252.000,2,243.000,29,242.000,30,241.000,29,240.000,9,239.000,20,252.000,30,253.000,9,254.000,20,256.000,20,258.000,20,0,33,
125735356000,252.000,2,243.000,29,242.000,30,241.000,29,240.000,9,239.000,20,252.000,30,253.000,9,254.000,20,256.000,29,258.000,20,0,33,
125735411000,252.000,2,243.000,29,242.000,30,241.000,49,240.000,9,239.000,20,252.000,30,253.000,9,254.000,20,256.000,49,258.000,20,0,33,
125735507000,252.000,2,243.000,29,242.000,30,241.000,40,240.000,9,239.000,20,252.000,30,253.000,9,254.000,20,256.000,49,258.000,20,0,33,
125735673000,252.000,2,243.000,29,242.000,9,241.000,40,240.000,9,239.000,20,252.000,9,253.000,9,254.000,20,256.000,49,258.000,20,0,33,
125735673000,252.000,2,244.000,21,243.000,29,242.000,9,241.000,40,240.000,9,252.000,9,253.000,30,254.000,20,256.000,49,258.000,20,0,33,
125735673000,252.000,2,244.000,21,243.000,29,242.000,9,241.000,40,240.000,9,252.000,9,253.000,30,254.000,29,256.000,49,258.000,20,0,33,
125735673000,252.000,2,244.000,30,243.000,29,242.000,9,241.000,40,240.000,9,252.000,9,253.000,30,254.000,29,256.000,49,258.000,20,0,33,
125735673000,252.000,2,244.000,30,243.000,29,242.000,9,241.000,40,240.000,9,253.000,30,254.000,29,256.000,49,258.000,20,320.000,1,0,33,
125736007000,252.000,2,244.000,30,243.000,29,241.000,40,240.000,9,239.000,20,253.000,30,254.000,29,256.000,49,258.000,20,320.000,1,0,33,
125736298000,252.000,2,244.000,30,243.000,29,241.000,40,240.000,9,86.000,1,253.000,30,254.000,9,256.000,49,258.000,20,320.000,1,0,33,
125736298000,252.000,2,244.000,30,243.000,29,241.000,40,240.000,29,86.000,1,253.000,30,254.000,9,255.000,20,256.000,49,258.000,20,0,33,
125736668000,252.000,2,244.000,30,243.000,29,241.000,40,240.000,9,86.000,1,253.000,30,254.000,9,256.000,49,258.000,20,320.000,1,0,33,
125736917000,252.000,2,244.000,30,243.000,29,241.000,40,240.000,9,239.000,20,253.000,30,254.000,29,256.000,49,258.000,20,320.000,1,0,33,
125737542000,252.000,2,244.000,30,243.000,29,241.000,40,240.000,9,86.000,1,253.000,30,254.000,9,256.000,49,258.000,20,320.000,1,0,33,
125737542000,252.000,2,244.000,30,243.000,29,241.000,40,240.000,29,86.000,1,253.000,30,254.000,9,255.000,20,256.000,49,258.000,20,0,33,
125738400000,252.000,2,244.000,30,243.000,29,241.000,40,240.000,9,86.000,1,253.000,30,254.000,9,256.000,49,258.000,20,320.000,1,0,33,
125738400000,252.000,2,244.000,30,243.000,29,241.000,40,240.000,9,239.000,20,253.000,30,254.000,29,256.000,49,258.000,20,320.000,1,0,33,
125738893000,252.000,2,244.000,30,243.000,29,241.000,40,240.000,9,86.000,1,253.000,30,254.000,9,256.000,49,258.000,20,320.000,1,0,33,
125738903000,252.000,2,244.000,30,243.000,29,241.000,40,240.000,29,86.000,1,253.000,30,254.000,9,255.000,20,256.000,49,258.000,20,0,33,
125740130000,252.000,2,244.000,30,243.000,29,241.000,40,240.000,9,86.000,1,253.000,30,254.000,9,256.000,49,258.000,20,320.000,1,0,33,
125740130000,252.000,2,244.000,30,243.000,29,241.000,40,240.000,9,239.000,20,253.000,30,254.000,29,256.000,49,258.000,20,320.000,1,0,33,
125742871000,252.000,2,244.000,30,243.000,29,241.000,40,240.000,9,86.000,1,253.000,30,254.000,9,256.000,49,258.000,20,320.000,1,0,33,
125742871000,252.000,2,244.000,30,243.000,29,241.000,40,240.000,29,86.000,1,253.000,30,254.000,9,255.000,20,256.000,49,258.000,20,0,33,
125743246000,252.000,2,244.000,30,243.000,29,241.000,40,240.000,9,86.000,1,253.000,30,254.000,9,256.000,49,258.000,20,320.000,1,0,33,
125743370000,252.000,2,244.000,30,243.000,29,241.000,40,240.000,9,239.000,20,253.000,30,254.000,29,256.000,49,258.000,20,320.000,1,0,33,
125744738000,252.000,2,244.000,30,243.000,29,241.000,40,240.000,9,86.000,1,253.000,30,254.000,9,256.000,49,258.000,20,320.000,1,0,33,
125744738000,252.000,2,244.000,30,243.000,29,241.000,40,240.000,29,86.000,1,253.000,30,254.000,9,255.000,20,256.000,49,258.000,20,0,33,
125744863000,252.000,2,244.000,30,243.000,29,241.000,40,240.000,9,86.000,1,253.000,30,254.000,9,256.000,49,258.000,20,320.000,1,0,33,
125745348000,252.000,2,244.000,30,243.000,29,241.000,40,240.000,9,239.000,20,253.000,30,254.000,29,256.000,49,258.000,20,320.000,1,0,33,
125747618000,252.000,2,244.000,30,243.000,9,241.000,40,240.000,9,239.000,20,253.000,30,254.000,29,256.000,49,320.000,1,400.000,1,0,33,
125747618000,252.000,2,244.000,30,243.000,9,242.000,20,241.000,40,240.000,9,253.000,30,254.000,29,256.000,49,257.000,20,320.000,1,0,33,
125751247000,252.000,2,244.000,9,243.000,9,242.000,20,241.000,40,240.000,9,253.000,9,254.000,29,256.000,49,257.000,20,320.000,1,0,33,
125751247000,252.000,2,244.000,30,243.000,9,242.000,20,241.000,40,240.000,9,252.000,21,253.000,9,254.000,29,256.000,49,257.000,20,0,33,
125751247000,252.000,2,244.000,30,243.000,9,242.000,29,241.000,40,240.000,9,252.000,21,253.000,9,254.000,29,256.000,49,257.000,20,0,33,
125751247000,252.000,2,244.000,30,243.000,9,242.000,29,241.000,40,240.000,9,252.000,30,253.000,9,254.000,29,256.000,49,257.000,20,0,33,
125751247000,252.000,2,244.000,21,243.000,9,242.000,29,241.000,40,240.000,9,252.000,30,253.000,9,254.000,29,256.000,49,257.000,20,0,33,
125751247000,252.000,2,244.000,21,243.000,9,242.000,29,241.000,40,240.000,9,252.000,30,254.000,29,256.000,49,257.000,20,320.000,1,0,33,
125751247000,252.000,2,244.000,30,243.000,9,242.000,29,241.000,40,240.000,9,252.000,30,254.000,29,256.000,49,257.000,20,320.000,1,0,33,
125751507000,252.000,2,244.000,30,243.000,9,242.000,20,241.000,40,240.000,9,252.000,30,254.000,29,256.000,49,257.000,20,320.000,1,0,33,
125755500000,252.000,2,244.000,30,243.000,9,242.000,20,241.000,20,240.000,9,252.000,30,254.000,29,256.000,29,257.000,20,320.000,1,0,33,
125756480000,252.000,2,244.000,30,243.000,9,242.000,20,241.000,20,240.000,29,252.000,30,254.000,29,255.000,20,256.000,29,257.000,20,0,33,
125759174000,252.000,2,244.000,30,243.000,9,242.000,20,241.000,20,240.000,29,252.000,30,254.000,9,255.000,20,256.000,29,257.000,20,0,33,
125759174000,252.000,2,244.000,30,243.000,9,242.000,20,241.000,20,240.000,29,252.000,30,253.000,20,254.000,9,255.000,20,256.000,29,0,33,
125759244000,252.000,2,244.000,30,243.000,9,241.000,20,240.000,29,238.000,20,252.000,30,253.000,20,254.000,9,255.000,20,256.000,29,0,33,
125759244000,252.000,2,244.000,30,243.000,9,241.000,40,240.000,29,238.000,20,252.000,30,253.000,20,254.000,9,255.000,20,256.000,49,0,33,
125759317000,252.000,2,244.000,30,243.000,9,241.000,40,240.000,9,238.000,20,252.000,30,253.000,20,254.000,9,256.000,49,320.000,1,0,33,
125759634000,252.000,2,244.000,30,243.000,9,241.000,40,240.000,9,239.000,20,252.000,30,253.000,20,254.000,29,256.000,49,320.000,1,0,33,
125800642000,252.000,2,244.000,30,243.000,9,241.000,40,240.000,9,239.000,20,252.000,30,254.000,29,256.000,49,320.000,1,400.000,1,0,33,
125800642000,252.000,2,244.000,30,243.000,9,241.000,40,240.000,9,239.000,20,252.000,50,254.000,29,256.000,49,320.000,1,400.000,1,0,33,
125801391000,252.000,2,244.000,30,243.000,9,241.000,40,240.000,9,239.000,20,252.000,30,254.000,29,256.000,49,320.000,1,400.000,1,0,33,
125801391000,252.000,2,244.000,30,243.000,9,241.000,40,240.000,9,239.000,20,252.000,30,253.000,20,254.000,29,256.000,49,320.000,1,0,33,
125802994000,252.000,2,244.000,30,243.000,9,241.000,20,240.000,9,239.000,20,252.000,30,253.000,20,254.000,29,256.000,29,320.000,1,0,33,
125802994000,252.000,2,244.000,30,243.000,9,241.000,20,240.000,29,239.000,20,252.000,30,253.000,20,254.000,29,255.000,20,256.000,29,0,33,
125802994000,252.000,2,244.000,30,243.000,9,241.000,20,240.000,29,239.000,20,252.000,30,254.000,29,255.000,20,256.000,29,320.000,1,0,33,
125802994000,252.000,2,244.000,30,243.000,9,241.000,20,240.000,29,239.000,20,252.000,50,254.000,29,255.000,20,256.000,29,320.000,1,0,33,
125805240000,252.000,2,244.000,30,243.000,9,241.000,20,240.000,29,239.000,20,252.000,30,254.000,29,255.000,20,256.000,29,320.000,1,0,33,
125805240000,252.000,2,244.000,30,243.000,9,241.000,20,240.000,29,239.000,20,252.000,30,253.000,20,254.000,29,255.000,20,256.000,29,0,33,
125806240000,252.000,2,244.000,30,243.000,9,241.000,20,240.000,29,239.000,20,252.000,30,254.000,29,255.000,20,256.000,29,320.000,1,0,33,
125806240000,252.000,2,244.000,30,243.000,9,241.000,20,240.000,29,239.000,20,252.000,50,254.000,29,255.000,20,256.000,29,320.000,1,0,33,
125808240000,252.000,2,244.000,30,243.000,9,241.000,20,240.000,29,239.000,20,252.000,30,254.000,29,255.000,20,256.000,29,320.000,1,0,33,
125808240000,252.000,2,244.000,30,243.000,9,241.000,20,240.000,29,239.000,20,252.000,30,253.000,20,254.000,29,255.000,20,256.000,29,0,33,
125808481000,252.000,2,244.000,30,243.000,9,241.000,20,240.000,29,239.000,20,252.000,30,254.000,29,255.000,20,256.000,29,320.000,1,0,33,
125808855000,252.000,2,244.000,30,243.000,9,241.000,20,240.000,29,239.000,20,252.000,50,254.000,29,255.000,20,256.000,29,320.000,1,0,33,
125808981000,252.000,2,244.000,30,243.000,9,241.000,20,240.000,29,239.000,20,252.000,30,254.000,29,255.000,20,256.000,29,320.000,1,0,33,
125809355000,252.000,2,244.000,30,243.000,9,241.000,20,240.000,29,239.000,20,252.000,30,253.000,20,254.000,29,255.000,20,256.000,29,0,33,
125811355000,252.000,2,244.000,30,243.000,9,241.000,20,240.000,29,239.000,20,252.000,30,254.000,29,255.000,20,256.000,29,320.000,1,0,33,
125811355000,252.000,2,244.000,30,243.000,9,241.000,20,240.000,29,239.000,20,252.000,50,254.000,29,255.000,20,256.000,29,320.000,1,0,33,
125812353000,252.000,2,244.000,30,243.000,9,241.000,20,240.000,29,239.000,20,252.000,30,254.000,29,255.000,20,256.000,29,320.000,1,0,33,
125812353000,252.000,2,244.000,30,243.000,9,241.000,20,240.000,29,239.000,20,252.000,30,253.000,20,254.000,29,255.000,20,256.000,29,0,33,
125819700000,252.000,2,244.000,30,243.000,9,241.000,20,240.000,29,238.000,20,252.000,30,253.000,20,254.000,9,255.000,20,256.000,29,0,33,
125820322000,252.000,2,244.000,30,243.000,9,241.000,20,240.000,29,239.000,20,252.000,30,253.000,20,254.000,29,255.000,20,256.000,29,0,33,
125820349000,252.000,2,244.000,30,243.000,9,241.000,20,240.000,29,239.000,20,252.000,30,254.000,29,255.000,20,256.000,29,320.000,1,0,33,
125820349000,252.000,2,244.000,30,243.000,9,241.000,20,240.000,29,239.000,20,252.000,50,254.000,29,255.000,20,256.000,29,320.000,1,0,33,
125820502000,252.000,2,244.000,30,243.000,9,241.000,20,240.000,29,239.000,20,252.000,50,254.000,29,255.000,20,256.000,20,320.000,1,0,33,
125820504000,252.000,2,244.000,30,243.000,9,241.000,20,240.000,29,239.000,20,252.000,50,254.000,38,255.000,20,256.000,20,320.000,1,0,33,
125820504000,252.000,2,244.000,9,243.000,9,241.000,20,240.000,29,239.000,20,252.000,29,254.000,38,255.000,20,256.000,20,320.000,1,0,33,
125820504000,252.000,2,244.000,9,243.000,30,241.000,20,240.000,29,239.000,20,252.000,50,254.000,38,255.000,20,256.000,20,320.000,1,0,33,
125820504000,252.000,2,243.000,30,241.000,20,240.000,29,239.000,20,237.000,20,252.000,50,254.000,38,255.000,20,256.000,20,320.000,1,0,33,
125820505000,252.000,2,243.000,30,241.000,29,240.000,29,239.000,20,237.000,20,252.000,50,254.000,38,255.000,20,256.000,20,320.000,1,0,33,
125820507000,252.000,2,243.000,30,241.000,9,240.000,29,239.000,20,237.000,20,252.000,50,254.000,38,255.000,20,320.000,1,400.000,1,0,33,
125820507000,252.000,2,243.000,30,241.000,9,240.000,29,239.000,40,237.000,20,252.000,50,254.000,58,255.000,20,320.000,1,400.000,1,0,33,
125825329000,252.000,2,243.000,30,241.000,9,240.000,29,239.000,40,86.000,1,252.000,30,254.000,58,255.000,20,320.000,1,400.000,1,0,33,
125825329000,252.000,2,243.000,30,241.000,9,240.000,29,239.000,40,238.000,20,252.000,30,253.000,20,254.000,58,255.000,20,320.000,1,0,33,
125825955000,252.000,2,243.000,30,241.000,9,240.000,29,239.000,40,86.000,1,252.000,30,254.000,58,255.000,20,320.000,1,400.000,1,0,33,
125825955000,252.000,2,243.000,30,241.000,9,240.000,29,239.000,40,237.000,20,252.000,50,254.000,58,255.000,20,320.000,1,400.000,1,0,33,
125826118000,252.000,2,243.000,30,241.000,9,240.000,9,239.000,40,237.000,20,252.000,50,254.000,58,320.000,1,400.000,1,414.000,1,0,33,
125826118000,252.000,2,243.000,30,241.000,29,240.000,9,239.000,40,237.000,20,252.000,50,254.000,58,256.000,20,320.000,1,400.000,1,0,33,
125826200000,252.000,2,243.000,30,241.000,29,240.000,9,239.000,40,86.000,1,252.000,30,254.000,58,256.000,20,320.000,1,400.000,1,0,33,
125826276000,252.000,2,243.000,30,241.000,29,240.000,9,239.000,20,86.000,1,252.000,30,254.000,38,256.000,20,320.000,1,400.000,1,0,33,
125826493000,252.000,2,243.000,30,241.000,9,240.000,9,239.000,20,86.000,1,252.000,30,254.000,38,320.000,1,400.000,1,414.000,1,0,33,
125826493000,252.000,2,243.000,30,242.000,20,241.000,9,240.000,9,239.000,20,252.000,30,254.000,38,257.000,20,320.000,1,400.000,1,0,33,
125826506000,252.000,2,243.000,30,242.000,20,241.000,29,240.000,9,239.000,20,252.000,30,254.000,38,256.000,20,257.000,20,320.000,1,0,33,
125826509000,252.000,2,243.000,30,242.000,20,241.000,29,240.000,9,239.000,40,252.000,30,254.000,58,256.000,20,257.000,20,320.000,1,0,33,
125827177000,252.000,2,243.000,9,242.000,20,241.000,29,240.000,9,239.000,40,252.000,9,254.000,58,256.000,20,257.000,20,320.000,1,0,33,
125827177000,252.000,2,244.000,21,243.000,9,242.000,20,241.000,29,240.000,9,252.000,30,254.000,58,256.000,20,257.000,20,320.000,1,0,33,
125827178000,252.000,2,244.000,30,243.000,9,242.000,20,241.000,29,240.000,9,252.000,30,254.000,58,256.000,20,257.000,20,320.000,1,0,33,
125827507000,252.000,2,244.000,30,243.000,9,242.000,20,241.000,20,240.000,9,252.000,30,254.000,58,256.000,20,257.000,20,320.000,1,0,33,
125828999000,252.000,2,244.000,30,243.000,9,242.000,20,241.000,20,240.000,9,252.000,30,254.000,38,256.000,20,257.000,20,320.000,1,0,33,
125828999000,252.000,2,244.000,30,243.000,9,242.000,20,241.000,20,240.000,9,252.000,30,253.000,20,254.000,38,256.000,20,257.000,20,0,33,
125829241000,252.000,2,244.000,30,243.000,9,242.000,20,241.000,20,240.000,9,252.000,30,253.000,20,254.000,18,256.000,20,257.000,20,0,33,
125829664000,252.000,2,244.000,30,243.000,9,242.000,20,241.000,20,240.000,29,252.000,30,253.000,20,254.000,18,255.000,20,256.000,20,0,33,
125831132000,252.000,2,244.000,30,243.000,9,242.000,20,241.000,20,240.000,29,252.000,30,254.000,18,255.000,20,256.000,20,257.000,20,0,33,
125831132000,252.000,2,244.000,30,243.000,9,242.000,20,241.000,20,240.000,29,252.000,30,254.000,38,255.000,20,256.000,20,257.000,20,0,33,
125832007000,252.000,2,244.000,30,243.000,9,242.000,20,241.000,20,240.000,29,252.000,30,254.000,18,255.000,20,256.000,20,257.000,20,0,33,
125832007000,252.000,2,244.000,30,243.000,9,242.000,20,241.000,20,240.000,29,252.000,30,253.000,20,254.000,18,255.000,20,256.000,20,0,33,
125832086000,252.000,2,244.000,30,243.000,9,242.000,20,241.000,20,240.000,29,252.000,30,253.000,20,254.000,9,255.000,20,256.000,20,0,33,
125832086000,252.000,2,244.000,30,243.000,9,242.000,20,241.000,20,240.000,29,252.000,30,253.000,20,254.000,9,255.000,20,256.000,29,0,33,
125835493000,252.000,2,244.000,30,243.000,9,241.000,20,240.000,29,238.000,20,252.000,30,253.000,20,254.000,9,255.000,20,256.000,29,0,33,
125835493000,252.000,2,244.000,30,243.000,9,241.000,40,240.000,29,238.000,20,252.000,30,253.000,20,254.000,9,255.000,20,256.000,49,0,33,
125839492000,252.000,2,244.000,30,243.000,9,241.000,20,240.000,29,238.000,20,252.000,30,253.000,20,254.000,9,255.000,20,256.000,29,0,33,
125839492000,252.000,2,244.000,30,243.000,9,242.000,20,241.000,20,240.000,29,252.000,30,253.000,20,254.000,9,255.000,20,256.000,29,0,33,
125841492000,252.000,2,244.000,30,243.000,9,241.000,20,240.000,29,238.000,20,252.000,30,253.000,20,254.000,9,255.000,20,256.000,29,0,33,
125841492000,252.000,2,244.000,30,243.000,9,241.000,40,240.000,29,238.000,20,252.000,30,253.000,20,254.000,9,255.000,20,256.000,49,0,33,
125849700000,252.000,2,244.000,30,243.000,9,241.000,40,240.000,9,238.000,20,252.000,30,253.000,20,254.000,9,256.000,49,320.000,1,0,33,
125850512000,252.000,2,244.000,30,243.000,9,241.000,40,240.000,29,238.000,20,252.000,30,253.000,20,254.000,9,255.000,20,256.000,49,0,33,
125857343000,252.000,2,244.000,30,243.000,9,241.000,40,240.000,29,86.000,1,252.000,30,254.000,9,255.000,20,256.000,49,320.000,1,0,33,
125857343000,252.000,2,244.000,30,243.000,9,241.000,40,240.000,29,239.000,20,252.000,30,254.000,29,255.000,20,256.000,49,320.000,1,0,33,
125857368000,252.000,2,244.000,30,243.000,9,241.000,20,240.000,29,239.000,20,252.000,30,254.000,29,255.000,20,256.000,29,320.000,1,0,33,
125857368000,252.000,2,244.000,30,243.000,9,242.000,20,241.000,20,240.000,29,252.000,30,254.000,29,255.000,20,256.000,29,257.000,20,0,33,
125858009000,252.000,2,244.000,30,243.000,9,242.000,20,241.000,20,240.000,29,252.000,30,254.000,9,255.000,20,256.000,29,257.000,20,0,33,
125858009000,252.000,2,244.000,30,243.000,9,242.000,20,241.000,20,240.000,49,252.000,30,254.000,9,255.000,40,256.000,29,257.000,20,0,33,
125858118000,252.000,2,244.000,30,243.000,9,241.000,20,240.000,49,86.000,1,252.000,30,254.000,9,255.000,40,256.000,29,320.000,1,0,33,
125858118000,252.000,2,244.000,30,243.000,29,241.000,20,240.000,49,86.000,1,252.000,30,254.000,9,255.000,40,256.000,29,258.000,20,0,33,
125858122000,252.000,2,244.000,30,243.000,29,241.000,20,240.000,29,86.000,1,252.000,30,254.000,9,255.000,20,256.000,29,258.000,20,0,33,
125858434000,252.000,2,244.000,9,243.000,29,241.000,20,240.000,29,86.000,1,252.000,9,254.000,9,255.000,20,256.000,29,258.000,20,0,33,
125858434000,252.000,2,244.000,30,243.000,29,241.000,20,240.000,29,86.000,1,252.000,9,253.000,21,254.000,9,255.000,20,256.000,29,0,33,
125858434000,252.000,2,244.000,30,243.000,29,241.000,20,240.000,29,86.000,1,252.000,9,253.000,21,254.000,9,255.000,29,256.000,29,0,33,
125858434000,252.000,2,244.000,30,243.000,29,241.000,20,240.000,29,86.000,1,252.000,9,253.000,30,254.000,9,255.000,29,256.000,29,0,33,
125858434000,252.000,2,244.000,21,243.000,29,241.000,20,240.000,29,86.000,1,252.000,9,253.000,30,254.000,9,255.000,29,256.000,29,0,33,
125858434000,252.000,2,244.000,21,243.000,29,241.000,20,240.000,29,86.000,1,253.000,30,254.000,9,255.000,29,256.000,29,258.000,20,0,33,
125858435000,252.000,2,244.000,21,243.000,29,241.000,20,240.000,29,86.000,1,252.000,9,253.000,30,254.000,9,255.000,29,256.000,29,0,33,
125858435000,252.000,2,244.000,30,243.000,29,241.000,20,240.000,29,86.000,1,252.000,9,253.000,30,254.000,9,255.000,29,256.000,29,0,33,
125858435000,252.000,2,244.000,30,243.000,29,241.000,20,240.000,29,86.000,1,253.000,30,254.000,9,255.000,29,256.000,29,258.000,20,0,33,
125858506000,252.000,2,244.000,30,243.000,29,241.000,20,240.000,29,86.000,1,253.000,30,254.000,9,255.000,20,256.000,29,258.000,20,0,33,
125858621000,252.000,2,244.000,30,243.000,29,241.000,20,240.000,29,239.000,20,253.000,30,254.000,29,255.000,20,256.000,29,258.000,20,0,33,
125858868000,252.000,2,244.000,30,243.000,29,241.000,20,240.000,20,239.000,20,253.000,30,254.000,29,255.000,20,256.000,29,258.000,20,0,33,
125858875000,252.000,2,244.000,30,243.000,29,241.000,20,240.000,20,86.000,1,253.000,30,254.000,9,255.000,20,256.000,29,258.000,20,0,33,
125858876000,252.000,2,244.000,30,243.000,38,241.000,20,240.000,20,86.000,1,253.000,30,254.000,9,255.000,20,256.000,29,258.000,20,0,33,
125858968000,252.000,2,244.000,30,243.000,38,240.000,20,86.000,1,84.000,3,253.000,30,254.000,9,255.000,20,256.000,9,258.000,20,0,33,
125858969000,252.000,2,244.000,30,243.000,38,86.000,1,84.000,3,39.000,20,253.000,30,254.000,9,256.000,9,258.000,20,320.000,1,0,33,
125858993000,252.000,2,244.000,30,243.000,18,86.000,1,84.000,3,39.000,20,253.000,30,254.000,9,256.000,9,320.000,1,400.000,1,0,33,
125858993000,252.000,2,244.000,50,243.000,18,86.000,1,84.000,3,39.000,20,253.000,30,254.000,9,256.000,9,259.000,20,320.000,1,0,33,
125859007000,252.000,2,244.000,50,243.000,38,86.000,1,84.000,3,39.000,20,253.000,30,254.000,9,256.000,9,258.000,20,259.000,20,0,33,
125859233000,252.000,2,244.000,29,243.000,38,86.000,1,84.000,3,39.000,20,253.000,9,254.000,9,256.000,9,258.000,20,259.000,20,0,33,
125859233000,252.000,2,244.000,50,243.000,38,86.000,1,84.000,3,39.000,20,253.000,9,254.000,30,256.000,9,258.000,20,259.000,20,0,33,
125859233000,252.000,2,244.000,50,243.000,38,86.000,1,84.000,3,39.000,20,253.000,9,254.000,30,256.000,18,258.000,20,259.000,20,0,33,
125859233000,252.000,2,244.000,50,243.000,38,86.000,1,84.000,3,39.000,20,254.000,30,256.000,18,258.000,20,259.000,20,320.000,1,0,33,
125859240000,252.000,2,244.000,50,243.000,38,240.000,20,86.000,1,84.000,3,254.000,30,255.000,20,256.000,18,258.000,20,259.000,20,0,33,
125900812000,252.000,2,244.000,50,243.000,38,242.000,20,240.000,20,86.000,1,254.000,30,255.000,20,256.000,18,257.000,20,258.000,20,0,33,
125901867000,252.000,2,244.000,30,243.000,38,242.000,20,240.000,20,86.000,1,254.000,30,255.000,20,256.000,18,257.000,20,258.000,20,0,33,
125901867000,252.000,2,244.000,30,243.000,58,242.000,20,240.000,20,86.000,1,254.000,30,255.000,20,256.000,18,257.000,20,258.000,40,0,33,
125901942000,252.000,2,244.000,30,243.000,58,242.000,20,86.000,1,84.000,3,254.000,30,256.000,18,257.000,20,258.000,40,320.000,1,0,33,
125901942000,252.000,2,244.000,30,243.000,58,242.000,20,239.000,20,86.000,1,254.000,50,256.000,18,257.000,20,258.000,40,320.000,1,0,33,
125902277000,252.000,2,244.000,9,243.000,58,242.000,20,239.000,20,86.000,1,254.000,29,256.000,18,257.000,20,258.000,40,320.000,1,0,33,
125902277000,252.000,2,244.000,30,243.000,58,242.000,20,239.000,20,86.000,1,253.000,21,254.000,29,256.000,18,257.000,20,258.000,40,0,33,
125902277000,252.000,2,244.000,30,243.000,58,242.000,20,239.000,20,86.000,1,253.000,30,254.000,29,256.000,18,257.000,20,258.000,40,0,33,
125902507000,252.000,2,244.000,30,243.000,58,242.000,20,239.000,20,86.000,1,253.000,30,254.000,29,256.000,9,257.000,20,258.000,40,0,33,
125902710000,252.000,2,244.000,9,243.000,58,242.000,20,239.000,20,86.000,1,253.000,9,254.000,29,256.000,9,257.000,20,258.000,40,0,33,
125902710000,252.000,2,244.000,30,243.000,58,242.000,20,239.000,20,86.000,1,253.000,9,254.000,50,256.000,9,257.000,20,258.000,40,0,33,
125902710000,252.000,2,244.000,21,243.000,58,242.000,20,239.000,20,86.000,1,253.000,9,254.000,50,256.000,9,257.000,20,258.000,40,0,33,
125902710000,252.000,2,244.000,21,243.000,58,242.000,20,239.000,20,86.000,1,254.000,50,256.000,9,257.000,20,258.000,40,320.000,1,0,33,
125903007000,252.000,2,244.000,30,243.000,58,242.000,20,239.000,20,86.000,1,254.000,50,256.000,9,257.000,20,258.000,40,320.000,1,0,33,
125903257000,252.000,2,244.000,30,243.000,58,242.000,20,86.000,1,84.000,3,254.000,30,256.000,9,257.000,20,258.000,40,320.000,1,0,33,
125903257000,252.000,2,244.000,30,243.000,58,242.000,20,240.000,20,86.000,1,254.000,30,255.000,20,256.000,9,257.000,20,258.000,40,0,33,
125904118000,252.000,2,244.000,30,243.000,38,242.000,20,240.000,20,86.000,1,254.000,30,255.000,20,256.000,9,257.000,20,258.000,20,0,33,
125904118000,252.000,2,244.000,50,243.000,38,242.000,20,240.000,20,86.000,1,254.000,30,255.000,20,256.000,9,257.000,20,258.000,20,0,33,
125906859000,252.000,2,244.000,50,243.000,38,242.000,20,86.000,1,84.000,3,254.000,30,256.000,9,257.000,20,258.000,20,259.000,20,0,33,
125906859000,252.000,2,244.000,50,243.000,38,242.000,20,239.000,20,86.000,1,254.000,50,256.000,9,257.000,20,258.000,20,259.000,20,0,33,
125907118000,252.000,2,244.000,30,243.000,38,242.000,20,239.000,20,86.000,1,254.000,50,256.000,9,257.000,20,258.000,20,320.000,1,0,33,
125907118000,252.000,2,244.000,30,243.000,58,242.000,20,239.000,20,86.000,1,254.000,50,256.000,9,257.000,20,258.000,40,320.000,1,0,33,
125907270000,252.000,2,244.000,9,243.000,58,242.000,20,239.000,20,86.000,1,254.000,29,256.000,9,257.000,20,258.000,40,320.000,1,0,33,
125907270000,252.000,2,244.000,30,243.000,58,242.000,20,239.000,20,86.000,1,253.000,21,254.000,29,256.000,9,257.000,20,258.000,40,0,33,
125907271000,252.000,2,244.000,21,243.000,58,242.000,20,239.000,20,86.000,1,253.000,21,254.000,29,256.000,9,257.000,20,258.000,40,0,33,
125907271000,252.000,2,244.000,21,243.000,58,242.000,20,239.000,20,86.000,1,253.000,30,254.000,29,256.000,9,257.000,20,258.000,40,0,33,
125907271000,252.000,2,244.000,30,243.000,58,242.000,20,239.000,20,86.000,1,253.000,30,254.000,29,256.000,9,257.000,20,258.000,40,0,33,
125908437000,252.000,2,244.000,30,243.000,58,239.000,20,86.000,1,84.000,3,253.000,30,254.000,29,256.000,9,258.000,40,320.000,1,0,33,
125909226000,252.000,2,244.000,30,243.000,58,241.000,20,239.000,20,86.000,1,253.000,30,254.000,29,256.000,29,258.000,40,320.000,1,0,33,
125910230000,252.000,2,244.000,30,243.000,58,241.000,20,86.000,1,84.000,3,253.000,30,254.000,9,256.000,29,258.000,40,320.000,1,0,33,
125910230000,252.000,2,244.000,30,243.000,58,241.000,20,240.000,20,86.000,1,253.000,30,254.000,9,255.000,20,256.000,29,258.000,40,0,33,
125910854000,252.000,2,244.000,30,243.000,58,241.000,20,86.000,1,84.000,3,253.000,30,254.000,9,256.000,29,258.000,40,320.000,1,0,33,
125910854000,252.000,2,244.000,30,243.000,58,241.000,20,239.000,20,86.000,1,253.000,30,254.000,29,256.000,29,258.000,40,320.000,1,0,33,
125912243000,252.000,2,244.000,30,243.000,38,241.000,20,239.000,20,86.000,1,253.000,30,254.000,29,256.000,29,258.000,20,320.000,1,0,33,
125912243000,252.000,2,244.000,30,243.000,38,242.000,20,241.000,20,239.000,20,253.000,30,254.000,29,256.000,29,257.000,20,258.000,20,0,33,
125912514000,252.000,2,244.000,30,243.000,18,242.000,20,241.000,20,239.000,20,253.000,30,254.000,29,256.000,29,257.000,20,320.000,1,0,33,
125912530000,252.000,2,244.000,30,243.000,18,242.000,20,239.000,20,86.000,1,253.000,30,254.000,29,256.000,9,257.000,20,320.000,1,0,33,
125912629000,252.000,2,244.000,30,243.000,18,242.000,20,86.000,1,84.000,3,253.000,30,254.000,9,256.000,9,257.000,20,320.000,1,0,33,
125912629000,252.000,2,244.000,30,243.000,18,242.000,20,238.000,20,86.000,1,253.000,50,254.000,9,256.000,9,257.000,20,320.000,1,0,33,
125912629000,252.000,2,244.000,30,243.000,9,242.000,20,238.000,20,86.000,1,253.000,50,254.000,9,256.000,9,257.000,20,320.000,1,0,33,
125912754000,252.000,2,244.000,30,243.000,9,242.000,20,241.000,9,238.000,20,253.000,50,254.000,9,256.000,9,257.000,20,320.000,1,0,33,
125912854000,252.000,2,244.000,30,243.000,9,242.000,20,241.000,9,240.000,20,253.000,50,254.000,9,255.000,20,256.000,9,257.000,20,0,33,
125913007000,252.000,2,244.000,30,243.000,9,242.000,20,241.000,29,240.000,20,253.000,50,254.000,9,255.000,20,256.000,29,257.000,20,0,33,
125916253000,252.000,2,244.000,30,243.000,9,242.000,20,241.000,29,240.000,20,253.000,30,254.000,9,255.000,20,256.000,29,257.000,20,0,33,
125916253000,252.000,2,244.000,30,243.000,9,242.000,20,241.000,29,240.000,20,253.000,30,254.000,29,255.000,20,256.000,29,257.000,20,0,33,
125920954000,252.000,2,244.000,30,243.000,9,242.000,20,241.000,29,240.000,20,253.000,30,254.000,9,255.000,20,256.000,29,257.000,20,0,33,
125920954000,252.000,2,244.000,30,243.000,9,242.000,20,241.000,29,240.000,20,253.000,50,254.000,9,255.000,20,256.000,29,257.000,20,0,33,
125920998000,252.000,2,244.000,30,243.000,9,241.000,29,240.000,20,238.000,20,253.000,50,254.000,9,255.000,20,256.000,29,320.000,1,0,33,
125920998000,252.000,2,244.000,30,243.000,9,241.000,49,240.000,20,238.000,20,253.000,50,254.000,9,255.000,20,256.000,49,320.000,1,0,33,
125921128000,252.000,2,244.000,30,243.000,9,241.000,49,238.000,20,86.000,1,253.000,50,254.000,9,256.000,49,320.000,1,400.000,1,0,33,
125921242000,252.000,2,244.000,30,243.000,9,241.000,49,86.000,1,84.000,3,253.000,30,254.000,9,256.000,49,320.000,1,400.000,1,0,33,
125921434000,252.000,2,244.000,30,243.000,9,241.000,49,239.000,20,86.000,1,253.000,30,254.000,29,256.000,49,320.000,1,400.000,1,0,33,
125921493000,252.000,2,244.000,30,243.000,9,241.000,49,239.000,20,237.000,20,252.000,20,253.000,30,254.000,29,256.000,49,320.000,1,0,33,
125921493000,252.000,2,244.000,30,243.000,9,241.000,49,239.000,20,237.000,20,252.000,29,253.000,30,254.000,29,256.000,49,320.000,1,0,33,
125921506000,252.000,2,244.000,30,243.000,9,241.000,49,239.000,20,237.000,20,252.000,29,253.000,30,254.000,20,256.000,49,320.000,1,0,33,
125921618000,252.000,2,244.000,30,243.000,9,241.000,49,239.000,20,86.000,1,252.000,9,253.000,30,254.000,20,256.000,49,320.000,1,0,33,
125921619000,252.000,2,244.000,30,243.000,9,241.000,49,239.000,20,86.000,1,253.000,30,254.000,20,256.000,49,320.000,1,400.000,1,0,33,
125921992000,252.000,2,244.000,30,243.000,9,241.000,49,239.000,20,238.000,20,253.000,50,254.000,20,256.000,49,320.000,1,400.000,1,0,33,
125922012000,252.000,2,244.000,9,243.000,9,241.000,49,239.000,20,238.000,20,253.000,29,254.000,20,256.000,49,320.000,1,400.000,1,0,33,
125922012000,252.000,2,244.000,9,243.000,30,241.000,49,239.000,20,238.000,20,253.000,50,254.000,20,256.000,49,320.000,1,400.000,1,0,33,
125922012000,252.000,2,243.000,30,241.000,49,239.000,20,238.000,20,86.000,1,253.000,50,254.000,20,256.000,49,320.000,1,400.000,1,0,33,
125922012000,252.000,2,243.000,30,241.000,58,239.000,20,238.000,20,86.000,1,253.000,50,254.000,20,256.000,49,320.000,1,400.000,1,0,33,
125923012000,252.000,2,243.000,9,241.000,58,239.000,20,238.000,20,86.000,1,253.000,29,254.000,20,256.000,49,320.000,1,400.000,1,0,33,
125923012000,252.000,2,244.000,21,243.000,9,241.000,58,239.000,20,238.000,20,253.000,50,254.000,20,256.000,49,320.000,1,400.000,1,0,33,
125923013000,252.000,2,244.000,21,241.000,58,239.000,20,238.000,20,86.000,1,253.000,50,254.000,20,256.000,49,320.000,1,400.000,1,0,33,
125923013000,252.000,2,244.000,30,241.000,58,239.000,20,238.000,20,86.000,1,253.000,50,254.000,20,256.000,49,320.000,1,400.000,1,0,33,
125926619000,252.000,2,244.000,30,241.000,38,239.000,20,238.000,20,86.000,1,253.000,50,254.000,20,256.000,29,320.000,1,400.000,1,0,33,
125926619000,252.000,2,244.000,30,242.000,20,241.000,38,239.000,20,238.000,20,253.000,50,254.000,20,256.000,29,257.000,20,320.000,1,0,33,
125926719000,252.000,2,244.000,30,242.000,20,241.000,38,239.000,20,86.000,1,253.000,30,254.000,20,256.000,29,257.000,20,320.000,1,0,33,
125926719000,252.000,2,244.000,30,242.000,20,241.000,38,239.000,40,86.000,1,253.000,30,254.000,40,256.000,29,257.000,20,320.000,1,0,33,
125926726000,252.000,2,244.000,30,242.000,20,241.000,38,239.000,20,86.000,1,253.000,30,254.000,20,256.000,29,257.000,20,320.000,1,0,33,
125926751000,252.000,2,244.000,30,242.000,20,241.000,58,239.000,20,86.000,1,253.000,30,254.000,20,256.000,49,257.000,20,320.000,1,0,33,
125927718000,252.000,2,244.000,30,242.000,20,241.000,58,86.000,1,84.000,3,253.000,30,256.000,49,257.000,20,320.000,1,400.000,1,0,33,
125927718000,252.000,2,244.000,30,242.000,20,241.000,58,238.000,20,86.000,1,253.000,50,256.000,49,257.000,20,320.000,1,400.000,1,0,33,
125928091000,252.000,2,244.000,30,242.000,20,241.000,58,86.000,1,84.000,3,253.000,30,256.000,49,257.000,20,320.000,1,400.000,1,0,33,
125928217000,252.000,2,244.000,30,242.000,20,241.000,58,239.000,20,86.000,1,253.000,30,254.000,20,256.000,49,257.000,20,320.000,1,0,33,
125933417000,252.000,2,244.000,30,242.000,20,241.000,58,86.000,1,84.000,3,253.000,30,256.000,49,257.000,20,320.000,1,400.000,1,0,33,
125933494000,252.000,2,244.000,30,241.000,58,86.000,1,84.000,3,39.000,20,253.000,30,256.000,49,320.000,1,400.000,1,414.000,1,0,33,
125933494000,252.000,2,244.000,30,243.000,20,241.000,58,86.000,1,84.000,3,253.000,30,256.000,49,258.000,20,320.000,1,400.000,1,0,33,
125933531000,252.000,2,244.000,30,243.000,20,241.000,58,240.000,20,86.000,1,253.000,30,255.000,20,256.000,49,258.000,20,320.000,1,0,33,
125933747000,252.000,2,244.000,30,243.000,20,241.000,38,240.000,20,86.000,1,253.000,30,255.000,20,256.000,29,258.000,20,320.000,1,0,33,
125933868000,252.000,2,244.000,30,241.000,38,240.000,20,86.000,1,84.000,3,253.000,30,255.000,20,256.000,29,320.000,1,400.000,1,0,33,
125933868000,252.000,2,244.000,50,241.000,38,240.000,20,86.000,1,84.000,3,253.000,30,255.000,20,256.000,29,259.000,20,320.000,1,0,33,
125933943000,252.000,2,244.000,50,242.000,20,241.000,38,240.000,20,86.000,1,253.000,30,255.000,20,256.000,29,257.000,20,259.000,20,0,33,
125934303000,252.000,2,244.000,29,242.000,20,241.000,38,240.000,20,86.000,1,253.000,9,255.000,20,256.000,29,257.000,20,259.000,20,0,33,
125934303000,252.000,2,244.000,50,242.000,20,241.000,38,240.000,20,86.000,1,253.000,9,254.000,21,255.000,20,256.000,29,257.000,20,0,33,
125934303000,252.000,2,244.000,50,242.000,20,241.000,38,240.000,20,86.000,1,253.000,9,254.000,21,255.000,29,256.000,29,257.000,20,0,33,
125934303000,252.000,2,244.000,50,242.000,20,241.000,38,240.000,20,86.000,1,253.000,9,254.000,30,255.000,29,256.000,29,257.000,20,0,33,
125934303000,252.000,2,244.000,50,242.000,20,241.000,38,240.000,20,86.000,1,254.000,30,255.000,29,256.000,29,257.000,20,259.000,20,0,33,
125936775000,252.000,2,244.000,50,242.000,20,241.000,38,86.000,1,84.000,3,254.000,30,255.000,9,256.000,29,257.000,20,259.000,20,0,33,
125936775000,252.000,2,244.000,50,242.000,20,241.000,38,239.000,20,86.000,1,254.000,50,255.000,9,256.000,29,257.000,20,259.000,20,0,33,
125936901000,252.000,2,244.000,50,242.000,20,241.000,38,86.000,1,84.000,3,254.000,30,255.000,9,256.000,29,257.000,20,259.000,20,0,33,
125937275000,252.000,2,244.000,50,242.000,20,241.000,38,240.000,20,86.000,1,254.000,30,255.000,29,256.000,29,257.000,20,259.000,20,0,33,
125939629000,252.000,2,244.000,50,242.000,20,241.000,38,86.000,1,84.000,3,254.000,30,255.000,9,256.000,29,257.000,20,259.000,20,0,33,
125939629000,252.000,2,244.000,50,242.000,20,241.000,58,86.000,1,84.000,3,254.000,30,255.000,9,256.000,49,257.000,20,259.000,20,0,33,
125939630000,252.000,2,244.000,50,242.000,20,241.000,58,86.000,1,84.000,3,254.000,30,255.000,9,256.000,40,257.000,20,259.000,20,0,33,
125939630000,252.000,2,244.000,50,242.000,20,241.000,49,86.000,1,84.000,3,254.000,30,255.000,9,256.000,40,257.000,20,259.000,20,0,33,
125939631000,252.000,2,244.000,50,242.000,20,241.000,49,86.000,1,84.000,3,254.000,30,255.000,9,256.000,40,257.000,20,258.000,9,0,33,
125939631000,252.000,2,244.000,50,243.000,9,242.000,20,241.000,49,86.000,1,254.000,30,255.000,9,256.000,40,257.000,20,258.000,9,0,33,
125939726000,252.000,2,244.000,29,243.000,9,242.000,20,241.000,49,86.000,1,254.000,9,255.000,9,256.000,40,257.000,20,258.000,9,0,33,
125939726000,252.000,2,244.000,50,243.000,9,242.000,20,241.000,49,86.000,1,254.000,9,255.000,30,256.000,40,257.000,20,258.000,9,0,33,
125939726000,252.000,2,244.000,50,243.000,9,242.000,20,241.000,49,86.000,1,255.000,30,256.000,40,257.000,20,258.000,9,259.000,20,0,33,
125939734000,252.000,2,244.000,50,243.000,9,242.000,20,241.000,29,86.000,1,255.000,30,256.000,20,257.000,20,258.000,9,259.000,20,0,33,
125939868000,252.000,2,244.000,30,243.000,9,242.000,20,241.000,29,86.000,1,255.000,30,256.000,20,257.000,20,258.000,9,320.000,1,0,33,
125939868000,252.000,2,245.000,20,244.000,30,243.000,9,242.000,20,241.000,29,255.000,30,256.000,20,257.000,20,258.000,9,260.000,20,0,33,
125939868000,252.000,2,245.000,29,244.000,30,243.000,9,242.000,20,241.000,29,255.000,30,256.000,20,257.000,20,258.000,9,260.000,20,0,33,
125940007000,252.000,2,245.000,29,244.000,30,243.000,9,242.000,20,241.000,20,255.000,30,256.000,20,257.000,20,258.000,9,260.000,20,0,33,
125940007000,252.000,2,245.000,29,244.000,30,243.000,29,242.000,20,241.000,20,255.000,30,256.000,20,257.000,20,258.000,29,260.000,20,0,33,
125940728000,252.000,2,245.000,29,244.000,9,243.000,29,242.000,20,241.000,20,255.000,9,256.000,20,257.000,20,258.000,29,260.000,20,0,33,
125940728000,252.000,2,246.000,21,245.000,29,244.000,9,243.000,29,242.000,20,254.000,21,255.000,9,256.000,20,257.000,20,258.000,29,0,33,
125940728000,252.000,2,246.000,21,245.000,29,244.000,9,243.000,29,242.000,20,254.000,21,255.000,9,256.000,29,257.000,20,258.000,29,0,33,
125940728000,252.000,2,246.000,21,245.000,29,244.000,9,243.000,29,242.000,20,254.000,21,256.000,29,257.000,20,258.000,29,260.000,20,0,33,
125940729000,252.000,2,246.000,21,245.000,29,244.000,9,243.000,29,242.000,20,254.000,30,256.000,29,257.000,20,258.000,29,260.000,20,0,33,
125940729000,252.000,2,246.000,30,245.000,29,244.000,9,243.000,29,242.000,20,254.000,30,256.000,29,257.000,20,258.000,29,260.000,20,0,33,
125941009000,252.000,2,246.000,30,245.000,29,243.000,29,242.000,20,241.000,20,254.000,30,256.000,29,257.000,20,258.000,29,260.000,20,0,33,
125941094000,252.000,2,246.000,30,245.000,29,243.000,29,242.000,20,86.000,1,254.000,30,256.000,9,257.000,20,258.000,29,260.000,20,0,33,
125941094000,252.000,2,246.000,30,245.000,29,243.000,29,242.000,20,240.000,20,254.000,30,255.000,20,256.000,9,257.000,20,258.000,29,0,33,
125941119000,252.000,2,246.000,30,245.000,9,243.000,29,242.000,20,240.000,20,254.000,30,255.000,20,256.000,9,257.000,20,258.000,29,0,33,
125941119000,252.000,2,246.000,30,245.000,9,244.000,20,243.000,29,242.000,20,254.000,30,255.000,20,256.000,9,257.000,20,258.000,29,0,33,
125942380000,252.000,2,246.000,30,245.000,9,244.000,20,243.000,29,242.000,20,254.000,30,256.000,9,257.000,20,258.000,29,259.000,20,0,33,
125942380000,252.000,2,246.000,30,245.000,9,244.000,20,243.000,29,242.000,20,254.000,30,256.000,29,257.000,20,258.000,29,259.000,20,0,33,
125948118000,252.000,2,246.000,30,245.000,9,243.000,29,242.000,20,241.000,20,254.000,30,256.000,29,257.000,20,258.000,29,320.000,1,0,33,
125948118000,252.000,2,246.000,30,245.000,29,243.000,29,242.000,20,241.000,20,254.000,30,256.000,29,257.000,20,258.000,29,260.000,20,0,33,
125948554000,252.000,2,246.000,9,245.000,29,243.000,29,242.000,20,241.000,20,254.000,9,256.000,29,257.000,20,258.000,29,260.000,20,0,33,
125948554000,252.000,2,246.000,30,245.000,29,243.000,29,242.000,20,241.000,20,254.000,9,255.000,21,256.000,29,257.000,20,258.000,29,0,33,
125948555000,252.000,2,246.000,30,245.000,29,243.000,29,242.000,20,241.000,20,254.000,9,255.000,30,256.000,29,257.000,20,258.000,29,0,33,
125948555000,252.000,2,246.000,30,245.000,29,243.000,29,242.000,20,241.000,20,255.000,30,256.000,29,257.000,20,258.000,29,260.000,20,0,33,
125954000000,252.000,2,246.000,30,245.000,29,243.000,29,241.000,20,86.000,1,255.000,30,256.000,29,258.000,29,260.000,20,320.000,1,0,33,
125954856000,252.000,2,246.000,30,245.000,29,243.000,29,242.000,20,241.000,20,255.000,30,256.000,29,257.000,20,258.000,29,260.000,20,0,33,
130000099000,252.000,2,246.000,30,245.000,29,243.000,29,242.000,20,86.000,1,255.000,30,256.000,9,257.000,20,258.000,29,260.000,20,0,33,
130000118000,252.000,2,246.000,30,245.000,9,243.000,29,242.000,20,86.000,1,255.000,30,256.000,9,257.000,20,258.000,29,320.000,1,0,33,
130000118000,252.000,2,246.000,30,245.000,9,244.000,20,243.000,29,242.000,20,255.000,30,256.000,9,257.000,20,258.000,29,259.000,20,0,33,
130000157000,252.000,2,246.000,30,245.000,9,244.000,20,243.000,29,242.000,20,255.000,50,256.000,9,257.000,20,258.000,29,259.000,20,0,33,
130000176000,252.000,2,246.000,30,245.000,9,244.000,20,243.000,29,240.000,20,255.000,50,256.000,9,258.000,29,259.000,20,320.000,1,0,33,
130000791000,252.000,2,246.000,30,245.000,9,244.000,20,243.000,29,242.000,20,255.000,50,256.000,9,257.000,20,258.000,29,259.000,20,0,33,
130000904000,252.000,2,246.000,30,245.000,9,244.000,20,243.000,29,242.000,20,255.000,30,256.000,9,257.000,20,258.000,29,259.000,20,0,33,
130000904000,252.000,2,246.000,30,245.000,9,244.000,20,243.000,29,242.000,20,254.000,20,255.000,30,256.000,9,257.000,20,258.000,29,0,33,
130000904000,252.000,2,246.000,30,245.000,9,244.000,20,243.000,29,242.000,20,254.000,29,255.000,30,256.000,9,257.000,20,258.000,29,0,33,
130000993000,252.000,2,246.000,30,245.000,9,243.000,29,242.000,20,239.000,20,254.000,29,255.000,30,256.000,9,257.000,20,258.000,29,0,33,
130000993000,252.000,2,246.000,30,245.000,9,243.000,49,242.000,20,239.000,20,254.000,29,255.000,30,256.000,9,257.000,20,258.000,49,0,33,
130001006000,252.000,2,246.000,30,245.000,9,243.000,49,242.000,20,239.000,20,254.000,29,255.000,30,257.000,20,258.000,49,320.000,1,0,33,
130001265000,252.000,2,246.000,9,245.000,9,243.000,49,242.000,20,239.000,20,254.000,29,255.000,9,257.000,20,258.000,49,320.000,1,0,33,
130001265000,252.000,2,246.000,9,245.000,30,243.000,49,242.000,20,239.000,20,253.000,21,254.000,29,255.000,9,257.000,20,258.000,49,0,33,
130001266000,252.000,2,246.000,9,245.000,30,243.000,58,242.000,20,239.000,20,253.000,21,254.000,29,255.000,9,257.000,20,258.000,49,0,33,
130001266000,252.000,2,245.000,30,243.000,58,242.000,20,239.000,20,86.000,1,253.000,21,254.000,29,255.000,9,257.000,20,258.000,49,0,33,
130001266000,252.000,2,245.000,30,243.000,58,242.000,20,239.000,20,86.000,1,253.000,30,254.000,29,255.000,9,257.000,20,258.000,49,0,33,
130001441000,252.000,2,245.000,30,243.000,58,239.000,20,86.000,1,84.000,3,253.000,30,254.000,29,255.000,9,258.000,49,320.000,1,0,33,
130001479000,252.000,2,245.000,30,243.000,58,86.000,1,84.000,3,39.000,20,253.000,30,254.000,9,255.000,9,258.000,49,320.000,1,0,33,
130001479000,252.000,2,245.000,30,243.000,58,238.000,20,86.000,1,84.000,3,253.000,50,254.000,9,255.000,9,258.000,49,320.000,1,0,33,
130001497000,252.000,2,245.000,30,243.000,38,238.000,20,86.000,1,84.000,3,253.000,50,254.000,9,255.000,9,258.000,29,320.000,1,0,33,
130001497000,252.000,2,245.000,30,243.000,38,242.000,20,238.000,20,86.000,1,253.000,50,254.000,9,255.000,9,257.000,20,258.000,29,0,33,
130001507000,252.000,2,245.000,30,243.000,38,242.000,20,238.000,20,86.000,1,253.000,50,254.000,9,257.000,20,258.000,29,320.000,1,0,33,
130001599000,252.000,2,245.000,30,243.000,38,242.000,20,86.000,1,84.000,3,253.000,30,254.000,9,257.000,20,258.000,29,320.000,1,0,33,
130001743000,252.000,2,245.000,30,243.000,38,86.000,1,84.000,3,39.000,20,253.000,30,254.000,9,258.000,29,320.000,1,400.000,1,0,33,
130001743000,252.000,2,245.000,30,243.000,58,86.000,1,84.000,3,39.000,20,253.000,30,254.000,9,258.000,49,320.000,1,400.000,1,0,33,
130001869000,252.000,2,245.000,30,243.000,38,86.000,1,84.000,3,39.000,20,253.000,30,254.000,9,258.000,29,320.000,1,400.000,1,0,33,
130001869000,252.000,2,245.000,30,244.000,20,243.000,38,86.000,1,84.000,3,253.000,30,254.000,9,258.000,29,259.000,20,320.000,1,0,33,
130001990000,252.000,2,245.000,30,244.000,20,243.000,38,241.000,20,86.000,1,253.000,30,254.000,9,256.000,20,258.000,29,259.000,20,0,33,
130002119000,252.000,2,245.000,30,243.000,38,241.000,20,86.000,1,84.000,3,253.000,30,254.000,9,256.000,20,258.000,29,320.000,1,0,33,
130002119000,252.000,2,245.000,50,243.000,38,241.000,20,86.000,1,84.000,3,253.000,30,254.000,9,256.000,20,258.000,29,260.000,20,0,33,
130002344000,252.000,2,245.000,50,243.000,38,86.000,1,84.000,3,39.000,20,253.000,30,254.000,9,258.000,29,260.000,20,320.000,1,0,33,
130002412000,252.000,2,245.000,29,243.000,38,86.000,1,84.000,3,39.000,20,253.000,9,254.000,9,258.000,29,260.000,20,320.000,1,0,33,
130002412000,252.000,2,246.000,21,245.000,29,243.000,38,86.000,1,84.000,3,253.000,9,254.000,9,255.000,21,258.000,29,260.000,20,0,33,
130002412000,252.000,2,246.000,21,245.000,29,243.000,38,86.000,1,84.000,3,253.000,9,254.000,9,255.000,21,258.000,38,260.000,20,0,33,
130002412000,252.000,2,246.000,30,245.000,29,243.000,38,86.000,1,84.000,3,253.000,9,254.000,9,255.000,21,258.000,38,260.000,20,0,33,
130002412000,252.000,2,246.000,30,245.000,29,243.000,38,86.000,1,84.000,3,254.000,9,255.000,21,258.000,38,260.000,20,320.000,1,0,33,
130002412000,252.000,2,246.000,30,245.000,29,243.000,38,86.000,1,84.000,3,254.000,9,255.000,30,258.000,38,260.000,20,320.000,1,0,33,
130002507000,252.000,2,246.000,30,245.000,29,243.000,29,86.000,1,84.000,3,254.000,9,255.000,30,258.000,38,260.000,20,320.000,1,0,33,
130002507000,252.000,2,246.000,30,245.000,29,243.000,29,86.000,1,84.000,3,254.000,9,255.000,30,258.000,29,260.000,20,320.000,1,0,33,
130002595000,252.000,2,246.000,30,245.000,29,243.000,29,242.000,20,86.000,1,254.000,9,255.000,30,257.000,20,258.000,29,260.000,20,0,33,
130002755000,252.000,2,246.000,30,245.000,29,243.000,29,242.000,20,86.000,1,255.000,30,257.000,20,258.000,29,260.000,20,320.000,1,0,33,
130002844000,252.000,2,246.000,30,245.000,29,243.000,29,86.000,1,84.000,3,255.000,30,258.000,29,260.000,20,320.000,1,400.000,1,0,33,
130003120000,252.000,2,246.000,30,245.000,9,243.000,29,86.000,1,84.000,3,255.000,30,258.000,29,320.000,1,400.000,1,414.000,1,0,33,
130003120000,252.000,2,246.000,30,245.000,9,244.000,20,243.000,29,86.000,1,255.000,30,258.000,29,259.000,20,320.000,1,400.000,1,0,33,
130003154000,252.000,2,246.000,30,245.000,9,244.000,20,243.000,29,240.000,20,255.000,50,258.000,29,259.000,20,320.000,1,400.000,1,0,33,
130003744000,252.000,2,246.000,30,245.000,9,243.000,29,240.000,20,86.000,1,255.000,50,258.000,29,320.000,1,400.000,1,414.000,1,0,33,
130003744000,252.000,2,246.000,30,245.000,9,243.000,49,240.000,20,86.000,1,255.000,50,258.000,49,320.000,1,400.000,1,414.000,1,0,33,
130004743000,252.000,2,246.000,30,245.000,9,243.000,29,240.000,20,86.000,1,255.000,50,258.000,29,320.000,1,400.000,1,414.000,1,0,33,
130004743000,252.000,2,246.000,30,245.000,9,244.000,20,243.000,29,240.000,20,255.000,50,258.000,29,259.000,20,320.000,1,400.000,1,0,33,
130004848000,252.000,2,246.000,30,245.000,9,244.000,20,243.000,29,86.000,1,255.000,30,258.000,29,259.000,20,320.000,1,400.000,1,0,33,
130004848000,252.000,2,246.000,30,245.000,9,244.000,20,243.000,29,241.000,20,255.000,30,256.000,20,258.000,29,259.000,20,320.000,1,0,33,
130005085000,252.000,2,246.000,30,245.000,9,244.000,20,243.000,29,242.000,20,255.000,30,256.000,20,257.000,20,258.000,29,259.000,20,0,33,
130006009000,252.000,2,246.000,30,245.000,9,244.000,20,243.000,29,242.000,20,255.000,30,257.000,20,258.000,29,259.000,20,320.000,1,0,33,
130006009000,252.000,2,246.000,30,245.000,9,244.000,20,243.000,29,242.000,20,255.000,50,257.000,20,258.000,29,259.000,20,320.000,1,0,33,
130006292000,252.000,2,246.000,30,245.000,9,244.000,20,243.000,29,242.000,20,255.000,30,257.000,20,258.000,29,259.000,20,320.000,1,0,33,
130006539000,252.000,2,246.000,30,245.000,9,244.000,20,243.000,29,242.000,20,255.000,50,257.000,20,258.000,29,259.000,20,320.000,1,0,33,
130006663000,252.000,2,246.000,30,245.000,9,244.000,20,243.000,29,242.000,20,255.000,30,257.000,20,258.000,29,259.000,20,320.000,1,0,33,
130007163000,252.000,2,246.000,30,245.000,9,244.000,20,243.000,29,242.000,20,255.000,30,256.000,20,257.000,20,258.000,29,259.000,20,0,33,
130007664000,252.000,2,246.000,30,245.000,9,244.000,20,243.000,29,242.000,20,255.000,30,257.000,20,258.000,29,259.000,20,320.000,1,0,33,
130007664000,252.000,2,246.000,30,245.000,9,244.000,20,243.000,29,242.000,20,255.000,50,257.000,20,258.000,29,259.000,20,320.000,1,0,33,
130008289000,252.000,2,246.000,30,245.000,9,244.000,20,243.000,29,242.000,20,255.000,30,257.000,20,258.000,29,259.000,20,320.000,1,0,33,
130008289000,252.000,2,246.000,30,245.000,9,244.000,20,243.000,29,242.000,20,255.000,30,256.000,20,257.000,20,258.000,29,259.000,20,0,33,
130008702000,252.000,2,246.000,30,245.000,9,244.000,20,243.000,29,242.000,20,255.000,30,257.000,20,258.000,29,259.000,20,320.000,1,0,33,
130008858000,252.000,2,246.000,30,245.000,9,244.000,20,243.000,29,242.000,20,255.000,50,257.000,20,258.000,29,259.000,20,320.000,1,0,33,
130012160000,252.000,2,246.000,30,245.000,9,244.000,20,243.000,29,240.000,20,255.000,50,258.000,29,259.000,20,320.000,1,400.000,1,0,33,
130012547000,252.000,2,246.000,30,245.000,9,244.000,20,243.000,29,242.000,20,255.000,50,257.000,20,258.000,29,259.000,20,320.000,1,0,33,
130015058000,252.000,2,246.000,30,245.000,9,244.000,20,243.000,29,242.000,20,255.000,30,257.000,20,258.000,29,259.000,20,320.000,1,0,33,
130015058000,252.000,2,246.000,30,245.000,9,244.000,20,243.000,29,242.000,20,254.000,20,255.000,30,257.000,20,258.000,29,259.000,20,0,33,
130015059000,252.000,2,246.000,30,245.000,9,244.000,20,243.000,29,242.000,20,254.000,29,255.000,30,257.000,20,258.000,29,259.000,20,0,33,
130015100000,252.000,2,246.000,30,245.000,9,244.000,20,243.000,9,242.000,20,254.000,29,255.000,30,257.000,20,258.000,9,259.000,20,0,33,
130015100000,252.000,2,246.000,30,245.000,9,244.000,20,243.000,9,242.000,20,254.000,29,255.000,30,256.000,20,257.000,20,258.000,9,0,33,
130015119000,252.000,2,246.000,30,245.000,9,243.000,9,242.000,20,241.000,20,254.000,29,255.000,30,256.000,20,257.000,20,258.000,9,0,33,
130015119000,252.000,2,246.000,30,245.000,9,243.000,29,242.000,20,241.000,20,254.000,29,255.000,30,256.000,20,257.000,20,258.000,29,0,33,
130015284000,252.000,2,246.000,30,245.000,9,243.000,29,241.000,20,239.000,20,254.000,29,255.000,30,256.000,20,258.000,29,320.000,1,0,33,
130015472000,252.000,2,246.000,30,245.000,9,243.000,29,241.000,20,239.000,20,254.000,29,255.000,30,256.000,20,258.000,20,320.000,1,0,33,
130015472000,252.000,2,246.000,30,245.000,9,243.000,29,241.000,20,239.000,20,254.000,29,255.000,30,256.000,29,258.000,20,320.000,1,0,33,
130015678000,252.000,2,246.000,30,245.000,9,243.000,29,241.000,20,86.000,1,254.000,9,255.000,30,256.000,29,258.000,20,320.000,1,0,33,
130015678000,252.000,2,246.000,30,245.000,9,243.000,29,241.000,20,238.000,20,253.000,20,254.000,9,255.000,30,256.000,29,258.000,20,0,33,
130015678000,252.000,2,246.000,30,245.000,9,243.000,29,241.000,20,238.000,20,253.000,20,255.000,30,256.000,29,258.000,20,320.000,1,0,33,
130015678000,252.000,2,246.000,30,245.000,9,243.000,29,241.000,20,238.000,20,253.000,29,255.000,30,256.000,29,258.000,20,320.000,1,0,33,
130015795000,252.000,2,246.000,30,245.000,9,243.000,29,241.000,20,86.000,1,253.000,9,255.000,30,256.000,29,258.000,20,320.000,1,0,33,
130015796000,252.000,2,246.000,30,245.000,9,243.000,29,241.000,20,86.000,1,255.000,30,256.000,29,258.000,20,320.000,1,400.000,1,0,33,
130015835000,252.000,2,246.000,30,245.000,9,243.000,29,241.000,20,240.000,20,255.000,50,256.000,29,258.000,20,320.000,1,400.000,1,0,33,
130015841000,252.000,2,246.000,9,245.000,9,243.000,29,241.000,20,240.000,20,255.000,29,256.000,29,258.000,20,320.000,1,400.000,1,0,33,
130015841000,252.000,2,246.000,9,245.000,30,243.000,29,241.000,20,240.000,20,255.000,50,256.000,29,258.000,20,320.000,1,400.000,1,0,33,
130015841000,252.000,2,246.000,9,245.000,30,243.000,38,241.000,20,240.000,20,255.000,50,256.000,29,258.000,20,320.000,1,400.000,1,0,33,
130015841000,252.000,2,245.000,30,243.000,38,241.000,20,240.000,20,86.000,1,255.000,50,256.000,29,258.000,20,320.000,1,400.000,1,0,33,
130016296000,252.000,2,245.000,30,243.000,38,241.000,20,240.000,20,238.000,20,253.000,20,255.000,50,256.000,29,258.000,20,320.000,1,0,33,
130016296000,252.000,2,245.000,30,243.000,38,241.000,20,240.000,20,238.000,20,253.000,29,255.000,50,256.000,29,258.000,20,320.000,1,0,33,
130016317000,252.000,2,245.000,9,243.000,38,241.000,20,240.000,20,238.000,20,253.000,29,255.000,29,256.000,29,258.000,20,320.000,1,0,33,
130016317000,252.000,2,245.000,9,244.000,21,243.000,38,241.000,20,240.000,20,253.000,29,255.000,50,256.000,29,258.000,20,320.000,1,0,33,
130016317000,252.000,2,244.000,21,243.000,38,241.000,20,240.000,20,238.000,20,253.000,29,255.000,50,256.000,29,258.000,20,320.000,1,0,33,
130016317000,252.000,2,244.000,30,243.000,38,241.000,20,240.000,20,238.000,20,253.000,29,255.000,50,256.000,29,258.000,20,320.000,1,0,33,
130016367000,252.000,2,244.000,30,243.000,18,241.000,20,240.000,20,238.000,20,253.000,29,255.000,50,256.000,29,320.000,1,400.000,1,0,33,
130016367000,252.000,2,244.000,30,243.000,18,242.000,20,241.000,20,240.000,20,253.000,29,255.000,50,256.000,29,257.000,20,320.000,1,0,33,
130016699000,252.000,2,244.000,30,243.000,18,242.000,20,241.000,20,240.000,20,253.000,9,255.000,50,256.000,29,257.000,20,320.000,1,0,33,
130016699000,252.000,2,244.000,30,243.000,18,242.000,20,241.000,20,240.000,20,255.000,50,256.000,29,257.000,20,320.000,1,400.000,1,0,33,
130016743000,252.000,2,244.000,30,243.000,18,241.000,20,240.000,20,86.000,1,255.000,50,256.000,29,320.000,1,400.000,1,414.000,1,0,33,
130016743000,252.000,2,244.000,30,243.000,38,241.000,20,240.000,20,86.000,1,255.000,50,256.000,29,258.000,20,320.000,1,400.000,1,0,33,
130016881000,252.000,2,244.000,30,243.000,38,241.000,20,240.000,20,239.000,20,254.000,20,255.000,50,256.000,29,258.000,20,320.000,1,0,33,
130016881000,252.000,2,244.000,30,243.000,38,241.000,20,240.000,20,239.000,20,254.000,29,255.000,50,256.000,29,258.000,20,320.000,1,0,33,
130017317000,252.000,2,244.000,9,243.000,38,241.000,20,240.000,20,239.000,20,254.000,29,255.000,29,256.000,29,258.000,20,320.000,1,0,33,
130017317000,252.000,2,244.000,30,243.000,38,241.000,20,240.000,20,239.000,20,253.000,21,254.000,29,255.000,29,256.000,29,258.000,20,0,33,
130017318000,252.000,2,244.000,21,243.000,38,241.000,20,240.000,20,239.000,20,253.000,21,254.000,29,255.000,29,256.000,29,258.000,20,0,33,
130017318000,252.000,2,244.000,21,243.000,38,241.000,20,240.000,20,239.000,20,253.000,30,254.000,29,255.000,29,256.000,29,258.000,20,0,33,
130017318000,252.000,2,244.000,30,243.000,38,241.000,20,240.000,20,239.000,20,253.000,30,254.000,29,255.000,29,256.000,29,258.000,20,0,33,
130017507000,252.000,2,244.000,30,243.000,38,241.000,20,240.000,20,239.000,20,253.000,30,254.000,29,255.000,20,256.000,29,258.000,20,0,33,
130020645000,252.000,2,244.000,30,243.000,38,241.000,20,240.000,20,86.000,1,253.000,30,254.000,9,255.000,20,256.000,29,258.000,20,0,33,
130020645000,252.000,2,244.000,30,243.000,38,241.000,20,240.000,40,86.000,1,253.000,30,254.000,9,255.000,40,256.000,29,258.000,20,0,33,
130021657000,252.000,2,244.000,30,243.000,38,241.000,20,240.000,20,86.000,1,253.000,30,254.000,9,255.000,20,256.000,29,258.000,20,0,33,
130021657000,252.000,2,244.000,30,243.000,38,241.000,20,240.000,20,239.000,20,253.000,30,254.000,29,255.000,20,256.000,29,258.000,20,0,33,
130022407000,252.000,2,244.000,30,243.000,38,241.000,20,240.000,20,86.000,1,253.000,30,254.000,9,255.000,20,256.000,29,258.000,20,0,33,
130022407000,252.000,2,244.000,30,243.000,38,241.000,20,240.000,40,86.000,1,253.000,30,254.000,9,255.000,40,256.000,29,258.000,20,0,33,
130022900000,252.000,2,244.000,30,243.000,38,241.000,20,240.000,20,86.000,1,253.000,30,254.000,9,255.000,20,256.000,29,258.000,20,0,33,
130022910000,252.000,2,244.000,30,243.000,38,241.000,20,240.000,20,239.000,20,253.000,30,254.000,29,255.000,20,256.000,29,258.000,20,0,33,
130025631000,252.000,2,244.000,30,243.000,38,241.000,20,240.000,20,86.000,1,253.000,30,254.000,9,255.000,20,256.000,29,258.000,20,0,33,
130025632000,252.000,2,244.000,30,243.000,38,241.000,20,240.000,40,86.000,1,253.000,30,254.000,9,255.000,40,256.000,29,258.000,20,0,33,
130025883000,252.000,2,244.000,30,243.000,38,241.000,20,240.000,20,86.000,1,253.000,30,254.000,9,255.000,20,256.000,29,258.000,20,0,33,
130026132000,252.000,2,244.000,30,243.000,38,241.000,20,240.000,20,239.000,20,253.000,30,254.000,29,255.000,20,256.000,29,258.000,20,0,33,
130027618000,252.000,2,244.000,30,243.000,18,241.000,20,240.000,20,239.000,20,253.000,30,254.000,29,255.000,20,256.000,29,320.000,1,0,33,
130027618000,252.000,2,244.000,30,243.000,18,242.000,20,241.000,20,240.000,20,253.000,30,254.000,29,255.000,20,256.000,29,257.000,20,0,33,
130031118000,252.000,2,244.000,30,243.000,18,241.000,20,240.000,20,239.000,20,253.000,30,254.000,29,255.000,20,256.000,29,320.000,1,0,33,
130031118000,252.000,2,244.000,30,243.000,38,241.000,20,240.000,20,239.000,20,253.000,30,254.000,29,255.000,20,256.000,29,258.000,20,0,33,
130031124000,252.000,2,244.000,30,243.000,38,241.000,20,240.000,20,86.000,1,253.000,30,254.000,9,255.000,20,256.000,29,258.000,20,0,33,
130031124000,252.000,2,244.000,30,243.000,38,241.000,20,240.000,40,86.000,1,253.000,30,254.000,9,255.000,40,256.000,29,258.000,20,0,33,
130031435000,252.000,2,244.000,30,243.000,38,241.000,20,240.000,20,86.000,1,253.000,30,254.000,9,255.000,20,256.000,29,258.000,20,0,33,
130032237000,252.000,2,244.000,30,243.000,38,241.000,20,86.000,1,84.000,3,253.000,30,254.000,9,256.000,29,258.000,20,320.000,1,0,33,
130032237000,252.000,2,244.000,30,243.000,38,241.000,20,239.000,20,86.000,1,253.000,30,254.000,29,256.000,29,258.000,20,320.000,1,0,33,
130032400000,252.000,2,244.000,30,243.000,38,242.000,20,241.000,20,239.000,20,253.000,30,254.000,29,256.000,29,257.000,20,258.000,20,0,33,
130033119000,252.000,2,244.000,30,243.000,18,242.000,20,241.000,20,239.000,20,253.000,30,254.000,29,256.000,29,257.000,20,320.000,1,0,33,
130033119000,252.000,2,244.000,30,243.000,18,242.000,40,241.000,20,239.000,20,253.000,30,254.000,29,256.000,29,257.000,40,320.000,1,0,33,
130036026000,252.000,2,244.000,30,243.000,9,242.000,40,241.000,20,239.000,20,253.000,30,254.000,29,256.000,29,257.000,40,320.000,1,0,33,
130036151000,252.000,2,244.000,30,243.000,9,242.000,40,241.000,29,239.000,20,253.000,30,254.000,29,256.000,29,257.000,40,320.000,1,0,33,
130038619000,252.000,2,244.000,30,243.000,9,242.000,20,241.000,29,239.000,20,253.000,30,254.000,29,256.000,29,257.000,20,320.000,1,0,33,
130038619000,252.000,2,244.000,30,243.000,29,242.000,20,241.000,29,239.000,20,253.000,30,254.000,29,256.000,29,257.000,20,258.000,20,0,33,
130038667000,252.000,2,244.000,30,243.000,29,242.000,20,241.000,29,86.000,1,253.000,30,254.000,9,256.000,29,257.000,20,258.000,20,0,33,
130038667000,252.000,2,244.000,30,243.000,29,242.000,20,241.000,29,240.000,20,253.000,30,254.000,9,255.000,20,256.000,29,257.000,20,0,33,
130038791000,252.000,2,244.000,30,243.000,29,242.000,20,241.000,29,86.000,1,253.000,30,254.000,9,256.000,29,257.000,20,258.000,20,0,33,
130039277000,252.000,2,244.000,30,243.000,29,242.000,20,241.000,29,239.000,20,253.000,30,254.000,29,256.000,29,257.000,20,258.000,20,0,33,
130039888000,252.000,2,244.000,30,243.000,29,242.000,20,241.000,29,86.000,1,253.000,30,254.000,9,256.000,29,257.000,20,258.000,20,0,33,
130039888000,252.000,2,244.000,30,243.000,29,242.000,20,241.000,29,240.000,20,253.000,30,254.000,9,255.000,20,256.000,29,257.000,20,0,33,
130040993000,252.000,2,244.000,30,243.000,9,242.000,20,241.000,29,240.000,20,253.000,30,254.000,9,255.000,20,256.000,29,257.000,20,0,33,
130040993000,252.000,2,244.000,50,243.000,9,242.000,20,241.000,29,240.000,20,253.000,30,254.000,9,255.000,20,256.000,29,257.000,20,0,33,
130041631000,252.000,2,244.000,29,243.000,9,242.000,20,241.000,29,240.000,20,253.000,9,254.000,9,255.000,20,256.000,29,257.000,20,0,33,
130041631000,252.000,2,244.000,50,243.000,9,242.000,20,241.000,29,240.000,20,253.000,9,254.000,30,255.000,20,256.000,29,257.000,20,0,33,
130041633000,252.000,2,244.000,50,243.000,9,242.000,20,241.000,29,240.000,20,254.000,30,255.000,20,256.000,29,257.000,20,259.000,20,0,33,
130041633000,252.000,2,244.000,50,243.000,9,242.000,20,241.000,29,240.000,20,254.000,30,255.000,29,256.000,29,257.000,20,259.000,20,0,33,
130041677000,252.000,2,244.000,50,243.000,9,241.000,29,240.000,20,86.000,1,254.000,30,255.000,29,256.000,29,259.000,20,320.000,1,0,33,
130041889000,252.000,2,244.000,50,243.000,9,241.000,9,240.000,20,86.000,1,254.000,30,255.000,29,256.000,9,259.000,20,320.000,1,0,33,
130041890000,252.000,2,244.000,50,243.000,9,241.000,9,240.000,20,86.000,1,254.000,30,255.000,29,259.000,20,320.000,1,400.000,1,0,33,
130041890000,252.000,2,244.000,50,243.000,9,240.000,20,86.000,1,84.000,3,254.000,30,255.000,29,259.000,20,320.000,1,400.000,1,0,33,
130041890000,252.000,2,244.000,50,243.000,9,240.000,20,86.000,1,84.000,3,254.000,30,255.000,29,258.000,9,259.000,20,320.000,1,0,33,
130041890000,252.000,2,244.000,50,243.000,18,240.000,20,86.000,1,84.000,3,254.000,30,255.000,29,258.000,9,259.000,20,320.000,1,0,33,
130041994000,252.000,2,244.000,30,243.000,18,240.000,20,86.000,1,84.000,3,254.000,30,255.000,29,258.000,9,320.000,1,400.000,1,0,33,
130041994000,252.000,2,245.000,20,244.000,30,243.000,18,240.000,20,86.000,1,254.000,30,255.000,29,258.000,9,260.000,20,320.000,1,0,33,
130041994000,252.000,2,245.000,29,244.000,30,243.000,18,240.000,20,86.000,1,254.000,30,255.000,29,258.000,9,260.000,20,320.000,1,0,33,
130041995000,252.000,2,245.000,29,244.000,30,243.000,18,86.000,1,84.000,3,254.000,30,255.000,9,258.000,9,260.000,20,320.000,1,0,33,
130041995000,252.000,2,245.000,29,244.000,30,243.000,18,241.000,20,86.000,1,254.000,30,255.000,9,256.000,20,258.000,9,260.000,20,0,33,
130042007000,252.000,2,245.000,29,244.000,30,243.000,38,241.000,20,86.000,1,254.000,30,255.000,9,256.000,20,258.000,29,260.000,20,0,33,
130042007000,252.000,2,245.000,29,244.000,30,243.000,29,241.000,20,86.000,1,254.000,30,255.000,9,256.000,20,258.000,29,260.000,20,0,33,
130042728000,252.000,2,245.000,29,244.000,9,243.000,29,241.000,20,86.000,1,254.000,9,255.000,9,256.000,20,258.000,29,260.000,20,0,33,
130042728000,252.000,2,246.000,21,245.000,29,244.000,9,243.000,29,241.000,20,254.000,9,255.000,30,256.000,20,258.000,29,260.000,20,0,33,
130042729000,252.000,2,246.000,21,245.000,29,244.000,9,243.000,29,241.000,20,254.000,9,255.000,30,256.000,29,258.000,29,260.000,20,0,33,
130042729000,252.000,2,246.000,21,245.000,29,244.000,9,243.000,29,241.000,20,255.000,30,256.000,29,258.000,29,260.000,20,320.000,1,0,33,
130042729000,252.000,2,246.000,30,245.000,29,244.000,9,243.000,29,241.000,20,255.000,30,256.000,29,258.000,29,260.000,20,320.000,1,0,33,
130042767000,252.000,2,246.000,30,245.000,29,244.000,9,243.000,49,241.000,20,255.000,30,256.000,29,258.000,49,260.000,20,320.000,1,0,33,
130043007000,252.000,2,246.000,30,245.000,29,243.000,49,241.000,20,86.000,1,255.000,30,256.000,29,258.000,49,260.000,20,320.000,1,0,33,
130043102000,252.000,2,246.000,30,245.000,29,243.000,29,241.000,20,86.000,1,255.000,30,256.000,29,258.000,29,260.000,20,320.000,1,0,33,
130044112000,252.000,2,246.000,30,245.000,29,243.000,29,86.000,1,84.000,3,255.000,30,256.000,9,258.000,29,260.000,20,320.000,1,0,33,
130044112000,252.000,2,246.000,30,245.000,29,243.000,29,240.000,20,86.000,1,255.000,50,256.000,9,258.000,29,260.000,20,320.000,1,0,33,
130044126000,252.000,2,246.000,30,245.000,29,243.000,29,242.000,20,240.000,20,255.000,50,256.000,9,257.000,20,258.000,29,260.000,20,0,33,
130044362000,252.000,2,246.000,30,245.000,29,243.000,29,242.000,20,86.000,1,255.000,30,256.000,9,257.000,20,258.000,29,260.000,20,0,33,
130044611000,252.000,2,246.000,30,245.000,29,243.000,29,242.000,20,241.000,20,255.000,30,256.000,29,257.000,20,258.000,29,260.000,20,0,33,
130044863000,252.000,2,246.000,30,245.000,29,243.000,29,242.000,20,86.000,1,255.000,30,256.000,9,257.000,20,258.000,29,260.000,20,0,33,
130044868000,252.000,2,246.000,30,245.000,9,243.000,29,242.000,20,86.000,1,255.000,30,256.000,9,257.000,20,258.000,29,320.000,1,0,33,
130044868000,252.000,2,246.000,30,245.000,9,244.000,20,243.000,29,242.000,20,255.000,30,256.000,9,257.000,20,258.000,29,259.000,20,0,33,
130045153000,252.000,2,246.000,30,245.000,9,244.000,20,243.000,29,242.000,20,255.000,50,256.000,9,257.000,20,258.000,29,259.000,20,0,33,
130049319000,252.000,2,246.000,9,245.000,9,244.000,20,243.000,29,242.000,20,255.000,29,256.000,9,257.000,20,258.000,29,259.000,20,0,33,
130049319000,252.000,2,246.000,30,245.000,9,244.000,20,243.000,29,242.000,20,254.000,21,255.000,29,256.000,9,257.000,20,258.000,29,0,33,
130049320000,252.000,2,246.000,21,245.000,9,244.000,20,243.000,29,242.000,20,254.000,21,255.000,29,256.000,9,257.000,20,258.000,29,0,33,
130049551000,252.000,2,246.000,30,245.000,9,244.000,20,243.000,29,242.000,20,254.000,21,255.000,29,256.000,9,257.000,20,258.000,29,0,33,
130049551000,252.000,2,246.000,30,245.000,9,244.000,20,243.000,29,242.000,20,254.000,30,255.000,29,256.000,9,257.000,20,258.000,29,0,33,
130050007000,252.000,2,246.000,30,245.000,9,244.000,20,243.000,29,242.000,20,254.000,30,255.000,29,257.000,20,258.000,29,259.000,20,0,33,
130056100000,252.000,2,246.000,30,245.000,9,244.000,20,243.000,29,240.000,20,254.000,30,255.000,29,258.000,29,259.000,20,320.000,1,0,33,
130056105000,252.000,2,246.000,30,245.000,9,244.000,20,243.000,29,86.000,1,254.000,30,255.000,9,258.000,29,259.000,20,320.000,1,0,33,
130056105000,252.000,2,246.000,30,245.000,9,244.000,20,243.000,29,239.000,20,254.000,50,255.000,9,258.000,29,259.000,20,320.000,1,0,33,
130056118000,252.000,2,246.000,30,245.000,9,243.000,29,239.000,20,86.000,1,254.000,50,255.000,9,258.000,29,320.000,1,400.000,1,0,33,
130056118000,252.000,2,246.000,30,245.000,9,243.000,49,239.000,20,86.000,1,254.000,50,255.000,9,258.000,49,320.000,1,400.000,1,0,33,
130056365000,252.000,2,246.000,30,245.000,9,243.000,49,241.000,20,239.000,20,254.000,50,255.000,9,256.000,20,258.000,49,320.000,1,0,33,
130056726000,252.000,2,246.000,30,245.000,9,243.000,49,241.000,20,86.000,1,254.000,30,255.000,9,256.000,20,258.000,49,320.000,1,0,33,
130056726000,252.000,2,246.000,30,245.000,9,243.000,49,241.000,20,240.000,20,254.000,30,255.000,29,256.000,20,258.000,49,320.000,1,0,33,
130059530000,252.000,2,246.000,30,245.000,9,243.000,49,241.000,20,86.000,1,254.000,30,255.000,9,256.000,20,258.000,49,320.000,1,0,33,
130059530000,252.000,2,246.000,30,245.000,9,243.000,49,241.000,20,239.000,20,254.000,50,255.000,9,256.000,20,258.000,49,320.000,1,0,33,
130059762000,252.000,2,246.000,9,245.000,9,243.000,49,241.000,20,239.000,20,254.000,29,255.000,9,256.000,20,258.000,49,320.000,1,0,33,
130059762000,252.000,2,246.000,9,245.000,30,243.000,49,241.000,20,239.000,20,254.000,50,255.000,9,256.000,20,258.000,49,320.000,1,0,33,
130059764000,252.000,2,246.000,9,245.000,30,243.000,58,241.000,20,239.000,20,254.000,50,255.000,9,256.000,20,258.000,49,320.000,1,0,33,
130059764000,252.000,2,245.000,30,243.000,58,241.000,20,239.000,20,86.000,1,254.000,50,255.000,9,256.000,20,258.000,49,320.000,1,0,33,
130100280000,252.000,2,245.000,30,243.000,58,241.000,20,86.000,1,84.000,3,254.000,30,255.000,9,256.000,20,258.000,49,320.000,1,0,33,
130100280000,252.000,2,245.000,30,243.000,58,241.000,20,240.000,20,86.000,1,254.000,30,255.000,29,256.000,20,258.000,49,320.000,1,0,33,
130102121000,252.000,2,245.000,30,243.000,58,241.000,20,86.000,1,84.000,3,254.000,30,255.000,9,256.000,20,258.000,49,320.000,1,0,33,
130102121000,252.000,2,245.000,30,243.000,58,241.000,20,239.000,20,86.000,1,254.000,50,255.000,9,256.000,20,258.000,49,320.000,1,0,33,
130106963000,252.000,2,245.000,30,243.000,58,241.000,20,239.000,20,86.000,1,254.000,50,255.000,9,256.000,20,258.000,40,320.000,1,0,33,
130106964000,252.000,2,245.000,30,243.000,58,241.000,20,239.000,20,86.000,1,254.000,50,255.000,9,256.000,29,258.000,40,320.000,1,0,33,
130106996000,252.000,2,245.000,30,243.000,49,241.000,20,239.000,20,86.000,1,254.000,50,255.000,9,256.000,29,258.000,40,320.000,1,0,33,
130107072000,252.000,2,245.000,30,243.000,49,241.000,20,86.000,1,84.000,3,254.000,30,255.000,9,256.000,29,258.000,40,320.000,1,0,33,
130107072000,252.000,2,245.000,30,243.000,49,241.000,20,238.000,20,86.000,1,253.000,20,254.000,30,255.000,9,256.000,29,258.000,40,0,33,
130107072000,252.000,2,245.000,30,243.000,49,241.000,20,238.000,20,86.000,1,253.000,29,254.000,30,255.000,9,256.000,29,258.000,40,0,33,
130107075000,252.000,2,245.000,30,243.000,29,241.000,20,238.000,20,86.000,1,253.000,29,254.000,30,255.000,9,256.000,29,258.000,20,0,33,
130107075000,252.000,2,245.000,30,243.000,29,241.000,40,238.000,20,86.000,1,253.000,29,254.000,30,255.000,9,256.000,49,258.000,20,0,33,
130107117000,252.000,2,245.000,30,243.000,9,241.000,40,238.000,20,86.000,1,253.000,29,254.000,30,255.000,9,256.000,49,320.000,1,0,33,
130107117000,252.000,2,245.000,30,243.000,9,242.000,20,241.000,40,238.000,20,253.000,29,254.000,30,255.000,9,256.000,49,257.000,20,0,33,
130107120000,252.000,2,245.000,30,243.000,9,242.000,20,241.000,49,238.000,20,253.000,29,254.000,30,255.000,9,256.000,49,257.000,20,0,33,
130107344000,252.000,2,245.000,9,243.000,9,242.000,20,241.000,49,238.000,20,253.000,29,254.000,9,255.000,9,256.000,49,257.000,20,0,33,
130107344000,252.000,2,245.000,9,244.000,21,243.000,9,242.000,20,241.000,49,252.000,21,253.000,29,254.000,9,255.000,9,256.000,49,0,33,
130107344000,252.000,2,245.000,9,244.000,21,243.000,9,242.000,29,241.000,49,252.000,21,253.000,29,254.000,9,255.000,9,256.000,49,0,33,
130107344000,252.000,2,245.000,9,244.000,30,243.000,9,242.000,29,241.000,49,252.000,21,253.000,29,254.000,9,255.000,9,256.000,49,0,33,
130107344000,252.000,2,244.000,30,243.000,9,242.000,29,241.000,49,238.000,20,252.000,21,253.000,29,254.000,9,255.000,9,256.000,49,0,33,
130107344000,252.000,2,244.000,30,243.000,9,242.000,29,241.000,49,238.000,20,252.000,30,253.000,29,254.000,9,255.000,9,256.000,49,0,33,
130107507000,252.000,2,244.000,30,243.000,9,242.000,29,241.000,49,238.000,20,252.000,30,253.000,29,254.000,9,256.000,49,257.000,20,0,33,
130107507000,252.000,2,244.000,30,243.000,9,242.000,20,241.000,49,238.000,20,252.000,30,253.000,29,254.000,9,256.000,49,257.000,20,0,33,
130107507000,252.000,2,244.000,30,243.000,9,242.000,20,241.000,49,238.000,20,252.000,30,253.000,29,256.000,49,257.000,20,320.000,1,0,33,
130109000000,252.000,2,244.000,30,243.000,9,242.000,20,241.000,49,86.000,1,252.000,30,253.000,9,256.000,49,257.000,20,320.000,1,0,33,
130109000000,252.000,2,244.000,30,243.000,9,242.000,20,241.000,49,239.000,20,252.000,30,253.000,9,254.000,20,256.000,49,257.000,20,0,33,
130110305000,252.000,2,244.000,30,243.000,9,242.000,20,241.000,49,86.000,1,252.000,30,253.000,9,256.000,49,257.000,20,320.000,1,0,33,
130110305000,252.000,2,244.000,30,243.000,9,242.000,20,241.000,49,238.000,20,252.000,30,253.000,29,256.000,49,257.000,20,320.000,1,0,33,
130110306000,252.000,2,244.000,30,243.000,9,242.000,20,241.000,49,86.000,1,252.000,30,253.000,9,256.000,49,257.000,20,320.000,1,0,33,
130110307000,252.000,2,244.000,30,243.000,9,242.000,20,241.000,29,86.000,1,252.000,30,253.000,9,256.000,29,257.000,20,320.000,1,0,33,
130110370000,252.000,2,244.000,30,243.000,9,241.000,29,86.000,1,84.000,3,252.000,30,253.000,9,256.000,29,320.000,1,400.000,1,0,33,
130110370000,252.000,2,244.000,30,243.000,9,241.000,49,86.000,1,84.000,3,252.000,30,253.000,9,256.000,49,320.000,1,400.000,1,0,33,
130110865000,252.000,2,244.000,30,243.000,9,241.000,49,238.000,20,86.000,1,252.000,30,253.000,29,256.000,49,320.000,1,400.000,1,0,33,
130111973000,252.000,2,244.000,30,243.000,9,241.000,49,86.000,1,84.000,3,252.000,30,253.000,9,256.000,49,320.000,1,400.000,1,0,33,
130111973000,252.000,2,244.000,30,243.000,9,241.000,49,237.000,20,86.000,1,252.000,50,253.000,9,256.000,49,320.000,1,400.000,1,0,33,
130112001000,252.000,2,244.000,30,243.000,9,241.000,49,86.000,1,84.000,3,252.000,30,253.000,9,256.000,49,320.000,1,400.000,1,0,33,
130112591000,252.000,2,244.000,30,243.000,9,241.000,49,237.000,20,86.000,1,252.000,50,253.000,9,256.000,49,320.000,1,400.000,1,0,33,
130112715000,252.000,2,244.000,30,243.000,9,241.000,49,86.000,1,84.000,3,252.000,30,253.000,9,256.000,49,320.000,1,400.000,1,0,33,
130113214000,252.000,2,244.000,30,243.000,9,241.000,49,238.000,20,86.000,1,252.000,30,253.000,29,256.000,49,320.000,1,400.000,1,0,33,
130113757000,252.000,2,244.000,30,243.000,9,241.000,49,240.000,20,238.000,20,252.000,30,253.000,29,255.000,20,256.000,49,320.000,1,0,33,
130115744000,252.000,2,244.000,30,243.000,9,241.000,29,240.000,20,238.000,20,252.000,30,253.000,29,255.000,20,256.000,29,320.000,1,0,33,
130115744000,252.000,2,244.000,30,243.000,9,242.000,20,241.000,29,240.000,20,252.000,30,253.000,29,255.000,20,256.000,29,257.000,20,0,33,
130115957000,252.000,2,244.000,30,243.000,9,242.000,20,241.000,29,238.000,20,252.000,30,253.000,29,256.000,29,257.000,20,320.000,1,0,33,
130115958000,252.000,2,244.000,30,243.000,9,242.000,20,241.000,29,86.000,1,252.000,30,253.000,9,256.000,29,257.000,20,320.000,1,0,33,
130116061000,252.000,2,244.000,30,243.000,9,242.000,20,241.000,29,239.000,20,252.000,30,253.000,9,254.000,20,256.000,29,257.000,20,0,33,
130116242000,252.000,2,244.000,30,243.000,9,241.000,29,239.000,20,86.000,1,252.000,30,253.000,9,254.000,20,256.000,29,320.000,1,0,33,
130116243000,252.000,2,244.000,30,243.000,29,241.000,29,239.000,20,86.000,1,252.000,30,253.000,9,254.000,20,256.000,29,258.000,20,0,33,
130116868000,252.000,2,244.000,30,243.000,9,241.000,29,239.000,20,86.000,1,252.000,30,253.000,9,254.000,20,256.000,29,320.000,1,0,33,
130116868000,252.000,2,244.000,30,243.000,9,242.000,20,241.000,29,239.000,20,252.000,30,253.000,9,254.000,20,256.000,29,257.000,20,0,33,
130117868000,252.000,2,244.000,30,243.000,9,241.000,29,239.000,20,86.000,1,252.000,30,253.000,9,254.000,20,256.000,29,320.000,1,0,33,
130117868000,252.000,2,244.000,30,243.000,29,241.000,29,239.000,20,86.000,1,252.000,30,253.000,9,254.000,20,256.000,29,258.000,20,0,33,
130119809000,252.000,2,244.000,30,243.000,29,241.000,29,86.000,1,84.000,3,252.000,30,253.000,9,256.000,29,258.000,20,320.000,1,0,33,
130119809000,252.000,2,244.000,30,243.000,29,241.000,29,238.000,20,86.000,1,252.000,30,253.000,29,256.000,29,258.000,20,320.000,1,0,33,
130119812000,252.000,2,244.000,30,243.000,29,241.000,29,86.000,1,84.000,3,252.000,30,253.000,9,256.000,29,258.000,20,320.000,1,0,33,
130119868000,252.000,2,244.000,30,243.000,9,241.000,29,86.000,1,84.000,3,252.000,30,253.000,9,256.000,29,320.000,1,400.000,1,0,33,
130119868000,252.000,2,244.000,30,243.000,9,242.000,20,241.000,29,86.000,1,252.000,30,253.000,9,256.000,29,257.000,20,320.000,1,0,33,
130119984000,252.000,2,244.000,30,243.000,9,242.000,20,241.000,29,240.000,20,252.000,30,253.000,9,255.000,20,256.000,29,257.000,20,0,33,
130120366000,252.000,2,244.000,30,243.000,9,242.000,20,241.000,29,240.000,20,252.000,30,253.000,29,255.000,20,256.000,29,257.000,20,0,33,
130125195000,252.000,2,244.000,30,243.000,9,242.000,20,241.000,29,240.000,20,252.000,30,253.000,9,255.000,20,256.000,29,257.000,20,0,33,
130125243000,252.000,2,244.000,30,243.000,9,241.000,29,240.000,20,86.000,1,252.000,30,253.000,9,255.000,20,256.000,29,320.000,1,0,33,
130125243000,252.000,2,244.000,30,243.000,29,241.000,29,240.000,20,86.000,1,252.000,30,253.000,9,255.000,20,256.000,29,258.000,20,0,33,
130125325000,252.000,2,244.000,30,243.000,29,241.000,29,240.000,20,239.000,20,252.000,30,253.000,9,254.000,20,255.000,20,256.000,29,0,33,
130125545000,252.000,2,244.000,30,243.000,29,241.000,29,239.000,20,86.000,1,252.000,30,253.000,9,254.000,20,256.000,29,258.000,20,0,33,
130126332000,252.000,2,244.000,30,243.000,29,241.000,49,239.000,20,86.000,1,252.000,30,253.000,9,254.000,20,256.000,49,258.000,20,0,33,
130131180000,252.000,2,244.000,30,243.000,29,241.000,49,86.000,1,84.000,3,252.000,30,253.000,9,256.000,49,258.000,20,320.000,1,0,33,
130131180000,252.000,2,244.000,30,243.000,29,241.000,49,240.000,20,86.000,1,252.000,30,253.000,9,255.000,20,256.000,49,258.000,20,0,33,
130131327000,252.000,2,244.000,30,243.000,29,241.000,49,86.000,1,84.000,3,252.000,30,253.000,9,256.000,49,258.000,20,320.000,1,0,33,
130131704000,252.000,2,244.000,30,243.000,29,241.000,49,239.000,20,86.000,1,252.000,30,253.000,9,254.000,20,256.000,49,258.000,20,0,33,
130140159000,252.000,2,244.000,30,243.000,29,241.000,49,86.000,1,84.000,3,252.000,30,253.000,9,256.000,49,258.000,20,320.000,1,0,33,
130140159000,252.000,2,244.000,30,243.000,29,241.000,49,240.000,20,86.000,1,252.000,30,253.000,9,255.000,20,256.000,49,258.000,20,0,33,
130140244000,252.000,2,244.000,30,243.000,9,241.000,49,240.000,20,86.000,1,252.000,30,253.000,9,255.000,20,256.000,49,320.000,1,0,33,
130140244000,252.000,2,244.000,50,243.000,9,241.000,49,240.000,20,86.000,1,252.000,30,253.000,9,255.000,20,256.000,49,259.000,20,0,33,
130143436000,252.000,2,244.000,50,243.000,9,241.000,29,240.000,20,86.000,1,252.000,30,253.000,9,255.000,20,256.000,29,259.000,20,0,33,
130143743000,252.000,2,244.000,30,243.000,9,241.000,29,240.000,20,86.000,1,252.000,30,253.000,9,255.000,20,256.000,29,320.000,1,0,33,
130143743000,252.000,2,245.000,20,244.000,30,243.000,9,241.000,29,240.000,20,252.000,30,253.000,9,255.000,20,256.000,29,260.000,20,0,33,
130143743000,252.000,2,245.000,29,244.000,30,243.000,9,241.000,29,240.000,20,252.000,30,253.000,9,255.000,20,256.000,29,260.000,20,0,33,
130143944000,252.000,2,245.000,29,244.000,30,243.000,9,242.000,20,241.000,29,252.000,30,253.000,9,255.000,20,256.000,29,257.000,20,0,33,
130144007000,252.000,2,245.000,29,244.000,30,242.000,20,241.000,29,240.000,20,252.000,30,253.000,9,255.000,20,256.000,29,257.000,20,0,33,
130145242000,252.000,2,245.000,9,244.000,30,242.000,20,241.000,29,240.000,20,252.000,30,253.000,9,255.000,20,256.000,29,257.000,20,0,33,
130145243000,252.000,2,245.000,9,244.000,50,242.000,20,241.000,29,240.000,20,252.000,30,253.000,9,255.000,20,256.000,29,257.000,20,0,33,
130145243000,252.000,2,244.000,50,242.000,20,241.000,29,240.000,20,86.000,1,252.000,30,253.000,9,255.000,20,256.000,29,257.000,20,0,33,
130148244000,252.000,2,244.000,30,242.000,20,241.000,29,240.000,20,86.000,1,252.000,30,253.000,9,255.000,20,256.000,29,257.000,20,0,33,
130148244000,252.000,2,244.000,30,243.000,20,242.000,20,241.000,29,240.000,20,252.000,30,253.000,9,255.000,20,256.000,29,257.000,20,0,33,
130148327000,252.000,2,244.000,30,243.000,20,241.000,29,240.000,20,86.000,1,252.000,30,253.000,9,255.000,20,256.000,29,258.000,20,0,33,
130148365000,252.000,2,244.000,30,243.000,20,241.000,29,86.000,1,84.000,3,252.000,30,253.000,9,256.000,29,258.000,20,320.000,1,0,33,
130148365000,252.000,2,244.000,30,243.000,20,241.000,29,239.000,20,86.000,1,252.000,30,253.000,9,254.000,20,256.000,29,258.000,20,0,33,
130149218000,252.000,2,244.000,30,243.000,20,241.000,29,240.000,20,239.000,20,252.000,30,253.000,9,254.000,20,255.000,20,256.000,29,0,33,
130153286000,252.000,2,244.000,30,243.000,20,241.000,29,240.000,20,86.000,1,252.000,30,253.000,9,255.000,20,256.000,29,258.000,20,0,33,
130153286000,252.000,2,244.000,30,243.000,20,241.000,29,240.000,20,238.000,20,252.000,30,253.000,29,255.000,20,256.000,29,258.000,20,0,33,
130153368000,252.000,2,244.000,30,241.000,29,240.000,20,238.000,20,86.000,1,252.000,30,253.000,29,255.000,20,256.000,29,320.000,1,0,33,
130153368000,252.000,2,244.000,30,242.000,20,241.000,29,240.000,20,238.000,20,252.000,30,253.000,29,255.000,20,256.000,29,257.000,20,0,33,
130153417000,252.000,2,244.000,30,242.000,20,241.000,29,240.000,20,86.000,1,252.000,30,253.000,9,255.000,20,256.000,29,257.000,20,0,33,
130153788000,252.000,2,244.000,30,242.000,20,241.000,29,240.000,20,238.000,20,252.000,30,253.000,29,255.000,20,256.000,29,257.000,20,0,33,
130154052000,252.000,2,244.000,30,242.000,20,241.000,29,238.000,20,86.000,1,252.000,30,253.000,29,256.000,29,257.000,20,320.000,1,0,33,
130154381000,252.000,2,244.000,9,242.000,20,241.000,29,238.000,20,86.000,1,252.000,9,253.000,29,256.000,29,257.000,20,320.000,1,0,33,
130154381000,252.000,2,244.000,9,243.000,21,242.000,20,241.000,29,238.000,20,252.000,30,253.000,29,256.000,29,257.000,20,320.000,1,0,33,
130154381000,252.000,2,244.000,9,243.000,21,242.000,20,241.000,29,238.000,20,252.000,21,253.000,29,256.000,29,257.000,20,320.000,1,0,33,
130154381000,252.000,2,243.000,21,242.000,20,241.000,29,238.000,20,86.000,1,252.000,21,253.000,29,256.000,29,257.000,20,320.000,1,0,33,
130154412000,252.000,2,243.000,21,242.000,20,241.000,29,86.000,1,84.000,3,252.000,21,253.000,9,256.000,29,257.000,20,320.000,1,0,33,
130154412000,252.000,2,243.000,21,242.000,20,241.000,29,239.000,20,86.000,1,252.000,21,253.000,9,254.000,20,256.000,29,257.000,20,0,33,
130154502000,252.000,2,243.000,21,242.000,20,241.000,29,240.000,20,239.000,20,252.000,21,253.000,9,254.000,20,255.000,20,256.000,29,0,33,
130155029000,252.000,2,243.000,21,242.000,20,241.000,29,240.000,20,86.000,1,252.000,21,253.000,9,255.000,20,256.000,29,257.000,20,0,33,
130155029000,252.000,2,243.000,21,242.000,20,241.000,29,240.000,20,238.000,20,252.000,21,253.000,29,255.000,20,256.000,29,257.000,20,0,33,
130155076000,252.000,2,243.000,21,242.000,20,241.000,29,240.000,20,238.000,20,252.000,30,253.000,29,255.000,20,256.000,29,257.000,20,0,33,
130155076000,252.000,2,243.000,30,242.000,20,241.000,29,240.000,20,238.000,20,252.000,30,253.000,29,255.000,20,256.000,29,257.000,20,0,33,
130158572000,252.000,2,243.000,30,242.000,20,241.000,29,240.000,20,86.000,1,252.000,30,253.000,9,255.000,20,256.000,29,257.000,20,0,33,
130158572000,252.000,2,243.000,30,242.000,20,241.000,29,240.000,20,239.000,20,252.000,30,253.000,9,254.000,20,255.000,20,256.000,29,0,33,
130158575000,252.000,2,243.000,30,242.000,20,241.000,29,240.000,20,86.000,1,252.000,30,253.000,9,255.000,20,256.000,29,257.000,20,0,33,
130158619000,252.000,2,243.000,30,241.000,29,240.000,20,86.000,1,84.000,3,252.000,30,253.000,9,255.000,20,256.000,29,320.000,1,0,33,
130158619000,252.000,2,243.000,50,241.000,29,240.000,20,86.000,1,84.000,3,252.000,30,253.000,9,255.000,20,256.000,29,258.000,20,0,33,
130159075000,252.000,2,243.000,50,241.000,29,240.000,40,86.000,1,84.000,3,252.000,30,253.000,9,255.000,40,256.000,29,258.000,20,0,33,
130159198000,252.000,2,243.000,50,241.000,29,240.000,20,86.000,1,84.000,3,252.000,30,253.000,9,255.000,20,256.000,29,258.000,20,0,33,
130159569000,252.000,2,243.000,50,241.000,29,86.000,1,84.000,3,39.000,20,252.000,30,253.000,9,256.000,29,258.000,20,320.000,1,0,33,
130159580000,252.000,2,243.000,50,241.000,29,239.000,20,86.000,1,84.000,3,252.000,30,253.000,9,254.000,20,256.000,29,258.000,20,0,33,
130159678000,252.000,2,243.000,50,242.000,20,241.000,29,239.000,20,86.000,1,252.000,30,253.000,9,254.000,20,256.000,29,257.000,20,0,33,
130159693000,252.000,2,243.000,50,242.000,20,241.000,29,86.000,1,84.000,3,252.000,30,253.000,9,256.000,29,257.000,20,258.000,20,0,33,
130159742000,252.000,2,243.000,30,242.000,20,241.000,29,86.000,1,84.000,3,252.000,30,253.000,9,256.000,29,257.000,20,320.000,1,0,33,
130159742000,252.000,2,244.000,20,243.000,30,242.000,20,241.000,29,86.000,1,252.000,30,253.000,9,256.000,29,257.000,20,259.000,20,0,33,
130200107000,252.000,2,244.000,29,243.000,30,242.000,20,241.000,29,86.000,1,252.000,30,253.000,9,256.000,29,257.000,20,259.000,20,0,33,
130200179000,252.000,2,244.000,29,243.000,30,242.000,20,241.000,29,240.000,20,252.000,30,253.000,9,255.000,20,256.000,29,257.000,20,0,33,
130201743000,252.000,2,244.000,9,243.000,30,242.000,20,241.000,29,240.000,20,252.000,30,253.000,9,255.000,20,256.000,29,257.000,20,0,33,
130201743000,252.000,2,244.000,9,243.000,50,242.000,20,241.000,29,240.000,20,252.000,30,253.000,9,255.000,20,256.000,29,257.000,20,0,33,
130201743000,252.000,2,243.000,50,242.000,20,241.000,29,240.000,20,86.000,1,252.000,30,253.000,9,255.000,20,256.000,29,257.000,20,0,33,
130201787000,252.000,2,243.000,50,242.000,20,241.000,29,86.000,1,84.000,3,252.000,30,253.000,9,256.000,29,257.000,20,258.000,20,0,33,
130201787000,252.000,2,243.000,50,242.000,20,241.000,29,239.000,20,86.000,1,252.000,30,253.000,9,254.000,20,256.000,29,257.000,20,0,33,
130201911000,252.000,2,243.000,50,242.000,20,241.000,29,86.000,1,84.000,3,252.000,30,253.000,9,256.000,29,257.000,20,258.000,20,0,33,
130201925000,252.000,2,243.000,50,241.000,29,86.000,1,84.000,3,39.000,20,252.000,30,253.000,9,256.000,29,258.000,20,320.000,1,0,33,
130201937000,252.000,2,243.000,50,241.000,49,86.000,1,84.000,3,39.000,20,252.000,30,253.000,9,256.000,49,258.000,20,320.000,1,0,33,
130201993000,252.000,2,243.000,30,241.000,49,86.000,1,84.000,3,39.000,20,252.000,30,253.000,9,256.000,49,320.000,1,400.000,1,0,33,
130201993000,252.000,2,244.000,20,243.000,30,241.000,49,86.000,1,84.000,3,252.000,30,253.000,9,256.000,49,259.000,20,320.000,1,0,33,
130202107000,252.000,2,244.000,29,243.000,30,241.000,49,86.000,1,84.000,3,252.000,30,253.000,9,256.000,49,259.000,20,320.000,1,0,33,
130202411000,252.000,2,244.000,29,243.000,30,241.000,49,240.000,20,86.000,1,252.000,30,253.000,9,255.000,20,256.000,49,259.000,20,0,33,
130204287000,252.000,2,244.000,29,243.000,9,241.000,49,240.000,20,86.000,1,252.000,9,253.000,9,255.000,20,256.000,49,259.000,20,0,33,
130204287000,252.000,2,244.000,50,243.000,9,241.000,49,240.000,20,86.000,1,252.000,30,253.000,9,255.000,20,256.000,49,259.000,20,0,33,
130204289000,252.000,2,244.000,50,243.000,9,241.000,49,240.000,20,86.000,1,252.000,30,253.000,9,255.000,29,256.000,49,259.000,20,0,33,
130204289000,252.000,2,244.000,50,243.000,9,241.000,49,240.000,20,86.000,1,252.000,21,253.000,9,255.000,29,256.000,49,259.000,20,0,33,
130204289000,252.000,2,244.000,50,243.000,9,241.000,49,240.000,20,86.000,1,252.000,30,253.000,9,255.000,29,256.000,49,259.000,20,0,33,
130204506000,252.000,2,244.000,50,243.000,9,241.000,49,240.000,20,86.000,1,252.000,30,253.000,9,255.000,20,256.000,49,259.000,20,0,33,
130204993000,252.000,2,244.000,30,243.000,9,241.000,49,240.000,20,86.000,1,252.000,30,253.000,9,255.000,20,256.000,49,320.000,1,0,33,
130204993000,252.000,2,245.000,20,244.000,30,243.000,9,241.000,49,240.000,20,252.000,30,253.000,9,255.000,20,256.000,49,260.000,20,0,33,
130204994000,252.000,2,245.000,29,244.000,30,243.000,9,241.000,49,240.000,20,252.000,30,253.000,9,255.000,20,256.000,49,260.000,20,0,33,
130205007000,252.000,2,245.000,29,244.000,30,241.000,49,240.000,20,86.000,1,252.000,30,253.000,9,255.000,20,256.000,49,260.000,20,0,33,
130205598000,252.000,2,245.000,29,244.000,9,241.000,49,240.000,20,86.000,1,252.000,9,253.000,9,255.000,20,256.000,49,260.000,20,0,33,
130205598000,252.000,2,245.000,50,244.000,9,241.000,49,240.000,20,86.000,1,252.000,9,253.000,30,255.000,20,256.000,49,260.000,20,0,33,
130205604000,252.000,2,245.000,50,244.000,9,241.000,49,86.000,1,84.000,3,252.000,9,253.000,30,256.000,49,260.000,20,320.000,1,0,33,
130205604000,252.000,2,245.000,50,244.000,9,241.000,69,86.000,1,84.000,3,252.000,9,253.000,30,256.000,69,260.000,20,320.000,1,0,33,
130205604000,252.000,2,245.000,50,244.000,9,241.000,69,86.000,1,84.000,3,253.000,30,256.000,69,260.000,20,320.000,1,400.000,1,0,33,
130205605000,252.000,2,245.000,50,244.000,9,241.000,69,86.000,1,84.000,3,253.000,30,255.000,9,256.000,69,260.000,20,320.000,1,0,33,
130206171000,252.000,2,245.000,50,244.000,9,241.000,49,86.000,1,84.000,3,253.000,30,255.000,9,256.000,49,260.000,20,320.000,1,0,33,
130206171000,252.000,2,245.000,50,244.000,9,241.000,49,240.000,20,86.000,1,253.000,30,255.000,29,256.000,49,260.000,20,320.000,1,0,33,
130206295000,252.000,2,245.000,50,244.000,9,241.000,49,86.000,1,84.000,3,253.000,30,255.000,9,256.000,49,260.000,20,320.000,1,0,33,
130206787000,252.000,2,245.000,50,244.000,9,241.000,69,86.000,1,84.000,3,253.000,30,255.000,9,256.000,69,260.000,20,320.000,1,0,33,
130208769000,252.000,2,245.000,50,244.000,9,241.000,49,86.000,1,84.000,3,253.000,30,255.000,9,256.000,49,260.000,20,320.000,1,0,33,
130208769000,252.000,2,245.000,50,244.000,9,241.000,49,240.000,20,86.000,1,253.000,30,255.000,29,256.000,49,260.000,20,320.000,1,0,33,
130209766000,252.000,2,245.000,50,244.000,9,241.000,49,86.000,1,84.000,3,253.000,30,255.000,9,256.000,49,260.000,20,320.000,1,0,33,
130209766000,252.000,2,245.000,50,244.000,9,241.000,69,86.000,1,84.000,3,253.000,30,255.000,9,256.000,69,260.000,20,320.000,1,0,33,
130213121000,252.000,2,245.000,30,244.000,9,241.000,69,86.000,1,84.000,3,253.000,30,255.000,9,256.000,69,320.000,1,400.000,1,0,33,
130213121000,252.000,2,246.000,20,245.000,30,244.000,9,241.000,69,86.000,1,253.000,30,255.000,9,256.000,69,261.000,20,320.000,1,0,33,
130213123000,252.000,2,246.000,29,245.000,30,244.000,9,241.000,69,86.000,1,253.000,30,255.000,9,256.000,69,261.000,20,320.000,1,0,33,
130213128000,252.000,2,246.000,29,245.000,30,244.000,9,241.000,49,86.000,1,253.000,30,255.000,9,256.000,49,261.000,20,320.000,1,0,33,
130213155000,252.000,2,246.000,29,245.000,30,244.000,9,241.000,29,86.000,1,253.000,30,255.000,9,256.000,29,261.000,20,320.000,1,0,33,
130213162000,252.000,2,246.000,29,245.000,9,244.000,9,241.000,29,86.000,1,253.000,9,255.000,9,256.000,29,261.000,20,320.000,1,0,33,
130213162000,252.000,2,246.000,50,245.000,9,244.000,9,241.000,29,86.000,1,253.000,9,254.000,21,255.000,9,256.000,29,261.000,20,0,33,
130213164000,252.000,2,246.000,50,245.000,9,244.000,9,241.000,29,86.000,1,254.000,21,255.000,9,256.000,29,261.000,20,320.000,1,0,33,
130213164000,252.000,2,246.000,50,245.000,9,244.000,9,241.000,29,86.000,1,254.000,30,255.000,9,256.000,29,261.000,20,320.000,1,0,33,
130213164000,252.000,2,246.000,50,245.000,9,244.000,9,241.000,9,86.000,1,254.000,30,255.000,9,256.000,9,261.000,20,320.000,1,0,33,
130213164000,252.000,2,246.000,50,245.000,9,244.000,9,242.000,20,241.000,9,254.000,30,255.000,9,256.000,9,257.000,20,261.000,20,0,33,
130213507000,252.000,2,246.000,50,245.000,9,244.000,9,243.000,20,242.000,20,254.000,30,255.000,9,256.000,9,257.000,20,258.000,20,0,33,
130213507000,252.000,2,246.000,50,245.000,9,243.000,20,242.000,20,241.000,9,254.000,30,255.000,9,256.000,9,257.000,20,258.000,20,0,33,
130213532000,252.000,2,246.000,50,245.000,9,243.000,20,242.000,20,241.000,9,254.000,30,255.000,9,257.000,20,258.000,20,261.000,20,0,33,
130214042000,252.000,2,246.000,50,245.000,9,243.000,20,242.000,40,241.000,9,254.000,30,255.000,9,257.000,40,258.000,20,261.000,20,0,33,
130214218000,252.000,2,246.000,50,245.000,9,243.000,20,242.000,40,241.000,9,254.000,30,255.000,9,257.000,40,258.000,29,261.000,20,0,33,
130215530000,252.000,2,246.000,50,245.000,9,243.000,20,242.000,40,86.000,1,254.000,30,255.000,9,257.000,40,258.000,29,261.000,20,0,33,
130215531000,252.000,2,246.000,50,245.000,9,243.000,29,242.000,40,86.000,1,254.000,30,255.000,9,257.000,40,258.000,29,261.000,20,0,33,
130215538000,252.000,2,246.000,29,245.000,9,243.000,29,242.000,40,86.000,1,254.000,9,255.000,9,257.000,40,258.000,29,261.000,20,0,33,
130215538000,252.000,2,246.000,50,245.000,9,243.000,29,242.000,40,86.000,1,254.000,9,255.000,30,257.000,40,258.000,29,261.000,20,0,33,
130215538000,252.000,2,246.000,50,245.000,9,243.000,29,242.000,40,86.000,1,254.000,9,255.000,30,257.000,49,258.000,29,261.000,20,0,33,
130215538000,252.000,2,246.000,50,245.000,9,243.000,29,242.000,40,86.000,1,255.000,30,257.000,49,258.000,29,261.000,20,320.000,1,0,33,
130215621000,252.000,2,246.000,50,245.000,9,243.000,29,242.000,20,86.000,1,255.000,30,257.000,29,258.000,29,261.000,20,320.000,1,0,33,
130215621000,252.000,2,246.000,50,245.000,9,243.000,49,242.000,20,86.000,1,255.000,30,257.000,29,258.000,49,261.000,20,320.000,1,0,33,
130215625000,252.000,2,246.000,30,245.000,9,243.000,49,242.000,20,86.000,1,255.000,30,257.000,29,258.000,49,320.000,1,400.000,1,0,33,
130215625000,252.000,2,247.000,20,246.000,30,245.000,9,243.000,49,242.000,20,255.000,30,257.000,29,258.000,49,262.000,20,320.000,1,0,33,
130215626000,252.000,2,247.000,29,246.000,30,245.000,9,243.000,49,242.000,20,255.000,30,257.000,29,258.000,49,262.000,20,320.000,1,0,33,
130215667000,252.000,2,247.000,29,246.000,30,245.000,9,243.000,49,86.000,1,255.000,30,257.000,9,258.000,49,262.000,20,320.000,1,0,33,
130215936000,252.000,2,247.000,29,246.000,30,245.000,9,243.000,29,86.000,1,255.000,30,257.000,9,258.000,29,262.000,20,320.000,1,0,33,
130215937000,252.000,2,247.000,29,246.000,30,245.000,9,243.000,9,86.000,1,255.000,30,257.000,9,258.000,9,262.000,20,320.000,1,0,33,
130215995000,252.000,2,247.000,9,246.000,30,245.000,9,243.000,9,86.000,1,255.000,30,257.000,9,258.000,9,320.000,1,400.000,1,0,33,
130215995000,252.000,2,248.000,20,247.000,9,246.000,30,245.000,9,243.000,9,255.000,30,257.000,9,258.000,9,263.000,20,320.000,1,0,33,
130215995000,252.000,2,248.000,20,246.000,30,245.000,9,243.000,9,86.000,1,255.000,30,257.000,9,258.000,9,263.000,20,320.000,1,0,33,
130216008000,252.000,2,248.000,20,246.000,30,245.000,29,243.000,9,86.000,1,255.000,30,257.000,9,258.000,9,260.000,20,263.000,20,0,33,
130216182000,252.000,2,248.000,20,246.000,30,245.000,29,244.000,20,243.000,9,255.000,30,257.000,9,258.000,9,259.000,20,260.000,20,0,33,
130216244000,252.000,2,248.000,29,246.000,30,245.000,29,244.000,20,243.000,9,255.000,30,257.000,9,258.000,9,259.000,20,260.000,20,0,33,
130216506000,252.000,2,248.000,29,246.000,30,245.000,20,244.000,20,243.000,9,255.000,30,257.000,9,258.000,9,259.000,20,260.000,20,0,33,
130216800000,252.000,2,248.000,29,246.000,30,245.000,20,243.000,9,86.000,1,255.000,30,257.000,9,258.000,9,260.000,20,263.000,20,0,33,
130216800000,252.000,2,248.000,29,246.000,30,245.000,20,243.000,29,86.000,1,255.000,30,257.000,9,258.000,29,260.000,20,263.000,20,0,33,
130217049000,252.000,2,248.000,29,246.000,30,245.000,20,243.000,9,86.000,1,255.000,30,257.000,9,258.000,9,260.000,20,263.000,20,0,33,
130217299000,252.000,2,248.000,29,246.000,30,245.000,20,243.000,29,86.000,1,255.000,30,257.000,9,258.000,29,260.000,20,263.000,20,0,33,
130217793000,252.000,2,248.000,29,246.000,9,245.000,20,243.000,29,86.000,1,255.000,9,257.000,9,258.000,29,260.000,20,263.000,20,0,33,
130217793000,252.000,2,248.000,29,247.000,21,246.000,9,245.000,20,243.000,29,255.000,30,257.000,9,258.000,29,260.000,20,263.000,20,0,33,
130217793000,252.000,2,248.000,29,247.000,21,246.000,9,245.000,20,243.000,29,255.000,30,257.000,9,258.000,38,260.000,20,263.000,20,0,33,
130217793000,252.000,2,248.000,29,247.000,21,246.000,9,245.000,20,243.000,29,255.000,21,257.000,9,258.000,38,260.000,20,263.000,20,0,33,
130217794000,252.000,2,248.000,29,247.000,21,246.000,9,245.000,20,243.000,29,255.000,30,257.000,9,258.000,38,260.000,20,263.000,20,0,33,
130217868000,252.000,2,248.000,9,247.000,21,246.000,9,245.000,20,243.000,29,255.000,30,257.000,9,258.000,38,260.000,20,320.000,1,0,33,
130217868000,252.000,2,248.000,9,247.000,41,246.000,9,245.000,20,243.000,29,255.000,30,257.000,9,258.000,38,260.000,20,262.000,20,0,33,
130217869000,252.000,2,248.000,9,247.000,50,246.000,9,245.000,20,243.000,29,255.000,30,257.000,9,258.000,38,260.000,20,262.000,20,0,33,
130217869000,252.000,2,247.000,50,246.000,9,245.000,20,243.000,29,86.000,1,255.000,30,257.000,9,258.000,38,260.000,20,262.000,20,0,33,
130218007000,252.000,2,247.000,50,246.000,9,245.000,20,243.000,29,86.000,1,255.000,30,257.000,9,258.000,29,260.000,20,262.000,20,0,33,
130220205000,252.000,2,247.000,50,246.000,9,245.000,20,243.000,49,86.000,1,255.000,30,257.000,9,258.000,49,260.000,20,262.000,20,0,33,
130223780000,252.000,2,247.000,50,246.000,9,243.000,49,86.000,1,84.000,3,255.000,30,257.000,9,258.000,49,262.000,20,320.000,1,0,33,
130223783000,252.000,2,247.000,50,246.000,9,243.000,29,86.000,1,84.000,3,255.000,30,257.000,9,258.000,29,262.000,20,320.000,1,0,33,
130223869000,252.000,2,247.000,30,246.000,9,243.000,29,86.000,1,84.000,3,255.000,30,257.000,9,258.000,29,320.000,1,400.000,1,0,33,
130223869000,252.000,2,247.000,30,246.000,29,243.000,29,86.000,1,84.000,3,255.000,30,257.000,9,258.000,29,261.000,20,320.000,1,0,33,
130224004000,252.000,2,247.000,30,246.000,29,243.000,29,242.000,20,86.000,1,255.000,30,257.000,29,258.000,29,261.000,20,320.000,1,0,33,
130224007000,252.000,2,247.000,30,246.000,29,243.000,49,242.000,20,86.000,1,255.000,30,257.000,29,258.000,49,261.000,20,320.000,1,0,33,
130228215000,252.000,2,247.000,30,246.000,29,243.000,29,242.000,20,86.000,1,255.000,30,257.000,29,258.000,29,261.000,20,320.000,1,0,33,
130228526000,252.000,2,247.000,30,246.000,29,243.000,29,242.000,40,86.000,1,255.000,30,257.000,49,258.000,29,261.000,20,320.000,1,0,33,
130229281000,252.000,2,247.000,30,246.000,29,243.000,29,242.000,20,86.000,1,255.000,30,257.000,29,258.000,29,261.000,20,320.000,1,0,33,
130229281000,252.000,2,247.000,30,246.000,29,243.000,49,242.000,20,86.000,1,255.000,30,257.000,29,258.000,49,261.000,20,320.000,1,0,33,
130229368000,252.000,2,247.000,30,246.000,9,243.000,49,242.000,20,86.000,1,255.000,30,257.000,29,258.000,49,320.000,1,400.000,1,0,33,
130229368000,252.000,2,247.000,50,246.000,9,243.000,49,242.000,20,86.000,1,255.000,30,257.000,29,258.000,49,262.000,20,320.000,1,0,33,
130229405000,252.000,2,247.000,29,246.000,9,243.000,49,242.000,20,86.000,1,255.000,9,257.000,29,258.000,49,262.000,20,320.000,1,0,33,
130229405000,252.000,2,247.000,29,246.000,30,243.000,49,242.000,20,86.000,1,255.000,30,257.000,29,258.000,49,262.000,20,320.000,1,0,33,
130229405000,252.000,2,247.000,29,246.000,30,243.000,49,242.000,20,86.000,1,255.000,21,257.000,29,258.000,49,262.000,20,320.000,1,0,33,
130229530000,252.000,2,247.000,29,246.000,30,243.000,29,242.000,20,86.000,1,255.000,21,257.000,29,258.000,29,262.000,20,320.000,1,0,33,
130229618000,252.000,2,247.000,9,246.000,30,243.000,29,242.000,20,86.000,1,255.000,21,257.000,29,258.000,29,320.000,1,400.000,1,0,33,
130229618000,252.000,2,247.000,9,246.000,50,243.000,29,242.000,20,86.000,1,255.000,21,257.000,29,258.000,29,261.000,20,320.000,1,0,33,
130229618000,252.000,2,246.000,50,243.000,29,242.000,20,86.000,1,84.000,3,255.000,21,257.000,29,258.000,29,261.000,20,320.000,1,0,33,
130229781000,252.000,2,246.000,50,243.000,29,242.000,40,86.000,1,84.000,3,255.000,21,257.000,49,258.000,29,261.000,20,320.000,1,0,33,
130230157000,252.000,2,246.000,50,243.000,29,242.000,40,86.000,1,84.000,3,255.000,30,257.000,49,258.000,29,261.000,20,320.000,1,0,33,
130230406000,252.000,2,246.000,29,243.000,29,242.000,40,86.000,1,84.000,3,255.000,9,257.000,49,258.000,29,261.000,20,320.000,1,0,33,
130230406000,252.000,2,246.000,50,243.000,29,242.000,40,86.000,1,84.000,3,254.000,21,255.000,9,257.000,49,258.000,29,261.000,20,0,33,
130230406000,252.000,2,246.000,50,243.000,29,242.000,40,86.000,1,84.000,3,254.000,21,257.000,49,258.000,29,261.000,20,320.000,1,0,33,
130230406000,252.000,2,246.000,50,243.000,29,242.000,40,86.000,1,84.000,3,254.000,30,257.000,49,258.000,29,261.000,20,320.000,1,0,33,
130230618000,252.000,2,246.000,30,243.000,29,242.000,40,86.000,1,84.000,3,254.000,30,257.000,49,258.000,29,320.000,1,400.000,1,0,33,
130230618000,252.000,2,247.000,20,246.000,30,243.000,29,242.000,40,86.000,1,254.000,30,257.000,49,258.000,29,262.000,20,320.000,1,0,33,
130230618000,252.000,2,247.000,29,246.000,30,243.000,29,242.000,40,86.000,1,254.000,30,257.000,49,258.000,29,262.000,20,320.000,1,0,33,
130230646000,252.000,2,247.000,29,246.000,30,243.000,29,242.000,20,86.000,1,254.000,30,257.000,29,258.000,29,262.000,20,320.000,1,0,33,
130230646000,252.000,2,247.000,29,246.000,30,243.000,49,242.000,20,86.000,1,254.000,30,257.000,29,258.000,49,262.000,20,320.000,1,0,33,
130230766000,252.000,2,247.000,29,246.000,30,243.000,29,242.000,20,86.000,1,254.000,30,257.000,29,258.000,29,262.000,20,320.000,1,0,33,
130231259000,252.000,2,247.000,29,246.000,30,243.000,29,242.000,40,86.000,1,254.000,30,257.000,49,258.000,29,262.000,20,320.000,1,0,33,
130231618000,252.000,2,247.000,9,246.000,30,243.000,29,242.000,40,86.000,1,254.000,30,257.000,49,258.000,29,320.000,1,400.000,1,0,33,
130231618000,252.000,2,247.000,9,246.000,50,243.000,29,242.000,40,86.000,1,254.000,30,257.000,49,258.000,29,261.000,20,320.000,1,0,33,
130231619000,252.000,2,246.000,50,243.000,29,242.000,40,86.000,1,84.000,3,254.000,30,257.000,49,258.000,29,261.000,20,320.000,1,0,33,
130234743000,252.000,2,246.000,30,243.000,29,242.000,40,86.000,1,84.000,3,254.000,30,257.000,49,258.000,29,320.000,1,400.000,1,0,33,
130234743000,252.000,2,247.000,20,246.000,30,243.000,29,242.000,40,86.000,1,254.000,30,257.000,49,258.000,29,262.000,20,320.000,1,0,33,
130234743000,252.000,2,247.000,29,246.000,30,243.000,29,242.000,40,86.000,1,254.000,30,257.000,49,258.000,29,262.000,20,320.000,1,0,33,
130234760000,252.000,2,247.000,29,246.000,30,243.000,29,242.000,20,86.000,1,254.000,30,257.000,29,258.000,29,262.000,20,320.000,1,0,33,
130234760000,252.000,2,247.000,29,246.000,30,243.000,49,242.000,20,86.000,1,254.000,30,257.000,29,258.000,49,262.000,20,320.000,1,0,33,
130235010000,252.000,2,247.000,29,246.000,30,243.000,29,242.000,20,86.000,1,254.000,30,257.000,29,258.000,29,262.000,20,320.000,1,0,33,
130235259000,252.000,2,247.000,29,246.000,30,243.000,29,242.000,40,86.000,1,254.000,30,257.000,49,258.000,29,262.000,20,320.000,1,0,33,
130236870000,252.000,2,247.000,9,246.000,30,243.000,29,242.000,40,86.000,1,254.000,30,257.000,49,258.000,29,320.000,1,400.000,1,0,33,
130236870000,252.000,2,247.000,9,246.000,50,243.000,29,242.000,40,86.000,1,254.000,30,257.000,49,258.000,29,261.000,20,320.000,1,0,33,
130236871000,252.000,2,246.000,50,243.000,29,242.000,40,86.000,1,84.000,3,254.000,30,257.000,49,258.000,29,261.000,20,320.000,1,0,33,
130245243000,252.000,2,246.000,30,243.000,29,242.000,40,86.000,1,84.000,3,254.000,30,257.000,49,258.000,29,320.000,1,400.000,1,0,33,
130245243000,252.000,2,246.000,30,245.000,20,243.000,29,242.000,40,86.000,1,254.000,30,257.000,49,258.000,29,260.000,20,320.000,1,0,33,
130245264000,252.000,2,246.000,30,245.000,20,243.000,29,242.000,20,86.000,1,254.000,30,257.000,29,258.000,29,260.000,20,320.000,1,0,33,
130245264000,252.000,2,246.000,30,245.000,20,243.000,29,242.000,20,241.000,20,254.000,30,256.000,20,257.000,29,258.000,29,260.000,20,0,33,
130245505000,252.000,2,246.000,9,245.000,20,243.000,29,242.000,20,241.000,20,254.000,9,256.000,20,257.000,29,258.000,29,260.000,20,0,33,
130245505000,252.000,2,246.000,9,245.000,41,243.000,29,242.000,20,241.000,20,254.000,30,256.000,20,257.000,29,258.000,29,260.000,20,0,33,
130245506000,252.000,2,246.000,9,245.000,50,243.000,29,242.000,20,241.000,20,254.000,30,256.000,20,257.000,29,258.000,29,260.000,20,0,33,
130245506000,252.000,2,246.000,9,245.000,50,243.000,29,242.000,20,241.000,20,254.000,21,256.000,20,257.000,29,258.000,29,260.000,20,0,33,
130245506000,252.000,2,246.000,9,245.000,50,243.000,29,242.000,20,241.000,20,254.000,21,256.000,29,257.000,29,258.000,29,260.000,20,0,33,
130245506000,252.000,2,245.000,50,243.000,29,242.000,20,241.000,20,86.000,1,254.000,21,256.000,29,257.000,29,258.000,29,260.000,20,0,33,
130245507000,252.000,2,245.000,50,243.000,29,242.000,20,241.000,20,86.000,1,254.000,21,256.000,29,257.000,20,258.000,29,260.000,20,0,33,
130245523000,252.000,2,245.000,50,243.000,29,242.000,20,241.000,20,86.000,1,254.000,30,256.000,29,257.000,20,258.000,29,260.000,20,0,33,
130245530000,252.000,2,245.000,50,243.000,29,241.000,20,86.000,1,84.000,3,254.000,30,256.000,29,258.000,29,260.000,20,320.000,1,0,33,
130245634000,252.000,2,245.000,50,243.000,29,86.000,1,84.000,3,39.000,20,254.000,30,256.000,9,258.000,29,260.000,20,320.000,1,0,33,
130245805000,252.000,2,245.000,29,243.000,29,86.000,1,84.000,3,39.000,20,254.000,9,256.000,9,258.000,29,260.000,20,320.000,1,0,33,
130245805000,252.000,2,245.000,29,244.000,21,243.000,29,86.000,1,84.000,3,254.000,30,256.000,9,258.000,29,260.000,20,320.000,1,0,33,
130245805000,252.000,2,245.000,29,244.000,21,243.000,29,86.000,1,84.000,3,254.000,21,256.000,9,258.000,29,260.000,20,320.000,1,0,33,
130245805000,252.000,2,245.000,29,244.000,21,243.000,29,86.000,1,84.000,3,254.000,21,256.000,9,258.000,38,260.000,20,320.000,1,0,33,
130245806000,252.000,2,245.000,29,244.000,21,243.000,29,86.000,1,84.000,3,254.000,30,256.000,9,258.000,38,260.000,20,320.000,1,0,33,
130245839000,252.000,2,245.000,29,244.000,21,243.000,20,86.000,1,84.000,3,254.000,30,256.000,9,258.000,38,260.000,20,320.000,1,0,33,
130245839000,252.000,2,245.000,29,244.000,21,243.000,20,86.000,1,84.000,3,254.000,30,256.000,9,258.000,29,260.000,20,320.000,1,0,33,
130245840000,252.000,2,245.000,29,244.000,21,243.000,20,86.000,1,84.000,3,254.000,30,256.000,18,258.000,29,260.000,20,320.000,1,0,33,
130245876000,252.000,2,245.000,29,244.000,21,243.000,20,240.000,20,86.000,1,254.000,30,255.000,20,256.000,18,258.000,29,260.000,20,0,33,
130245962000,252.000,2,245.000,29,244.000,21,243.000,20,241.000,9,240.000,20,254.000,30,255.000,20,256.000,18,258.000,29,260.000,20,0,33,
130246000000,252.000,2,245.000,29,244.000,21,243.000,20,241.000,9,86.000,1,254.000,30,256.000,18,258.000,29,260.000,20,320.000,1,0,33,
130246007000,252.000,2,245.000,29,244.000,21,243.000,20,241.000,9,86.000,1,254.000,30,256.000,18,258.000,20,260.000,20,320.000,1,0,33,
130246029000,252.000,2,245.000,29,244.000,21,243.000,20,241.000,29,86.000,1,254.000,30,256.000,38,258.000,20,260.000,20,320.000,1,0,33,
130246375000,252.000,2,245.000,29,244.000,21,243.000,20,241.000,49,86.000,1,254.000,30,256.000,58,258.000,20,260.000,20,320.000,1,0,33,
130250009000,252.000,2,245.000,29,243.000,20,241.000,49,86.000,1,84.000,3,254.000,9,256.000,58,258.000,20,260.000,20,320.000,1,0,33,
130250009000,252.000,2,245.000,50,243.000,20,241.000,49,86.000,1,84.000,3,254.000,30,256.000,58,258.000,20,260.000,20,320.000,1,0,33,
130251191000,252.000,2,245.000,50,243.000,20,241.000,29,86.000,1,84.000,3,254.000,30,256.000,38,258.000,20,260.000,20,320.000,1,0,33,
130251243000,252.000,2,245.000,30,243.000,20,241.000,29,86.000,1,84.000,3,254.000,30,256.000,38,258.000,20,320.000,1,400.000,1,0,33,
130251243000,252.000,2,246.000,20,245.000,30,243.000,20,241.000,29,86.000,1,254.000,30,256.000,38,258.000,20,261.000,20,320.000,1,0,33,
130251281000,252.000,2,246.000,20,245.000,30,243.000,20,241.000,9,86.000,1,254.000,30,256.000,18,258.000,20,261.000,20,320.000,1,0,33,
130251281000,252.000,2,246.000,20,245.000,30,243.000,20,242.000,20,241.000,9,254.000,30,256.000,18,257.000,20,258.000,20,261.000,20,0,33,
130251452000,252.000,2,246.000,20,245.000,30,243.000,20,242.000,40,241.000,9,254.000,30,256.000,18,257.000,40,258.000,20,261.000,20,0,33,
130251516000,252.000,2,246.000,29,245.000,30,243.000,20,242.000,40,241.000,9,254.000,30,256.000,18,257.000,40,258.000,20,261.000,20,0,33,
130251530000,252.000,2,246.000,29,245.000,30,243.000,20,242.000,20,241.000,9,254.000,30,256.000,18,257.000,20,258.000,20,261.000,20,0,33,
130251779000,252.000,2,246.000,29,245.000,30,243.000,20,242.000,20,241.000,29,254.000,30,256.000,38,257.000,20,258.000,20,261.000,20,0,33,
130253494000,252.000,2,246.000,9,245.000,30,243.000,20,242.000,20,241.000,29,254.000,30,256.000,38,257.000,20,258.000,20,320.000,1,0,33,
130253494000,252.000,2,246.000,9,245.000,50,243.000,20,242.000,20,241.000,29,254.000,30,256.000,38,257.000,20,258.000,20,260.000,20,0,33,
130253494000,252.000,2,245.000,50,243.000,20,242.000,20,241.000,29,86.000,1,254.000,30,256.000,38,257.000,20,258.000,20,260.000,20,0,33,
130255190000,252.000,2,245.000,50,242.000,20,241.000,29,86.000,1,84.000,3,254.000,30,256.000,38,257.000,20,260.000,20,320.000,1,0,33,
130255196000,252.000,2,245.000,50,241.000,29,86.000,1,84.000,3,39.000,20,254.000,30,256.000,38,260.000,20,320.000,1,400.000,1,0,33,
130255198000,252.000,2,245.000,29,241.000,29,86.000,1,84.000,3,39.000,20,254.000,9,256.000,38,260.000,20,320.000,1,400.000,1,0,33,
130255198000,252.000,2,245.000,29,244.000,21,241.000,29,86.000,1,84.000,3,254.000,30,256.000,38,260.000,20,320.000,1,400.000,1,0,33,
130255198000,252.000,2,245.000,29,241.000,29,86.000,1,84.000,3,39.000,20,254.000,9,256.000,38,260.000,20,320.000,1,400.000,1,0,33,
130255198000,252.000,2,245.000,29,243.000,21,241.000,29,86.000,1,84.000,3,254.000,30,256.000,38,260.000,20,320.000,1,400.000,1,0,33,
130255198000,252.000,2,245.000,29,243.000,21,241.000,49,86.000,1,84.000,3,254.000,30,256.000,58,260.000,20,320.000,1,400.000,1,0,33,
130255200000,252.000,2,245.000,29,243.000,21,241.000,29,86.000,1,84.000,3,254.000,30,256.000,38,260.000,20,320.000,1,400.000,1,0,33,
130255205000,252.000,2,245.000,29,243.000,21,241.000,29,86.000,1,84.000,3,254.000,21,256.000,38,260.000,20,320.000,1,400.000,1,0,33,
130255245000,252.000,2,245.000,9,243.000,21,241.000,29,86.000,1,84.000,3,254.000,21,256.000,38,320.000,1,400.000,1,414.000,1,0,33,
130255245000,252.000,2,245.000,9,243.000,41,241.000,29,86.000,1,84.000,3,254.000,21,256.000,38,258.000,20,320.000,1,400.000,1,0,33,
130255245000,252.000,2,243.000,41,241.000,29,86.000,1,84.000,3,39.000,20,254.000,21,256.000,38,258.000,20,320.000,1,400.000,1,0,33,
130255312000,252.000,2,243.000,41,241.000,29,240.000,20,86.000,1,84.000,3,254.000,21,255.000,20,256.000,38,258.000,20,320.000,1,0,33,
130255604000,252.000,2,243.000,41,241.000,29,240.000,20,86.000,1,84.000,3,254.000,30,255.000,20,256.000,38,258.000,20,320.000,1,0,33,
130255605000,252.000,2,243.000,50,241.000,29,240.000,20,86.000,1,84.000,3,254.000,30,255.000,20,256.000,38,258.000,20,320.000,1,0,33,
130255685000,252.000,2,243.000,50,241.000,29,86.000,1,84.000,3,39.000,20,254.000,30,256.000,38,258.000,20,320.000,1,400.000,1,0,33,
130255935000,252.000,2,243.000,50,241.000,29,240.000,20,86.000,1,84.000,3,254.000,30,255.000,20,256.000,38,258.000,20,320.000,1,0,33,
130256550000,252.000,2,243.000,50,241.000,29,86.000,1,84.000,3,39.000,20,254.000,30,256.000,38,258.000,20,320.000,1,400.000,1,0,33,
130256550000,252.000,2,243.000,50,241.000,29,239.000,20,86.000,1,84.000,3,254.000,50,256.000,38,258.000,20,320.000,1,400.000,1,0,33,
130256688000,252.000,2,243.000,29,241.000,29,239.000,20,86.000,1,84.000,3,254.000,29,256.000,38,258.000,20,320.000,1,400.000,1,0,33,
130256688000,252.000,2,243.000,29,242.000,21,241.000,29,239.000,20,86.000,1,254.000,50,256.000,38,258.000,20,320.000,1,400.000,1,0,33,
130257581000,252.000,2,243.000,29,242.000,21,241.000,20,239.000,20,86.000,1,254.000,50,256.000,38,258.000,20,320.000,1,400.000,1,0,33,
130257785000,252.000,2,243.000,29,242.000,21,241.000,20,239.000,20,238.000,9,254.000,50,256.000,38,258.000,20,320.000,1,400.000,1,0,33,
130258483000,252.000,2,243.000,29,241.000,20,239.000,20,238.000,9,86.000,1,254.000,29,256.000,38,258.000,20,320.000,1,400.000,1,0,33,
130258483000,252.000,2,243.000,29,241.000,41,239.000,20,238.000,9,86.000,1,254.000,50,256.000,38,258.000,20,320.000,1,400.000,1,0,33,
130258888000,252.000,2,243.000,29,241.000,20,239.000,20,238.000,9,86.000,1,254.000,29,256.000,38,258.000,20,320.000,1,400.000,1,0,33,
130258888000,252.000,2,243.000,29,242.000,21,241.000,20,239.000,20,238.000,9,254.000,50,256.000,38,258.000,20,320.000,1,400.000,1,0,33,
130259164000,252.000,2,243.000,29,242.000,21,241.000,20,240.000,20,239.000,20,254.000,50,255.000,20,256.000,38,258.000,20,320.000,1,0,33,
130259811000,252.000,2,243.000,29,241.000,20,240.000,20,239.000,20,238.000,9,254.000,29,255.000,20,256.000,38,258.000,20,320.000,1,0,33,
130259811000,252.000,2,243.000,29,241.000,41,240.000,20,239.000,20,238.000,9,254.000,50,255.000,20,256.000,38,258.000,20,320.000,1,0,33,
130300743000,252.000,2,243.000,9,241.000,41,240.000,20,239.000,20,238.000,9,254.000,50,255.000,20,256.000,38,320.000,1,400.000,1,0,33,
130300743000,252.000,2,243.000,9,242.000,20,241.000,41,240.000,20,239.000,20,254.000,50,255.000,20,256.000,38,257.000,20,320.000,1,0,33,
130300743000,252.000,2,242.000,20,241.000,41,240.000,20,239.000,20,238.000,9,254.000,50,255.000,20,256.000,38,257.000,20,320.000,1,0,33,
130300743000,252.000,2,242.000,20,241.000,50,240.000,20,239.000,20,238.000,9,254.000,50,255.000,20,256.000,38,257.000,20,320.000,1,0,33,
130300744000,252.000,2,242.000,29,241.000,50,240.000,20,239.000,20,238.000,9,254.000,50,255.000,20,256.000,38,257.000,20,320.000,1,0,33,
130300811000,252.000,2,242.000,29,241.000,29,240.000,20,239.000,20,238.000,9,254.000,29,255.000,20,256.000,38,257.000,20,320.000,1,0,33,
130300811000,252.000,2,242.000,50,241.000,29,240.000,20,239.000,20,238.000,9,254.000,50,255.000,20,256.000,38,257.000,20,320.000,1,0,33,
130301620000,252.000,2,242.000,30,241.000,29,240.000,20,239.000,20,238.000,9,254.000,50,255.000,20,256.000,38,320.000,1,400.000,1,0,33,
130301620000,252.000,2,243.000,20,242.000,30,241.000,29,240.000,20,239.000,20,254.000,50,255.000,20,256.000,38,258.000,20,320.000,1,0,33,
130301620000,252.000,2,243.000,29,242.000,30,241.000,29,240.000,20,239.000,20,254.000,50,255.000,20,256.000,38,258.000,20,320.000,1,0,33,
130302007000,252.000,2,243.000,29,242.000,30,241.000,20,240.000,20,239.000,20,254.000,50,255.000,20,256.000,38,258.000,20,320.000,1,0,33,
130305614000,252.000,2,243.000,29,242.000,30,241.000,20,240.000,20,238.000,9,254.000,30,255.000,20,256.000,38,258.000,20,320.000,1,0,33,
130305614000,252.000,2,243.000,29,242.000,30,241.000,20,240.000,40,238.000,9,254.000,30,255.000,40,256.000,38,258.000,20,320.000,1,0,33,
130305619000,252.000,2,243.000,9,242.000,30,241.000,20,240.000,40,238.000,9,254.000,30,255.000,40,256.000,38,320.000,1,400.000,1,0,33,
130305619000,252.000,2,244.000,20,243.000,9,242.000,30,241.000,20,240.000,40,254.000,30,255.000,40,256.000,38,259.000,20,320.000,1,0,33,
130305619000,252.000,2,244.000,20,242.000,30,241.000,20,240.000,40,238.000,9,254.000,30,255.000,40,256.000,38,259.000,20,320.000,1,0,33,
130305619000,252.000,2,244.000,29,242.000,30,241.000,20,240.000,40,238.000,9,254.000,30,255.000,40,256.000,38,259.000,20,320.000,1,0,33,
130305813000,252.000,2,244.000,29,242.000,9,241.000,20,240.000,40,238.000,9,254.000,9,255.000,40,256.000,38,259.000,20,320.000,1,0,33,
130305814000,252.000,2,244.000,29,243.000,21,242.000,9,241.000,20,240.000,40,254.000,30,255.000,40,256.000,38,259.000,20,320.000,1,0,33,
130305814000,252.000,2,244.000,29,243.000,21,242.000,9,241.000,20,240.000,40,254.000,21,255.000,40,256.000,38,259.000,20,320.000,1,0,33,
130305814000,252.000,2,244.000,29,243.000,21,242.000,9,241.000,20,240.000,40,254.000,21,255.000,49,256.000,38,259.000,20,320.000,1,0,33,
130306156000,252.000,2,244.000,29,243.000,21,242.000,9,241.000,20,240.000,40,254.000,30,255.000,49,256.000,38,259.000,20,320.000,1,0,33,
130306507000,252.000,2,244.000,29,243.000,21,242.000,9,241.000,20,240.000,40,254.000,30,255.000,49,256.000,29,259.000,20,320.000,1,0,33,
130306822000,252.000,2,244.000,29,243.000,21,242.000,9,241.000,20,240.000,20,254.000,30,255.000,29,256.000,29,259.000,20,320.000,1,0,33,
130306940000,252.000,2,244.000,29,243.000,21,242.000,9,241.000,20,238.000,9,254.000,30,255.000,9,256.000,29,259.000,20,320.000,1,0,33,
130306940000,252.000,2,244.000,29,243.000,21,242.000,9,241.000,40,238.000,9,254.000,30,255.000,9,256.000,49,259.000,20,320.000,1,0,33,
130307057000,252.000,2,244.000,29,243.000,21,242.000,9,241.000,20,238.000,9,254.000,30,255.000,9,256.000,29,259.000,20,320.000,1,0,33,
130307557000,252.000,2,244.000,29,243.000,21,242.000,9,241.000,20,240.000,20,254.000,30,255.000,29,256.000,29,259.000,20,320.000,1,0,33,
130307578000,252.000,2,244.000,29,243.000,21,242.000,9,241.000,40,240.000,20,254.000,30,255.000,29,256.000,49,259.000,20,320.000,1,0,33,
130309404000,252.000,2,244.000,29,242.000,9,241.000,40,240.000,20,238.000,9,254.000,9,255.000,29,256.000,49,259.000,20,320.000,1,0,33,
130309404000,252.000,2,244.000,50,242.000,9,241.000,40,240.000,20,238.000,9,254.000,30,255.000,29,256.000,49,259.000,20,320.000,1,0,33,
130309405000,252.000,2,244.000,50,242.000,9,241.000,40,240.000,20,238.000,9,254.000,21,255.000,29,256.000,49,259.000,20,320.000,1,0,33,
130309405000,252.000,2,244.000,50,242.000,9,241.000,40,240.000,20,238.000,9,254.000,30,255.000,29,256.000,49,259.000,20,320.000,1,0,33,
130312392000,252.000,2,244.000,29,242.000,9,241.000,40,240.000,20,238.000,9,254.000,9,255.000,29,256.000,49,259.000,20,320.000,1,0,33,
130312392000,252.000,2,244.000,29,243.000,21,242.000,9,241.000,40,240.000,20,254.000,30,255.000,29,256.000,49,259.000,20,320.000,1,0,33,
130312392000,252.000,2,244.000,29,243.000,21,242.000,9,241.000,40,240.000,20,254.000,21,255.000,29,256.000,49,259.000,20,320.000,1,0,33,
130312392000,252.000,2,244.000,29,243.000,21,242.000,9,241.000,40,240.000,20,254.000,30,255.000,29,256.000,49,259.000,20,320.000,1,0,33,
130313493000,252.000,2,244.000,9,243.000,21,242.000,9,241.000,40,240.000,20,254.000,30,255.000,29,256.000,49,320.000,1,400.000,1,0,33,
130313493000,252.000,2,244.000,9,243.000,41,242.000,9,241.000,40,240.000,20,254.000,30,255.000,29,256.000,49,258.000,20,320.000,1,0,33,
130313494000,252.000,2,244.000,9,243.000,50,242.000,9,241.000,40,240.000,20,254.000,30,255.000,29,256.000,49,258.000,20,320.000,1,0,33,
130313494000,252.000,2,243.000,50,242.000,9,241.000,40,240.000,20,238.000,9,254.000,30,255.000,29,256.000,49,258.000,20,320.000,1,0,33,
130313519000,252.000,2,243.000,50,242.000,9,241.000,40,238.000,9,86.000,1,254.000,30,255.000,9,256.000,49,258.000,20,320.000,1,0,33,
130313519000,252.000,2,243.000,50,242.000,9,241.000,40,239.000,20,238.000,9,254.000,50,255.000,9,256.000,49,258.000,20,320.000,1,0,33,
130313816000,252.000,2,243.000,50,242.000,9,241.000,20,239.000,20,238.000,9,254.000,50,255.000,9,256.000,29,258.000,20,320.000,1,0,33,
130313893000,252.000,2,243.000,50,242.000,9,241.000,20,239.000,40,238.000,9,254.000,70,255.000,9,256.000,29,258.000,20,320.000,1,0,33,
130314917000,252.000,2,243.000,29,242.000,9,241.000,20,239.000,40,238.000,9,254.000,49,255.000,9,256.000,29,258.000,20,320.000,1,0,33,
130314917000,252.000,2,243.000,29,242.000,30,241.000,20,239.000,40,238.000,9,254.000,70,255.000,9,256.000,29,258.000,20,320.000,1,0,33,
130319183000,252.000,2,243.000,29,242.000,30,241.000,20,239.000,20,238.000,9,254.000,50,255.000,9,256.000,29,258.000,20,320.000,1,0,33,
130319183000,252.000,2,243.000,29,242.000,30,241.000,20,240.000,20,239.000,20,254.000,50,255.000,29,256.000,29,258.000,20,320.000,1,0,33,
130319212000,252.000,2,243.000,29,242.000,30,241.000,20,240.000,20,238.000,9,254.000,30,255.000,29,256.000,29,258.000,20,320.000,1,0,33,
130319414000,252.000,2,243.000,29,242.000,9,241.000,20,240.000,20,238.000,9,254.000,9,255.000,29,256.000,29,258.000,20,320.000,1,0,33,
130319414000,252.000,2,243.000,50,242.000,9,241.000,20,240.000,20,238.000,9,254.000,30,255.000,29,256.000,29,258.000,20,320.000,1,0,33,
130319414000,252.000,2,243.000,50,242.000,9,241.000,20,240.000,20,238.000,9,254.000,21,255.000,29,256.000,29,258.000,20,320.000,1,0,33,
130319414000,252.000,2,243.000,50,242.000,9,241.000,20,240.000,20,238.000,9,254.000,30,255.000,29,256.000,29,258.000,20,320.000,1,0,33,
130319471000,252.000,2,243.000,50,242.000,9,241.000,20,240.000,40,238.000,9,254.000,30,255.000,49,256.000,29,258.000,20,320.000,1,0,33,
130320073000,252.000,2,243.000,50,242.000,9,241.000,20,240.000,20,238.000,9,254.000,30,255.000,29,256.000,29,258.000,20,320.000,1,0,33,
130320073000,252.000,2,243.000,50,242.000,9,241.000,20,240.000,20,239.000,20,254.000,50,255.000,29,256.000,29,258.000,20,320.000,1,0,33,
130322405000,252.000,2,243.000,29,242.000,9,241.000,20,240.000,20,239.000,20,254.000,29,255.000,29,256.000,29,258.000,20,320.000,1,0,33,
130322405000,252.000,2,243.000,29,242.000,30,241.000,20,240.000,20,239.000,20,254.000,50,255.000,29,256.000,29,258.000,20,320.000,1,0,33,
130323970000,252.000,2,243.000,29,242.000,30,240.000,20,239.000,20,238.000,9,254.000,50,255.000,29,256.000,9,258.000,20,320.000,1,0,33,
130323994000,252.000,2,243.000,9,242.000,30,240.000,20,239.000,20,238.000,9,254.000,50,255.000,29,256.000,9,320.000,1,400.000,1,0,33,
130323994000,252.000,2,243.000,9,242.000,50,240.000,20,239.000,20,238.000,9,254.000,50,255.000,29,256.000,9,257.000,20,320.000,1,0,33,
130323994000,252.000,2,242.000,50,240.000,20,239.000,20,238.000,9,86.000,1,254.000,50,255.000,29,256.000,9,257.000,20,320.000,1,0,33,
130324007000,252.000,2,242.000,50,240.000,20,239.000,40,238.000,9,86.000,1,254.000,70,255.000,29,256.000,9,257.000,20,320.000,1,0,33,
130326618000,252.000,2,242.000,30,240.000,20,239.000,40,238.000,9,86.000,1,254.000,70,255.000,29,256.000,9,320.000,1,400.000,1,0,33,
130326618000,252.000,2,243.000,20,242.000,30,240.000,20,239.000,40,238.000,9,254.000,70,255.000,29,256.000,9,258.000,20,320.000,1,0,33,
130326670000,252.000,2,243.000,20,242.000,30,239.000,40,238.000,9,86.000,1,254.000,70,255.000,9,256.000,9,258.000,20,320.000,1,0,33,
130327016000,252.000,2,243.000,29,242.000,30,239.000,40,238.000,9,86.000,1,254.000,70,255.000,9,256.000,9,258.000,20,320.000,1,0,33,
130327130000,252.000,2,243.000,29,242.000,30,240.000,20,239.000,40,238.000,9,254.000,70,255.000,29,256.000,9,258.000,20,320.000,1,0,33,
130327593000,252.000,2,243.000,29,242.000,30,240.000,20,239.000,40,238.000,9,254.000,70,255.000,29,258.000,20,320.000,1,400.000,1,0,33,
130327593000,252.000,2,243.000,29,242.000,30,240.000,20,239.000,40,238.000,9,254.000,79,255.000,29,258.000,20,320.000,1,400.000,1,0,33,
130330493000,252.000,2,243.000,9,242.000,30,240.000,20,239.000,40,238.000,9,254.000,79,255.000,29,320.000,1,400.000,1,414.000,1,0,33,
130330493000,252.000,2,243.000,9,242.000,50,240.000,20,239.000,40,238.000,9,254.000,79,255.000,29,257.000,20,320.000,1,400.000,1,0,33,
130330493000,252.000,2,242.000,50,240.000,20,239.000,40,238.000,9,86.000,1,254.000,79,255.000,29,257.000,20,320.000,1,400.000,1,0,33,
130338498000,252.000,2,242.000,30,240.000,20,239.000,40,238.000,9,86.000,1,254.000,79,255.000,29,320.000,1,400.000,1,414.000,1,0,33,
130338498000,252.000,2,243.000,20,242.000,30,240.000,20,239.000,40,238.000,9,254.000,79,255.000,29,258.000,20,320.000,1,400.000,1,0,33,
130338610000,252.000,2,243.000,20,242.000,30,240.000,20,239.000,20,238.000,9,254.000,59,255.000,29,258.000,20,320.000,1,400.000,1,0,33,
130338610000,252.000,2,243.000,20,242.000,30,240.000,40,239.000,20,238.000,9,254.000,59,255.000,49,258.000,20,320.000,1,400.000,1,0,33,
130338828000,252.000,2,243.000,20,242.000,9,240.000,40,239.000,20,238.000,9,254.000,38,255.000,49,258.000,20,320.000,1,400.000,1,0,33,
130338828000,252.000,2,243.000,41,242.000,9,240.000,40,239.000,20,238.000,9,254.000,59,255.000,49,258.000,20,320.000,1,400.000,1,0,33,
130338860000,252.000,2,243.000,41,242.000,9,240.000,20,239.000,20,238.000,9,254.000,59,255.000,29,258.000,20,320.000,1,400.000,1,0,33,
130338986000,252.000,2,243.000,50,242.000,9,240.000,20,239.000,20,238.000,9,254.000,59,255.000,29,258.000,20,320.000,1,400.000,1,0,33,
130339155000,252.000,2,243.000,50,242.000,9,240.000,20,239.000,40,238.000,9,254.000,79,255.000,29,258.000,20,320.000,1,400.000,1,0,33,
130339244000,252.000,2,243.000,30,242.000,9,240.000,20,239.000,40,238.000,9,254.000,79,255.000,29,320.000,1,400.000,1,414.000,1,0,33,
130339244000,252.000,2,244.000,20,243.000,30,242.000,9,240.000,20,239.000,40,254.000,79,255.000,29,259.000,20,320.000,1,400.000,1,0,33,
130339279000,252.000,2,244.000,20,243.000,30,242.000,9,240.000,20,239.000,20,254.000,59,255.000,29,259.000,20,320.000,1,400.000,1,0,33,
130339653000,252.000,2,244.000,20,243.000,30,242.000,9,240.000,40,239.000,20,254.000,59,255.000,49,259.000,20,320.000,1,400.000,1,0,33,
130340156000,252.000,2,244.000,29,243.000,30,242.000,9,240.000,40,239.000,20,254.000,59,255.000,49,259.000,20,320.000,1,400.000,1,0,33,
130340507000,252.000,2,244.000,29,243.000,30,240.000,40,239.000,20,238.000,9,254.000,59,255.000,49,259.000,20,320.000,1,400.000,1,0,33,
130341654000,252.000,2,244.000,29,243.000,30,240.000,20,239.000,20,238.000,9,254.000,59,255.000,29,259.000,20,320.000,1,400.000,1,0,33,
130341654000,252.000,2,244.000,29,243.000,30,240.000,20,239.000,40,238.000,9,254.000,79,255.000,29,259.000,20,320.000,1,400.000,1,0,33,
130341742000,252.000,2,244.000,9,243.000,30,240.000,20,239.000,40,238.000,9,254.000,79,255.000,29,320.000,1,400.000,1,414.000,1,0,33,
130341743000,252.000,2,244.000,9,243.000,50,240.000,20,239.000,40,238.000,9,254.000,79,255.000,29,258.000,20,320.000,1,400.000,1,0,33,
130341743000,252.000,2,243.000,50,240.000,20,239.000,40,238.000,9,86.000,1,254.000,79,255.000,29,258.000,20,320.000,1,400.000,1,0,33,
130344013000,252.000,2,243.000,50,240.000,20,239.000,20,238.000,9,86.000,1,254.000,59,255.000,29,258.000,20,320.000,1,400.000,1,0,33,
130344013000,252.000,2,243.000,50,240.000,20,239.000,20,238.000,29,86.000,1,253.000,20,254.000,59,255.000,29,258.000,20,320.000,1,0,33,
130344014000,252.000,2,243.000,50,240.000,20,239.000,20,238.000,29,86.000,1,253.000,29,254.000,59,255.000,29,258.000,20,320.000,1,0,33,
130344201000,252.000,2,243.000,29,240.000,20,239.000,20,238.000,29,86.000,1,253.000,29,254.000,38,255.000,29,258.000,20,320.000,1,0,33,
130344201000,252.000,2,243.000,29,242.000,21,240.000,20,239.000,20,238.000,29,252.000,21,253.000,29,254.000,38,255.000,29,258.000,20,0,33,
130344201000,252.000,2,243.000,29,242.000,21,240.000,20,239.000,20,238.000,29,252.000,30,253.000,29,254.000,38,255.000,29,258.000,20,0,33,
130344243000,252.000,2,243.000,9,242.000,21,240.000,20,239.000,20,238.000,29,252.000,30,253.000,29,254.000,38,255.000,29,320.000,1,0,33,
130344243000,252.000,2,243.000,9,242.000,41,240.000,20,239.000,20,238.000,29,252.000,30,253.000,29,254.000,38,255.000,29,257.000,20,0,33,
130344244000,252.000,2,243.000,9,242.000,50,240.000,20,239.000,20,238.000,29,252.000,30,253.000,29,254.000,38,255.000,29,257.000,20,0,33,
130344244000,252.000,2,242.000,50,240.000,20,239.000,20,238.000,29,86.000,1,252.000,30,253.000,29,254.000,38,255.000,29,257.000,20,0,33,
130344507000,252.000,2,242.000,50,240.000,20,239.000,20,238.000,29,86.000,1,252.000,30,253.000,29,254.000,38,255.000,20,257.000,20,0,33,
130344507000,252.000,2,242.000,50,240.000,20,239.000,20,238.000,29,86.000,1,252.000,30,253.000,29,254.000,29,255.000,20,257.000,20,0,33,
130344640000,252.000,2,242.000,50,240.000,20,239.000,20,238.000,9,86.000,1,252.000,30,253.000,9,254.000,29,255.000,20,257.000,20,0,33,
130344640000,252.000,2,242.000,50,240.000,20,239.000,40,238.000,9,86.000,1,252.000,30,253.000,9,254.000,49,255.000,20,257.000,20,0,33,
130346531000,252.000,2,242.000,50,240.000,20,239.000,20,238.000,9,86.000,1,252.000,30,253.000,9,254.000,29,255.000,20,257.000,20,0,33,
130346531000,252.000,2,242.000,50,240.000,20,239.000,20,238.000,29,86.000,1,252.000,30,253.000,29,254.000,29,255.000,20,257.000,20,0,33,
130346619000,252.000,2,242.000,30,240.000,20,239.000,20,238.000,29,86.000,1,252.000,30,253.000,29,254.000,29,255.000,20,320.000,1,0,33,
130346619000,252.000,2,242.000,30,241.000,20,240.000,20,239.000,20,238.000,29,252.000,30,253.000,29,254.000,29,255.000,20,256.000,20,0,33,
130346629000,252.000,2,242.000,30,241.000,20,239.000,20,238.000,29,86.000,1,252.000,30,253.000,29,254.000,29,256.000,20,320.000,1,0,33,
130346795000,252.000,2,242.000,30,241.000,20,239.000,40,238.000,29,86.000,1,252.000,30,253.000,29,254.000,49,256.000,20,320.000,1,0,33,
130346831000,252.000,2,242.000,9,241.000,20,239.000,40,238.000,29,86.000,1,252.000,9,253.000,29,254.000,49,256.000,20,320.000,1,0,33,
130346831000,252.000,2,242.000,9,241.000,41,239.000,40,238.000,29,86.000,1,252.000,30,253.000,29,254.000,49,256.000,20,320.000,1,0,33,
130346831000,252.000,2,241.000,41,239.000,40,238.000,29,86.000,1,84.000,3,252.000,30,253.000,29,254.000,49,256.000,20,320.000,1,0,33,
130346831000,252.000,2,241.000,50,239.000,40,238.000,29,86.000,1,84.000,3,252.000,30,253.000,29,254.000,49,256.000,20,320.000,1,0,33,
130346831000,252.000,2,241.000,50,239.000,40,238.000,29,86.000,1,84.000,3,252.000,21,253.000,29,254.000,49,256.000,20,320.000,1,0,33,
130347080000,252.000,2,241.000,50,239.000,40,238.000,29,86.000,1,84.000,3,252.000,30,253.000,29,254.000,49,256.000,20,320.000,1,0,33,
130347107000,252.000,2,241.000,50,239.000,40,238.000,9,86.000,1,84.000,3,252.000,30,253.000,9,254.000,49,256.000,20,320.000,1,0,33,
130347107000,252.000,2,241.000,50,239.000,60,238.000,9,86.000,1,84.000,3,252.000,30,253.000,9,254.000,69,256.000,20,320.000,1,0,33,
130347118000,252.000,2,241.000,30,239.000,60,238.000,9,86.000,1,84.000,3,252.000,30,253.000,9,254.000,69,320.000,1,400.000,1,0,33,
130347118000,252.000,2,242.000,20,241.000,30,239.000,60,238.000,9,86.000,1,252.000,30,253.000,9,254.000,69,257.000,20,320.000,1,0,33,
130347118000,252.000,2,242.000,29,241.000,30,239.000,60,238.000,9,86.000,1,252.000,30,253.000,9,254.000,69,257.000,20,320.000,1,0,33,
130347932000,252.000,2,242.000,29,241.000,9,239.000,60,238.000,9,86.000,1,252.000,9,253.000,9,254.000,69,257.000,20,320.000,1,0,33,
130347932000,252.000,2,242.000,50,241.000,9,239.000,60,238.000,9,86.000,1,252.000,30,253.000,9,254.000,69,257.000,20,320.000,1,0,33,
130350989000,252.000,2,242.000,50,241.000,9,239.000,40,238.000,9,86.000,1,252.000,30,253.000,9,254.000,49,257.000,20,320.000,1,0,33,
130350989000,252.000,2,242.000,50,241.000,9,239.000,40,238.000,29,86.000,1,252.000,30,253.000,29,254.000,49,257.000,20,320.000,1,0,33,
130351118000,252.000,2,242.000,50,241.000,9,239.000,40,238.000,9,86.000,1,252.000,30,253.000,9,254.000,49,257.000,20,320.000,1,0,33,
130351493000,252.000,2,242.000,50,241.000,9,239.000,40,238.000,29,86.000,1,252.000,30,253.000,29,254.000,49,257.000,20,320.000,1,0,33,
130353869000,252.000,2,242.000,50,241.000,9,239.000,40,238.000,9,86.000,1,252.000,30,253.000,9,254.000,49,257.000,20,320.000,1,0,33,
130353869000,252.000,2,242.000,50,241.000,9,239.000,60,238.000,9,86.000,1,252.000,30,253.000,9,254.000,69,257.000,20,320.000,1,0,33,
130354237000,252.000,2,242.000,50,241.000,9,239.000,40,238.000,9,86.000,1,252.000,30,253.000,9,254.000,49,257.000,20,320.000,1,0,33,
130354486000,252.000,2,242.000,50,241.000,9,239.000,40,238.000,29,86.000,1,252.000,30,253.000,29,254.000,49,257.000,20,320.000,1,0,33,
130354834000,252.000,2,242.000,29,241.000,9,239.000,40,238.000,29,86.000,1,252.000,9,253.000,29,254.000,49,257.000,20,320.000,1,0,33,
130354834000,252.000,2,242.000,29,241.000,30,239.000,40,238.000,29,86.000,1,252.000,30,253.000,29,254.000,49,257.000,20,320.000,1,0,33,
130354835000,252.000,2,242.000,29,241.000,30,239.000,40,238.000,29,86.000,1,252.000,21,253.000,29,254.000,49,257.000,20,320.000,1,0,33,
130354835000,252.000,2,242.000,29,241.000,30,239.000,40,238.000,29,86.000,1,252.000,30,253.000,29,254.000,49,257.000,20,320.000,1,0,33,
130355835000,252.000,2,242.000,29,241.000,9,239.000,40,238.000,29,86.000,1,252.000,9,253.000,29,254.000,49,257.000,20,320.000,1,0,33,
130355835000,252.000,2,242.000,50,241.000,9,239.000,40,238.000,29,86.000,1,252.000,30,253.000,29,254.000,49,257.000,20,320.000,1,0,33,
130355835000,252.000,2,242.000,50,241.000,9,239.000,40,238.000,29,86.000,1,252.000,21,253.000,29,254.000,49,257.000,20,320.000,1,0,33,
130355835000,252.000,2,242.000,50,241.000,9,239.000,40,238.000,29,86.000,1,252.000,30,253.000,29,254.000,49,257.000,20,320.000,1,0,33,
130356118000,252.000,2,242.000,30,241.000,9,239.000,40,238.000,29,86.000,1,252.000,30,253.000,29,254.000,49,320.000,1,400.000,1,0,33,
130356118000,252.000,2,242.000,30,241.000,29,239.000,40,238.000,29,86.000,1,252.000,30,253.000,29,254.000,49,256.000,20,320.000,1,0,33,
130356426000,252.000,2,242.000,9,241.000,29,239.000,40,238.000,29,86.000,1,252.000,9,253.000,29,254.000,49,256.000,20,320.000,1,0,33,
130356426000,252.000,2,242.000,9,241.000,50,239.000,40,238.000,29,86.000,1,252.000,30,253.000,29,254.000,49,256.000,20,320.000,1,0,33,
130356427000,252.000,2,241.000,50,239.000,40,238.000,29,86.000,1,84.000,3,252.000,30,253.000,29,254.000,49,256.000,20,320.000,1,0,33,
130356427000,252.000,2,241.000,50,239.000,40,238.000,29,86.000,1,84.000,3,252.000,21,253.000,29,254.000,49,256.000,20,320.000,1,0,33,
130356427000,252.000,2,241.000,50,239.000,40,238.000,29,86.000,1,84.000,3,252.000,30,253.000,29,254.000,49,256.000,20,320.000,1,0,33,
130357242000,252.000,2,241.000,50,239.000,40,238.000,9,86.000,1,84.000,3,252.000,30,253.000,9,254.000,49,256.000,20,320.000,1,0,33,
130357242000,252.000,2,241.000,50,239.000,60,238.000,9,86.000,1,84.000,3,252.000,30,253.000,9,254.000,69,256.000,20,320.000,1,0,33,
130357367000,252.000,2,241.000,50,239.000,40,238.000,9,86.000,1,84.000,3,252.000,30,253.000,9,254.000,49,256.000,20,320.000,1,0,33,
130357427000,252.000,2,241.000,29,239.000,40,238.000,9,86.000,1,84.000,3,252.000,9,253.000,9,254.000,49,256.000,20,320.000,1,0,33,
130357427000,252.000,2,242.000,21,241.000,29,239.000,40,238.000,9,86.000,1,252.000,30,253.000,9,254.000,49,256.000,20,320.000,1,0,33,
130357427000,252.000,2,242.000,21,241.000,29,239.000,40,238.000,9,86.000,1,252.000,30,253.000,9,254.000,58,256.000,20,320.000,1,0,33,
130357427000,252.000,2,242.000,30,241.000,29,239.000,40,238.000,9,86.000,1,252.000,30,253.000,9,254.000,58,256.000,20,320.000,1,0,33,
130357427000,252.000,2,242.000,30,241.000,29,239.000,40,238.000,9,86.000,1,252.000,21,253.000,9,254.000,58,256.000,20,320.000,1,0,33,
130357427000,252.000,2,242.000,30,241.000,29,239.000,40,238.000,9,86.000,1,252.000,30,253.000,9,254.000,58,256.000,20,320.000,1,0,33,
130357506000,252.000,2,242.000,30,241.000,29,239.000,40,238.000,9,86.000,1,252.000,30,253.000,9,254.000,49,256.000,20,320.000,1,0,33,
130357742000,252.000,2,242.000,30,241.000,29,239.000,40,238.000,29,86.000,1,252.000,30,253.000,29,254.000,49,256.000,20,320.000,1,0,33,
130357836000,252.000,2,242.000,9,241.000,29,239.000,40,238.000,29,86.000,1,252.000,9,253.000,29,254.000,49,256.000,20,320.000,1,0,33,
130357836000,252.000,2,242.000,9,241.000,50,239.000,40,238.000,29,86.000,1,252.000,30,253.000,29,254.000,49,256.000,20,320.000,1,0,33,
130357836000,252.000,2,241.000,50,239.000,40,238.000,29,86.000,1,84.000,3,252.000,30,253.000,29,254.000,49,256.000,20,320.000,1,0,33,
130357836000,252.000,2,241.000,50,239.000,40,238.000,29,86.000,1,84.000,3,252.000,21,253.000,29,254.000,49,256.000,20,320.000,1,0,33,
130357836000,252.000,2,241.000,50,239.000,40,238.000,29,86.000,1,84.000,3,252.000,30,253.000,29,254.000,49,256.000,20,320.000,1,0,33,
130359349000,252.000,2,241.000,50,239.000,40,238.000,9,86.000,1,84.000,3,252.000,30,253.000,9,254.000,49,256.000,20,320.000,1,0,33,
130359349000,252.000,2,241.000,50,239.000,60,238.000,9,86.000,1,84.000,3,252.000,30,253.000,9,254.000,69,256.000,20,320.000,1,0,33,
130359494000,252.000,2,241.000,30,239.000,60,238.000,9,86.000,1,84.000,3,252.000,30,253.000,9,254.000,69,320.000,1,400.000,1,0,33,
130359494000,252.000,2,242.000,20,241.000,30,239.000,60,238.000,9,86.000,1,252.000,30,253.000,9,254.000,69,257.000,20,320.000,1,0,33,
130359790000,252.000,2,242.000,29,241.000,30,239.000,60,238.000,9,86.000,1,252.000,30,253.000,9,254.000,69,257.000,20,320.000,1,0,33,
130359837000,252.000,2,242.000,29,241.000,9,239.000,60,238.000,9,86.000,1,252.000,9,253.000,9,254.000,69,257.000,20,320.000,1,0,33,
130359837000,252.000,2,242.000,50,241.000,9,239.000,60,238.000,9,86.000,1,252.000,30,253.000,9,254.000,69,257.000,20,320.000,1,0,33,
130359837000,252.000,2,242.000,50,241.000,9,239.000,60,238.000,9,86.000,1,252.000,30,253.000,9,254.000,78,257.000,20,320.000,1,0,33,
130359837000,252.000,2,242.000,50,241.000,9,239.000,60,238.000,9,86.000,1,252.000,21,253.000,9,254.000,78,257.000,20,320.000,1,0,33,
130359837000,252.000,2,242.000,50,241.000,9,239.000,60,238.000,9,86.000,1,252.000,30,253.000,9,254.000,78,257.000,20,320.000,1,0,33,
130400021000,252.000,2,242.000,50,241.000,9,239.000,60,238.000,9,86.000,1,252.000,30,253.000,9,254.000,69,257.000,20,320.000,1,0,33,
130400023000,252.000,2,242.000,30,241.000,9,239.000,60,238.000,9,86.000,1,252.000,30,253.000,9,254.000,69,320.000,1,400.000,1,0,33,
130400023000,252.000,2,243.000,20,242.000,30,241.000,9,239.000,60,238.000,9,252.000,30,253.000,9,254.000,69,258.000,20,320.000,1,0,33,
130400027000,252.000,2,243.000,20,242.000,30,241.000,9,239.000,40,238.000,9,252.000,30,253.000,9,254.000,49,258.000,20,320.000,1,0,33,
130400073000,252.000,2,242.000,30,241.000,9,239.000,40,238.000,9,86.000,1,252.000,30,253.000,9,254.000,49,320.000,1,400.000,1,0,33,
130400073000,252.000,2,242.000,50,241.000,9,239.000,40,238.000,9,86.000,1,252.000,30,253.000,9,254.000,49,257.000,20,320.000,1,0,33,
130400120000,252.000,2,242.000,30,241.000,9,239.000,40,238.000,9,86.000,1,252.000,30,253.000,9,254.000,49,320.000,1,400.000,1,0,33,
130400120000,252.000,2,243.000,20,242.000,30,241.000,9,239.000,40,238.000,9,252.000,30,253.000,9,254.000,49,258.000,20,320.000,1,0,33,
130400156000,252.000,2,243.000,20,242.000,30,241.000,9,240.000,20,239.000,40,252.000,30,253.000,9,254.000,49,255.000,20,258.000,20,0,33,
130400374000,252.000,2,243.000,29,242.000,30,241.000,9,240.000,20,239.000,40,252.000,30,253.000,9,254.000,49,255.000,20,258.000,20,0,33,
130400493000,252.000,2,243.000,9,242.000,30,241.000,9,240.000,20,239.000,40,252.000,30,253.000,9,254.000,49,255.000,20,320.000,1,0,33,
130400493000,252.000,2,244.000,20,243.000,9,242.000,30,241.000,9,240.000,20,252.000,30,253.000,9,254.000,49,255.000,20,259.000,20,0,33,
130400493000,252.000,2,244.000,20,242.000,30,241.000,9,240.000,20,239.000,40,252.000,30,253.000,9,254.000,49,255.000,20,259.000,20,0,33,
130400493000,252.000,2,244.000,29,242.000,30,241.000,9,240.000,20,239.000,40,252.000,30,253.000,9,254.000,49,255.000,20,259.000,20,0,33,
130400507000,252.000,2,244.000,29,242.000,30,240.000,20,239.000,40,238.000,9,252.000,30,253.000,9,254.000,49,255.000,20,259.000,20,0,33,
130400507000,252.000,2,244.000,29,242.000,30,240.000,20,239.000,20,238.000,9,252.000,30,253.000,9,254.000,29,255.000,20,259.000,20,0,33,
130400507000,252.000,2,244.000,29,242.000,30,241.000,20,240.000,20,239.000,20,252.000,30,253.000,9,254.000,29,255.000,20,256.000,20,0,33,
130400863000,252.000,2,244.000,29,242.000,30,241.000,20,240.000,20,238.000,9,252.000,30,253.000,9,254.000,9,255.000,20,256.000,20,0,33,
130400884000,252.000,2,244.000,29,242.000,30,241.000,20,238.000,9,86.000,1,252.000,30,253.000,9,254.000,9,256.000,20,259.000,20,0,33,
130400884000,252.000,2,244.000,29,242.000,30,241.000,40,238.000,9,86.000,1,252.000,30,253.000,9,254.000,9,256.000,40,259.000,20,0,33,
130400937000,252.000,2,244.000,29,242.000,9,241.000,40,238.000,9,86.000,1,252.000,9,253.000,9,254.000,9,256.000,40,259.000,20,0,33,
130400937000,252.000,2,244.000,29,243.000,21,242.000,9,241.000,40,238.000,9,252.000,30,253.000,9,254.000,9,256.000,40,259.000,20,0,33,
130400937000,252.000,2,244.000,29,243.000,21,242.000,9,241.000,40,238.000,9,252.000,21,253.000,9,254.000,9,256.000,40,259.000,20,0,33,
130400964000,252.000,2,244.000,29,243.000,21,242.000,9,241.000,40,86.000,1,252.000,21,253.000,9,254.000,9,256.000,40,259.000,20,0,33,
130400965000,252.000,2,244.000,29,243.000,21,242.000,9,241.000,40,240.000,9,252.000,21,253.000,9,254.000,9,256.000,40,259.000,20,0,33,
130401474000,252.000,2,244.000,29,243.000,21,242.000,9,241.000,40,240.000,9,252.000,30,253.000,9,254.000,9,256.000,40,259.000,20,0,33,
130402793000,252.000,2,244.000,29,243.000,21,242.000,9,241.000,20,240.000,9,252.000,30,253.000,9,254.000,9,256.000,20,259.000,20,0,33,
130402793000,252.000,2,244.000,29,243.000,21,242.000,9,241.000,20,240.000,29,252.000,30,253.000,9,254.000,9,255.000,20,256.000,20,0,33,
130403100000,252.000,2,244.000,29,243.000,21,242.000,9,241.000,20,240.000,49,252.000,30,253.000,9,254.000,9,255.000,40,256.000,20,0,33,
130404405000,252.000,2,244.000,29,243.000,21,242.000,9,241.000,20,240.000,29,252.000,30,253.000,9,254.000,9,255.000,20,256.000,20,0,33,
130404405000,252.000,2,244.000,29,243.000,21,242.000,9,241.000,40,240.000,29,252.000,30,253.000,9,254.000,9,255.000,20,256.000,40,0,33,
130405152000,252.000,2,244.000,29,243.000,21,242.000,9,241.000,20,240.000,29,252.000,30,253.000,9,254.000,9,255.000,20,256.000,20,0,33,
130405152000,252.000,2,244.000,29,243.000,21,242.000,9,241.000,20,240.000,49,252.000,30,253.000,9,254.000,9,255.000,40,256.000,20,0,33,
130415368000,252.000,2,244.000,9,243.000,21,242.000,9,241.000,20,240.000,49,252.000,30,253.000,9,254.000,9,255.000,40,256.000,20,0,33,
130415368000,252.000,2,244.000,9,243.000,41,242.000,9,241.000,20,240.000,49,252.000,30,253.000,9,254.000,9,255.000,40,256.000,20,0,33,
130415368000,252.000,2,243.000,41,242.000,9,241.000,20,240.000,49,86.000,1,252.000,30,253.000,9,254.000,9,255.000,40,256.000,20,0,33,
130415368000,252.000,2,243.000,50,242.000,9,241.000,20,240.000,49,86.000,1,252.000,30,253.000,9,254.000,9,255.000,40,256.000,20,0,33,
130417479000,252.000,2,243.000,50,242.000,9,241.000,20,240.000,29,86.000,1,252.000,30,253.000,9,254.000,9,255.000,20,256.000,20,0,33,
130417536000,252.000,2,243.000,50,242.000,9,241.000,20,240.000,9,86.000,1,252.000,30,253.000,9,254.000,9,256.000,20,258.000,20,0,33,
130417536000,252.000,2,243.000,50,242.000,9,241.000,20,240.000,9,239.000,20,252.000,30,253.000,9,254.000,29,256.000,20,258.000,20,0,33,
130417675000,252.000,2,243.000,50,242.000,9,240.000,9,239.000,20,86.000,1,252.000,30,253.000,9,254.000,29,258.000,20,320.000,1,0,33,
130417720000,252.000,2,243.000,30,242.000,9,240.000,9,239.000,20,86.000,1,252.000,30,253.000,9,254.000,29,320.000,1,400.000,1,0,33,
130417720000,252.000,2,243.000,30,242.000,29,240.000,9,239.000,20,86.000,1,252.000,30,253.000,9,254.000,29,257.000,20,320.000,1,0,33,
130417720000,252.000,2,243.000,9,242.000,29,240.000,9,239.000,20,86.000,1,252.000,9,253.000,9,254.000,29,257.000,20,320.000,1,0,33,
130417720000,252.000,2,243.000,9,242.000,50,240.000,9,239.000,20,86.000,1,252.000,30,253.000,9,254.000,29,257.000,20,320.000,1,0,33,
130417721000,252.000,2,243.000,9,242.000,50,240.000,9,239.000,20,86.000,1,252.000,30,253.000,9,254.000,38,257.000,20,320.000,1,0,33,
130417721000,252.000,2,243.000,9,242.000,50,240.000,9,239.000,20,86.000,1,252.000,21,253.000,9,254.000,38,257.000,20,320.000,1,0,33,
130417721000,252.000,2,242.000,50,240.000,9,239.000,20,86.000,1,84.000,3,252.000,21,253.000,9,254.000,38,257.000,20,320.000,1,0,33,
130417721000,252.000,2,242.000,50,240.000,9,239.000,20,86.000,1,84.000,3,252.000,30,253.000,9,254.000,38,257.000,20,320.000,1,0,33,
130417721000,252.000,2,243.000,9,242.000,50,240.000,9,239.000,20,86.000,1,252.000,30,253.000,9,254.000,38,257.000,20,320.000,1,0,33,
130417722000,252.000,2,242.000,50,240.000,9,239.000,20,86.000,1,84.000,3,252.000,30,253.000,9,254.000,38,257.000,20,320.000,1,0,33,
130417823000,252.000,2,242.000,50,240.000,9,239.000,20,238.000,20,86.000,1,252.000,30,253.000,29,254.000,38,257.000,20,320.000,1,0,33,
130418007000,252.000,2,242.000,50,240.000,9,239.000,40,238.000,20,86.000,1,252.000,30,253.000,29,254.000,58,257.000,20,320.000,1,0,33,
130418007000,252.000,2,242.000,50,240.000,9,239.000,40,238.000,20,86.000,1,252.000,30,253.000,29,254.000,49,257.000,20,320.000,1,0,33,
130418199000,252.000,2,242.000,50,239.000,40,238.000,20,86.000,1,84.000,3,252.000,30,253.000,29,254.000,49,257.000,20,320.000,1,0,33,
130418206000,252.000,2,242.000,50,239.000,20,238.000,20,86.000,1,84.000,3,252.000,30,253.000,29,254.000,29,257.000,20,320.000,1,0,33,
130418245000,252.000,2,242.000,30,239.000,20,238.000,20,86.000,1,84.000,3,252.000,30,253.000,29,254.000,29,320.000,1,400.000,1,0,33,
130418245000,252.000,2,242.000,30,241.000,20,239.000,20,238.000,20,86.000,1,252.000,30,253.000,29,254.000,29,256.000,20,320.000,1,0,33,
130418338000,252.000,2,242.000,30,241.000,20,239.000,20,238.000,20,237.000,20,252.000,50,253.000,29,254.000,29,256.000,20,320.000,1,0,33,
130418640000,252.000,2,242.000,30,241.000,20,239.000,20,238.000,20,237.000,29,252.000,50,253.000,29,254.000,29,256.000,20,320.000,1,0,33,
130418945000,252.000,2,242.000,9,241.000,20,239.000,20,238.000,20,237.000,29,252.000,29,253.000,29,254.000,29,256.000,20,320.000,1,0,33,
130418945000,252.000,2,242.000,9,241.000,41,239.000,20,238.000,20,237.000,29,252.000,50,253.000,29,254.000,29,256.000,20,320.000,1,0,33,
130418945000,252.000,2,242.000,9,241.000,50,239.000,20,238.000,20,237.000,29,252.000,50,253.000,29,254.000,29,256.000,20,320.000,1,0,33,
130418945000,252.000,2,241.000,50,239.000,20,238.000,20,237.000,29,86.000,1,252.000,50,253.000,29,254.000,29,256.000,20,320.000,1,0,33,
130419054000,252.000,2,241.000,50,239.000,20,238.000,20,237.000,9,86.000,1,252.000,30,253.000,29,254.000,29,256.000,20,320.000,1,0,33,
130419054000,252.000,2,241.000,50,239.000,20,238.000,40,237.000,9,86.000,1,252.000,30,253.000,49,254.000,29,256.000,20,320.000,1,0,33,
130420033000,252.000,2,241.000,50,239.000,20,238.000,20,237.000,9,86.000,1,252.000,30,253.000,29,254.000,29,256.000,20,320.000,1,0,33,
130420033000,252.000,2,241.000,50,239.000,20,238.000,20,237.000,29,86.000,1,252.000,50,253.000,29,254.000,29,256.000,20,320.000,1,0,33,
130420118000,252.000,2,241.000,30,239.000,20,238.000,20,237.000,29,86.000,1,252.000,50,253.000,29,254.000,29,320.000,1,400.000,1,0,33,
130420118000,252.000,2,241.000,30,240.000,20,239.000,20,238.000,20,237.000,29,252.000,50,253.000,29,254.000,29,255.000,20,320.000,1,0,33,
130420503000,252.000,2,241.000,30,240.000,20,239.000,20,237.000,29,86.000,1,252.000,50,253.000,9,254.000,29,255.000,20,320.000,1,0,33,
130420892000,252.000,2,241.000,9,240.000,20,239.000,20,237.000,29,86.000,1,252.000,29,253.000,9,254.000,29,255.000,20,320.000,1,0,33,
130420892000,252.000,2,241.000,9,240.000,41,239.000,20,237.000,29,86.000,1,252.000,50,253.000,9,254.000,29,255.000,20,320.000,1,0,33,
130420892000,252.000,2,240.000,41,239.000,20,237.000,29,86.000,1,84.000,3,252.000,50,253.000,9,254.000,29,255.000,20,320.000,1,0,33,
130420927000,252.000,2,240.000,41,237.000,29,86.000,1,84.000,3,39.000,20,252.000,50,253.000,9,254.000,9,255.000,20,320.000,1,0,33,
130421007000,252.000,2,240.000,41,237.000,49,86.000,1,84.000,3,39.000,20,252.000,70,253.000,9,254.000,9,255.000,20,320.000,1,0,33,
130421092000,252.000,2,240.000,50,237.000,49,86.000,1,84.000,3,39.000,20,252.000,70,253.000,9,254.000,9,255.000,20,320.000,1,0,33,
130422969000,252.000,2,240.000,50,237.000,69,86.000,1,84.000,3,39.000,20,252.000,90,253.000,9,254.000,9,255.000,20,320.000,1,0,33,
130425744000,252.000,2,240.000,30,237.000,69,86.000,1,84.000,3,39.000,20,252.000,90,253.000,9,254.000,9,320.000,1,400.000,1,0,33,
130425744000,252.000,2,240.000,30,239.000,20,237.000,69,86.000,1,84.000,3,252.000,90,253.000,9,254.000,29,320.000,1,400.000,1,0,33,
130425848000,252.000,2,240.000,9,239.000,20,237.000,69,86.000,1,84.000,3,252.000,69,253.000,9,254.000,29,320.000,1,400.000,1,0,33,
130425848000,252.000,2,240.000,9,239.000,41,237.000,69,86.000,1,84.000,3,252.000,90,253.000,9,254.000,29,320.000,1,400.000,1,0,33,
130425848000,252.000,2,239.000,41,237.000,69,86.000,1,84.000,3,39.000,20,252.000,90,253.000,9,254.000,29,320.000,1,400.000,1,0,33,
130425848000,252.000,2,239.000,50,237.000,69,86.000,1,84.000,3,39.000,20,252.000,90,253.000,9,254.000,29,320.000,1,400.000,1,0,33,
130426891000,252.000,2,239.000,50,237.000,49,86.000,1,84.000,3,39.000,20,252.000,70,253.000,9,254.000,29,320.000,1,400.000,1,0,33,
130426891000,252.000,2,239.000,50,237.000,49,236.000,20,86.000,1,84.000,3,251.000,20,252.000,70,253.000,9,254.000,29,320.000,1,0,33,
130426892000,252.000,2,239.000,50,237.000,49,236.000,20,86.000,1,84.000,3,251.000,29,252.000,70,253.000,9,254.000,29,320.000,1,0,33,
130427007000,252.000,2,239.000,50,237.000,49,236.000,20,86.000,1,84.000,3,251.000,29,252.000,70,254.000,29,320.000,1,400.000,1,0,33,
130427469000,252.000,2,239.000,29,237.000,49,236.000,20,86.000,1,84.000,3,251.000,29,252.000,49,254.000,29,320.000,1,400.000,1,0,33,
130427469000,252.000,2,239.000,50,237.000,49,236.000,20,86.000,1,84.000,3,250.000,21,251.000,29,252.000,49,254.000,29,320.000,1,0,33,
130427469000,252.000,2,239.000,50,237.000,49,236.000,20,86.000,1,84.000,3,250.000,30,251.000,29,252.000,49,254.000,29,320.000,1,0,33,
130427507000,252.000,2,239.000,50,237.000,49,236.000,20,86.000,1,84.000,3,250.000,30,251.000,29,252.000,40,254.000,29,320.000,1,0,33,
130427879000,252.000,2,239.000,50,237.000,49,86.000,1,84.000,3,39.000,20,250.000,30,251.000,9,252.000,40,254.000,29,320.000,1,0,33,
130427879000,252.000,2,239.000,50,237.000,69,86.000,1,84.000,3,39.000,20,250.000,30,251.000,9,252.000,60,254.000,29,320.000,1,0,33,
130428502000,252.000,2,239.000,50,237.000,49,86.000,1,84.000,3,39.000,20,250.000,30,251.000,9,252.000,40,254.000,29,320.000,1,0,33,
130428502000,252.000,2,239.000,50,237.000,49,236.000,20,86.000,1,84.000,3,250.000,30,251.000,29,252.000,40,254.000,29,320.000,1,0,33,
130429910000,252.000,2,239.000,50,237.000,49,86.000,1,84.000,3,39.000,20,250.000,30,251.000,9,252.000,40,254.000,29,320.000,1,0,33,
130429910000,252.000,2,239.000,50,237.000,69,86.000,1,84.000,3,39.000,20,250.000,30,251.000,9,252.000,60,254.000,29,320.000,1,0,33,
130429994000,252.000,2,239.000,30,237.000,69,86.000,1,84.000,3,39.000,20,250.000,30,251.000,9,252.000,60,254.000,9,320.000,1,0,33,
130429994000,252.000,2,240.000,20,239.000,30,237.000,69,86.000,1,84.000,3,250.000,30,251.000,9,252.000,60,254.000,9,255.000,20,0,33,
130429994000,252.000,2,240.000,29,239.000,30,237.000,69,86.000,1,84.000,3,250.000,30,251.000,9,252.000,60,254.000,9,255.000,20,0,33,
130430227000,252.000,2,240.000,29,239.000,30,237.000,69,86.000,1,84.000,3,250.000,30,251.000,9,252.000,60,255.000,20,320.000,1,0,33,
130430227000,252.000,2,240.000,29,239.000,30,237.000,69,86.000,1,84.000,3,250.000,30,251.000,18,252.000,60,255.000,20,320.000,1,0,33,
130431393000,252.000,2,240.000,29,239.000,30,237.000,49,86.000,1,84.000,3,250.000,30,251.000,18,252.000,40,255.000,20,320.000,1,0,33,
130431393000,252.000,2,240.000,29,239.000,30,237.000,49,236.000,20,86.000,1,250.000,30,251.000,38,252.000,40,255.000,20,320.000,1,0,33,
130432999000,252.000,2,240.000,29,239.000,30,237.000,49,86.000,1,84.000,3,250.000,30,251.000,18,252.000,40,255.000,20,320.000,1,0,33,
130432999000,252.000,2,240.000,29,239.000,30,237.000,69,86.000,1,84.000,3,250.000,30,251.000,18,252.000,60,255.000,20,320.000,1,0,33,
130433120000,252.000,2,240.000,9,239.000,30,237.000,69,86.000,1,84.000,3,250.000,30,251.000,18,252.000,60,320.000,1,400.000,1,0,33,
130433120000,252.000,2,240.000,9,239.000,50,237.000,69,86.000,1,84.000,3,250.000,30,251.000,18,252.000,60,254.000,20,320.000,1,0,33,
130433120000,252.000,2,239.000,50,237.000,69,86.000,1,84.000,3,39.000,20,250.000,30,251.000,18,252.000,60,254.000,20,320.000,1,0,33,
130433138000,252.000,2,239.000,50,237.000,49,86.000,1,84.000,3,39.000,20,250.000,30,251.000,18,252.000,40,254.000,20,320.000,1,0,33,
130433369000,252.000,2,239.000,30,237.000,49,86.000,1,84.000,3,39.000,20,250.000,30,251.000,18,252.000,40,320.000,1,400.000,1,0,33,
130433369000,252.000,2,240.000,20,239.000,30,237.000,49,86.000,1,84.000,3,250.000,30,251.000,18,252.000,40,255.000,20,320.000,1,0,33,
130433369000,252.000,2,240.000,29,239.000,30,237.000,49,86.000,1,84.000,3,250.000,30,251.000,18,252.000,40,255.000,20,320.000,1,0,33,
130433471000,252.000,2,240.000,29,239.000,9,237.000,49,86.000,1,84.000,3,250.000,9,251.000,18,252.000,40,255.000,20,320.000,1,0,33,
130433471000,252.000,2,240.000,50,239.000,9,237.000,49,86.000,1,84.000,3,250.000,30,251.000,18,252.000,40,255.000,20,320.000,1,0,33,
130433471000,252.000,2,240.000,50,239.000,9,237.000,49,86.000,1,84.000,3,250.000,21,251.000,18,252.000,40,255.000,20,320.000,1,0,33,
130433471000,252.000,2,240.000,50,239.000,9,237.000,49,86.000,1,84.000,3,250.000,30,251.000,18,252.000,40,255.000,20,320.000,1,0,33,
130433607000,252.000,2,240.000,50,239.000,9,237.000,69,86.000,1,84.000,3,250.000,30,251.000,18,252.000,60,255.000,20,320.000,1,0,33,
130433842000,252.000,2,240.000,50,239.000,9,237.000,49,86.000,1,84.000,3,250.000,30,251.000,18,252.000,40,255.000,20,320.000,1,0,33,
130433869000,252.000,2,240.000,30,239.000,9,237.000,49,86.000,1,84.000,3,250.000,30,251.000,18,252.000,40,320.000,1,400.000,1,0,33,
130433869000,252.000,2,241.000,20,240.000,30,239.000,9,237.000,49,86.000,1,250.000,30,251.000,18,252.000,40,256.000,20,320.000,1,0,33,
130433869000,252.000,2,241.000,29,240.000,30,239.000,9,237.000,49,86.000,1,250.000,30,251.000,18,252.000,40,256.000,20,320.000,1,0,33,
130434007000,252.000,2,241.000,29,240.000,30,237.000,49,86.000,1,84.000,3,250.000,30,251.000,18,252.000,40,256.000,20,320.000,1,0,33,
130434215000,252.000,2,241.000,29,240.000,30,237.000,69,86.000,1,84.000,3,250.000,30,251.000,18,252.000,60,256.000,20,320.000,1,0,33,
130436932000,252.000,2,241.000,29,240.000,30,237.000,49,86.000,1,84.000,3,250.000,30,251.000,18,252.000,40,256.000,20,320.000,1,0,33,
130436932000,252.000,2,241.000,29,240.000,30,238.000,20,237.000,49,86.000,1,250.000,30,251.000,18,252.000,40,253.000,20,256.000,20,0,33,
130437120000,252.000,2,241.000,29,240.000,30,238.000,20,237.000,29,86.000,1,250.000,30,251.000,18,252.000,20,253.000,20,256.000,20,0,33,
130437121000,252.000,2,241.000,29,240.000,30,238.000,20,237.000,9,86.000,1,250.000,30,251.000,18,253.000,20,256.000,20,320.000,1,0,33,
130437125000,252.000,2,241.000,9,240.000,30,238.000,20,237.000,9,86.000,1,250.000,30,251.000,18,253.000,20,320.000,1,400.000,1,0,33,
130437125000,252.000,2,242.000,20,241.000,9,240.000,30,238.000,20,237.000,9,250.000,30,251.000,18,253.000,20,257.000,20,320.000,1,0,33,
130437126000,252.000,2,242.000,20,240.000,30,238.000,20,237.000,9,86.000,1,250.000,30,251.000,18,253.000,20,257.000,20,320.000,1,0,33,
130437126000,252.000,2,242.000,29,240.000,30,238.000,20,237.000,9,86.000,1,250.000,30,251.000,18,253.000,20,257.000,20,320.000,1,0,33,
130437249000,252.000,2,242.000,29,240.000,30,237.000,9,86.000,1,84.000,3,250.000,30,251.000,18,257.000,20,320.000,1,400.000,1,0,33,
130437252000,252.000,2,242.000,29,240.000,30,239.000,20,237.000,9,86.000,1,250.000,30,251.000,18,254.000,20,257.000,20,320.000,1,0,33,
130437253000,252.000,2,242.000,29,240.000,9,239.000,20,237.000,9,86.000,1,250.000,9,251.000,18,254.000,20,257.000,20,320.000,1,0,33,
130437253000,252.000,2,242.000,29,241.000,21,240.000,9,239.000,20,237.000,9,250.000,30,251.000,18,254.000,20,257.000,20,320.000,1,0,33,
130437254000,252.000,2,242.000,29,241.000,21,240.000,9,239.000,20,237.000,9,250.000,21,251.000,18,254.000,20,257.000,20,320.000,1,0,33,
130437254000,252.000,2,242.000,29,241.000,21,240.000,9,239.000,20,237.000,9,250.000,30,251.000,18,254.000,20,257.000,20,320.000,1,0,33,
130437366000,252.000,2,242.000,29,241.000,21,240.000,9,239.000,20,238.000,20,250.000,30,251.000,18,253.000,20,254.000,20,257.000,20,0,33,
130437498000,252.000,2,242.000,29,241.000,21,240.000,9,239.000,40,238.000,20,250.000,30,251.000,18,253.000,20,254.000,40,257.000,20,0,33,
130437991000,252.000,2,242.000,29,241.000,21,240.000,9,239.000,20,238.000,20,250.000,30,251.000,18,253.000,20,254.000,20,257.000,20,0,33,
130438002000,252.000,2,242.000,29,241.000,21,240.000,9,239.000,20,238.000,40,250.000,30,251.000,18,253.000,40,254.000,20,257.000,20,0,33,
130440475000,252.000,2,242.000,29,241.000,21,240.000,9,239.000,20,238.000,20,250.000,30,251.000,18,253.000,20,254.000,20,257.000,20,0,33,
130440475000,252.000,2,242.000,29,241.000,21,240.000,9,239.000,40,238.000,20,250.000,30,251.000,18,253.000,20,254.000,40,257.000,20,0,33,
130440580000,252.000,2,242.000,29,241.000,21,240.000,9,239.000,40,238.000,20,250.000,30,251.000,9,253.000,20,254.000,40,257.000,20,0,33,
130440704000,252.000,2,242.000,29,241.000,21,240.000,9,239.000,40,238.000,20,250.000,30,251.000,9,253.000,29,254.000,40,257.000,20,0,33,
130441451000,252.000,2,242.000,29,241.000,21,240.000,9,239.000,20,238.000,20,250.000,30,251.000,9,253.000,29,254.000,20,257.000,20,0,33,
130441451000,252.000,2,242.000,29,241.000,21,240.000,9,239.000,20,238.000,40,250.000,30,251.000,9,253.000,49,254.000,20,257.000,20,0,33,
130443287000,252.000,2,242.000,29,241.000,21,240.000,9,239.000,20,238.000,20,250.000,30,251.000,9,253.000,29,254.000,20,257.000,20,0,33,
130443287000,252.000,2,242.000,29,241.000,21,240.000,9,239.000,40,238.000,20,250.000,30,251.000,9,253.000,29,254.000,40,257.000,20,0,33,
130444286000,252.000,2,242.000,29,241.000,21,240.000,9,239.000,20,238.000,20,250.000,30,251.000,9,253.000,29,254.000,20,257.000,20,0,33,
130444286000,252.000,2,242.000,29,241.000,21,240.000,9,239.000,20,238.000,40,250.000,30,251.000,9,253.000,49,254.000,20,257.000,20,0,33,
130444653000,252.000,2,242.000,29,241.000,21,240.000,9,239.000,20,238.000,20,250.000,30,251.000,9,253.000,29,254.000,20,257.000,20,0,33,
130444903000,252.000,2,242.000,29,241.000,21,240.000,9,239.000,40,238.000,20,250.000,30,251.000,9,253.000,29,254.000,40,257.000,20,0,33,
130445277000,252.000,2,242.000,29,241.000,21,240.000,9,239.000,20,238.000,20,250.000,30,251.000,9,253.000,29,254.000,20,257.000,20,0,33,
130445403000,252.000,2,242.000,29,241.000,21,240.000,9,239.000,40,238.000,20,250.000,30,251.000,9,253.000,29,254.000,40,257.000,20,0,33,
130448743000,252.000,2,242.000,9,241.000,21,240.000,9,239.000,40,238.000,20,250.000,30,251.000,9,253.000,29,254.000,40,320.000,1,0,33,
130448743000,252.000,2,242.000,9,241.000,41,240.000,9,239.000,40,238.000,20,250.000,30,251.000,9,253.000,29,254.000,40,256.000,20,0,33,
130448744000,252.000,2,241.000,41,240.000,9,239.000,40,238.000,20,237.000,9,250.000,30,251.000,9,253.000,29,254.000,40,256.000,20,0,33,
130448744000,252.000,2,241.000,50,240.000,9,239.000,40,238.000,20,237.000,9,250.000,30,251.000,9,253.000,29,254.000,40,256.000,20,0,33,
130451001000,252.000,2,241.000,50,240.000,9,239.000,20,238.000,20,237.000,9,250.000,30,251.000,9,253.000,29,254.000,20,256.000,20,0,33,
130451001000,252.000,2,241.000,50,240.000,9,239.000,20,238.000,40,237.000,9,250.000,30,251.000,9,253.000,49,254.000,20,256.000,20,0,33,
130451147000,252.000,2,241.000,50,240.000,9,239.000,20,238.000,20,237.000,9,250.000,30,251.000,9,253.000,29,254.000,20,256.000,20,0,33,
130451523000,252.000,2,241.000,50,240.000,9,239.000,20,238.000,40,237.000,9,250.000,30,251.000,9,253.000,49,254.000,20,256.000,20,0,33,
130452431000,252.000,2,241.000,30,240.000,9,239.000,20,238.000,40,237.000,9,250.000,30,251.000,9,253.000,49,254.000,20,320.000,1,0,33,
130452431000,252.000,2,242.000,20,241.000,30,240.000,9,239.000,20,238.000,40,250.000,30,251.000,9,253.000,49,254.000,20,257.000,20,0,33,
130452436000,252.000,2,242.000,20,241.000,30,240.000,9,239.000,20,238.000,20,250.000,30,251.000,9,253.000,29,254.000,20,257.000,20,0,33,
130452436000,252.000,2,242.000,20,241.000,30,240.000,9,239.000,40,238.000,20,250.000,30,251.000,9,253.000,29,254.000,40,257.000,20,0,33,
130452439000,252.000,2,242.000,20,241.000,30,240.000,9,239.000,20,238.000,20,250.000,30,251.000,9,253.000,29,254.000,20,257.000,20,0,33,
130452744000,252.000,2,241.000,30,240.000,9,239.000,20,238.000,20,237.000,9,250.000,30,251.000,9,253.000,29,254.000,20,320.000,1,0,33,
130452744000,252.000,2,243.000,20,241.000,30,240.000,9,239.000,20,238.000,20,250.000,30,251.000,9,253.000,29,254.000,20,258.000,20,0,33,
130452760000,252.000,2,243.000,20,241.000,9,240.000,9,239.000,20,238.000,20,250.000,9,251.000,9,253.000,29,254.000,20,258.000,20,0,33,
130452760000,252.000,2,243.000,20,242.000,21,241.000,9,240.000,9,239.000,20,250.000,30,251.000,9,253.000,29,254.000,20,258.000,20,0,33,
130452760000,252.000,2,243.000,20,242.000,21,241.000,9,240.000,9,239.000,20,250.000,21,251.000,9,253.000,29,254.000,20,258.000,20,0,33,
130452928000,252.000,2,243.000,20,242.000,21,241.000,9,240.000,29,239.000,20,250.000,21,251.000,9,253.000,29,254.000,20,255.000,20,0,33,
130453062000,252.000,2,243.000,20,242.000,21,241.000,9,240.000,29,239.000,20,250.000,30,251.000,9,253.000,29,254.000,20,255.000,20,0,33,
130453062000,252.000,2,243.000,29,242.000,21,241.000,9,240.000,29,239.000,20,250.000,30,251.000,9,253.000,29,254.000,20,255.000,20,0,33,
130453507000,252.000,2,243.000,29,242.000,21,241.000,9,240.000,20,239.000,20,250.000,30,251.000,9,253.000,29,254.000,20,255.000,20,0,33,
130454951000,252.000,2,243.000,29,242.000,21,241.000,9,240.000,20,239.000,29,250.000,30,251.000,9,253.000,29,254.000,20,255.000,20,0,33,
130455581000,252.000,2,243.000,29,242.000,21,241.000,9,240.000,20,239.000,29,250.000,30,251.000,9,253.000,9,254.000,20,255.000,20,0,33,
130456530000,252.000,2,243.000,29,242.000,21,241.000,9,240.000,20,239.000,49,250.000,30,251.000,9,253.000,9,254.000,40,255.000,20,0,33,
130500118000,252.000,2,243.000,9,242.000,21,241.000,9,240.000,20,239.000,49,250.000,30,251.000,9,253.000,9,254.000,40,255.000,20,0,33,
130500118000,252.000,2,243.000,9,242.000,41,241.000,9,240.000,20,239.000,49,250.000,30,251.000,9,253.000,9,254.000,40,255.000,20,0,33,
130500118000,252.000,2,243.000,9,242.000,50,241.000,9,240.000,20,239.000,49,250.000,30,251.000,9,253.000,9,254.000,40,255.000,20,0,33,
130500118000,252.000,2,242.000,50,241.000,9,240.000,20,239.000,49,86.000,1,250.000,30,251.000,9,253.000,9,254.000,40,255.000,20,0,33,
130500153000,252.000,2,242.000,50,241.000,9,239.000,49,86.000,1,84.000,3,250.000,30,251.000,9,253.000,9,254.000,40,257.000,20,0,33,
130500153000,252.000,2,242.000,50,241.000,9,239.000,69,86.000,1,84.000,3,250.000,30,251.000,9,253.000,9,254.000,60,257.000,20,0,33,
130502416000,252.000,2,242.000,50,241.000,9,239.000,49,86.000,1,84.000,3,250.000,30,251.000,9,253.000,9,254.000,40,257.000,20,0,33,
130503382000,252.000,2,242.000,50,241.000,9,239.000,69,86.000,1,84.000,3,250.000,30,251.000,9,253.000,9,254.000,60,257.000,20,0,33,
130509616000,252.000,2,242.000,50,241.000,9,239.000,49,86.000,1,84.000,3,250.000,30,251.000,9,253.000,9,254.000,40,257.000,20,0,33,
130509617000,252.000,2,242.000,50,241.000,9,239.000,49,238.000,20,86.000,1,250.000,30,251.000,9,253.000,29,254.000,40,257.000,20,0,33,
130509740000,252.000,2,242.000,50,241.000,9,239.000,49,86.000,1,84.000,3,250.000,30,251.000,9,253.000,9,254.000,40,257.000,20,0,33,
130510235000,252.000,2,242.000,50,241.000,9,239.000,69,86.000,1,84.000,3,250.000,30,251.000,9,253.000,9,254.000,60,257.000,20,0,33,
130510601000,252.000,2,242.000,50,241.000,9,239.000,49,86.000,1,84.000,3,250.000,30,251.000,9,253.000,9,254.000,40,257.000,20,0,33,
130510618000,252.000,2,242.000,30,241.000,9,239.000,49,86.000,1,84.000,3,250.000,30,251.000,9,253.000,9,254.000,40,320.000,1,0,33,
130510618000,252.000,2,242.000,30,241.000,29,239.000,49,86.000,1,84.000,3,250.000,30,251.000,9,253.000,9,254.000,40,256.000,20,0,33,
130510861000,252.000,2,242.000,30,241.000,29,239.000,49,238.000,20,86.000,1,250.000,30,251.000,9,253.000,29,254.000,40,256.000,20,0,33,
130510867000,252.000,2,242.000,9,241.000,29,239.000,49,238.000,20,86.000,1,250.000,9,251.000,9,253.000,29,254.000,40,256.000,20,0,33,
130510867000,252.000,2,242.000,9,241.000,50,239.000,49,238.000,20,86.000,1,250.000,30,251.000,9,253.000,29,254.000,40,256.000,20,0,33,
130510867000,252.000,2,242.000,9,241.000,50,239.000,49,238.000,20,86.000,1,250.000,21,251.000,9,253.000,29,254.000,40,256.000,20,0,33,
130510867000,252.000,2,242.000,9,241.000,50,239.000,49,238.000,20,86.000,1,250.000,21,251.000,9,253.000,38,254.000,40,256.000,20,0,33,
130510867000,252.000,2,241.000,50,239.000,49,238.000,20,86.000,1,84.000,3,250.000,21,251.000,9,253.000,38,254.000,40,256.000,20,0,33,
130510868000,252.000,2,241.000,50,239.000,49,238.000,20,86.000,1,84.000,3,250.000,30,251.000,9,253.000,38,254.000,40,256.000,20,0,33,
130511007000,252.000,2,241.000,50,239.000,49,238.000,20,86.000,1,84.000,3,250.000,30,251.000,9,253.000,29,254.000,40,256.000,20,0,33,
130511680000,252.000,2,241.000,50,239.000,40,238.000,20,86.000,1,84.000,3,250.000,30,251.000,9,253.000,29,254.000,40,256.000,20,0,33,
130511696000,252.000,2,241.000,50,239.000,20,238.000,20,86.000,1,84.000,3,250.000,30,251.000,9,253.000,29,254.000,20,256.000,20,0,33,
130511743000,252.000,2,241.000,30,239.000,20,238.000,20,86.000,1,84.000,3,250.000,30,251.000,9,253.000,29,254.000,20,320.000,1,0,33,
130511743000,252.000,2,241.000,30,240.000,20,239.000,20,238.000,20,86.000,1,250.000,30,251.000,9,253.000,29,254.000,20,255.000,20,0,33,
130511805000,252.000,2,241.000,30,240.000,20,239.000,20,238.000,20,236.000,9,250.000,30,251.000,9,253.000,29,254.000,20,255.000,20,0,33,
130511860000,252.000,2,241.000,30,240.000,20,239.000,20,236.000,9,86.000,1,250.000,30,251.000,9,253.000,9,254.000,20,255.000,20,0,33,
130511860000,252.000,2,241.000,30,240.000,20,239.000,20,237.000,20,236.000,9,250.000,30,251.000,9,252.000,20,253.000,9,254.000,20,0,33,
130511930000,252.000,2,241.000,9,240.000,20,239.000,20,237.000,20,236.000,9,250.000,9,251.000,9,252.000,20,253.000,9,254.000,20,0,33,
130511930000,252.000,2,241.000,9,240.000,41,239.000,20,237.000,20,236.000,9,250.000,30,251.000,9,252.000,20,253.000,9,254.000,20,0,33,
130511930000,252.000,2,241.000,9,240.000,41,239.000,20,237.000,20,236.000,9,250.000,30,251.000,9,252.000,29,253.000,9,254.000,20,0,33,
130511930000,252.000,2,241.000,9,240.000,50,239.000,20,237.000,20,236.000,9,250.000,30,251.000,9,252.000,29,253.000,9,254.000,20,0,33,
130511930000,252.000,2,241.000,9,240.000,50,239.000,20,237.000,20,236.000,9,250.000,21,251.000,9,252.000,29,253.000,9,254.000,20,0,33,
130511930000,252.000,2,240.000,50,239.000,20,237.000,20,236.000,9,86.000,1,250.000,21,251.000,9,252.000,29,253.000,9,254.000,20,0,33,
130511930000,252.000,2,240.000,50,239.000,20,237.000,20,236.000,9,86.000,1,250.000,30,251.000,9,252.000,29,253.000,9,254.000,20,0,33,
130512007000,252.000,2,240.000,50,237.000,20,236.000,9,86.000,1,84.000,3,250.000,30,251.000,9,252.000,29,253.000,9,255.000,20,0,33,
130512007000,252.000,2,240.000,50,237.000,40,236.000,9,86.000,1,84.000,3,250.000,30,251.000,9,252.000,49,253.000,9,255.000,20,0,33,
130512007000,252.000,2,240.000,50,237.000,40,236.000,9,86.000,1,84.000,3,250.000,30,251.000,9,252.000,40,253.000,9,255.000,20,0,33,
130512142000,252.000,2,240.000,50,237.000,40,236.000,9,86.000,1,84.000,3,250.000,30,251.000,9,252.000,40,255.000,20,320.000,1,0,33,
130512144000,252.000,2,240.000,50,237.000,40,236.000,9,86.000,1,84.000,3,250.000,30,251.000,18,252.000,40,255.000,20,320.000,1,0,33,
130512619000,252.000,2,240.000,30,237.000,40,236.000,9,86.000,1,84.000,3,250.000,30,251.000,18,252.000,40,320.000,1,400.000,1,0,33,
130512619000,252.000,2,240.000,30,239.000,20,237.000,40,236.000,9,86.000,1,250.000,30,251.000,18,252.000,40,254.000,20,320.000,1,0,33,
130513244000,252.000,2,240.000,30,237.000,40,236.000,9,86.000,1,84.000,3,250.000,30,251.000,18,252.000,40,320.000,1,400.000,1,0,33,
130513244000,252.000,2,240.000,50,237.000,40,236.000,9,86.000,1,84.000,3,250.000,30,251.000,18,252.000,40,255.000,20,320.000,1,0,33,
130513372000,252.000,2,240.000,50,237.000,20,236.000,9,86.000,1,84.000,3,250.000,30,251.000,18,252.000,20,255.000,20,320.000,1,0,33,
130513372000,252.000,2,240.000,50,238.000,20,237.000,20,236.000,9,86.000,1,250.000,30,251.000,18,252.000,20,253.000,20,255.000,20,0,33,
130513745000,252.000,2,240.000,30,238.000,20,237.000,20,236.000,9,86.000,1,250.000,30,251.000,18,252.000,20,253.000,20,320.000,1,0,33,
130513745000,252.000,2,241.000,20,240.000,30,238.000,20,237.000,20,236.000,9,250.000,30,251.000,18,252.000,20,253.000,20,256.000,20,0,33,
130513745000,252.000,2,241.000,29,240.000,30,238.000,20,237.000,20,236.000,9,250.000,30,251.000,18,252.000,20,253.000,20,256.000,20,0,33,
130513900000,252.000,2,241.000,29,240.000,9,238.000,20,237.000,20,236.000,9,250.000,9,251.000,18,252.000,20,253.000,20,256.000,20,0,33,
130513900000,252.000,2,241.000,50,240.000,9,238.000,20,237.000,20,236.000,9,250.000,30,251.000,18,252.000,20,253.000,20,256.000,20,0,33,
130513901000,252.000,2,241.000,50,240.000,9,238.000,20,237.000,20,236.000,9,250.000,21,251.000,18,252.000,20,253.000,20,256.000,20,0,33,
130513901000,252.000,2,241.000,50,240.000,9,238.000,20,237.000,20,236.000,9,250.000,30,251.000,18,252.000,20,253.000,20,256.000,20,0,33,
130514649000,252.000,2,241.000,50,240.000,9,239.000,20,238.000,20,237.000,20,250.000,30,251.000,18,252.000,20,253.000,20,254.000,20,0,33,
130515135000,252.000,2,241.000,50,240.000,9,239.000,20,237.000,20,236.000,9,250.000,30,251.000,18,252.000,20,254.000,20,256.000,20,0,33,
130515135000,252.000,2,241.000,50,240.000,9,239.000,40,237.000,20,236.000,9,250.000,30,251.000,18,252.000,20,254.000,40,256.000,20,0,33,
130515259000,252.000,2,241.000,50,240.000,9,239.000,20,237.000,20,236.000,9,250.000,30,251.000,18,252.000,20,254.000,20,256.000,20,0,33,
130515634000,252.000,2,241.000,50,240.000,9,239.000,20,238.000,20,237.000,20,250.000,30,251.000,18,252.000,20,253.000,20,254.000,20,0,33,
130515883000,252.000,2,241.000,50,240.000,9,239.000,20,237.000,20,236.000,9,250.000,30,251.000,18,252.000,20,254.000,20,256.000,20,0,33,
130516133000,252.000,2,241.000,50,240.000,9,239.000,20,238.000,20,237.000,20,250.000,30,251.000,18,252.000,20,253.000,20,254.000,20,0,33,
130516259000,252.000,2,241.000,50,240.000,9,239.000,20,237.000,20,236.000,9,250.000,30,251.000,18,252.000,20,254.000,20,256.000,20,0,33,
130516745000,252.000,2,241.000,50,240.000,9,239.000,40,237.000,20,236.000,9,250.000,30,251.000,18,252.000,20,254.000,40,256.000,20,0,33,
130517029000,252.000,2,241.000,50,240.000,9,239.000,40,236.000,9,86.000,1,250.000,30,251.000,18,254.000,40,256.000,20,320.000,1,0,33,
130517031000,252.000,2,241.000,50,240.000,9,239.000,40,236.000,9,86.000,1,250.000,30,251.000,9,254.000,40,256.000,20,320.000,1,0,33,
130517031000,252.000,2,241.000,50,240.000,9,239.000,40,86.000,1,84.000,3,250.000,30,251.000,9,254.000,40,256.000,20,320.000,1,0,33,
130517032000,252.000,2,241.000,50,240.000,9,239.000,40,86.000,1,84.000,3,250.000,30,251.000,9,253.000,9,254.000,40,256.000,20,0,33,
130517032000,252.000,2,241.000,50,240.000,9,239.000,40,238.000,9,86.000,1,250.000,30,251.000,9,253.000,9,254.000,40,256.000,20,0,33,
130517118000,252.000,2,241.000,30,240.000,9,239.000,40,238.000,9,86.000,1,250.000,30,251.000,9,253.000,9,254.000,40,320.000,1,0,33,
130517118000,252.000,2,242.000,20,241.000,30,240.000,9,239.000,40,238.000,9,250.000,30,251.000,9,253.000,9,254.000,40,257.000,20,0,33,
130517118000,252.000,2,242.000,29,241.000,30,240.000,9,239.000,40,238.000,9,250.000,30,251.000,9,253.000,9,254.000,40,257.000,20,0,33,
130517247000,252.000,2,242.000,29,241.000,30,240.000,9,239.000,60,238.000,9,250.000,30,251.000,9,253.000,9,254.000,60,257.000,20,0,33,
130517507000,252.000,2,242.000,29,241.000,30,239.000,60,238.000,9,86.000,1,250.000,30,251.000,9,253.000,9,254.000,60,257.000,20,0,33,
130520618000,252.000,2,242.000,9,241.000,30,239.000,60,238.000,9,86.000,1,250.000,30,251.000,9,253.000,9,254.000,60,320.000,1,0,33,
130520618000,252.000,2,242.000,9,241.000,50,239.000,60,238.000,9,86.000,1,250.000,30,251.000,9,253.000,9,254.000,60,256.000,20,0,33,
130520618000,252.000,2,241.000,50,239.000,60,238.000,9,86.000,1,84.000,3,250.000,30,251.000,9,253.000,9,254.000,60,256.000,20,0,33,
130527743000,252.000,2,241.000,30,239.000,60,238.000,9,86.000,1,84.000,3,250.000,30,251.000,9,253.000,9,254.000,60,320.000,1,0,33,
130527743000,252.000,2,242.000,20,241.000,30,239.000,60,238.000,9,86.000,1,250.000,30,251.000,9,253.000,9,254.000,60,257.000,20,0,33,
130527743000,252.000,2,242.000,29,241.000,30,239.000,60,238.000,9,86.000,1,250.000,30,251.000,9,253.000,9,254.000,60,257.000,20,0,33,
130529449000,252.000,2,242.000,29,241.000,30,239.000,40,238.000,9,86.000,1,250.000,30,251.000,9,253.000,9,254.000,40,257.000,20,0,33,
130529449000,252.000,2,242.000,29,241.000,30,240.000,20,239.000,40,238.000,9,250.000,30,251.000,9,253.000,9,254.000,40,255.000,20,0,33,
130529946000,252.000,2,242.000,29,241.000,9,240.000,20,239.000,40,238.000,9,250.000,9,251.000,9,253.000,9,254.000,40,255.000,20,0,33,
130529946000,252.000,2,242.000,50,241.000,9,240.000,20,239.000,40,238.000,9,250.000,30,251.000,9,253.000,9,254.000,40,255.000,20,0,33,
130532447000,252.000,2,242.000,50,241.000,9,239.000,40,238.000,9,86.000,1,250.000,30,251.000,9,253.000,9,254.000,40,257.000,20,0,33,
130532447000,252.000,2,242.000,50,241.000,9,239.000,60,238.000,9,86.000,1,250.000,30,251.000,9,253.000,9,254.000,60,257.000,20,0,33,
130532838000,252.000,2,242.000,50,241.000,9,239.000,40,238.000,9,86.000,1,250.000,30,251.000,9,253.000,9,254.000,40,257.000,20,0,33,
130532870000,252.000,2,242.000,30,241.000,9,239.000,40,238.000,9,86.000,1,250.000,30,251.000,9,253.000,9,254.000,40,320.000,1,0,33,
130532870000,252.000,2,243.000,20,242.000,30,241.000,9,239.000,40,238.000,9,250.000,30,251.000,9,253.000,9,254.000,40,258.000,20,0,33,
130533001000,252.000,2,243.000,20,242.000,30,241.000,9,240.000,20,239.000,40,250.000,30,251.000,9,253.000,9,254.000,40,255.000,20,0,33,
130533931000,252.000,2,243.000,29,242.000,30,241.000,9,240.000,20,239.000,40,250.000,30,251.000,9,253.000,9,254.000,40,255.000,20,0,33,
130534007000,252.000,2,243.000,29,242.000,30,240.000,20,239.000,40,238.000,9,250.000,30,251.000,9,253.000,9,254.000,40,255.000,20,0,33,
130534498000,252.000,2,243.000,29,242.000,30,239.000,40,238.000,9,86.000,1,250.000,30,251.000,9,253.000,9,254.000,40,258.000,20,0,33,
130534498000,252.000,2,243.000,29,242.000,30,241.000,20,239.000,40,238.000,9,250.000,30,251.000,9,253.000,9,254.000,40,256.000,20,0,33,
130534700000,252.000,2,243.000,29,242.000,30,241.000,20,239.000,20,238.000,9,250.000,30,251.000,9,253.000,9,254.000,20,256.000,20,0,33,
130535615000,252.000,2,243.000,29,242.000,30,239.000,20,238.000,9,86.000,1,250.000,30,251.000,9,253.000,9,254.000,20,258.000,20,0,33,
130535615000,252.000,2,243.000,29,242.000,30,240.000,20,239.000,20,238.000,9,250.000,30,251.000,9,253.000,9,254.000,20,255.000,20,0,33,
130536427000,252.000,2,243.000,29,242.000,30,240.000,20,239.000,40,238.000,9,250.000,30,251.000,9,253.000,9,254.000,40,255.000,20,0,33,
130538958000,252.000,2,243.000,29,242.000,30,239.000,40,238.000,9,86.000,1,250.000,30,251.000,9,253.000,9,254.000,40,258.000,20,0,33,
130538958000,252.000,2,243.000,29,242.000,30,239.000,60,238.000,9,86.000,1,250.000,30,251.000,9,253.000,9,254.000,60,258.000,20,0,33,
130538994000,252.000,2,243.000,9,242.000,30,239.000,60,238.000,9,86.000,1,250.000,30,251.000,9,253.000,9,254.000,60,320.000,1,0,33,
130538994000,252.000,2,243.000,9,242.000,50,239.000,60,238.000,9,86.000,1,250.000,30,251.000,9,253.000,9,254.000,60,257.000,20,0,33,
130538995000,252.000,2,242.000,50,239.000,60,238.000,9,86.000,1,84.000,3,250.000,30,251.000,9,253.000,9,254.000,60,257.000,20,0,33,
130542530000,252.000,2,242.000,50,239.000,40,238.000,9,86.000,1,84.000,3,250.000,30,251.000,9,253.000,9,254.000,40,257.000,20,0,33,
130543101000,252.000,2,242.000,50,239.000,40,238.000,29,86.000,1,84.000,3,250.000,30,251.000,9,253.000,29,254.000,40,257.000,20,0,33,
130545119000,252.000,2,242.000,30,239.000,40,238.000,29,86.000,1,84.000,3,250.000,30,251.000,9,253.000,29,254.000,40,320.000,1,0,33,
130545119000,252.000,2,242.000,30,241.000,20,239.000,40,238.000,29,86.000,1,250.000,30,251.000,9,253.000,29,254.000,40,256.000,20,0,33,
130545416000,252.000,2,242.000,30,241.000,20,239.000,20,238.000,29,86.000,1,250.000,30,251.000,9,253.000,29,254.000,20,256.000,20,0,33,
130545416000,252.000,2,242.000,30,241.000,20,239.000,20,238.000,49,86.000,1,250.000,30,251.000,9,253.000,49,254.000,20,256.000,20,0,33,
130545485000,252.000,2,242.000,9,241.000,20,239.000,20,238.000,49,86.000,1,250.000,9,251.000,9,253.000,49,254.000,20,256.000,20,0,33,
130545485000,252.000,2,242.000,9,241.000,41,239.000,20,238.000,49,86.000,1,250.000,30,251.000,9,253.000,49,254.000,20,256.000,20,0,33,
130545485000,252.000,2,242.000,9,241.000,50,239.000,20,238.000,49,86.000,1,250.000,30,251.000,9,253.000,49,254.000,20,256.000,20,0,33,
130545485000,252.000,2,242.000,9,241.000,50,239.000,20,238.000,49,86.000,1,250.000,30,251.000,9,253.000,58,254.000,20,256.000,20,0,33,
130545485000,252.000,2,241.000,50,239.000,20,238.000,49,86.000,1,84.000,3,250.000,30,251.000,9,253.000,58,254.000,20,256.000,20,0,33,
130545485000,252.000,2,241.000,50,239.000,20,238.000,49,86.000,1,84.000,3,250.000,21,251.000,9,253.000,58,254.000,20,256.000,20,0,33,
130545486000,252.000,2,241.000,50,239.000,20,238.000,49,86.000,1,84.000,3,250.000,30,251.000,9,253.000,58,254.000,20,256.000,20,0,33,
130545507000,252.000,2,241.000,50,239.000,20,238.000,49,86.000,1,84.000,3,250.000,30,251.000,9,253.000,49,254.000,20,256.000,20,0,33,
130545538000,252.000,2,241.000,50,239.000,20,238.000,29,86.000,1,84.000,3,250.000,30,251.000,9,253.000,29,254.000,20,256.000,20,0,33,
130546037000,252.000,2,241.000,50,239.000,40,238.000,29,86.000,1,84.000,3,250.000,30,251.000,9,253.000,29,254.000,40,256.000,20,0,33,
130546869000,252.000,2,241.000,30,239.000,40,238.000,29,86.000,1,84.000,3,250.000,30,251.000,9,253.000,29,254.000,40,320.000,1,0,33,
130546869000,252.000,2,242.000,20,241.000,30,239.000,40,238.000,29,86.000,1,250.000,30,251.000,9,253.000,29,254.000,40,257.000,20,0,33,
130546869000,252.000,2,242.000,29,241.000,30,239.000,40,238.000,29,86.000,1,250.000,30,251.000,9,253.000,29,254.000,40,257.000,20,0,33,
130548267000,252.000,2,242.000,29,241.000,30,239.000,40,238.000,9,86.000,1,250.000,30,251.000,9,253.000,9,254.000,40,257.000,20,0,33,
130548274000,252.000,2,242.000,29,241.000,30,239.000,20,238.000,9,86.000,1,250.000,30,251.000,9,253.000,9,254.000,20,257.000,20,0,33,
130548314000,252.000,2,242.000,29,241.000,30,239.000,40,238.000,9,86.000,1,250.000,30,251.000,9,253.000,9,254.000,40,257.000,20,0,33,
130548894000,252.000,2,242.000,29,241.000,30,240.000,20,239.000,40,238.000,9,250.000,30,251.000,9,253.000,9,254.000,40,255.000,20,0,33,
130550888000,252.000,2,242.000,29,241.000,30,239.000,40,238.000,9,86.000,1,250.000,30,251.000,9,253.000,9,254.000,40,257.000,20,0,33,
130550888000,252.000,2,242.000,29,241.000,30,239.000,60,238.000,9,86.000,1,250.000,30,251.000,9,253.000,9,254.000,60,257.000,20,0,33,
130551385000,252.000,2,242.000,29,241.000,30,239.000,40,238.000,9,86.000,1,250.000,30,251.000,9,253.000,9,254.000,40,257.000,20,0,33,
130552392000,252.000,2,242.000,29,241.000,30,239.000,40,238.000,29,86.000,1,250.000,30,251.000,9,253.000,29,254.000,40,257.000,20,0,33,
130557659000,252.000,2,242.000,29,241.000,30,239.000,20,238.000,29,86.000,1,250.000,30,251.000,9,253.000,29,254.000,20,257.000,20,0,33,
130557659000,252.000,2,242.000,29,241.000,30,240.000,20,239.000,20,238.000,29,250.000,30,251.000,9,253.000,29,254.000,20,255.000,20,0,33,
130558799000,252.000,2,242.000,29,241.000,30,239.000,20,238.000,29,86.000,1,250.000,30,251.000,9,253.000,29,254.000,20,257.000,20,0,33,
130558799000,252.000,2,242.000,29,241.000,30,239.000,40,238.000,29,86.000,1,250.000,30,251.000,9,253.000,29,254.000,40,257.000,20,0,33,
130608006000,252.000,2,242.000,29,241.000,30,239.000,20,238.000,29,86.000,1,250.000,30,251.000,9,253.000,29,254.000,20,257.000,20,0,33,
130608006000,252.000,2,242.000,29,241.000,30,240.000,20,239.000,20,238.000,29,250.000,30,251.000,9,253.000,29,254.000,20,255.000,20,0,33,
130608525000,252.000,2,242.000,29,241.000,9,240.000,20,239.000,20,238.000,29,250.000,9,251.000,9,253.000,29,254.000,20,255.000,20,0,33,
130608525000,252.000,2,242.000,50,241.000,9,240.000,20,239.000,20,238.000,29,250.000,30,251.000,9,253.000,29,254.000,20,255.000,20,0,33,
130608525000,252.000,2,242.000,50,241.000,9,240.000,20,239.000,20,238.000,29,250.000,30,251.000,9,253.000,38,254.000,20,255.000,20,0,33,
130608525000,252.000,2,242.000,50,241.000,9,240.000,20,239.000,20,238.000,29,250.000,21,251.000,9,253.000,38,254.000,20,255.000,20,0,33,
130608525000,252.000,2,242.000,50,241.000,9,240.000,20,239.000,20,238.000,29,250.000,30,251.000,9,253.000,38,254.000,20,255.000,20,0,33,
130609007000,252.000,2,242.000,50,241.000,9,240.000,20,239.000,20,238.000,29,250.000,30,251.000,9,253.000,29,254.000,20,255.000,20,0,33,
130609493000,252.000,2,242.000,30,241.000,9,240.000,20,239.000,20,238.000,29,250.000,30,251.000,9,253.000,29,254.000,20,255.000,20,0,33,
130609493000,252.000,2,243.000,20,242.000,30,241.000,9,240.000,20,239.000,20,250.000,30,251.000,9,253.000,29,254.000,20,255.000,20,0,33,
130609493000,252.000,2,243.000,29,242.000,30,241.000,9,240.000,20,239.000,20,250.000,30,251.000,9,253.000,29,254.000,20,255.000,20,0,33,
130609506000,252.000,2,243.000,29,242.000,30,241.000,9,240.000,20,239.000,20,250.000,30,251.000,9,253.000,9,254.000,20,255.000,20,0,33,
130609507000,252.000,2,243.000,29,242.000,30,240.000,20,239.000,20,238.000,9,250.000,30,251.000,9,253.000,9,254.000,20,255.000,20,0,33,
130609532000,252.000,2,243.000,29,242.000,30,240.000,20,239.000,40,238.000,9,250.000,30,251.000,9,253.000,9,254.000,40,255.000,20,0,33,
130610868000,252.000,2,243.000,9,242.000,30,240.000,20,239.000,40,238.000,9,250.000,30,251.000,9,253.000,9,254.000,40,255.000,20,0,33,
130610868000,252.000,2,243.000,9,242.000,50,240.000,20,239.000,40,238.000,9,250.000,30,251.000,9,253.000,9,254.000,40,255.000,20,0,33,
130610869000,252.000,2,242.000,50,240.000,20,239.000,40,238.000,9,86.000,1,250.000,30,251.000,9,253.000,9,254.000,40,255.000,20,0,33,
130610974000,252.000,2,242.000,50,239.000,40,238.000,9,86.000,1,84.000,3,250.000,30,251.000,9,253.000,9,254.000,40,257.000,20,0,33,
130610974000,252.000,2,242.000,50,239.000,60,238.000,9,86.000,1,84.000,3,250.000,30,251.000,9,253.000,9,254.000,60,257.000,20,0,33,
130612600000,252.000,2,242.000,50,239.000,40,238.000,9,86.000,1,84.000,3,250.000,30,251.000,9,253.000,9,254.000,40,257.000,20,0,33,
130612600000,252.000,2,242.000,50,240.000,20,239.000,40,238.000,9,86.000,1,250.000,30,251.000,9,253.000,9,254.000,40,255.000,20,0,33,
130613493000,252.000,2,242.000,30,240.000,20,239.000,40,238.000,9,86.000,1,250.000,30,251.000,9,253.000,9,254.000,40,255.000,20,0,33,
130613493000,252.000,2,243.000,20,242.000,30,240.000,20,239.000,40,238.000,9,250.000,30,251.000,9,253.000,9,254.000,40,255.000,20,0,33,
130613493000,252.000,2,243.000,29,242.000,30,240.000,20,239.000,40,238.000,9,250.000,30,251.000,9,253.000,9,254.000,40,255.000,20,0,33,
130621576000,252.000,2,243.000,29,242.000,30,239.000,40,238.000,9,86.000,1,250.000,30,251.000,9,253.000,9,254.000,40,258.000,20,0,33,
130621576000,252.000,2,243.000,29,242.000,30,239.000,60,238.000,9,86.000,1,250.000,30,251.000,9,253.000,9,254.000,60,258.000,20,0,33,
130621662000,252.000,2,243.000,29,242.000,30,239.000,40,238.000,9,86.000,1,250.000,30,251.000,9,253.000,9,254.000,40,258.000,20,0,33,
130622201000,252.000,2,243.000,29,242.000,30,240.000,20,239.000,40,238.000,9,250.000,30,251.000,9,253.000,9,254.000,40,255.000,20,0,33,
130622213000,252.000,2,243.000,29,242.000,9,240.000,20,239.000,40,238.000,9,250.000,9,251.000,9,253.000,9,254.000,40,255.000,20,0,33,
130622213000,252.000,2,243.000,50,242.000,9,240.000,20,239.000,40,238.000,9,250.000,9,251.000,30,253.000,9,254.000,40,255.000,20,0,33,
130622214000,252.000,2,243.000,50,242.000,9,240.000,20,239.000,40,238.000,9,250.000,9,251.000,30,253.000,18,254.000,40,255.000,20,0,33,
130622214000,252.000,2,243.000,50,242.000,9,240.000,20,239.000,40,238.000,9,251.000,30,253.000,18,254.000,40,255.000,20,258.000,20,0,33,
130622369000,252.000,2,243.000,30,242.000,9,240.000,20,239.000,40,238.000,9,251.000,30,253.000,18,254.000,40,255.000,20,320.000,1,0,33,
130622369000,252.000,2,244.000,20,243.000,30,242.000,9,240.000,20,239.000,40,251.000,30,253.000,18,254.000,40,255.000,20,259.000,20,0,33,
130622369000,252.000,2,244.000,29,243.000,30,242.000,9,240.000,20,239.000,40,251.000,30,253.000,18,254.000,40,255.000,20,259.000,20,0,33,
130622416000,252.000,2,244.000,29,243.000,30,242.000,9,239.000,40,238.000,9,251.000,30,253.000,18,254.000,40,259.000,20,320.000,1,0,33,
130622507000,252.000,2,244.000,29,243.000,30,239.000,40,238.000,9,86.000,1,251.000,30,253.000,18,254.000,40,259.000,20,320.000,1,0,33,
130622791000,252.000,2,244.000,29,243.000,30,240.000,20,239.000,40,238.000,9,251.000,30,253.000,18,254.000,40,255.000,20,259.000,20,0,33,
130623362000,252.000,2,244.000,29,243.000,9,240.000,20,239.000,40,238.000,9,251.000,9,253.000,18,254.000,40,255.000,20,259.000,20,0,33,
130623362000,252.000,2,244.000,50,243.000,9,240.000,20,239.000,40,238.000,9,251.000,30,253.000,18,254.000,40,255.000,20,259.000,20,0,33,
130623492000,252.000,2,244.000,30,243.000,9,240.000,20,239.000,40,238.000,9,251.000,30,253.000,18,254.000,40,255.000,20,320.000,1,0,33,
130623492000,252.000,2,244.000,30,243.000,29,240.000,20,239.000,40,238.000,9,251.000,30,253.000,18,254.000,40,255.000,20,258.000,20,0,33,
130623506000,252.000,2,244.000,9,243.000,29,240.000,20,239.000,40,238.000,9,251.000,9,253.000,18,254.000,40,255.000,20,258.000,20,0,33,
130623506000,252.000,2,244.000,9,243.000,50,240.000,20,239.000,40,238.000,9,251.000,30,253.000,18,254.000,40,255.000,20,258.000,20,0,33,
130623506000,252.000,2,244.000,9,243.000,50,240.000,20,239.000,40,238.000,9,251.000,21,253.000,18,254.000,40,255.000,20,258.000,20,0,33,
130623506000,252.000,2,243.000,50,240.000,20,239.000,40,238.000,9,86.000,1,251.000,21,253.000,18,254.000,40,255.000,20,258.000,20,0,33,
130623689000,252.000,2,243.000,50,240.000,20,239.000,40,238.000,9,86.000,1,251.000,30,253.000,18,254.000,40,255.000,20,258.000,20,0,33,
130625156000,252.000,2,243.000,50,239.000,40,238.000,9,86.000,1,84.000,3,251.000,30,253.000,18,254.000,40,258.000,20,320.000,1,0,33,
130625156000,252.000,2,243.000,50,239.000,60,238.000,9,86.000,1,84.000,3,251.000,30,253.000,18,254.000,60,258.000,20,320.000,1,0,33,
130625282000,252.000,2,243.000,50,239.000,40,238.000,9,86.000,1,84.000,3,251.000,30,253.000,18,254.000,40,258.000,20,320.000,1,0,33,
130625503000,252.000,2,243.000,29,239.000,40,238.000,9,86.000,1,84.000,3,251.000,9,253.000,18,254.000,40,258.000,20,320.000,1,0,33,
130625503000,252.000,2,243.000,50,239.000,40,238.000,9,86.000,1,84.000,3,250.000,21,251.000,9,253.000,18,254.000,40,258.000,20,0,33,
130625503000,252.000,2,243.000,50,239.000,40,238.000,9,86.000,1,84.000,3,250.000,21,253.000,18,254.000,40,258.000,20,320.000,1,0,33,
130625503000,252.000,2,243.000,50,239.000,40,238.000,9,86.000,1,84.000,3,250.000,30,253.000,18,254.000,40,258.000,20,320.000,1,0,33,
130625657000,252.000,2,243.000,50,240.000,20,239.000,40,238.000,9,86.000,1,250.000,30,253.000,18,254.000,40,255.000,20,258.000,20,0,33,
130627765000,252.000,2,243.000,50,239.000,40,238.000,9,86.000,1,84.000,3,250.000,30,253.000,18,254.000,40,258.000,20,320.000,1,0,33,
130627765000,252.000,2,243.000,50,239.000,60,238.000,9,86.000,1,84.000,3,250.000,30,253.000,18,254.000,60,258.000,20,320.000,1,0,33,
130628110000,252.000,2,243.000,50,239.000,40,238.000,9,86.000,1,84.000,3,250.000,30,253.000,18,254.000,40,258.000,20,320.000,1,0,33,
130628118000,252.000,2,243.000,30,239.000,40,238.000,9,86.000,1,84.000,3,250.000,30,253.000,18,254.000,40,320.000,1,400.000,1,0,33,
130628118000,252.000,2,243.000,30,242.000,20,239.000,40,238.000,9,86.000,1,250.000,30,253.000,18,254.000,40,257.000,20,320.000,1,0,33,
130629034000,252.000,2,243.000,30,242.000,20,239.000,60,238.000,9,86.000,1,250.000,30,253.000,18,254.000,60,257.000,20,320.000,1,0,33,
130629721000,252.000,2,243.000,30,242.000,20,239.000,40,238.000,9,86.000,1,250.000,30,253.000,18,254.000,40,257.000,20,320.000,1,0,33,
130629721000,252.000,2,243.000,30,242.000,20,240.000,20,239.000,40,238.000,9,250.000,30,253.000,18,254.000,40,255.000,20,257.000,20,0,33,
130630618000,252.000,2,243.000,30,240.000,20,239.000,40,238.000,9,86.000,1,250.000,30,253.000,18,254.000,40,255.000,20,320.000,1,0,33,
130630618000,252.000,2,243.000,50,240.000,20,239.000,40,238.000,9,86.000,1,250.000,30,253.000,18,254.000,40,255.000,20,258.000,20,0,33,
130632584000,252.000,2,243.000,29,240.000,20,239.000,40,238.000,9,86.000,1,250.000,9,253.000,18,254.000,40,255.000,20,258.000,20,0,33,
130632584000,252.000,2,243.000,50,240.000,20,239.000,40,238.000,9,86.000,1,250.000,9,251.000,21,253.000,18,254.000,40,255.000,20,0,33,
130632584000,252.000,2,243.000,50,240.000,20,239.000,40,238.000,9,86.000,1,251.000,21,253.000,18,254.000,40,255.000,20,258.000,20,0,33,
130632584000,252.000,2,243.000,50,240.000,20,239.000,40,238.000,9,86.000,1,251.000,30,253.000,18,254.000,40,255.000,20,258.000,20,0,33,
130633121000,252.000,2,243.000,30,240.000,20,239.000,40,238.000,9,86.000,1,251.000,30,253.000,18,254.000,40,255.000,20,320.000,1,0,33,
130633121000,252.000,2,243.000,30,242.000,20,240.000,20,239.000,40,238.000,9,251.000,30,253.000,18,254.000,40,255.000,20,257.000,20,0,33,
130633122000,252.000,2,243.000,30,242.000,20,239.000,40,238.000,9,86.000,1,251.000,30,253.000,18,254.000,40,257.000,20,320.000,1,0,33,
130633122000,252.000,2,243.000,30,242.000,20,239.000,60,238.000,9,86.000,1,251.000,30,253.000,18,254.000,60,257.000,20,320.000,1,0,33,
130634488000,252.000,2,243.000,30,242.000,20,239.000,40,238.000,9,86.000,1,251.000,30,253.000,18,254.000,40,257.000,20,320.000,1,0,33,
130634488000,252.000,2,243.000,30,242.000,20,240.000,20,239.000,40,238.000,9,251.000,30,253.000,18,254.000,40,255.000,20,257.000,20,0,33,
130636369000,252.000,2,243.000,30,240.000,20,239.000,40,238.000,9,86.000,1,251.000,30,253.000,18,254.000,40,255.000,20,320.000,1,0,33,
130636369000,252.000,2,243.000,50,240.000,20,239.000,40,238.000,9,86.000,1,251.000,30,253.000,18,254.000,40,255.000,20,258.000,20,0,33,
130638075000,252.000,2,243.000,50,239.000,40,238.000,9,86.000,1,84.000,3,251.000,30,253.000,18,254.000,40,258.000,20,320.000,1,0,33,
130638075000,252.000,2,243.000,50,239.000,60,238.000,9,86.000,1,84.000,3,251.000,30,253.000,18,254.000,60,258.000,20,320.000,1,0,33,
130638575000,252.000,2,243.000,50,239.000,40,238.000,9,86.000,1,84.000,3,251.000,30,253.000,18,254.000,40,258.000,20,320.000,1,0,33,
130638575000,252.000,2,243.000,50,240.000,20,239.000,40,238.000,9,86.000,1,251.000,30,253.000,18,254.000,40,255.000,20,258.000,20,0,33,
130643070000,252.000,2,243.000,50,240.000,20,239.000,40,86.000,1,84.000,3,251.000,30,253.000,18,254.000,40,255.000,20,258.000,20,0,33,
130643070000,252.000,2,243.000,50,240.000,29,239.000,40,86.000,1,84.000,3,251.000,30,253.000,18,254.000,40,255.000,20,258.000,20,0,33,
130643075000,252.000,2,243.000,50,240.000,29,239.000,40,86.000,1,84.000,3,251.000,30,253.000,9,254.000,40,255.000,20,258.000,20,0,33,
130643200000,252.000,2,243.000,50,240.000,29,239.000,40,86.000,1,84.000,3,251.000,30,253.000,9,254.000,40,255.000,29,258.000,20,0,33,
130649100000,252.000,2,243.000,50,240.000,29,239.000,20,86.000,1,84.000,3,251.000,30,253.000,9,254.000,20,255.000,29,258.000,20,0,33,
130649330000,252.000,2,243.000,50,240.000,29,86.000,1,84.000,3,39.000,20,251.000,30,253.000,9,255.000,29,258.000,20,320.000,1,0,33,
130649371000,252.000,2,243.000,30,240.000,29,86.000,1,84.000,3,39.000,20,251.000,30,253.000,9,255.000,29,320.000,1,400.000,1,0,33,
130649371000,252.000,2,244.000,20,243.000,30,240.000,29,86.000,1,84.000,3,251.000,30,253.000,9,255.000,29,259.000,20,320.000,1,0,33,
130649371000,252.000,2,244.000,29,243.000,30,240.000,29,86.000,1,84.000,3,251.000,30,253.000,9,255.000,29,259.000,20,320.000,1,0,33,
130649405000,252.000,2,244.000,29,243.000,30,240.000,9,86.000,1,84.000,3,251.000,30,253.000,9,255.000,9,259.000,20,320.000,1,0,33,
130649405000,252.000,2,244.000,29,243.000,30,241.000,20,240.000,9,86.000,1,251.000,30,253.000,9,255.000,9,256.000,20,259.000,20,0,33,
130649498000,252.000,2,244.000,29,243.000,9,241.000,20,240.000,9,86.000,1,251.000,9,253.000,9,255.000,9,256.000,20,259.000,20,0,33,
130649498000,252.000,2,244.000,50,243.000,9,241.000,20,240.000,9,86.000,1,251.000,9,252.000,21,253.000,9,255.000,9,256.000,20,0,33,
130649501000,252.000,2,244.000,50,243.000,9,241.000,20,240.000,9,86.000,1,251.000,9,252.000,21,253.000,9,255.000,18,256.000,20,0,33,
130649501000,252.000,2,244.000,50,243.000,9,241.000,20,240.000,9,86.000,1,252.000,21,253.000,9,255.000,18,256.000,20,259.000,20,0,33,
130649501000,252.000,2,244.000,50,243.000,9,241.000,20,240.000,9,86.000,1,252.000,30,253.000,9,255.000,18,256.000,20,259.000,20,0,33,
130649507000,252.000,2,244.000,50,243.000,9,241.000,40,240.000,9,86.000,1,252.000,30,253.000,9,255.000,18,256.000,40,259.000,20,0,33,
130649507000,252.000,2,244.000,50,243.000,9,241.000,40,240.000,9,86.000,1,252.000,30,253.000,9,255.000,9,256.000,40,259.000,20,0,33,
130649588000,252.000,2,244.000,50,243.000,9,241.000,60,240.000,9,86.000,1,252.000,30,253.000,9,255.000,9,256.000,60,259.000,20,0,33,
130651992000,252.000,2,244.000,50,243.000,9,241.000,40,240.000,9,86.000,1,252.000,30,253.000,9,255.000,9,256.000,40,259.000,20,0,33,
130651992000,252.000,2,244.000,50,243.000,9,242.000,20,241.000,40,240.000,9,252.000,30,253.000,9,255.000,9,256.000,40,257.000,20,0,33,
130651994000,252.000,2,244.000,30,243.000,9,242.000,20,241.000,40,240.000,9,252.000,30,253.000,9,255.000,9,256.000,40,257.000,20,0,33,
130651994000,252.000,2,245.000,20,244.000,30,243.000,9,242.000,20,241.000,40,252.000,30,253.000,9,255.000,9,256.000,40,257.000,20,0,33,
130651994000,252.000,2,245.000,29,244.000,30,243.000,9,242.000,20,241.000,40,252.000,30,253.000,9,255.000,9,256.000,40,257.000,20,0,33,
130652007000,252.000,2,245.000,29,244.000,30,242.000,20,241.000,40,240.000,9,252.000,30,253.000,9,255.000,9,256.000,40,257.000,20,0,33,
130652986000,252.000,2,245.000,29,244.000,30,241.000,40,240.000,9,86.000,1,252.000,30,253.000,9,255.000,9,256.000,40,260.000,20,0,33,
130652986000,252.000,2,245.000,29,244.000,30,241.000,60,240.000,9,86.000,1,252.000,30,253.000,9,255.000,9,256.000,60,260.000,20,0,33,
130656242000,252.000,2,245.000,9,244.000,30,241.000,60,240.000,9,86.000,1,252.000,30,253.000,9,255.000,9,256.000,60,320.000,1,0,33,
130656242000,252.000,2,245.000,9,244.000,50,241.000,60,240.000,9,86.000,1,252.000,30,253.000,9,255.000,9,256.000,60,259.000,20,0,33,
130656243000,252.000,2,244.000,50,241.000,60,240.000,9,86.000,1,84.000,3,252.000,30,253.000,9,255.000,9,256.000,60,259.000,20,0,33,
130657868000,252.000,2,244.000,30,241.000,60,240.000,9,86.000,1,84.000,3,252.000,30,253.000,9,255.000,9,256.000,60,320.000,1,0,33,
130657868000,252.000,2,245.000,20,244.000,30,241.000,60,240.000,9,86.000,1,252.000,30,253.000,9,255.000,9,256.000,60,260.000,20,0,33,
130657868000,252.000,2,245.000,29,244.000,30,241.000,60,240.000,9,86.000,1,252.000,30,253.000,9,255.000,9,256.000,60,260.000,20,0,33,
130657961000,252.000,2,245.000,29,244.000,30,241.000,40,240.000,9,86.000,1,252.000,30,253.000,9,255.000,9,256.000,40,260.000,20,0,33,
130657961000,252.000,2,245.000,29,244.000,30,242.000,20,241.000,40,240.000,9,252.000,30,253.000,9,255.000,9,256.000,40,257.000,20,0,33,
130659437000,252.000,2,245.000,29,244.000,30,241.000,40,240.000,9,86.000,1,252.000,30,253.000,9,255.000,9,256.000,40,260.000,20,0,33,
130659437000,252.000,2,245.000,29,244.000,30,241.000,60,240.000,9,86.000,1,252.000,30,253.000,9,255.000,9,256.000,60,260.000,20,0,33,
130659561000,252.000,2,245.000,29,244.000,30,241.000,40,240.000,9,86.000,1,252.000,30,253.000,9,255.000,9,256.000,40,260.000,20,0,33,
130700001000,252.000,2,245.000,29,244.000,30,241.000,60,240.000,9,86.000,1,252.000,30,253.000,9,255.000,9,256.000,60,260.000,20,0,33,
130700348000,252.000,2,245.000,9,244.000,30,241.000,60,240.000,9,86.000,1,252.000,30,253.000,9,255.000,9,256.000,60,320.000,1,0,33,
130700348000,252.000,2,245.000,9,244.000,50,241.000,60,240.000,9,86.000,1,252.000,30,253.000,9,255.000,9,256.000,60,259.000,20,0,33,
130700349000,252.000,2,244.000,50,241.000,60,240.000,9,86.000,1,84.000,3,252.000,30,253.000,9,255.000,9,256.000,60,259.000,20,0,33,
130700366000,252.000,2,244.000,50,241.000,40,240.000,9,86.000,1,84.000,3,252.000,30,253.000,9,255.000,9,256.000,40,259.000,20,0,33,
130700426000,252.000,2,244.000,50,241.000,40,240.000,29,86.000,1,84.000,3,252.000,30,253.000,9,255.000,29,256.000,40,259.000,20,0,33,
130702721000,252.000,2,244.000,50,241.000,20,240.000,29,86.000,1,84.000,3,252.000,30,253.000,9,255.000,29,256.000,20,259.000,20,0,33,
130702721000,252.000,2,244.000,50,242.000,20,241.000,20,240.000,29,86.000,1,252.000,30,253.000,9,255.000,29,256.000,20,257.000,20,0,33,
130702842000,252.000,2,244.000,50,241.000,20,240.000,29,86.000,1,84.000,3,252.000,30,253.000,9,255.000,29,256.000,20,259.000,20,0,33,
130703277000,252.000,2,244.000,50,242.000,20,241.000,20,240.000,29,86.000,1,252.000,30,253.000,9,255.000,29,256.000,20,257.000,20,0,33,
130703985000,252.000,2,244.000,50,241.000,20,240.000,29,86.000,1,84.000,3,252.000,30,253.000,9,255.000,29,256.000,20,259.000,20,0,33,
130703985000,252.000,2,244.000,50,241.000,40,240.000,29,86.000,1,84.000,3,252.000,30,253.000,9,255.000,29,256.000,40,259.000,20,0,33,
130704893000,252.000,2,244.000,50,241.000,20,240.000,29,86.000,1,84.000,3,252.000,30,253.000,9,255.000,29,256.000,20,259.000,20,0,33,
130704893000,252.000,2,244.000,50,242.000,20,241.000,20,240.000,29,86.000,1,252.000,30,253.000,9,255.000,29,256.000,20,257.000,20,0,33,
130705269000,252.000,2,244.000,50,241.000,20,240.000,29,86.000,1,84.000,3,252.000,30,253.000,9,255.000,29,256.000,20,259.000,20,0,33,
130705392000,252.000,2,244.000,50,241.000,40,240.000,29,86.000,1,84.000,3,252.000,30,253.000,9,255.000,29,256.000,40,259.000,20,0,33,
130707123000,252.000,2,244.000,50,241.000,20,240.000,29,86.000,1,84.000,3,252.000,30,253.000,9,255.000,29,256.000,20,259.000,20,0,33,
130707123000,252.000,2,244.000,50,242.000,20,241.000,20,240.000,29,86.000,1,252.000,30,253.000,9,255.000,29,256.000,20,257.000,20,0,33,
130707244000,252.000,2,244.000,30,242.000,20,241.000,20,240.000,29,86.000,1,252.000,30,253.000,9,255.000,29,256.000,20,257.000,20,0,33,
130707244000,252.000,2,245.000,20,244.000,30,242.000,20,241.000,20,240.000,29,252.000,30,253.000,9,255.000,29,256.000,20,257.000,20,0,33,
130707245000,252.000,2,245.000,29,244.000,30,242.000,20,241.000,20,240.000,29,252.000,30,253.000,9,255.000,29,256.000,20,257.000,20,0,33,
130708629000,252.000,2,245.000,29,244.000,30,241.000,20,240.000,29,86.000,1,252.000,30,253.000,9,255.000,29,256.000,20,260.000,20,0,33,
130708629000,252.000,2,245.000,29,244.000,30,241.000,40,240.000,29,86.000,1,252.000,30,253.000,9,255.000,29,256.000,40,260.000,20,0,33,
130719284000,252.000,2,245.000,29,244.000,30,241.000,20,240.000,29,86.000,1,252.000,30,253.000,9,255.000,29,256.000,20,260.000,20,0,33,
130719654000,252.000,2,245.000,29,244.000,30,242.000,20,241.000,20,240.000,29,252.000,30,253.000,9,255.000,29,256.000,20,257.000,20,0,33,
130719779000,252.000,2,245.000,29,244.000,30,241.000,20,240.000,29,86.000,1,252.000,30,253.000,9,255.000,29,256.000,20,260.000,20,0,33,
130720153000,252.000,2,245.000,29,244.000,30,242.000,20,241.000,20,240.000,29,252.000,30,253.000,9,255.000,29,256.000,20,257.000,20,0,33,
130720500000,252.000,2,245.000,29,244.000,30,242.000,20,241.000,20,240.000,9,252.000,30,253.000,9,255.000,9,256.000,20,257.000,20,0,33,
130720626000,252.000,2,245.000,29,244.000,9,242.000,20,241.000,20,240.000,9,252.000,9,253.000,9,255.000,9,256.000,20,257.000,20,0,33,
130720626000,252.000,2,245.000,50,244.000,9,242.000,20,241.000,20,240.000,9,252.000,9,253.000,30,255.000,9,256.000,20,257.000,20,0,33,
130720626000,252.000,2,245.000,50,244.000,9,242.000,20,241.000,20,240.000,9,252.000,9,253.000,30,255.000,18,256.000,20,257.000,20,0,33,
130720626000,252.000,2,245.000,50,244.000,9,242.000,20,241.000,20,240.000,9,253.000,30,255.000,18,256.000,20,257.000,20,260.000,20,0,33,
130720744000,252.000,2,245.000,30,244.000,9,242.000,20,241.000,20,240.000,9,253.000,30,255.000,18,256.000,20,257.000,20,320.000,1,0,33,
130720744000,252.000,2,246.000,20,245.000,30,244.000,9,242.000,20,241.000,20,253.000,30,255.000,18,256.000,20,257.000,20,261.000,20,0,33,
130720744000,252.000,2,246.000,29,245.000,30,244.000,9,242.000,20,241.000,20,253.000,30,255.000,18,256.000,20,257.000,20,261.000,20,0,33,
130720868000,252.000,2,246.000,9,245.000,30,244.000,9,242.000,20,241.000,20,253.000,30,255.000,18,256.000,20,257.000,20,320.000,1,0,33,
130720868000,252.000,2,246.000,9,245.000,50,244.000,9,242.000,20,241.000,20,253.000,30,255.000,18,256.000,20,257.000,20,260.000,20,0,33,
130720868000,252.000,2,245.000,50,244.000,9,242.000,20,241.000,20,240.000,9,253.000,30,255.000,18,256.000,20,257.000,20,260.000,20,0,33,
130720913000,252.000,2,245.000,50,244.000,9,242.000,20,241.000,40,240.000,9,253.000,30,255.000,18,256.000,40,257.000,20,260.000,20,0,33,
130725858000,252.000,2,245.000,50,244.000,9,241.000,40,240.000,9,86.000,1,253.000,30,255.000,18,256.000,40,260.000,20,320.000,1,0,33,
130725858000,252.000,2,245.000,50,244.000,9,241.000,60,240.000,9,86.000,1,253.000,30,255.000,18,256.000,60,260.000,20,320.000,1,0,33,
130726983000,252.000,2,245.000,50,244.000,9,241.000,40,240.000,9,86.000,1,253.000,30,255.000,18,256.000,40,260.000,20,320.000,1,0,33,
130726983000,252.000,2,245.000,50,244.000,9,242.000,20,241.000,40,240.000,9,253.000,30,255.000,18,256.000,40,257.000,20,260.000,20,0,33,
130727296000,252.000,2,245.000,50,244.000,9,241.000,40,240.000,9,86.000,1,253.000,30,255.000,18,256.000,40,260.000,20,320.000,1,0,33,
130727323000,252.000,2,245.000,29,244.000,9,241.000,40,240.000,9,86.000,1,253.000,9,255.000,18,256.000,40,260.000,20,320.000,1,0,33,
130727323000,252.000,2,245.000,29,244.000,30,241.000,40,240.000,9,86.000,1,252.000,21,253.000,9,255.000,18,256.000,40,260.000,20,0,33,
130727324000,252.000,2,245.000,29,244.000,30,241.000,40,240.000,9,86.000,1,252.000,21,255.000,18,256.000,40,260.000,20,320.000,1,0,33,
130727370000,252.000,2,245.000,9,244.000,30,241.000,40,240.000,9,86.000,1,252.000,21,255.000,18,256.000,40,320.000,1,400.000,1,0,33,
130727370000,252.000,2,245.000,9,244.000,50,241.000,40,240.000,9,86.000,1,252.000,21,255.000,18,256.000,40,259.000,20,320.000,1,0,33,
130727370000,252.000,2,244.000,50,241.000,40,240.000,9,86.000,1,84.000,3,252.000,21,255.000,18,256.000,40,259.000,20,320.000,1,0,33,
130727574000,252.000,2,244.000,50,241.000,60,240.000,9,86.000,1,84.000,3,252.000,21,255.000,18,256.000,60,259.000,20,320.000,1,0,33,
130727690000,252.000,2,244.000,50,241.000,60,240.000,9,86.000,1,84.000,3,252.000,30,255.000,18,256.000,60,259.000,20,320.000,1,0,33,
130728121000,252.000,2,244.000,30,241.000,60,240.000,9,86.000,1,84.000,3,252.000,30,255.000,18,256.000,60,320.000,1,400.000,1,0,33,
130728121000,252.000,2,245.000,20,244.000,30,241.000,60,240.000,9,86.000,1,252.000,30,255.000,18,256.000,60,260.000,20,320.000,1,0,33,
130728121000,252.000,2,245.000,29,244.000,30,241.000,60,240.000,9,86.000,1,252.000,30,255.000,18,256.000,60,260.000,20,320.000,1,0,33,
130731779000,252.000,2,245.000,29,244.000,30,241.000,40,240.000,9,86.000,1,252.000,30,255.000,18,256.000,40,260.000,20,320.000,1,0,33,
130731779000,252.000,2,245.000,29,244.000,30,242.000,20,241.000,40,240.000,9,252.000,30,255.000,18,256.000,40,257.000,20,260.000,20,0,33,
130732278000,252.000,2,245.000,29,244.000,30,241.000,40,240.000,9,86.000,1,252.000,30,255.000,18,256.000,40,260.000,20,320.000,1,0,33,
130732278000,252.000,2,245.000,29,244.000,30,241.000,60,240.000,9,86.000,1,252.000,30,255.000,18,256.000,60,260.000,20,320.000,1,0,33,
130734531000,252.000,2,245.000,29,244.000,30,241.000,40,240.000,9,86.000,1,252.000,30,255.000,18,256.000,40,260.000,20,320.000,1,0,33,
130734531000,252.000,2,245.000,29,244.000,30,242.000,20,241.000,40,240.000,9,252.000,30,255.000,18,256.000,40,257.000,20,260.000,20,0,33,
130736549000,252.000,2,245.000,29,244.000,30,241.000,40,240.000,9,86.000,1,252.000,30,255.000,18,256.000,40,260.000,20,320.000,1,0,33,
130736549000,252.000,2,245.000,29,244.000,30,241.000,60,240.000,9,86.000,1,252.000,30,255.000,18,256.000,60,260.000,20,320.000,1,0,33,
130737618000,252.000,2,245.000,9,244.000,30,241.000,60,240.000,9,86.000,1,252.000,30,255.000,18,256.000,60,320.000,1,400.000,1,0,33,
130737618000,252.000,2,245.000,9,244.000,50,241.000,60,240.000,9,86.000,1,252.000,30,255.000,18,256.000,60,259.000,20,320.000,1,0,33,
130737618000,252.000,2,244.000,50,241.000,60,240.000,9,86.000,1,84.000,3,252.000,30,255.000,18,256.000,60,259.000,20,320.000,1,0,33,
130737657000,252.000,2,244.000,50,241.000,40,240.000,9,86.000,1,84.000,3,252.000,30,255.000,18,256.000,40,259.000,20,320.000,1,0,33,
130737743000,252.000,2,244.000,30,241.000,40,240.000,9,86.000,1,84.000,3,252.000,30,255.000,18,256.000,40,320.000,1,400.000,1,0,33,
130737743000,252.000,2,245.000,20,244.000,30,241.000,40,240.000,9,86.000,1,252.000,30,255.000,18,256.000,40,260.000,20,320.000,1,0,33,
130737743000,252.000,2,245.000,29,244.000,30,241.000,40,240.000,9,86.000,1,252.000,30,255.000,18,256.000,40,260.000,20,320.000,1,0,33,
130737791000,252.000,2,245.000,29,244.000,30,241.000,60,240.000,9,86.000,1,252.000,30,255.000,18,256.000,60,260.000,20,320.000,1,0,33,
130742118000,252.000,2,245.000,9,244.000,30,241.000,60,240.000,9,86.000,1,252.000,30,255.000,18,256.000,60,320.000,1,400.000,1,0,33,
130742118000,252.000,2,245.000,9,244.000,50,241.000,60,240.000,9,86.000,1,252.000,30,255.000,18,256.000,60,259.000,20,320.000,1,0,33,
130742118000,252.000,2,244.000,50,241.000,60,240.000,9,86.000,1,84.000,3,252.000,30,255.000,18,256.000,60,259.000,20,320.000,1,0,33,
130742494000,252.000,2,244.000,30,241.000,60,240.000,9,86.000,1,84.000,3,252.000,30,255.000,18,256.000,60,320.000,1,400.000,1,0,33,
130742494000,252.000,2,244.000,30,243.000,20,241.000,60,240.000,9,86.000,1,252.000,30,255.000,18,256.000,60,258.000,20,320.000,1,0,33,
130742508000,252.000,2,244.000,30,243.000,20,241.000,40,240.000,9,86.000,1,252.000,30,255.000,18,256.000,40,258.000,20,320.000,1,0,33,
130742508000,252.000,2,244.000,30,243.000,20,241.000,40,240.000,29,86.000,1,252.000,30,255.000,38,256.000,40,258.000,20,320.000,1,0,33,
130742571000,252.000,2,244.000,9,243.000,20,241.000,40,240.000,29,86.000,1,252.000,9,255.000,38,256.000,40,258.000,20,320.000,1,0,33,
130742571000,252.000,2,244.000,9,243.000,41,241.000,40,240.000,29,86.000,1,252.000,30,255.000,38,256.000,40,258.000,20,320.000,1,0,33,
130742571000,252.000,2,244.000,9,243.000,50,241.000,40,240.000,29,86.000,1,252.000,30,255.000,38,256.000,40,258.000,20,320.000,1,0,33,
130742571000,252.000,2,244.000,9,243.000,50,241.000,40,240.000,29,86.000,1,252.000,21,255.000,38,256.000,40,258.000,20,320.000,1,0,33,
130742571000,252.000,2,243.000,50,241.000,40,240.000,29,86.000,1,84.000,3,252.000,21,255.000,38,256.000,40,258.000,20,320.000,1,0,33,
130742631000,252.000,2,243.000,50,241.000,40,240.000,9,86.000,1,84.000,3,252.000,21,255.000,18,256.000,40,258.000,20,320.000,1,0,33,
130742685000,252.000,2,243.000,50,241.000,40,240.000,9,86.000,1,84.000,3,252.000,30,255.000,18,256.000,40,258.000,20,320.000,1,0,33,
130743006000,252.000,2,243.000,50,241.000,40,240.000,29,86.000,1,84.000,3,252.000,30,255.000,38,256.000,40,258.000,20,320.000,1,0,33,
130743125000,252.000,2,243.000,50,241.000,40,240.000,9,86.000,1,84.000,3,252.000,30,255.000,18,256.000,40,258.000,20,320.000,1,0,33,
130743618000,252.000,2,243.000,50,241.000,40,240.000,29,86.000,1,84.000,3,252.000,30,255.000,38,256.000,40,258.000,20,320.000,1,0,33,
130743995000,252.000,2,243.000,50,241.000,40,240.000,9,86.000,1,84.000,3,252.000,30,255.000,18,256.000,40,258.000,20,320.000,1,0,33,
130744118000,252.000,2,243.000,50,241.000,60,240.000,9,86.000,1,84.000,3,252.000,30,255.000,18,256.000,60,258.000,20,320.000,1,0,33,
130745119000,252.000,2,243.000,50,241.000,40,240.000,9,86.000,1,84.000,3,252.000,30,255.000,18,256.000,40,258.000,20,320.000,1,0,33,
130745119000,252.000,2,243.000,50,241.000,40,240.000,29,86.000,1,84.000,3,252.000,30,255.000,38,256.000,40,258.000,20,320.000,1,0,33,
130745243000,252.000,2,243.000,50,241.000,40,240.000,9,86.000,1,84.000,3,252.000,30,255.000,18,256.000,40,258.000,20,320.000,1,0,33,
130745618000,252.000,2,243.000,50,241.000,60,240.000,9,86.000,1,84.000,3,252.000,30,255.000,18,256.000,60,258.000,20,320.000,1,0,33,
130746184000,252.000,2,243.000,50,241.000,40,240.000,9,86.000,1,84.000,3,252.000,30,255.000,18,256.000,40,258.000,20,320.000,1,0,33,
130746244000,252.000,2,243.000,50,241.000,20,240.000,9,86.000,1,84.000,3,252.000,30,255.000,18,256.000,20,258.000,20,320.000,1,0,33,
130746244000,252.000,2,243.000,50,241.000,20,240.000,29,86.000,1,84.000,3,252.000,30,255.000,38,256.000,20,258.000,20,320.000,1,0,33,
130746368000,252.000,2,243.000,50,241.000,20,240.000,9,86.000,1,84.000,3,252.000,30,255.000,18,256.000,20,258.000,20,320.000,1,0,33,
130746727000,252.000,2,243.000,50,241.000,20,240.000,29,86.000,1,84.000,3,252.000,30,255.000,38,256.000,20,258.000,20,320.000,1,0,33,
130746743000,252.000,2,243.000,50,241.000,40,240.000,29,86.000,1,84.000,3,252.000,30,255.000,38,256.000,40,258.000,20,320.000,1,0,33,
130746991000,252.000,2,243.000,50,241.000,20,240.000,29,86.000,1,84.000,3,252.000,30,255.000,38,256.000,20,258.000,20,320.000,1,0,33,
130747365000,252.000,2,243.000,50,241.000,40,240.000,29,86.000,1,84.000,3,252.000,30,255.000,38,256.000,40,258.000,20,320.000,1,0,33,
130747985000,252.000,2,243.000,50,241.000,20,240.000,29,86.000,1,84.000,3,252.000,30,255.000,38,256.000,20,258.000,20,320.000,1,0,33,
130747985000,252.000,2,243.000,50,241.000,20,240.000,49,86.000,1,84.000,3,252.000,30,255.000,58,256.000,20,258.000,20,320.000,1,0,33,
130749501000,252.000,2,243.000,50,241.000,20,240.000,29,86.000,1,84.000,3,252.000,30,255.000,38,256.000,20,258.000,20,320.000,1,0,33,
130749501000,252.000,2,243.000,50,241.000,40,240.000,29,86.000,1,84.000,3,252.000,30,255.000,38,256.000,40,258.000,20,320.000,1,0,33,
130750494000,252.000,2,243.000,30,241.000,40,240.000,29,86.000,1,84.000,3,252.000,30,255.000,38,256.000,40,320.000,1,400.000,1,0,33,
130750494000,252.000,2,244.000,20,243.000,30,241.000,40,240.000,29,86.000,1,252.000,30,255.000,38,256.000,40,259.000,20,320.000,1,0,33,
130752306000,252.000,2,244.000,29,243.000,30,241.000,40,240.000,29,86.000,1,252.000,30,255.000,38,256.000,40,259.000,20,320.000,1,0,33,
130805825000,252.000,2,244.000,29,243.000,9,241.000,40,240.000,29,86.000,1,252.000,9,255.000,38,256.000,40,259.000,20,320.000,1,0,33,
130805825000,252.000,2,244.000,50,243.000,9,241.000,40,240.000,29,86.000,1,252.000,30,255.000,38,256.000,40,259.000,20,320.000,1,0,33,
130805825000,252.000,2,244.000,50,243.000,9,241.000,40,240.000,29,86.000,1,252.000,21,255.000,38,256.000,40,259.000,20,320.000,1,0,33,
130805826000,252.000,2,244.000,50,243.000,9,241.000,40,240.000,29,86.000,1,252.000,30,255.000,38,256.000,40,259.000,20,320.000,1,0,33,
130805869000,252.000,2,244.000,30,243.000,9,241.000,40,240.000,29,86.000,1,252.000,30,255.000,38,256.000,40,320.000,1,400.000,1,0,33,
130805869000,252.000,2,245.000,20,244.000,30,243.000,9,241.000,40,240.000,29,252.000,30,255.000,38,256.000,40,260.000,20,320.000,1,0,33,
130805870000,252.000,2,245.000,29,244.000,30,243.000,9,241.000,40,240.000,29,252.000,30,255.000,38,256.000,40,260.000,20,320.000,1,0,33,
130805942000,252.000,2,245.000,29,244.000,30,243.000,9,241.000,20,240.000,29,252.000,30,255.000,38,256.000,20,260.000,20,320.000,1,0,33,
130805942000,252.000,2,245.000,29,244.000,30,243.000,9,242.000,20,241.000,20,252.000,30,255.000,38,256.000,20,257.000,20,260.000,20,0,33,
130806007000,252.000,2,245.000,29,244.000,30,242.000,20,241.000,20,240.000,29,252.000,30,255.000,38,256.000,20,257.000,20,260.000,20,0,33,
130806412000,252.000,2,245.000,29,244.000,30,241.000,20,240.000,29,86.000,1,252.000,30,255.000,38,256.000,20,260.000,20,320.000,1,0,33,
130806537000,252.000,2,245.000,29,244.000,30,241.000,40,240.000,29,86.000,1,252.000,30,255.000,38,256.000,40,260.000,20,320.000,1,0,33,
130806800000,252.000,2,245.000,29,244.000,30,241.000,40,240.000,9,86.000,1,252.000,30,255.000,18,256.000,40,260.000,20,320.000,1,0,33,
130806908000,252.000,2,245.000,29,244.000,30,241.000,20,240.000,9,86.000,1,252.000,30,255.000,18,256.000,20,260.000,20,320.000,1,0,33,
130806926000,252.000,2,245.000,29,244.000,30,241.000,20,240.000,29,86.000,1,252.000,30,255.000,38,256.000,20,260.000,20,320.000,1,0,33,
130807158000,252.000,2,245.000,29,244.000,30,242.000,20,241.000,20,240.000,29,252.000,30,255.000,38,256.000,20,257.000,20,260.000,20,0,33,
130807283000,252.000,2,245.000,29,244.000,30,241.000,20,240.000,29,86.000,1,252.000,30,255.000,38,256.000,20,260.000,20,320.000,1,0,33,
130807368000,252.000,2,245.000,9,244.000,30,241.000,20,240.000,29,86.000,1,252.000,30,255.000,38,256.000,20,320.000,1,400.000,1,0,33,
130807368000,252.000,2,245.000,9,244.000,50,241.000,20,240.000,29,86.000,1,252.000,30,255.000,38,256.000,20,259.000,20,320.000,1,0,33,
130807369000,252.000,2,244.000,50,241.000,20,240.000,29,86.000,1,84.000,3,252.000,30,255.000,38,256.000,20,259.000,20,320.000,1,0,33,
130807658000,252.000,2,244.000,50,241.000,40,240.000,29,86.000,1,84.000,3,252.000,30,255.000,38,256.000,40,259.000,20,320.000,1,0,33,
130811242000,252.000,2,244.000,30,241.000,40,240.000,29,86.000,1,84.000,3,252.000,30,255.000,38,256.000,40,320.000,1,400.000,1,0,33,
130811242000,252.000,2,245.000,20,244.000,30,241.000,40,240.000,29,86.000,1,252.000,30,255.000,38,256.000,40,260.000,20,320.000,1,0,33,
130811243000,252.000,2,245.000,29,244.000,30,241.000,40,240.000,29,86.000,1,252.000,30,255.000,38,256.000,40,260.000,20,320.000,1,0,33,
130811270000,252.000,2,245.000,29,244.000,30,241.000,20,240.000,29,86.000,1,252.000,30,255.000,38,256.000,20,260.000,20,320.000,1,0,33,
130811270000,252.000,2,245.000,29,244.000,30,242.000,20,241.000,20,240.000,29,252.000,30,255.000,38,256.000,20,257.000,20,260.000,20,0,33,
130812427000,252.000,2,245.000,29,244.000,9,242.000,20,241.000,20,240.000,29,252.000,9,255.000,38,256.000,20,257.000,20,260.000,20,0,33,
130812427000,252.000,2,245.000,50,244.000,9,242.000,20,241.000,20,240.000,29,252.000,9,253.000,21,255.000,38,256.000,20,257.000,20,0,33,
130812428000,252.000,2,245.000,50,244.000,9,242.000,20,241.000,20,240.000,29,253.000,21,255.000,38,256.000,20,257.000,20,260.000,20,0,33,
130812428000,252.000,2,245.000,50,244.000,9,242.000,20,241.000,20,240.000,29,253.000,30,255.000,38,256.000,20,257.000,20,260.000,20,0,33,
130812454000,252.000,2,245.000,50,244.000,9,242.000,20,241.000,20,240.000,9,253.000,30,255.000,18,256.000,20,257.000,20,260.000,20,0,33,
130812492000,252.000,2,245.000,30,244.000,9,242.000,20,241.000,20,240.000,9,253.000,30,255.000,18,256.000,20,257.000,20,320.000,1,0,33,
130812492000,252.000,2,246.000,20,245.000,30,244.000,9,242.000,20,241.000,20,253.000,30,255.000,18,256.000,20,257.000,20,261.000,20,0,33,
130812493000,252.000,2,246.000,29,245.000,30,244.000,9,242.000,20,241.000,20,253.000,30,255.000,18,256.000,20,257.000,20,261.000,20,0,33,
130812507000,252.000,2,246.000,29,245.000,30,242.000,20,241.000,20,240.000,9,253.000,30,255.000,18,256.000,20,257.000,20,261.000,20,0,33,
130812588000,252.000,2,246.000,29,245.000,30,242.000,20,241.000,40,240.000,9,253.000,30,255.000,18,256.000,40,257.000,20,261.000,20,0,33,
130812987000,252.000,2,246.000,29,245.000,30,241.000,40,240.000,9,86.000,1,253.000,30,255.000,18,256.000,40,261.000,20,320.000,1,0,33,
130812987000,252.000,2,246.000,29,245.000,30,243.000,20,241.000,40,240.000,9,253.000,30,255.000,18,256.000,40,258.000,20,261.000,20,0,33,
130813169000,252.000,2,246.000,29,245.000,30,243.000,20,241.000,40,86.000,1,253.000,30,255.000,18,256.000,40,258.000,20,261.000,20,0,33,
130813171000,252.000,2,246.000,29,245.000,30,243.000,20,241.000,40,86.000,1,253.000,30,255.000,9,256.000,40,258.000,20,261.000,20,0,33,
130813172000,252.000,2,246.000,29,245.000,30,243.000,20,242.000,9,241.000,40,253.000,30,255.000,9,256.000,40,258.000,20,261.000,20,0,33,
130813357000,252.000,2,246.000,29,245.000,30,243.000,20,242.000,9,241.000,40,253.000,30,255.000,9,256.000,40,257.000,9,258.000,20,0,33,
130814477000,252.000,2,246.000,29,245.000,30,242.000,9,241.000,40,86.000,1,253.000,30,255.000,9,256.000,40,257.000,9,261.000,20,0,33,
130814477000,252.000,2,246.000,29,245.000,30,242.000,29,241.000,40,86.000,1,253.000,30,255.000,9,256.000,40,257.000,29,261.000,20,0,33,
130814601000,252.000,2,246.000,29,245.000,30,242.000,9,241.000,40,86.000,1,253.000,30,255.000,9,256.000,40,257.000,9,261.000,20,0,33,
130814976000,252.000,2,246.000,29,245.000,30,243.000,20,242.000,9,241.000,40,253.000,30,255.000,9,256.000,40,257.000,9,258.000,20,0,33,
130816568000,252.000,2,246.000,29,245.000,30,243.000,20,242.000,9,241.000,20,253.000,30,255.000,9,256.000,20,257.000,9,258.000,20,0,33,
130816568000,252.000,2,246.000,29,245.000,9,243.000,20,242.000,9,241.000,20,253.000,9,255.000,9,256.000,20,257.000,9,258.000,20,0,33,
130816568000,252.000,2,246.000,50,245.000,9,243.000,20,242.000,9,241.000,20,253.000,9,254.000,21,255.000,9,256.000,20,257.000,9,0,33,
130816570000,252.000,2,246.000,50,245.000,9,243.000,20,242.000,9,241.000,20,254.000,21,255.000,9,256.000,20,257.000,9,258.000,20,0,33,
130816570000,252.000,2,246.000,50,245.000,9,243.000,20,242.000,9,241.000,20,254.000,30,255.000,9,256.000,20,257.000,9,258.000,20,0,33,
130816570000,252.000,2,246.000,50,245.000,9,243.000,20,242.000,9,241.000,20,254.000,30,255.000,9,256.000,29,257.000,9,258.000,20,0,33,
130816619000,252.000,2,246.000,30,245.000,9,243.000,20,242.000,9,241.000,20,254.000,30,255.000,9,256.000,29,257.000,9,258.000,20,0,33,
130816619000,252.000,2,247.000,20,246.000,30,245.000,9,243.000,20,242.000,9,254.000,30,255.000,9,256.000,29,257.000,9,258.000,20,0,33,
130816620000,252.000,2,247.000,29,246.000,30,245.000,9,243.000,20,242.000,9,254.000,30,255.000,9,256.000,29,257.000,9,258.000,20,0,33,
130816679000,252.000,2,247.000,29,246.000,30,245.000,9,242.000,9,241.000,20,254.000,30,255.000,9,256.000,29,257.000,9,262.000,20,0,33,
130816923000,252.000,2,247.000,29,246.000,30,245.000,9,243.000,20,242.000,9,254.000,30,255.000,9,256.000,29,257.000,9,258.000,20,0,33,
130817007000,252.000,2,247.000,29,246.000,30,245.000,9,243.000,40,242.000,9,254.000,30,255.000,9,256.000,29,257.000,9,258.000,40,0,33,
130817007000,252.000,2,247.000,29,246.000,30,245.000,9,243.000,40,242.000,9,254.000,30,255.000,9,256.000,20,257.000,9,258.000,40,0,33,
130817007000,252.000,2,247.000,29,246.000,30,243.000,40,242.000,9,241.000,20,254.000,30,255.000,9,256.000,20,257.000,9,258.000,40,0,33,
130818607000,252.000,2,247.000,29,246.000,30,243.000,20,242.000,9,241.000,20,254.000,30,255.000,9,256.000,20,257.000,9,258.000,20,0,33,
130818607000,252.000,2,247.000,29,246.000,30,244.000,20,243.000,20,242.000,9,254.000,30,255.000,9,256.000,20,257.000,9,258.000,20,0,33,
130818619000,252.000,2,247.000,9,246.000,30,244.000,20,243.000,20,242.000,9,254.000,30,255.000,9,256.000,20,257.000,9,258.000,20,0,33,
130818619000,252.000,2,248.000,20,247.000,9,246.000,30,244.000,20,243.000,20,254.000,30,255.000,9,256.000,20,257.000,9,258.000,20,0,33,
130818619000,252.000,2,248.000,20,246.000,30,244.000,20,243.000,20,242.000,9,254.000,30,255.000,9,256.000,20,257.000,9,258.000,20,0,33,
130818664000,252.000,2,248.000,20,246.000,30,244.000,20,243.000,20,242.000,9,254.000,30,255.000,9,257.000,9,258.000,20,259.000,20,0,33,
130819203000,252.000,2,248.000,29,246.000,30,244.000,20,243.000,20,242.000,9,254.000,30,255.000,9,257.000,9,258.000,20,259.000,20,0,33,
130819869000,252.000,2,248.000,9,246.000,30,244.000,20,243.000,20,242.000,9,254.000,30,255.000,9,257.000,9,258.000,20,259.000,20,0,33,
130819869000,252.000,2,248.000,9,247.000,20,246.000,30,244.000,20,243.000,20,254.000,30,255.000,9,257.000,9,258.000,20,259.000,20,0,33,
130819869000,252.000,2,247.000,20,246.000,30,244.000,20,243.000,20,242.000,9,254.000,30,255.000,9,257.000,9,258.000,20,259.000,20,0,33,
130820295000,252.000,2,247.000,20,246.000,30,244.000,20,243.000,40,242.000,9,254.000,30,255.000,9,257.000,9,258.000,40,259.000,20,0,33,
130820307000,252.000,2,247.000,29,246.000,30,244.000,20,243.000,40,242.000,9,254.000,30,255.000,9,257.000,9,258.000,40,259.000,20,0,33,
130825763000,252.000,2,247.000,29,246.000,30,243.000,40,242.000,9,86.000,1,254.000,30,255.000,9,257.000,9,258.000,40,262.000,20,0,33,
130825763000,252.000,2,247.000,29,246.000,30,243.000,60,242.000,9,86.000,1,254.000,30,255.000,9,257.000,9,258.000,60,262.000,20,0,33,
130826339000,252.000,2,247.000,29,246.000,30,243.000,40,242.000,9,86.000,1,254.000,30,255.000,9,257.000,9,258.000,40,262.000,20,0,33,
130826339000,252.000,2,247.000,29,246.000,30,244.000,20,243.000,40,242.000,9,254.000,30,255.000,9,257.000,9,258.000,40,259.000,20,0,33,
130826637000,252.000,2,247.000,29,246.000,30,243.000,40,242.000,9,86.000,1,254.000,30,255.000,9,257.000,9,258.000,40,262.000,20,0,33,
130826888000,252.000,2,247.000,29,246.000,30,244.000,20,243.000,40,242.000,9,254.000,30,255.000,9,257.000,9,258.000,40,259.000,20,0,33,
130827263000,252.000,2,247.000,29,246.000,30,243.000,40,242.000,9,86.000,1,254.000,30,255.000,9,257.000,9,258.000,40,262.000,20,0,33,
130827387000,252.000,2,247.000,29,246.000,30,243.000,60,242.000,9,86.000,1,254.000,30,255.000,9,257.000,9,258.000,60,262.000,20,0,33,
130829888000,252.000,2,247.000,29,246.000,30,243.000,40,242.000,9,86.000,1,254.000,30,255.000,9,257.000,9,258.000,40,262.000,20,0,33,
130829888000,252.000,2,247.000,29,246.000,30,244.000,20,243.000,40,242.000,9,254.000,30,255.000,9,257.000,9,258.000,40,259.000,20,0,33,
130830886000,252.000,2,247.000,29,246.000,30,243.000,40,242.000,9,86.000,1,254.000,30,255.000,9,257.000,9,258.000,40,262.000,20,0,33,
130830886000,252.000,2,247.000,29,246.000,30,243.000,60,242.000,9,86.000,1,254.000,30,255.000,9,257.000,9,258.000,60,262.000,20,0,33,
130831011000,252.000,2,247.000,29,246.000,30,243.000,40,242.000,9,86.000,1,254.000,30,255.000,9,257.000,9,258.000,40,262.000,20,0,33,
130831509000,252.000,2,247.000,29,246.000,30,244.000,20,243.000,40,242.000,9,254.000,30,255.000,9,257.000,9,258.000,40,259.000,20,0,33,
130831619000,252.000,2,247.000,9,246.000,30,244.000,20,243.000,40,242.000,9,254.000,30,255.000,9,257.000,9,258.000,40,259.000,20,0,33,
130831619000,252.000,2,248.000,20,247.000,9,246.000,30,244.000,20,243.000,40,254.000,30,255.000,9,257.000,9,258.000,40,259.000,20,0,33,
130831619000,252.000,2,248.000,20,246.000,30,244.000,20,243.000,40,242.000,9,254.000,30,255.000,9,257.000,9,258.000,40,259.000,20,0,33,
130831619000,252.000,2,248.000,29,246.000,30,244.000,20,243.000,40,242.000,9,254.000,30,255.000,9,257.000,9,258.000,40,259.000,20,0,33,
130832118000,252.000,2,248.000,9,246.000,30,244.000,20,243.000,40,242.000,9,254.000,30,255.000,9,257.000,9,258.000,40,259.000,20,0,33,
130832118000,252.000,2,248.000,9,247.000,20,246.000,30,244.000,20,243.000,40,254.000,30,255.000,9,257.000,9,258.000,40,259.000,20,0,33,
130832118000,252.000,2,247.000,20,246.000,30,244.000,20,243.000,40,242.000,9,254.000,30,255.000,9,257.000,9,258.000,40,259.000,20,0,33,
130832118000,252.000,2,247.000,29,246.000,30,244.000,20,243.000,40,242.000,9,254.000,30,255.000,9,257.000,9,258.000,40,259.000,20,0,33,
130832794000,252.000,2,247.000,29,246.000,30,243.000,40,242.000,9,86.000,1,254.000,30,255.000,9,257.000,9,258.000,40,262.000,20,0,33,
130833000000,252.000,2,247.000,29,246.000,30,243.000,60,242.000,9,86.000,1,254.000,30,255.000,9,257.000,9,258.000,60,262.000,20,0,33,
130840119000,252.000,2,247.000,9,246.000,30,243.000,60,242.000,9,86.000,1,254.000,30,255.000,9,257.000,9,258.000,60,320.000,1,0,33,
130840119000,252.000,2,248.000,20,247.000,9,246.000,30,243.000,60,242.000,9,254.000,30,255.000,9,257.000,9,258.000,60,263.000,20,0,33,
130840119000,252.000,2,248.000,20,246.000,30,243.000,60,242.000,9,86.000,1,254.000,30,255.000,9,257.000,9,258.000,60,263.000,20,0,33,
130840119000,252.000,2,248.000,29,246.000,30,243.000,60,242.000,9,86.000,1,254.000,30,255.000,9,257.000,9,258.000,60,263.000,20,0,33,
130840127000,252.000,2,248.000,29,246.000,30,243.000,40,242.000,9,86.000,1,254.000,30,255.000,9,257.000,9,258.000,40,263.000,20,0,33,
130840127000,252.000,2,248.000,29,246.000,30,244.000,20,243.000,40,242.000,9,254.000,30,255.000,9,257.000,9,258.000,40,259.000,20,0,33,
130840300000,252.000,2,248.000,29,246.000,30,244.000,20,243.000,20,242.000,9,254.000,30,255.000,9,257.000,9,258.000,20,259.000,20,0,33,
130841355000,252.000,2,248.000,29,246.000,30,244.000,20,243.000,40,242.000,9,254.000,30,255.000,9,257.000,9,258.000,40,259.000,20,0,33,
130841476000,252.000,2,248.000,29,246.000,30,243.000,40,242.000,9,86.000,1,254.000,30,255.000,9,257.000,9,258.000,40,263.000,20,0,33,
130841476000,252.000,2,248.000,29,246.000,30,243.000,60,242.000,9,86.000,1,254.000,30,255.000,9,257.000,9,258.000,60,263.000,20,0,33,
130842625000,252.000,2,248.000,29,246.000,30,243.000,40,242.000,9,86.000,1,254.000,30,255.000,9,257.000,9,258.000,40,263.000,20,0,33,
130842625000,252.000,2,248.000,29,246.000,30,244.000,20,243.000,40,242.000,9,254.000,30,255.000,9,257.000,9,258.000,40,259.000,20,0,33,
130845991000,252.000,2,248.000,29,246.000,30,243.000,40,242.000,9,86.000,1,254.000,30,255.000,9,257.000,9,258.000,40,263.000,20,0,33,
130845991000,252.000,2,248.000,29,246.000,30,243.000,60,242.000,9,86.000,1,254.000,30,255.000,9,257.000,9,258.000,60,263.000,20,0,33,
130847473000,252.000,2,248.000,29,246.000,30,243.000,40,242.000,9,86.000,1,254.000,30,255.000,9,257.000,9,258.000,40,263.000,20,0,33,
130847597000,252.000,2,248.000,29,246.000,30,244.000,20,243.000,40,242.000,9,254.000,30,255.000,9,257.000,9,258.000,40,259.000,20,0,33,
130847972000,252.000,2,248.000,29,246.000,30,243.000,40,242.000,9,86.000,1,254.000,30,255.000,9,257.000,9,258.000,40,263.000,20,0,33,
130848223000,252.000,2,248.000,29,246.000,30,244.000,20,243.000,40,242.000,9,254.000,30,255.000,9,257.000,9,258.000,40,259.000,20,0,33,
130858653000,252.000,2,248.000,29,246.000,30,243.000,40,242.000,9,86.000,1,254.000,30,255.000,9,257.000,9,258.000,40,263.000,20,0,33,
130858653000,252.000,2,248.000,29,246.000,30,243.000,60,242.000,9,86.000,1,254.000,30,255.000,9,257.000,9,258.000,60,263.000,20,0,33,
130859354000,252.000,2,248.000,9,246.000,30,243.000,60,242.000,9,86.000,1,254.000,30,255.000,9,257.000,9,258.000,60,320.000,1,0,33,
130859354000,252.000,2,248.000,9,247.000,20,246.000,30,243.000,60,242.000,9,254.000,30,255.000,9,257.000,9,258.000,60,262.000,20,0,33,
130859355000,252.000,2,247.000,20,246.000,30,243.000,60,242.000,9,86.000,1,254.000,30,255.000,9,257.000,9,258.000,60,262.000,20,0,33,
130859355000,252.000,2,247.000,29,246.000,30,243.000,60,242.000,9,86.000,1,254.000,30,255.000,9,257.000,9,258.000,60,262.000,20,0,33,
130859369000,252.000,2,247.000,9,246.000,30,243.000,60,242.000,9,86.000,1,254.000,30,255.000,9,257.000,9,258.000,60,320.000,1,0,33,
130859369000,252.000,2,247.000,9,246.000,50,243.000,60,242.000,9,86.000,1,254.000,30,255.000,9,257.000,9,258.000,60,261.000,20,0,33,
130859369000,252.000,2,246.000,50,243.000,60,242.000,9,86.000,1,84.000,3,254.000,30,255.000,9,257.000,9,258.000,60,261.000,20,0,33,
130900234000,252.000,2,246.000,50,243.000,40,242.000,9,86.000,1,84.000,3,254.000,30,255.000,9,257.000,9,258.000,40,261.000,20,0,33,
130900234000,252.000,2,246.000,50,243.000,40,242.000,29,86.000,1,84.000,3,254.000,30,255.000,9,257.000,29,258.000,40,261.000,20,0,33,
130900318000,252.000,2,246.000,50,243.000,20,242.000,29,86.000,1,84.000,3,254.000,30,255.000,9,257.000,29,258.000,20,261.000,20,0,33,
130900318000,252.000,2,246.000,50,242.000,29,86.000,1,84.000,3,39.000,20,254.000,30,255.000,9,257.000,29,261.000,20,320.000,1,0,33,
130900393000,252.000,2,246.000,50,242.000,29,241.000,20,86.000,1,84.000,3,254.000,30,255.000,9,256.000,20,257.000,29,261.000,20,0,33,
130900432000,252.000,2,246.000,50,242.000,9,241.000,20,86.000,1,84.000,3,254.000,30,255.000,9,256.000,20,257.000,9,261.000,20,0,33,
130900743000,252.000,2,246.000,30,242.000,9,241.000,20,86.000,1,84.000,3,254.000,30,255.000,9,256.000,20,257.000,9,320.000,1,0,33,
130900743000,252.000,2,247.000,20,246.000,30,242.000,9,241.000,20,86.000,1,254.000,30,255.000,9,256.000,20,257.000,9,262.000,20,0,33,
130900790000,252.000,2,247.000,20,246.000,30,242.000,9,86.000,1,84.000,3,254.000,30,255.000,9,257.000,9,262.000,20,320.000,1,0,33,
130900830000,252.000,2,247.000,20,246.000,30,244.000,20,242.000,9,86.000,1,254.000,30,255.000,9,257.000,9,259.000,20,262.000,20,0,33,
130901007000,252.000,2,247.000,20,246.000,30,244.000,20,243.000,20,242.000,9,254.000,30,255.000,9,257.000,9,258.000,20,259.000,20,0,33,
130901356000,252.000,2,247.000,29,246.000,30,244.000,20,243.000,20,242.000,9,254.000,30,255.000,9,257.000,9,258.000,20,259.000,20,0,33,
130901453000,252.000,2,247.000,29,246.000,30,243.000,20,242.000,9,86.000,1,254.000,30,255.000,9,257.000,9,258.000,20,262.000,20,0,33,
130901453000,252.000,2,247.000,29,246.000,30,243.000,40,242.000,9,86.000,1,254.000,30,255.000,9,257.000,9,258.000,40,262.000,20,0,33,
130901577000,252.000,2,247.000,29,246.000,30,243.000,20,242.000,9,86.000,1,254.000,30,255.000,9,257.000,9,258.000,20,262.000,20,0,33,
130902074000,252.000,2,247.000,29,246.000,30,243.000,40,242.000,9,86.000,1,254.000,30,255.000,9,257.000,9,258.000,40,262.000,20,0,33,
130903469000,252.000,2,247.000,29,246.000,30,243.000,60,242.000,9,86.000,1,254.000,30,255.000,9,257.000,9,258.000,60,262.000,20,0,33,
130905308000,252.000,2,247.000,29,246.000,30,243.000,40,242.000,9,86.000,1,254.000,30,255.000,9,257.000,9,258.000,40,262.000,20,0,33,
130905308000,252.000,2,247.000,29,246.000,30,244.000,20,243.000,40,242.000,9,254.000,30,255.000,9,257.000,9,258.000,40,259.000,20,0,33,
130905368000,252.000,2,247.000,9,246.000,30,244.000,20,243.000,40,242.000,9,254.000,30,255.000,9,257.000,9,258.000,40,259.000,20,0,33,
130905368000,252.000,2,248.000,20,247.000,9,246.000,30,244.000,20,243.000,40,254.000,30,255.000,9,257.000,9,258.000,40,259.000,20,0,33,
130905369000,252.000,2,248.000,20,246.000,30,244.000,20,243.000,40,242.000,9,254.000,30,255.000,9,257.000,9,258.000,40,259.000,20,0,33,
130905682000,252.000,2,248.000,20,246.000,30,243.000,40,242.000,9,86.000,1,254.000,30,255.000,9,257.000,9,258.000,40,263.000,20,0,33,
130905807000,252.000,2,248.000,20,246.000,30,243.000,60,242.000,9,86.000,1,254.000,30,255.000,9,257.000,9,258.000,60,263.000,20,0,33,
130905868000,252.000,2,246.000,30,243.000,60,242.000,9,86.000,1,84.000,3,254.000,30,255.000,9,257.000,9,258.000,60,320.000,1,0,33,
130905868000,252.000,2,247.000,20,246.000,30,243.000,60,242.000,9,86.000,1,254.000,30,255.000,9,257.000,9,258.000,60,262.000,20,0,33,
130906357000,252.000,2,247.000,29,246.000,30,243.000,60,242.000,9,86.000,1,254.000,30,255.000,9,257.000,9,258.000,60,262.000,20,0,33,
130909274000,252.000,2,247.000,29,246.000,30,243.000,40,242.000,9,86.000,1,254.000,30,255.000,9,257.000,9,258.000,40,262.000,20,0,33,
130909274000,252.000,2,247.000,29,246.000,30,244.000,20,243.000,40,242.000,9,254.000,30,255.000,9,257.000,9,258.000,40,259.000,20,0,33,
130909368000,252.000,2,247.000,9,246.000,30,244.000,20,243.000,40,242.000,9,254.000,30,255.000,9,257.000,9,258.000,40,259.000,20,0,33,
130909368000,252.000,2,248.000,20,247.000,9,246.000,30,244.000,20,243.000,40,254.000,30,255.000,9,257.000,9,258.000,40,259.000,20,0,33,
130909369000,252.000,2,248.000,20,246.000,30,244.000,20,243.000,40,242.000,9,254.000,30,255.000,9,257.000,9,258.000,40,259.000,20,0,33,
130909649000,252.000,2,248.000,20,246.000,30,243.000,40,242.000,9,86.000,1,254.000,30,255.000,9,257.000,9,258.000,40,263.000,20,0,33,
130909898000,252.000,2,248.000,20,246.000,30,243.000,60,242.000,9,86.000,1,254.000,30,255.000,9,257.000,9,258.000,60,263.000,20,0,33,
130910167000,252.000,2,248.000,29,246.000,30,243.000,60,242.000,9,86.000,1,254.000,30,255.000,9,257.000,9,258.000,60,263.000,20,0,33,
130910619000,252.000,2,248.000,9,246.000,30,243.000,60,242.000,9,86.000,1,254.000,30,255.000,9,257.000,9,258.000,60,320.000,1,0,33,
130910619000,252.000,2,248.000,9,247.000,20,246.000,30,243.000,60,242.000,9,254.000,30,255.000,9,257.000,9,258.000,60,262.000,20,0,33,
130910620000,252.000,2,247.000,20,246.000,30,243.000,60,242.000,9,86.000,1,254.000,30,255.000,9,257.000,9,258.000,60,262.000,20,0,33,
130910620000,252.000,2,247.000,29,246.000,30,243.000,60,242.000,9,86.000,1,254.000,30,255.000,9,257.000,9,258.000,60,262.000,20,0,33,
130923500000,252.000,2,247.000,29,246.000,30,243.000,40,242.000,9,86.000,1,254.000,30,255.000,9,257.000,9,258.000,40,262.000,20,0,33,
130924274000,252.000,2,247.000,29,246.000,30,243.000,60,242.000,9,86.000,1,254.000,30,255.000,9,257.000,9,258.000,60,262.000,20,0,33,
130935305000,252.000,2,247.000,29,246.000,30,243.000,40,242.000,9,86.000,1,254.000,30,255.000,9,257.000,9,258.000,40,262.000,20,0,33,
130935305000,252.000,2,247.000,29,246.000,30,244.000,20,243.000,40,242.000,9,254.000,30,255.000,9,257.000,9,258.000,40,259.000,20,0,33,
130936554000,252.000,2,247.000,29,246.000,30,243.000,40,242.000,9,86.000,1,254.000,30,255.000,9,257.000,9,258.000,40,262.000,20,0,33,
130936554000,252.000,2,247.000,29,246.000,30,243.000,60,242.000,9,86.000,1,254.000,30,255.000,9,257.000,9,258.000,60,262.000,20,0,33,
130937422000,252.000,2,247.000,29,246.000,30,243.000,40,242.000,9,86.000,1,254.000,30,255.000,9,257.000,9,258.000,40,262.000,20,0,33,
130937422000,252.000,2,247.000,29,246.000,30,244.000,20,243.000,40,242.000,9,254.000,30,255.000,9,257.000,9,258.000,40,259.000,20,0,33,
130938155000,252.000,2,247.000,29,246.000,30,243.000,40,242.000,9,86.000,1,254.000,30,255.000,9,257.000,9,258.000,40,262.000,20,0,33,
130938155000,252.000,2,247.000,29,246.000,30,243.000,60,242.000,9,86.000,1,254.000,30,255.000,9,257.000,9,258.000,60,262.000,20,0,33,
130938404000,252.000,2,247.000,29,246.000,30,243.000,40,242.000,9,86.000,1,254.000,30,255.000,9,257.000,9,258.000,40,262.000,20,0,33,
130938778000,252.000,2,247.000,29,246.000,30,244.000,20,243.000,40,242.000,9,254.000,30,255.000,9,257.000,9,258.000,40,259.000,20,0,33,
130939404000,252.000,2,247.000,29,246.000,30,243.000,40,242.000,9,86.000,1,254.000,30,255.000,9,257.000,9,258.000,40,262.000,20,0,33,
130939404000,252.000,2,247.000,29,246.000,30,243.000,60,242.000,9,86.000,1,254.000,30,255.000,9,257.000,9,258.000,60,262.000,20,0,33,
130941118000,252.000,2,247.000,9,246.000,30,243.000,60,242.000,9,86.000,1,254.000,30,255.000,9,257.000,9,258.000,60,320.000,1,0,33,
130941118000,252.000,2,247.000,9,246.000,50,243.000,60,242.000,9,86.000,1,254.000,30,255.000,9,257.000,9,258.000,60,261.000,20,0,33,
130941119000,252.000,2,246.000,50,243.000,60,242.000,9,86.000,1,84.000,3,254.000,30,255.000,9,257.000,9,258.000,60,261.000,20,0,33,
130944300000,252.000,2,246.000,50,243.000,40,242.000,9,86.000,1,84.000,3,254.000,30,255.000,9,257.000,9,258.000,40,261.000,20,0,33,
130945351000,252.000,2,246.000,50,243.000,40,242.000,29,86.000,1,84.000,3,254.000,30,255.000,9,257.000,29,258.000,40,261.000,20,0,33,
130945984000,252.000,2,246.000,29,243.000,40,242.000,29,86.000,1,84.000,3,254.000,9,255.000,9,257.000,29,258.000,40,261.000,20,0,33,
130945984000,252.000,2,246.000,29,245.000,21,243.000,40,242.000,29,86.000,1,254.000,30,255.000,9,257.000,29,258.000,40,261.000,20,0,33,
130945985000,252.000,2,246.000,29,245.000,21,243.000,40,242.000,29,86.000,1,254.000,30,255.000,9,257.000,38,258.000,40,261.000,20,0,33,
130945985000,252.000,2,246.000,29,245.000,21,243.000,40,242.000,29,86.000,1,254.000,21,255.000,9,257.000,38,258.000,40,261.000,20,0,33,
130946356000,252.000,2,246.000,29,245.000,21,243.000,40,242.000,29,86.000,1,254.000,30,255.000,9,257.000,38,258.000,40,261.000,20,0,33,
130946507000,252.000,2,246.000,29,245.000,21,243.000,40,242.000,29,86.000,1,254.000,30,255.000,9,257.000,29,258.000,40,261.000,20,0,33,
130946855000,252.000,2,246.000,29,245.000,21,243.000,20,242.000,29,86.000,1,254.000,30,255.000,9,257.000,29,258.000,20,261.000,20,0,33,
130946855000,252.000,2,246.000,29,245.000,21,243.000,20,242.000,49,86.000,1,254.000,30,255.000,9,257.000,49,258.000,20,261.000,20,0,33,
130950493000,252.000,2,246.000,9,245.000,21,243.000,20,242.000,49,86.000,1,254.000,30,255.000,9,257.000,49,258.000,20,320.000,1,0,33,
130950493000,252.000,2,246.000,9,245.000,41,243.000,20,242.000,49,86.000,1,254.000,30,255.000,9,257.000,49,258.000,20,260.000,20,0,33,
130950494000,252.000,2,246.000,9,245.000,50,243.000,20,242.000,49,86.000,1,254.000,30,255.000,9,257.000,49,258.000,20,260.000,20,0,33,
130950494000,252.000,2,245.000,50,243.000,20,242.000,49,86.000,1,84.000,3,254.000,30,255.000,9,257.000,49,258.000,20,260.000,20,0,33,
130950507000,252.000,2,245.000,50,242.000,49,86.000,1,84.000,3,39.000,20,254.000,30,255.000,9,257.000,49,260.000,20,320.000,1,0,33,
130950507000,252.000,2,245.000,50,242.000,49,241.000,20,86.000,1,84.000,3,254.000,30,255.000,9,256.000,20,257.000,49,260.000,20,0,33,
130951497000,252.000,2,245.000,50,242.000,29,241.000,20,86.000,1,84.000,3,254.000,30,255.000,9,256.000,20,257.000,29,260.000,20,0,33,
130951597000,252.000,2,245.000,50,242.000,49,241.000,20,86.000,1,84.000,3,254.000,30,255.000,9,256.000,20,257.000,49,260.000,20,0,33,
130953612000,252.000,2,245.000,29,242.000,49,241.000,20,86.000,1,84.000,3,254.000,9,255.000,9,256.000,20,257.000,49,260.000,20,0,33,
130953612000,252.000,2,245.000,29,244.000,21,242.000,49,241.000,20,86.000,1,254.000,30,255.000,9,256.000,20,257.000,49,260.000,20,0,33,
130953627000,252.000,2,245.000,29,244.000,21,242.000,29,241.000,20,86.000,1,254.000,30,255.000,9,256.000,20,257.000,29,260.000,20,0,33,
130953627000,252.000,2,245.000,29,244.000,21,242.000,29,241.000,40,86.000,1,254.000,30,255.000,9,256.000,40,257.000,29,260.000,20,0,33,
130953751000,252.000,2,245.000,29,244.000,21,242.000,29,241.000,20,86.000,1,254.000,30,255.000,9,256.000,20,257.000,29,260.000,20,0,33,
130954251000,252.000,2,245.000,29,244.000,21,242.000,49,241.000,20,86.000,1,254.000,30,255.000,9,256.000,20,257.000,49,260.000,20,0,33,
130955617000,252.000,2,245.000,9,244.000,21,242.000,49,241.000,20,86.000,1,254.000,30,255.000,9,256.000,20,257.000,49,320.000,1,0,33,
130955617000,252.000,2,246.000,20,245.000,9,244.000,21,242.000,49,241.000,20,254.000,30,255.000,9,256.000,20,257.000,49,261.000,20,0,33,
130955618000,252.000,2,246.000,20,245.000,9,244.000,30,242.000,49,241.000,20,254.000,30,255.000,9,256.000,20,257.000,49,261.000,20,0,33,
130955618000,252.000,2,246.000,29,245.000,9,244.000,30,242.000,49,241.000,20,254.000,30,255.000,9,256.000,20,257.000,49,261.000,20,0,33,
130955618000,252.000,2,246.000,29,244.000,30,242.000,49,241.000,20,86.000,1,254.000,30,255.000,9,256.000,20,257.000,49,261.000,20,0,33,
130955989000,252.000,2,246.000,29,244.000,9,242.000,49,241.000,20,86.000,1,254.000,9,255.000,9,256.000,20,257.000,49,261.000,20,0,33,
130955989000,252.000,2,246.000,29,245.000,21,244.000,9,242.000,49,241.000,20,254.000,30,255.000,9,256.000,20,257.000,49,261.000,20,0,33,
130955989000,252.000,2,246.000,29,245.000,21,244.000,9,242.000,49,241.000,20,254.000,30,255.000,9,256.000,29,257.000,49,261.000,20,0,33,
130955989000,252.000,2,246.000,29,245.000,21,244.000,9,242.000,49,241.000,20,254.000,21,255.000,9,256.000,29,257.000,49,261.000,20,0,33,
130955989000,252.000,2,246.000,29,245.000,21,244.000,9,242.000,49,241.000,20,254.000,30,255.000,9,256.000,29,257.000,49,261.000,20,0,33,
130956007000,252.000,2,246.000,29,245.000,21,244.000,9,242.000,49,241.000,20,254.000,30,255.000,9,256.000,20,257.000,49,261.000,20,0,33,
130957493000,252.000,2,246.000,29,245.000,21,244.000,9,242.000,29,241.000,20,254.000,30,255.000,9,256.000,20,257.000,29,261.000,20,0,33,
130957493000,252.000,2,246.000,29,245.000,21,244.000,9,243.000,20,242.000,29,254.000,30,255.000,9,256.000,20,257.000,29,258.000,20,0,33,
130957857000,252.000,2,246.000,29,245.000,21,244.000,9,242.000,29,241.000,20,254.000,30,255.000,9,256.000,20,257.000,29,261.000,20,0,33,
130958109000,252.000,2,246.000,29,245.000,21,244.000,9,242.000,49,241.000,20,254.000,30,255.000,9,256.000,20,257.000,49,261.000,20,0,33,
131001551000,252.000,2,246.000,29,245.000,21,244.000,9,242.000,29,241.000,20,254.000,30,255.000,9,256.000,20,257.000,29,261.000,20,0,33,
131001551000,252.000,2,246.000,29,245.000,21,244.000,9,243.000,20,242.000,29,254.000,30,255.000,9,256.000,20,257.000,29,258.000,20,0,33,
131001925000,252.000,2,246.000,29,245.000,21,244.000,9,242.000,29,241.000,20,254.000,30,255.000,9,256.000,20,257.000,29,261.000,20,0,33,
131002166000,252.000,2,246.000,29,245.000,21,244.000,9,242.000,49,241.000,20,254.000,30,255.000,9,256.000,20,257.000,49,261.000,20,0,33,
131002291000,252.000,2,246.000,29,245.000,21,244.000,9,242.000,29,241.000,20,254.000,30,255.000,9,256.000,20,257.000,29,261.000,20,0,33,
131002786000,252.000,2,246.000,29,245.000,21,244.000,9,243.000,20,242.000,29,254.000,30,255.000,9,256.000,20,257.000,29,258.000,20,0,33,
131004157000,252.000,2,246.000,29,245.000,21,244.000,9,242.000,29,241.000,20,254.000,30,255.000,9,256.000,20,257.000,29,261.000,20,0,33,
131004157000,252.000,2,246.000,29,245.000,21,244.000,9,242.000,49,241.000,20,254.000,30,255.000,9,256.000,20,257.000,49,261.000,20,0,33,
131005621000,252.000,2,246.000,29,244.000,9,242.000,49,241.000,20,86.000,1,254.000,9,255.000,9,256.000,20,257.000,49,261.000,20,0,33,
131005621000,252.000,2,246.000,29,244.000,30,242.000,49,241.000,20,86.000,1,254.000,30,255.000,9,256.000,20,257.000,49,261.000,20,0,33,
131005993000,252.000,2,246.000,29,244.000,9,242.000,49,241.000,20,86.000,1,254.000,9,255.000,9,256.000,20,257.000,49,261.000,20,0,33,
131005993000,252.000,2,246.000,29,245.000,21,244.000,9,242.000,49,241.000,20,254.000,30,255.000,9,256.000,20,257.000,49,261.000,20,0,33,
131005993000,252.000,2,246.000,29,245.000,21,244.000,9,242.000,49,241.000,20,254.000,30,255.000,9,256.000,29,257.000,49,261.000,20,0,33,
131005993000,252.000,2,246.000,29,245.000,21,244.000,9,242.000,49,241.000,20,254.000,21,255.000,9,256.000,29,257.000,49,261.000,20,0,33,
131005994000,252.000,2,246.000,29,245.000,21,244.000,9,242.000,49,241.000,20,254.000,30,255.000,9,256.000,29,257.000,49,261.000,20,0,33,
131006007000,252.000,2,246.000,29,245.000,21,244.000,9,242.000,49,241.000,20,254.000,30,255.000,9,256.000,20,257.000,49,261.000,20,0,33,
131007230000,252.000,2,246.000,29,245.000,21,244.000,9,242.000,29,241.000,20,254.000,30,255.000,9,256.000,20,257.000,29,261.000,20,0,33,
131007230000,252.000,2,246.000,29,245.000,21,244.000,9,243.000,20,242.000,29,254.000,30,255.000,9,256.000,20,257.000,29,258.000,20,0,33,
131009618000,252.000,2,246.000,9,245.000,21,244.000,9,243.000,20,242.000,29,254.000,30,255.000,9,256.000,20,257.000,29,258.000,20,0,33,
131009618000,252.000,2,247.000,20,246.000,9,245.000,21,244.000,9,243.000,20,254.000,30,255.000,9,256.000,20,257.000,29,258.000,20,0,33,
131009618000,252.000,2,247.000,20,246.000,9,245.000,30,244.000,9,243.000,20,254.000,30,255.000,9,256.000,20,257.000,29,258.000,20,0,33,
131009619000,252.000,2,247.000,29,246.000,9,245.000,30,244.000,9,243.000,20,254.000,30,255.000,9,256.000,20,257.000,29,258.000,20,0,33,
131009619000,252.000,2,247.000,29,245.000,30,244.000,9,243.000,20,242.000,29,254.000,30,255.000,9,256.000,20,257.000,29,258.000,20,0,33,
131010007000,252.000,2,247.000,29,245.000,30,243.000,20,242.000,29,241.000,20,254.000,30,255.000,9,256.000,20,257.000,29,258.000,20,0,33,
131010993000,252.000,2,247.000,9,245.000,30,243.000,20,242.000,29,241.000,20,254.000,30,255.000,9,256.000,20,257.000,29,258.000,20,0,33,
131010993000,252.000,2,247.000,9,246.000,20,245.000,30,243.000,20,242.000,29,254.000,30,255.000,9,256.000,20,257.000,29,258.000,20,0,33,
131010993000,252.000,2,246.000,20,245.000,30,243.000,20,242.000,29,241.000,20,254.000,30,255.000,9,256.000,20,257.000,29,258.000,20,0,33,
131010994000,252.000,2,246.000,29,245.000,30,243.000,20,242.000,29,241.000,20,254.000,30,255.000,9,256.000,20,257.000,29,258.000,20,0,33,
131011038000,252.000,2,246.000,29,245.000,30,242.000,29,241.000,20,86.000,1,254.000,30,255.000,9,256.000,20,257.000,29,261.000,20,0,33,
131011038000,252.000,2,246.000,29,245.000,30,242.000,49,241.000,20,86.000,1,254.000,30,255.000,9,256.000,20,257.000,49,261.000,20,0,33,
131011600000,252.000,2,246.000,29,245.000,30,242.000,29,241.000,20,86.000,1,254.000,30,255.000,9,256.000,20,257.000,29,261.000,20,0,33,
131011662000,252.000,2,246.000,29,245.000,30,242.000,9,241.000,20,86.000,1,254.000,30,255.000,9,256.000,20,257.000,9,261.000,20,0,33,
131011662000,252.000,2,246.000,29,245.000,30,243.000,20,242.000,9,241.000,20,254.000,30,255.000,9,256.000,20,257.000,9,258.000,20,0,33,
131011743000,252.000,2,246.000,9,245.000,30,243.000,20,242.000,9,241.000,20,254.000,30,255.000,9,256.000,20,257.000,9,258.000,20,0,33,
131011743000,252.000,2,247.000,20,246.000,9,245.000,30,243.000,20,242.000,9,254.000,30,255.000,9,256.000,20,257.000,9,258.000,20,0,33,
131011743000,252.000,2,247.000,20,245.000,30,243.000,20,242.000,9,241.000,20,254.000,30,255.000,9,256.000,20,257.000,9,258.000,20,0,33,
131011743000,252.000,2,247.000,29,245.000,30,243.000,20,242.000,9,241.000,20,254.000,30,255.000,9,256.000,20,257.000,9,258.000,20,0,33,
131011955000,252.000,2,247.000,29,245.000,30,243.000,20,242.000,29,241.000,20,254.000,30,255.000,9,256.000,20,257.000,29,258.000,20,0,33,
131014470000,252.000,2,247.000,29,245.000,9,243.000,20,242.000,29,241.000,20,254.000,9,255.000,9,256.000,20,257.000,29,258.000,20,0,33,
131014470000,252.000,2,247.000,29,246.000,21,245.000,9,243.000,20,242.000,29,254.000,30,255.000,9,256.000,20,257.000,29,258.000,20,0,33,
131017244000,252.000,2,247.000,9,246.000,21,245.000,9,243.000,20,242.000,29,254.000,30,255.000,9,256.000,20,257.000,29,258.000,20,0,33,
131017244000,252.000,2,248.000,20,247.000,9,246.000,21,245.000,9,243.000,20,254.000,30,255.000,9,256.000,20,257.000,29,258.000,20,0,33,
131017244000,252.000,2,248.000,20,246.000,21,245.000,9,243.000,20,242.000,29,254.000,30,255.000,9,256.000,20,257.000,29,258.000,20,0,33,
131017244000,252.000,2,248.000,20,246.000,30,245.000,9,243.000,20,242.000,29,254.000,30,255.000,9,256.000,20,257.000,29,258.000,20,0,33,
131017244000,252.000,2,248.000,29,246.000,30,245.000,9,243.000,20,242.000,29,254.000,30,255.000,9,256.000,20,257.000,29,258.000,20,0,33,
131017247000,252.000,2,248.000,29,246.000,30,245.000,9,242.000,29,241.000,20,254.000,30,255.000,9,256.000,20,257.000,29,263.000,20,0,33,
131017247000,252.000,2,248.000,29,246.000,30,245.000,9,244.000,20,242.000,29,254.000,30,255.000,9,256.000,20,257.000,29,259.000,20,0,33,
131017416000,252.000,2,248.000,29,246.000,30,245.000,9,244.000,20,242.000,29,254.000,30,255.000,9,257.000,29,259.000,20,263.000,20,0,33,
131017416000,252.000,2,248.000,29,246.000,30,245.000,9,244.000,20,243.000,20,254.000,30,255.000,9,257.000,29,258.000,20,259.000,20,0,33,
131017506000,252.000,2,248.000,29,246.000,30,244.000,20,243.000,20,242.000,29,254.000,30,255.000,9,257.000,29,258.000,20,259.000,20,0,33,
131017862000,252.000,2,248.000,29,246.000,30,244.000,20,243.000,20,242.000,9,254.000,30,255.000,9,257.000,9,258.000,20,259.000,20,0,33,
131018734000,252.000,2,248.000,29,246.000,30,244.000,20,243.000,40,242.000,9,254.000,30,255.000,9,257.000,9,258.000,40,259.000,20,0,33,
131020084000,252.000,2,248.000,29,246.000,9,244.000,20,243.000,40,242.000,9,254.000,9,255.000,9,257.000,9,258.000,40,259.000,20,0,33,
131020084000,252.000,2,248.000,29,247.000,21,246.000,9,244.000,20,243.000,40,254.000,9,255.000,30,257.000,9,258.000,40,259.000,20,0,33,
131020086000,252.000,2,248.000,29,247.000,21,246.000,9,244.000,20,243.000,40,254.000,9,255.000,30,257.000,18,258.000,40,259.000,20,0,33,
131020086000,252.000,2,248.000,29,247.000,21,246.000,9,244.000,20,243.000,40,255.000,30,257.000,18,258.000,40,259.000,20,263.000,20,0,33,
131020087000,252.000,2,248.000,29,247.000,21,246.000,9,243.000,40,242.000,9,255.000,30,257.000,18,258.000,40,263.000,20,320.000,1,0,33,
131020087000,252.000,2,248.000,29,247.000,21,246.000,9,245.000,20,243.000,40,255.000,30,257.000,18,258.000,40,260.000,20,263.000,20,0,33,
131020207000,252.000,2,248.000,29,247.000,21,246.000,9,243.000,40,242.000,9,255.000,30,257.000,18,258.000,40,263.000,20,320.000,1,0,33,
131020701000,252.000,2,248.000,29,247.000,21,246.000,9,244.000,20,243.000,40,255.000,30,257.000,18,258.000,40,259.000,20,263.000,20,0,33,
131021928000,252.000,2,248.000,29,247.000,21,246.000,9,243.000,40,242.000,9,255.000,30,257.000,18,258.000,40,263.000,20,320.000,1,0,33,
131021928000,252.000,2,248.000,29,247.000,21,246.000,9,243.000,60,242.000,9,255.000,30,257.000,18,258.000,60,263.000,20,320.000,1,0,33,
131023321000,252.000,2,248.000,29,247.000,21,246.000,9,243.000,40,242.000,9,255.000,30,257.000,18,258.000,40,263.000,20,320.000,1,0,33,
131023321000,252.000,2,248.000,29,247.000,21,246.000,9,244.000,20,243.000,40,255.000,30,257.000,18,258.000,40,259.000,20,263.000,20,0,33,
131034624000,252.000,2,248.000,29,246.000,9,244.000,20,243.000,40,242.000,9,255.000,9,257.000,18,258.000,40,259.000,20,263.000,20,0,33,
131034624000,252.000,2,248.000,29,246.000,30,244.000,20,243.000,40,242.000,9,254.000,21,255.000,9,257.000,18,258.000,40,259.000,20,0,33,
131034624000,252.000,2,248.000,29,246.000,30,244.000,20,243.000,40,242.000,9,254.000,21,257.000,18,258.000,40,259.000,20,263.000,20,0,33,
131034624000,252.000,2,248.000,29,246.000,30,244.000,20,243.000,40,242.000,9,254.000,30,257.000,18,258.000,40,259.000,20,263.000,20,0,33,
131034770000,252.000,2,248.000,29,246.000,30,243.000,40,242.000,9,86.000,1,254.000,30,257.000,18,258.000,40,263.000,20,320.000,1,0,33,
131034770000,252.000,2,248.000,29,246.000,30,243.000,60,242.000,9,86.000,1,254.000,30,257.000,18,258.000,60,263.000,20,320.000,1,0,33,
131035769000,252.000,2,248.000,29,246.000,30,243.000,40,242.000,9,86.000,1,254.000,30,257.000,18,258.000,40,263.000,20,320.000,1,0,33,
131035769000,252.000,2,248.000,29,246.000,30,244.000,20,243.000,40,242.000,9,254.000,30,257.000,18,258.000,40,259.000,20,263.000,20,0,33,
131038800000,252.000,2,248.000,29,246.000,30,244.000,20,243.000,20,242.000,9,254.000,30,257.000,18,258.000,20,259.000,20,263.000,20,0,33,
131039709000,252.000,2,248.000,29,246.000,30,244.000,20,243.000,40,242.000,9,254.000,30,257.000,18,258.000,40,259.000,20,263.000,20,0,33,
131045993000,252.000,2,248.000,9,246.000,30,244.000,20,243.000,40,242.000,9,254.000,30,257.000,18,258.000,40,259.000,20,320.000,1,0,33,
131045993000,252.000,2,249.000,20,248.000,9,246.000,30,244.000,20,243.000,40,254.000,30,257.000,18,258.000,40,259.000,20,264.000,20,0,33,
131045993000,252.000,2,249.000,20,246.000,30,244.000,20,243.000,40,242.000,9,254.000,30,257.000,18,258.000,40,259.000,20,264.000,20,0,33,
131045993000,252.000,2,249.000,29,246.000,30,244.000,20,243.000,40,242.000,9,254.000,30,257.000,18,258.000,40,259.000,20,264.000,20,0,33,
131050118000,252.000,2,249.000,9,246.000,30,244.000,20,243.000,40,242.000,9,254.000,30,257.000,18,258.000,40,259.000,20,320.000,1,0,33,
131050118000,252.000,2,249.000,9,248.000,20,246.000,30,244.000,20,243.000,40,254.000,30,257.000,18,258.000,40,259.000,20,263.000,20,0,33,
131050118000,252.000,2,248.000,20,246.000,30,244.000,20,243.000,40,242.000,9,254.000,30,257.000,18,258.000,40,259.000,20,263.000,20,0,33,
131050119000,252.000,2,248.000,29,246.000,30,244.000,20,243.000,40,242.000,9,254.000,30,257.000,18,258.000,40,259.000,20,263.000,20,0,33,
131055175000,252.000,2,248.000,29,246.000,30,243.000,40,242.000,9,86.000,1,254.000,30,257.000,18,258.000,40,263.000,20,320.000,1,0,33,
131055175000,252.000,2,248.000,29,246.000,30,243.000,60,242.000,9,86.000,1,254.000,30,257.000,18,258.000,60,263.000,20,320.000,1,0,33,
131055243000,252.000,2,248.000,9,246.000,30,243.000,60,242.000,9,86.000,1,254.000,30,257.000,18,258.000,60,320.000,1,400.000,1,0,33,
131055243000,252.000,2,248.000,9,247.000,20,246.000,30,243.000,60,242.000,9,254.000,30,257.000,18,258.000,60,262.000,20,320.000,1,0,33,
131055244000,252.000,2,247.000,20,246.000,30,243.000,60,242.000,9,86.000,1,254.000,30,257.000,18,258.000,60,262.000,20,320.000,1,0,33,
131055244000,252.000,2,247.000,29,246.000,30,243.000,60,242.000,9,86.000,1,254.000,30,257.000,18,258.000,60,262.000,20,320.000,1,0,33,
131056746000,252.000,2,247.000,29,246.000,30,243.000,40,242.000,9,86.000,1,254.000,30,257.000,18,258.000,40,262.000,20,320.000,1,0,33,
131056801000,252.000,2,247.000,29,246.000,30,243.000,20,242.000,9,86.000,1,254.000,30,257.000,18,258.000,20,262.000,20,320.000,1,0,33,
131056801000,252.000,2,247.000,29,246.000,30,243.000,20,242.000,29,86.000,1,254.000,30,257.000,38,258.000,20,262.000,20,320.000,1,0,33,
131056868000,252.000,2,247.000,9,246.000,30,243.000,20,242.000,29,86.000,1,254.000,30,257.000,38,258.000,20,320.000,1,400.000,1,0,33,
131056868000,252.000,2,247.000,9,246.000,50,243.000,20,242.000,29,86.000,1,254.000,30,257.000,38,258.000,20,261.000,20,320.000,1,0,33,
131056869000,252.000,2,246.000,50,243.000,20,242.000,29,86.000,1,84.000,3,254.000,30,257.000,38,258.000,20,261.000,20,320.000,1,0,33,
131057385000,252.000,2,246.000,50,243.000,20,242.000,9,86.000,1,84.000,3,254.000,30,257.000,18,258.000,20,261.000,20,320.000,1,0,33,
131057385000,252.000,2,246.000,50,243.000,40,242.000,9,86.000,1,84.000,3,254.000,30,257.000,18,258.000,40,261.000,20,320.000,1,0,33,
131058354000,252.000,2,246.000,50,243.000,40,242.000,29,86.000,1,84.000,3,254.000,30,257.000,38,258.000,40,261.000,20,320.000,1,0,33,
131101631000,252.000,2,246.000,50,243.000,20,242.000,29,86.000,1,84.000,3,254.000,30,257.000,38,258.000,20,261.000,20,320.000,1,0,33,
131101631000,252.000,2,246.000,50,243.000,20,242.000,49,86.000,1,84.000,3,254.000,30,257.000,58,258.000,20,261.000,20,320.000,1,0,33,
131102003000,252.000,2,246.000,50,243.000,20,242.000,29,86.000,1,84.000,3,254.000,30,257.000,38,258.000,20,261.000,20,320.000,1,0,33,
131102254000,252.000,2,246.000,50,243.000,40,242.000,29,86.000,1,84.000,3,254.000,30,257.000,38,258.000,40,261.000,20,320.000,1,0,33,
131102618000,252.000,2,246.000,30,243.000,40,242.000,29,86.000,1,84.000,3,254.000,30,257.000,38,258.000,40,320.000,1,400.000,1,0,33,
131102618000,252.000,2,247.000,20,246.000,30,243.000,40,242.000,29,86.000,1,254.000,30,257.000,38,258.000,40,262.000,20,320.000,1,0,33,
131102618000,252.000,2,247.000,29,246.000,30,243.000,40,242.000,29,86.000,1,254.000,30,257.000,38,258.000,40,262.000,20,320.000,1,0,33,
131104095000,252.000,2,247.000,29,246.000,30,243.000,20,242.000,29,86.000,1,254.000,30,257.000,38,258.000,20,262.000,20,320.000,1,0,33,
131104095000,252.000,2,247.000,29,246.000,30,243.000,20,242.000,49,86.000,1,254.000,30,257.000,58,258.000,20,262.000,20,320.000,1,0,33,
131104344000,252.000,2,247.000,29,246.000,30,243.000,20,242.000,29,86.000,1,254.000,30,257.000,38,258.000,20,262.000,20,320.000,1,0,33,
131104618000,252.000,2,247.000,9,246.000,30,243.000,20,242.000,29,86.000,1,254.000,30,257.000,38,258.000,20,320.000,1,400.000,1,0,33,
131104618000,252.000,2,247.000,9,246.000,50,243.000,20,242.000,29,86.000,1,254.000,30,257.000,38,258.000,20,261.000,20,320.000,1,0,33,
131104618000,252.000,2,246.000,50,243.000,20,242.000,29,86.000,1,84.000,3,254.000,30,257.000,38,258.000,20,261.000,20,320.000,1,0,33,
131104681000,252.000,2,246.000,50,243.000,20,242.000,49,86.000,1,84.000,3,254.000,30,257.000,58,258.000,20,261.000,20,320.000,1,0,33,
131105056000,252.000,2,246.000,50,243.000,20,242.000,29,86.000,1,84.000,3,254.000,30,257.000,38,258.000,20,261.000,20,320.000,1,0,33,
131105180000,252.000,2,246.000,50,243.000,40,242.000,29,86.000,1,84.000,3,254.000,30,257.000,38,258.000,40,261.000,20,320.000,1,0,33,
131105618000,252.000,2,246.000,30,243.000,40,242.000,29,86.000,1,84.000,3,254.000,30,257.000,38,258.000,40,320.000,1,400.000,1,0,33,
131105618000,252.000,2,247.000,20,246.000,30,243.000,40,242.000,29,86.000,1,254.000,30,257.000,38,258.000,40,262.000,20,320.000,1,0,33,
131105618000,252.000,2,247.000,29,246.000,30,243.000,40,242.000,29,86.000,1,254.000,30,257.000,38,258.000,40,262.000,20,320.000,1,0,33,
131112898000,252.000,2,247.000,29,246.000,30,243.000,20,242.000,29,86.000,1,254.000,30,257.000,38,258.000,20,262.000,20,320.000,1,0,33,
131112898000,252.000,2,247.000,29,246.000,30,243.000,20,242.000,49,86.000,1,254.000,30,257.000,58,258.000,20,262.000,20,320.000,1,0,33,
131113022000,252.000,2,247.000,29,246.000,9,243.000,20,242.000,49,86.000,1,254.000,9,257.000,58,258.000,20,262.000,20,320.000,1,0,33,
131113022000,252.000,2,247.000,29,246.000,9,245.000,21,243.000,20,242.000,49,254.000,30,257.000,58,258.000,20,262.000,20,320.000,1,0,33,
131113022000,252.000,2,247.000,29,246.000,9,245.000,21,243.000,20,242.000,49,254.000,21,257.000,58,258.000,20,262.000,20,320.000,1,0,33,
131113022000,252.000,2,247.000,29,246.000,9,245.000,21,243.000,20,242.000,49,254.000,30,257.000,58,258.000,20,262.000,20,320.000,1,0,33,
131113486000,252.000,2,247.000,29,246.000,9,245.000,21,243.000,20,242.000,29,254.000,30,257.000,38,258.000,20,262.000,20,320.000,1,0,33,
131113486000,252.000,2,247.000,29,246.000,9,245.000,21,243.000,40,242.000,29,254.000,30,257.000,38,258.000,40,262.000,20,320.000,1,0,33,
131118400000,252.000,2,247.000,29,246.000,9,245.000,21,243.000,40,242.000,9,254.000,30,257.000,18,258.000,40,262.000,20,320.000,1,0,33,
131119399000,252.000,2,247.000,29,246.000,9,245.000,21,243.000,40,242.000,29,254.000,30,257.000,38,258.000,40,262.000,20,320.000,1,0,33,
131120611000,252.000,2,247.000,29,246.000,9,245.000,21,243.000,20,242.000,29,254.000,30,257.000,38,258.000,20,262.000,20,320.000,1,0,33,
131120611000,252.000,2,247.000,29,246.000,9,245.000,21,243.000,20,242.000,49,254.000,30,257.000,58,258.000,20,262.000,20,320.000,1,0,33,
131120867000,252.000,2,247.000,9,246.000,9,245.000,21,243.000,20,242.000,49,254.000,30,257.000,58,258.000,20,320.000,1,400.000,1,0,33,
131120867000,252.000,2,247.000,9,246.000,29,245.000,21,243.000,20,242.000,49,254.000,30,257.000,58,258.000,20,261.000,20,320.000,1,0,33,
131120868000,252.000,2,247.000,9,246.000,29,245.000,30,243.000,20,242.000,49,254.000,30,257.000,58,258.000,20,261.000,20,320.000,1,0,33,
131120868000,252.000,2,246.000,29,245.000,30,243.000,20,242.000,49,86.000,1,254.000,30,257.000,58,258.000,20,261.000,20,320.000,1,0,33,
131123967000,252.000,2,246.000,29,245.000,30,243.000,20,242.000,29,86.000,1,254.000,30,257.000,38,258.000,20,261.000,20,320.000,1,0,33,
131123967000,252.000,2,246.000,29,245.000,30,243.000,40,242.000,29,86.000,1,254.000,30,257.000,38,258.000,40,261.000,20,320.000,1,0,33,
131125118000,252.000,2,246.000,9,245.000,30,243.000,40,242.000,29,86.000,1,254.000,30,257.000,38,258.000,40,320.000,1,400.000,1,0,33,
131125118000,252.000,2,247.000,20,246.000,9,245.000,30,243.000,40,242.000,29,254.000,30,257.000,38,258.000,40,262.000,20,320.000,1,0,33,
131125118000,252.000,2,247.000,20,245.000,30,243.000,40,242.000,29,86.000,1,254.000,30,257.000,38,258.000,40,262.000,20,320.000,1,0,33,
131125118000,252.000,2,247.000,29,245.000,30,243.000,40,242.000,29,86.000,1,254.000,30,257.000,38,258.000,40,262.000,20,320.000,1,0,33,
131126210000,252.000,2,247.000,29,245.000,30,243.000,20,242.000,29,86.000,1,254.000,30,257.000,38,258.000,20,262.000,20,320.000,1,0,33,
131126210000,252.000,2,247.000,29,245.000,30,243.000,20,242.000,49,86.000,1,254.000,30,257.000,58,258.000,20,262.000,20,320.000,1,0,33,
131126959000,252.000,2,247.000,29,245.000,30,243.000,20,242.000,29,86.000,1,254.000,30,257.000,38,258.000,20,262.000,20,320.000,1,0,33,
131126959000,252.000,2,247.000,29,245.000,30,243.000,40,242.000,29,86.000,1,254.000,30,257.000,38,258.000,40,262.000,20,320.000,1,0,33,
131132701000,252.000,2,247.000,29,245.000,9,243.000,40,242.000,29,86.000,1,254.000,9,257.000,38,258.000,40,262.000,20,320.000,1,0,33,
131132701000,252.000,2,247.000,29,245.000,9,244.000,21,243.000,40,242.000,29,254.000,30,257.000,38,258.000,40,262.000,20,320.000,1,0,33,
131132701000,252.000,2,247.000,29,245.000,9,244.000,21,243.000,40,242.000,29,254.000,21,257.000,38,258.000,40,262.000,20,320.000,1,0,33,
131132743000,252.000,2,247.000,9,245.000,9,244.000,21,243.000,40,242.000,29,254.000,21,257.000,38,258.000,40,320.000,1,400.000,1,0,33,
131132743000,252.000,2,247.000,9,246.000,20,245.000,9,244.000,21,243.000,40,254.000,21,257.000,38,258.000,40,261.000,20,320.000,1,0,33,
131132743000,252.000,2,247.000,9,246.000,20,245.000,9,244.000,30,243.000,40,254.000,21,257.000,38,258.000,40,261.000,20,320.000,1,0,33,
131132743000,252.000,2,247.000,9,246.000,20,245.000,9,244.000,30,243.000,40,254.000,30,257.000,38,258.000,40,261.000,20,320.000,1,0,33,
131132743000,252.000,2,246.000,20,245.000,9,244.000,30,243.000,40,242.000,29,254.000,30,257.000,38,258.000,40,261.000,20,320.000,1,0,33,
131132743000,252.000,2,246.000,29,245.000,9,244.000,30,243.000,40,242.000,29,254.000,30,257.000,38,258.000,40,261.000,20,320.000,1,0,33,
131132758000,252.000,2,246.000,29,245.000,9,244.000,30,243.000,20,242.000,29,254.000,30,257.000,38,258.000,20,261.000,20,320.000,1,0,33,
131132758000,252.000,2,246.000,29,245.000,9,244.000,30,243.000,20,242.000,49,254.000,30,257.000,58,258.000,20,261.000,20,320.000,1,0,33,
131133007000,252.000,2,246.000,29,245.000,9,244.000,21,243.000,20,242.000,49,254.000,30,257.000,58,258.000,20,261.000,20,320.000,1,0,33,
131134047000,252.000,2,246.000,29,245.000,9,244.000,21,243.000,20,242.000,29,254.000,30,257.000,38,258.000,20,261.000,20,320.000,1,0,33,
131134118000,252.000,2,246.000,9,245.000,9,244.000,21,243.000,20,242.000,29,254.000,30,257.000,38,258.000,20,320.000,1,400.000,1,0,33,
131134118000,252.000,2,246.000,9,245.000,29,244.000,21,243.000,20,242.000,29,254.000,30,257.000,38,258.000,20,260.000,20,320.000,1,0,33,
131134118000,252.000,2,246.000,9,245.000,29,244.000,30,243.000,20,242.000,29,254.000,30,257.000,38,258.000,20,260.000,20,320.000,1,0,33,
131134118000,252.000,2,245.000,29,244.000,30,243.000,20,242.000,29,86.000,1,254.000,30,257.000,38,258.000,20,260.000,20,320.000,1,0,33,
131134146000,252.000,2,245.000,29,244.000,30,242.000,29,86.000,1,84.000,3,254.000,30,257.000,38,260.000,20,320.000,1,400.000,1,0,33,
131134149000,252.000,2,245.000,29,244.000,30,242.000,29,86.000,1,84.000,3,254.000,30,257.000,29,260.000,20,320.000,1,400.000,1,0,33,
131134150000,252.000,2,245.000,29,244.000,30,242.000,20,86.000,1,84.000,3,254.000,30,257.000,29,260.000,20,320.000,1,400.000,1,0,33,
131134151000,252.000,2,245.000,29,244.000,30,242.000,20,86.000,1,84.000,3,254.000,30,255.000,9,257.000,29,260.000,20,320.000,1,0,33,
131134214000,252.000,2,245.000,29,244.000,30,86.000,1,84.000,3,39.000,20,254.000,30,255.000,9,257.000,9,260.000,20,320.000,1,0,33,
131134214000,252.000,2,245.000,29,244.000,30,241.000,20,86.000,1,84.000,3,254.000,30,255.000,9,256.000,20,257.000,9,260.000,20,0,33,
131134272000,252.000,2,245.000,29,244.000,30,241.000,20,240.000,9,86.000,1,254.000,30,255.000,9,256.000,20,257.000,9,260.000,20,0,33,
131134437000,252.000,2,245.000,29,244.000,30,241.000,40,240.000,9,86.000,1,254.000,30,255.000,9,256.000,40,257.000,9,260.000,20,0,33,
131134898000,252.000,2,245.000,29,244.000,9,241.000,40,240.000,9,86.000,1,254.000,9,255.000,9,256.000,40,257.000,9,260.000,20,0,33,
131134898000,252.000,2,245.000,29,244.000,9,243.000,21,241.000,40,240.000,9,254.000,30,255.000,9,256.000,40,257.000,9,260.000,20,0,33,
131134898000,252.000,2,245.000,29,244.000,9,243.000,21,241.000,40,240.000,9,254.000,30,255.000,18,256.000,40,257.000,9,260.000,20,0,33,
131134898000,252.000,2,245.000,29,244.000,9,243.000,21,241.000,40,240.000,9,254.000,21,255.000,18,256.000,40,257.000,9,260.000,20,0,33,
131134898000,252.000,2,245.000,29,244.000,9,243.000,21,241.000,40,240.000,9,254.000,30,255.000,18,256.000,40,257.000,9,260.000,20,0,33,
131135007000,252.000,2,245.000,29,244.000,9,243.000,21,241.000,40,240.000,9,254.000,30,255.000,18,256.000,40,260.000,20,320.000,1,0,33,
131135744000,252.000,2,245.000,9,244.000,9,243.000,21,241.000,40,240.000,9,254.000,30,255.000,18,256.000,40,320.000,1,400.000,1,0,33,
131135744000,252.000,2,245.000,9,244.000,29,243.000,21,241.000,40,240.000,9,254.000,30,255.000,18,256.000,40,259.000,20,320.000,1,0,33,
131135745000,252.000,2,245.000,9,244.000,29,243.000,30,241.000,40,240.000,9,254.000,30,255.000,18,256.000,40,259.000,20,320.000,1,0,33,
131135745000,252.000,2,244.000,29,243.000,30,241.000,40,240.000,9,86.000,1,254.000,30,255.000,18,256.000,40,259.000,20,320.000,1,0,33,
131136368000,252.000,2,244.000,9,243.000,30,241.000,40,240.000,9,86.000,1,254.000,30,255.000,18,256.000,40,320.000,1,400.000,1,0,33,
131136368000,252.000,2,245.000,20,244.000,9,243.000,30,241.000,40,240.000,9,254.000,30,255.000,18,256.000,40,260.000,20,320.000,1,0,33,
131136368000,252.000,2,245.000,20,243.000,30,241.000,40,240.000,9,86.000,1,254.000,30,255.000,18,256.000,40,260.000,20,320.000,1,0,33,
131136368000,252.000,2,245.000,29,243.000,30,241.000,40,240.000,9,86.000,1,254.000,30,255.000,18,256.000,40,260.000,20,320.000,1,0,33,
131137308000,252.000,2,245.000,29,243.000,30,241.000,20,240.000,9,86.000,1,254.000,30,255.000,18,256.000,20,260.000,20,320.000,1,0,33,
131137308000,252.000,2,245.000,29,243.000,30,242.000,20,241.000,20,240.000,9,254.000,30,255.000,18,256.000,20,257.000,20,260.000,20,0,33,
131138031000,252.000,2,245.000,29,243.000,30,241.000,20,240.000,9,86.000,1,254.000,30,255.000,18,256.000,20,260.000,20,320.000,1,0,33,
131138031000,252.000,2,245.000,29,243.000,30,241.000,40,240.000,9,86.000,1,254.000,30,255.000,18,256.000,40,260.000,20,320.000,1,0,33,
131138382000,252.000,2,245.000,29,243.000,30,241.000,60,240.000,9,86.000,1,254.000,30,255.000,18,256.000,60,260.000,20,320.000,1,0,33,
131138619000,252.000,2,245.000,9,243.000,30,241.000,60,240.000,9,86.000,1,254.000,30,255.000,18,256.000,60,320.000,1,400.000,1,0,33,
131138619000,252.000,2,245.000,9,244.000,20,243.000,30,241.000,60,240.000,9,254.000,30,255.000,18,256.000,60,259.000,20,320.000,1,0,33,
131138619000,252.000,2,244.000,20,243.000,30,241.000,60,240.000,9,86.000,1,254.000,30,255.000,18,256.000,60,259.000,20,320.000,1,0,33,
131138619000,252.000,2,244.000,29,243.000,30,241.000,60,240.000,9,86.000,1,254.000,30,255.000,18,256.000,60,259.000,20,320.000,1,0,33,
131138658000,252.000,2,244.000,29,243.000,9,241.000,60,240.000,9,86.000,1,254.000,9,255.000,18,256.000,60,259.000,20,320.000,1,0,33,
131138658000,252.000,2,244.000,29,243.000,9,242.000,21,241.000,60,240.000,9,254.000,30,255.000,18,256.000,60,259.000,20,320.000,1,0,33,
131138793000,252.000,2,244.000,29,243.000,9,242.000,21,241.000,40,240.000,9,254.000,30,255.000,18,256.000,40,259.000,20,320.000,1,0,33,
131138793000,252.000,2,244.000,29,243.000,9,242.000,21,241.000,40,240.000,29,254.000,30,255.000,38,256.000,40,259.000,20,320.000,1,0,33,
131138959000,252.000,2,244.000,29,243.000,9,242.000,21,241.000,20,240.000,29,254.000,30,255.000,38,256.000,20,259.000,20,320.000,1,0,33,
131138994000,252.000,2,244.000,9,243.000,9,242.000,21,241.000,20,240.000,29,254.000,30,255.000,38,256.000,20,320.000,1,400.000,1,0,33,
131138994000,252.000,2,244.000,9,243.000,29,242.000,21,241.000,20,240.000,29,254.000,30,255.000,38,256.000,20,258.000,20,320.000,1,0,33,
131138994000,252.000,2,244.000,9,243.000,29,242.000,30,241.000,20,240.000,29,254.000,30,255.000,38,256.000,20,258.000,20,320.000,1,0,33,
131138994000,252.000,2,243.000,29,242.000,30,241.000,20,240.000,29,86.000,1,254.000,30,255.000,38,256.000,20,258.000,20,320.000,1,0,33,
131139245000,252.000,2,243.000,29,242.000,30,241.000,20,240.000,9,86.000,1,254.000,30,255.000,18,256.000,20,258.000,20,320.000,1,0,33,
131139368000,252.000,2,243.000,29,242.000,30,241.000,40,240.000,9,86.000,1,254.000,30,255.000,18,256.000,40,258.000,20,320.000,1,0,33,
131139619000,252.000,2,243.000,9,242.000,30,241.000,40,240.000,9,86.000,1,254.000,30,255.000,18,256.000,40,320.000,1,400.000,1,0,33,
131139619000,252.000,2,244.000,20,243.000,9,242.000,30,241.000,40,240.000,9,254.000,30,255.000,18,256.000,40,259.000,20,320.000,1,0,33,
131139620000,252.000,2,244.000,20,242.000,30,241.000,40,240.000,9,86.000,1,254.000,30,255.000,18,256.000,40,259.000,20,320.000,1,0,33,
131139620000,252.000,2,244.000,29,242.000,30,241.000,40,240.000,9,86.000,1,254.000,30,255.000,18,256.000,40,259.000,20,320.000,1,0,33,
131139654000,252.000,2,244.000,29,242.000,30,241.000,60,240.000,9,86.000,1,254.000,30,255.000,18,256.000,60,259.000,20,320.000,1,0,33,
131141120000,252.000,2,244.000,9,242.000,30,241.000,60,240.000,9,86.000,1,254.000,30,255.000,18,256.000,60,320.000,1,400.000,1,0,33,
131141120000,252.000,2,245.000,20,244.000,9,242.000,30,241.000,60,240.000,9,254.000,30,255.000,18,256.000,60,260.000,20,320.000,1,0,33,
131141221000,252.000,2,245.000,20,244.000,9,242.000,30,241.000,40,240.000,9,254.000,30,255.000,18,256.000,40,260.000,20,320.000,1,0,33,
131141221000,252.000,2,245.000,20,244.000,9,242.000,50,241.000,40,240.000,9,254.000,30,255.000,18,256.000,40,257.000,20,260.000,20,0,33,
131141457000,252.000,2,245.000,29,244.000,9,242.000,50,241.000,40,240.000,9,254.000,30,255.000,18,256.000,40,257.000,20,260.000,20,0,33,
131141507000,252.000,2,245.000,29,244.000,9,242.000,41,241.000,40,240.000,9,254.000,30,255.000,18,256.000,40,257.000,20,260.000,20,0,33,
131141595000,252.000,2,245.000,29,244.000,9,242.000,21,241.000,40,240.000,9,254.000,30,255.000,18,256.000,40,260.000,20,320.000,1,0,33,
131141655000,252.000,2,245.000,29,244.000,9,241.000,40,240.000,9,86.000,1,254.000,9,255.000,18,256.000,40,260.000,20,320.000,1,0,33,
131141655000,252.000,2,245.000,29,244.000,9,243.000,21,241.000,40,240.000,9,254.000,30,255.000,18,256.000,40,260.000,20,320.000,1,0,33,
131141656000,252.000,2,245.000,29,244.000,9,243.000,21,241.000,40,240.000,9,254.000,21,255.000,18,256.000,40,260.000,20,320.000,1,0,33,
131141722000,252.000,2,245.000,29,244.000,9,243.000,21,241.000,60,240.000,9,254.000,21,255.000,18,256.000,60,260.000,20,320.000,1,0,33,
131141869000,252.000,2,245.000,9,244.000,9,243.000,21,241.000,60,240.000,9,254.000,21,255.000,18,256.000,60,320.000,1,400.000,1,0,33,
131141869000,252.000,2,245.000,9,244.000,29,243.000,21,241.000,60,240.000,9,254.000,21,255.000,18,256.000,60,259.000,20,320.000,1,0,33,
131141869000,252.000,2,244.000,29,243.000,21,241.000,60,240.000,9,86.000,1,254.000,21,255.000,18,256.000,60,259.000,20,320.000,1,0,33,
131142060000,252.000,2,244.000,29,243.000,21,241.000,60,240.000,9,86.000,1,254.000,30,255.000,18,256.000,60,259.000,20,320.000,1,0,33,
131142094000,252.000,2,244.000,29,243.000,21,241.000,40,240.000,9,86.000,1,254.000,30,255.000,18,256.000,40,259.000,20,320.000,1,0,33,
131142118000,252.000,2,244.000,9,243.000,21,241.000,40,240.000,9,86.000,1,254.000,30,255.000,18,256.000,40,320.000,1,400.000,1,0,33,
131142118000,252.000,2,244.000,9,243.000,41,241.000,40,240.000,9,86.000,1,254.000,30,255.000,18,256.000,40,258.000,20,320.000,1,0,33,
131142118000,252.000,2,244.000,9,243.000,50,241.000,40,240.000,9,86.000,1,254.000,30,255.000,18,256.000,40,258.000,20,320.000,1,0,33,
131142118000,252.000,2,243.000,50,241.000,40,240.000,9,86.000,1,84.000,3,254.000,30,255.000,18,256.000,40,258.000,20,320.000,1,0,33,
131142171000,252.000,2,243.000,29,241.000,40,240.000,9,86.000,1,84.000,3,254.000,9,255.000,18,256.000,40,258.000,20,320.000,1,0,33,
131142171000,252.000,2,243.000,29,242.000,21,241.000,40,240.000,9,86.000,1,254.000,30,255.000,18,256.000,40,258.000,20,320.000,1,0,33,
131142171000,252.000,2,243.000,29,242.000,21,241.000,40,240.000,9,86.000,1,254.000,21,255.000,18,256.000,40,258.000,20,320.000,1,0,33,
131142172000,252.000,2,243.000,29,242.000,21,241.000,40,240.000,9,86.000,1,254.000,30,255.000,18,256.000,40,258.000,20,320.000,1,0,33,
131142173000,252.000,2,243.000,29,242.000,21,241.000,20,240.000,9,86.000,1,254.000,30,255.000,18,256.000,20,258.000,20,320.000,1,0,33,
131142336000,252.000,2,243.000,29,242.000,21,241.000,20,240.000,29,86.000,1,254.000,30,255.000,38,256.000,20,258.000,20,320.000,1,0,33,
131142456000,252.000,2,243.000,29,242.000,21,241.000,20,240.000,29,239.000,20,254.000,50,255.000,38,256.000,20,258.000,20,320.000,1,0,33,
131142459000,252.000,2,243.000,29,242.000,21,241.000,20,240.000,9,239.000,20,254.000,50,255.000,18,256.000,20,258.000,20,320.000,1,0,33,
131142889000,252.000,2,243.000,29,242.000,21,241.000,20,240.000,29,239.000,20,254.000,50,255.000,38,256.000,20,258.000,20,320.000,1,0,33,
131142917000,252.000,2,243.000,29,242.000,21,241.000,20,240.000,20,239.000,20,254.000,50,255.000,38,256.000,20,258.000,20,320.000,1,0,33,
131143020000,252.000,2,243.000,29,242.000,21,241.000,20,239.000,20,86.000,1,254.000,50,255.000,18,256.000,20,258.000,20,320.000,1,0,33,
131143042000,252.000,2,243.000,29,242.000,21,241.000,20,239.000,20,238.000,9,254.000,50,255.000,18,256.000,20,258.000,20,320.000,1,0,33,
131143272000,252.000,2,243.000,29,241.000,20,239.000,20,238.000,9,86.000,1,254.000,29,255.000,18,256.000,20,258.000,20,320.000,1,0,33,
131143272000,252.000,2,243.000,29,241.000,41,239.000,20,238.000,9,86.000,1,254.000,50,255.000,18,256.000,20,258.000,20,320.000,1,0,33,
131143393000,252.000,2,243.000,29,241.000,41,240.000,20,239.000,20,238.000,9,254.000,50,255.000,38,256.000,20,258.000,20,320.000,1,0,33,
131144035000,252.000,2,243.000,29,241.000,20,240.000,20,239.000,20,238.000,9,254.000,29,255.000,38,256.000,20,258.000,20,320.000,1,0,33,
131144035000,252.000,2,243.000,29,242.000,21,241.000,20,240.000,20,239.000,20,254.000,50,255.000,38,256.000,20,258.000,20,320.000,1,0,33,
131145659000,252.000,2,243.000,29,241.000,20,240.000,20,239.000,20,238.000,9,254.000,29,255.000,38,256.000,20,258.000,20,320.000,1,0,33,
131145659000,252.000,2,243.000,29,241.000,41,240.000,20,239.000,20,238.000,9,254.000,50,255.000,38,256.000,20,258.000,20,320.000,1,0,33,
131146036000,252.000,2,243.000,29,241.000,20,240.000,20,239.000,20,238.000,9,254.000,29,255.000,38,256.000,20,258.000,20,320.000,1,0,33,
131146036000,252.000,2,243.000,29,242.000,21,241.000,20,240.000,20,239.000,20,254.000,50,255.000,38,256.000,20,258.000,20,320.000,1,0,33,
131146055000,252.000,2,243.000,29,242.000,21,240.000,20,239.000,20,238.000,9,254.000,50,255.000,38,258.000,20,320.000,1,400.000,1,0,33,
131146368000,252.000,2,243.000,9,242.000,21,240.000,20,239.000,20,238.000,9,254.000,50,255.000,38,320.000,1,400.000,1,414.000,1,0,33,
131146368000,252.000,2,243.000,9,242.000,41,240.000,20,239.000,20,238.000,9,254.000,50,255.000,38,257.000,20,320.000,1,400.000,1,0,33,
131146368000,252.000,2,243.000,9,242.000,50,240.000,20,239.000,20,238.000,9,254.000,50,255.000,38,257.000,20,320.000,1,400.000,1,0,33,
131146368000,252.000,2,242.000,50,240.000,20,239.000,20,238.000,9,86.000,1,254.000,50,255.000,38,257.000,20,320.000,1,400.000,1,0,33,
131146479000,252.000,2,242.000,50,240.000,20,239.000,40,238.000,9,86.000,1,254.000,70,255.000,38,257.000,20,320.000,1,400.000,1,0,33,
131146522000,252.000,2,242.000,29,240.000,20,239.000,40,238.000,9,86.000,1,254.000,49,255.000,38,257.000,20,320.000,1,400.000,1,0,33,
131146522000,252.000,2,242.000,29,241.000,21,240.000,20,239.000,40,238.000,9,254.000,70,255.000,38,257.000,20,320.000,1,400.000,1,0,33,
131148243000,252.000,2,242.000,9,241.000,21,240.000,20,239.000,40,238.000,9,254.000,70,255.000,38,320.000,1,400.000,1,414.000,1,0,33,
131148243000,252.000,2,243.000,20,242.000,9,241.000,21,240.000,20,239.000,40,254.000,70,255.000,38,258.000,20,320.000,1,400.000,1,0,33,
131148244000,252.000,2,243.000,20,242.000,9,241.000,30,240.000,20,239.000,40,254.000,70,255.000,38,258.000,20,320.000,1,400.000,1,0,33,
131148244000,252.000,2,243.000,20,241.000,30,240.000,20,239.000,40,238.000,9,254.000,70,255.000,38,258.000,20,320.000,1,400.000,1,0,33,
131148244000,252.000,2,243.000,29,241.000,30,240.000,20,239.000,40,238.000,9,254.000,70,255.000,38,258.000,20,320.000,1,400.000,1,0,33,
131148618000,252.000,2,243.000,9,241.000,30,240.000,20,239.000,40,238.000,9,254.000,70,255.000,38,320.000,1,400.000,1,414.000,1,0,33,
131148618000,252.000,2,244.000,20,243.000,9,241.000,30,240.000,20,239.000,40,254.000,70,255.000,38,259.000,20,320.000,1,400.000,1,0,33,
131148618000,252.000,2,244.000,20,241.000,30,240.000,20,239.000,40,238.000,9,254.000,70,255.000,38,259.000,20,320.000,1,400.000,1,0,33,
131148618000,252.000,2,244.000,29,241.000,30,240.000,20,239.000,40,238.000,9,254.000,70,255.000,38,259.000,20,320.000,1,400.000,1,0,33,
131148627000,252.000,2,244.000,29,241.000,30,240.000,20,239.000,20,238.000,9,254.000,50,255.000,38,259.000,20,320.000,1,400.000,1,0,33,
131148701000,252.000,2,244.000,29,241.000,30,240.000,40,239.000,20,238.000,9,254.000,50,255.000,58,259.000,20,320.000,1,400.000,1,0,33,
131149037000,252.000,2,244.000,29,241.000,9,240.000,40,239.000,20,238.000,9,254.000,29,255.000,58,259.000,20,320.000,1,400.000,1,0,33,
131149037000,252.000,2,244.000,29,242.000,21,241.000,9,240.000,40,239.000,20,254.000,50,255.000,58,259.000,20,320.000,1,400.000,1,0,33,
131154504000,252.000,2,244.000,29,242.000,21,241.000,9,240.000,20,239.000,20,254.000,50,255.000,38,259.000,20,320.000,1,400.000,1,0,33,
131154504000,252.000,2,244.000,29,242.000,21,241.000,29,240.000,20,239.000,20,254.000,50,255.000,38,256.000,20,259.000,20,320.000,1,0,33,
131155040000,252.000,2,244.000,29,241.000,29,240.000,20,239.000,20,238.000,9,254.000,29,255.000,38,256.000,20,259.000,20,320.000,1,0,33,
131155040000,252.000,2,244.000,29,243.000,21,241.000,29,240.000,20,239.000,20,254.000,50,255.000,38,256.000,20,259.000,20,320.000,1,0,33,
131155355000,252.000,2,244.000,29,243.000,21,241.000,9,240.000,20,239.000,20,254.000,50,255.000,38,259.000,20,320.000,1,400.000,1,0,33,
131155355000,252.000,2,244.000,29,243.000,21,241.000,9,240.000,40,239.000,20,254.000,50,255.000,58,259.000,20,320.000,1,400.000,1,0,33,
131155662000,252.000,2,244.000,29,241.000,9,240.000,40,239.000,20,238.000,9,254.000,29,255.000,58,259.000,20,320.000,1,400.000,1,0,33,
131155662000,252.000,2,244.000,29,242.000,21,241.000,9,240.000,40,239.000,20,254.000,50,255.000,58,259.000,20,320.000,1,400.000,1,0,33,
131157356000,252.000,2,244.000,9,242.000,21,241.000,9,240.000,40,239.000,20,254.000,50,255.000,58,320.000,1,400.000,1,414.000,1,0,33,
131157356000,252.000,2,244.000,9,243.000,20,242.000,21,241.000,9,240.000,40,254.000,50,255.000,58,258.000,20,320.000,1,400.000,1,0,33,
131157356000,252.000,2,244.000,9,243.000,20,242.000,30,241.000,9,240.000,40,254.000,50,255.000,58,258.000,20,320.000,1,400.000,1,0,33,
131157356000,252.000,2,243.000,20,242.000,30,241.000,9,240.000,40,239.000,20,254.000,50,255.000,58,258.000,20,320.000,1,400.000,1,0,33,
131157357000,252.000,2,243.000,29,242.000,30,241.000,9,240.000,40,239.000,20,254.000,50,255.000,58,258.000,20,320.000,1,400.000,1,0,33,
131157507000,252.000,2,243.000,29,242.000,30,240.000,40,239.000,20,238.000,9,254.000,50,255.000,58,258.000,20,320.000,1,400.000,1,0,33,
131157722000,252.000,2,243.000,29,242.000,30,240.000,20,239.000,20,238.000,9,254.000,50,255.000,38,258.000,20,320.000,1,400.000,1,0,33,
131157722000,252.000,2,243.000,29,242.000,30,241.000,20,240.000,20,239.000,20,254.000,50,255.000,38,256.000,20,258.000,20,320.000,1,0,33,
131157845000,252.000,2,243.000,29,242.000,30,240.000,20,239.000,20,238.000,9,254.000,50,255.000,38,258.000,20,320.000,1,400.000,1,0,33,
131158336000,252.000,2,243.000,29,242.000,30,241.000,20,240.000,20,239.000,20,254.000,50,255.000,38,256.000,20,258.000,20,320.000,1,0,33,
131159667000,252.000,2,243.000,29,242.000,9,241.000,20,240.000,20,239.000,20,254.000,29,255.000,38,256.000,20,258.000,20,320.000,1,0,33,
131159667000,252.000,2,243.000,50,242.000,9,241.000,20,240.000,20,239.000,20,254.000,50,255.000,38,256.000,20,258.000,20,320.000,1,0,33,
131201992000,252.000,2,243.000,30,242.000,9,241.000,20,240.000,20,239.000,20,254.000,50,255.000,38,256.000,20,320.000,1,400.000,1,0,33,
131201992000,252.000,2,244.000,20,243.000,30,242.000,9,241.000,20,240.000,20,254.000,50,255.000,38,256.000,20,259.000,20,320.000,1,0,33,
131201992000,252.000,2,244.000,29,243.000,30,242.000,9,241.000,20,240.000,20,254.000,50,255.000,38,256.000,20,259.000,20,320.000,1,0,33,
131202007000,252.000,2,244.000,29,243.000,30,241.000,20,240.000,20,239.000,20,254.000,50,255.000,38,256.000,20,259.000,20,320.000,1,0,33,
131202113000,252.000,2,244.000,29,243.000,30,241.000,20,239.000,20,238.000,9,254.000,50,255.000,18,256.000,20,259.000,20,320.000,1,0,33,
131202438000,252.000,2,244.000,29,243.000,30,241.000,20,240.000,20,239.000,20,254.000,50,255.000,38,256.000,20,259.000,20,320.000,1,0,33,
131203744000,252.000,2,244.000,9,243.000,30,241.000,20,240.000,20,239.000,20,254.000,50,255.000,38,256.000,20,320.000,1,400.000,1,0,33,
131203744000,252.000,2,244.000,9,243.000,50,241.000,20,240.000,20,239.000,20,254.000,50,255.000,38,256.000,20,258.000,20,320.000,1,0,33,
131203744000,252.000,2,243.000,50,241.000,20,240.000,20,239.000,20,238.000,9,254.000,50,255.000,38,256.000,20,258.000,20,320.000,1,0,33,
131204493000,252.000,2,243.000,30,241.000,20,240.000,20,239.000,20,238.000,9,254.000,50,255.000,38,256.000,20,320.000,1,400.000,1,0,33,
131204493000,252.000,2,244.000,20,243.000,30,241.000,20,240.000,20,239.000,20,254.000,50,255.000,38,256.000,20,259.000,20,320.000,1,0,33,
131204493000,252.000,2,244.000,29,243.000,30,241.000,20,240.000,20,239.000,20,254.000,50,255.000,38,256.000,20,259.000,20,320.000,1,0,33,
131209969000,252.000,2,244.000,29,243.000,9,241.000,20,240.000,20,239.000,20,254.000,29,255.000,38,256.000,20,259.000,20,320.000,1,0,33,
131209969000,252.000,2,244.000,50,243.000,9,241.000,20,240.000,20,239.000,20,254.000,50,255.000,38,256.000,20,259.000,20,320.000,1,0,33,
131210692000,252.000,2,244.000,29,243.000,9,241.000,20,240.000,20,239.000,20,254.000,29,255.000,38,256.000,20,259.000,20,320.000,1,0,33,
131210692000,252.000,2,244.000,29,243.000,30,241.000,20,240.000,20,239.000,20,254.000,50,255.000,38,256.000,20,259.000,20,320.000,1,0,33,
131212350000,252.000,2,244.000,29,243.000,9,241.000,20,240.000,20,239.000,20,254.000,29,255.000,38,256.000,20,259.000,20,320.000,1,0,33,
131212350000,252.000,2,244.000,50,243.000,9,241.000,20,240.000,20,239.000,20,254.000,50,255.000,38,256.000,20,259.000,20,320.000,1,0,33,
131213340000,252.000,2,244.000,50,243.000,9,241.000,20,240.000,29,239.000,20,254.000,50,255.000,38,256.000,20,259.000,20,320.000,1,0,33,
131216516000,252.000,2,244.000,50,243.000,9,240.000,29,239.000,20,86.000,1,254.000,50,255.000,38,259.000,20,320.000,1,400.000,1,0,33,
131216516000,252.000,2,244.000,50,243.000,9,242.000,20,240.000,29,239.000,20,254.000,50,255.000,38,257.000,20,259.000,20,320.000,1,0,33,
131216657000,252.000,2,244.000,50,243.000,9,242.000,20,240.000,29,86.000,1,254.000,30,255.000,38,257.000,20,259.000,20,320.000,1,0,33,
131216659000,252.000,2,244.000,29,243.000,9,242.000,20,240.000,29,86.000,1,254.000,9,255.000,38,257.000,20,259.000,20,320.000,1,0,33,
131216659000,252.000,2,245.000,21,244.000,29,243.000,9,242.000,20,240.000,29,254.000,30,255.000,38,257.000,20,259.000,20,320.000,1,0,33,
131216660000,252.000,2,245.000,21,244.000,29,243.000,9,242.000,20,240.000,29,254.000,21,255.000,38,257.000,20,259.000,20,320.000,1,0,33,
131216660000,252.000,2,245.000,30,244.000,29,243.000,9,242.000,20,240.000,29,254.000,21,255.000,38,257.000,20,259.000,20,320.000,1,0,33,
131216660000,252.000,2,245.000,30,244.000,29,243.000,9,242.000,20,240.000,29,254.000,30,255.000,38,257.000,20,259.000,20,320.000,1,0,33,
131216743000,252.000,2,245.000,30,244.000,9,243.000,9,242.000,20,240.000,29,254.000,30,255.000,38,257.000,20,320.000,1,400.000,1,0,33,
131216743000,252.000,2,245.000,50,244.000,9,243.000,9,242.000,20,240.000,29,254.000,30,255.000,38,257.000,20,260.000,20,320.000,1,0,33,
131216883000,252.000,2,245.000,50,244.000,9,243.000,9,242.000,20,240.000,9,254.000,30,255.000,18,257.000,20,260.000,20,320.000,1,0,33,
131217007000,252.000,2,245.000,50,244.000,9,243.000,9,242.000,20,241.000,20,254.000,30,255.000,18,256.000,20,257.000,20,260.000,20,0,33,
131217007000,252.000,2,245.000,50,244.000,9,242.000,20,241.000,20,240.000,9,254.000,30,255.000,18,256.000,20,257.000,20,260.000,20,0,33,
131217157000,252.000,2,245.000,50,244.000,9,242.000,20,241.000,40,240.000,9,254.000,30,255.000,18,256.000,40,257.000,20,260.000,20,0,33,
131217492000,252.000,2,245.000,30,244.000,9,242.000,20,241.000,40,240.000,9,254.000,30,255.000,18,256.000,40,257.000,20,320.000,1,0,33,
131217492000,252.000,2,245.000,30,244.000,29,242.000,20,241.000,40,240.000,9,254.000,30,255.000,18,256.000,40,257.000,20,259.000,20,0,33,
131217613000,252.000,2,245.000,9,244.000,29,242.000,20,241.000,40,240.000,9,254.000,9,255.000,18,256.000,40,257.000,20,259.000,20,0,33,
131217613000,252.000,2,245.000,9,244.000,50,242.000,20,241.000,40,240.000,9,254.000,30,255.000,18,256.000,40,257.000,20,259.000,20,0,33,
131217613000,252.000,2,244.000,50,242.000,20,241.000,40,240.000,9,86.000,1,254.000,30,255.000,18,256.000,40,257.000,20,259.000,20,0,33,
131217614000,252.000,2,244.000,50,242.000,20,241.000,40,240.000,9,86.000,1,254.000,21,255.000,18,256.000,40,257.000,20,259.000,20,0,33,
131217615000,252.000,2,244.000,50,241.000,40,240.000,9,86.000,1,84.000,3,254.000,21,255.000,18,256.000,40,259.000,20,320.000,1,0,33,
131217615000,252.000,2,244.000,50,241.000,60,240.000,9,86.000,1,84.000,3,254.000,21,255.000,18,256.000,60,259.000,20,320.000,1,0,33,
131217986000,252.000,2,244.000,50,241.000,40,240.000,9,86.000,1,84.000,3,254.000,21,255.000,18,256.000,40,259.000,20,320.000,1,0,33,
131218124000,252.000,2,244.000,50,242.000,20,241.000,40,240.000,9,86.000,1,254.000,21,255.000,18,256.000,40,257.000,20,259.000,20,0,33,
131218457000,252.000,2,244.000,50,242.000,20,241.000,40,240.000,9,86.000,1,254.000,30,255.000,18,256.000,40,257.000,20,259.000,20,0,33,
131218614000,252.000,2,244.000,29,242.000,20,241.000,40,240.000,9,86.000,1,254.000,9,255.000,18,256.000,40,257.000,20,259.000,20,0,33,
131218614000,252.000,2,245.000,21,244.000,29,242.000,20,241.000,40,240.000,9,254.000,30,255.000,18,256.000,40,257.000,20,259.000,20,0,33,
131218614000,252.000,2,245.000,21,244.000,29,242.000,20,241.000,40,240.000,9,254.000,21,255.000,18,256.000,40,257.000,20,259.000,20,0,33,
131218614000,252.000,2,245.000,30,244.000,29,242.000,20,241.000,40,240.000,9,254.000,21,255.000,18,256.000,40,257.000,20,259.000,20,0,33,
131218614000,252.000,2,245.000,30,244.000,29,242.000,20,241.000,40,240.000,9,254.000,30,255.000,18,256.000,40,257.000,20,259.000,20,0,33,
131218617000,252.000,2,245.000,30,244.000,9,242.000,20,241.000,40,240.000,9,254.000,30,255.000,18,256.000,40,257.000,20,320.000,1,0,33,
131218617000,252.000,2,245.000,50,244.000,9,242.000,20,241.000,40,240.000,9,254.000,30,255.000,18,256.000,40,257.000,20,260.000,20,0,33,
131219050000,252.000,2,245.000,29,244.000,9,242.000,20,241.000,40,240.000,9,254.000,9,255.000,18,256.000,40,257.000,20,260.000,20,0,33,
131219050000,252.000,2,245.000,29,244.000,30,242.000,20,241.000,40,240.000,9,254.000,30,255.000,18,256.000,40,257.000,20,260.000,20,0,33,
131219050000,252.000,2,245.000,29,244.000,30,242.000,20,241.000,40,240.000,9,254.000,21,255.000,18,256.000,40,257.000,20,260.000,20,0,33,
131219051000,252.000,2,245.000,29,244.000,30,242.000,20,241.000,40,240.000,9,254.000,30,255.000,18,256.000,40,257.000,20,260.000,20,0,33,
131219117000,252.000,2,245.000,9,244.000,30,242.000,20,241.000,40,240.000,9,254.000,30,255.000,18,256.000,40,257.000,20,320.000,1,0,33,
131219117000,252.000,2,245.000,9,244.000,50,242.000,20,241.000,40,240.000,9,254.000,30,255.000,18,256.000,40,257.000,20,259.000,20,0,33,
131219117000,252.000,2,244.000,50,242.000,20,241.000,40,240.000,9,86.000,1,254.000,30,255.000,18,256.000,40,257.000,20,259.000,20,0,33,
131219493000,252.000,2,244.000,50,241.000,40,240.000,9,86.000,1,84.000,3,254.000,30,255.000,18,256.000,40,259.000,20,320.000,1,0,33,
131219493000,252.000,2,244.000,50,241.000,60,240.000,9,86.000,1,84.000,3,254.000,30,255.000,18,256.000,60,259.000,20,320.000,1,0,33,
131220367000,252.000,2,244.000,30,241.000,60,240.000,9,86.000,1,84.000,3,254.000,30,255.000,18,256.000,60,320.000,1,400.000,1,0,33,
131220367000,252.000,2,245.000,20,244.000,30,241.000,60,240.000,9,86.000,1,254.000,30,255.000,18,256.000,60,260.000,20,320.000,1,0,33,
131220367000,252.000,2,245.000,29,244.000,30,241.000,60,240.000,9,86.000,1,254.000,30,255.000,18,256.000,60,260.000,20,320.000,1,0,33,
131220368000,252.000,2,245.000,29,244.000,30,241.000,40,240.000,9,86.000,1,254.000,30,255.000,18,256.000,40,260.000,20,320.000,1,0,33,
131220368000,252.000,2,245.000,29,244.000,30,242.000,20,241.000,40,240.000,9,254.000,30,255.000,18,256.000,40,257.000,20,260.000,20,0,33,
131220619000,252.000,2,245.000,29,244.000,30,241.000,40,240.000,9,86.000,1,254.000,30,255.000,18,256.000,40,260.000,20,320.000,1,0,33,
131220868000,252.000,2,245.000,29,244.000,30,242.000,20,241.000,40,240.000,9,254.000,30,255.000,18,256.000,40,257.000,20,260.000,20,0,33,
131224736000,252.000,2,245.000,29,244.000,30,241.000,40,240.000,9,86.000,1,254.000,30,255.000,18,256.000,40,260.000,20,320.000,1,0,33,
131224736000,252.000,2,245.000,29,244.000,30,241.000,60,240.000,9,86.000,1,254.000,30,255.000,18,256.000,60,260.000,20,320.000,1,0,33,
131224861000,252.000,2,245.000,29,244.000,30,241.000,40,240.000,9,86.000,1,254.000,30,255.000,18,256.000,40,260.000,20,320.000,1,0,33,
131225235000,252.000,2,245.000,29,244.000,30,242.000,20,241.000,40,240.000,9,254.000,30,255.000,18,256.000,40,257.000,20,260.000,20,0,33,
131227710000,252.000,2,245.000,29,244.000,9,242.000,20,241.000,40,240.000,9,254.000,9,255.000,18,256.000,40,257.000,20,260.000,20,0,33,
131227710000,252.000,2,245.000,50,244.000,9,242.000,20,241.000,40,240.000,9,254.000,30,255.000,18,256.000,40,257.000,20,260.000,20,0,33,
131227710000,252.000,2,245.000,50,244.000,9,242.000,20,241.000,40,240.000,9,254.000,21,255.000,18,256.000,40,257.000,20,260.000,20,0,33,
131227710000,252.000,2,245.000,50,244.000,9,242.000,20,241.000,40,240.000,9,254.000,30,255.000,18,256.000,40,257.000,20,260.000,20,0,33,
131229810000,252.000,2,245.000,50,244.000,9,241.000,40,240.000,9,86.000,1,254.000,30,255.000,18,256.000,40,260.000,20,320.000,1,0,33,
131229810000,252.000,2,245.000,50,244.000,9,243.000,20,241.000,40,240.000,9,254.000,30,255.000,18,256.000,40,258.000,20,260.000,20,0,33,
131230277000,252.000,2,245.000,50,244.000,9,241.000,40,240.000,9,86.000,1,254.000,30,255.000,18,256.000,40,260.000,20,320.000,1,0,33,
131230393000,252.000,2,245.000,50,244.000,9,242.000,20,241.000,40,240.000,9,254.000,30,255.000,18,256.000,40,257.000,20,260.000,20,0,33,
131230752000,252.000,2,245.000,50,244.000,9,241.000,40,240.000,9,86.000,1,254.000,30,255.000,18,256.000,40,260.000,20,320.000,1,0,33,
131231002000,252.000,2,245.000,50,244.000,9,243.000,20,241.000,40,240.000,9,254.000,30,255.000,18,256.000,40,258.000,20,260.000,20,0,33,
131231117000,252.000,2,245.000,30,244.000,9,243.000,20,241.000,40,240.000,9,254.000,30,255.000,18,256.000,40,258.000,20,320.000,1,0,33,
131231117000,252.000,2,246.000,20,245.000,30,244.000,9,243.000,20,241.000,40,254.000,30,255.000,18,256.000,40,258.000,20,261.000,20,0,33,
131231457000,252.000,2,246.000,29,245.000,30,244.000,9,243.000,20,241.000,40,254.000,30,255.000,18,256.000,40,258.000,20,261.000,20,0,33,
131231503000,252.000,2,246.000,29,245.000,30,244.000,9,241.000,40,240.000,9,254.000,30,255.000,18,256.000,40,261.000,20,320.000,1,0,33,
131231503000,252.000,2,246.000,29,245.000,30,244.000,9,242.000,20,241.000,40,254.000,30,255.000,18,256.000,40,257.000,20,261.000,20,0,33,
131231507000,252.000,2,246.000,29,245.000,30,242.000,20,241.000,40,240.000,9,254.000,30,255.000,18,256.000,40,257.000,20,261.000,20,0,33,
131231742000,252.000,2,246.000,9,245.000,30,242.000,20,241.000,40,240.000,9,254.000,30,255.000,18,256.000,40,257.000,20,320.000,1,0,33,
131231742000,252.000,2,246.000,9,245.000,50,242.000,20,241.000,40,240.000,9,254.000,30,255.000,18,256.000,40,257.000,20,260.000,20,0,33,
131231743000,252.000,2,245.000,50,242.000,20,241.000,40,240.000,9,86.000,1,254.000,30,255.000,18,256.000,40,257.000,20,260.000,20,0,33,
131233228000,252.000,2,245.000,50,241.000,40,240.000,9,86.000,1,84.000,3,254.000,30,255.000,18,256.000,40,260.000,20,320.000,1,0,33,
131233228000,252.000,2,245.000,50,243.000,20,241.000,40,240.000,9,86.000,1,254.000,30,255.000,18,256.000,40,258.000,20,260.000,20,0,33,
131233478000,252.000,2,245.000,50,241.000,40,240.000,9,86.000,1,84.000,3,254.000,30,255.000,18,256.000,40,260.000,20,320.000,1,0,33,
131233729000,252.000,2,245.000,50,242.000,20,241.000,40,240.000,9,86.000,1,254.000,30,255.000,18,256.000,40,257.000,20,260.000,20,0,33,
131235694000,252.000,2,245.000,29,242.000,20,241.000,40,240.000,9,86.000,1,254.000,9,255.000,18,256.000,40,257.000,20,260.000,20,0,33,
131235694000,252.000,2,245.000,29,244.000,21,242.000,20,241.000,40,240.000,9,254.000,30,255.000,18,256.000,40,257.000,20,260.000,20,0,33,
131235694000,252.000,2,245.000,29,244.000,21,242.000,20,241.000,40,240.000,9,254.000,21,255.000,18,256.000,40,257.000,20,260.000,20,0,33,
131235694000,252.000,2,245.000,29,244.000,21,242.000,20,241.000,40,240.000,9,254.000,30,255.000,18,256.000,40,257.000,20,260.000,20,0,33,
131236987000,252.000,2,245.000,29,244.000,21,241.000,40,240.000,9,86.000,1,254.000,30,255.000,18,256.000,40,260.000,20,320.000,1,0,33,
131237104000,252.000,2,245.000,29,244.000,21,241.000,60,240.000,9,86.000,1,254.000,30,255.000,18,256.000,60,260.000,20,320.000,1,0,33,
131237200000,252.000,2,245.000,29,244.000,21,241.000,40,240.000,9,86.000,1,254.000,30,255.000,18,256.000,40,260.000,20,320.000,1,0,33,
131237763000,252.000,2,245.000,29,244.000,21,241.000,60,240.000,9,86.000,1,254.000,30,255.000,18,256.000,60,260.000,20,320.000,1,0,33,
131239183000,252.000,2,245.000,29,244.000,21,241.000,40,240.000,9,86.000,1,254.000,30,255.000,18,256.000,40,260.000,20,320.000,1,0,33,
131239183000,252.000,2,245.000,29,244.000,21,242.000,20,241.000,40,240.000,9,254.000,30,255.000,18,256.000,40,257.000,20,260.000,20,0,33,
131239304000,252.000,2,245.000,29,244.000,21,241.000,40,240.000,9,86.000,1,254.000,30,255.000,18,256.000,40,260.000,20,320.000,1,0,33,
131239803000,252.000,2,245.000,29,244.000,21,241.000,60,240.000,9,86.000,1,254.000,30,255.000,18,256.000,60,260.000,20,320.000,1,0,33,
131239928000,252.000,2,245.000,29,244.000,21,241.000,40,240.000,9,86.000,1,254.000,30,255.000,18,256.000,40,260.000,20,320.000,1,0,33,
131240304000,252.000,2,245.000,29,244.000,21,242.000,20,241.000,40,240.000,9,254.000,30,255.000,18,256.000,40,257.000,20,260.000,20,0,33,
131240683000,252.000,2,245.000,29,242.000,20,241.000,40,240.000,9,86.000,1,254.000,9,255.000,18,256.000,40,257.000,20,260.000,20,0,33,
131240683000,252.000,2,245.000,50,242.000,20,241.000,40,240.000,9,86.000,1,254.000,30,255.000,18,256.000,40,257.000,20,260.000,20,0,33,
131240683000,252.000,2,245.000,50,242.000,20,241.000,40,240.000,9,86.000,1,254.000,21,255.000,18,256.000,40,257.000,20,260.000,20,0,33,
131240683000,252.000,2,245.000,50,242.000,20,241.000,40,240.000,9,86.000,1,254.000,30,255.000,18,256.000,40,257.000,20,260.000,20,0,33,
131240742000,252.000,2,245.000,30,242.000,20,241.000,40,240.000,9,86.000,1,254.000,30,255.000,18,256.000,40,257.000,20,320.000,1,0,33,
131240742000,252.000,2,246.000,20,245.000,30,242.000,20,241.000,40,240.000,9,254.000,30,255.000,18,256.000,40,257.000,20,261.000,20,0,33,
131240742000,252.000,2,246.000,29,245.000,30,242.000,20,241.000,40,240.000,9,254.000,30,255.000,18,256.000,40,257.000,20,261.000,20,0,33,
131241492000,252.000,2,246.000,9,245.000,30,242.000,20,241.000,40,240.000,9,254.000,30,255.000,18,256.000,40,257.000,20,320.000,1,0,33,
131241492000,252.000,2,246.000,9,245.000,50,242.000,20,241.000,40,240.000,9,254.000,30,255.000,18,256.000,40,257.000,20,260.000,20,0,33,
131241493000,252.000,2,245.000,50,242.000,20,241.000,40,240.000,9,86.000,1,254.000,30,255.000,18,256.000,40,257.000,20,260.000,20,0,33,
131241513000,252.000,2,245.000,50,241.000,40,240.000,9,86.000,1,84.000,3,254.000,30,255.000,18,256.000,40,260.000,20,320.000,1,0,33,
131241791000,252.000,2,245.000,50,241.000,60,240.000,9,86.000,1,84.000,3,254.000,30,255.000,18,256.000,60,260.000,20,320.000,1,0,33,
131243027000,252.000,2,245.000,50,241.000,40,240.000,9,86.000,1,84.000,3,254.000,30,255.000,18,256.000,40,260.000,20,320.000,1,0,33,
131243027000,252.000,2,245.000,50,241.000,40,240.000,29,86.000,1,84.000,3,254.000,30,255.000,38,256.000,40,260.000,20,320.000,1,0,33,
131243060000,252.000,2,245.000,29,241.000,40,240.000,29,86.000,1,84.000,3,254.000,9,255.000,38,256.000,40,260.000,20,320.000,1,0,33,
131243060000,252.000,2,245.000,29,244.000,21,241.000,40,240.000,29,86.000,1,254.000,30,255.000,38,256.000,40,260.000,20,320.000,1,0,33,
131243152000,252.000,2,245.000,29,244.000,21,241.000,40,240.000,9,86.000,1,254.000,30,255.000,18,256.000,40,260.000,20,320.000,1,0,33,
131243637000,252.000,2,245.000,29,244.000,21,241.000,60,240.000,9,86.000,1,254.000,30,255.000,18,256.000,60,260.000,20,320.000,1,0,33,
131243867000,252.000,2,245.000,9,244.000,21,241.000,60,240.000,9,86.000,1,254.000,30,255.000,18,256.000,60,320.000,1,400.000,1,0,33,
131243867000,252.000,2,245.000,9,244.000,41,241.000,60,240.000,9,86.000,1,254.000,30,255.000,18,256.000,60,259.000,20,320.000,1,0,33,
131243867000,252.000,2,244.000,41,241.000,60,240.000,9,86.000,1,84.000,3,254.000,30,255.000,18,256.000,60,259.000,20,320.000,1,0,33,
131243887000,252.000,2,244.000,41,241.000,40,240.000,9,86.000,1,84.000,3,254.000,30,255.000,18,256.000,40,259.000,20,320.000,1,0,33,
131243991000,252.000,2,244.000,50,241.000,40,240.000,9,86.000,1,84.000,3,254.000,30,255.000,18,256.000,40,259.000,20,320.000,1,0,33,
131244136000,252.000,2,244.000,50,241.000,40,240.000,29,86.000,1,84.000,3,254.000,30,255.000,38,256.000,40,259.000,20,320.000,1,0,33,
131244387000,252.000,2,244.000,50,241.000,40,240.000,9,86.000,1,84.000,3,254.000,30,255.000,18,256.000,40,259.000,20,320.000,1,0,33,
131244638000,252.000,2,244.000,50,241.000,60,240.000,9,86.000,1,84.000,3,254.000,30,255.000,18,256.000,60,259.000,20,320.000,1,0,33,
131246868000,252.000,2,244.000,30,241.000,60,240.000,9,86.000,1,84.000,3,254.000,30,255.000,18,256.000,60,320.000,1,400.000,1,0,33,
131246868000,252.000,2,245.000,20,244.000,30,241.000,60,240.000,9,86.000,1,254.000,30,255.000,18,256.000,60,260.000,20,320.000,1,0,33,
131246868000,252.000,2,245.000,29,244.000,30,241.000,60,240.000,9,86.000,1,254.000,30,255.000,18,256.000,60,260.000,20,320.000,1,0,33,
131247085000,252.000,2,245.000,29,244.000,30,241.000,40,240.000,9,86.000,1,254.000,30,255.000,18,256.000,40,260.000,20,320.000,1,0,33,
131247085000,252.000,2,245.000,29,244.000,30,241.000,40,240.000,29,86.000,1,254.000,30,255.000,38,256.000,40,260.000,20,320.000,1,0,33,
131247730000,252.000,2,245.000,29,244.000,30,241.000,40,240.000,9,86.000,1,254.000,30,255.000,18,256.000,40,260.000,20,320.000,1,0,33,
131247730000,252.000,2,245.000,29,244.000,30,241.000,60,240.000,9,86.000,1,254.000,30,255.000,18,256.000,60,260.000,20,320.000,1,0,33,
131251698000,252.000,2,245.000,29,244.000,9,241.000,60,240.000,9,86.000,1,254.000,9,255.000,18,256.000,60,260.000,20,320.000,1,0,33,
131251698000,252.000,2,245.000,50,244.000,9,241.000,60,240.000,9,86.000,1,254.000,30,255.000,18,256.000,60,260.000,20,320.000,1,0,33,
131251698000,252.000,2,245.000,50,244.000,9,241.000,60,240.000,9,86.000,1,254.000,21,255.000,18,256.000,60,260.000,20,320.000,1,0,33,
131251698000,252.000,2,245.000,50,244.000,9,241.000,60,240.000,9,86.000,1,254.000,30,255.000,18,256.000,60,260.000,20,320.000,1,0,33,
131252683000,252.000,2,245.000,29,244.000,9,241.000,60,240.000,9,86.000,1,254.000,9,255.000,18,256.000,60,260.000,20,320.000,1,0,33,
131252683000,252.000,2,245.000,29,244.000,30,241.000,60,240.000,9,86.000,1,254.000,30,255.000,18,256.000,60,260.000,20,320.000,1,0,33,
131252683000,252.000,2,245.000,29,244.000,30,241.000,60,240.000,9,86.000,1,254.000,21,255.000,18,256.000,60,260.000,20,320.000,1,0,33,
131253181000,252.000,2,245.000,29,244.000,30,241.000,60,240.000,9,86.000,1,254.000,30,255.000,18,256.000,60,260.000,20,320.000,1,0,33,
131257800000,252.000,2,245.000,29,244.000,30,241.000,40,240.000,9,86.000,1,254.000,30,255.000,18,256.000,40,260.000,20,320.000,1,0,33,
131258412000,252.000,2,245.000,29,244.000,30,241.000,60,240.000,9,86.000,1,254.000,30,255.000,18,256.000,60,260.000,20,320.000,1,0,33,
131258542000,252.000,2,245.000,29,244.000,30,241.000,40,240.000,9,86.000,1,254.000,30,255.000,18,256.000,40,260.000,20,320.000,1,0,33,
131258542000,252.000,2,245.000,29,244.000,30,241.000,40,240.000,29,86.000,1,254.000,30,255.000,38,256.000,40,260.000,20,320.000,1,0,33,
131258870000,252.000,2,245.000,9,244.000,30,241.000,40,240.000,29,86.000,1,254.000,30,255.000,38,256.000,40,320.000,1,400.000,1,0,33,
131258870000,252.000,2,245.000,9,244.000,50,241.000,40,240.000,29,86.000,1,254.000,30,255.000,38,256.000,40,259.000,20,320.000,1,0,33,
131258872000,252.000,2,244.000,50,241.000,40,240.000,29,86.000,1,84.000,3,254.000,30,255.000,38,256.000,40,259.000,20,320.000,1,0,33,
131259067000,252.000,2,244.000,29,241.000,40,240.000,29,86.000,1,84.000,3,254.000,9,255.000,38,256.000,40,259.000,20,320.000,1,0,33,
131259067000,252.000,2,244.000,29,243.000,21,241.000,40,240.000,29,86.000,1,254.000,30,255.000,38,256.000,40,259.000,20,320.000,1,0,33,
131259068000,252.000,2,244.000,29,243.000,21,241.000,40,240.000,29,86.000,1,254.000,21,255.000,38,256.000,40,259.000,20,320.000,1,0,33,
131259068000,252.000,2,244.000,29,243.000,21,241.000,40,240.000,29,86.000,1,254.000,30,255.000,38,256.000,40,259.000,20,320.000,1,0,33,
131259541000,252.000,2,244.000,29,243.000,21,241.000,40,240.000,9,86.000,1,254.000,30,255.000,18,256.000,40,259.000,20,320.000,1,0,33,
131259541000,252.000,2,244.000,29,243.000,21,241.000,60,240.000,9,86.000,1,254.000,30,255.000,18,256.000,60,259.000,20,320.000,1,0,33,
131300068000,252.000,2,244.000,29,241.000,60,240.000,9,86.000,1,84.000,3,254.000,9,255.000,18,256.000,60,259.000,20,320.000,1,0,33,
131300068000,252.000,2,244.000,50,241.000,60,240.000,9,86.000,1,84.000,3,254.000,30,255.000,18,256.000,60,259.000,20,320.000,1,0,33,
131300068000,252.000,2,244.000,50,241.000,60,240.000,9,86.000,1,84.000,3,254.000,21,255.000,18,256.000,60,259.000,20,320.000,1,0,33,
131300068000,252.000,2,244.000,50,241.000,60,240.000,9,86.000,1,84.000,3,254.000,30,255.000,18,256.000,60,259.000,20,320.000,1,0,33,
131300869000,252.000,2,244.000,30,241.000,60,240.000,9,86.000,1,84.000,3,254.000,30,255.000,18,256.000,60,320.000,1,400.000,1,0,33,
131300869000,252.000,2,245.000,20,244.000,30,241.000,60,240.000,9,86.000,1,254.000,30,255.000,18,256.000,60,260.000,20,320.000,1,0,33,
131300869000,252.000,2,245.000,29,244.000,30,241.000,60,240.000,9,86.000,1,254.000,30,255.000,18,256.000,60,260.000,20,320.000,1,0,33,
131301994000,252.000,2,245.000,9,244.000,30,241.000,60,240.000,9,86.000,1,254.000,30,255.000,18,256.000,60,320.000,1,400.000,1,0,33,
131301994000,252.000,2,245.000,9,244.000,50,241.000,60,240.000,9,86.000,1,254.000,30,255.000,18,256.000,60,259.000,20,320.000,1,0,33,
131301994000,252.000,2,244.000,50,241.000,60,240.000,9,86.000,1,84.000,3,254.000,30,255.000,18,256.000,60,259.000,20,320.000,1,0,33,
131302027000,252.000,2,244.000,50,241.000,40,240.000,9,86.000,1,84.000,3,254.000,30,255.000,18,256.000,40,259.000,20,320.000,1,0,33,
131302027000,252.000,2,244.000,50,241.000,40,240.000,29,86.000,1,84.000,3,254.000,30,255.000,38,256.000,40,259.000,20,320.000,1,0,33,
131306697000,252.000,2,244.000,29,241.000,40,240.000,29,86.000,1,84.000,3,254.000,9,255.000,38,256.000,40,259.000,20,320.000,1,0,33,
131306697000,252.000,2,244.000,29,243.000,21,241.000,40,240.000,29,86.000,1,254.000,30,255.000,38,256.000,40,259.000,20,320.000,1,0,33,
131306698000,252.000,2,244.000,29,243.000,21,241.000,40,240.000,29,86.000,1,254.000,21,255.000,38,256.000,40,259.000,20,320.000,1,0,33,
131306698000,252.000,2,244.000,29,243.000,21,241.000,40,240.000,29,86.000,1,254.000,30,255.000,38,256.000,40,259.000,20,320.000,1,0,33,
131311263000,252.000,2,244.000,29,243.000,21,241.000,40,240.000,9,86.000,1,254.000,30,255.000,18,256.000,40,259.000,20,320.000,1,0,33,
131311263000,252.000,2,244.000,29,243.000,21,241.000,40,240.000,9,239.000,20,254.000,50,255.000,18,256.000,40,259.000,20,320.000,1,0,33,
131311628000,252.000,2,244.000,29,243.000,21,241.000,40,240.000,9,86.000,1,254.000,30,255.000,18,256.000,40,259.000,20,320.000,1,0,33,
131311878000,252.000,2,244.000,29,243.000,21,241.000,40,240.000,29,86.000,1,254.000,30,255.000,38,256.000,40,259.000,20,320.000,1,0,33,
131312118000,252.000,2,244.000,29,243.000,21,241.000,40,240.000,9,86.000,1,254.000,30,255.000,18,256.000,40,259.000,20,320.000,1,0,33,
131312244000,252.000,2,244.000,9,243.000,21,241.000,40,240.000,9,86.000,1,254.000,30,255.000,18,256.000,40,320.000,1,400.000,1,0,33,
131312244000,252.000,2,244.000,9,243.000,41,241.000,40,240.000,9,86.000,1,254.000,30,255.000,18,256.000,40,258.000,20,320.000,1,0,33,
131312244000,252.000,2,243.000,41,241.000,40,240.000,9,86.000,1,84.000,3,254.000,30,255.000,18,256.000,40,258.000,20,320.000,1,0,33,
131312244000,252.000,2,243.000,50,241.000,40,240.000,9,86.000,1,84.000,3,254.000,30,255.000,18,256.000,40,258.000,20,320.000,1,0,33,
131312494000,252.000,2,243.000,50,241.000,40,240.000,9,239.000,20,86.000,1,254.000,50,255.000,18,256.000,40,258.000,20,320.000,1,0,33,
131313220000,252.000,2,243.000,50,241.000,20,240.000,9,239.000,20,86.000,1,254.000,50,255.000,18,256.000,20,258.000,20,320.000,1,0,33,
131313705000,252.000,2,243.000,29,241.000,20,240.000,9,239.000,20,86.000,1,254.000,29,255.000,18,256.000,20,258.000,20,320.000,1,0,33,
131313705000,252.000,2,243.000,29,242.000,21,241.000,20,240.000,9,239.000,20,254.000,50,255.000,18,256.000,20,258.000,20,320.000,1,0,33,
131315346000,252.000,2,243.000,29,242.000,21,241.000,20,240.000,29,239.000,20,254.000,50,255.000,38,256.000,20,258.000,20,320.000,1,0,33,
131317714000,252.000,2,243.000,29,241.000,20,240.000,29,239.000,20,86.000,1,254.000,29,255.000,38,256.000,20,258.000,20,320.000,1,0,33,
131317714000,252.000,2,243.000,50,241.000,20,240.000,29,239.000,20,86.000,1,254.000,50,255.000,38,256.000,20,258.000,20,320.000,1,0,33,
131317854000,252.000,2,243.000,50,241.000,20,240.000,29,86.000,1,84.000,3,254.000,30,255.000,38,256.000,20,258.000,20,320.000,1,0,33,
131317854000,252.000,2,243.000,50,241.000,20,240.000,49,86.000,1,84.000,3,254.000,30,255.000,58,256.000,20,258.000,20,320.000,1,0,33,
131318243000,252.000,2,243.000,30,241.000,20,240.000,49,86.000,1,84.000,3,254.000,30,255.000,58,256.000,20,320.000,1,400.000,1,0,33,
131318243000,252.000,2,244.000,20,243.000,30,241.000,20,240.000,49,86.000,1,254.000,30,255.000,58,256.000,20,259.000,20,320.000,1,0,33,
131318243000,252.000,2,244.000,29,243.000,30,241.000,20,240.000,49,86.000,1,254.000,30,255.000,58,256.000,20,259.000,20,320.000,1,0,33,
131326113000,252.000,2,244.000,29,243.000,30,241.000,20,240.000,29,86.000,1,254.000,30,255.000,38,256.000,20,259.000,20,320.000,1,0,33,
131326726000,252.000,2,244.000,29,243.000,9,241.000,20,240.000,29,86.000,1,254.000,9,255.000,38,256.000,20,259.000,20,320.000,1,0,33,
131326726000,252.000,2,244.000,50,243.000,9,241.000,20,240.000,29,86.000,1,254.000,30,255.000,38,256.000,20,259.000,20,320.000,1,0,33,
131326788000,252.000,2,244.000,50,243.000,9,241.000,40,240.000,29,86.000,1,254.000,30,255.000,38,256.000,40,259.000,20,320.000,1,0,33,
131327132000,252.000,2,244.000,50,243.000,9,241.000,40,240.000,9,86.000,1,254.000,30,255.000,18,256.000,40,259.000,20,320.000,1,0,33,
131327132000,252.000,2,244.000,50,243.000,9,241.000,60,240.000,9,86.000,1,254.000,30,255.000,18,256.000,60,259.000,20,320.000,1,0,33,
131327368000,252.000,2,244.000,30,243.000,9,241.000,60,240.000,9,86.000,1,254.000,30,255.000,18,256.000,60,320.000,1,400.000,1,0,33,
131327368000,252.000,2,245.000,20,244.000,30,243.000,9,241.000,60,240.000,9,254.000,30,255.000,18,256.000,60,260.000,20,320.000,1,0,33,
131327368000,252.000,2,245.000,29,244.000,30,243.000,9,241.000,60,240.000,9,254.000,30,255.000,18,256.000,60,260.000,20,320.000,1,0,33,
131327507000,252.000,2,245.000,29,244.000,30,241.000,60,240.000,9,86.000,1,254.000,30,255.000,18,256.000,60,260.000,20,320.000,1,0,33,
131329718000,252.000,2,245.000,29,244.000,9,241.000,60,240.000,9,86.000,1,254.000,9,255.000,18,256.000,60,260.000,20,320.000,1,0,33,
131329718000,252.000,2,245.000,50,244.000,9,241.000,60,240.000,9,86.000,1,254.000,30,255.000,18,256.000,60,260.000,20,320.000,1,0,33,
131329718000,252.000,2,245.000,50,244.000,9,241.000,60,240.000,9,86.000,1,254.000,21,255.000,18,256.000,60,260.000,20,320.000,1,0,33,
131329719000,252.000,2,245.000,50,244.000,9,241.000,60,240.000,9,86.000,1,254.000,30,255.000,18,256.000,60,260.000,20,320.000,1,0,33,
131330386000,252.000,2,245.000,50,244.000,9,241.000,40,240.000,9,86.000,1,254.000,30,255.000,18,256.000,40,260.000,20,320.000,1,0,33,
131330386000,252.000,2,245.000,50,244.000,9,241.000,40,240.000,29,86.000,1,254.000,30,255.000,38,256.000,40,260.000,20,320.000,1,0,33,
131330493000,252.000,2,245.000,30,244.000,9,241.000,40,240.000,29,86.000,1,254.000,30,255.000,38,256.000,40,320.000,1,400.000,1,0,33,
131330493000,252.000,2,245.000,30,244.000,29,241.000,40,240.000,29,86.000,1,254.000,30,255.000,38,256.000,40,259.000,20,320.000,1,0,33,
131331081000,252.000,2,245.000,9,244.000,29,241.000,40,240.000,29,86.000,1,254.000,9,255.000,38,256.000,40,259.000,20,320.000,1,0,33,
131331081000,252.000,2,245.000,9,244.000,50,241.000,40,240.000,29,86.000,1,254.000,30,255.000,38,256.000,40,259.000,20,320.000,1,0,33,
131331081000,252.000,2,244.000,50,241.000,40,240.000,29,86.000,1,84.000,3,254.000,30,255.000,38,256.000,40,259.000,20,320.000,1,0,33,
131331081000,252.000,2,244.000,50,241.000,40,240.000,29,86.000,1,84.000,3,254.000,21,255.000,38,256.000,40,259.000,20,320.000,1,0,33,
131331081000,252.000,2,244.000,50,241.000,40,240.000,29,86.000,1,84.000,3,254.000,30,255.000,38,256.000,40,259.000,20,320.000,1,0,33,
131333000000,252.000,2,244.000,50,241.000,40,240.000,9,86.000,1,84.000,3,254.000,30,255.000,18,256.000,40,259.000,20,320.000,1,0,33,
131333000000,252.000,2,244.000,50,241.000,60,240.000,9,86.000,1,84.000,3,254.000,30,255.000,18,256.000,60,259.000,20,320.000,1,0,33,
131333118000,252.000,2,244.000,30,241.000,60,240.000,9,86.000,1,84.000,3,254.000,30,255.000,18,256.000,60,320.000,1,400.000,1,0,33,
131333118000,252.000,2,245.000,20,244.000,30,241.000,60,240.000,9,86.000,1,254.000,30,255.000,18,256.000,60,260.000,20,320.000,1,0,33,
131333118000,252.000,2,245.000,29,244.000,30,241.000,60,240.000,9,86.000,1,254.000,30,255.000,18,256.000,60,260.000,20,320.000,1,0,33,
131334724000,252.000,2,245.000,29,244.000,9,241.000,60,240.000,9,86.000,1,254.000,9,255.000,18,256.000,60,260.000,20,320.000,1,0,33,
131334724000,252.000,2,245.000,50,244.000,9,241.000,60,240.000,9,86.000,1,254.000,30,255.000,18,256.000,60,260.000,20,320.000,1,0,33,
131334724000,252.000,2,245.000,50,244.000,9,241.000,60,240.000,9,86.000,1,254.000,21,255.000,18,256.000,60,260.000,20,320.000,1,0,33,
131334725000,252.000,2,245.000,50,244.000,9,241.000,60,240.000,9,86.000,1,254.000,30,255.000,18,256.000,60,260.000,20,320.000,1,0,33,
131335083000,252.000,2,245.000,29,244.000,9,241.000,60,240.000,9,86.000,1,254.000,9,255.000,18,256.000,60,260.000,20,320.000,1,0,33,
131335083000,252.000,2,245.000,29,244.000,30,241.000,60,240.000,9,86.000,1,254.000,30,255.000,18,256.000,60,260.000,20,320.000,1,0,33,
131335083000,252.000,2,245.000,29,244.000,30,241.000,60,240.000,9,86.000,1,254.000,21,255.000,18,256.000,60,260.000,20,320.000,1,0,33,
131335083000,252.000,2,245.000,29,244.000,30,241.000,60,240.000,9,86.000,1,254.000,30,255.000,18,256.000,60,260.000,20,320.000,1,0,33,
131335311000,252.000,2,245.000,29,244.000,30,241.000,40,240.000,9,86.000,1,254.000,30,255.000,18,256.000,40,260.000,20,320.000,1,0,33,
131335311000,252.000,2,245.000,29,244.000,30,241.000,40,240.000,29,86.000,1,254.000,30,255.000,38,256.000,40,260.000,20,320.000,1,0,33,
131337118000,252.000,2,245.000,9,244.000,30,241.000,40,240.000,29,86.000,1,254.000,30,255.000,38,256.000,40,320.000,1,400.000,1,0,33,
131337118000,252.000,2,245.000,9,244.000,50,241.000,40,240.000,29,86.000,1,254.000,30,255.000,38,256.000,40,259.000,20,320.000,1,0,33,
131337118000,252.000,2,244.000,50,241.000,40,240.000,29,86.000,1,84.000,3,254.000,30,255.000,38,256.000,40,259.000,20,320.000,1,0,33,
131340658000,252.000,2,244.000,29,241.000,40,240.000,29,86.000,1,84.000,3,254.000,9,255.000,38,256.000,40,259.000,20,320.000,1,0,33,
131340658000,252.000,2,244.000,29,243.000,21,241.000,40,240.000,29,86.000,1,254.000,30,255.000,38,256.000,40,259.000,20,320.000,1,0,33,
131340659000,252.000,2,244.000,29,243.000,21,241.000,40,240.000,29,86.000,1,254.000,21,255.000,38,256.000,40,259.000,20,320.000,1,0,33,
131340659000,252.000,2,244.000,29,243.000,21,241.000,40,240.000,29,86.000,1,254.000,30,255.000,38,256.000,40,259.000,20,320.000,1,0,33,
131341659000,252.000,2,244.000,29,241.000,40,240.000,29,86.000,1,84.000,3,254.000,9,255.000,38,256.000,40,259.000,20,320.000,1,0,33,
131341659000,252.000,2,244.000,50,241.000,40,240.000,29,86.000,1,84.000,3,254.000,30,255.000,38,256.000,40,259.000,20,320.000,1,0,33,
131341659000,252.000,2,244.000,50,241.000,40,240.000,29,86.000,1,84.000,3,254.000,21,255.000,38,256.000,40,259.000,20,320.000,1,0,33,
131341659000,252.000,2,244.000,50,241.000,40,240.000,29,86.000,1,84.000,3,254.000,30,255.000,38,256.000,40,259.000,20,320.000,1,0,33,
131346273000,252.000,2,244.000,50,241.000,40,240.000,9,86.000,1,84.000,3,254.000,30,255.000,18,256.000,40,259.000,20,320.000,1,0,33,
131346273000,252.000,2,244.000,50,241.000,60,240.000,9,86.000,1,84.000,3,254.000,30,255.000,18,256.000,60,259.000,20,320.000,1,0,33,
131346523000,252.000,2,244.000,50,241.000,40,240.000,9,86.000,1,84.000,3,254.000,30,255.000,18,256.000,40,259.000,20,320.000,1,0,33,
131346773000,252.000,2,244.000,50,241.000,40,240.000,29,86.000,1,84.000,3,254.000,30,255.000,38,256.000,40,259.000,20,320.000,1,0,33,
131346800000,252.000,2,244.000,50,241.000,20,240.000,29,86.000,1,84.000,3,254.000,30,255.000,38,256.000,20,259.000,20,320.000,1,0,33,
131347791000,252.000,2,244.000,50,241.000,40,240.000,29,86.000,1,84.000,3,254.000,30,255.000,38,256.000,40,259.000,20,320.000,1,0,33,
131353619000,252.000,2,244.000,30,241.000,40,240.000,29,86.000,1,84.000,3,254.000,30,255.000,38,256.000,40,320.000,1,400.000,1,0,33,
131353619000,252.000,2,244.000,30,243.000,20,241.000,40,240.000,29,86.000,1,254.000,30,255.000,38,256.000,40,258.000,20,320.000,1,0,33,
131353621000,252.000,2,244.000,30,243.000,20,241.000,40,240.000,9,86.000,1,254.000,30,255.000,18,256.000,40,258.000,20,320.000,1,0,33,
131353621000,252.000,2,244.000,30,243.000,20,241.000,40,240.000,9,239.000,20,254.000,50,255.000,18,256.000,40,258.000,20,320.000,1,0,33,
131353762000,252.000,2,244.000,9,243.000,20,241.000,40,240.000,9,239.000,20,254.000,29,255.000,18,256.000,40,258.000,20,320.000,1,0,33,
131353762000,252.000,2,244.000,9,243.000,41,241.000,40,240.000,9,239.000,20,254.000,50,255.000,18,256.000,40,258.000,20,320.000,1,0,33,
131353762000,252.000,2,244.000,9,243.000,50,241.000,40,240.000,9,239.000,20,254.000,50,255.000,18,256.000,40,258.000,20,320.000,1,0,33,
131353762000,252.000,2,243.000,50,241.000,40,240.000,9,239.000,20,86.000,1,254.000,50,255.000,18,256.000,40,258.000,20,320.000,1,0,33,
131354497000,252.000,2,243.000,29,241.000,40,240.000,9,239.000,20,86.000,1,254.000,29,255.000,18,256.000,40,258.000,20,320.000,1,0,33,
131354497000,252.000,2,243.000,29,242.000,21,241.000,40,240.000,9,239.000,20,254.000,50,255.000,18,256.000,40,258.000,20,320.000,1,0,33,
131354692000,252.000,2,243.000,29,242.000,21,241.000,20,240.000,9,239.000,20,254.000,50,255.000,18,256.000,20,258.000,20,320.000,1,0,33,
131354716000,252.000,2,243.000,29,242.000,21,241.000,20,240.000,29,239.000,20,254.000,50,255.000,38,256.000,20,258.000,20,320.000,1,0,33,
131355492000,252.000,2,243.000,29,242.000,21,241.000,20,240.000,29,86.000,1,254.000,30,255.000,38,256.000,20,258.000,20,320.000,1,0,33,
131355492000,252.000,2,243.000,29,242.000,21,241.000,20,240.000,49,86.000,1,254.000,30,255.000,58,256.000,20,258.000,20,320.000,1,0,33,
131355731000,252.000,2,243.000,29,241.000,20,240.000,49,86.000,1,84.000,3,254.000,9,255.000,58,256.000,20,258.000,20,320.000,1,0,33,
131355731000,252.000,2,243.000,50,241.000,20,240.000,49,86.000,1,84.000,3,254.000,30,255.000,58,256.000,20,258.000,20,320.000,1,0,33,
131355731000,252.000,2,243.000,50,241.000,20,240.000,49,86.000,1,84.000,3,254.000,21,255.000,58,256.000,20,258.000,20,320.000,1,0,33,
131355778000,252.000,2,243.000,50,241.000,20,240.000,49,86.000,1,84.000,3,254.000,30,255.000,58,256.000,20,258.000,20,320.000,1,0,33,
131355866000,252.000,2,243.000,50,241.000,20,240.000,29,86.000,1,84.000,3,254.000,30,255.000,38,256.000,20,258.000,20,320.000,1,0,33,
131355991000,252.000,2,243.000,50,241.000,20,240.000,29,239.000,20,86.000,1,254.000,50,255.000,38,256.000,20,258.000,20,320.000,1,0,33,
131356092000,252.000,2,243.000,29,241.000,20,240.000,29,239.000,20,86.000,1,254.000,29,255.000,38,256.000,20,258.000,20,320.000,1,0,33,
131356092000,252.000,2,243.000,29,242.000,21,241.000,20,240.000,29,239.000,20,254.000,50,255.000,38,256.000,20,258.000,20,320.000,1,0,33,
131358562000,252.000,2,243.000,29,242.000,21,241.000,20,240.000,29,86.000,1,254.000,30,255.000,38,256.000,20,258.000,20,320.000,1,0,33,
131358562000,252.000,2,243.000,29,242.000,21,241.000,20,240.000,49,86.000,1,254.000,30,255.000,58,256.000,20,258.000,20,320.000,1,0,33,
131359093000,252.000,2,243.000,29,241.000,20,240.000,49,86.000,1,84.000,3,254.000,9,255.000,58,256.000,20,258.000,20,320.000,1,0,33,
131359093000,252.000,2,243.000,50,241.000,20,240.000,49,86.000,1,84.000,3,254.000,30,255.000,58,256.000,20,258.000,20,320.000,1,0,33,
131359093000,252.000,2,243.000,50,241.000,20,240.000,49,86.000,1,84.000,3,254.000,21,255.000,58,256.000,20,258.000,20,320.000,1,0,33,
131359093000,252.000,2,243.000,50,241.000,20,240.000,49,86.000,1,84.000,3,254.000,30,255.000,58,256.000,20,258.000,20,320.000,1,0,33,
131401037000,252.000,2,243.000,50,241.000,20,240.000,29,86.000,1,84.000,3,254.000,30,255.000,38,256.000,20,258.000,20,320.000,1,0,33,
131401293000,252.000,2,243.000,50,241.000,40,240.000,29,86.000,1,84.000,3,254.000,30,255.000,38,256.000,40,258.000,20,320.000,1,0,33,
131402226000,252.000,2,243.000,29,241.000,40,240.000,29,86.000,1,84.000,3,254.000,9,255.000,38,256.000,40,258.000,20,320.000,1,0,33,
131402226000,252.000,2,244.000,21,243.000,29,241.000,40,240.000,29,86.000,1,254.000,30,255.000,38,256.000,40,258.000,20,320.000,1,0,33,
131402226000,252.000,2,244.000,21,243.000,29,241.000,40,240.000,29,86.000,1,254.000,21,255.000,38,256.000,40,258.000,20,320.000,1,0,33,
131402226000,252.000,2,244.000,30,243.000,29,241.000,40,240.000,29,86.000,1,254.000,21,255.000,38,256.000,40,258.000,20,320.000,1,0,33,
131402226000,252.000,2,244.000,30,243.000,29,241.000,40,240.000,29,86.000,1,254.000,30,255.000,38,256.000,40,258.000,20,320.000,1,0,33,
131402243000,252.000,2,244.000,30,243.000,9,241.000,40,240.000,29,86.000,1,254.000,30,255.000,38,256.000,40,320.000,1,400.000,1,0,33,
131402243000,252.000,2,244.000,50,243.000,9,241.000,40,240.000,29,86.000,1,254.000,30,255.000,38,256.000,40,259.000,20,320.000,1,0,33,
131402642000,252.000,2,244.000,50,243.000,9,241.000,40,240.000,9,86.000,1,254.000,30,255.000,18,256.000,40,259.000,20,320.000,1,0,33,
131403516000,252.000,2,244.000,50,243.000,9,241.000,60,240.000,9,86.000,1,254.000,30,255.000,18,256.000,60,259.000,20,320.000,1,0,33,
131411163000,252.000,2,244.000,50,243.000,9,241.000,40,240.000,9,86.000,1,254.000,30,255.000,18,256.000,40,259.000,20,320.000,1,0,33,
131411163000,252.000,2,244.000,50,243.000,9,242.000,20,241.000,40,240.000,9,254.000,30,255.000,18,256.000,40,257.000,20,259.000,20,0,33,
131411243000,252.000,2,244.000,30,243.000,9,242.000,20,241.000,40,240.000,9,254.000,30,255.000,18,256.000,40,257.000,20,320.000,1,0,33,
131411243000,252.000,2,245.000,20,244.000,30,243.000,9,242.000,20,241.000,40,254.000,30,255.000,18,256.000,40,257.000,20,260.000,20,0,33,
131411243000,252.000,2,245.000,29,244.000,30,243.000,9,242.000,20,241.000,40,254.000,30,255.000,18,256.000,40,257.000,20,260.000,20,0,33,
131411506000,252.000,2,245.000,29,244.000,30,242.000,20,241.000,40,240.000,9,254.000,30,255.000,18,256.000,40,257.000,20,260.000,20,0,33,
131411999000,252.000,2,245.000,29,244.000,30,241.000,40,240.000,9,86.000,1,254.000,30,255.000,18,256.000,40,260.000,20,320.000,1,0,33,
131411999000,252.000,2,245.000,29,244.000,30,241.000,60,240.000,9,86.000,1,254.000,30,255.000,18,256.000,60,260.000,20,320.000,1,0,33,
131414242000,252.000,2,245.000,9,244.000,30,241.000,60,240.000,9,86.000,1,254.000,30,255.000,18,256.000,60,320.000,1,400.000,1,0,33,
131414242000,252.000,2,245.000,9,244.000,50,241.000,60,240.000,9,86.000,1,254.000,30,255.000,18,256.000,60,259.000,20,320.000,1,0,33,
131414243000,252.000,2,244.000,50,241.000,60,240.000,9,86.000,1,84.000,3,254.000,30,255.000,18,256.000,60,259.000,20,320.000,1,0,33,
131417302000,252.000,2,244.000,50,241.000,40,240.000,9,86.000,1,84.000,3,254.000,30,255.000,18,256.000,40,259.000,20,320.000,1,0,33,
131417302000,252.000,2,244.000,50,241.000,40,240.000,29,86.000,1,84.000,3,254.000,30,255.000,38,256.000,40,259.000,20,320.000,1,0,33,
131417752000,252.000,2,244.000,29,241.000,40,240.000,29,86.000,1,84.000,3,254.000,9,255.000,38,256.000,40,259.000,20,320.000,1,0,33,
131417752000,252.000,2,244.000,29,243.000,21,241.000,40,240.000,29,86.000,1,254.000,30,255.000,38,256.000,40,259.000,20,320.000,1,0,33,
131417752000,252.000,2,244.000,29,243.000,21,241.000,40,240.000,29,86.000,1,254.000,21,255.000,38,256.000,40,259.000,20,320.000,1,0,33,
131417752000,252.000,2,244.000,29,243.000,21,241.000,40,240.000,29,86.000,1,254.000,30,255.000,38,256.000,40,259.000,20,320.000,1,0,33,
131419165000,252.000,2,244.000,29,243.000,21,241.000,40,240.000,9,86.000,1,254.000,30,255.000,18,256.000,40,259.000,20,320.000,1,0,33,
131419165000,252.000,2,244.000,29,243.000,21,241.000,60,240.000,9,86.000,1,254.000,30,255.000,18,256.000,60,259.000,20,320.000,1,0,33,
131420744000,252.000,2,244.000,9,243.000,21,241.000,60,240.000,9,86.000,1,254.000,30,255.000,18,256.000,60,320.000,1,400.000,1,0,33,
131420744000,252.000,2,244.000,9,243.000,41,241.000,60,240.000,9,86.000,1,254.000,30,255.000,18,256.000,60,258.000,20,320.000,1,0,33,
131420744000,252.000,2,244.000,9,243.000,50,241.000,60,240.000,9,86.000,1,254.000,30,255.000,18,256.000,60,258.000,20,320.000,1,0,33,
131420744000,252.000,2,243.000,50,241.000,60,240.000,9,86.000,1,84.000,3,254.000,30,255.000,18,256.000,60,258.000,20,320.000,1,0,33,
131420788000,252.000,2,243.000,50,241.000,40,240.000,9,86.000,1,84.000,3,254.000,30,255.000,18,256.000,40,258.000,20,320.000,1,0,33,
131420789000,252.000,2,243.000,50,241.000,40,240.000,29,86.000,1,84.000,3,254.000,30,255.000,38,256.000,40,258.000,20,320.000,1,0,33,
131421495000,252.000,2,243.000,50,241.000,40,240.000,9,86.000,1,84.000,3,254.000,30,255.000,18,256.000,40,258.000,20,320.000,1,0,33,
131421495000,252.000,2,243.000,50,242.000,20,241.000,40,240.000,9,86.000,1,254.000,50,255.000,18,256.000,40,258.000,20,320.000,1,0,33,
131422077000,252.000,2,243.000,50,242.000,20,241.000,20,240.000,9,86.000,1,254.000,50,255.000,18,256.000,20,258.000,20,320.000,1,0,33,
131422103000,252.000,2,243.000,29,242.000,20,241.000,20,240.000,9,86.000,1,254.000,29,255.000,18,256.000,20,258.000,20,320.000,1,0,33,
131422103000,252.000,2,243.000,29,242.000,41,241.000,20,240.000,9,86.000,1,254.000,50,255.000,18,256.000,20,258.000,20,320.000,1,0,33,
131422109000,252.000,2,243.000,29,242.000,21,241.000,20,240.000,9,86.000,1,254.000,30,255.000,18,256.000,20,258.000,20,320.000,1,0,33,
131422109000,252.000,2,243.000,29,242.000,21,241.000,40,240.000,9,86.000,1,253.000,20,254.000,30,255.000,18,256.000,20,258.000,20,0,33,
131422109000,252.000,2,243.000,29,242.000,21,241.000,40,240.000,9,86.000,1,253.000,29,254.000,30,255.000,18,256.000,20,258.000,20,0,33,
131422152000,252.000,2,243.000,29,242.000,21,241.000,20,240.000,9,86.000,1,253.000,29,254.000,30,255.000,18,258.000,20,320.000,1,0,33,
131422194000,252.000,2,243.000,29,242.000,21,241.000,20,240.000,29,86.000,1,253.000,29,254.000,30,255.000,38,258.000,20,320.000,1,0,33,
131422507000,252.000,2,243.000,29,242.000,21,241.000,20,240.000,29,86.000,1,253.000,29,254.000,30,255.000,29,258.000,20,320.000,1,0,33,
131422507000,252.000,2,243.000,29,242.000,21,241.000,20,240.000,29,239.000,20,253.000,29,254.000,50,255.000,29,258.000,20,320.000,1,0,33,
131422600000,252.000,2,243.000,29,242.000,21,240.000,29,239.000,20,86.000,1,253.000,9,254.000,50,255.000,29,258.000,20,320.000,1,0,33,
131422600000,252.000,2,243.000,29,242.000,21,240.000,29,239.000,20,86.000,1,254.000,50,255.000,29,258.000,20,320.000,1,400.000,1,0,33,
131422611000,252.000,2,243.000,29,242.000,41,240.000,29,239.000,20,86.000,1,254.000,70,255.000,29,258.000,20,320.000,1,400.000,1,0,33,
131423045000,252.000,2,243.000,29,242.000,41,240.000,29,239.000,20,86.000,1,254.000,70,255.000,20,258.000,20,320.000,1,400.000,1,0,33,
131423046000,252.000,2,243.000,29,242.000,41,240.000,29,239.000,20,86.000,1,253.000,9,254.000,70,255.000,20,258.000,20,320.000,1,0,33,
131423046000,252.000,2,243.000,29,242.000,41,240.000,29,239.000,20,86.000,1,253.000,18,254.000,70,255.000,20,258.000,20,320.000,1,0,33,
131423088000,252.000,2,243.000,29,242.000,21,240.000,29,239.000,20,86.000,1,253.000,18,254.000,50,255.000,20,258.000,20,320.000,1,0,33,
131423119000,252.000,2,243.000,9,242.000,21,240.000,29,239.000,20,86.000,1,253.000,18,254.000,50,255.000,20,320.000,1,400.000,1,0,33,
131423119000,252.000,2,243.000,9,242.000,41,240.000,29,239.000,20,86.000,1,253.000,18,254.000,50,255.000,20,257.000,20,320.000,1,0,33,
131423120000,252.000,2,242.000,41,240.000,29,239.000,20,86.000,1,84.000,3,253.000,18,254.000,50,255.000,20,257.000,20,320.000,1,0,33,
131423120000,252.000,2,242.000,50,240.000,29,239.000,20,86.000,1,84.000,3,253.000,18,254.000,50,255.000,20,257.000,20,320.000,1,0,33,
131423224000,252.000,2,242.000,50,241.000,20,240.000,29,239.000,20,86.000,1,253.000,38,254.000,50,255.000,20,257.000,20,320.000,1,0,33,
131423743000,252.000,2,242.000,30,241.000,20,240.000,29,239.000,20,86.000,1,253.000,38,254.000,50,255.000,20,320.000,1,400.000,1,0,33,
131423743000,252.000,2,243.000,20,242.000,30,241.000,20,240.000,29,239.000,20,253.000,38,254.000,50,255.000,20,258.000,20,320.000,1,0,33,
131423843000,252.000,2,243.000,20,242.000,9,241.000,20,240.000,29,239.000,20,253.000,38,254.000,29,255.000,20,258.000,20,320.000,1,0,33,
131423843000,252.000,2,243.000,20,242.000,30,241.000,20,240.000,29,239.000,20,252.000,21,253.000,38,254.000,29,255.000,20,258.000,20,0,33,
131424507000,252.000,2,243.000,20,242.000,30,241.000,20,240.000,29,239.000,20,252.000,30,253.000,38,254.000,29,255.000,20,258.000,20,0,33,
131424507000,252.000,2,243.000,29,242.000,30,241.000,20,240.000,29,239.000,20,252.000,30,253.000,38,254.000,29,255.000,20,258.000,20,0,33,
131425007000,252.000,2,243.000,29,242.000,30,241.000,20,240.000,29,239.000,20,252.000,30,253.000,38,254.000,20,255.000,20,258.000,20,0,33,
131426363000,252.000,2,243.000,29,242.000,30,240.000,29,239.000,20,86.000,1,252.000,30,253.000,18,254.000,20,255.000,20,258.000,20,0,33,
131426363000,252.000,2,243.000,29,242.000,50,240.000,29,239.000,20,86.000,1,252.000,30,253.000,18,254.000,40,255.000,20,258.000,20,0,33,
131426740000,252.000,2,243.000,29,242.000,29,240.000,29,239.000,20,86.000,1,252.000,9,253.000,18,254.000,40,255.000,20,258.000,20,0,33,
131426740000,252.000,2,243.000,50,242.000,29,240.000,29,239.000,20,86.000,1,252.000,30,253.000,18,254.000,40,255.000,20,258.000,20,0,33,
131426740000,252.000,2,243.000,50,242.000,29,240.000,29,239.000,20,86.000,1,252.000,21,253.000,18,254.000,40,255.000,20,258.000,20,0,33,
131427105000,252.000,2,243.000,29,242.000,29,240.000,29,239.000,20,86.000,1,253.000,18,254.000,40,255.000,20,258.000,20,320.000,1,0,33,
131427105000,252.000,2,243.000,29,242.000,50,240.000,29,239.000,20,86.000,1,252.000,21,253.000,18,254.000,40,255.000,20,258.000,20,0,33,
131427508000,252.000,2,243.000,29,242.000,50,240.000,29,239.000,20,86.000,1,252.000,30,253.000,18,254.000,40,255.000,20,258.000,20,0,33,
131428468000,252.000,2,243.000,29,242.000,30,240.000,29,239.000,20,86.000,1,252.000,30,253.000,18,254.000,20,255.000,20,258.000,20,0,33,
131428468000,252.000,2,243.000,29,242.000,30,241.000,20,240.000,29,239.000,20,252.000,30,253.000,38,254.000,20,255.000,20,258.000,20,0,33,
131429445000,252.000,2,243.000,29,242.000,30,240.000,29,239.000,20,86.000,1,252.000,30,253.000,18,254.000,20,255.000,20,258.000,20,0,33,
131429445000,252.000,2,243.000,29,242.000,50,240.000,29,239.000,20,86.000,1,252.000,30,253.000,18,254.000,40,255.000,20,258.000,20,0,33,
131430269000,252.000,2,243.000,29,242.000,30,240.000,29,239.000,20,86.000,1,252.000,30,253.000,18,254.000,20,255.000,20,258.000,20,0,33,
131430269000,252.000,2,243.000,29,242.000,30,241.000,20,240.000,29,239.000,20,252.000,30,253.000,38,254.000,20,255.000,20,258.000,20,0,33,
131437827000,252.000,2,243.000,29,242.000,9,241.000,20,240.000,29,239.000,20,252.000,9,253.000,38,254.000,20,255.000,20,258.000,20,0,33,
131437827000,252.000,2,243.000,29,242.000,9,241.000,41,240.000,29,239.000,20,252.000,30,253.000,38,254.000,20,255.000,20,258.000,20,0,33,
131437827000,252.000,2,243.000,29,242.000,9,241.000,41,240.000,29,239.000,20,252.000,21,253.000,38,254.000,20,255.000,20,258.000,20,0,33,
131437828000,252.000,2,243.000,29,242.000,9,241.000,41,240.000,29,239.000,20,252.000,30,253.000,38,254.000,20,255.000,20,258.000,20,0,33,
131438470000,252.000,2,243.000,29,242.000,9,241.000,41,240.000,20,239.000,20,252.000,30,253.000,38,254.000,20,255.000,20,258.000,20,0,33,
131438478000,252.000,2,243.000,29,242.000,9,241.000,21,240.000,20,239.000,20,252.000,30,253.000,18,254.000,20,255.000,20,258.000,20,0,33,
131438478000,252.000,2,243.000,29,242.000,9,241.000,21,240.000,40,239.000,20,252.000,50,253.000,18,254.000,20,255.000,20,258.000,20,0,33,
131438494000,252.000,2,243.000,9,242.000,9,241.000,21,240.000,40,239.000,20,252.000,50,253.000,18,254.000,20,255.000,20,320.000,1,0,33,
131438494000,252.000,2,243.000,9,242.000,29,241.000,21,240.000,40,239.000,20,252.000,50,253.000,18,254.000,20,255.000,20,257.000,20,0,33,
131438494000,252.000,2,243.000,9,242.000,29,241.000,30,240.000,40,239.000,20,252.000,50,253.000,18,254.000,20,255.000,20,257.000,20,0,33,
131438494000,252.000,2,242.000,29,241.000,30,240.000,40,239.000,20,86.000,1,252.000,50,253.000,18,254.000,20,255.000,20,257.000,20,0,33,
131438594000,252.000,2,242.000,29,241.000,30,240.000,40,239.000,20,238.000,9,252.000,50,253.000,18,254.000,20,255.000,20,257.000,20,0,33,
131442200000,252.000,2,242.000,29,241.000,30,240.000,20,239.000,20,238.000,9,252.000,50,253.000,18,254.000,20,257.000,20,320.000,1,0,33,
131442839000,252.000,2,242.000,29,241.000,30,240.000,20,239.000,40,238.000,9,252.000,50,253.000,18,254.000,40,257.000,20,320.000,1,0,33,
131443753000,252.000,2,242.000,29,241.000,9,240.000,20,239.000,40,238.000,9,252.000,29,253.000,18,254.000,40,257.000,20,320.000,1,0,33,
131443753000,252.000,2,242.000,50,241.000,9,240.000,20,239.000,40,238.000,9,252.000,50,253.000,18,254.000,40,257.000,20,320.000,1,0,33,
131444744000,252.000,2,242.000,30,241.000,9,240.000,20,239.000,40,238.000,9,252.000,50,253.000,18,254.000,40,320.000,1,400.000,1,0,33,
131444744000,252.000,2,243.000,20,242.000,30,241.000,9,240.000,20,239.000,40,252.000,50,253.000,18,254.000,40,258.000,20,320.000,1,0,33,
131444744000,252.000,2,243.000,29,242.000,30,241.000,9,240.000,20,239.000,40,252.000,50,253.000,18,254.000,40,258.000,20,320.000,1,0,33,
131444758000,252.000,2,243.000,29,242.000,30,241.000,9,239.000,40,238.000,9,252.000,30,253.000,18,254.000,40,258.000,20,320.000,1,0,33,
131444758000,252.000,2,243.000,29,242.000,30,241.000,29,239.000,40,238.000,9,252.000,30,253.000,38,254.000,40,258.000,20,320.000,1,0,33,
131445007000,252.000,2,243.000,29,242.000,30,241.000,20,239.000,40,238.000,9,252.000,30,253.000,38,254.000,40,258.000,20,320.000,1,0,33,
131449423000,252.000,2,243.000,29,242.000,30,241.000,20,239.000,20,238.000,9,252.000,30,253.000,38,254.000,20,258.000,20,320.000,1,0,33,
131450140000,252.000,2,243.000,29,242.000,30,241.000,20,240.000,20,239.000,20,252.000,30,253.000,38,254.000,20,255.000,20,258.000,20,0,33,
131455013000,252.000,2,243.000,29,242.000,9,241.000,20,240.000,20,239.000,20,252.000,9,253.000,38,254.000,20,255.000,20,258.000,20,0,33,
131455013000,252.000,2,243.000,50,242.000,9,241.000,20,240.000,20,239.000,20,252.000,30,253.000,38,254.000,20,255.000,20,258.000,20,0,33,
131455013000,252.000,2,243.000,50,242.000,9,241.000,20,240.000,20,239.000,20,252.000,21,253.000,38,254.000,20,255.000,20,258.000,20,0,33,
131455013000,252.000,2,243.000,50,242.000,9,241.000,20,240.000,20,239.000,20,252.000,30,253.000,38,254.000,20,255.000,20,258.000,20,0,33,
131456251000,252.000,2,243.000,50,242.000,9,240.000,20,239.000,20,238.000,9,252.000,30,253.000,18,254.000,20,255.000,20,258.000,20,0,33,
131456251000,252.000,2,243.000,50,242.000,9,240.000,40,239.000,20,238.000,9,252.000,50,253.000,18,254.000,20,255.000,20,258.000,20,0,33,
131456377000,252.000,2,243.000,50,242.000,9,240.000,20,239.000,20,238.000,9,252.000,30,253.000,18,254.000,20,255.000,20,258.000,20,0,33,
131456871000,252.000,2,243.000,50,242.000,9,241.000,20,240.000,20,239.000,20,252.000,30,253.000,38,254.000,20,255.000,20,258.000,20,0,33,
131501118000,252.000,2,243.000,30,242.000,9,241.000,20,240.000,20,239.000,20,252.000,30,253.000,38,254.000,20,255.000,20,320.000,1,0,33,
131501118000,252.000,2,244.000,20,243.000,30,242.000,9,241.000,20,240.000,20,252.000,30,253.000,38,254.000,20,255.000,20,259.000,20,0,33,
131501120000,252.000,2,244.000,20,243.000,30,242.000,9,241.000,20,240.000,20,252.000,30,253.000,29,254.000,20,255.000,20,259.000,20,0,33,
131501120000,252.000,2,244.000,20,243.000,30,242.000,9,241.000,20,240.000,29,252.000,30,253.000,29,254.000,20,255.000,20,259.000,20,0,33,
131501120000,252.000,2,244.000,20,243.000,30,242.000,9,241.000,20,240.000,29,252.000,30,253.000,29,254.000,20,255.000,29,259.000,20,0,33,
131501240000,252.000,2,244.000,20,243.000,30,242.000,9,240.000,29,239.000,20,252.000,30,253.000,9,254.000,20,255.000,29,259.000,20,0,33,
131501240000,252.000,2,244.000,20,243.000,30,242.000,29,240.000,29,239.000,20,252.000,30,253.000,9,254.000,40,255.000,29,259.000,20,0,33,
131501250000,252.000,2,244.000,20,243.000,30,242.000,29,240.000,29,86.000,1,252.000,30,253.000,9,254.000,20,255.000,29,259.000,20,0,33,
131501507000,252.000,2,244.000,20,243.000,30,242.000,29,241.000,20,240.000,29,252.000,30,253.000,9,254.000,20,255.000,29,256.000,20,0,33,
131501536000,252.000,2,244.000,29,243.000,30,242.000,29,241.000,20,240.000,29,252.000,30,253.000,9,254.000,20,255.000,29,256.000,20,0,33,
131501601000,252.000,2,244.000,29,243.000,30,242.000,9,241.000,20,240.000,29,252.000,30,253.000,9,255.000,29,256.000,20,259.000,20,0,33,
131501850000,252.000,2,244.000,29,243.000,30,242.000,9,241.000,40,240.000,29,252.000,30,253.000,29,255.000,29,256.000,20,259.000,20,0,33,
131502007000,252.000,2,244.000,29,243.000,30,241.000,40,240.000,29,86.000,1,252.000,30,253.000,29,255.000,29,256.000,20,259.000,20,0,33,
131502350000,252.000,2,244.000,29,243.000,30,241.000,20,240.000,29,86.000,1,252.000,30,253.000,9,255.000,29,256.000,20,259.000,20,0,33,
131502359000,252.000,2,244.000,29,243.000,30,242.000,20,241.000,20,240.000,29,252.000,30,253.000,9,254.000,20,255.000,29,256.000,20,0,33,
131502600000,252.000,2,244.000,29,243.000,30,241.000,20,240.000,29,86.000,1,252.000,30,253.000,9,255.000,29,256.000,20,259.000,20,0,33,
131502973000,252.000,2,244.000,29,243.000,30,241.000,40,240.000,29,86.000,1,252.000,30,253.000,29,255.000,29,256.000,20,259.000,20,0,33,
131503993000,252.000,2,244.000,9,243.000,30,241.000,40,240.000,29,86.000,1,252.000,30,253.000,29,255.000,29,256.000,20,320.000,1,0,33,
131503993000,252.000,2,244.000,9,243.000,50,241.000,40,240.000,29,86.000,1,252.000,30,253.000,29,255.000,29,256.000,20,258.000,20,0,33,
131503993000,252.000,2,243.000,50,241.000,40,240.000,29,86.000,1,84.000,3,252.000,30,253.000,29,255.000,29,256.000,20,258.000,20,0,33,
131505118000,252.000,2,243.000,30,241.000,40,240.000,29,86.000,1,84.000,3,252.000,30,253.000,29,255.000,29,256.000,20,320.000,1,0,33,
131505118000,252.000,2,244.000,20,243.000,30,241.000,40,240.000,29,86.000,1,252.000,30,253.000,29,255.000,29,256.000,20,259.000,20,0,33,
131505118000,252.000,2,244.000,29,243.000,30,241.000,40,240.000,29,86.000,1,252.000,30,253.000,29,255.000,29,256.000,20,259.000,20,0,33,
131505134000,252.000,2,244.000,29,243.000,9,241.000,40,240.000,29,86.000,1,252.000,9,253.000,29,255.000,29,256.000,20,259.000,20,0,33,
131505134000,252.000,2,244.000,50,243.000,9,241.000,40,240.000,29,86.000,1,252.000,30,253.000,29,255.000,29,256.000,20,259.000,20,0,33,
131505135000,252.000,2,244.000,50,243.000,9,241.000,40,240.000,29,86.000,1,252.000,21,253.000,29,255.000,29,256.000,20,259.000,20,0,33,
131505135000,252.000,2,244.000,50,243.000,9,241.000,40,240.000,29,86.000,1,252.000,30,253.000,29,255.000,29,256.000,20,259.000,20,0,33,
131505247000,252.000,2,244.000,50,243.000,9,241.000,20,240.000,29,86.000,1,252.000,30,253.000,9,255.000,29,256.000,20,259.000,20,0,33,
131505247000,252.000,2,244.000,50,243.000,9,242.000,20,241.000,20,240.000,29,252.000,30,253.000,9,254.000,20,255.000,29,256.000,20,0,33,
131505252000,252.000,2,244.000,50,243.000,9,242.000,20,241.000,20,240.000,9,252.000,30,253.000,9,254.000,20,255.000,9,256.000,20,0,33,
131505280000,252.000,2,244.000,50,243.000,9,242.000,20,241.000,40,240.000,9,252.000,30,253.000,9,254.000,20,255.000,9,256.000,40,0,33,
131506152000,252.000,2,244.000,50,243.000,9,241.000,40,240.000,9,86.000,1,252.000,30,253.000,9,255.000,9,256.000,40,259.000,20,0,33,
131506152000,252.000,2,244.000,50,243.000,9,241.000,60,240.000,9,86.000,1,252.000,30,253.000,29,255.000,9,256.000,40,259.000,20,0,33,
131507369000,252.000,2,244.000,30,243.000,9,241.000,60,240.000,9,86.000,1,252.000,30,253.000,29,255.000,9,256.000,40,320.000,1,0,33,
131507369000,252.000,2,244.000,30,243.000,29,241.000,60,240.000,9,86.000,1,252.000,30,253.000,29,255.000,9,256.000,40,258.000,20,0,33,
131508612000,252.000,2,244.000,30,243.000,29,241.000,40,240.000,9,86.000,1,252.000,30,253.000,9,255.000,9,256.000,40,258.000,20,0,33,
131508612000,252.000,2,244.000,30,243.000,29,241.000,40,240.000,29,86.000,1,252.000,50,253.000,9,255.000,9,256.000,40,258.000,20,0,33,
131508738000,252.000,2,244.000,30,243.000,29,241.000,40,240.000,9,86.000,1,252.000,30,253.000,9,255.000,9,256.000,40,258.000,20,0,33,
131509226000,252.000,2,244.000,30,243.000,29,241.000,60,240.000,9,86.000,1,252.000,30,253.000,29,255.000,9,256.000,40,258.000,20,0,33,
131512369000,252.000,2,244.000,30,243.000,9,241.000,60,240.000,9,86.000,1,252.000,30,253.000,29,255.000,9,256.000,40,320.000,1,0,33,
131512369000,252.000,2,244.000,30,243.000,9,242.000,20,241.000,60,240.000,9,252.000,30,253.000,29,255.000,9,256.000,40,257.000,20,0,33,
131512403000,252.000,2,244.000,30,243.000,9,242.000,20,241.000,40,240.000,9,252.000,30,253.000,9,255.000,9,256.000,40,257.000,20,0,33,
131512403000,252.000,2,244.000,30,243.000,9,242.000,20,241.000,40,240.000,29,252.000,50,253.000,9,255.000,9,256.000,40,257.000,20,0,33,
131512409000,252.000,2,244.000,30,243.000,9,242.000,20,241.000,20,240.000,29,252.000,50,253.000,9,255.000,9,256.000,20,257.000,20,0,33,
131512578000,252.000,2,244.000,30,243.000,9,242.000,20,241.000,20,240.000,49,252.000,50,253.000,9,255.000,29,256.000,20,257.000,20,0,33,
131513898000,252.000,2,244.000,30,243.000,9,242.000,20,241.000,20,240.000,29,252.000,30,253.000,9,255.000,29,256.000,20,257.000,20,0,33,
131513898000,252.000,2,244.000,30,243.000,9,242.000,20,241.000,40,240.000,29,252.000,30,253.000,29,255.000,29,256.000,20,257.000,20,0,33,
131514647000,252.000,2,244.000,30,243.000,9,242.000,20,241.000,20,240.000,29,252.000,30,253.000,9,255.000,29,256.000,20,257.000,20,0,33,
131514647000,252.000,2,244.000,30,243.000,9,242.000,20,241.000,20,240.000,49,252.000,50,253.000,9,255.000,29,256.000,20,257.000,20,0,33,
131514787000,252.000,2,244.000,9,243.000,9,242.000,20,241.000,20,240.000,49,252.000,29,253.000,9,255.000,29,256.000,20,257.000,20,0,33,
131514787000,252.000,2,244.000,9,243.000,30,242.000,20,241.000,20,240.000,49,252.000,50,253.000,9,255.000,29,256.000,20,257.000,20,0,33,
131514787000,252.000,2,243.000,30,242.000,20,241.000,20,240.000,49,86.000,1,252.000,50,253.000,9,255.000,29,256.000,20,257.000,20,0,33,
131514787000,252.000,2,243.000,30,242.000,29,241.000,20,240.000,49,86.000,1,252.000,50,253.000,9,255.000,29,256.000,20,257.000,20,0,33,
131515244000,252.000,2,243.000,30,242.000,29,241.000,20,240.000,29,86.000,1,252.000,30,253.000,9,255.000,29,256.000,20,257.000,20,0,33,
131515244000,252.000,2,243.000,30,242.000,29,241.000,40,240.000,29,86.000,1,252.000,30,253.000,29,255.000,29,256.000,20,257.000,20,0,33,
131516317000,252.000,2,243.000,30,242.000,29,241.000,20,240.000,29,86.000,1,252.000,30,253.000,9,255.000,29,256.000,20,257.000,20,0,33,
131516317000,252.000,2,243.000,30,242.000,29,241.000,40,240.000,29,86.000,1,252.000,30,253.000,9,254.000,20,255.000,29,256.000,20,0,33,
131516368000,252.000,2,243.000,30,242.000,9,241.000,40,240.000,29,86.000,1,252.000,30,253.000,9,254.000,20,255.000,29,256.000,20,0,33,
131516368000,252.000,2,243.000,50,242.000,9,241.000,40,240.000,29,86.000,1,252.000,30,253.000,9,254.000,20,255.000,29,256.000,20,0,33,
131519660000,252.000,2,243.000,50,242.000,9,241.000,20,240.000,29,86.000,1,252.000,30,253.000,9,255.000,29,256.000,20,258.000,20,0,33,
131519660000,252.000,2,243.000,50,242.000,9,241.000,40,240.000,29,86.000,1,252.000,30,253.000,29,255.000,29,256.000,20,258.000,20,0,33,
131520410000,252.000,2,243.000,50,242.000,9,241.000,20,240.000,29,86.000,1,252.000,30,253.000,9,255.000,29,256.000,20,258.000,20,0,33,
131520410000,252.000,2,243.000,50,242.000,9,241.000,40,240.000,29,86.000,1,252.000,30,253.000,9,254.000,20,255.000,29,256.000,20,0,33,
131520653000,252.000,2,243.000,50,242.000,9,241.000,20,240.000,29,86.000,1,252.000,30,253.000,9,255.000,29,256.000,20,258.000,20,0,33,
131521005000,252.000,2,243.000,50,242.000,9,241.000,40,240.000,29,86.000,1,252.000,30,253.000,29,255.000,29,256.000,20,258.000,20,0,33,
131521118000,252.000,2,243.000,30,242.000,9,241.000,40,240.000,29,86.000,1,252.000,30,253.000,29,255.000,29,256.000,20,320.000,1,0,33,
131521118000,252.000,2,243.000,30,242.000,29,241.000,40,240.000,29,86.000,1,252.000,30,253.000,29,255.000,29,256.000,20,257.000,20,0,33,
131526157000,252.000,2,243.000,30,242.000,29,241.000,20,240.000,29,86.000,1,252.000,30,253.000,9,255.000,29,256.000,20,257.000,20,0,33,
131526157000,252.000,2,243.000,30,242.000,29,241.000,20,240.000,49,86.000,1,252.000,30,253.000,29,255.000,29,256.000,20,257.000,20,0,33,
131526776000,252.000,2,243.000,30,242.000,29,241.000,20,240.000,29,86.000,1,252.000,30,253.000,9,255.000,29,256.000,20,257.000,20,0,33,
131526776000,252.000,2,243.000,30,242.000,29,241.000,40,240.000,29,86.000,1,252.000,30,253.000,29,255.000,29,256.000,20,257.000,20,0,33,
131526901000,252.000,2,243.000,30,242.000,29,241.000,20,240.000,29,86.000,1,252.000,30,253.000,9,255.000,29,256.000,20,257.000,20,0,33,
131527372000,252.000,2,243.000,30,242.000,29,241.000,20,240.000,49,86.000,1,252.000,30,253.000,29,255.000,29,256.000,20,257.000,20,0,33,
131528855000,252.000,2,243.000,30,242.000,29,241.000,20,240.000,29,86.000,1,252.000,30,253.000,9,255.000,29,256.000,20,257.000,20,0,33,
131528855000,252.000,2,243.000,30,242.000,29,241.000,40,240.000,29,86.000,1,252.000,30,253.000,29,255.000,29,256.000,20,257.000,20,0,33,
131528993000,252.000,2,243.000,30,242.000,9,241.000,40,240.000,29,86.000,1,252.000,30,253.000,29,255.000,29,256.000,20,320.000,1,0,33,
131528993000,252.000,2,243.000,50,242.000,9,241.000,40,240.000,29,86.000,1,252.000,30,253.000,29,255.000,29,256.000,20,258.000,20,0,33,
131529345000,252.000,2,243.000,50,242.000,9,241.000,20,240.000,29,86.000,1,252.000,30,253.000,9,255.000,29,256.000,20,258.000,20,0,33,
131529355000,252.000,2,243.000,50,242.000,9,241.000,40,240.000,29,86.000,1,252.000,30,253.000,9,254.000,20,255.000,29,256.000,20,0,33,
131529844000,252.000,2,243.000,50,242.000,9,241.000,20,240.000,29,86.000,1,252.000,30,253.000,9,255.000,29,256.000,20,258.000,20,0,33,
131529969000,252.000,2,243.000,50,242.000,29,241.000,20,240.000,29,86.000,1,252.000,30,253.000,9,254.000,20,255.000,29,256.000,20,0,33,
131529994000,252.000,2,243.000,30,242.000,29,241.000,20,240.000,29,86.000,1,252.000,30,253.000,9,254.000,20,255.000,29,256.000,20,0,33,
131529994000,252.000,2,244.000,20,243.000,30,242.000,29,241.000,20,240.000,29,252.000,30,253.000,9,254.000,20,255.000,29,256.000,20,0,33,
131529994000,252.000,2,244.000,29,243.000,30,242.000,29,241.000,20,240.000,29,252.000,30,253.000,9,254.000,20,255.000,29,256.000,20,0,33,
131530007000,252.000,2,244.000,29,243.000,30,242.000,20,241.000,20,240.000,29,252.000,30,253.000,9,254.000,20,255.000,29,256.000,20,0,33,
131530168000,252.000,2,244.000,29,243.000,30,241.000,20,240.000,29,86.000,1,252.000,30,253.000,9,255.000,29,256.000,20,259.000,20,0,33,
131530543000,252.000,2,244.000,29,243.000,30,242.000,20,241.000,20,240.000,29,252.000,30,253.000,9,254.000,20,255.000,29,256.000,20,0,33,
131530994000,252.000,2,244.000,29,243.000,30,242.000,20,241.000,20,240.000,9,252.000,30,253.000,9,254.000,20,255.000,9,256.000,20,0,33,
131531533000,252.000,2,244.000,29,243.000,30,242.000,20,241.000,40,240.000,9,252.000,30,253.000,9,254.000,20,255.000,9,256.000,40,0,33,
131532913000,252.000,2,244.000,29,243.000,30,241.000,40,240.000,9,86.000,1,252.000,30,253.000,9,255.000,9,256.000,40,259.000,20,0,33,
131532913000,252.000,2,244.000,29,243.000,30,241.000,60,240.000,9,86.000,1,252.000,30,253.000,9,254.000,20,255.000,9,256.000,40,0,33,
131532993000,252.000,2,244.000,9,243.000,30,241.000,60,240.000,9,86.000,1,252.000,30,253.000,9,254.000,20,255.000,9,256.000,40,0,33,
131532993000,252.000,2,244.000,9,243.000,50,241.000,60,240.000,9,86.000,1,252.000,30,253.000,9,254.000,20,255.000,9,256.000,40,0,33,
131532993000,252.000,2,243.000,50,241.000,60,240.000,9,86.000,1,84.000,3,252.000,30,253.000,9,254.000,20,255.000,9,256.000,40,0,33,
131533009000,252.000,2,243.000,50,241.000,40,240.000,9,86.000,1,84.000,3,252.000,30,253.000,9,255.000,9,256.000,40,258.000,20,0,33,
131533411000,252.000,2,243.000,50,241.000,60,240.000,9,86.000,1,84.000,3,252.000,30,253.000,29,255.000,9,256.000,40,258.000,20,0,33,
131535774000,252.000,2,243.000,29,241.000,60,240.000,9,86.000,1,84.000,3,252.000,9,253.000,29,255.000,9,256.000,40,258.000,20,0,33,
131535774000,252.000,2,243.000,29,242.000,21,241.000,60,240.000,9,86.000,1,252.000,30,253.000,29,255.000,9,256.000,40,258.000,20,0,33,
131535775000,252.000,2,243.000,29,242.000,21,241.000,60,240.000,9,86.000,1,252.000,21,253.000,29,255.000,9,256.000,40,258.000,20,0,33,
131535775000,252.000,2,243.000,29,242.000,21,241.000,60,240.000,9,86.000,1,252.000,30,253.000,29,255.000,9,256.000,40,258.000,20,0,33,
131543680000,252.000,2,243.000,29,242.000,21,241.000,40,240.000,9,86.000,1,252.000,30,253.000,29,255.000,9,256.000,20,258.000,20,0,33,
131543770000,252.000,2,243.000,29,242.000,21,241.000,40,240.000,9,86.000,1,252.000,30,253.000,29,256.000,20,258.000,20,320.000,1,0,33,
131543772000,252.000,2,243.000,29,242.000,21,241.000,40,240.000,9,86.000,1,252.000,30,253.000,38,256.000,20,258.000,20,320.000,1,0,33,
131543867000,252.000,2,243.000,9,242.000,21,241.000,40,240.000,9,86.000,1,252.000,30,253.000,38,256.000,20,320.000,1,400.000,1,0,33,
131543867000,252.000,2,243.000,9,242.000,41,241.000,40,240.000,9,86.000,1,252.000,30,253.000,38,256.000,20,257.000,20,320.000,1,0,33,
131543867000,252.000,2,243.000,9,242.000,50,241.000,40,240.000,9,86.000,1,252.000,30,253.000,38,256.000,20,257.000,20,320.000,1,0,33,
131543868000,252.000,2,242.000,50,241.000,40,240.000,9,86.000,1,84.000,3,252.000,30,253.000,38,256.000,20,257.000,20,320.000,1,0,33,
131543892000,252.000,2,242.000,50,241.000,20,240.000,9,86.000,1,84.000,3,252.000,30,253.000,18,256.000,20,257.000,20,320.000,1,0,33,
131543892000,252.000,2,242.000,50,241.000,20,240.000,29,86.000,1,84.000,3,252.000,50,253.000,18,256.000,20,257.000,20,320.000,1,0,33,
131543917000,252.000,2,242.000,50,241.000,20,240.000,29,239.000,20,86.000,1,252.000,50,253.000,18,254.000,20,256.000,20,257.000,20,0,33,
131545983000,252.000,2,242.000,50,241.000,20,240.000,9,239.000,20,86.000,1,252.000,30,253.000,18,254.000,20,256.000,20,257.000,20,0,33,
131546131000,252.000,2,242.000,50,241.000,40,240.000,9,239.000,20,86.000,1,252.000,30,253.000,38,254.000,20,256.000,20,257.000,20,0,33,
131546625000,252.000,2,242.000,50,241.000,20,240.000,9,239.000,20,86.000,1,252.000,30,253.000,18,254.000,20,256.000,20,257.000,20,0,33,
131546634000,252.000,2,242.000,50,241.000,40,240.000,9,239.000,20,86.000,1,252.000,30,253.000,18,254.000,40,256.000,20,257.000,20,0,33,
131546748000,252.000,2,242.000,50,241.000,20,240.000,9,239.000,20,86.000,1,252.000,30,253.000,18,254.000,20,256.000,20,257.000,20,0,33,
131547248000,252.000,2,242.000,50,241.000,40,240.000,9,239.000,20,86.000,1,252.000,30,253.000,38,254.000,20,256.000,20,257.000,20,0,33,
131550449000,252.000,2,242.000,50,241.000,20,240.000,9,239.000,20,86.000,1,252.000,30,253.000,18,254.000,20,256.000,20,257.000,20,0,33,
131550449000,252.000,2,242.000,70,241.000,20,240.000,9,239.000,20,86.000,1,252.000,30,253.000,18,254.000,40,256.000,20,257.000,20,0,33,
131552675000,252.000,2,242.000,50,241.000,20,240.000,9,239.000,20,86.000,1,252.000,30,253.000,18,254.000,20,256.000,20,257.000,20,0,33,
131552675000,252.000,2,242.000,50,241.000,40,240.000,9,239.000,20,86.000,1,252.000,30,253.000,38,254.000,20,256.000,20,257.000,20,0,33,
131553165000,252.000,2,242.000,50,241.000,20,240.000,9,239.000,20,86.000,1,252.000,30,253.000,18,254.000,20,256.000,20,257.000,20,0,33,
131553175000,252.000,2,242.000,70,241.000,20,240.000,9,239.000,20,86.000,1,252.000,30,253.000,18,254.000,40,256.000,20,257.000,20,0,33,
131554082000,252.000,2,242.000,50,241.000,20,240.000,9,239.000,20,86.000,1,252.000,30,253.000,18,254.000,20,256.000,20,257.000,20,0,33,
131554664000,252.000,2,242.000,50,241.000,40,240.000,9,239.000,20,86.000,1,252.000,30,253.000,38,254.000,20,256.000,20,257.000,20,0,33,
131600743000,252.000,2,242.000,30,241.000,40,240.000,9,239.000,20,86.000,1,252.000,30,253.000,38,254.000,20,256.000,20,320.000,1,0,33,
131600743000,252.000,2,243.000,20,242.000,30,241.000,40,240.000,9,239.000,20,252.000,30,253.000,38,254.000,20,256.000,20,258.000,20,0,33,
131600743000,252.000,2,243.000,29,242.000,30,241.000,40,240.000,9,239.000,20,252.000,30,253.000,38,254.000,20,256.000,20,258.000,20,0,33,
131600903000,252.000,2,243.000,29,242.000,30,241.000,20,240.000,9,239.000,20,252.000,30,253.000,18,254.000,20,256.000,20,258.000,20,0,33,
131600903000,252.000,2,243.000,29,242.000,50,241.000,20,240.000,9,239.000,20,252.000,30,253.000,18,254.000,40,256.000,20,258.000,20,0,33,
131601145000,252.000,2,243.000,29,242.000,29,241.000,20,240.000,9,239.000,20,252.000,9,253.000,18,254.000,40,256.000,20,258.000,20,0,33,
131601145000,252.000,2,243.000,50,242.000,29,241.000,20,240.000,9,239.000,20,252.000,30,253.000,18,254.000,40,256.000,20,258.000,20,0,33,
131601145000,252.000,2,243.000,50,242.000,29,241.000,20,240.000,9,239.000,20,252.000,21,253.000,18,254.000,40,256.000,20,258.000,20,0,33,
131601146000,252.000,2,243.000,50,242.000,29,241.000,20,240.000,9,239.000,20,252.000,30,253.000,18,254.000,40,256.000,20,258.000,20,0,33,
131601536000,252.000,2,243.000,50,242.000,29,241.000,20,240.000,9,86.000,1,252.000,30,253.000,18,254.000,20,256.000,20,258.000,20,0,33,
131602017000,252.000,2,243.000,50,242.000,29,241.000,40,240.000,9,86.000,1,252.000,30,253.000,18,254.000,20,256.000,40,258.000,20,0,33,
131605193000,252.000,2,243.000,50,242.000,9,241.000,40,240.000,9,86.000,1,252.000,30,253.000,18,256.000,40,258.000,20,320.000,1,0,33,
131605193000,252.000,2,243.000,50,242.000,9,241.000,60,240.000,9,86.000,1,252.000,30,253.000,38,256.000,40,258.000,20,320.000,1,0,33,
131607076000,252.000,2,243.000,50,242.000,9,241.000,40,240.000,9,86.000,1,252.000,30,253.000,18,256.000,40,258.000,20,320.000,1,0,33,
131607315000,252.000,2,243.000,50,242.000,29,241.000,40,240.000,9,86.000,1,252.000,30,253.000,18,254.000,20,256.000,40,258.000,20,0,33,
131612835000,252.000,2,243.000,50,242.000,29,241.000,40,240.000,9,86.000,1,252.000,30,253.000,9,254.000,20,256.000,40,258.000,20,0,33,
131612872000,252.000,2,243.000,30,242.000,29,241.000,40,240.000,9,86.000,1,252.000,30,253.000,9,254.000,20,256.000,40,320.000,1,0,33,
131612872000,252.000,2,244.000,20,243.000,30,242.000,29,241.000,40,240.000,9,252.000,30,253.000,9,254.000,20,256.000,40,259.000,20,0,33,
131612875000,252.000,2,244.000,29,243.000,30,242.000,29,241.000,40,240.000,9,252.000,30,253.000,9,254.000,20,256.000,40,259.000,20,0,33,
131612957000,252.000,2,244.000,29,243.000,30,242.000,29,241.000,40,240.000,9,252.000,30,253.000,9,254.000,20,256.000,49,259.000,20,0,33,
131613000000,252.000,2,244.000,29,243.000,30,242.000,9,241.000,40,240.000,9,252.000,30,253.000,9,256.000,49,259.000,20,320.000,1,0,33,
131613000000,252.000,2,244.000,29,243.000,50,242.000,9,241.000,40,240.000,9,252.000,30,253.000,9,255.000,20,256.000,49,259.000,20,0,33,
131613007000,252.000,2,244.000,29,243.000,50,241.000,40,240.000,9,86.000,1,252.000,30,253.000,9,255.000,20,256.000,49,259.000,20,0,33,
131613235000,252.000,2,244.000,29,243.000,30,241.000,40,240.000,9,86.000,1,252.000,30,253.000,9,256.000,49,259.000,20,320.000,1,0,33,
131613602000,252.000,2,244.000,29,243.000,30,242.000,20,241.000,40,240.000,9,252.000,30,253.000,9,254.000,20,256.000,49,259.000,20,0,33,
131613932000,252.000,2,244.000,29,243.000,9,242.000,20,241.000,40,240.000,9,252.000,9,253.000,9,254.000,20,256.000,49,259.000,20,0,33,
131613932000,252.000,2,244.000,50,243.000,9,242.000,20,241.000,40,240.000,9,252.000,30,253.000,9,254.000,20,256.000,49,259.000,20,0,33,
131613932000,252.000,2,244.000,50,243.000,9,242.000,20,241.000,40,240.000,9,252.000,30,253.000,9,254.000,29,256.000,49,259.000,20,0,33,
131613932000,252.000,2,244.000,50,243.000,9,242.000,20,241.000,40,240.000,9,252.000,21,253.000,9,254.000,29,256.000,49,259.000,20,0,33,
131613933000,252.000,2,244.000,50,243.000,9,242.000,20,241.000,40,240.000,9,252.000,30,253.000,9,254.000,29,256.000,49,259.000,20,0,33,
131614007000,252.000,2,244.000,50,243.000,9,242.000,20,241.000,40,240.000,9,252.000,30,253.000,9,254.000,20,256.000,49,259.000,20,0,33,
131616368000,252.000,2,244.000,30,243.000,9,242.000,20,241.000,40,240.000,9,252.000,30,253.000,9,254.000,20,256.000,49,320.000,1,0,33,
131616368000,252.000,2,244.000,30,243.000,29,242.000,20,241.000,40,240.000,9,252.000,30,253.000,9,254.000,20,256.000,49,258.000,20,0,33,
131618868000,252.000,2,244.000,30,243.000,9,242.000,20,241.000,40,240.000,9,252.000,30,253.000,9,254.000,20,256.000,49,320.000,1,0,33,
131618868000,252.000,2,244.000,50,243.000,9,242.000,20,241.000,40,240.000,9,252.000,30,253.000,9,254.000,20,256.000,49,259.000,20,0,33,
131618885000,252.000,2,244.000,50,243.000,9,241.000,40,240.000,9,86.000,1,252.000,30,253.000,9,256.000,49,259.000,20,320.000,1,0,33,
131618885000,252.000,2,244.000,50,243.000,29,241.000,40,240.000,9,86.000,1,252.000,30,253.000,9,255.000,20,256.000,49,259.000,20,0,33,
131619385000,252.000,2,244.000,50,243.000,9,241.000,40,240.000,9,86.000,1,252.000,30,253.000,9,256.000,49,259.000,20,320.000,1,0,33,
131619385000,252.000,2,244.000,50,243.000,9,242.000,20,241.000,40,240.000,9,252.000,30,253.000,9,254.000,20,256.000,49,259.000,20,0,33,
131621368000,252.000,2,244.000,30,243.000,9,242.000,20,241.000,40,240.000,9,252.000,30,253.000,9,254.000,20,256.000,49,320.000,1,0,33,
131621368000,252.000,2,244.000,30,243.000,29,242.000,20,241.000,40,240.000,9,252.000,30,253.000,9,254.000,20,256.000,49,258.000,20,0,33,
131622100000,252.000,2,244.000,30,243.000,29,242.000,20,241.000,20,240.000,9,252.000,30,253.000,9,254.000,20,256.000,29,258.000,20,0,33,
131625080000,252.000,2,244.000,30,243.000,29,242.000,20,241.000,20,240.000,29,252.000,30,253.000,9,254.000,20,255.000,20,256.000,29,0,33,
131625994000,252.000,2,244.000,30,243.000,9,242.000,20,241.000,20,240.000,29,252.000,30,253.000,9,254.000,20,255.000,20,256.000,29,0,33,
131625994000,252.000,2,244.000,50,243.000,9,242.000,20,241.000,20,240.000,29,252.000,30,253.000,9,254.000,20,255.000,20,256.000,29,0,33,
131626244000,252.000,2,244.000,50,243.000,9,241.000,20,240.000,29,86.000,1,252.000,30,253.000,9,255.000,20,256.000,29,259.000,20,0,33,
131626244000,252.000,2,244.000,50,243.000,29,241.000,20,240.000,29,86.000,1,252.000,30,253.000,9,255.000,40,256.000,29,259.000,20,0,33,
131626493000,252.000,2,244.000,50,243.000,9,241.000,20,240.000,29,86.000,1,252.000,30,253.000,9,255.000,20,256.000,29,259.000,20,0,33,
131626743000,252.000,2,244.000,50,243.000,9,242.000,20,241.000,20,240.000,29,252.000,30,253.000,9,254.000,20,255.000,20,256.000,29,0,33,
131627118000,252.000,2,244.000,50,243.000,9,241.000,20,240.000,29,86.000,1,252.000,30,253.000,9,255.000,20,256.000,29,259.000,20,0,33,
131627243000,252.000,2,244.000,50,243.000,29,241.000,20,240.000,29,86.000,1,252.000,30,253.000,9,255.000,40,256.000,29,259.000,20,0,33,
131628737000,252.000,2,244.000,50,243.000,9,241.000,20,240.000,29,86.000,1,252.000,30,253.000,9,255.000,20,256.000,29,259.000,20,0,33,
131628737000,252.000,2,244.000,50,243.000,9,242.000,20,241.000,20,240.000,29,252.000,30,253.000,9,254.000,20,255.000,20,256.000,29,0,33,
131628987000,252.000,2,244.000,50,243.000,9,241.000,20,240.000,29,86.000,1,252.000,30,253.000,9,255.000,20,256.000,29,259.000,20,0,33,
131628994000,252.000,2,244.000,30,243.000,9,241.000,20,240.000,29,86.000,1,252.000,30,253.000,9,255.000,20,256.000,29,320.000,1,0,33,
131628994000,252.000,2,245.000,20,244.000,30,243.000,9,241.000,20,240.000,29,252.000,30,253.000,9,255.000,20,256.000,29,260.000,20,0,33,
131628994000,252.000,2,245.000,29,244.000,30,243.000,9,241.000,20,240.000,29,252.000,30,253.000,9,255.000,20,256.000,29,260.000,20,0,33,
131629007000,252.000,2,245.000,29,244.000,30,241.000,20,240.000,29,86.000,1,252.000,30,253.000,9,255.000,20,256.000,29,260.000,20,0,33,
131629118000,252.000,2,245.000,9,244.000,30,241.000,20,240.000,29,86.000,1,252.000,30,253.000,9,255.000,20,256.000,29,320.000,1,0,33,
131629118000,252.000,2,245.000,9,244.000,50,241.000,20,240.000,29,86.000,1,252.000,30,253.000,9,255.000,20,256.000,29,259.000,20,0,33,
131629118000,252.000,2,244.000,50,241.000,20,240.000,29,86.000,1,84.000,3,252.000,30,253.000,9,255.000,20,256.000,29,259.000,20,0,33,
131629354000,252.000,2,244.000,50,242.000,20,241.000,20,240.000,29,86.000,1,252.000,30,253.000,9,254.000,20,255.000,20,256.000,29,0,33,
131629478000,252.000,2,244.000,50,241.000,20,240.000,29,86.000,1,84.000,3,252.000,30,253.000,9,255.000,20,256.000,29,259.000,20,0,33,
131629977000,252.000,2,244.000,50,243.000,20,241.000,20,240.000,29,86.000,1,252.000,30,253.000,9,255.000,40,256.000,29,259.000,20,0,33,
131630118000,252.000,2,244.000,30,243.000,20,241.000,20,240.000,29,86.000,1,252.000,30,253.000,9,255.000,40,256.000,29,320.000,1,0,33,
131630118000,252.000,2,245.000,20,244.000,30,243.000,20,241.000,20,240.000,29,252.000,30,253.000,9,255.000,40,256.000,29,260.000,20,0,33,
131630118000,252.000,2,245.000,29,244.000,30,243.000,20,241.000,20,240.000,29,252.000,30,253.000,9,255.000,40,256.000,29,260.000,20,0,33,
131630133000,252.000,2,245.000,29,244.000,30,243.000,20,241.000,20,240.000,9,252.000,30,253.000,9,255.000,20,256.000,29,260.000,20,0,33,
131630145000,252.000,2,245.000,29,244.000,30,243.000,20,242.000,20,241.000,20,252.000,30,253.000,9,255.000,20,256.000,29,257.000,20,0,33,
131632478000,252.000,2,245.000,29,244.000,30,242.000,20,241.000,20,240.000,9,252.000,30,253.000,9,256.000,29,257.000,20,260.000,20,0,33,
131632478000,252.000,2,245.000,29,244.000,50,242.000,20,241.000,20,240.000,9,252.000,30,253.000,9,256.000,49,257.000,20,260.000,20,0,33,
131632709000,252.000,2,245.000,29,244.000,30,242.000,20,241.000,20,240.000,9,252.000,30,253.000,9,256.000,29,257.000,20,260.000,20,0,33,
131633003000,252.000,2,245.000,29,244.000,30,243.000,20,242.000,20,241.000,20,252.000,30,253.000,9,255.000,20,256.000,29,257.000,20,0,33,
131639869000,252.000,2,245.000,9,244.000,30,243.000,20,242.000,20,241.000,20,252.000,30,253.000,9,255.000,20,256.000,29,257.000,20,0,33,
131639869000,252.000,2,245.000,9,244.000,50,243.000,20,242.000,20,241.000,20,252.000,30,253.000,9,255.000,20,256.000,29,257.000,20,0,33,
131639869000,252.000,2,244.000,50,243.000,20,242.000,20,241.000,20,240.000,9,252.000,30,253.000,9,255.000,20,256.000,29,257.000,20,0,33,
131640507000,252.000,2,244.000,50,242.000,20,241.000,20,240.000,9,86.000,1,252.000,30,253.000,9,256.000,29,257.000,20,259.000,20,0,33,
131640507000,252.000,2,244.000,50,242.000,40,241.000,20,240.000,9,86.000,1,252.000,30,253.000,9,254.000,20,256.000,29,257.000,20,0,33,
131641008000,252.000,2,244.000,50,242.000,20,241.000,20,240.000,9,86.000,1,252.000,30,253.000,9,256.000,29,257.000,20,259.000,20,0,33,
131641018000,252.000,2,244.000,50,243.000,20,242.000,20,241.000,20,240.000,9,252.000,30,253.000,9,255.000,20,256.000,29,257.000,20,0,33,
131645970000,252.000,2,244.000,50,242.000,20,241.000,20,240.000,9,86.000,1,252.000,30,253.000,9,256.000,29,257.000,20,259.000,20,0,33,
131645970000,252.000,2,244.000,50,242.000,40,241.000,20,240.000,9,86.000,1,252.000,30,253.000,9,254.000,20,256.000,29,257.000,20,0,33,
131646067000,252.000,2,244.000,50,242.000,20,241.000,20,240.000,9,86.000,1,252.000,30,253.000,9,254.000,20,256.000,29,259.000,20,0,33,
131646118000,252.000,2,244.000,30,242.000,20,241.000,20,240.000,9,86.000,1,252.000,30,253.000,9,254.000,20,256.000,29,310.000,1,0,33,
131646118000,252.000,2,244.000,30,243.000,20,242.000,20,241.000,20,240.000,9,252.000,30,253.000,9,254.000,20,256.000,29,258.000,20,0,33,
131646630000,252.000,2,244.000,30,243.000,20,242.000,20,241.000,40,240.000,9,252.000,30,253.000,9,254.000,20,256.000,49,258.000,20,0,33,
131647088000,252.000,2,244.000,30,243.000,20,241.000,40,240.000,9,86.000,1,252.000,30,253.000,9,256.000,49,258.000,20,310.000,1,0,33,
131647088000,252.000,2,244.000,30,243.000,40,241.000,40,240.000,9,86.000,1,252.000,30,253.000,9,255.000,20,256.000,49,258.000,20,0,33,
131647118000,252.000,2,244.000,30,243.000,20,241.000,40,240.000,9,86.000,1,252.000,30,253.000,9,255.000,20,256.000,49,310.000,1,0,33,
131647118000,252.000,2,244.000,50,243.000,20,241.000,40,240.000,9,86.000,1,252.000,30,253.000,9,255.000,20,256.000,49,259.000,20,0,33,
131648662000,252.000,2,244.000,50,241.000,40,240.000,9,86.000,1,84.000,3,252.000,30,253.000,9,256.000,49,259.000,20,310.000,1,0,33,
131648662000,252.000,2,244.000,50,242.000,20,241.000,40,240.000,9,86.000,1,252.000,30,253.000,9,254.000,20,256.000,49,259.000,20,0,33,
131648920000,252.000,2,244.000,50,241.000,40,240.000,9,86.000,1,84.000,3,252.000,30,253.000,9,256.000,49,259.000,20,310.000,1,0,33,
131649163000,252.000,2,244.000,50,243.000,20,241.000,40,240.000,9,86.000,1,252.000,30,253.000,9,255.000,20,256.000,49,259.000,20,0,33,
131650245000,252.000,2,244.000,30,243.000,20,241.000,40,240.000,9,86.000,1,252.000,30,253.000,9,255.000,20,256.000,49,310.000,1,0,33,
131650245000,252.000,2,245.000,20,244.000,30,243.000,20,241.000,40,240.000,9,252.000,30,253.000,9,255.000,20,256.000,49,260.000,20,0,33,
131650607000,252.000,2,245.000,29,244.000,30,243.000,20,241.000,40,240.000,9,252.000,30,253.000,9,255.000,20,256.000,49,260.000,20,0,33,
131654065000,252.000,2,245.000,29,244.000,30,241.000,40,240.000,9,86.000,1,252.000,30,253.000,9,256.000,49,260.000,20,310.000,1,0,33,
131654065000,252.000,2,245.000,29,244.000,30,242.000,20,241.000,40,240.000,9,252.000,30,253.000,9,254.000,20,256.000,49,260.000,20,0,33,
131654118000,252.000,2,245.000,9,244.000,30,242.000,20,241.000,40,240.000,9,252.000,30,253.000,9,254.000,20,256.000,49,310.000,1,0,33,
131654119000,252.000,2,245.000,9,244.000,50,242.000,20,241.000,40,240.000,9,252.000,30,253.000,9,254.000,20,256.000,49,259.000,20,0,33,
131654119000,252.000,2,244.000,50,242.000,20,241.000,40,240.000,9,86.000,1,252.000,30,253.000,9,254.000,20,256.000,49,259.000,20,0,33,
131655243000,252.000,2,244.000,30,242.000,20,241.000,40,240.000,9,86.000,1,252.000,30,253.000,9,254.000,20,256.000,49,310.000,1,0,33,
131655243000,252.000,2,244.000,30,243.000,20,242.000,20,241.000,40,240.000,9,252.000,30,253.000,9,254.000,20,256.000,49,258.000,20,0,33,
131656793000,252.000,2,244.000,30,243.000,20,241.000,40,240.000,9,86.000,1,252.000,30,253.000,9,256.000,49,258.000,20,310.000,1,0,33,
131656793000,252.000,2,244.000,30,243.000,40,241.000,40,240.000,9,86.000,1,252.000,30,253.000,9,255.000,20,256.000,49,258.000,20,0,33,
131656868000,252.000,2,244.000,30,243.000,20,241.000,40,240.000,9,86.000,1,252.000,30,253.000,9,255.000,20,256.000,49,310.000,1,0,33,
131656868000,252.000,2,244.000,50,243.000,20,241.000,40,240.000,9,86.000,1,252.000,30,253.000,9,255.000,20,256.000,49,259.000,20,0,33,
131701617000,252.000,2,244.000,30,243.000,20,241.000,40,240.000,9,86.000,1,252.000,30,253.000,9,255.000,20,256.000,49,310.000,1,0,33,
131701617000,252.000,2,245.000,20,244.000,30,243.000,20,241.000,40,240.000,9,252.000,30,253.000,9,255.000,20,256.000,49,260.000,20,0,33,
131701618000,252.000,2,245.000,29,244.000,30,243.000,20,241.000,40,240.000,9,252.000,30,253.000,9,255.000,20,256.000,49,260.000,20,0,33,
131702122000,252.000,2,245.000,29,244.000,9,243.000,20,241.000,40,240.000,9,252.000,9,253.000,9,255.000,20,256.000,49,260.000,20,0,33,
131702122000,252.000,2,245.000,50,244.000,9,243.000,20,241.000,40,240.000,9,252.000,9,253.000,30,255.000,20,256.000,49,260.000,20,0,33,
131702122000,252.000,2,245.000,50,244.000,9,243.000,20,241.000,40,240.000,9,252.000,9,253.000,30,255.000,29,256.000,49,260.000,20,0,33,
131702122000,252.000,2,245.000,50,244.000,9,243.000,20,241.000,40,240.000,9,253.000,30,255.000,29,256.000,49,260.000,20,310.000,1,0,33,
131703367000,252.000,2,245.000,30,244.000,9,243.000,20,241.000,40,240.000,9,253.000,30,255.000,29,256.000,49,310.000,1,320.000,1,0,33,
131703367000,252.000,2,245.000,30,244.000,29,243.000,20,241.000,40,240.000,9,253.000,30,255.000,29,256.000,49,259.000,20,310.000,1,0,33,
131703831000,252.000,2,245.000,9,244.000,29,243.000,20,241.000,40,240.000,9,253.000,9,255.000,29,256.000,49,259.000,20,310.000,1,0,33,
131703831000,252.000,2,245.000,30,244.000,29,243.000,20,241.000,40,240.000,9,252.000,21,253.000,9,255.000,29,256.000,49,259.000,20,0,33,
131703831000,252.000,2,245.000,21,244.000,29,243.000,20,241.000,40,240.000,9,252.000,21,253.000,9,255.000,29,256.000,49,259.000,20,0,33,
131703831000,252.000,2,245.000,21,244.000,29,243.000,20,241.000,40,240.000,9,252.000,21,255.000,29,256.000,49,259.000,20,310.000,1,0,33,
131703831000,252.000,2,245.000,21,244.000,29,243.000,20,241.000,40,240.000,9,252.000,30,255.000,29,256.000,49,259.000,20,310.000,1,0,33,
131703831000,252.000,2,245.000,30,244.000,29,243.000,20,241.000,40,240.000,9,252.000,30,255.000,29,256.000,49,259.000,20,310.000,1,0,33,
131706700000,252.000,2,245.000,30,244.000,29,243.000,20,241.000,20,240.000,9,252.000,30,255.000,29,256.000,29,259.000,20,310.000,1,0,33,
131706802000,252.000,2,245.000,9,244.000,29,243.000,20,241.000,20,240.000,9,252.000,9,255.000,29,256.000,29,259.000,20,310.000,1,0,33,
131706802000,252.000,2,245.000,30,244.000,29,243.000,20,241.000,20,240.000,9,252.000,9,253.000,21,255.000,29,256.000,29,259.000,20,0,33,
131706802000,252.000,2,245.000,21,244.000,29,243.000,20,241.000,20,240.000,9,252.000,9,253.000,21,255.000,29,256.000,29,259.000,20,0,33,
131706802000,252.000,2,245.000,21,244.000,29,243.000,20,241.000,20,240.000,9,253.000,21,255.000,29,256.000,29,259.000,20,310.000,1,0,33,
131706802000,252.000,2,245.000,21,244.000,29,243.000,20,241.000,20,240.000,9,253.000,30,255.000,29,256.000,29,259.000,20,310.000,1,0,33,
131706803000,252.000,2,245.000,30,244.000,29,243.000,20,241.000,20,240.000,9,253.000,30,255.000,29,256.000,29,259.000,20,310.000,1,0,33,
131706891000,252.000,2,245.000,30,244.000,29,243.000,20,242.000,20,241.000,20,253.000,30,255.000,29,256.000,29,257.000,20,259.000,20,0,33,
131709993000,252.000,2,245.000,30,244.000,9,243.000,20,242.000,20,241.000,20,253.000,30,255.000,29,256.000,29,257.000,20,310.000,1,0,33,
131709993000,252.000,2,245.000,50,244.000,9,243.000,20,242.000,20,241.000,20,253.000,30,255.000,29,256.000,29,257.000,20,260.000,20,0,33,
131712118000,252.000,2,245.000,30,244.000,9,243.000,20,242.000,20,241.000,20,253.000,30,255.000,29,256.000,29,257.000,20,310.000,1,0,33,
131712118000,252.000,2,245.000,30,244.000,29,243.000,20,242.000,20,241.000,20,253.000,30,255.000,29,256.000,29,257.000,20,259.000,20,0,33,
131714679000,252.000,2,245.000,30,244.000,29,242.000,20,241.000,20,240.000,9,253.000,30,255.000,9,256.000,29,257.000,20,259.000,20,0,33,
131714679000,252.000,2,245.000,9,244.000,29,242.000,20,241.000,20,240.000,9,253.000,9,255.000,9,256.000,29,257.000,20,259.000,20,0,33,
131714679000,252.000,2,245.000,9,244.000,50,242.000,20,241.000,20,240.000,9,253.000,30,255.000,9,256.000,29,257.000,20,259.000,20,0,33,
131714679000,252.000,2,245.000,9,244.000,50,242.000,20,241.000,20,240.000,9,253.000,21,255.000,9,256.000,29,257.000,20,259.000,20,0,33,
131714679000,252.000,2,245.000,9,244.000,50,242.000,20,241.000,20,240.000,9,253.000,21,255.000,9,256.000,38,257.000,20,259.000,20,0,33,
131714679000,252.000,2,244.000,50,242.000,20,241.000,20,240.000,9,86.000,1,253.000,21,255.000,9,256.000,38,257.000,20,259.000,20,0,33,
131714680000,252.000,2,244.000,50,242.000,20,241.000,20,240.000,9,86.000,1,253.000,30,255.000,9,256.000,38,257.000,20,259.000,20,0,33,
131714835000,252.000,2,244.000,50,243.000,20,242.000,20,241.000,20,240.000,9,253.000,30,255.000,29,256.000,38,257.000,20,259.000,20,0,33,
131715007000,252.000,2,244.000,50,243.000,20,242.000,20,241.000,20,240.000,9,253.000,30,255.000,29,256.000,29,257.000,20,259.000,20,0,33,
131722618000,252.000,2,244.000,30,243.000,20,242.000,20,241.000,20,240.000,9,253.000,30,255.000,29,256.000,29,257.000,20,310.000,1,0,33,
131722618000,252.000,2,245.000,20,244.000,30,243.000,20,242.000,20,241.000,20,253.000,30,255.000,29,256.000,29,257.000,20,260.000,20,0,33,
131722618000,252.000,2,245.000,29,244.000,30,243.000,20,242.000,20,241.000,20,253.000,30,255.000,29,256.000,29,257.000,20,260.000,20,0,33,
131723512000,252.000,2,245.000,29,244.000,30,242.000,20,241.000,20,240.000,9,253.000,30,255.000,9,256.000,29,257.000,20,260.000,20,0,33,
131723512000,252.000,2,245.000,29,244.000,50,242.000,20,241.000,20,240.000,9,253.000,30,255.000,9,256.000,49,257.000,20,260.000,20,0,33,
131723833000,252.000,2,245.000,29,244.000,29,242.000,20,241.000,20,240.000,9,253.000,9,255.000,9,256.000,49,257.000,20,260.000,20,0,33,
131723833000,252.000,2,245.000,50,244.000,29,242.000,20,241.000,20,240.000,9,253.000,30,255.000,9,256.000,49,257.000,20,260.000,20,0,33,
131723833000,252.000,2,245.000,50,244.000,29,242.000,20,241.000,20,240.000,9,253.000,30,255.000,9,256.000,58,257.000,20,260.000,20,0,33,
131723834000,252.000,2,245.000,50,244.000,29,242.000,20,241.000,20,240.000,9,253.000,21,255.000,9,256.000,58,257.000,20,260.000,20,0,33,
131723834000,252.000,2,245.000,50,244.000,29,242.000,20,241.000,20,240.000,9,253.000,30,255.000,9,256.000,58,257.000,20,260.000,20,0,33,
131724007000,252.000,2,245.000,50,244.000,29,242.000,20,241.000,20,240.000,9,253.000,30,255.000,9,256.000,49,257.000,20,260.000,20,0,33,
131724136000,252.000,2,245.000,50,244.000,9,242.000,20,241.000,20,240.000,9,253.000,30,255.000,9,256.000,29,257.000,20,260.000,20,0,33,
131724136000,252.000,2,245.000,50,244.000,9,243.000,20,242.000,20,241.000,20,253.000,30,255.000,29,256.000,29,257.000,20,260.000,20,0,33,
131725237000,252.000,2,245.000,50,244.000,9,242.000,20,241.000,20,240.000,9,253.000,30,255.000,9,256.000,29,257.000,20,260.000,20,0,33,
131725237000,252.000,2,245.000,50,244.000,29,242.000,20,241.000,20,240.000,9,253.000,30,255.000,9,256.000,49,257.000,20,260.000,20,0,33,
131725737000,252.000,2,245.000,50,244.000,9,242.000,20,241.000,20,240.000,9,253.000,30,255.000,9,256.000,29,257.000,20,260.000,20,0,33,
131725737000,252.000,2,245.000,50,244.000,9,243.000,20,242.000,20,241.000,20,253.000,30,255.000,29,256.000,29,257.000,20,260.000,20,0,33,
131725982000,252.000,2,245.000,50,244.000,9,242.000,20,241.000,20,240.000,9,253.000,30,255.000,9,256.000,29,257.000,20,260.000,20,0,33,
131726351000,252.000,2,245.000,50,244.000,9,243.000,20,242.000,20,241.000,20,253.000,30,255.000,29,256.000,29,257.000,20,260.000,20,0,33,
131726900000,252.000,2,245.000,50,244.000,9,243.000,20,241.000,20,240.000,9,253.000,30,255.000,29,256.000,29,260.000,20,310.000,1,0,33,
131726950000,252.000,2,245.000,50,244.000,9,243.000,20,242.000,20,241.000,20,253.000,30,255.000,29,256.000,29,257.000,20,260.000,20,0,33,
131728371000,252.000,2,245.000,30,244.000,9,243.000,20,242.000,20,241.000,20,253.000,30,255.000,29,256.000,29,257.000,20,310.000,1,0,33,
131728371000,252.000,2,245.000,30,244.000,29,243.000,20,242.000,20,241.000,20,253.000,30,255.000,29,256.000,29,257.000,20,259.000,20,0,33,
131732430000,252.000,2,245.000,30,244.000,29,242.000,20,241.000,20,240.000,9,253.000,30,255.000,9,256.000,29,257.000,20,259.000,20,0,33,
131732430000,252.000,2,245.000,30,244.000,29,242.000,40,241.000,20,240.000,9,253.000,30,254.000,20,255.000,9,256.000,29,257.000,20,0,33,
131732549000,252.000,2,245.000,9,244.000,29,242.000,40,241.000,20,240.000,9,253.000,9,254.000,20,255.000,9,256.000,29,257.000,20,0,33,
131732549000,252.000,2,245.000,9,244.000,29,243.000,21,242.000,40,241.000,20,253.000,30,254.000,20,255.000,9,256.000,29,257.000,20,0,33,
131732550000,252.000,2,245.000,9,244.000,29,243.000,21,242.000,40,241.000,20,253.000,30,254.000,29,255.000,9,256.000,29,257.000,20,0,33,
131732550000,252.000,2,244.000,29,243.000,21,242.000,40,241.000,20,240.000,9,253.000,30,254.000,29,255.000,9,256.000,29,257.000,20,0,33,
131732550000,252.000,2,244.000,29,243.000,21,242.000,40,241.000,20,240.000,9,253.000,21,254.000,29,255.000,9,256.000,29,257.000,20,0,33,
131732551000,252.000,2,244.000,29,243.000,21,242.000,40,241.000,20,240.000,9,253.000,30,254.000,29,255.000,9,256.000,29,257.000,20,0,33,
131732562000,252.000,2,244.000,29,243.000,21,242.000,20,241.000,20,240.000,9,253.000,30,254.000,29,255.000,9,256.000,29,259.000,20,0,33,
131732620000,252.000,2,244.000,9,243.000,21,242.000,20,241.000,20,240.000,9,253.000,30,254.000,29,255.000,9,256.000,29,310.000,1,0,33,
131732620000,252.000,2,244.000,9,243.000,41,242.000,20,241.000,20,240.000,9,253.000,30,254.000,29,255.000,9,256.000,29,258.000,20,0,33,
131732620000,252.000,2,244.000,9,243.000,50,242.000,20,241.000,20,240.000,9,253.000,30,254.000,29,255.000,9,256.000,29,258.000,20,0,33,
131732620000,252.000,2,243.000,50,242.000,20,241.000,20,240.000,9,86.000,1,253.000,30,254.000,29,255.000,9,256.000,29,258.000,20,0,33,
131733007000,252.000,2,243.000,50,242.000,20,241.000,20,240.000,9,86.000,1,253.000,30,254.000,29,256.000,29,258.000,20,310.000,1,0,33,
131734330000,252.000,2,243.000,50,242.000,20,241.000,40,240.000,9,86.000,1,253.000,30,254.000,29,256.000,49,258.000,20,310.000,1,0,33,
131734995000,252.000,2,243.000,50,241.000,40,240.000,9,86.000,1,84.000,3,253.000,30,254.000,9,256.000,49,258.000,20,310.000,1,0,33,
131734995000,252.000,2,243.000,70,241.000,40,240.000,9,86.000,1,84.000,3,253.000,30,254.000,9,255.000,20,256.000,49,258.000,20,0,33,
131736119000,252.000,2,243.000,50,241.000,40,240.000,9,86.000,1,84.000,3,253.000,30,254.000,9,255.000,20,256.000,49,310.000,1,0,33,
131736119000,252.000,2,244.000,20,243.000,50,241.000,40,240.000,9,86.000,1,253.000,30,254.000,9,255.000,20,256.000,49,259.000,20,0,33,
131736185000,252.000,2,244.000,20,243.000,29,241.000,40,240.000,9,86.000,1,253.000,9,254.000,9,255.000,20,256.000,49,259.000,20,0,33,
131736186000,252.000,2,244.000,41,243.000,29,241.000,40,240.000,9,86.000,1,253.000,30,254.000,9,255.000,20,256.000,49,259.000,20,0,33,
131736186000,252.000,2,244.000,41,243.000,29,241.000,40,240.000,9,86.000,1,253.000,21,254.000,9,255.000,20,256.000,49,259.000,20,0,33,
131736607000,252.000,2,244.000,50,243.000,29,241.000,40,240.000,9,86.000,1,253.000,21,254.000,9,255.000,20,256.000,49,259.000,20,0,33,
131736607000,252.000,2,244.000,50,243.000,29,241.000,40,240.000,9,86.000,1,253.000,30,254.000,9,255.000,20,256.000,49,259.000,20,0,33,
131737960000,252.000,2,244.000,50,243.000,9,241.000,40,240.000,9,86.000,1,253.000,30,254.000,9,256.000,49,259.000,20,310.000,1,0,33,
131737960000,252.000,2,244.000,50,243.000,9,242.000,20,241.000,40,240.000,9,253.000,30,254.000,29,256.000,49,259.000,20,310.000,1,0,33,
131738139000,252.000,2,244.000,29,243.000,9,242.000,20,241.000,40,240.000,9,253.000,9,254.000,29,256.000,49,259.000,20,310.000,1,0,33,
131738139000,252.000,2,244.000,29,243.000,30,242.000,20,241.000,40,240.000,9,253.000,30,254.000,29,256.000,49,259.000,20,310.000,1,0,33,
131738139000,252.000,2,244.000,29,243.000,30,242.000,20,241.000,40,240.000,9,253.000,21,254.000,29,256.000,49,259.000,20,310.000,1,0,33,
131738139000,252.000,2,244.000,29,243.000,30,242.000,20,241.000,40,240.000,9,253.000,30,254.000,29,256.000,49,259.000,20,310.000,1,0,33,
131739522000,252.000,2,244.000,29,243.000,30,241.000,40,240.000,9,86.000,1,253.000,30,254.000,9,256.000,49,259.000,20,310.000,1,0,33,
131739522000,252.000,2,244.000,29,243.000,50,241.000,40,240.000,9,86.000,1,253.000,30,254.000,9,255.000,20,256.000,49,259.000,20,0,33,
131740146000,252.000,2,244.000,29,243.000,30,241.000,40,240.000,9,86.000,1,253.000,30,254.000,9,256.000,49,259.000,20,310.000,1,0,33,
131740146000,252.000,2,244.000,29,243.000,30,242.000,20,241.000,40,240.000,9,253.000,30,254.000,29,256.000,49,259.000,20,310.000,1,0,33,
131742493000,252.000,2,244.000,9,243.000,30,242.000,20,241.000,40,240.000,9,253.000,30,254.000,29,256.000,49,310.000,1,320.000,1,0,33,
131742493000,252.000,2,244.000,9,243.000,50,242.000,20,241.000,40,240.000,9,253.000,30,254.000,29,256.000,49,258.000,20,310.000,1,0,33,
131742493000,252.000,2,243.000,50,242.000,20,241.000,40,240.000,9,86.000,1,253.000,30,254.000,29,256.000,49,258.000,20,310.000,1,0,33,
131743389000,252.000,2,243.000,50,241.000,40,240.000,9,86.000,1,84.000,3,253.000,30,254.000,9,256.000,49,258.000,20,310.000,1,0,33,
131743389000,252.000,2,243.000,70,241.000,40,240.000,9,86.000,1,84.000,3,253.000,30,254.000,9,255.000,20,256.000,49,258.000,20,0,33,
131745868000,252.000,2,243.000,50,241.000,40,240.000,9,86.000,1,84.000,3,253.000,30,254.000,9,255.000,20,256.000,49,310.000,1,0,33,
131745868000,252.000,2,244.000,20,243.000,50,241.000,40,240.000,9,86.000,1,253.000,30,254.000,9,255.000,20,256.000,49,259.000,20,0,33,
131746056000,252.000,2,244.000,29,243.000,50,241.000,40,240.000,9,86.000,1,253.000,30,254.000,9,255.000,20,256.000,49,259.000,20,0,33,
131752847000,252.000,2,244.000,29,243.000,29,241.000,40,240.000,9,86.000,1,253.000,9,254.000,9,255.000,20,256.000,49,259.000,20,0,33,
131752847000,252.000,2,244.000,50,243.000,29,241.000,40,240.000,9,86.000,1,253.000,30,254.000,9,255.000,20,256.000,49,259.000,20,0,33,
131752847000,252.000,2,244.000,50,243.000,29,241.000,40,240.000,9,86.000,1,253.000,21,254.000,9,255.000,20,256.000,49,259.000,20,0,33,
131752994000,252.000,2,244.000,30,243.000,29,241.000,40,240.000,9,86.000,1,253.000,21,254.000,9,255.000,20,256.000,49,310.000,1,0,33,
131752994000,252.000,2,245.000,20,244.000,30,243.000,29,241.000,40,240.000,9,253.000,21,254.000,9,255.000,20,256.000,49,260.000,20,0,33,
131753214000,252.000,2,245.000,29,244.000,30,243.000,29,241.000,40,240.000,9,253.000,21,254.000,9,255.000,20,256.000,49,260.000,20,0,33,
131753214000,252.000,2,245.000,29,244.000,30,243.000,29,241.000,40,240.000,9,253.000,30,254.000,9,255.000,20,256.000,49,260.000,20,0,33,
131753236000,252.000,2,245.000,29,244.000,30,243.000,9,241.000,40,240.000,9,253.000,30,254.000,9,256.000,49,260.000,20,310.000,1,0,33,
131753236000,252.000,2,245.000,29,244.000,50,243.000,9,241.000,40,240.000,9,253.000,30,254.000,9,256.000,69,260.000,20,310.000,1,0,33,
131753356000,252.000,2,245.000,29,244.000,50,243.000,9,241.000,20,240.000,9,253.000,30,254.000,9,256.000,49,260.000,20,310.000,1,0,33,
131753507000,252.000,2,245.000,29,244.000,50,241.000,20,240.000,9,86.000,1,253.000,30,254.000,9,256.000,49,260.000,20,310.000,1,0,33,
131753767000,252.000,2,245.000,29,244.000,50,242.000,20,241.000,20,240.000,9,253.000,30,254.000,9,256.000,49,257.000,20,260.000,20,0,33,
131755036000,252.000,2,245.000,29,244.000,30,242.000,20,241.000,20,240.000,9,253.000,30,254.000,9,256.000,29,257.000,20,260.000,20,0,33,
131755036000,252.000,2,245.000,29,244.000,50,242.000,20,241.000,20,240.000,9,253.000,30,254.000,9,256.000,29,257.000,40,260.000,20,0,33,
131755511000,252.000,2,245.000,29,244.000,30,242.000,20,241.000,20,240.000,9,253.000,30,254.000,9,256.000,29,257.000,20,260.000,20,0,33,
131755635000,252.000,2,245.000,29,244.000,30,243.000,20,242.000,20,241.000,20,253.000,30,254.000,9,256.000,49,257.000,20,260.000,20,0,33,
131755759000,252.000,2,245.000,29,244.000,30,242.000,20,241.000,20,240.000,9,253.000,30,254.000,9,256.000,29,257.000,20,260.000,20,0,33,
131756134000,252.000,2,245.000,29,244.000,30,243.000,20,242.000,20,241.000,20,253.000,30,254.000,9,256.000,29,257.000,40,260.000,20,0,33,
131756497000,252.000,2,245.000,29,244.000,30,242.000,20,241.000,20,240.000,9,253.000,30,254.000,9,256.000,29,257.000,20,260.000,20,0,33,
131756740000,252.000,2,245.000,29,244.000,50,242.000,20,241.000,20,240.000,9,253.000,30,254.000,9,256.000,29,257.000,40,260.000,20,0,33,
131757284000,252.000,2,245.000,29,244.000,30,242.000,20,241.000,20,240.000,9,253.000,30,254.000,9,256.000,29,257.000,20,260.000,20,0,33,
131757284000,252.000,2,245.000,29,244.000,50,242.000,20,241.000,20,240.000,9,253.000,30,254.000,9,256.000,49,257.000,20,260.000,20,0,33,
131757660000,252.000,2,245.000,29,244.000,30,242.000,20,241.000,20,240.000,9,253.000,30,254.000,9,256.000,29,257.000,20,260.000,20,0,33,
131757784000,252.000,2,245.000,29,244.000,30,243.000,20,242.000,20,241.000,20,253.000,30,254.000,9,256.000,49,257.000,20,260.000,20,0,33,
131800281000,252.000,2,245.000,29,244.000,30,242.000,20,241.000,20,240.000,9,253.000,30,254.000,9,256.000,29,257.000,20,260.000,20,0,33,
131800281000,252.000,2,245.000,29,244.000,50,242.000,20,241.000,20,240.000,9,253.000,30,254.000,9,256.000,49,257.000,20,260.000,20,0,33,
131800495000,252.000,2,245.000,29,244.000,30,242.000,20,241.000,20,240.000,9,253.000,30,254.000,9,256.000,29,257.000,20,260.000,20,0,33,
131800500000,252.000,2,245.000,29,244.000,9,242.000,20,241.000,20,240.000,9,253.000,9,254.000,9,256.000,29,257.000,20,260.000,20,0,33,
131800500000,252.000,2,246.000,21,245.000,29,244.000,9,242.000,20,241.000,20,253.000,30,254.000,9,256.000,29,257.000,20,260.000,20,0,33,
131800502000,252.000,2,246.000,21,245.000,9,244.000,9,242.000,20,241.000,20,253.000,30,254.000,9,256.000,29,257.000,20,310.000,1,0,33,
131800502000,252.000,2,246.000,41,245.000,9,244.000,9,242.000,20,241.000,20,253.000,30,254.000,9,256.000,29,257.000,20,261.000,20,0,33,
131800502000,252.000,2,246.000,41,245.000,9,244.000,9,242.000,20,241.000,20,253.000,21,254.000,9,256.000,29,257.000,20,261.000,20,0,33,
131800502000,252.000,2,246.000,50,245.000,9,244.000,9,242.000,20,241.000,20,253.000,21,254.000,9,256.000,29,257.000,20,261.000,20,0,33,
131800502000,252.000,2,246.000,50,245.000,9,244.000,9,242.000,20,241.000,20,253.000,21,254.000,9,256.000,38,257.000,20,261.000,20,0,33,
131800502000,252.000,2,246.000,50,245.000,9,244.000,9,242.000,20,241.000,20,253.000,30,254.000,9,256.000,38,257.000,20,261.000,20,0,33,
131800507000,252.000,2,246.000,50,245.000,9,242.000,20,241.000,20,240.000,9,253.000,30,254.000,9,256.000,38,257.000,20,261.000,20,0,33,
131800507000,252.000,2,246.000,50,245.000,9,242.000,20,241.000,20,240.000,9,253.000,30,254.000,9,256.000,29,257.000,20,261.000,20,0,33,
131800780000,252.000,2,246.000,50,245.000,9,243.000,20,242.000,20,241.000,20,253.000,30,254.000,9,256.000,29,257.000,20,258.000,20,0,33,
131800904000,252.000,2,246.000,50,245.000,9,242.000,20,241.000,20,240.000,9,253.000,30,254.000,9,256.000,29,257.000,20,261.000,20,0,33,
131801279000,252.000,2,246.000,50,245.000,9,244.000,20,242.000,20,241.000,20,253.000,30,254.000,9,256.000,29,257.000,40,261.000,20,0,33,
131801647000,252.000,2,246.000,50,245.000,9,242.000,20,241.000,20,240.000,9,253.000,30,254.000,9,256.000,29,257.000,20,261.000,20,0,33,
131801888000,252.000,2,246.000,50,245.000,9,244.000,20,242.000,20,241.000,20,253.000,30,254.000,9,256.000,49,257.000,20,261.000,20,0,33,
131802618000,252.000,2,246.000,30,245.000,9,244.000,20,242.000,20,241.000,20,253.000,30,254.000,9,256.000,49,257.000,20,310.000,1,0,33,
131802618000,252.000,2,246.000,30,245.000,29,244.000,20,242.000,20,241.000,20,253.000,30,254.000,9,256.000,49,257.000,20,260.000,20,0,33,
131802637000,252.000,2,246.000,30,245.000,29,242.000,20,241.000,20,240.000,9,253.000,30,254.000,9,256.000,29,257.000,20,260.000,20,0,33,
131802637000,252.000,2,246.000,30,245.000,29,243.000,20,242.000,20,241.000,20,253.000,30,254.000,9,256.000,49,257.000,20,260.000,20,0,33,
131803197000,252.000,2,246.000,9,245.000,29,243.000,20,242.000,20,241.000,20,253.000,9,254.000,9,256.000,49,257.000,20,260.000,20,0,33,
131803197000,252.000,2,246.000,9,245.000,50,243.000,20,242.000,20,241.000,20,253.000,30,254.000,9,256.000,49,257.000,20,260.000,20,0,33,
131803197000,252.000,2,246.000,9,245.000,50,243.000,20,242.000,20,241.000,20,253.000,30,254.000,9,256.000,58,257.000,20,260.000,20,0,33,
131803197000,252.000,2,245.000,50,243.000,20,242.000,20,241.000,20,240.000,9,253.000,30,254.000,9,256.000,58,257.000,20,260.000,20,0,33,
131803197000,252.000,2,245.000,50,243.000,20,242.000,20,241.000,20,240.000,9,253.000,21,254.000,9,256.000,58,257.000,20,260.000,20,0,33,
131803198000,252.000,2,245.000,50,243.000,20,242.000,20,241.000,20,240.000,9,253.000,30,254.000,9,256.000,58,257.000,20,260.000,20,0,33,
131803386000,252.000,2,245.000,50,242.000,20,241.000,20,240.000,9,86.000,1,253.000,30,254.000,9,256.000,38,257.000,20,260.000,20,0,33,
131803386000,252.000,2,245.000,50,243.000,20,242.000,20,241.000,20,240.000,9,253.000,30,254.000,9,255.000,20,256.000,38,257.000,20,0,33,
131803507000,252.000,2,245.000,50,243.000,20,242.000,20,241.000,20,240.000,9,253.000,30,254.000,9,255.000,20,256.000,29,257.000,20,0,33,
131803511000,252.000,2,245.000,50,242.000,20,241.000,20,240.000,9,86.000,1,253.000,30,254.000,9,256.000,29,257.000,20,260.000,20,0,33,
131803885000,252.000,2,245.000,50,243.000,20,242.000,20,241.000,20,240.000,9,253.000,30,254.000,9,256.000,49,257.000,20,260.000,20,0,33,
131804137000,252.000,2,245.000,50,242.000,20,241.000,20,240.000,9,86.000,1,253.000,30,254.000,9,256.000,29,257.000,20,260.000,20,0,33,
131804386000,252.000,2,245.000,50,243.000,20,242.000,20,241.000,20,240.000,9,253.000,30,254.000,9,256.000,49,257.000,20,260.000,20,0,33,
131804636000,252.000,2,245.000,50,242.000,20,241.000,20,240.000,9,86.000,1,253.000,30,254.000,9,256.000,29,257.000,20,260.000,20,0,33,
131805008000,252.000,2,245.000,50,244.000,20,242.000,20,241.000,20,240.000,9,253.000,30,254.000,9,256.000,49,257.000,20,260.000,20,0,33,
131808608000,252.000,2,245.000,50,242.000,20,241.000,20,240.000,9,86.000,1,253.000,30,254.000,9,256.000,29,257.000,20,260.000,20,0,33,
131808608000,252.000,2,245.000,50,243.000,20,242.000,20,241.000,20,240.000,9,253.000,30,254.000,9,255.000,20,256.000,29,257.000,20,0,33,
131808614000,252.000,2,245.000,29,243.000,20,242.000,20,241.000,20,240.000,9,253.000,9,254.000,9,255.000,20,256.000,29,257.000,20,0,33,
131808614000,252.000,2,245.000,29,244.000,21,243.000,20,242.000,20,241.000,20,253.000,30,254.000,9,255.000,20,256.000,29,257.000,20,0,33,
131808614000,252.000,2,245.000,29,244.000,21,243.000,20,242.000,20,241.000,20,253.000,30,254.000,9,255.000,29,256.000,29,257.000,20,0,33,
131808614000,252.000,2,245.000,29,244.000,21,243.000,20,242.000,20,241.000,20,253.000,21,254.000,9,255.000,29,256.000,29,257.000,20,0,33,
131808615000,252.000,2,245.000,29,244.000,21,243.000,20,242.000,20,241.000,20,253.000,30,254.000,9,255.000,29,256.000,29,257.000,20,0,33,
131808620000,252.000,2,245.000,9,244.000,21,243.000,20,242.000,20,241.000,20,253.000,30,254.000,9,255.000,29,256.000,29,257.000,20,0,33,
131808620000,252.000,2,245.000,9,244.000,41,243.000,20,242.000,20,241.000,20,253.000,30,254.000,9,255.000,29,256.000,29,257.000,20,0,33,
131808621000,252.000,2,244.000,41,243.000,20,242.000,20,241.000,20,240.000,9,253.000,30,254.000,9,255.000,29,256.000,29,257.000,20,0,33,
131808621000,252.000,2,244.000,50,243.000,20,242.000,20,241.000,20,240.000,9,253.000,30,254.000,9,255.000,29,256.000,29,257.000,20,0,33,
131809007000,252.000,2,244.000,50,243.000,20,242.000,20,241.000,20,240.000,9,253.000,30,254.000,9,255.000,20,256.000,29,257.000,20,0,33,
131811244000,252.000,2,244.000,50,243.000,20,241.000,20,240.000,9,86.000,1,253.000,30,254.000,9,255.000,20,256.000,29,259.000,20,0,33,
131811620000,252.000,2,244.000,50,243.000,20,241.000,40,240.000,9,86.000,1,253.000,30,254.000,9,255.000,20,256.000,49,259.000,20,0,33,
131815741000,252.000,2,244.000,50,241.000,40,240.000,9,86.000,1,84.000,3,253.000,30,254.000,9,256.000,49,259.000,20,310.000,1,0,33,
131815741000,252.000,2,244.000,70,241.000,40,240.000,9,86.000,1,84.000,3,253.000,30,254.000,9,256.000,69,259.000,20,310.000,1,0,33,
131815743000,252.000,2,244.000,50,241.000,40,240.000,9,86.000,1,84.000,3,253.000,30,254.000,9,256.000,69,310.000,1,320.000,1,0,33,
131815743000,252.000,2,245.000,20,244.000,50,241.000,40,240.000,9,86.000,1,253.000,30,254.000,9,256.000,69,260.000,20,310.000,1,0,33,
131816492000,252.000,2,245.000,20,244.000,30,241.000,40,240.000,9,86.000,1,253.000,30,254.000,9,256.000,49,260.000,20,310.000,1,0,33,
131816492000,252.000,2,245.000,20,244.000,30,243.000,20,241.000,40,240.000,9,253.000,30,254.000,9,255.000,20,256.000,49,260.000,20,0,33,
131816656000,252.000,2,245.000,29,244.000,30,243.000,20,241.000,40,240.000,9,253.000,30,254.000,9,255.000,20,256.000,49,260.000,20,0,33,
131817108000,252.000,2,245.000,29,244.000,30,241.000,40,240.000,9,86.000,1,253.000,30,254.000,9,256.000,49,260.000,20,310.000,1,0,33,
131817108000,252.000,2,245.000,29,244.000,50,241.000,40,240.000,9,86.000,1,253.000,30,254.000,9,256.000,69,260.000,20,310.000,1,0,33,
131823378000,252.000,2,245.000,29,244.000,30,241.000,40,240.000,9,86.000,1,253.000,30,254.000,9,256.000,49,260.000,20,310.000,1,0,33,
131823378000,252.000,2,245.000,29,244.000,30,243.000,20,241.000,40,240.000,9,253.000,30,254.000,9,255.000,20,256.000,49,260.000,20,0,33,
131825245000,252.000,2,245.000,29,244.000,30,241.000,40,240.000,9,86.000,1,253.000,30,254.000,9,256.000,49,260.000,20,310.000,1,0,33,
131825245000,252.000,2,245.000,29,244.000,50,241.000,40,240.000,9,86.000,1,253.000,30,254.000,9,256.000,69,260.000,20,310.000,1,0,33,
131825617000,252.000,2,245.000,29,244.000,30,241.000,40,240.000,9,86.000,1,253.000,30,254.000,9,256.000,49,260.000,20,310.000,1,0,33,
131825867000,252.000,2,245.000,29,244.000,50,241.000,40,240.000,9,86.000,1,253.000,30,254.000,9,256.000,69,260.000,20,310.000,1,0,33,
131827969000,252.000,2,245.000,29,244.000,30,241.000,40,240.000,9,86.000,1,253.000,30,254.000,9,256.000,49,260.000,20,310.000,1,0,33,
131827969000,252.000,2,245.000,29,244.000,30,243.000,20,241.000,40,240.000,9,253.000,30,254.000,9,256.000,69,260.000,20,310.000,1,0,33,
131828095000,252.000,2,245.000,29,244.000,30,241.000,40,240.000,9,86.000,1,253.000,30,254.000,9,256.000,49,260.000,20,310.000,1,0,33,
131828580000,252.000,2,245.000,29,244.000,30,243.000,20,241.000,40,240.000,9,253.000,30,254.000,9,255.000,20,256.000,49,260.000,20,0,33,
131831700000,252.000,2,245.000,29,244.000,30,243.000,20,241.000,20,240.000,9,253.000,30,254.000,9,255.000,20,256.000,29,260.000,20,0,33,
131832359000,252.000,2,245.000,29,244.000,30,243.000,20,241.000,40,240.000,9,253.000,30,254.000,9,255.000,20,256.000,49,260.000,20,0,33,
131833950000,252.000,2,245.000,29,244.000,30,241.000,40,240.000,9,86.000,1,253.000,30,254.000,9,256.000,49,260.000,20,310.000,1,0,33,
131833950000,252.000,2,245.000,29,244.000,50,241.000,40,240.000,9,86.000,1,253.000,30,254.000,9,256.000,69,260.000,20,310.000,1,0,33,
131834950000,252.000,2,245.000,29,244.000,30,241.000,40,240.000,9,86.000,1,253.000,30,254.000,9,256.000,49,260.000,20,310.000,1,0,33,
131834950000,252.000,2,245.000,29,244.000,30,243.000,20,241.000,40,240.000,9,253.000,30,254.000,9,255.000,20,256.000,49,260.000,20,0,33,
131838371000,252.000,2,245.000,9,244.000,30,243.000,20,241.000,40,240.000,9,253.000,30,254.000,9,255.000,20,256.000,49,310.000,1,0,33,
131838371000,252.000,2,245.000,9,244.000,50,243.000,20,241.000,40,240.000,9,253.000,30,254.000,9,255.000,20,256.000,49,259.000,20,0,33,
131838371000,252.000,2,244.000,50,243.000,20,241.000,40,240.000,9,86.000,1,253.000,30,254.000,9,255.000,20,256.000,49,259.000,20,0,33,
131839001000,252.000,2,244.000,50,241.000,40,240.000,9,86.000,1,84.000,3,253.000,30,254.000,9,256.000,49,259.000,20,310.000,1,0,33,
131839001000,252.000,2,244.000,50,242.000,20,241.000,40,240.000,9,86.000,1,253.000,30,254.000,29,256.000,49,259.000,20,310.000,1,0,33,
131839213000,252.000,2,244.000,29,242.000,20,241.000,40,240.000,9,86.000,1,253.000,9,254.000,29,256.000,49,259.000,20,310.000,1,0,33,
131839213000,252.000,2,244.000,29,243.000,21,242.000,20,241.000,40,240.000,9,253.000,30,254.000,29,256.000,49,259.000,20,310.000,1,0,33,
131839213000,252.000,2,244.000,29,243.000,21,242.000,20,241.000,40,240.000,9,253.000,21,254.000,29,256.000,49,259.000,20,310.000,1,0,33,
131839213000,252.000,2,244.000,29,243.000,21,242.000,20,241.000,40,240.000,9,253.000,30,254.000,29,256.000,49,259.000,20,310.000,1,0,33,
131841063000,252.000,2,244.000,29,243.000,21,241.000,40,240.000,9,86.000,1,253.000,30,254.000,9,256.000,49,259.000,20,310.000,1,0,33,
131841063000,252.000,2,244.000,29,243.000,41,241.000,40,240.000,9,86.000,1,253.000,30,254.000,9,255.000,20,256.000,49,259.000,20,0,33,
131841743000,252.000,2,244.000,9,243.000,41,241.000,40,240.000,9,86.000,1,253.000,30,254.000,9,255.000,20,256.000,49,310.000,1,0,33,
131841743000,252.000,2,245.000,20,244.000,9,243.000,41,241.000,40,240.000,9,253.000,30,254.000,9,255.000,20,256.000,49,260.000,20,0,33,
131841744000,252.000,2,245.000,20,244.000,9,243.000,50,241.000,40,240.000,9,253.000,30,254.000,9,255.000,20,256.000,49,260.000,20,0,33,
131841744000,252.000,2,245.000,20,243.000,50,241.000,40,240.000,9,86.000,1,253.000,30,254.000,9,255.000,20,256.000,49,260.000,20,0,33,
131841744000,252.000,2,245.000,29,243.000,50,241.000,40,240.000,9,86.000,1,253.000,30,254.000,9,255.000,20,256.000,49,260.000,20,0,33,
131841862000,252.000,2,245.000,29,243.000,29,241.000,40,240.000,9,86.000,1,253.000,9,254.000,9,255.000,20,256.000,49,260.000,20,0,33,
131841862000,252.000,2,245.000,29,244.000,21,243.000,29,241.000,40,240.000,9,253.000,30,254.000,9,255.000,20,256.000,49,260.000,20,0,33,
131841862000,252.000,2,245.000,29,244.000,21,243.000,29,241.000,40,240.000,9,253.000,30,254.000,9,255.000,29,256.000,49,260.000,20,0,33,
131841862000,252.000,2,245.000,29,244.000,21,243.000,29,241.000,40,240.000,9,253.000,21,254.000,9,255.000,29,256.000,49,260.000,20,0,33,
131841862000,252.000,2,245.000,29,244.000,21,243.000,29,241.000,40,240.000,9,253.000,30,254.000,9,255.000,29,256.000,49,260.000,20,0,33,
131842008000,252.000,2,245.000,29,244.000,21,243.000,29,241.000,40,240.000,9,253.000,30,254.000,9,255.000,20,256.000,49,260.000,20,0,33,
131844755000,252.000,2,245.000,29,244.000,21,243.000,9,241.000,40,240.000,9,253.000,30,254.000,9,256.000,49,260.000,20,310.000,1,0,33,
131844755000,252.000,2,245.000,29,244.000,41,243.000,9,241.000,40,240.000,9,253.000,30,254.000,9,256.000,69,260.000,20,310.000,1,0,33,
131847243000,252.000,2,245.000,29,244.000,21,243.000,9,241.000,40,240.000,9,253.000,30,254.000,9,256.000,49,260.000,20,310.000,1,0,33,
131847243000,252.000,2,245.000,29,244.000,21,243.000,29,241.000,40,240.000,9,253.000,30,254.000,9,255.000,20,256.000,49,260.000,20,0,33,
131849267000,252.000,2,245.000,29,244.000,21,243.000,9,241.000,40,240.000,9,253.000,30,254.000,9,256.000,49,260.000,20,310.000,1,0,33,
131849267000,252.000,2,245.000,29,244.000,41,243.000,9,241.000,40,240.000,9,253.000,30,254.000,9,256.000,69,260.000,20,310.000,1,0,33,
131850009000,252.000,2,245.000,29,244.000,21,243.000,9,241.000,40,240.000,9,253.000,30,254.000,9,256.000,49,260.000,20,310.000,1,0,33,
131850009000,252.000,2,245.000,29,244.000,21,243.000,29,241.000,40,240.000,9,253.000,30,254.000,9,255.000,20,256.000,49,260.000,20,0,33,
131852400000,252.000,2,245.000,29,244.000,21,243.000,29,241.000,20,240.000,9,253.000,30,254.000,9,255.000,20,256.000,29,260.000,20,0,33,
131852418000,252.000,2,245.000,29,244.000,21,243.000,29,241.000,40,240.000,9,253.000,30,254.000,9,255.000,20,256.000,49,260.000,20,0,33,
131900101000,252.000,2,245.000,29,244.000,21,243.000,9,241.000,40,240.000,9,253.000,30,254.000,9,256.000,49,260.000,20,310.000,1,0,33,
131900101000,252.000,2,245.000,29,244.000,41,243.000,9,241.000,40,240.000,9,253.000,30,254.000,9,256.000,69,260.000,20,310.000,1,0,33,
131900493000,252.000,2,245.000,9,244.000,41,243.000,9,241.000,40,240.000,9,253.000,30,254.000,9,256.000,69,310.000,1,320.000,1,0,33,
131900493000,252.000,2,246.000,20,245.000,9,244.000,41,243.000,9,241.000,40,253.000,30,254.000,9,256.000,69,261.000,20,310.000,1,0,33,
131900493000,252.000,2,246.000,20,244.000,41,243.000,9,241.000,40,240.000,9,253.000,30,254.000,9,256.000,69,261.000,20,310.000,1,0,33,
131900493000,252.000,2,246.000,20,244.000,50,243.000,9,241.000,40,240.000,9,253.000,30,254.000,9,256.000,69,261.000,20,310.000,1,0,33,
131900493000,252.000,2,246.000,29,244.000,50,243.000,9,241.000,40,240.000,9,253.000,30,254.000,9,256.000,69,261.000,20,310.000,1,0,33,
131900507000,252.000,2,246.000,29,244.000,50,241.000,40,240.000,9,86.000,1,253.000,30,254.000,9,256.000,69,261.000,20,310.000,1,0,33,
131907366000,252.000,2,246.000,29,244.000,29,241.000,40,240.000,9,86.000,1,253.000,9,254.000,9,256.000,69,261.000,20,310.000,1,0,33,
131907366000,252.000,2,246.000,29,245.000,21,244.000,29,241.000,40,240.000,9,253.000,30,254.000,9,256.000,69,261.000,20,310.000,1,0,33,
131907369000,252.000,2,246.000,29,245.000,21,244.000,29,241.000,40,240.000,9,253.000,30,254.000,9,256.000,78,261.000,20,310.000,1,0,33,
131907369000,252.000,2,246.000,29,245.000,21,244.000,29,241.000,40,240.000,9,253.000,21,254.000,9,256.000,78,261.000,20,310.000,1,0,33,
131907371000,252.000,2,246.000,29,245.000,21,244.000,29,241.000,40,240.000,9,253.000,30,254.000,9,256.000,78,261.000,20,310.000,1,0,33,
131907507000,252.000,2,246.000,29,245.000,21,244.000,29,241.000,40,240.000,9,253.000,30,254.000,9,256.000,69,261.000,20,310.000,1,0,33,
131912500000,252.000,2,246.000,29,245.000,21,244.000,29,241.000,20,240.000,9,253.000,30,254.000,9,256.000,49,261.000,20,310.000,1,0,33,
131913174000,252.000,2,246.000,29,245.000,21,244.000,29,242.000,20,241.000,20,253.000,30,254.000,9,256.000,49,257.000,20,261.000,20,0,33,
131916859000,252.000,2,246.000,29,245.000,21,244.000,29,242.000,29,241.000,20,253.000,30,254.000,9,256.000,49,257.000,20,261.000,20,0,33,
131916873000,252.000,2,246.000,29,245.000,21,244.000,9,242.000,29,241.000,20,253.000,30,254.000,9,256.000,29,257.000,20,261.000,20,0,33,
131916873000,252.000,2,246.000,29,245.000,41,244.000,9,242.000,29,241.000,20,253.000,30,254.000,9,256.000,29,257.000,40,261.000,20,0,33,
131916998000,252.000,2,246.000,29,245.000,41,244.000,9,242.000,29,86.000,1,253.000,30,254.000,9,256.000,9,257.000,40,261.000,20,0,33,
131917007000,252.000,2,246.000,29,245.000,41,244.000,9,243.000,20,242.000,29,253.000,30,254.000,9,256.000,9,257.000,40,258.000,20,0,33,
131917176000,252.000,2,246.000,9,245.000,41,244.000,9,243.000,20,242.000,29,253.000,30,254.000,9,256.000,9,257.000,40,258.000,20,0,33,
131917176000,252.000,2,247.000,20,246.000,9,245.000,41,244.000,9,243.000,20,253.000,30,254.000,9,256.000,9,257.000,40,258.000,20,0,33,
131917177000,252.000,2,247.000,20,246.000,9,245.000,50,244.000,9,243.000,20,253.000,30,254.000,9,256.000,9,257.000,40,258.000,20,0,33,
131917177000,252.000,2,247.000,29,246.000,9,245.000,50,244.000,9,243.000,20,253.000,30,254.000,9,256.000,9,257.000,40,258.000,20,0,33,
131917177000,252.000,2,247.000,29,245.000,50,244.000,9,243.000,20,242.000,29,253.000,30,254.000,9,256.000,9,257.000,40,258.000,20,0,33,
131917189000,252.000,2,247.000,29,245.000,29,244.000,9,243.000,20,242.000,29,253.000,9,254.000,9,256.000,9,257.000,40,258.000,20,0,33,
131917189000,252.000,2,247.000,29,246.000,21,245.000,29,244.000,9,243.000,20,253.000,9,254.000,30,256.000,9,257.000,40,258.000,20,0,33,
131917192000,252.000,2,247.000,29,246.000,21,245.000,29,244.000,9,243.000,20,253.000,9,254.000,30,257.000,40,258.000,20,262.000,20,0,33,
131917192000,252.000,2,247.000,29,246.000,21,245.000,29,244.000,9,243.000,20,253.000,9,254.000,30,256.000,9,257.000,40,258.000,20,0,33,
131917192000,252.000,2,247.000,29,246.000,21,245.000,29,244.000,9,243.000,20,254.000,30,256.000,9,257.000,40,258.000,20,262.000,20,0,33,
131917193000,252.000,2,247.000,29,246.000,21,245.000,29,244.000,9,243.000,20,254.000,30,256.000,9,257.000,40,258.000,29,262.000,20,0,33,
131917237000,252.000,2,247.000,29,246.000,21,245.000,9,244.000,9,243.000,20,254.000,30,256.000,9,257.000,20,258.000,29,262.000,20,0,33,
131917478000,252.000,2,247.000,29,246.000,21,245.000,29,244.000,9,243.000,20,254.000,30,256.000,9,257.000,40,258.000,29,262.000,20,0,33,
131917507000,252.000,2,247.000,29,246.000,21,245.000,29,243.000,20,242.000,29,254.000,30,256.000,9,257.000,40,258.000,29,262.000,20,0,33,
131923092000,252.000,2,247.000,29,246.000,21,245.000,29,243.000,20,242.000,9,254.000,30,256.000,9,257.000,20,258.000,29,262.000,20,0,33,
131923231000,252.000,2,247.000,29,245.000,29,243.000,20,242.000,9,86.000,1,254.000,9,256.000,9,257.000,20,258.000,29,262.000,20,0,33,
131923231000,252.000,2,247.000,50,245.000,29,243.000,20,242.000,9,86.000,1,254.000,30,256.000,9,257.000,20,258.000,29,262.000,20,0,33,
131923232000,252.000,2,247.000,50,245.000,29,243.000,20,242.000,9,86.000,1,254.000,30,256.000,9,257.000,29,258.000,29,262.000,20,0,33,
131923232000,252.000,2,247.000,50,245.000,29,243.000,20,242.000,9,86.000,1,254.000,21,256.000,9,257.000,29,258.000,29,262.000,20,0,33,
131923232000,252.000,2,247.000,50,245.000,29,243.000,20,242.000,9,86.000,1,254.000,30,256.000,9,257.000,29,258.000,29,262.000,20,0,33,
131923299000,252.000,2,247.000,50,245.000,29,243.000,40,242.000,9,86.000,1,254.000,30,256.000,9,257.000,29,258.000,49,262.000,20,0,33,
131923507000,252.000,2,247.000,50,245.000,29,243.000,40,242.000,9,86.000,1,254.000,30,256.000,9,257.000,20,258.000,49,262.000,20,0,33,
131923892000,252.000,2,247.000,29,245.000,29,243.000,40,242.000,9,86.000,1,254.000,9,256.000,9,257.000,20,258.000,49,262.000,20,0,33,
131923892000,252.000,2,247.000,29,246.000,21,245.000,29,243.000,40,242.000,9,254.000,30,256.000,9,257.000,20,258.000,49,262.000,20,0,33,
131923892000,252.000,2,247.000,29,246.000,21,245.000,29,243.000,40,242.000,9,254.000,21,256.000,9,257.000,20,258.000,49,262.000,20,0,33,
131923892000,252.000,2,247.000,29,246.000,21,245.000,29,243.000,40,242.000,9,254.000,21,256.000,9,257.000,29,258.000,49,262.000,20,0,33,
131923892000,252.000,2,247.000,29,246.000,21,245.000,29,243.000,40,242.000,9,254.000,30,256.000,9,257.000,29,258.000,49,262.000,20,0,33,
131924007000,252.000,2,247.000,29,246.000,21,245.000,29,243.000,40,242.000,9,254.000,30,256.000,9,257.000,20,258.000,49,262.000,20,0,33,
131924993000,252.000,2,247.000,9,246.000,21,245.000,29,243.000,40,242.000,9,254.000,30,256.000,9,257.000,20,258.000,49,310.000,1,0,33,
131924993000,252.000,2,247.000,9,246.000,41,245.000,29,243.000,40,242.000,9,254.000,30,256.000,9,257.000,20,258.000,49,261.000,20,0,33,
131924993000,252.000,2,247.000,9,246.000,50,245.000,29,243.000,40,242.000,9,254.000,30,256.000,9,257.000,20,258.000,49,261.000,20,0,33,
131924993000,252.000,2,246.000,50,245.000,29,243.000,40,242.000,9,86.000,1,254.000,30,256.000,9,257.000,20,258.000,49,261.000,20,0,33,
131925000000,252.000,2,246.000,50,245.000,9,243.000,40,242.000,9,86.000,1,254.000,30,256.000,9,258.000,49,261.000,20,310.000,1,0,33,
131925000000,252.000,2,246.000,50,245.000,9,244.000,20,243.000,40,242.000,9,254.000,30,256.000,29,258.000,49,261.000,20,310.000,1,0,33,
131925064000,252.000,2,246.000,50,245.000,9,243.000,40,242.000,9,86.000,1,254.000,30,256.000,9,258.000,49,261.000,20,310.000,1,0,33,
131925499000,252.000,2,246.000,50,245.000,29,243.000,40,242.000,9,86.000,1,254.000,30,256.000,9,257.000,20,258.000,49,261.000,20,0,33,
131926120000,252.000,2,246.000,30,245.000,29,243.000,40,242.000,9,86.000,1,254.000,30,256.000,9,257.000,20,258.000,49,310.000,1,0,33,
131926120000,252.000,2,247.000,20,246.000,30,245.000,29,243.000,40,242.000,9,254.000,30,256.000,9,257.000,20,258.000,49,262.000,20,0,33,
131926121000,252.000,2,247.000,29,246.000,30,245.000,29,243.000,40,242.000,9,254.000,30,256.000,9,257.000,20,258.000,49,262.000,20,0,33,
131926507000,252.000,2,247.000,29,246.000,30,245.000,20,243.000,40,242.000,9,254.000,30,256.000,9,257.000,20,258.000,49,262.000,20,0,33,
131931743000,252.000,2,247.000,9,246.000,30,245.000,20,243.000,40,242.000,9,254.000,30,256.000,9,257.000,20,258.000,49,310.000,1,0,33,
131931743000,252.000,2,247.000,9,246.000,50,245.000,20,243.000,40,242.000,9,254.000,30,256.000,9,257.000,20,258.000,49,261.000,20,0,33,
131931743000,252.000,2,246.000,50,245.000,20,243.000,40,242.000,9,86.000,1,254.000,30,256.000,9,257.000,20,258.000,49,261.000,20,0,33,
131932638000,252.000,2,246.000,50,243.000,40,242.000,9,86.000,1,84.000,3,254.000,30,256.000,9,258.000,49,261.000,20,310.000,1,0,33,
131932638000,252.000,2,246.000,50,244.000,20,243.000,40,242.000,9,86.000,1,254.000,30,256.000,29,258.000,49,261.000,20,310.000,1,0,33,
131934193000,252.000,2,246.000,50,243.000,40,242.000,9,86.000,1,84.000,3,254.000,30,256.000,9,258.000,49,261.000,20,310.000,1,0,33,
131934193000,252.000,2,246.000,50,245.000,20,243.000,40,242.000,9,86.000,1,254.000,30,256.000,9,257.000,20,258.000,49,261.000,20,0,33,
131934744000,252.000,2,246.000,30,245.000,20,243.000,40,242.000,9,86.000,1,254.000,30,256.000,9,257.000,20,258.000,49,310.000,1,0,33,
131934744000,252.000,2,247.000,20,246.000,30,245.000,20,243.000,40,242.000,9,254.000,30,256.000,9,257.000,20,258.000,49,262.000,20,0,33,
131935369000,252.000,2,246.000,30,245.000,20,243.000,40,242.000,9,86.000,1,254.000,30,256.000,9,257.000,20,258.000,49,310.000,1,0,33,
131935369000,252.000,2,246.000,50,245.000,20,243.000,40,242.000,9,86.000,1,254.000,30,256.000,9,257.000,20,258.000,49,261.000,20,0,33,
131942246000,252.000,2,246.000,50,243.000,40,242.000,9,86.000,1,84.000,3,254.000,30,256.000,9,258.000,49,261.000,20,310.000,1,0,33,
131942246000,252.000,2,246.000,50,244.000,20,243.000,40,242.000,9,86.000,1,254.000,30,256.000,29,258.000,49,261.000,20,310.000,1,0,33,
131943300000,252.000,2,246.000,50,244.000,20,243.000,20,242.000,9,86.000,1,254.000,30,256.000,29,258.000,29,261.000,20,310.000,1,0,33,
131944237000,252.000,2,246.000,50,243.000,20,242.000,9,86.000,1,84.000,3,254.000,30,256.000,9,258.000,29,261.000,20,310.000,1,0,33,
131944237000,252.000,2,246.000,50,245.000,20,243.000,20,242.000,9,86.000,1,254.000,30,256.000,9,257.000,20,258.000,29,261.000,20,0,33,
131944303000,252.000,2,246.000,50,245.000,20,243.000,40,242.000,9,86.000,1,254.000,30,256.000,9,257.000,20,258.000,49,261.000,20,0,33,
131944361000,252.000,2,246.000,50,243.000,40,242.000,9,86.000,1,84.000,3,254.000,30,256.000,9,258.000,49,261.000,20,310.000,1,0,33,
131944736000,252.000,2,246.000,50,244.000,20,243.000,40,242.000,9,86.000,1,254.000,30,256.000,29,258.000,49,261.000,20,310.000,1,0,33,
131946119000,252.000,2,246.000,50,243.000,40,242.000,9,86.000,1,84.000,3,254.000,30,256.000,9,258.000,49,261.000,20,310.000,1,0,33,
131946119000,252.000,2,246.000,50,245.000,20,243.000,40,242.000,9,86.000,1,254.000,30,256.000,9,257.000,20,258.000,49,261.000,20,0,33,
131946493000,252.000,2,246.000,30,245.000,20,243.000,40,242.000,9,86.000,1,254.000,30,256.000,9,257.000,20,258.000,49,310.000,1,0,33,
131946493000,252.000,2,247.000,20,246.000,30,245.000,20,243.000,40,242.000,9,254.000,30,256.000,9,257.000,20,258.000,49,262.000,20,0,33,
131946494000,252.000,2,247.000,29,246.000,30,245.000,20,243.000,40,242.000,9,254.000,30,256.000,9,257.000,20,258.000,49,262.000,20,0,33,
131948498000,252.000,2,247.000,29,246.000,30,243.000,40,242.000,9,86.000,1,254.000,30,256.000,9,258.000,49,262.000,20,310.000,1,0,33,
131948498000,252.000,2,247.000,29,246.000,50,243.000,40,242.000,9,86.000,1,254.000,30,256.000,9,258.000,69,262.000,20,310.000,1,0,33,
131948734000,252.000,2,247.000,29,246.000,30,243.000,40,242.000,9,86.000,1,254.000,30,256.000,9,258.000,49,262.000,20,310.000,1,0,33,
131948911000,252.000,2,247.000,29,246.000,9,243.000,40,242.000,9,86.000,1,254.000,9,256.000,9,258.000,49,262.000,20,310.000,1,0,33,
131948911000,252.000,2,247.000,50,246.000,9,243.000,40,242.000,9,86.000,1,254.000,30,256.000,9,258.000,49,262.000,20,310.000,1,0,33,
131949110000,252.000,2,247.000,50,246.000,9,245.000,20,243.000,40,242.000,9,254.000,30,256.000,9,257.000,20,258.000,49,262.000,20,0,33,
131949242000,252.000,2,247.000,29,246.000,9,245.000,20,243.000,40,242.000,9,254.000,9,256.000,9,257.000,20,258.000,49,262.000,20,0,33,
131949242000,252.000,2,247.000,50,246.000,9,245.000,20,243.000,40,242.000,9,254.000,9,255.000,21,256.000,9,257.000,20,258.000,49,0,33,
131949243000,252.000,2,247.000,50,246.000,9,245.000,20,243.000,40,242.000,9,255.000,21,256.000,9,257.000,20,258.000,49,262.000,20,0,33,
131949243000,252.000,2,247.000,50,246.000,9,245.000,20,243.000,40,242.000,9,255.000,21,256.000,9,257.000,29,258.000,49,262.000,20,0,33,
131949243000,252.000,2,247.000,50,246.000,9,245.000,20,243.000,40,242.000,9,255.000,30,256.000,9,257.000,29,258.000,49,262.000,20,0,33,
131949507000,252.000,2,247.000,50,246.000,9,245.000,20,243.000,40,242.000,9,255.000,30,256.000,9,257.000,20,258.000,49,262.000,20,0,33,
131952746000,252.000,2,247.000,50,246.000,9,243.000,40,242.000,9,86.000,1,255.000,30,256.000,9,258.000,49,262.000,20,310.000,1,0,33,
131952746000,252.000,2,247.000,50,246.000,29,243.000,40,242.000,9,86.000,1,255.000,30,256.000,9,258.000,69,262.000,20,310.000,1,0,33,
131952986000,252.000,2,247.000,50,246.000,9,243.000,40,242.000,9,86.000,1,255.000,30,256.000,9,258.000,49,262.000,20,310.000,1,0,33,
131953361000,252.000,2,247.000,50,246.000,9,245.000,20,243.000,40,242.000,9,255.000,30,256.000,9,257.000,20,258.000,49,262.000,20,0,33,
131953987000,252.000,2,247.000,50,246.000,9,243.000,40,242.000,9,86.000,1,255.000,30,256.000,9,258.000,49,262.000,20,310.000,1,0,33,
131953987000,252.000,2,247.000,50,246.000,29,243.000,40,242.000,9,86.000,1,255.000,30,256.000,9,258.000,69,262.000,20,310.000,1,0,33,
131957853000,252.000,2,247.000,30,246.000,29,243.000,40,242.000,9,86.000,1,255.000,30,256.000,9,258.000,69,310.000,1,320.000,1,0,33,
131957853000,252.000,2,248.000,20,247.000,30,246.000,29,243.000,40,242.000,9,255.000,30,256.000,9,258.000,69,263.000,20,310.000,1,0,33,
131957858000,252.000,2,248.000,20,247.000,30,246.000,29,243.000,20,242.000,9,255.000,30,256.000,9,258.000,49,263.000,20,310.000,1,0,33,
131957894000,252.000,2,248.000,20,247.000,30,246.000,9,243.000,20,242.000,9,255.000,30,256.000,9,258.000,29,263.000,20,310.000,1,0,33,
131957928000,252.000,2,248.000,20,247.000,30,246.000,9,243.000,20,86.000,1,255.000,30,256.000,9,258.000,29,263.000,20,310.000,1,0,33,
131957929000,252.000,2,248.000,20,247.000,30,246.000,9,244.000,9,243.000,20,255.000,30,256.000,9,258.000,29,263.000,20,310.000,1,0,33,
131957993000,252.000,2,247.000,30,246.000,9,244.000,9,243.000,20,86.000,1,255.000,30,256.000,9,258.000,29,310.000,1,320.000,1,0,33,
131957993000,252.000,2,249.000,20,247.000,30,246.000,9,244.000,9,243.000,20,255.000,30,256.000,9,258.000,29,264.000,20,310.000,1,0,33,
131958007000,252.000,2,249.000,20,247.000,30,246.000,9,244.000,9,86.000,1,255.000,30,256.000,9,258.000,9,264.000,20,310.000,1,0,33,
131958007000,252.000,2,249.000,20,247.000,30,246.000,9,245.000,20,244.000,9,255.000,30,256.000,9,258.000,9,260.000,20,264.000,20,0,33,
131958038000,252.000,2,249.000,20,247.000,30,246.000,9,245.000,40,244.000,9,255.000,30,256.000,9,258.000,9,260.000,40,264.000,20,0,33,
131958163000,252.000,2,249.000,20,247.000,30,246.000,9,245.000,20,244.000,9,255.000,30,256.000,9,258.000,9,260.000,20,264.000,20,0,33,
131958311000,252.000,2,249.000,29,247.000,30,246.000,9,245.000,20,244.000,9,255.000,30,256.000,9,258.000,9,260.000,20,264.000,20,0,33,
131958368000,252.000,2,249.000,9,247.000,30,246.000,9,245.000,20,244.000,9,255.000,30,256.000,9,258.000,9,260.000,20,310.000,1,0,33,
131958368000,252.000,2,249.000,9,248.000,20,247.000,30,246.000,9,245.000,20,255.000,30,256.000,9,258.000,9,260.000,20,263.000,20,0,33,
131958369000,252.000,2,248.000,20,247.000,30,246.000,9,245.000,20,244.000,9,255.000,30,256.000,9,258.000,9,260.000,20,263.000,20,0,33,
131958369000,252.000,2,248.000,29,247.000,30,246.000,9,245.000,20,244.000,9,255.000,30,256.000,9,258.000,9,260.000,20,263.000,20,0,33,
131958507000,252.000,2,248.000,29,247.000,30,245.000,20,244.000,9,86.000,1,255.000,30,256.000,9,258.000,9,260.000,20,263.000,20,0,33,
131958585000,252.000,2,248.000,29,247.000,30,245.000,40,244.000,9,86.000,1,255.000,30,256.000,9,257.000,20,258.000,9,260.000,20,0,33,
131958613000,252.000,2,248.000,29,247.000,30,245.000,20,244.000,9,86.000,1,255.000,30,256.000,9,257.000,20,258.000,9,263.000,20,0,33,
131958619000,252.000,2,248.000,9,247.000,30,245.000,20,244.000,9,86.000,1,255.000,30,256.000,9,257.000,20,258.000,9,310.000,1,0,33,
131958619000,252.000,2,248.000,9,247.000,50,245.000,20,244.000,9,86.000,1,255.000,30,256.000,9,257.000,20,258.000,9,262.000,20,0,33,
131958619000,252.000,2,247.000,50,245.000,20,244.000,9,86.000,1,84.000,3,255.000,30,256.000,9,257.000,20,258.000,9,262.000,20,0,33,
131958744000,252.000,2,247.000,50,245.000,20,244.000,9,243.000,20,86.000,1,255.000,30,256.000,9,257.000,20,258.000,29,262.000,20,0,33,
131959028000,252.000,2,247.000,29,245.000,20,244.000,9,243.000,20,86.000,1,255.000,9,256.000,9,257.000,20,258.000,29,262.000,20,0,33,
131959028000,252.000,2,247.000,29,246.000,21,245.000,20,244.000,9,243.000,20,255.000,30,256.000,9,257.000,20,258.000,29,262.000,20,0,33,
131959028000,252.000,2,247.000,29,246.000,21,245.000,20,244.000,9,243.000,20,255.000,30,256.000,9,257.000,29,258.000,29,262.000,20,0,33,
131959028000,252.000,2,247.000,29,246.000,21,245.000,20,244.000,9,243.000,20,255.000,21,256.000,9,257.000,29,258.000,29,262.000,20,0,33,
131959028000,252.000,2,247.000,29,246.000,21,245.000,20,244.000,9,243.000,20,255.000,30,256.000,9,257.000,29,258.000,29,262.000,20,0,33,
131959199000,252.000,2,247.000,29,246.000,21,244.000,9,243.000,20,86.000,1,255.000,30,256.000,9,257.000,9,258.000,29,262.000,20,0,33,
131959199000,252.000,2,247.000,29,246.000,41,244.000,9,243.000,20,86.000,1,255.000,30,256.000,9,257.000,9,258.000,49,262.000,20,0,33,
131959507000,252.000,2,247.000,29,246.000,41,244.000,9,243.000,20,86.000,1,255.000,30,256.000,9,258.000,49,262.000,20,310.000,1,0,33,
132000140000,252.000,2,247.000,29,246.000,21,244.000,9,243.000,20,86.000,1,255.000,30,256.000,9,258.000,29,262.000,20,310.000,1,0,33,
132000140000,252.000,2,247.000,29,246.000,21,245.000,20,244.000,9,243.000,20,255.000,30,256.000,9,257.000,20,258.000,29,262.000,20,0,33,
132001286000,252.000,2,247.000,29,246.000,21,245.000,20,244.000,9,243.000,40,255.000,30,256.000,9,257.000,20,258.000,49,262.000,20,0,33,
132001674000,252.000,2,247.000,29,246.000,21,244.000,9,243.000,40,86.000,1,255.000,30,256.000,9,258.000,49,262.000,20,310.000,1,0,33,
132001744000,252.000,2,247.000,9,246.000,21,244.000,9,243.000,40,86.000,1,255.000,30,256.000,9,258.000,49,310.000,1,320.000,1,0,33,
132001744000,252.000,2,248.000,20,247.000,9,246.000,21,244.000,9,243.000,40,255.000,30,256.000,9,258.000,49,263.000,20,310.000,1,0,33,
132001744000,252.000,2,248.000,20,246.000,21,244.000,9,243.000,40,86.000,1,255.000,30,256.000,9,258.000,49,263.000,20,310.000,1,0,33,
132001856000,252.000,2,248.000,20,246.000,41,244.000,9,243.000,40,86.000,1,255.000,30,256.000,9,258.000,69,263.000,20,310.000,1,0,33,
132002047000,252.000,2,248.000,29,246.000,41,244.000,9,243.000,40,86.000,1,255.000,30,256.000,9,258.000,69,263.000,20,310.000,1,0,33,
132003385000,252.000,2,248.000,29,246.000,21,244.000,9,243.000,40,86.000,1,255.000,30,256.000,9,258.000,49,263.000,20,310.000,1,0,33,
132003385000,252.000,2,248.000,29,246.000,21,245.000,20,244.000,9,243.000,40,255.000,30,256.000,9,257.000,20,258.000,49,263.000,20,0,33,
132003993000,252.000,2,248.000,9,246.000,21,245.000,20,244.000,9,243.000,40,255.000,30,256.000,9,257.000,20,258.000,49,310.000,1,0,33,
132003994000,252.000,2,248.000,9,247.000,20,246.000,21,245.000,20,244.000,9,255.000,30,256.000,9,257.000,20,258.000,49,262.000,20,0,33,
132003994000,252.000,2,247.000,20,246.000,21,245.000,20,244.000,9,243.000,40,255.000,30,256.000,9,257.000,20,258.000,49,262.000,20,0,33,
132005442000,252.000,2,247.000,29,246.000,21,245.000,20,244.000,9,243.000,40,255.000,30,256.000,9,257.000,20,258.000,49,262.000,20,0,33,
132005482000,252.000,2,247.000,29,246.000,21,244.000,9,243.000,40,86.000,1,255.000,30,256.000,9,258.000,49,262.000,20,310.000,1,0,33,
132005482000,252.000,2,247.000,29,246.000,41,244.000,9,243.000,40,86.000,1,255.000,30,256.000,9,258.000,69,262.000,20,310.000,1,0,33,
132006450000,252.000,2,247.000,29,246.000,21,244.000,9,243.000,40,86.000,1,255.000,30,256.000,9,258.000,49,262.000,20,310.000,1,0,33,
132006450000,252.000,2,247.000,29,246.000,21,245.000,20,244.000,9,243.000,40,255.000,30,256.000,9,257.000,20,258.000,49,262.000,20,0,33,
132012912000,252.000,2,247.000,29,246.000,21,244.000,9,243.000,40,86.000,1,255.000,30,256.000,9,258.000,49,262.000,20,310.000,1,0,33,
132012912000,252.000,2,247.000,29,246.000,41,244.000,9,243.000,40,86.000,1,255.000,30,256.000,9,258.000,69,262.000,20,310.000,1,0,33,
132013424000,252.000,2,247.000,29,246.000,20,244.000,9,243.000,40,86.000,1,255.000,9,256.000,9,258.000,69,262.000,20,310.000,1,0,33,
132013424000,252.000,2,247.000,50,246.000,20,244.000,9,243.000,40,86.000,1,255.000,30,256.000,9,258.000,69,262.000,20,310.000,1,0,33,
132013425000,252.000,2,247.000,50,246.000,20,244.000,9,243.000,40,86.000,1,255.000,21,256.000,9,258.000,69,262.000,20,310.000,1,0,33,
132013425000,252.000,2,247.000,50,246.000,20,244.000,9,243.000,40,86.000,1,255.000,21,256.000,9,258.000,78,262.000,20,310.000,1,0,33,
132013426000,252.000,2,247.000,50,246.000,20,244.000,9,243.000,40,86.000,1,255.000,30,256.000,9,258.000,78,262.000,20,310.000,1,0,33,
132013461000,252.000,2,247.000,30,246.000,20,244.000,9,243.000,40,86.000,1,255.000,30,256.000,9,258.000,78,310.000,1,320.000,1,0,33,
132013461000,252.000,2,248.000,20,247.000,30,246.000,20,244.000,9,243.000,40,255.000,30,256.000,9,258.000,78,263.000,20,310.000,1,0,33,
132013462000,252.000,2,248.000,29,247.000,30,246.000,20,244.000,9,243.000,40,255.000,30,256.000,9,258.000,78,263.000,20,310.000,1,0,33,
132013507000,252.000,2,248.000,29,247.000,30,246.000,20,244.000,9,243.000,40,255.000,30,256.000,9,258.000,69,263.000,20,310.000,1,0,33,
132013617000,252.000,2,248.000,29,247.000,30,244.000,9,243.000,40,86.000,1,255.000,30,256.000,9,258.000,49,263.000,20,310.000,1,0,33,
132013617000,252.000,2,248.000,29,247.000,50,244.000,9,243.000,40,86.000,1,255.000,30,256.000,9,258.000,49,259.000,20,263.000,20,0,33,
132013765000,252.000,2,248.000,9,247.000,50,244.000,9,243.000,40,86.000,1,255.000,30,256.000,9,258.000,49,259.000,20,310.000,1,0,33,
132013765000,252.000,2,249.000,20,248.000,9,247.000,50,244.000,9,243.000,40,255.000,30,256.000,9,258.000,49,259.000,20,264.000,20,0,33,
132013766000,252.000,2,249.000,29,248.000,9,247.000,50,244.000,9,243.000,40,255.000,30,256.000,9,258.000,49,259.000,20,264.000,20,0,33,
132014008000,252.000,2,249.000,29,248.000,9,247.000,50,244.000,9,243.000,20,255.000,30,256.000,9,258.000,29,259.000,20,264.000,20,0,33,
132014008000,252.000,2,249.000,29,248.000,9,247.000,50,245.000,20,244.000,9,255.000,30,256.000,9,258.000,29,259.000,20,260.000,20,0,33,
132014008000,252.000,2,249.000,29,248.000,9,247.000,41,245.000,20,244.000,9,255.000,30,256.000,9,258.000,29,259.000,20,260.000,20,0,33,
132014125000,252.000,2,249.000,29,248.000,9,247.000,21,245.000,20,244.000,9,255.000,30,256.000,9,258.000,29,260.000,20,264.000,20,0,33,
132014125000,252.000,2,249.000,29,248.000,9,247.000,21,246.000,20,245.000,20,255.000,30,256.000,9,258.000,49,260.000,20,264.000,20,0,33,
132014744000,252.000,2,249.000,9,248.000,9,247.000,21,246.000,20,245.000,20,255.000,30,256.000,9,258.000,49,260.000,20,310.000,1,0,33,
132014744000,252.000,2,249.000,9,248.000,29,247.000,21,246.000,20,245.000,20,255.000,30,256.000,9,258.000,49,260.000,20,263.000,20,0,33,
132014744000,252.000,2,249.000,9,248.000,29,247.000,30,246.000,20,245.000,20,255.000,30,256.000,9,258.000,49,260.000,20,263.000,20,0,33,
132014744000,252.000,2,248.000,29,247.000,30,246.000,20,245.000,20,244.000,9,255.000,30,256.000,9,258.000,49,260.000,20,263.000,20,0,33,
132017065000,252.000,2,248.000,29,247.000,30,246.000,20,245.000,20,244.000,9,255.000,30,256.000,9,258.000,29,260.000,20,263.000,20,0,33,
132018030000,252.000,2,248.000,29,247.000,30,246.000,20,245.000,20,244.000,29,255.000,30,256.000,9,258.000,29,259.000,20,260.000,20,0,33,
132020243000,252.000,2,248.000,9,247.000,30,246.000,20,245.000,20,244.000,29,255.000,30,256.000,9,258.000,29,259.000,20,260.000,20,0,33,
132020243000,252.000,2,249.000,20,248.000,9,247.000,30,246.000,20,245.000,20,255.000,30,256.000,9,258.000,29,259.000,20,260.000,20,0,33,
132020243000,252.000,2,249.000,20,247.000,30,246.000,20,245.000,20,244.000,29,255.000,30,256.000,9,258.000,29,259.000,20,260.000,20,0,33,
132020243000,252.000,2,249.000,29,247.000,30,246.000,20,245.000,20,244.000,29,255.000,30,256.000,9,258.000,29,259.000,20,260.000,20,0,33,
132020251000,252.000,2,249.000,29,247.000,30,245.000,20,244.000,29,86.000,1,255.000,30,256.000,9,258.000,9,259.000,20,260.000,20,0,33,
132020251000,252.000,2,249.000,29,247.000,50,245.000,20,244.000,29,86.000,1,255.000,30,256.000,9,258.000,9,259.000,40,260.000,20,0,33,
132024839000,252.000,2,249.000,29,247.000,30,245.000,20,244.000,29,86.000,1,255.000,30,256.000,9,258.000,9,259.000,20,260.000,20,0,33,
132024839000,252.000,2,249.000,29,247.000,30,246.000,20,245.000,20,244.000,29,255.000,30,256.000,9,258.000,29,259.000,20,260.000,20,0,33,
132025588000,252.000,2,249.000,29,247.000,30,245.000,20,244.000,29,86.000,1,255.000,30,256.000,9,258.000,9,259.000,20,260.000,20,0,33,
132025588000,252.000,2,249.000,29,247.000,50,245.000,20,244.000,29,86.000,1,255.000,30,256.000,9,258.000,9,259.000,40,260.000,20,0,33,
132028484000,252.000,2,249.000,29,247.000,29,245.000,20,244.000,29,86.000,1,255.000,9,256.000,9,258.000,9,259.000,40,260.000,20,0,33,
132028485000,252.000,2,249.000,29,248.000,21,247.000,29,245.000,20,244.000,29,255.000,9,256.000,30,258.000,9,259.000,40,260.000,20,0,33,
132028486000,252.000,2,249.000,29,248.000,21,247.000,29,245.000,20,244.000,29,256.000,30,258.000,9,259.000,40,260.000,20,264.000,20,0,33,
132028494000,252.000,2,249.000,29,248.000,21,247.000,29,245.000,20,244.000,29,256.000,30,259.000,40,260.000,20,264.000,20,310.000,1,0,33,
132029585000,252.000,2,249.000,29,248.000,21,247.000,29,245.000,20,244.000,29,256.000,30,259.000,40,260.000,29,264.000,20,310.000,1,0,33,
132030168000,252.000,2,249.000,29,247.000,29,245.000,20,244.000,29,86.000,1,256.000,9,259.000,40,260.000,29,264.000,20,310.000,1,0,33,
132030168000,252.000,2,249.000,50,247.000,29,245.000,20,244.000,29,86.000,1,256.000,30,259.000,40,260.000,29,264.000,20,310.000,1,0,33,
132030685000,252.000,2,249.000,29,247.000,29,245.000,20,244.000,29,86.000,1,256.000,9,259.000,40,260.000,29,264.000,20,310.000,1,0,33,
132030685000,252.000,2,249.000,29,248.000,21,247.000,29,245.000,20,244.000,29,256.000,30,259.000,40,260.000,29,264.000,20,310.000,1,0,33,
132030685000,252.000,2,249.000,29,248.000,21,247.000,29,245.000,20,244.000,29,256.000,30,259.000,49,260.000,29,264.000,20,310.000,1,0,33,
132030685000,252.000,2,249.000,29,248.000,21,247.000,29,245.000,20,244.000,29,256.000,21,259.000,49,260.000,29,264.000,20,310.000,1,0,33,
132030686000,252.000,2,249.000,29,248.000,21,247.000,29,245.000,20,244.000,29,256.000,30,259.000,49,260.000,29,264.000,20,310.000,1,0,33,
132034118000,252.000,2,249.000,9,248.000,21,247.000,29,245.000,20,244.000,29,256.000,30,259.000,49,260.000,29,310.000,1,320.000,1,0,33,
132034118000,252.000,2,250.000,20,249.000,9,248.000,21,247.000,29,245.000,20,256.000,30,259.000,49,260.000,29,270.000,20,310.000,1,0,33,
132034119000,252.000,2,250.000,20,248.000,21,247.000,29,245.000,20,244.000,29,256.000,30,259.000,49,260.000,29,270.000,20,310.000,1,0,33,
132034119000,252.000,2,250.000,20,248.000,30,247.000,29,245.000,20,244.000,29,256.000,30,259.000,49,260.000,29,270.000,20,310.000,1,0,33,
132034119000,252.000,2,250.000,29,248.000,30,247.000,29,245.000,20,244.000,29,256.000,30,259.000,49,260.000,29,270.000,20,310.000,1,0,33,
132034124000,252.000,2,250.000,29,248.000,30,247.000,9,245.000,20,244.000,29,256.000,30,259.000,29,260.000,29,270.000,20,310.000,1,0,33,
132034124000,252.000,2,250.000,29,248.000,50,247.000,9,245.000,20,244.000,29,256.000,30,259.000,29,260.000,49,270.000,20,310.000,1,0,33,
132034371000,252.000,2,250.000,29,248.000,30,247.000,9,245.000,20,244.000,29,256.000,30,259.000,29,260.000,29,270.000,20,310.000,1,0,33,
132034507000,252.000,2,250.000,29,248.000,30,245.000,20,244.000,29,86.000,1,256.000,30,259.000,29,260.000,29,270.000,20,310.000,1,0,33,
132034871000,252.000,2,250.000,29,248.000,30,247.000,20,245.000,20,244.000,29,256.000,30,259.000,49,260.000,29,270.000,20,310.000,1,0,33,
132036935000,252.000,2,250.000,29,248.000,9,247.000,20,245.000,20,244.000,29,256.000,9,259.000,49,260.000,29,270.000,20,310.000,1,0,33,
132036935000,252.000,2,250.000,29,249.000,21,248.000,9,247.000,20,245.000,20,256.000,30,259.000,49,260.000,29,270.000,20,310.000,1,0,33,
132036935000,252.000,2,250.000,29,249.000,21,248.000,9,247.000,20,245.000,20,256.000,21,259.000,49,260.000,29,270.000,20,310.000,1,0,33,
132036935000,252.000,2,250.000,29,249.000,21,248.000,9,247.000,20,245.000,20,256.000,30,259.000,49,260.000,29,270.000,20,310.000,1,0,33,
132037869000,252.000,2,250.000,9,249.000,21,248.000,9,247.000,20,245.000,20,256.000,30,259.000,49,260.000,29,310.000,1,320.000,1,0,33,
132037869000,252.000,2,250.000,9,249.000,41,248.000,9,247.000,20,245.000,20,256.000,30,259.000,49,260.000,29,264.000,20,310.000,1,0,33,
132037869000,252.000,2,250.000,9,249.000,50,248.000,9,247.000,20,245.000,20,256.000,30,259.000,49,260.000,29,264.000,20,310.000,1,0,33,
132037869000,252.000,2,249.000,50,248.000,9,247.000,20,245.000,20,244.000,29,256.000,30,259.000,49,260.000,29,264.000,20,310.000,1,0,33,
132038100000,252.000,2,249.000,50,248.000,9,247.000,20,245.000,20,244.000,9,256.000,30,259.000,29,260.000,29,264.000,20,310.000,1,0,33,
132038263000,252.000,2,249.000,29,248.000,9,247.000,20,245.000,20,244.000,9,256.000,9,259.000,29,260.000,29,264.000,20,310.000,1,0,33,
132038263000,252.000,2,249.000,29,248.000,30,247.000,20,245.000,20,244.000,9,256.000,30,259.000,29,260.000,29,264.000,20,310.000,1,0,33,
132038264000,252.000,2,249.000,29,248.000,30,247.000,20,245.000,20,244.000,9,256.000,21,259.000,29,260.000,29,264.000,20,310.000,1,0,33,
132038405000,252.000,2,249.000,29,248.000,30,247.000,20,245.000,40,244.000,9,256.000,21,259.000,29,260.000,49,264.000,20,310.000,1,0,33,
132038707000,252.000,2,249.000,29,248.000,30,247.000,20,245.000,40,244.000,9,256.000,30,259.000,29,260.000,49,264.000,20,310.000,1,0,33,
132041936000,252.000,2,249.000,29,248.000,9,247.000,20,245.000,40,244.000,9,256.000,9,259.000,29,260.000,49,264.000,20,310.000,1,0,33,
132041936000,252.000,2,249.000,50,248.000,9,247.000,20,245.000,40,244.000,9,256.000,30,259.000,29,260.000,49,264.000,20,310.000,1,0,33,
132044995000,252.000,2,249.000,30,248.000,9,247.000,20,245.000,40,244.000,9,256.000,30,259.000,29,260.000,49,310.000,1,320.000,1,0,33,
132044995000,252.000,2,250.000,20,249.000,30,248.000,9,247.000,20,245.000,40,256.000,30,259.000,29,260.000,49,270.000,20,310.000,1,0,33,
132044996000,252.000,2,250.000,29,249.000,30,248.000,9,247.000,20,245.000,40,256.000,30,259.000,29,260.000,49,270.000,20,310.000,1,0,33,
132045001000,252.000,2,250.000,29,249.000,30,248.000,9,245.000,40,244.000,9,256.000,30,259.000,9,260.000,49,270.000,20,310.000,1,0,33,
132045001000,252.000,2,250.000,29,249.000,30,248.000,29,245.000,40,244.000,9,256.000,30,259.000,9,260.000,69,270.000,20,310.000,1,0,33,
132045007000,252.000,2,250.000,29,249.000,30,248.000,20,245.000,40,244.000,9,256.000,30,259.000,9,260.000,69,270.000,20,310.000,1,0,33,
132045189000,252.000,2,250.000,29,249.000,30,245.000,40,244.000,9,86.000,1,256.000,30,259.000,9,260.000,49,270.000,20,310.000,1,0,33,
132045192000,252.000,2,250.000,29,249.000,9,245.000,40,244.000,9,86.000,1,256.000,9,259.000,9,260.000,49,270.000,20,310.000,1,0,33,
132045192000,252.000,2,250.000,29,249.000,30,245.000,40,244.000,9,86.000,1,256.000,9,257.000,21,259.000,9,260.000,49,270.000,20,0,33,
132045192000,252.000,2,250.000,29,249.000,30,245.000,40,244.000,9,86.000,1,256.000,9,257.000,21,259.000,9,260.000,58,270.000,20,0,33,
132045192000,252.000,2,250.000,29,249.000,30,245.000,40,244.000,9,86.000,1,257.000,21,259.000,9,260.000,58,270.000,20,310.000,1,0,33,
132045193000,252.000,2,250.000,29,249.000,30,245.000,40,244.000,9,86.000,1,257.000,30,259.000,9,260.000,58,270.000,20,310.000,1,0,33,
132045507000,252.000,2,250.000,29,249.000,30,245.000,40,244.000,9,86.000,1,257.000,30,259.000,9,260.000,49,270.000,20,310.000,1,0,33,
132045560000,252.000,2,250.000,29,249.000,30,248.000,20,245.000,40,244.000,9,257.000,30,259.000,9,260.000,69,270.000,20,310.000,1,0,33,
132047060000,252.000,2,250.000,29,249.000,30,245.000,40,244.000,9,86.000,1,257.000,30,259.000,9,260.000,49,270.000,20,310.000,1,0,33,
132047060000,252.000,2,250.000,29,249.000,30,247.000,20,245.000,40,244.000,9,257.000,30,259.000,29,260.000,49,270.000,20,310.000,1,0,33,
132047743000,252.000,2,250.000,29,249.000,30,247.000,20,245.000,40,86.000,1,257.000,30,259.000,29,260.000,49,270.000,20,310.000,1,0,33,
132047752000,252.000,2,250.000,29,249.000,30,247.000,20,246.000,9,245.000,40,257.000,30,259.000,29,260.000,49,270.000,20,310.000,1,0,33,
132047805000,252.000,2,250.000,29,249.000,30,246.000,9,245.000,40,86.000,1,257.000,30,259.000,9,260.000,49,270.000,20,310.000,1,0,33,
132047805000,252.000,2,250.000,29,249.000,30,248.000,20,246.000,9,245.000,40,257.000,30,259.000,9,260.000,69,270.000,20,310.000,1,0,33,
132048502000,252.000,2,250.000,29,249.000,30,246.000,9,245.000,40,86.000,1,257.000,30,259.000,9,260.000,49,270.000,20,310.000,1,0,33,
132048502000,252.000,2,250.000,29,249.000,30,247.000,20,246.000,9,245.000,40,257.000,30,259.000,29,260.000,49,270.000,20,310.000,1,0,33,
132050991000,252.000,2,250.000,29,249.000,30,246.000,9,245.000,40,86.000,1,257.000,30,259.000,9,260.000,49,270.000,20,310.000,1,0,33,
132050991000,252.000,2,250.000,29,249.000,30,248.000,20,246.000,9,245.000,40,257.000,30,259.000,9,260.000,69,270.000,20,310.000,1,0,33,
132051424000,252.000,2,250.000,29,249.000,30,246.000,9,245.000,40,86.000,1,257.000,30,259.000,9,260.000,49,270.000,20,310.000,1,0,33,
132051549000,252.000,2,250.000,29,249.000,30,247.000,20,246.000,9,245.000,40,257.000,30,259.000,29,260.000,49,270.000,20,310.000,1,0,33,
132051981000,252.000,2,250.000,29,249.000,30,246.000,9,245.000,40,86.000,1,257.000,30,259.000,9,260.000,49,270.000,20,310.000,1,0,33,
132052101000,252.000,2,250.000,29,249.000,30,248.000,20,246.000,9,245.000,40,257.000,30,259.000,9,260.000,69,270.000,20,310.000,1,0,33,
132053101000,252.000,2,250.000,29,249.000,30,246.000,9,245.000,40,86.000,1,257.000,30,259.000,9,260.000,49,270.000,20,310.000,1,0,33,
132053101000,252.000,2,250.000,29,249.000,30,247.000,20,246.000,9,245.000,40,257.000,30,259.000,29,260.000,49,270.000,20,310.000,1,0,33,
132053475000,252.000,2,250.000,29,249.000,30,246.000,9,245.000,40,86.000,1,257.000,30,259.000,9,260.000,49,270.000,20,310.000,1,0,33,
132053601000,252.000,2,250.000,29,249.000,30,247.000,20,246.000,9,245.000,40,257.000,30,259.000,29,260.000,49,270.000,20,310.000,1,0,33,
132053851000,252.000,2,250.000,29,249.000,30,246.000,9,245.000,40,86.000,1,257.000,30,259.000,9,260.000,49,270.000,20,310.000,1,0,33,
132054129000,252.000,2,250.000,29,249.000,30,248.000,20,246.000,9,245.000,40,257.000,30,259.000,9,260.000,69,270.000,20,310.000,1,0,33,
132054254000,252.000,2,250.000,29,249.000,30,246.000,9,245.000,40,86.000,1,257.000,30,259.000,9,260.000,49,270.000,20,310.000,1,0,33,
132054629000,252.000,2,250.000,29,249.000,30,247.000,20,246.000,9,245.000,40,257.000,30,259.000,29,260.000,49,270.000,20,310.000,1,0,33,
132058500000,252.000,2,250.000,29,249.000,30,247.000,20,246.000,9,245.000,20,257.000,30,259.000,29,260.000,29,270.000,20,310.000,1,0,33,
132058570000,252.000,2,250.000,29,249.000,30,247.000,20,246.000,9,245.000,40,257.000,30,259.000,29,260.000,49,270.000,20,310.000,1,0,33,
132058747000,252.000,2,250.000,29,249.000,30,246.000,9,245.000,40,86.000,1,257.000,30,259.000,9,260.000,49,270.000,20,310.000,1,0,33,
132058747000,252.000,2,250.000,29,249.000,30,248.000,20,246.000,9,245.000,40,257.000,30,259.000,9,260.000,69,270.000,20,310.000,1,0,33,
132100248000,252.000,2,250.000,29,249.000,30,246.000,9,245.000,40,86.000,1,257.000,30,259.000,9,260.000,49,270.000,20,310.000,1,0,33,
132100248000,252.000,2,250.000,29,249.000,30,247.000,20,246.000,9,245.000,40,257.000,30,259.000,29,260.000,49,270.000,20,310.000,1,0,33,
132103370000,252.000,2,250.000,29,249.000,30,246.000,9,245.000,40,86.000,1,257.000,30,259.000,9,260.000,49,270.000,20,310.000,1,0,33,
132103370000,252.000,2,250.000,29,249.000,30,248.000,20,246.000,9,245.000,40,257.000,30,259.000,9,260.000,69,270.000,20,310.000,1,0,33,
132104235000,252.000,2,250.000,29,249.000,30,246.000,9,245.000,40,86.000,1,257.000,30,259.000,9,260.000,49,270.000,20,310.000,1,0,33,
132104235000,252.000,2,250.000,29,249.000,30,247.000,20,246.000,9,245.000,40,257.000,30,259.000,29,260.000,49,270.000,20,310.000,1,0,33,
132104358000,252.000,2,250.000,29,249.000,30,246.000,9,245.000,40,86.000,1,257.000,30,259.000,9,260.000,49,270.000,20,310.000,1,0,33,
132104733000,252.000,2,250.000,29,249.000,30,248.000,20,246.000,9,245.000,40,257.000,30,259.000,9,260.000,69,270.000,20,310.000,1,0,33,
132112150000,252.000,2,250.000,29,249.000,30,246.000,9,245.000,40,86.000,1,257.000,30,259.000,9,260.000,49,270.000,20,310.000,1,0,33,
132112150000,252.000,2,250.000,29,249.000,30,247.000,20,246.000,9,245.000,40,257.000,30,259.000,29,260.000,49,270.000,20,310.000,1,0,33,
132113520000,252.000,2,250.000,29,249.000,30,246.000,9,245.000,40,86.000,1,257.000,30,259.000,9,260.000,49,270.000,20,310.000,1,0,33,
132113520000,252.000,2,250.000,29,249.000,30,248.000,20,246.000,9,245.000,40,257.000,30,259.000,9,260.000,69,270.000,20,310.000,1,0,33,
132115644000,252.000,2,250.000,29,249.000,30,246.000,9,245.000,40,86.000,1,257.000,30,259.000,9,260.000,49,270.000,20,310.000,1,0,33,
132115644000,252.000,2,250.000,29,249.000,30,247.000,20,246.000,9,245.000,40,257.000,30,259.000,29,260.000,49,270.000,20,310.000,1,0,33,
132116018000,252.000,2,250.000,29,249.000,30,246.000,9,245.000,40,86.000,1,257.000,30,259.000,9,260.000,49,270.000,20,310.000,1,0,33,
132116143000,252.000,2,250.000,29,249.000,30,248.000,20,246.000,9,245.000,40,257.000,30,259.000,9,260.000,69,270.000,20,310.000,1,0,33,
132116269000,252.000,2,250.000,29,249.000,30,246.000,9,245.000,40,86.000,1,257.000,30,259.000,9,260.000,49,270.000,20,310.000,1,0,33,
132116761000,252.000,2,250.000,29,249.000,30,247.000,20,246.000,9,245.000,40,257.000,30,259.000,29,260.000,49,270.000,20,310.000,1,0,33,
132118600000,252.000,2,250.000,29,249.000,30,247.000,20,246.000,9,245.000,20,257.000,30,259.000,29,260.000,29,270.000,20,310.000,1,0,33,
132119288000,252.000,2,250.000,29,249.000,30,247.000,20,246.000,29,245.000,20,257.000,30,259.000,29,260.000,29,261.000,20,270.000,20,0,33,
132120119000,252.000,2,250.000,9,249.000,30,247.000,20,246.000,29,245.000,20,257.000,30,259.000,29,260.000,29,261.000,20,310.000,1,0,33,
132120119000,252.000,2,250.000,9,249.000,50,247.000,20,246.000,29,245.000,20,257.000,30,259.000,29,260.000,29,261.000,20,264.000,20,0,33,
132120119000,252.000,2,249.000,50,247.000,20,246.000,29,245.000,20,86.000,1,257.000,30,259.000,29,260.000,29,261.000,20,264.000,20,0,33,
132121243000,252.000,2,249.000,30,247.000,20,246.000,29,245.000,20,86.000,1,257.000,30,259.000,29,260.000,29,261.000,20,310.000,1,0,33,
132121243000,252.000,2,250.000,20,249.000,30,247.000,20,246.000,29,245.000,20,257.000,30,259.000,29,260.000,29,261.000,20,270.000,20,0,33,
132121243000,252.000,2,250.000,29,249.000,30,247.000,20,246.000,29,245.000,20,257.000,30,259.000,29,260.000,29,261.000,20,270.000,20,0,33,
132121246000,252.000,2,250.000,29,249.000,30,246.000,29,245.000,20,86.000,1,257.000,30,259.000,9,260.000,29,261.000,20,270.000,20,0,33,
132121246000,252.000,2,250.000,29,249.000,30,248.000,20,246.000,29,245.000,20,257.000,30,259.000,9,260.000,49,261.000,20,270.000,20,0,33,
132125253000,252.000,2,250.000,29,249.000,30,246.000,29,245.000,20,86.000,1,257.000,30,259.000,9,260.000,29,261.000,20,270.000,20,0,33,
132125253000,252.000,2,250.000,29,249.000,30,247.000,20,246.000,29,245.000,20,257.000,30,259.000,29,260.000,29,261.000,20,270.000,20,0,33,
132126868000,252.000,2,250.000,9,249.000,30,247.000,20,246.000,29,245.000,20,257.000,30,259.000,29,260.000,29,261.000,20,310.000,1,0,33,
132126868000,252.000,2,250.000,9,249.000,50,247.000,20,246.000,29,245.000,20,257.000,30,259.000,29,260.000,29,261.000,20,264.000,20,0,33,
132126868000,252.000,2,249.000,50,247.000,20,246.000,29,245.000,20,86.000,1,257.000,30,259.000,29,260.000,29,261.000,20,264.000,20,0,33,
132137927000,252.000,2,249.000,30,247.000,20,246.000,29,245.000,20,86.000,1,257.000,30,259.000,29,260.000,29,261.000,20,310.000,1,0,33,
132137927000,252.000,2,250.000,20,249.000,30,247.000,20,246.000,29,245.000,20,257.000,30,259.000,29,260.000,29,261.000,20,270.000,20,0,33,
132137927000,252.000,2,250.000,29,249.000,30,247.000,20,246.000,29,245.000,20,257.000,30,259.000,29,260.000,29,261.000,20,270.000,20,0,33,
132139300000,252.000,2,250.000,29,249.000,30,247.000,20,246.000,9,245.000,20,257.000,30,259.000,29,260.000,29,270.000,20,310.000,1,0,33,
132139599000,252.000,2,250.000,29,249.000,30,247.000,20,246.000,29,245.000,20,257.000,30,259.000,29,260.000,29,261.000,20,270.000,20,0,33,
132148394000,252.000,2,250.000,29,249.000,30,246.000,29,245.000,20,86.000,1,257.000,30,259.000,9,260.000,29,261.000,20,270.000,20,0,33,
132148394000,252.000,2,250.000,29,249.000,30,248.000,20,246.000,29,245.000,20,257.000,30,259.000,9,260.000,49,261.000,20,270.000,20,0,33,
132150394000,252.000,2,250.000,29,249.000,30,246.000,29,245.000,20,86.000,1,257.000,30,259.000,9,260.000,29,261.000,20,270.000,20,0,33,
132150394000,252.000,2,250.000,29,249.000,30,247.000,20,246.000,29,245.000,20,257.000,30,259.000,29,260.000,29,261.000,20,270.000,20,0,33,
132150895000,252.000,2,250.000,29,249.000,30,246.000,29,245.000,20,86.000,1,257.000,30,259.000,9,260.000,29,261.000,20,270.000,20,0,33,
132150895000,252.000,2,250.000,29,249.000,30,248.000,20,246.000,29,245.000,20,257.000,30,259.000,9,260.000,49,261.000,20,270.000,20,0,33,
132152711000,252.000,2,250.000,29,249.000,30,246.000,29,245.000,20,86.000,1,257.000,30,259.000,9,260.000,29,261.000,20,270.000,20,0,33,
132152965000,252.000,2,250.000,29,249.000,30,247.000,20,246.000,29,245.000,20,257.000,30,259.000,29,260.000,29,261.000,20,270.000,20,0,33,
132157214000,252.000,2,250.000,29,249.000,9,247.000,20,246.000,29,245.000,20,257.000,9,259.000,29,260.000,29,261.000,20,270.000,20,0,33,
132157214000,252.000,2,250.000,50,249.000,9,247.000,20,246.000,29,245.000,20,257.000,9,258.000,21,259.000,29,260.000,29,261.000,20,0,33,
132157215000,252.000,2,250.000,50,249.000,9,247.000,20,246.000,29,245.000,20,258.000,21,259.000,29,260.000,29,261.000,20,270.000,20,0,33,
132157215000,252.000,2,250.000,50,249.000,9,247.000,20,246.000,29,245.000,20,258.000,30,259.000,29,260.000,29,261.000,20,270.000,20,0,33,
132157245000,252.000,2,250.000,50,249.000,9,247.000,20,246.000,29,86.000,1,258.000,30,259.000,29,260.000,9,261.000,20,270.000,20,0,33,
132157368000,252.000,2,250.000,30,249.000,9,247.000,20,246.000,29,86.000,1,258.000,30,259.000,29,260.000,9,261.000,20,310.000,1,0,33,
132157368000,252.000,2,251.000,20,250.000,30,249.000,9,247.000,20,246.000,29,258.000,30,259.000,29,260.000,9,261.000,20,271.000,20,0,33,
132157368000,252.000,2,251.000,29,250.000,30,249.000,9,247.000,20,246.000,29,258.000,30,259.000,29,260.000,9,261.000,20,271.000,20,0,33,
132157507000,252.000,2,251.000,29,250.000,30,249.000,9,247.000,40,246.000,29,258.000,30,259.000,29,260.000,9,261.000,20,262.000,20,0,33,
132157507000,252.000,2,251.000,29,250.000,30,247.000,40,246.000,29,86.000,1,258.000,30,259.000,29,260.000,9,261.000,20,262.000,20,0,33,
132159600000,252.000,2,251.000,29,250.000,30,247.000,40,246.000,9,86.000,1,258.000,30,259.000,29,260.000,9,262.000,20,271.000,20,0,33,
132200491000,252.000,2,251.000,29,250.000,30,247.000,40,246.000,29,86.000,1,258.000,30,259.000,29,260.000,9,261.000,20,262.000,20,0,33,
132202492000,252.000,2,251.000,9,250.000,30,247.000,40,246.000,29,86.000,1,258.000,30,259.000,29,260.000,9,261.000,20,262.000,20,0,33,
132202492000,252.000,2,251.000,9,250.000,50,247.000,40,246.000,29,86.000,1,258.000,30,259.000,29,260.000,9,261.000,20,262.000,20,0,33,
132202492000,252.000,2,250.000,50,247.000,40,246.000,29,86.000,1,84.000,3,258.000,30,259.000,29,260.000,9,261.000,20,262.000,20,0,33,
132209773000,252.000,2,250.000,50,247.000,20,246.000,29,86.000,1,84.000,3,258.000,30,259.000,9,260.000,9,261.000,20,262.000,20,0,33,
132209773000,252.000,2,250.000,50,247.000,20,246.000,49,86.000,1,84.000,3,258.000,50,259.000,9,260.000,9,261.000,20,262.000,20,0,33,
132210148000,252.000,2,250.000,50,247.000,20,246.000,29,86.000,1,84.000,3,258.000,30,259.000,9,260.000,9,261.000,20,262.000,20,0,33,
132210394000,252.000,2,250.000,50,247.000,40,246.000,29,86.000,1,84.000,3,258.000,30,259.000,29,260.000,9,261.000,20,262.000,20,0,33,
132220350000,252.000,2,250.000,50,247.000,40,246.000,9,86.000,1,84.000,3,258.000,30,259.000,29,260.000,9,262.000,20,270.000,20,0,33,
132220366000,252.000,2,250.000,50,247.000,20,246.000,9,86.000,1,84.000,3,258.000,30,259.000,9,260.000,9,262.000,20,270.000,20,0,33,
132220366000,252.000,2,250.000,50,247.000,20,246.000,29,86.000,1,84.000,3,258.000,50,259.000,9,260.000,9,262.000,20,270.000,20,0,33,
132220470000,252.000,2,250.000,50,247.000,20,246.000,29,245.000,20,86.000,1,258.000,50,259.000,9,260.000,29,262.000,20,270.000,20,0,33,
132220691000,252.000,2,250.000,29,247.000,20,246.000,29,245.000,20,86.000,1,258.000,29,259.000,9,260.000,29,262.000,20,270.000,20,0,33,
132220691000,252.000,2,250.000,29,249.000,21,247.000,20,246.000,29,245.000,20,258.000,50,259.000,9,260.000,29,262.000,20,270.000,20,0,33,
132220696000,252.000,2,250.000,9,249.000,21,247.000,20,246.000,29,245.000,20,258.000,50,259.000,9,260.000,29,262.000,20,310.000,1,0,33,
132220696000,252.000,2,250.000,9,249.000,41,247.000,20,246.000,29,245.000,20,258.000,50,259.000,9,260.000,29,262.000,20,264.000,20,0,33,
132220699000,252.000,2,249.000,41,247.000,20,246.000,29,245.000,20,86.000,1,258.000,50,259.000,9,260.000,29,262.000,20,264.000,20,0,33,
132220699000,252.000,2,249.000,50,247.000,20,246.000,29,245.000,20,86.000,1,258.000,50,259.000,9,260.000,29,262.000,20,264.000,20,0,33,
132220744000,252.000,2,249.000,30,247.000,20,246.000,29,245.000,20,86.000,1,258.000,50,259.000,9,260.000,29,262.000,20,310.000,1,0,33,
132220744000,252.000,2,249.000,30,248.000,20,247.000,20,246.000,29,245.000,20,258.000,50,259.000,9,260.000,29,262.000,20,263.000,20,0,33,
132220808000,252.000,2,249.000,30,248.000,20,247.000,20,246.000,9,245.000,20,258.000,30,259.000,9,260.000,29,262.000,20,263.000,20,0,33,
132220928000,252.000,2,249.000,30,248.000,20,247.000,20,246.000,9,245.000,40,258.000,50,259.000,9,260.000,29,262.000,20,263.000,20,0,33,
132221252000,252.000,2,249.000,30,248.000,20,247.000,20,246.000,9,245.000,20,258.000,30,259.000,9,260.000,29,262.000,20,263.000,20,0,33,
132221445000,252.000,2,249.000,9,248.000,20,247.000,20,246.000,9,245.000,20,258.000,9,259.000,9,260.000,29,262.000,20,263.000,20,0,33,
132221445000,252.000,2,249.000,9,248.000,41,247.000,20,246.000,9,245.000,20,258.000,30,259.000,9,260.000,29,262.000,20,263.000,20,0,33,
132221445000,252.000,2,249.000,9,248.000,50,247.000,20,246.000,9,245.000,20,258.000,30,259.000,9,260.000,29,262.000,20,263.000,20,0,33,
132221445000,252.000,2,249.000,9,248.000,50,247.000,20,246.000,9,245.000,20,258.000,30,259.000,9,260.000,38,262.000,20,263.000,20,0,33,
132221445000,252.000,2,249.000,9,248.000,50,247.000,20,246.000,9,245.000,20,258.000,21,259.000,9,260.000,38,262.000,20,263.000,20,0,33,
132221445000,252.000,2,248.000,50,247.000,20,246.000,9,245.000,20,86.000,1,258.000,21,259.000,9,260.000,38,262.000,20,263.000,20,0,33,
132221446000,252.000,2,248.000,50,247.000,20,246.000,9,245.000,20,86.000,1,258.000,30,259.000,9,260.000,38,262.000,20,263.000,20,0,33,
132221492000,252.000,2,248.000,30,247.000,20,246.000,9,245.000,20,86.000,1,258.000,30,259.000,9,260.000,38,262.000,20,310.000,1,0,33,
132221492000,252.000,2,249.000,20,248.000,30,247.000,20,246.000,9,245.000,20,258.000,30,259.000,9,260.000,38,262.000,20,264.000,20,0,33,
132221493000,252.000,2,249.000,29,248.000,30,247.000,20,246.000,9,245.000,20,258.000,30,259.000,9,260.000,38,262.000,20,264.000,20,0,33,
132221504000,252.000,2,249.000,29,248.000,30,247.000,20,246.000,29,245.000,20,258.000,50,259.000,9,260.000,38,262.000,20,264.000,20,0,33,
132221507000,252.000,2,249.000,29,248.000,30,247.000,20,246.000,29,245.000,20,258.000,50,259.000,9,260.000,29,262.000,20,264.000,20,0,33,
132222545000,252.000,2,249.000,29,248.000,9,247.000,20,246.000,29,245.000,20,258.000,29,259.000,9,260.000,29,262.000,20,264.000,20,0,33,
132222545000,252.000,2,249.000,50,248.000,9,247.000,20,246.000,29,245.000,20,258.000,50,259.000,9,260.000,29,262.000,20,264.000,20,0,33,
132230638000,252.000,2,249.000,50,248.000,9,247.000,20,246.000,9,245.000,20,258.000,30,259.000,9,260.000,29,262.000,20,264.000,20,0,33,
132230880000,252.000,2,249.000,50,248.000,9,247.000,40,246.000,9,245.000,20,258.000,30,259.000,29,260.000,29,262.000,20,264.000,20,0,33,
132231876000,252.000,2,249.000,29,248.000,9,247.000,40,246.000,9,245.000,20,258.000,9,259.000,29,260.000,29,262.000,20,264.000,20,0,33,
132231876000,252.000,2,249.000,29,248.000,30,247.000,40,246.000,9,245.000,20,258.000,30,259.000,29,260.000,29,262.000,20,264.000,20,0,33,
132231990000,252.000,2,249.000,29,248.000,30,247.000,20,246.000,9,245.000,20,258.000,30,259.000,9,260.000,29,262.000,20,264.000,20,0,33,
132231990000,252.000,2,249.000,29,248.000,30,247.000,20,246.000,29,245.000,20,258.000,50,259.000,9,260.000,29,262.000,20,264.000,20,0,33,
132231994000,252.000,2,249.000,9,248.000,30,247.000,20,246.000,29,245.000,20,258.000,50,259.000,9,260.000,29,262.000,20,310.000,1,0,33,
132231994000,252.000,2,249.000,9,248.000,50,247.000,20,246.000,29,245.000,20,258.000,50,259.000,9,260.000,29,262.000,20,263.000,20,0,33,
132231994000,252.000,2,248.000,50,247.000,20,246.000,29,245.000,20,86.000,1,258.000,50,259.000,9,260.000,29,262.000,20,263.000,20,0,33,
132232007000,252.000,2,248.000,50,246.000,29,245.000,20,86.000,1,84.000,3,258.000,50,259.000,9,260.000,29,263.000,20,310.000,1,0,33,
132232007000,252.000,2,248.000,50,246.000,29,245.000,40,86.000,1,84.000,3,258.000,50,259.000,9,260.000,49,263.000,20,310.000,1,0,33,
132232264000,252.000,2,248.000,30,246.000,29,245.000,40,86.000,1,84.000,3,258.000,50,259.000,9,260.000,49,310.000,1,320.000,1,0,33,
132234040000,252.000,2,248.000,30,246.000,9,245.000,40,86.000,1,84.000,3,258.000,30,259.000,9,260.000,49,310.000,1,320.000,1,0,33,
132234040000,252.000,2,248.000,30,247.000,20,246.000,9,245.000,40,86.000,1,258.000,30,259.000,29,260.000,49,310.000,1,320.000,1,0,33,
132234313000,252.000,2,248.000,9,247.000,20,246.000,9,245.000,40,86.000,1,258.000,9,259.000,29,260.000,49,310.000,1,320.000,1,0,33,
132234313000,252.000,2,249.000,21,248.000,9,247.000,20,246.000,9,245.000,40,258.000,30,259.000,29,260.000,49,310.000,1,320.000,1,0,33,
132234313000,252.000,2,249.000,21,247.000,20,246.000,9,245.000,40,86.000,1,258.000,30,259.000,29,260.000,49,310.000,1,320.000,1,0,33,
132234313000,252.000,2,249.000,21,247.000,29,246.000,9,245.000,40,86.000,1,258.000,30,259.000,29,260.000,49,310.000,1,320.000,1,0,33,
132234313000,252.000,2,249.000,21,247.000,29,246.000,9,245.000,40,86.000,1,258.000,21,259.000,29,260.000,49,310.000,1,320.000,1,0,33,
132234313000,252.000,2,249.000,30,247.000,29,246.000,9,245.000,40,86.000,1,258.000,21,259.000,29,260.000,49,310.000,1,320.000,1,0,33,
132234314000,252.000,2,249.000,30,247.000,29,246.000,9,245.000,40,86.000,1,258.000,30,259.000,29,260.000,49,310.000,1,320.000,1,0,33,
132235598000,252.000,2,249.000,9,247.000,29,246.000,9,245.000,40,86.000,1,258.000,9,259.000,29,260.000,49,310.000,1,320.000,1,0,33,
132235598000,252.000,2,249.000,9,248.000,21,247.000,29,246.000,9,245.000,40,258.000,30,259.000,29,260.000,49,310.000,1,320.000,1,0,33,
132235600000,252.000,2,249.000,9,248.000,21,247.000,9,246.000,9,245.000,40,258.000,30,259.000,9,260.000,49,310.000,1,320.000,1,0,33,
132235600000,252.000,2,249.000,9,248.000,21,247.000,9,246.000,29,245.000,40,258.000,50,259.000,9,260.000,49,310.000,1,320.000,1,0,33,
132235601000,252.000,2,249.000,9,248.000,21,247.000,9,246.000,29,245.000,40,258.000,41,259.000,9,260.000,49,310.000,1,320.000,1,0,33,
132235601000,252.000,2,248.000,21,247.000,9,246.000,29,245.000,40,86.000,1,258.000,41,259.000,9,260.000,49,310.000,1,320.000,1,0,33,
132235601000,252.000,2,248.000,30,247.000,9,246.000,29,245.000,40,86.000,1,258.000,41,259.000,9,260.000,49,310.000,1,320.000,1,0,33,
132235601000,252.000,2,248.000,30,247.000,9,246.000,29,245.000,40,86.000,1,258.000,50,259.000,9,260.000,49,310.000,1,320.000,1,0,33,
132235609000,252.000,2,248.000,30,247.000,9,246.000,20,245.000,40,86.000,1,258.000,50,259.000,9,260.000,49,310.000,1,320.000,1,0,33,
132235734000,252.000,2,248.000,30,247.000,9,246.000,20,245.000,40,244.000,9,258.000,50,259.000,9,260.000,49,310.000,1,320.000,1,0,33,
132238750000,252.000,2,248.000,30,247.000,9,245.000,40,244.000,9,86.000,1,258.000,30,259.000,9,260.000,49,310.000,1,320.000,1,0,33,
132238750000,252.000,2,248.000,30,247.000,29,245.000,40,244.000,9,86.000,1,258.000,30,259.000,29,260.000,49,310.000,1,320.000,1,0,33,
132239126000,252.000,2,248.000,30,247.000,9,245.000,40,244.000,9,86.000,1,258.000,30,259.000,9,260.000,49,310.000,1,320.000,1,0,33,
132239250000,252.000,2,248.000,30,247.000,9,246.000,20,245.000,40,244.000,9,258.000,50,259.000,9,260.000,49,310.000,1,320.000,1,0,33,
132239617000,252.000,2,248.000,30,247.000,9,245.000,40,244.000,9,86.000,1,258.000,30,259.000,9,260.000,49,310.000,1,320.000,1,0,33,
132239863000,252.000,2,248.000,30,247.000,29,245.000,40,244.000,9,86.000,1,258.000,30,259.000,29,260.000,49,310.000,1,320.000,1,0,33,
132239987000,252.000,2,248.000,30,247.000,9,245.000,40,244.000,9,86.000,1,258.000,30,259.000,9,260.000,49,310.000,1,320.000,1,0,33,
132240464000,252.000,2,248.000,30,247.000,29,245.000,40,244.000,9,86.000,1,258.000,30,259.000,29,260.000,49,310.000,1,320.000,1,0,33,
132240500000,252.000,2,248.000,30,247.000,29,245.000,20,244.000,9,86.000,1,258.000,30,259.000,29,260.000,29,310.000,1,320.000,1,0,33,
132241180000,252.000,2,248.000,30,247.000,29,246.000,20,245.000,20,244.000,9,258.000,30,259.000,29,260.000,29,261.000,20,310.000,1,0,33,
132245145000,252.000,2,248.000,30,247.000,9,246.000,20,245.000,20,244.000,9,258.000,30,259.000,9,260.000,29,261.000,20,310.000,1,0,33,
132245145000,252.000,2,248.000,30,247.000,9,246.000,40,245.000,20,244.000,9,258.000,50,259.000,9,260.000,29,261.000,20,310.000,1,0,33,
132246020000,252.000,2,248.000,30,247.000,9,246.000,20,245.000,20,244.000,9,258.000,30,259.000,9,260.000,29,261.000,20,310.000,1,0,33,
132246020000,252.000,2,248.000,30,247.000,29,246.000,20,245.000,20,244.000,9,258.000,30,259.000,29,260.000,29,261.000,20,310.000,1,0,33,
132250500000,252.000,2,248.000,30,247.000,9,246.000,20,245.000,20,244.000,9,258.000,30,259.000,9,260.000,29,261.000,20,310.000,1,0,33,
132250500000,252.000,2,248.000,30,247.000,9,246.000,40,245.000,20,244.000,9,258.000,50,259.000,9,260.000,29,261.000,20,310.000,1,0,33,
132252127000,252.000,2,248.000,30,247.000,9,246.000,20,245.000,20,244.000,9,258.000,30,259.000,9,260.000,29,261.000,20,310.000,1,0,33,
132252127000,252.000,2,248.000,30,247.000,29,246.000,20,245.000,20,244.000,9,258.000,30,259.000,29,260.000,29,261.000,20,310.000,1,0,33,
132301200000,252.000,2,248.000,30,247.000,29,245.000,20,244.000,9,86.000,1,258.000,30,259.000,29,260.000,29,310.000,1,320.000,1,0,33,
132301286000,252.000,2,248.000,30,247.000,29,245.000,40,244.000,9,86.000,1,258.000,30,259.000,29,260.000,49,310.000,1,320.000,1,0,33,
132301903000,252.000,2,248.000,30,247.000,9,245.000,40,244.000,9,86.000,1,258.000,30,259.000,9,260.000,49,310.000,1,320.000,1,0,33,
132301903000,252.000,2,248.000,30,247.000,9,246.000,20,245.000,40,244.000,9,258.000,50,259.000,9,260.000,49,310.000,1,320.000,1,0,33,
132302017000,252.000,2,248.000,30,247.000,9,245.000,40,244.000,9,86.000,1,258.000,30,259.000,9,260.000,49,310.000,1,320.000,1,0,33,
132302517000,252.000,2,248.000,30,247.000,29,245.000,40,244.000,9,86.000,1,258.000,30,259.000,29,260.000,49,310.000,1,320.000,1,0,33,
132302768000,252.000,2,248.000,30,247.000,9,245.000,40,244.000,9,86.000,1,258.000,30,259.000,9,260.000,49,310.000,1,320.000,1,0,33,
132303142000,252.000,2,248.000,30,247.000,9,246.000,20,245.000,40,244.000,9,258.000,50,259.000,9,260.000,49,310.000,1,320.000,1,0,33,
132304143000,252.000,2,248.000,30,247.000,9,245.000,40,244.000,9,86.000,1,258.000,30,259.000,9,260.000,49,310.000,1,320.000,1,0,33,
132304143000,252.000,2,248.000,30,247.000,29,245.000,40,244.000,9,86.000,1,258.000,30,259.000,29,260.000,49,310.000,1,320.000,1,0,33,
132307936000,252.000,2,248.000,30,247.000,9,245.000,40,244.000,9,86.000,1,258.000,30,259.000,9,260.000,49,310.000,1,320.000,1,0,33,
132307936000,252.000,2,248.000,30,247.000,9,246.000,20,245.000,40,244.000,9,258.000,50,259.000,9,260.000,49,310.000,1,320.000,1,0,33,
132311829000,252.000,2,248.000,30,247.000,9,246.000,20,245.000,20,244.000,9,258.000,50,259.000,9,260.000,29,310.000,1,320.000,1,0,33,
132312033000,252.000,2,248.000,9,247.000,9,246.000,20,245.000,20,244.000,9,258.000,29,259.000,9,260.000,29,310.000,1,320.000,1,0,33,
132312033000,252.000,2,248.000,9,247.000,30,246.000,20,245.000,20,244.000,9,258.000,50,259.000,9,260.000,29,310.000,1,320.000,1,0,33,
132312033000,252.000,2,248.000,9,247.000,30,246.000,29,245.000,20,244.000,9,258.000,50,259.000,9,260.000,29,310.000,1,320.000,1,0,33,
132312033000,252.000,2,247.000,30,246.000,29,245.000,20,244.000,9,86.000,1,258.000,50,259.000,9,260.000,29,310.000,1,320.000,1,0,33,
132312237000,252.000,2,247.000,30,246.000,29,245.000,20,244.000,29,86.000,1,258.000,50,259.000,29,260.000,29,310.000,1,320.000,1,0,33,
132314357000,252.000,2,247.000,30,246.000,9,245.000,20,244.000,29,86.000,1,258.000,30,259.000,29,260.000,29,310.000,1,320.000,1,0,33,
132314357000,252.000,2,247.000,30,246.000,29,245.000,20,244.000,29,86.000,1,258.000,30,259.000,49,260.000,29,310.000,1,320.000,1,0,33,
132315726000,252.000,2,247.000,30,246.000,9,245.000,20,244.000,29,86.000,1,258.000,30,259.000,29,260.000,29,310.000,1,320.000,1,0,33,
132315726000,252.000,2,247.000,50,246.000,9,245.000,20,244.000,29,86.000,1,258.000,30,259.000,49,260.000,29,310.000,1,320.000,1,0,33,
132316001000,252.000,2,247.000,29,246.000,9,245.000,20,244.000,29,86.000,1,258.000,9,259.000,49,260.000,29,310.000,1,320.000,1,0,33,
132316001000,252.000,2,248.000,21,247.000,29,246.000,9,245.000,20,244.000,29,258.000,30,259.000,49,260.000,29,310.000,1,320.000,1,0,33,
132316001000,252.000,2,248.000,21,247.000,29,246.000,9,245.000,20,244.000,29,258.000,21,259.000,49,260.000,29,310.000,1,320.000,1,0,33,
132316001000,252.000,2,248.000,30,247.000,29,246.000,9,245.000,20,244.000,29,258.000,21,259.000,49,260.000,29,310.000,1,320.000,1,0,33,
132316001000,252.000,2,248.000,30,247.000,29,246.000,9,245.000,20,244.000,29,258.000,30,259.000,49,260.000,29,310.000,1,320.000,1,0,33,
132316007000,252.000,2,248.000,30,247.000,29,245.000,20,244.000,29,86.000,1,258.000,30,259.000,49,260.000,29,310.000,1,320.000,1,0,33,
132316446000,252.000,2,248.000,30,247.000,9,245.000,20,244.000,29,86.000,1,258.000,30,259.000,29,260.000,29,310.000,1,320.000,1,0,33,
132316446000,252.000,2,248.000,30,247.000,29,245.000,20,244.000,29,86.000,1,258.000,30,259.000,29,260.000,49,310.000,1,320.000,1,0,33,
132316794000,252.000,2,248.000,30,247.000,9,245.000,20,244.000,29,86.000,1,258.000,30,259.000,29,260.000,29,310.000,1,320.000,1,0,33,
132316964000,252.000,2,248.000,30,247.000,29,245.000,20,244.000,29,86.000,1,258.000,30,259.000,49,260.000,29,310.000,1,320.000,1,0,33,
132317414000,252.000,2,248.000,30,247.000,9,245.000,20,244.000,29,86.000,1,258.000,30,259.000,29,260.000,29,310.000,1,320.000,1,0,33,
132317538000,252.000,2,248.000,30,247.000,9,246.000,20,245.000,20,244.000,29,258.000,30,259.000,49,260.000,29,310.000,1,320.000,1,0,33,
132321390000,252.000,2,248.000,30,247.000,9,245.000,20,244.000,29,86.000,1,258.000,30,259.000,29,260.000,29,310.000,1,320.000,1,0,33,
132321390000,252.000,2,248.000,30,247.000,29,245.000,20,244.000,29,86.000,1,258.000,30,259.000,49,260.000,29,310.000,1,320.000,1,0,33,
132327494000,252.000,2,248.000,30,247.000,29,245.000,20,244.000,9,86.000,1,258.000,30,259.000,29,260.000,29,310.000,1,320.000,1,0,33,
132327981000,252.000,2,248.000,30,247.000,29,245.000,40,244.000,9,86.000,1,258.000,30,259.000,29,260.000,49,310.000,1,320.000,1,0,33,
132328486000,252.000,2,248.000,30,247.000,9,245.000,40,244.000,9,86.000,1,258.000,30,259.000,9,260.000,49,310.000,1,320.000,1,0,33,
132328486000,252.000,2,248.000,30,247.000,29,245.000,40,244.000,9,86.000,1,258.000,30,259.000,9,260.000,69,310.000,1,320.000,1,0,33,
132329110000,252.000,2,248.000,30,247.000,9,245.000,40,244.000,9,86.000,1,258.000,30,259.000,9,260.000,49,310.000,1,320.000,1,0,33,
132329110000,252.000,2,248.000,30,247.000,29,245.000,40,244.000,9,86.000,1,258.000,30,259.000,29,260.000,49,310.000,1,320.000,1,0,33,
132329735000,252.000,2,248.000,30,247.000,9,245.000,40,244.000,9,86.000,1,258.000,30,259.000,9,260.000,49,310.000,1,320.000,1,0,33,
132329735000,252.000,2,248.000,30,247.000,29,245.000,40,244.000,9,86.000,1,258.000,30,259.000,9,260.000,69,310.000,1,320.000,1,0,33,
132330166000,252.000,2,248.000,30,247.000,9,245.000,40,244.000,9,86.000,1,258.000,30,259.000,9,260.000,49,310.000,1,320.000,1,0,33,
132330288000,252.000,2,248.000,30,247.000,29,245.000,40,244.000,9,86.000,1,258.000,30,259.000,29,260.000,49,310.000,1,320.000,1,0,33,
132333491000,252.000,2,248.000,30,247.000,29,245.000,20,244.000,9,86.000,1,258.000,30,259.000,29,260.000,29,310.000,1,320.000,1,0,33,
132333502000,252.000,2,248.000,30,247.000,9,245.000,20,244.000,9,86.000,1,258.000,30,259.000,9,260.000,29,310.000,1,320.000,1,0,33,
132333502000,252.000,2,248.000,50,247.000,9,245.000,20,244.000,9,86.000,1,258.000,30,259.000,9,260.000,29,261.000,20,310.000,1,0,33,
132333502000,252.000,2,248.000,50,247.000,9,245.000,20,86.000,1,84.000,3,258.000,30,259.000,9,260.000,29,261.000,20,310.000,1,0,33,
132333504000,252.000,2,248.000,50,247.000,9,246.000,9,245.000,20,86.000,1,258.000,30,259.000,9,260.000,29,261.000,20,310.000,1,0,33,
132333508000,252.000,2,248.000,50,247.000,29,246.000,9,245.000,20,86.000,1,258.000,30,259.000,9,260.000,29,261.000,20,262.000,20,0,33,
132333608000,252.000,2,248.000,50,247.000,29,246.000,9,86.000,1,84.000,3,258.000,30,259.000,9,260.000,9,261.000,20,262.000,20,0,33,
132333790000,252.000,2,248.000,30,247.000,29,246.000,9,86.000,1,84.000,3,258.000,30,259.000,9,260.000,9,262.000,20,310.000,1,0,33,
132334040000,252.000,2,248.000,50,247.000,29,246.000,9,86.000,1,84.000,3,258.000,30,259.000,9,260.000,9,261.000,20,262.000,20,0,33,
132334656000,252.000,2,248.000,30,247.000,29,246.000,9,86.000,1,84.000,3,258.000,30,259.000,9,260.000,9,262.000,20,310.000,1,0,33,
132334656000,252.000,2,248.000,50,247.000,29,246.000,9,86.000,1,84.000,3,258.000,30,259.000,9,260.000,29,262.000,20,310.000,1,0,33,
132337439000,252.000,2,248.000,50,247.000,29,246.000,29,86.000,1,84.000,3,258.000,30,259.000,9,260.000,29,261.000,20,262.000,20,0,33,
132337514000,252.000,2,248.000,30,247.000,29,246.000,29,86.000,1,84.000,3,258.000,30,259.000,9,260.000,9,261.000,20,262.000,20,0,33,
132337514000,252.000,2,249.000,20,248.000,30,247.000,29,246.000,29,86.000,1,258.000,30,259.000,9,260.000,9,261.000,40,262.000,20,0,33,
132337514000,252.000,2,249.000,29,248.000,30,247.000,29,246.000,29,86.000,1,258.000,30,259.000,9,260.000,9,261.000,40,262.000,20,0,33,
132337786000,252.000,2,249.000,29,248.000,9,247.000,29,246.000,29,86.000,1,258.000,9,259.000,9,260.000,9,261.000,40,262.000,20,0,33,
132337786000,252.000,2,250.000,21,249.000,29,248.000,9,247.000,29,246.000,29,258.000,30,259.000,9,260.000,9,261.000,40,262.000,20,0,33,
132337787000,252.000,2,250.000,21,249.000,29,248.000,9,247.000,29,246.000,29,258.000,21,259.000,9,260.000,9,261.000,40,262.000,20,0,33,
132337787000,252.000,2,250.000,21,249.000,29,248.000,9,247.000,29,246.000,29,258.000,21,259.000,9,260.000,18,261.000,40,262.000,20,0,33,
132337787000,252.000,2,250.000,30,249.000,29,248.000,9,247.000,29,246.000,29,258.000,21,259.000,9,260.000,18,261.000,40,262.000,20,0,33,
132337787000,252.000,2,250.000,30,249.000,29,248.000,9,247.000,29,246.000,29,258.000,30,259.000,9,260.000,18,261.000,40,262.000,20,0,33,
132338007000,252.000,2,250.000,30,249.000,29,247.000,29,246.000,29,86.000,1,258.000,30,259.000,9,260.000,18,261.000,40,262.000,20,0,33,
132338007000,252.000,2,250.000,30,249.000,29,247.000,20,246.000,29,86.000,1,258.000,30,259.000,9,260.000,18,261.000,40,262.000,20,0,33,
132338011000,252.000,2,250.000,30,249.000,9,247.000,20,246.000,29,86.000,1,258.000,30,259.000,9,260.000,18,261.000,20,262.000,20,0,33,
132338021000,252.000,2,250.000,30,249.000,9,248.000,20,247.000,20,246.000,29,258.000,30,259.000,9,260.000,38,261.000,20,262.000,20,0,33,
132338507000,252.000,2,250.000,30,249.000,9,248.000,20,247.000,20,246.000,29,258.000,30,259.000,9,260.000,29,261.000,20,262.000,20,0,33,
132339943000,252.000,2,250.000,30,249.000,9,248.000,20,247.000,20,246.000,9,258.000,30,259.000,9,260.000,29,262.000,20,310.000,1,0,33,
132340638000,252.000,2,250.000,30,249.000,9,248.000,20,247.000,20,246.000,9,258.000,30,259.000,9,260.000,49,262.000,20,310.000,1,0,33,
132347032000,252.000,2,250.000,9,249.000,9,248.000,20,247.000,20,246.000,9,258.000,9,259.000,9,260.000,49,262.000,20,310.000,1,0,33,
132347032000,252.000,2,250.000,9,249.000,30,248.000,20,247.000,20,246.000,9,258.000,30,259.000,9,260.000,49,262.000,20,310.000,1,0,33,
132347033000,252.000,2,250.000,9,249.000,30,248.000,29,247.000,20,246.000,9,258.000,30,259.000,9,260.000,49,262.000,20,310.000,1,0,33,
132347033000,252.000,2,250.000,9,249.000,30,248.000,29,247.000,20,246.000,9,258.000,30,259.000,9,260.000,58,262.000,20,310.000,1,0,33,
132347033000,252.000,2,249.000,30,248.000,29,247.000,20,246.000,9,245.000,20,258.000,30,259.000,9,260.000,58,262.000,20,310.000,1,0,33,
132347033000,252.000,2,249.000,30,248.000,29,247.000,20,246.000,9,245.000,20,258.000,21,259.000,9,260.000,58,262.000,20,310.000,1,0,33,
132347033000,252.000,2,249.000,30,248.000,29,247.000,20,246.000,9,245.000,20,258.000,30,259.000,9,260.000,58,262.000,20,310.000,1,0,33,
132347507000,252.000,2,249.000,30,248.000,29,247.000,20,246.000,9,245.000,20,258.000,30,259.000,9,260.000,49,262.000,20,310.000,1,0,33,
132348615000,252.000,2,249.000,30,248.000,9,247.000,20,246.000,9,245.000,20,258.000,30,259.000,9,260.000,29,262.000,20,310.000,1,0,33,
132348615000,252.000,2,249.000,30,248.000,9,247.000,40,246.000,9,245.000,20,258.000,30,259.000,29,260.000,29,262.000,20,310.000,1,0,33,
132350435000,252.000,2,249.000,30,248.000,9,247.000,20,246.000,9,245.000,20,258.000,30,259.000,9,260.000,29,262.000,20,310.000,1,0,33,
132350435000,252.000,2,249.000,30,248.000,29,247.000,20,246.000,9,245.000,20,258.000,30,259.000,9,260.000,49,262.000,20,310.000,1,0,33,
132352580000,252.000,2,249.000,30,248.000,9,247.000,20,246.000,9,245.000,20,258.000,30,259.000,9,260.000,29,262.000,20,310.000,1,0,33,
132352580000,252.000,2,249.000,50,248.000,9,247.000,20,246.000,9,245.000,20,258.000,30,259.000,9,260.000,29,261.000,20,262.000,20,0,33,
132353031000,252.000,2,249.000,29,248.000,9,247.000,20,246.000,9,245.000,20,258.000,9,259.000,9,260.000,29,261.000,20,262.000,20,0,33,
132353031000,252.000,2,250.000,21,249.000,29,248.000,9,247.000,20,246.000,9,258.000,30,259.000,9,260.000,29,261.000,20,262.000,20,0,33,
132353031000,252.000,2,250.000,21,249.000,29,248.000,9,247.000,20,246.000,9,258.000,30,259.000,9,260.000,38,261.000,20,262.000,20,0,33,
132353031000,252.000,2,250.000,30,249.000,29,248.000,9,247.000,20,246.000,9,258.000,30,259.000,9,260.000,38,261.000,20,262.000,20,0,33,
132353031000,252.000,2,250.000,30,249.000,29,248.000,9,247.000,20,246.000,9,258.000,21,259.000,9,260.000,38,261.000,20,262.000,20,0,33,
132353032000,252.000,2,250.000,30,249.000,29,248.000,9,247.000,20,246.000,9,258.000,30,259.000,9,260.000,38,261.000,20,262.000,20,0,33,
132353507000,252.000,2,250.000,30,249.000,29,247.000,20,246.000,9,245.000,20,258.000,30,259.000,9,260.000,38,261.000,20,262.000,20,0,33,
132353507000,252.000,2,250.000,30,249.000,29,247.000,20,246.000,9,245.000,20,258.000,30,259.000,9,260.000,29,261.000,20,262.000,20,0,33,
132353822000,252.000,2,250.000,30,249.000,9,247.000,20,246.000,9,245.000,20,258.000,30,259.000,9,260.000,29,262.000,20,310.000,1,0,33,
132353822000,252.000,2,250.000,30,249.000,9,248.000,20,247.000,20,246.000,9,258.000,30,259.000,9,260.000,49,262.000,20,310.000,1,0,33,
132355560000,252.000,2,250.000,30,249.000,9,247.000,20,246.000,9,245.000,20,258.000,30,259.000,9,260.000,29,262.000,20,310.000,1,0,33,
132355560000,252.000,2,250.000,30,249.000,9,247.000,40,246.000,9,245.000,20,258.000,30,259.000,9,260.000,49,262.000,20,310.000,1,0,33,
132355686000,252.000,2,250.000,30,249.000,9,247.000,20,246.000,9,245.000,20,258.000,30,259.000,9,260.000,29,262.000,20,310.000,1,0,33,
132356060000,252.000,2,250.000,30,249.000,9,248.000,20,247.000,20,246.000,9,258.000,30,259.000,9,260.000,49,262.000,20,310.000,1,0,33,
132358670000,252.000,2,250.000,30,249.000,9,247.000,20,246.000,9,245.000,20,258.000,30,259.000,9,260.000,29,262.000,20,310.000,1,0,33,
132358670000,252.000,2,250.000,30,249.000,29,247.000,20,246.000,9,245.000,20,258.000,30,259.000,9,260.000,29,261.000,20,262.000,20,0,33,
132358915000,252.000,2,250.000,30,249.000,9,247.000,20,246.000,9,245.000,20,258.000,30,259.000,9,260.000,29,262.000,20,310.000,1,0,33,
132359291000,252.000,2,250.000,30,249.000,9,248.000,20,247.000,20,246.000,9,258.000,30,259.000,9,260.000,49,262.000,20,310.000,1,0,33,
132400700000,252.000,2,250.000,30,249.000,9,248.000,20,247.000,20,246.000,9,258.000,30,259.000,9,260.000,29,262.000,20,310.000,1,0,33,
132400885000,252.000,2,250.000,30,249.000,9,248.000,20,247.000,20,246.000,29,258.000,30,259.000,9,260.000,29,261.000,20,262.000,20,0,33,
132400906000,252.000,2,250.000,30,249.000,9,247.000,20,246.000,29,86.000,1,258.000,30,259.000,9,260.000,9,261.000,20,262.000,20,0,33,
132400906000,252.000,2,250.000,30,249.000,29,247.000,20,246.000,29,86.000,1,258.000,30,259.000,9,260.000,9,261.000,40,262.000,20,0,33,
132401389000,252.000,2,250.000,30,249.000,9,247.000,20,246.000,29,86.000,1,258.000,30,259.000,9,260.000,9,261.000,20,262.000,20,0,33,
132401508000,252.000,2,250.000,30,249.000,9,248.000,20,247.000,20,246.000,29,258.000,30,259.000,9,260.000,29,261.000,20,262.000,20,0,33,
132402880000,252.000,2,250.000,30,249.000,9,247.000,20,246.000,29,86.000,1,258.000,30,259.000,9,260.000,9,261.000,20,262.000,20,0,33,
132402880000,252.000,2,250.000,30,249.000,29,247.000,20,246.000,29,86.000,1,258.000,30,259.000,9,260.000,9,261.000,40,262.000,20,0,33,
132403128000,252.000,2,250.000,30,249.000,9,247.000,20,246.000,29,86.000,1,258.000,30,259.000,9,260.000,9,261.000,20,262.000,20,0,33,
132403377000,252.000,2,250.000,30,249.000,9,248.000,20,247.000,20,246.000,29,258.000,30,259.000,9,260.000,29,261.000,20,262.000,20,0,33,
132403504000,252.000,2,250.000,30,249.000,9,247.000,20,246.000,29,86.000,1,258.000,30,259.000,9,260.000,9,261.000,20,262.000,20,0,33,
132403876000,252.000,2,250.000,30,249.000,29,247.000,20,246.000,29,86.000,1,258.000,30,259.000,9,260.000,9,261.000,40,262.000,20,0,33,
132408743000,252.000,2,250.000,30,249.000,9,247.000,20,246.000,29,86.000,1,258.000,30,259.000,9,260.000,9,261.000,20,262.000,20,0,33,
132408743000,252.000,2,250.000,30,249.000,9,248.000,20,247.000,20,246.000,29,258.000,30,259.000,9,260.000,29,261.000,20,262.000,20,0,33,
132413047000,252.000,2,250.000,9,249.000,9,248.000,20,247.000,20,246.000,29,258.000,9,259.000,9,260.000,29,261.000,20,262.000,20,0,33,
132413047000,252.000,2,250.000,9,249.000,30,248.000,20,247.000,20,246.000,29,258.000,30,259.000,9,260.000,29,261.000,20,262.000,20,0,33,
132413047000,252.000,2,250.000,9,249.000,30,248.000,29,247.000,20,246.000,29,258.000,30,259.000,9,260.000,29,261.000,20,262.000,20,0,33,
132413047000,252.000,2,250.000,9,249.000,30,248.000,29,247.000,20,246.000,29,258.000,30,259.000,9,260.000,38,261.000,20,262.000,20,0,33,
132413047000,252.000,2,249.000,30,248.000,29,247.000,20,246.000,29,86.000,1,258.000,30,259.000,9,260.000,38,261.000,20,262.000,20,0,33,
132413047000,252.000,2,249.000,30,248.000,29,247.000,20,246.000,29,86.000,1,258.000,21,259.000,9,260.000,38,261.000,20,262.000,20,0,33,
132413047000,252.000,2,249.000,30,248.000,29,247.000,20,246.000,29,86.000,1,258.000,30,259.000,9,260.000,38,261.000,20,262.000,20,0,33,
132413507000,252.000,2,249.000,30,248.000,29,247.000,20,246.000,29,86.000,1,258.000,30,259.000,9,260.000,29,261.000,20,262.000,20,0,33,
132413650000,252.000,2,249.000,30,248.000,9,247.000,20,246.000,29,86.000,1,258.000,30,259.000,9,260.000,9,261.000,20,262.000,20,0,33,
132413650000,252.000,2,249.000,30,248.000,9,247.000,40,246.000,29,86.000,1,258.000,30,259.000,29,260.000,9,261.000,20,262.000,20,0,33,
132414024000,252.000,2,249.000,30,248.000,9,247.000,20,246.000,29,86.000,1,258.000,30,259.000,9,260.000,9,261.000,20,262.000,20,0,33,
132414150000,252.000,2,249.000,30,248.000,29,247.000,20,246.000,29,86.000,1,258.000,30,259.000,9,260.000,29,261.000,20,262.000,20,0,33,
132415261000,252.000,2,249.000,30,248.000,9,247.000,20,246.000,29,86.000,1,258.000,30,259.000,9,260.000,9,261.000,20,262.000,20,0,33,
132415261000,252.000,2,249.000,30,248.000,9,247.000,40,246.000,29,86.000,1,258.000,30,259.000,29,260.000,9,261.000,20,262.000,20,0,33,
132417505000,252.000,2,249.000,30,248.000,9,247.000,20,246.000,29,86.000,1,258.000,30,259.000,9,260.000,9,261.000,20,262.000,20,0,33,
132417505000,252.000,2,249.000,30,248.000,29,247.000,20,246.000,29,86.000,1,258.000,30,259.000,9,260.000,29,261.000,20,262.000,20,0,33,
132420900000,252.000,2,249.000,30,248.000,29,247.000,20,246.000,9,86.000,1,258.000,30,259.000,9,260.000,29,262.000,20,310.000,1,0,33,
132421140000,252.000,2,249.000,30,248.000,29,247.000,20,246.000,29,86.000,1,258.000,30,259.000,9,260.000,29,261.000,20,262.000,20,0,33,
132434564000,252.000,2,249.000,30,248.000,9,247.000,20,246.000,29,86.000,1,258.000,30,259.000,9,260.000,9,261.000,20,262.000,20,0,33,
132434564000,252.000,2,249.000,30,248.000,9,247.000,40,246.000,29,86.000,1,258.000,30,259.000,29,260.000,9,261.000,20,262.000,20,0,33,
132435069000,252.000,2,249.000,9,248.000,9,247.000,40,246.000,29,86.000,1,258.000,9,259.000,29,260.000,9,261.000,20,262.000,20,0,33,
132435069000,252.000,2,249.000,9,248.000,30,247.000,40,246.000,29,86.000,1,258.000,30,259.000,29,260.000,9,261.000,20,262.000,20,0,33,
132435069000,252.000,2,248.000,30,247.000,40,246.000,29,86.000,1,84.000,3,258.000,30,259.000,29,260.000,9,261.000,20,262.000,20,0,33,
132435069000,252.000,2,248.000,30,247.000,49,246.000,29,86.000,1,84.000,3,258.000,30,259.000,29,260.000,9,261.000,20,262.000,20,0,33,
132435069000,252.000,2,248.000,30,247.000,49,246.000,29,86.000,1,84.000,3,258.000,21,259.000,29,260.000,9,261.000,20,262.000,20,0,33,
132435069000,252.000,2,248.000,30,247.000,49,246.000,29,86.000,1,84.000,3,258.000,30,259.000,29,260.000,9,261.000,20,262.000,20,0,33,
132436130000,252.000,2,248.000,30,247.000,29,246.000,29,86.000,1,84.000,3,258.000,30,259.000,9,260.000,9,261.000,20,262.000,20,0,33,
132436130000,252.000,2,248.000,50,247.000,29,246.000,29,86.000,1,84.000,3,258.000,30,259.000,9,260.000,29,261.000,20,262.000,20,0,33,
132437077000,252.000,2,248.000,29,247.000,29,246.000,29,86.000,1,84.000,3,258.000,9,259.000,9,260.000,29,261.000,20,262.000,20,0,33,
132437077000,252.000,2,249.000,21,248.000,29,247.000,29,246.000,29,86.000,1,258.000,30,259.000,9,260.000,29,261.000,20,262.000,20,0,33,
132437077000,252.000,2,249.000,21,248.000,29,247.000,29,246.000,29,86.000,1,258.000,21,259.000,9,260.000,29,261.000,20,262.000,20,0,33,
132437077000,252.000,2,249.000,21,248.000,29,247.000,29,246.000,29,86.000,1,258.000,21,259.000,9,260.000,38,261.000,20,262.000,20,0,33,
132437077000,252.000,2,249.000,30,248.000,29,247.000,29,246.000,29,86.000,1,258.000,21,259.000,9,260.000,38,261.000,20,262.000,20,0,33,
132437077000,252.000,2,249.000,30,248.000,29,247.000,29,246.000,29,86.000,1,258.000,30,259.000,9,260.000,38,261.000,20,262.000,20,0,33,
132437507000,252.000,2,249.000,30,248.000,29,247.000,20,246.000,29,86.000,1,258.000,30,259.000,9,260.000,38,261.000,20,262.000,20,0,33,
132437507000,252.000,2,249.000,30,248.000,29,247.000,20,246.000,29,86.000,1,258.000,30,259.000,9,260.000,29,261.000,20,262.000,20,0,33,
132438366000,252.000,2,249.000,9,248.000,29,247.000,20,246.000,29,86.000,1,258.000,9,259.000,9,260.000,29,261.000,20,262.000,20,0,33,
132438366000,252.000,2,249.000,9,248.000,50,247.000,20,246.000,29,86.000,1,258.000,30,259.000,9,260.000,29,261.000,20,262.000,20,0,33,
132438366000,252.000,2,249.000,9,248.000,50,247.000,20,246.000,29,86.000,1,258.000,30,259.000,9,260.000,38,261.000,20,262.000,20,0,33,
132438366000,252.000,2,248.000,50,247.000,20,246.000,29,86.000,1,84.000,3,258.000,30,259.000,9,260.000,38,261.000,20,262.000,20,0,33,
132438366000,252.000,2,248.000,50,247.000,20,246.000,29,86.000,1,84.000,3,258.000,21,259.000,9,260.000,38,261.000,20,262.000,20,0,33,
132438366000,252.000,2,248.000,50,247.000,20,246.000,29,86.000,1,84.000,3,258.000,30,259.000,9,260.000,38,261.000,20,262.000,20,0,33,
132438507000,252.000,2,248.000,50,247.000,20,246.000,29,86.000,1,84.000,3,258.000,30,259.000,9,260.000,29,261.000,20,262.000,20,0,33,
132438628000,252.000,2,248.000,30,247.000,20,246.000,29,86.000,1,84.000,3,258.000,30,259.000,9,260.000,9,261.000,20,262.000,20,0,33,
132438628000,252.000,2,248.000,30,247.000,40,246.000,29,86.000,1,84.000,3,258.000,30,259.000,29,260.000,9,261.000,20,262.000,20,0,33,
132439118000,252.000,2,248.000,30,247.000,20,246.000,29,86.000,1,84.000,3,258.000,30,259.000,9,260.000,9,261.000,20,262.000,20,0,33,
132439128000,252.000,2,248.000,50,247.000,20,246.000,29,86.000,1,84.000,3,258.000,30,259.000,9,260.000,29,261.000,20,262.000,20,0,33,
132440488000,252.000,2,248.000,30,247.000,20,246.000,29,86.000,1,84.000,3,258.000,30,259.000,9,260.000,9,261.000,20,262.000,20,0,33,
132440488000,252.000,2,248.000,30,247.000,40,246.000,29,86.000,1,84.000,3,258.000,30,259.000,29,260.000,9,261.000,20,262.000,20,0,33,
132441200000,252.000,2,248.000,30,247.000,40,246.000,9,86.000,1,84.000,3,258.000,30,259.000,29,260.000,9,262.000,20,310.000,1,0,33,
132441396000,252.000,2,248.000,30,247.000,40,246.000,9,245.000,20,86.000,1,258.000,30,259.000,29,260.000,29,262.000,20,310.000,1,0,33,
132448136000,252.000,2,248.000,9,247.000,40,246.000,9,245.000,20,86.000,1,258.000,9,259.000,29,260.000,29,262.000,20,310.000,1,0,33,
132448136000,252.000,2,249.000,21,248.000,9,247.000,40,246.000,9,245.000,20,258.000,30,259.000,29,260.000,29,262.000,20,310.000,1,0,33,
132448137000,252.000,2,249.000,21,248.000,9,247.000,49,246.000,9,245.000,20,258.000,30,259.000,29,260.000,29,262.000,20,310.000,1,0,33,
132448137000,252.000,2,249.000,21,248.000,9,247.000,49,246.000,9,245.000,20,258.000,21,259.000,29,260.000,29,262.000,20,310.000,1,0,33,
132448137000,252.000,2,249.000,21,247.000,49,246.000,9,245.000,20,86.000,1,258.000,21,259.000,29,260.000,29,262.000,20,310.000,1,0,33,
132448137000,252.000,2,249.000,30,247.000,49,246.000,9,245.000,20,86.000,1,258.000,21,259.000,29,260.000,29,262.000,20,310.000,1,0,33,
132448137000,252.000,2,249.000,30,247.000,49,246.000,9,245.000,20,86.000,1,258.000,30,259.000,29,260.000,29,262.000,20,310.000,1,0,33,
132448247000,252.000,2,249.000,30,247.000,29,246.000,9,245.000,20,86.000,1,258.000,30,259.000,9,260.000,29,262.000,20,310.000,1,0,33,
132448247000,252.000,2,249.000,30,248.000,20,247.000,29,246.000,9,245.000,20,258.000,30,259.000,9,260.000,49,262.000,20,310.000,1,0,33,
132448338000,252.000,2,249.000,30,247.000,29,246.000,9,245.000,20,86.000,1,258.000,30,259.000,9,260.000,29,262.000,20,310.000,1,0,33,
132448747000,252.000,2,249.000,30,247.000,49,246.000,9,245.000,20,86.000,1,258.000,30,259.000,29,260.000,29,262.000,20,310.000,1,0,33,
132452952000,252.000,2,249.000,30,247.000,29,246.000,9,245.000,20,86.000,1,258.000,30,259.000,29,260.000,29,310.000,1,320.000,1,0,33,
132452954000,252.000,2,249.000,30,247.000,9,246.000,9,245.000,20,86.000,1,258.000,30,259.000,9,260.000,29,310.000,1,320.000,1,0,33,
132452954000,252.000,2,249.000,30,247.000,9,246.000,29,245.000,20,86.000,1,258.000,50,259.000,9,260.000,29,310.000,1,320.000,1,0,33,
132453007000,252.000,2,249.000,30,247.000,9,246.000,29,245.000,40,86.000,1,258.000,50,259.000,9,260.000,49,310.000,1,320.000,1,0,33,
132453802000,252.000,2,249.000,30,247.000,9,246.000,9,245.000,40,86.000,1,258.000,30,259.000,9,260.000,49,310.000,1,320.000,1,0,33,
132453921000,252.000,2,249.000,30,247.000,29,246.000,9,245.000,40,86.000,1,258.000,30,259.000,29,260.000,49,310.000,1,320.000,1,0,33,
132459809000,252.000,2,249.000,30,247.000,9,246.000,9,245.000,40,86.000,1,258.000,30,259.000,9,260.000,49,310.000,1,320.000,1,0,33,
132459809000,252.000,2,249.000,30,247.000,9,246.000,29,245.000,40,86.000,1,258.000,50,259.000,9,260.000,49,310.000,1,320.000,1,0,33,
132500375000,252.000,2,249.000,9,247.000,9,246.000,29,245.000,40,86.000,1,258.000,29,259.000,9,260.000,49,310.000,1,320.000,1,0,33,
132500375000,252.000,2,249.000,9,248.000,21,247.000,9,246.000,29,245.000,40,258.000,50,259.000,9,260.000,49,310.000,1,320.000,1,0,33,
132500376000,252.000,2,248.000,21,247.000,9,246.000,29,245.000,40,86.000,1,258.000,50,259.000,9,260.000,49,310.000,1,320.000,1,0,33,
132500397000,252.000,2,248.000,21,247.000,9,246.000,9,245.000,40,86.000,1,258.000,30,259.000,9,260.000,49,310.000,1,320.000,1,0,33,
132500397000,252.000,2,248.000,21,247.000,9,246.000,9,245.000,60,86.000,1,257.000,20,258.000,30,259.000,9,260.000,49,310.000,1,0,33,
132500426000,252.000,2,248.000,21,247.000,9,245.000,60,86.000,1,84.000,3,257.000,20,258.000,30,259.000,9,260.000,49,310.000,1,0,33,
132500443000,252.000,2,248.000,30,247.000,9,245.000,60,86.000,1,84.000,3,257.000,20,258.000,30,259.000,9,260.000,49,310.000,1,0,33,
132500443000,252.000,2,248.000,30,247.000,9,245.000,60,86.000,1,84.000,3,257.000,29,258.000,30,259.000,9,260.000,49,310.000,1,0,33,
132500507000,252.000,2,248.000,30,247.000,9,245.000,60,86.000,1,84.000,3,257.000,29,258.000,30,260.000,49,310.000,1,320.000,1,0,33,
132500517000,252.000,2,248.000,30,247.000,9,245.000,40,86.000,1,84.000,3,257.000,29,258.000,30,260.000,29,310.000,1,320.000,1,0,33,
132500551000,252.000,2,248.000,30,247.000,9,245.000,40,244.000,9,86.000,1,257.000,29,258.000,30,260.000,29,310.000,1,320.000,1,0,33,
132500995000,252.000,2,248.000,30,247.000,9,245.000,20,244.000,9,86.000,1,257.000,9,258.000,30,260.000,29,310.000,1,320.000,1,0,33,
132500995000,252.000,2,248.000,30,247.000,9,246.000,20,245.000,20,244.000,9,257.000,9,258.000,50,260.000,29,310.000,1,320.000,1,0,33,
132500995000,252.000,2,248.000,30,247.000,9,246.000,20,245.000,20,244.000,9,258.000,50,260.000,29,310.000,1,320.000,1,400.000,1,0,33,
132503242000,252.000,2,248.000,30,247.000,9,245.000,20,244.000,9,86.000,1,258.000,30,260.000,29,310.000,1,320.000,1,400.000,1,0,33,
132503242000,252.000,2,248.000,30,247.000,29,245.000,20,244.000,9,86.000,1,258.000,30,259.000,20,260.000,29,310.000,1,320.000,1,0,33,
132503699000,252.000,2,248.000,30,247.000,29,246.000,20,245.000,20,244.000,9,258.000,30,259.000,20,260.000,29,261.000,20,310.000,1,0,33,
132505235000,252.000,2,248.000,30,247.000,9,246.000,20,245.000,20,244.000,9,258.000,30,260.000,29,261.000,20,310.000,1,320.000,1,0,33,
132505235000,252.000,2,248.000,30,247.000,9,246.000,40,245.000,20,244.000,9,258.000,50,260.000,29,261.000,20,310.000,1,320.000,1,0,33,
132505351000,252.000,2,248.000,30,247.000,9,246.000,20,245.000,20,244.000,9,258.000,30,260.000,29,261.000,20,310.000,1,320.000,1,0,33,
132505841000,252.000,2,248.000,30,247.000,29,246.000,20,245.000,20,244.000,9,258.000,30,259.000,20,260.000,29,261.000,20,310.000,1,0,33,
132505966000,252.000,2,248.000,30,247.000,9,246.000,20,245.000,20,244.000,9,258.000,30,260.000,29,261.000,20,310.000,1,320.000,1,0,33,
132506341000,252.000,2,248.000,30,247.000,29,246.000,20,245.000,20,244.000,9,258.000,30,259.000,20,260.000,29,261.000,20,310.000,1,0,33,
132506708000,252.000,2,248.000,30,247.000,9,246.000,20,245.000,20,244.000,9,258.000,30,260.000,29,261.000,20,310.000,1,320.000,1,0,33,
132506958000,252.000,2,248.000,30,247.000,9,246.000,40,245.000,20,244.000,9,258.000,50,260.000,29,261.000,20,310.000,1,320.000,1,0,33,
132507083000,252.000,2,248.000,30,247.000,9,246.000,20,245.000,20,244.000,9,258.000,30,260.000,29,261.000,20,310.000,1,320.000,1,0,33,
132507458000,252.000,2,248.000,30,247.000,9,246.000,40,245.000,20,244.000,9,258.000,50,260.000,29,261.000,20,310.000,1,320.000,1,0,33,
132508699000,252.000,2,248.000,30,247.000,9,246.000,20,245.000,20,244.000,9,258.000,30,260.000,29,261.000,20,310.000,1,320.000,1,0,33,
132508699000,252.000,2,248.000,30,247.000,29,246.000,20,245.000,20,244.000,9,258.000,30,259.000,20,260.000,29,261.000,20,310.000,1,0,33,
132509181000,252.000,2,248.000,30,247.000,9,246.000,20,245.000,20,244.000,9,258.000,30,260.000,29,261.000,20,310.000,1,320.000,1,0,33,
132509306000,252.000,2,248.000,30,247.000,9,246.000,40,245.000,20,244.000,9,258.000,50,260.000,29,261.000,20,310.000,1,320.000,1,0,33,
132512419000,252.000,2,248.000,30,247.000,9,246.000,20,245.000,20,244.000,9,258.000,30,260.000,29,261.000,20,310.000,1,320.000,1,0,33,
132512419000,252.000,2,248.000,30,247.000,29,246.000,20,245.000,20,244.000,9,258.000,30,259.000,20,260.000,29,261.000,20,310.000,1,0,33,
132515291000,252.000,2,248.000,30,247.000,9,246.000,20,245.000,20,244.000,9,258.000,30,260.000,29,261.000,20,310.000,1,320.000,1,0,33,
132515291000,252.000,2,248.000,30,247.000,9,246.000,40,245.000,20,244.000,9,258.000,50,260.000,29,261.000,20,310.000,1,320.000,1,0,33,
132521859000,252.000,2,248.000,30,247.000,9,246.000,20,245.000,20,244.000,9,258.000,30,260.000,29,261.000,20,310.000,1,320.000,1,0,33,
132521859000,252.000,2,248.000,30,247.000,9,246.000,20,245.000,40,244.000,9,257.000,20,258.000,30,260.000,29,261.000,20,310.000,1,0,33,
132521860000,252.000,2,248.000,30,247.000,9,246.000,20,245.000,40,244.000,9,257.000,29,258.000,30,260.000,29,261.000,20,310.000,1,0,33,
132521861000,252.000,2,248.000,9,247.000,9,246.000,20,245.000,40,244.000,9,257.000,29,258.000,9,260.000,29,261.000,20,310.000,1,0,33,
132521861000,252.000,2,248.000,30,247.000,9,246.000,20,245.000,40,244.000,9,256.000,21,257.000,29,258.000,9,260.000,29,261.000,20,0,33,
132521861000,252.000,2,248.000,30,247.000,9,246.000,29,245.000,40,244.000,9,256.000,21,257.000,29,258.000,9,260.000,29,261.000,20,0,33,
132521861000,252.000,2,248.000,30,247.000,9,246.000,29,245.000,40,244.000,9,256.000,30,257.000,29,258.000,9,260.000,29,261.000,20,0,33,
132521861000,252.000,2,248.000,21,247.000,9,246.000,29,245.000,40,244.000,9,256.000,30,257.000,29,258.000,9,260.000,29,261.000,20,0,33,
132521861000,252.000,2,248.000,30,247.000,9,246.000,29,245.000,40,244.000,9,256.000,30,257.000,29,258.000,9,260.000,29,261.000,20,0,33,
132522007000,252.000,2,248.000,30,247.000,9,246.000,20,245.000,40,244.000,9,256.000,30,257.000,29,258.000,9,260.000,29,261.000,20,0,33,
132522257000,252.000,2,248.000,30,247.000,9,246.000,20,245.000,20,244.000,9,256.000,30,257.000,9,258.000,9,260.000,29,261.000,20,0,33,
132522371000,252.000,2,248.000,30,247.000,9,246.000,40,245.000,20,244.000,9,256.000,30,257.000,9,258.000,29,260.000,29,261.000,20,0,33,
132522507000,252.000,2,248.000,30,247.000,9,246.000,40,245.000,20,244.000,9,256.000,30,257.000,9,258.000,20,260.000,29,261.000,20,0,33,
132523700000,252.000,2,248.000,30,247.000,9,246.000,20,245.000,20,244.000,9,256.000,30,257.000,9,258.000,20,260.000,29,310.000,1,0,33,
132524495000,252.000,2,248.000,30,247.000,9,245.000,20,244.000,9,86.000,1,256.000,30,257.000,9,260.000,29,310.000,1,320.000,1,0,33,
132524495000,252.000,2,248.000,30,247.000,9,245.000,40,244.000,9,86.000,1,256.000,30,257.000,29,260.000,29,310.000,1,320.000,1,0,33,
132526475000,252.000,2,248.000,30,247.000,9,245.000,20,244.000,9,86.000,1,256.000,30,257.000,9,260.000,29,310.000,1,320.000,1,0,33,
132526475000,252.000,2,248.000,30,247.000,9,245.000,20,244.000,29,86.000,1,256.000,50,257.000,9,260.000,29,310.000,1,320.000,1,0,33,
132526562000,252.000,2,248.000,30,247.000,9,245.000,20,244.000,49,86.000,1,256.000,50,257.000,9,259.000,20,260.000,29,310.000,1,0,33,
132526810000,252.000,2,248.000,30,247.000,9,245.000,20,244.000,29,86.000,1,256.000,30,257.000,9,259.000,20,260.000,29,310.000,1,0,33,
132528587000,252.000,2,248.000,30,247.000,9,245.000,20,244.000,49,86.000,1,256.000,50,257.000,9,259.000,20,260.000,29,310.000,1,0,33,
132529209000,252.000,2,248.000,30,247.000,9,245.000,20,244.000,29,86.000,1,256.000,30,257.000,9,259.000,20,260.000,29,310.000,1,0,33,
132529209000,252.000,2,248.000,30,247.000,9,245.000,40,244.000,29,86.000,1,256.000,30,257.000,29,259.000,20,260.000,29,310.000,1,0,33,
132529584000,252.000,2,248.000,30,247.000,9,245.000,20,244.000,29,86.000,1,256.000,30,257.000,9,259.000,20,260.000,29,310.000,1,0,33,
132529710000,252.000,2,248.000,30,247.000,9,245.000,20,244.000,49,86.000,1,256.000,50,257.000,9,259.000,20,260.000,29,310.000,1,0,33,
132529921000,252.000,2,248.000,30,247.000,9,245.000,20,244.000,29,86.000,1,256.000,30,257.000,9,259.000,20,260.000,29,310.000,1,0,33,
132530250000,252.000,2,248.000,30,247.000,9,245.000,20,244.000,49,86.000,1,256.000,30,257.000,9,259.000,40,260.000,29,310.000,1,0,33,
132530369000,252.000,2,248.000,30,247.000,9,245.000,20,244.000,29,86.000,1,256.000,30,257.000,9,259.000,20,260.000,29,310.000,1,0,33,
132530869000,252.000,2,248.000,30,247.000,9,245.000,20,244.000,49,86.000,1,256.000,30,257.000,9,259.000,40,260.000,29,310.000,1,0,33,
132536477000,252.000,2,248.000,30,247.000,9,245.000,20,244.000,29,86.000,1,256.000,30,257.000,9,259.000,20,260.000,29,310.000,1,0,33,
132536477000,252.000,2,248.000,30,247.000,9,245.000,20,244.000,49,86.000,1,256.000,30,257.000,9,258.000,20,259.000,20,260.000,29,0,33,
132536521000,252.000,2,248.000,30,247.000,9,245.000,20,244.000,29,86.000,1,256.000,30,257.000,9,259.000,20,260.000,29,310.000,1,0,33,
132537397000,252.000,2,248.000,30,247.000,9,245.000,20,244.000,49,86.000,1,256.000,30,257.000,9,258.000,20,259.000,20,260.000,29,0,33,
132540248000,252.000,2,248.000,30,247.000,9,245.000,20,244.000,29,86.000,1,256.000,30,257.000,9,259.000,20,260.000,29,310.000,1,0,33,
132540248000,252.000,2,248.000,30,247.000,9,245.000,20,244.000,49,86.000,1,256.000,30,257.000,29,259.000,20,260.000,29,310.000,1,0,33,
132541668000,252.000,2,248.000,30,247.000,9,245.000,20,244.000,29,86.000,1,256.000,30,257.000,9,259.000,20,260.000,29,310.000,1,0,33,
132541668000,252.000,2,248.000,30,247.000,9,245.000,40,244.000,29,86.000,1,256.000,30,257.000,9,258.000,20,259.000,20,260.000,29,0,33,
132541673000,252.000,2,248.000,30,247.000,9,245.000,20,244.000,29,86.000,1,256.000,30,257.000,9,259.000,20,260.000,29,310.000,1,0,33,
132542210000,252.000,2,248.000,30,247.000,9,245.000,40,244.000,29,86.000,1,256.000,30,257.000,9,259.000,40,260.000,29,310.000,1,0,33,
132544809000,252.000,2,248.000,30,247.000,9,245.000,40,244.000,9,86.000,1,256.000,30,257.000,9,259.000,20,260.000,29,310.000,1,0,33,
132544834000,252.000,2,248.000,30,247.000,9,245.000,20,244.000,9,86.000,1,256.000,30,257.000,9,260.000,29,310.000,1,320.000,1,0,33,
132544834000,252.000,2,248.000,30,247.000,9,245.000,40,244.000,9,86.000,1,256.000,30,257.000,9,258.000,20,260.000,29,310.000,1,0,33,
132545605000,252.000,2,248.000,30,247.000,9,245.000,60,244.000,9,86.000,1,256.000,30,257.000,9,258.000,20,260.000,49,310.000,1,0,33,
132549774000,252.000,2,248.000,30,247.000,9,245.000,40,244.000,9,86.000,1,256.000,30,257.000,9,260.000,49,310.000,1,320.000,1,0,33,
132549774000,252.000,2,248.000,30,247.000,9,245.000,60,244.000,9,86.000,1,256.000,30,257.000,29,260.000,49,310.000,1,320.000,1,0,33,
132549891000,252.000,2,248.000,30,247.000,9,245.000,40,244.000,9,86.000,1,256.000,30,257.000,9,260.000,49,310.000,1,320.000,1,0,33,
132550390000,252.000,2,248.000,30,247.000,9,245.000,40,244.000,29,86.000,1,256.000,30,257.000,29,260.000,49,310.000,1,320.000,1,0,33,
132551001000,252.000,2,248.000,30,247.000,9,245.000,40,244.000,9,86.000,1,256.000,30,257.000,9,260.000,49,310.000,1,320.000,1,0,33,
132551001000,252.000,2,248.000,30,247.000,9,245.000,60,244.000,9,86.000,1,256.000,30,257.000,29,260.000,49,310.000,1,320.000,1,0,33,
132551101000,252.000,2,248.000,30,247.000,9,245.000,40,244.000,9,86.000,1,256.000,30,257.000,9,260.000,49,310.000,1,320.000,1,0,33,
132551513000,252.000,2,248.000,30,247.000,9,245.000,60,244.000,9,86.000,1,256.000,30,257.000,9,258.000,20,260.000,49,310.000,1,0,33,
132553538000,252.000,2,248.000,30,247.000,9,245.000,40,244.000,9,86.000,1,256.000,30,257.000,9,260.000,49,310.000,1,320.000,1,0,33,
132553538000,252.000,2,248.000,30,247.000,9,245.000,40,244.000,29,86.000,1,256.000,30,257.000,29,260.000,49,310.000,1,320.000,1,0,33,
132556813000,252.000,2,248.000,30,247.000,9,245.000,40,244.000,9,86.000,1,256.000,30,257.000,9,260.000,49,310.000,1,320.000,1,0,33,
132556813000,252.000,2,248.000,30,247.000,9,245.000,60,244.000,9,86.000,1,256.000,30,257.000,29,260.000,49,310.000,1,320.000,1,0,33,
132556967000,252.000,2,248.000,30,247.000,9,245.000,40,244.000,9,86.000,1,256.000,30,257.000,9,260.000,49,310.000,1,320.000,1,0,33,
132557408000,252.000,2,248.000,30,247.000,9,245.000,60,244.000,9,86.000,1,256.000,30,257.000,29,260.000,49,310.000,1,320.000,1,0,33,
132605014000,252.000,2,248.000,30,247.000,9,245.000,40,244.000,9,86.000,1,256.000,30,257.000,9,260.000,49,310.000,1,320.000,1,0,33,
132605014000,252.000,2,248.000,30,247.000,9,245.000,40,244.000,29,86.000,1,256.000,50,257.000,9,260.000,49,310.000,1,320.000,1,0,33,
132605700000,252.000,2,248.000,30,247.000,9,245.000,20,244.000,29,86.000,1,256.000,50,257.000,9,260.000,29,310.000,1,320.000,1,0,33,
132606293000,252.000,2,248.000,30,247.000,9,245.000,20,244.000,9,86.000,1,256.000,30,257.000,9,260.000,29,310.000,1,320.000,1,0,33,
132606293000,252.000,2,248.000,30,247.000,9,245.000,40,244.000,9,86.000,1,256.000,30,257.000,29,260.000,29,310.000,1,320.000,1,0,33,
132609812000,252.000,2,248.000,30,247.000,9,245.000,60,244.000,9,86.000,1,256.000,30,257.000,29,260.000,49,310.000,1,320.000,1,0,33,
132612266000,252.000,2,248.000,30,247.000,9,245.000,40,244.000,9,86.000,1,256.000,30,257.000,9,260.000,49,310.000,1,320.000,1,0,33,
132612266000,252.000,2,248.000,30,247.000,9,245.000,60,244.000,9,86.000,1,256.000,30,257.000,9,258.000,20,260.000,49,310.000,1,0,33,
132612385000,252.000,2,248.000,30,247.000,9,245.000,40,244.000,9,86.000,1,256.000,30,257.000,9,260.000,49,310.000,1,320.000,1,0,33,
132612877000,252.000,2,248.000,30,247.000,9,245.000,60,244.000,9,86.000,1,256.000,30,257.000,29,260.000,49,310.000,1,320.000,1,0,33,
132614762000,252.000,2,248.000,30,247.000,9,245.000,60,86.000,1,84.000,3,256.000,30,257.000,29,260.000,49,310.000,1,320.000,1,0,33,
132614762000,252.000,2,248.000,9,247.000,9,245.000,60,86.000,1,84.000,3,256.000,9,257.000,29,260.000,49,310.000,1,320.000,1,0,33,
132614762000,252.000,2,248.000,30,247.000,9,245.000,60,86.000,1,84.000,3,256.000,9,257.000,50,260.000,49,310.000,1,320.000,1,0,33,
132614764000,252.000,2,248.000,30,247.000,9,245.000,40,86.000,1,84.000,3,256.000,9,257.000,30,260.000,49,310.000,1,320.000,1,0,33,
132614764000,252.000,2,248.000,30,247.000,9,246.000,20,245.000,40,86.000,1,256.000,9,257.000,30,258.000,20,260.000,49,310.000,1,0,33,
132614767000,252.000,2,248.000,30,247.000,9,246.000,29,245.000,40,86.000,1,256.000,9,257.000,30,258.000,20,260.000,49,310.000,1,0,33,
132614767000,252.000,2,248.000,21,247.000,9,246.000,29,245.000,40,86.000,1,256.000,9,257.000,30,258.000,20,260.000,49,310.000,1,0,33,
132614767000,252.000,2,248.000,21,247.000,9,246.000,29,245.000,49,86.000,1,256.000,9,257.000,30,258.000,20,260.000,49,310.000,1,0,33,
132614767000,252.000,2,248.000,21,247.000,9,246.000,29,245.000,49,86.000,1,257.000,30,258.000,20,260.000,49,310.000,1,320.000,1,0,33,
132614768000,252.000,2,248.000,21,247.000,9,246.000,29,245.000,49,86.000,1,256.000,9,257.000,30,258.000,20,260.000,49,310.000,1,0,33,
132614768000,252.000,2,248.000,30,247.000,9,246.000,29,245.000,49,86.000,1,256.000,9,257.000,30,258.000,20,260.000,49,310.000,1,0,33,
132614769000,252.000,2,248.000,30,247.000,9,246.000,29,245.000,49,86.000,1,257.000,30,258.000,20,260.000,49,310.000,1,320.000,1,0,33,
132615507000,252.000,2,248.000,30,247.000,9,246.000,29,245.000,40,86.000,1,257.000,30,258.000,20,260.000,49,310.000,1,320.000,1,0,33,
132617397000,252.000,2,248.000,30,247.000,9,246.000,9,245.000,40,86.000,1,257.000,30,260.000,49,310.000,1,320.000,1,400.000,1,0,33,
132617397000,252.000,2,248.000,30,247.000,9,246.000,9,245.000,60,86.000,1,257.000,50,260.000,49,310.000,1,320.000,1,400.000,1,0,33,
132617522000,252.000,2,248.000,30,247.000,9,246.000,9,245.000,40,86.000,1,257.000,30,260.000,49,310.000,1,320.000,1,400.000,1,0,33,
132617897000,252.000,2,248.000,30,247.000,9,246.000,29,245.000,40,86.000,1,257.000,30,258.000,20,260.000,49,310.000,1,320.000,1,0,33,
132621510000,252.000,2,248.000,9,247.000,9,246.000,29,245.000,40,86.000,1,257.000,9,258.000,20,260.000,49,310.000,1,320.000,1,0,33,
132621510000,252.000,2,248.000,30,247.000,9,246.000,29,245.000,40,86.000,1,257.000,9,258.000,41,260.000,49,310.000,1,320.000,1,0,33,
132621510000,252.000,2,248.000,30,247.000,9,246.000,38,245.000,40,86.000,1,257.000,9,258.000,41,260.000,49,310.000,1,320.000,1,0,33,
132621510000,252.000,2,248.000,30,247.000,9,246.000,38,245.000,40,86.000,1,257.000,9,258.000,50,260.000,49,310.000,1,320.000,1,0,33,
132621510000,252.000,2,248.000,30,247.000,9,246.000,38,245.000,40,86.000,1,258.000,50,260.000,49,310.000,1,320.000,1,400.000,1,0,33,
132621510000,252.000,2,248.000,21,247.000,9,246.000,38,245.000,40,86.000,1,258.000,50,260.000,49,310.000,1,320.000,1,400.000,1,0,33,
132621518000,252.000,2,248.000,30,247.000,9,246.000,38,245.000,40,86.000,1,258.000,50,260.000,49,310.000,1,320.000,1,400.000,1,0,33,
132621518000,252.000,2,248.000,30,247.000,9,246.000,38,245.000,20,86.000,1,258.000,50,260.000,29,310.000,1,320.000,1,400.000,1,0,33,
132621795000,252.000,2,248.000,30,247.000,9,246.000,38,86.000,1,84.000,3,258.000,50,260.000,9,310.000,1,320.000,1,400.000,1,0,33,
132621973000,252.000,2,248.000,30,247.000,29,246.000,38,86.000,1,84.000,3,258.000,50,260.000,9,262.000,20,310.000,1,320.000,1,0,33,
132622070000,252.000,2,248.000,30,247.000,29,246.000,58,86.000,1,84.000,3,258.000,50,260.000,9,261.000,20,262.000,20,310.000,1,0,33,
132622507000,252.000,2,248.000,30,247.000,29,246.000,49,86.000,1,84.000,3,258.000,50,260.000,9,261.000,20,262.000,20,310.000,1,0,33,
132623358000,252.000,2,248.000,30,247.000,29,246.000,29,86.000,1,84.000,3,258.000,30,260.000,9,261.000,20,262.000,20,310.000,1,0,33,
132623358000,252.000,2,248.000,30,247.000,49,246.000,29,86.000,1,84.000,3,258.000,30,259.000,20,260.000,9,261.000,20,262.000,20,0,33,
132624781000,252.000,2,248.000,30,247.000,49,246.000,29,86.000,1,84.000,3,258.000,30,259.000,20,261.000,20,262.000,20,310.000,1,0,33,
132624906000,252.000,2,248.000,30,247.000,49,246.000,29,86.000,1,84.000,3,258.000,30,259.000,20,261.000,20,262.000,29,310.000,1,0,33,
132625130000,252.000,2,248.000,9,247.000,49,246.000,29,86.000,1,84.000,3,258.000,9,259.000,20,261.000,20,262.000,29,310.000,1,0,33,
132625130000,252.000,2,248.000,30,247.000,49,246.000,29,86.000,1,84.000,3,258.000,9,259.000,41,261.000,20,262.000,29,310.000,1,0,33,
132625130000,252.000,2,248.000,21,247.000,49,246.000,29,86.000,1,84.000,3,258.000,9,259.000,41,261.000,20,262.000,29,310.000,1,0,33,
132625130000,252.000,2,248.000,21,247.000,49,246.000,29,86.000,1,84.000,3,258.000,9,259.000,50,261.000,20,262.000,29,310.000,1,0,33,
132625130000,252.000,2,248.000,21,247.000,49,246.000,29,86.000,1,84.000,3,259.000,50,261.000,20,262.000,29,310.000,1,320.000,1,0,33,
132625130000,252.000,2,248.000,30,247.000,49,246.000,29,86.000,1,84.000,3,259.000,50,261.000,20,262.000,29,310.000,1,320.000,1,0,33,
132626508000,252.000,2,248.000,30,247.000,49,246.000,9,86.000,1,84.000,3,259.000,50,262.000,29,310.000,1,320.000,1,400.000,1,0,33,
132626841000,252.000,2,248.000,30,247.000,69,246.000,9,86.000,1,84.000,3,259.000,50,262.000,49,310.000,1,320.000,1,400.000,1,0,33,
132627861000,252.000,2,248.000,30,247.000,49,246.000,9,86.000,1,84.000,3,259.000,30,262.000,49,310.000,1,320.000,1,400.000,1,0,33,
132627861000,252.000,2,248.000,30,247.000,49,246.000,29,86.000,1,84.000,3,258.000,20,259.000,30,262.000,49,310.000,1,320.000,1,0,33,
132627864000,252.000,2,248.000,30,247.000,49,246.000,29,86.000,1,84.000,3,258.000,29,259.000,30,262.000,49,310.000,1,320.000,1,0,33,
132627896000,252.000,2,248.000,9,247.000,49,246.000,29,86.000,1,84.000,3,258.000,29,259.000,9,262.000,49,310.000,1,320.000,1,0,33,
132627896000,252.000,2,248.000,30,247.000,49,246.000,29,86.000,1,84.000,3,258.000,50,259.000,9,262.000,49,310.000,1,320.000,1,0,33,
132627896000,252.000,2,248.000,21,247.000,49,246.000,29,86.000,1,84.000,3,258.000,50,259.000,9,262.000,49,310.000,1,320.000,1,0,33,
132627896000,252.000,2,248.000,30,247.000,49,246.000,29,86.000,1,84.000,3,258.000,50,259.000,9,262.000,49,310.000,1,320.000,1,0,33,
132627999000,252.000,2,248.000,30,247.000,49,246.000,9,86.000,1,84.000,3,258.000,30,259.000,9,262.000,49,310.000,1,320.000,1,0,33,
132628364000,252.000,2,248.000,30,247.000,49,246.000,29,86.000,1,84.000,3,258.000,30,259.000,29,262.000,49,310.000,1,320.000,1,0,33,
132628487000,252.000,2,248.000,30,247.000,49,246.000,9,86.000,1,84.000,3,258.000,30,259.000,9,262.000,49,310.000,1,320.000,1,0,33,
132628979000,252.000,2,248.000,30,247.000,69,246.000,9,86.000,1,84.000,3,258.000,30,259.000,29,262.000,49,310.000,1,320.000,1,0,33,
132629474000,252.000,2,248.000,30,247.000,49,246.000,9,86.000,1,84.000,3,258.000,30,259.000,9,262.000,49,310.000,1,320.000,1,0,33,
132629484000,252.000,2,248.000,30,247.000,49,246.000,29,86.000,1,84.000,3,258.000,50,259.000,9,262.000,49,310.000,1,320.000,1,0,33,
132630121000,252.000,2,248.000,9,247.000,49,246.000,29,86.000,1,84.000,3,258.000,29,259.000,9,262.000,49,310.000,1,320.000,1,0,33,
132630121000,252.000,2,248.000,30,247.000,49,246.000,29,86.000,1,84.000,3,257.000,21,258.000,29,259.000,9,262.000,49,310.000,1,0,33,
132630121000,252.000,2,248.000,21,247.000,49,246.000,29,86.000,1,84.000,3,257.000,21,258.000,29,259.000,9,262.000,49,310.000,1,0,33,
132630121000,252.000,2,248.000,21,247.000,49,246.000,29,86.000,1,84.000,3,257.000,30,258.000,29,259.000,9,262.000,49,310.000,1,0,33,
132630121000,252.000,2,248.000,30,247.000,49,246.000,29,86.000,1,84.000,3,257.000,30,258.000,29,259.000,9,262.000,49,310.000,1,0,33,
132630507000,252.000,2,248.000,30,247.000,49,246.000,29,86.000,1,84.000,3,257.000,30,258.000,29,262.000,49,310.000,1,320.000,1,0,33,
132631227000,252.000,2,248.000,30,247.000,29,246.000,29,86.000,1,84.000,3,257.000,30,258.000,29,262.000,29,310.000,1,320.000,1,0,33,
132632013000,252.000,2,248.000,30,247.000,29,246.000,49,86.000,1,84.000,3,257.000,30,258.000,29,261.000,20,262.000,29,310.000,1,0,33,
132634638000,252.000,2,248.000,30,247.000,29,246.000,29,86.000,1,84.000,3,257.000,30,258.000,9,261.000,20,262.000,29,310.000,1,0,33,
132634638000,252.000,2,248.000,30,247.000,49,246.000,29,86.000,1,84.000,3,257.000,30,258.000,9,259.000,20,261.000,20,262.000,29,0,33,
132635416000,252.000,2,248.000,9,247.000,49,246.000,29,86.000,1,84.000,3,257.000,9,258.000,9,259.000,20,261.000,20,262.000,29,0,33,
132635416000,252.000,2,248.000,30,247.000,49,246.000,29,86.000,1,84.000,3,257.000,9,258.000,30,259.000,20,261.000,20,262.000,29,0,33,
132635416000,252.000,2,248.000,21,247.000,49,246.000,29,86.000,1,84.000,3,257.000,9,258.000,30,259.000,20,261.000,20,262.000,29,0,33,
132635416000,252.000,2,248.000,21,247.000,49,246.000,29,86.000,1,84.000,3,257.000,9,258.000,30,259.000,29,261.000,20,262.000,29,0,33,
132635416000,252.000,2,248.000,21,247.000,49,246.000,29,86.000,1,84.000,3,258.000,30,259.000,29,261.000,20,262.000,29,310.000,1,0,33,
132635416000,252.000,2,248.000,30,247.000,49,246.000,29,86.000,1,84.000,3,258.000,30,259.000,29,261.000,20,262.000,29,310.000,1,0,33,
132639389000,252.000,2,248.000,30,247.000,29,246.000,29,86.000,1,84.000,3,258.000,30,259.000,9,261.000,20,262.000,29,310.000,1,0,33,
132639389000,252.000,2,248.000,30,247.000,29,246.000,49,86.000,1,84.000,3,258.000,50,259.000,9,261.000,20,262.000,29,310.000,1,0,33,
132639418000,252.000,2,248.000,9,247.000,29,246.000,49,86.000,1,84.000,3,258.000,29,259.000,9,261.000,20,262.000,29,310.000,1,0,33,
132639418000,252.000,2,248.000,30,247.000,29,246.000,49,86.000,1,84.000,3,257.000,21,258.000,29,259.000,9,261.000,20,262.000,29,0,33,
132639418000,252.000,2,248.000,21,247.000,29,246.000,49,86.000,1,84.000,3,257.000,21,258.000,29,259.000,9,261.000,20,262.000,29,0,33,
132639418000,252.000,2,248.000,21,247.000,29,246.000,49,86.000,1,84.000,3,257.000,30,258.000,29,259.000,9,261.000,20,262.000,29,0,33,
132639418000,252.000,2,248.000,30,247.000,29,246.000,49,86.000,1,84.000,3,257.000,30,258.000,29,259.000,9,261.000,20,262.000,29,0,33,
132639507000,252.000,2,248.000,30,247.000,29,246.000,49,86.000,1,84.000,3,257.000,30,258.000,29,261.000,20,262.000,29,310.000,1,0,33,
132643944000,252.000,2,248.000,30,247.000,29,246.000,29,86.000,1,84.000,3,257.000,30,258.000,9,261.000,20,262.000,29,310.000,1,0,33,
132643944000,252.000,2,248.000,30,247.000,49,246.000,29,86.000,1,84.000,3,257.000,30,258.000,9,259.000,20,261.000,20,262.000,29,0,33,
132644149000,252.000,2,248.000,9,247.000,49,246.000,29,86.000,1,84.000,3,257.000,9,258.000,9,259.000,20,261.000,20,262.000,29,0,33,
132644149000,252.000,2,248.000,30,247.000,49,246.000,29,86.000,1,84.000,3,257.000,9,258.000,30,259.000,20,261.000,20,262.000,29,0,33,
132644149000,252.000,2,248.000,30,247.000,49,246.000,29,86.000,1,84.000,3,258.000,30,259.000,20,261.000,20,262.000,29,310.000,1,0,33,
132647542000,252.000,2,248.000,30,247.000,29,246.000,29,86.000,1,84.000,3,258.000,30,261.000,20,262.000,29,310.000,1,320.000,1,0,33,
132647542000,252.000,2,248.000,30,247.000,29,246.000,49,86.000,1,84.000,3,258.000,50,261.000,20,262.000,29,310.000,1,320.000,1,0,33,
132648159000,252.000,2,248.000,9,247.000,29,246.000,49,86.000,1,84.000,3,258.000,29,261.000,20,262.000,29,310.000,1,320.000,1,0,33,
132648159000,252.000,2,248.000,30,247.000,29,246.000,49,86.000,1,84.000,3,257.000,21,258.000,29,261.000,20,262.000,29,310.000,1,0,33,
132648159000,252.000,2,248.000,21,247.000,29,246.000,49,86.000,1,84.000,3,257.000,21,258.000,29,261.000,20,262.000,29,310.000,1,0,33,
132648159000,252.000,2,248.000,21,247.000,29,246.000,49,86.000,1,84.000,3,257.000,30,258.000,29,261.000,20,262.000,29,310.000,1,0,33,
132648159000,252.000,2,248.000,30,247.000,29,246.000,49,86.000,1,84.000,3,257.000,30,258.000,29,261.000,20,262.000,29,310.000,1,0,33,
132649350000,252.000,2,248.000,9,247.000,29,246.000,49,86.000,1,84.000,3,257.000,9,258.000,29,261.000,20,262.000,29,310.000,1,0,33,
132649350000,252.000,2,248.000,30,247.000,29,246.000,49,86.000,1,84.000,3,257.000,9,258.000,50,261.000,20,262.000,29,310.000,1,0,33,
132649350000,252.000,2,248.000,30,247.000,29,246.000,29,86.000,1,84.000,3,257.000,9,258.000,30,261.000,20,262.000,29,310.000,1,0,33,
132649351000,252.000,2,248.000,30,247.000,29,246.000,29,86.000,1,84.000,3,258.000,30,261.000,20,262.000,29,310.000,1,320.000,1,0,33,
132649351000,252.000,2,248.000,21,247.000,29,246.000,29,86.000,1,84.000,3,258.000,30,261.000,20,262.000,29,310.000,1,320.000,1,0,33,
132649351000,252.000,2,248.000,30,247.000,29,246.000,29,86.000,1,84.000,3,258.000,30,261.000,20,262.000,29,310.000,1,320.000,1,0,33,
132649877000,252.000,2,248.000,30,247.000,49,246.000,29,86.000,1,84.000,3,258.000,30,260.000,20,261.000,20,262.000,29,310.000,1,0,33,
132651993000,252.000,2,248.000,9,247.000,49,246.000,29,86.000,1,84.000,3,258.000,9,260.000,20,261.000,20,262.000,29,310.000,1,0,33,
132651993000,252.000,2,248.000,30,247.000,49,246.000,29,86.000,1,84.000,3,258.000,9,259.000,21,260.000,20,261.000,20,262.000,29,0,33,
132651993000,252.000,2,248.000,21,247.000,49,246.000,29,86.000,1,84.000,3,258.000,9,259.000,21,260.000,20,261.000,20,262.000,29,0,33,
132651993000,252.000,2,248.000,21,247.000,49,246.000,29,86.000,1,84.000,3,258.000,9,259.000,21,260.000,29,261.000,20,262.000,29,0,33,
132651993000,252.000,2,248.000,21,247.000,49,246.000,29,86.000,1,84.000,3,258.000,9,259.000,30,260.000,29,261.000,20,262.000,29,0,33,
132651993000,252.000,2,248.000,21,247.000,49,246.000,29,86.000,1,84.000,3,259.000,30,260.000,29,261.000,20,262.000,29,310.000,1,0,33,
132651994000,252.000,2,248.000,30,247.000,49,246.000,29,86.000,1,84.000,3,259.000,30,260.000,29,261.000,20,262.000,29,310.000,1,0,33,
132652100000,252.000,2,248.000,30,247.000,49,246.000,9,86.000,1,84.000,3,259.000,30,260.000,29,262.000,29,310.000,1,320.000,1,0,33,
132652112000,252.000,2,248.000,30,247.000,29,246.000,9,86.000,1,84.000,3,259.000,30,260.000,9,262.000,29,310.000,1,320.000,1,0,33,
132652112000,252.000,2,248.000,30,247.000,29,246.000,29,86.000,1,84.000,3,259.000,50,260.000,9,262.000,29,310.000,1,320.000,1,0,33,
132652115000,252.000,2,248.000,30,247.000,29,246.000,9,86.000,1,84.000,3,259.000,30,260.000,9,262.000,29,310.000,1,320.000,1,0,33,
132652619000,252.000,2,248.000,30,247.000,49,246.000,9,86.000,1,84.000,3,259.000,30,260.000,29,262.000,29,310.000,1,320.000,1,0,33,
132653369000,252.000,2,248.000,30,247.000,29,246.000,9,86.000,1,84.000,3,259.000,30,260.000,9,262.000,29,310.000,1,320.000,1,0,33,
132653369000,252.000,2,248.000,30,247.000,49,246.000,9,86.000,1,84.000,3,259.000,50,260.000,9,262.000,29,310.000,1,320.000,1,0,33,
132655492000,252.000,2,248.000,30,247.000,49,246.000,29,86.000,1,84.000,3,259.000,50,260.000,9,261.000,20,262.000,29,310.000,1,0,33,
132656995000,252.000,2,248.000,30,247.000,29,246.000,29,86.000,1,84.000,3,259.000,30,260.000,9,261.000,20,262.000,29,310.000,1,0,33,
132656995000,252.000,2,248.000,30,247.000,49,246.000,29,86.000,1,84.000,3,259.000,30,260.000,29,261.000,20,262.000,29,310.000,1,0,33,
132657493000,252.000,2,248.000,30,247.000,29,246.000,29,86.000,1,84.000,3,259.000,30,260.000,9,261.000,20,262.000,29,310.000,1,0,33,
132657493000,252.000,2,248.000,30,247.000,49,246.000,29,86.000,1,84.000,3,259.000,50,260.000,9,261.000,20,262.000,29,310.000,1,0,33,
132657871000,252.000,2,248.000,30,247.000,29,246.000,29,86.000,1,84.000,3,259.000,30,260.000,9,261.000,20,262.000,29,310.000,1,0,33,
132657993000,252.000,2,248.000,30,247.000,49,246.000,29,86.000,1,84.000,3,259.000,30,260.000,29,261.000,20,262.000,29,310.000,1,0,33,
132658120000,252.000,2,248.000,30,247.000,29,246.000,29,86.000,1,84.000,3,259.000,30,260.000,9,261.000,20,262.000,29,310.000,1,0,33,
132658607000,252.000,2,248.000,30,247.000,49,246.000,29,86.000,1,84.000,3,259.000,30,260.000,29,261.000,20,262.000,29,310.000,1,0,33,
132658777000,252.000,2,248.000,30,247.000,29,246.000,29,86.000,1,84.000,3,259.000,30,260.000,9,261.000,20,262.000,29,310.000,1,0,33,
132659156000,252.000,2,248.000,30,247.000,49,246.000,29,86.000,1,84.000,3,259.000,50,260.000,9,261.000,20,262.000,29,310.000,1,0,33,
132700532000,252.000,2,248.000,30,247.000,29,246.000,29,86.000,1,84.000,3,259.000,30,260.000,9,261.000,20,262.000,29,310.000,1,0,33,
132700532000,252.000,2,248.000,30,247.000,29,246.000,49,86.000,1,84.000,3,259.000,50,260.000,9,261.000,20,262.000,29,310.000,1,0,33,
132700657000,252.000,2,248.000,30,247.000,29,246.000,29,86.000,1,84.000,3,259.000,30,260.000,9,261.000,20,262.000,29,310.000,1,0,33,
132701149000,252.000,2,248.000,30,247.000,49,246.000,29,86.000,1,84.000,3,259.000,50,260.000,9,261.000,20,262.000,29,310.000,1,0,33,
132702881000,252.000,2,248.000,30,247.000,29,246.000,29,86.000,1,84.000,3,259.000,30,260.000,9,261.000,20,262.000,29,310.000,1,0,33,
132702881000,252.000,2,248.000,50,247.000,29,246.000,29,86.000,1,84.000,3,259.000,30,260.000,29,261.000,20,262.000,29,310.000,1,0,33,
132702964000,252.000,2,248.000,30,247.000,29,246.000,29,86.000,1,84.000,3,259.000,30,260.000,9,261.000,20,262.000,29,310.000,1,0,33,
132703494000,252.000,2,248.000,50,247.000,29,246.000,29,86.000,1,84.000,3,259.000,30,260.000,29,261.000,20,262.000,29,310.000,1,0,33,
132703624000,252.000,2,248.000,50,247.000,29,246.000,20,86.000,1,84.000,3,259.000,30,260.000,29,261.000,20,262.000,29,310.000,1,0,33,
132703626000,252.000,2,248.000,59,247.000,29,246.000,20,86.000,1,84.000,3,259.000,30,260.000,29,261.000,20,262.000,29,310.000,1,0,33,
132703629000,252.000,2,248.000,39,247.000,29,246.000,20,86.000,1,84.000,3,259.000,30,260.000,9,261.000,20,262.000,29,310.000,1,0,33,
132703662000,252.000,2,248.000,39,247.000,29,86.000,1,84.000,3,39.000,20,259.000,30,260.000,9,262.000,29,310.000,1,320.000,1,0,33,
132703914000,252.000,2,248.000,39,247.000,29,86.000,1,84.000,3,39.000,20,259.000,30,260.000,9,262.000,20,310.000,1,320.000,1,0,33,
132704105000,252.000,2,248.000,59,247.000,29,86.000,1,84.000,3,39.000,20,259.000,30,260.000,9,262.000,20,263.000,20,310.000,1,0,33,
132704109000,252.000,2,248.000,38,247.000,29,86.000,1,84.000,3,39.000,20,259.000,9,260.000,9,262.000,20,263.000,20,310.000,1,0,33,
132704109000,252.000,2,248.000,38,247.000,29,86.000,1,84.000,3,39.000,20,259.000,9,260.000,9,262.000,29,263.000,20,310.000,1,0,33,
132704109000,252.000,2,248.000,38,247.000,29,86.000,1,84.000,3,39.000,20,260.000,9,262.000,29,263.000,20,310.000,1,320.000,1,0,33,
132704151000,252.000,2,248.000,38,247.000,29,86.000,1,84.000,3,39.000,20,262.000,29,263.000,20,310.000,1,320.000,1,400.000,1,0,33,
132704291000,252.000,2,248.000,18,247.000,29,86.000,1,84.000,3,39.000,20,262.000,29,310.000,1,320.000,1,400.000,1,414.000,1,0,33,
132704658000,252.000,2,249.000,20,248.000,18,247.000,29,86.000,1,84.000,3,262.000,29,264.000,20,310.000,1,320.000,1,400.000,1,0,33,
132704658000,252.000,2,249.000,29,248.000,18,247.000,29,86.000,1,84.000,3,262.000,29,264.000,20,310.000,1,320.000,1,400.000,1,0,33,
132704708000,252.000,2,249.000,29,248.000,18,247.000,9,86.000,1,84.000,3,262.000,9,264.000,20,310.000,1,320.000,1,400.000,1,0,33,
132704709000,252.000,2,249.000,29,248.000,18,247.000,9,86.000,1,84.000,3,264.000,20,310.000,1,320.000,1,400.000,1,414.000,1,0,33,
132704709000,252.000,2,249.000,29,248.000,18,247.000,9,86.000,1,84.000,3,264.000,29,310.000,1,320.000,1,400.000,1,414.000,1,0,33,
132704774000,252.000,2,249.000,9,248.000,18,247.000,9,86.000,1,84.000,3,264.000,9,310.000,1,320.000,1,400.000,1,414.000,1,0,33,
132704774000,252.000,2,249.000,9,248.000,18,247.000,9,86.000,1,84.000,3,264.000,9,310.000,10,320.000,1,400.000,1,414.000,1,0,33,
132704774000,252.000,2,249.000,9,248.000,18,247.000,9,86.000,1,84.000,3,310.000,10,320.000,1,400.000,1,414.000,1,775.000,1,0,33,
132704774000,252.000,2,248.000,18,247.000,9,86.000,1,84.000,3,39.000,20,310.000,10,320.000,1,400.000,1,414.000,1,775.000,1,0,33,
132705276000,252.000,2,250.000,20,248.000,18,247.000,9,86.000,1,84.000,3,265.000,20,310.000,10,320.000,1,400.000,1,414.000,1,0,33,
132705276000,252.000,2,250.000,29,248.000,18,247.000,9,86.000,1,84.000,3,265.000,20,310.000,10,320.000,1,400.000,1,414.000,1,0,33,
132705276000,252.000,2,250.000,29,248.000,18,247.000,9,86.000,1,84.000,3,265.000,29,310.000,10,320.000,1,400.000,1,414.000,1,0,33,
132705396000,252.000,2,250.000,9,248.000,18,247.000,9,86.000,1,84.000,3,265.000,9,310.000,10,320.000,1,400.000,1,414.000,1,0,33,
132705396000,252.000,2,248.000,18,247.000,9,86.000,1,84.000,3,39.000,20,265.000,9,310.000,10,320.000,1,400.000,1,414.000,1,0,33,
132705396000,252.000,2,248.000,18,247.000,9,86.000,1,84.000,3,39.000,20,310.000,10,320.000,1,400.000,1,414.000,1,775.000,1,0,33,
132705887000,252.000,2,250.000,20,248.000,18,247.000,9,86.000,1,84.000,3,265.000,20,310.000,10,320.000,1,400.000,1,414.000,1,0,33,
132705887000,252.000,2,250.000,20,248.000,18,247.000,9,86.000,1,84.000,3,265.000,29,310.000,10,320.000,1,400.000,1,414.000,1,0,33,
132705887000,252.000,2,250.000,29,248.000,18,247.000,9,86.000,1,84.000,3,265.000,29,310.000,10,320.000,1,400.000,1,414.000,1,0,33,
132705929000,252.000,2,250.000,49,248.000,18,247.000,9,86.000,1,84.000,3,265.000,29,270.000,20,310.000,10,320.000,1,400.000,1,0,33,
132706000000,252.000,2,250.000,29,248.000,18,247.000,9,86.000,1,84.000,3,265.000,9,270.000,20,310.000,10,320.000,1,400.000,1,0,33,
132706000000,252.000,2,250.000,29,248.000,18,247.000,9,86.000,1,84.000,3,265.000,9,270.000,29,310.000,10,320.000,1,400.000,1,0,33,
132706000000,252.000,2,250.000,29,248.000,18,247.000,9,86.000,1,84.000,3,270.000,29,310.000,10,320.000,1,400.000,1,414.000,1,0,33,
132706008000,252.000,2,250.000,29,248.000,18,86.000,1,84.000,3,39.000,20,270.000,29,310.000,10,320.000,1,400.000,1,414.000,1,0,33,
132706387000,252.000,2,250.000,49,248.000,18,86.000,1,84.000,3,39.000,20,262.000,20,270.000,29,310.000,10,320.000,1,400.000,1,0,33,
132706387000,252.000,2,250.000,49,248.000,18,86.000,1,84.000,3,39.000,20,262.000,29,270.000,29,310.000,10,320.000,1,400.000,1,0,33,
132706438000,252.000,2,250.000,49,248.000,18,86.000,1,84.000,3,39.000,20,262.000,29,265.000,9,270.000,29,310.000,10,320.000,1,0,33,
132707008000,252.000,2,250.000,49,248.000,18,86.000,1,84.000,3,39.000,20,262.000,29,265.000,9,270.000,29,310.000,1,320.000,1,0,33,
132707276000,252.000,2,251.000,21,250.000,49,248.000,18,86.000,1,84.000,3,262.000,50,265.000,9,270.000,29,310.000,1,320.000,1,0,33,
132707276000,252.000,2,251.000,30,250.000,49,248.000,18,86.000,1,84.000,3,262.000,50,265.000,9,270.000,29,310.000,1,320.000,1,0,33,
132707431000,252.000,2,251.000,30,250.000,49,248.000,9,86.000,1,84.000,3,262.000,50,265.000,9,270.000,29,310.000,1,320.000,1,0,33,
132707431000,252.000,2,251.000,30,250.000,58,248.000,9,86.000,1,84.000,3,262.000,50,265.000,9,270.000,29,310.000,1,320.000,1,0,33,
132707467000,252.000,2,251.000,30,250.000,58,248.000,29,86.000,1,84.000,3,262.000,50,263.000,20,265.000,9,270.000,29,310.000,1,0,33,
132707507000,252.000,2,251.000,30,250.000,58,248.000,20,86.000,1,84.000,3,262.000,50,263.000,20,265.000,9,270.000,29,310.000,1,0,33,
132708276000,252.000,2,251.000,9,250.000,58,248.000,20,86.000,1,84.000,3,262.000,29,263.000,20,265.000,9,270.000,29,310.000,1,0,33,
132708276000,252.000,2,251.000,30,250.000,58,248.000,20,86.000,1,84.000,3,261.000,21,262.000,29,263.000,20,265.000,9,270.000,29,0,33,
132708277000,252.000,2,251.000,21,250.000,58,248.000,20,86.000,1,84.000,3,261.000,21,262.000,29,263.000,20,265.000,9,270.000,29,0,33,
132708277000,252.000,2,251.000,21,250.000,58,248.000,20,86.000,1,84.000,3,261.000,30,262.000,29,263.000,20,265.000,9,270.000,29,0,33,
132708277000,252.000,2,251.000,30,250.000,58,248.000,20,86.000,1,84.000,3,261.000,30,262.000,29,263.000,20,265.000,9,270.000,29,0,33,
132708507000,252.000,2,251.000,30,250.000,58,248.000,20,86.000,1,84.000,3,261.000,30,262.000,29,263.000,20,265.000,9,270.000,20,0,33,
132708573000,252.000,2,251.000,30,250.000,38,248.000,20,86.000,1,84.000,3,261.000,30,262.000,9,263.000,20,265.000,9,270.000,20,0,33,
132708573000,252.000,2,251.000,30,250.000,58,248.000,20,86.000,1,84.000,3,261.000,30,262.000,9,263.000,40,265.000,9,270.000,20,0,33,
132708695000,252.000,2,251.000,30,250.000,38,248.000,20,86.000,1,84.000,3,261.000,30,262.000,9,263.000,20,265.000,9,270.000,20,0,33,
132708964000,252.000,2,251.000,9,250.000,38,248.000,20,86.000,1,84.000,3,261.000,9,262.000,9,263.000,20,265.000,9,270.000,20,0,33,
132708964000,252.000,2,251.000,30,250.000,38,248.000,20,86.000,1,84.000,3,261.000,9,262.000,30,263.000,20,265.000,9,270.000,20,0,33,
132708965000,252.000,2,251.000,30,250.000,38,248.000,20,86.000,1,84.000,3,261.000,9,262.000,30,263.000,29,265.000,9,270.000,20,0,33,
132708965000,252.000,2,251.000,30,250.000,38,248.000,20,86.000,1,84.000,3,262.000,30,263.000,29,265.000,9,270.000,20,310.000,1,0,33,
132708965000,252.000,2,251.000,21,250.000,38,248.000,20,86.000,1,84.000,3,262.000,30,263.000,29,265.000,9,270.000,20,310.000,1,0,33,
132708966000,252.000,2,251.000,30,250.000,38,248.000,20,86.000,1,84.000,3,262.000,30,263.000,29,265.000,9,270.000,20,310.000,1,0,33,
132709130000,252.000,2,251.000,50,250.000,38,248.000,20,86.000,1,84.000,3,262.000,30,263.000,49,265.000,9,270.000,20,310.000,1,0,33,
132709197000,252.000,2,251.000,50,250.000,38,86.000,1,84.000,3,39.000,20,262.000,30,263.000,29,265.000,9,270.000,20,310.000,1,0,33,
132709531000,252.000,2,251.000,50,250.000,58,86.000,1,84.000,3,39.000,20,262.000,30,263.000,29,265.000,29,270.000,20,310.000,1,0,33,
132710302000,252.000,2,251.000,30,250.000,58,86.000,1,84.000,3,39.000,20,262.000,30,263.000,9,265.000,29,270.000,20,310.000,1,0,33,
132710302000,252.000,2,251.000,30,250.000,58,248.000,20,86.000,1,84.000,3,262.000,30,263.000,29,265.000,29,270.000,20,310.000,1,0,33,
132710307000,252.000,2,251.000,30,250.000,58,86.000,1,84.000,3,39.000,20,262.000,30,263.000,9,265.000,29,270.000,20,310.000,1,0,33,
132710318000,252.000,2,251.000,30,250.000,38,86.000,1,84.000,3,39.000,20,262.000,30,263.000,9,265.000,9,270.000,20,310.000,1,0,33,
132710703000,252.000,2,251.000,9,250.000,38,86.000,1,84.000,3,39.000,20,262.000,9,263.000,9,265.000,9,270.000,20,310.000,1,0,33,
132710703000,252.000,2,251.000,30,250.000,38,86.000,1,84.000,3,39.000,20,261.000,21,262.000,9,263.000,9,265.000,9,270.000,20,0,33,
132710703000,252.000,2,251.000,30,250.000,38,86.000,1,84.000,3,39.000,20,261.000,30,262.000,9,263.000,9,265.000,9,270.000,20,0,33,
132710808000,252.000,2,251.000,30,250.000,38,249.000,20,86.000,1,84.000,3,261.000,30,262.000,29,263.000,9,265.000,9,270.000,20,0,33,
132710962000,252.000,2,251.000,30,250.000,38,86.000,1,84.000,3,39.000,20,261.000,30,262.000,9,263.000,9,265.000,9,270.000,20,0,33,
132711007000,252.000,2,251.000,30,250.000,38,86.000,1,84.000,3,39.000,20,261.000,30,262.000,9,265.000,9,270.000,20,310.000,1,0,33,
132711355000,252.000,2,251.000,30,250.000,58,86.000,1,84.000,3,39.000,20,261.000,30,262.000,29,265.000,9,270.000,20,310.000,1,0,33,
132711455000,252.000,2,251.000,9,250.000,58,86.000,1,84.000,3,39.000,20,261.000,9,262.000,29,265.000,9,270.000,20,310.000,1,0,33,
132711455000,252.000,2,251.000,30,250.000,58,86.000,1,84.000,3,39.000,20,261.000,9,262.000,50,265.000,9,270.000,20,310.000,1,0,33,
132711455000,252.000,2,251.000,21,250.000,58,86.000,1,84.000,3,39.000,20,261.000,9,262.000,50,265.000,9,270.000,20,310.000,1,0,33,
132711455000,252.000,2,251.000,21,250.000,58,86.000,1,84.000,3,39.000,20,262.000,50,265.000,9,270.000,20,310.000,1,320.000,1,0,33,
132711455000,252.000,2,251.000,30,250.000,58,86.000,1,84.000,3,39.000,20,262.000,50,265.000,9,270.000,20,310.000,1,320.000,1,0,33,
132713359000,252.000,2,251.000,30,250.000,38,86.000,1,84.000,3,39.000,20,262.000,30,265.000,9,270.000,20,310.000,1,320.000,1,0,33,
132713359000,252.000,2,251.000,30,250.000,58,86.000,1,84.000,3,39.000,20,262.000,30,263.000,20,265.000,9,270.000,20,310.000,1,0,33,
132713736000,252.000,2,251.000,30,250.000,38,86.000,1,84.000,3,39.000,20,262.000,30,265.000,9,270.000,20,310.000,1,320.000,1,0,33,
132713965000,252.000,2,251.000,50,250.000,38,86.000,1,84.000,3,39.000,20,262.000,30,263.000,20,265.000,9,270.000,20,310.000,1,0,33,
132714242000,252.000,2,251.000,50,250.000,58,86.000,1,84.000,3,39.000,20,262.000,30,263.000,20,265.000,29,270.000,20,310.000,1,0,33,
132714533000,252.000,2,251.000,29,250.000,58,86.000,1,84.000,3,39.000,20,262.000,9,263.000,20,265.000,29,270.000,20,310.000,1,0,33,
132714533000,252.000,2,251.000,50,250.000,58,86.000,1,84.000,3,39.000,20,262.000,9,263.000,41,265.000,29,270.000,20,310.000,1,0,33,
132714533000,252.000,2,251.000,50,250.000,58,86.000,1,84.000,3,39.000,20,263.000,41,265.000,29,270.000,20,310.000,1,320.000,1,0,33,
132714533000,252.000,2,251.000,50,250.000,58,86.000,1,84.000,3,39.000,20,263.000,50,265.000,29,270.000,20,310.000,1,320.000,1,0,33,
132714714000,252.000,2,251.000,30,250.000,58,86.000,1,84.000,3,39.000,20,263.000,30,265.000,29,270.000,20,310.000,1,320.000,1,0,33,
132714714000,252.000,2,251.000,50,250.000,58,86.000,1,84.000,3,39.000,20,263.000,30,264.000,20,265.000,29,270.000,20,310.000,1,0,33,
132716010000,252.000,2,251.000,30,250.000,58,86.000,1,84.000,3,39.000,20,263.000,30,265.000,29,270.000,20,310.000,1,320.000,1,0,33,
132716010000,252.000,2,251.000,50,250.000,58,86.000,1,84.000,3,39.000,20,263.000,50,265.000,29,270.000,20,310.000,1,320.000,1,0,33,
132716261000,252.000,2,251.000,30,250.000,58,86.000,1,84.000,3,39.000,20,263.000,30,265.000,29,270.000,20,310.000,1,320.000,1,0,33,
132716511000,252.000,2,252.000,20,251.000,30,250.000,58,86.000,1,84.000,3,263.000,30,264.000,20,265.000,29,270.000,20,310.000,1,0,33,
132716511000,252.000,2,252.000,29,251.000,30,250.000,58,86.000,1,84.000,3,263.000,30,264.000,20,265.000,29,270.000,20,310.000,1,0,33,
132716761000,252.000,2,252.000,9,251.000,30,250.000,58,86.000,1,84.000,3,263.000,30,265.000,29,270.000,20,310.000,1,320.000,1,0,33,
132716761000,252.000,2,251.000,30,250.000,58,86.000,1,84.000,3,39.000,20,263.000,30,265.000,29,270.000,20,310.000,1,320.000,1,0,33,
132717010000,252.000,2,252.000,20,251.000,30,250.000,58,86.000,1,84.000,3,263.000,30,264.000,20,265.000,29,270.000,20,310.000,1,0,33,
132717011000,252.000,2,252.000,29,251.000,30,250.000,58,86.000,1,84.000,3,263.000,30,264.000,20,265.000,29,270.000,20,310.000,1,0,33,
132717140000,252.000,2,252.000,29,251.000,9,250.000,58,86.000,1,84.000,3,263.000,9,264.000,20,265.000,29,270.000,20,310.000,1,0,33,
132717140000,252.000,2,253.000,21,252.000,29,251.000,9,250.000,58,86.000,1,263.000,30,264.000,20,265.000,29,270.000,20,310.000,1,0,33,
132717140000,252.000,2,253.000,30,252.000,29,251.000,9,250.000,58,86.000,1,263.000,30,264.000,20,265.000,29,270.000,20,310.000,1,0,33,
132717310000,252.000,2,253.000,30,252.000,9,251.000,9,250.000,58,86.000,1,263.000,30,265.000,29,270.000,20,310.000,1,320.000,1,0,33,
132717507000,252.000,2,253.000,30,252.000,9,251.000,9,250.000,49,86.000,1,263.000,30,265.000,29,270.000,20,310.000,1,320.000,1,0,33,
132717507000,252.000,2,253.000,30,252.000,9,250.000,49,86.000,1,84.000,3,263.000,30,265.000,29,270.000,20,310.000,1,320.000,1,0,33,
132717618000,252.000,2,253.000,30,252.000,9,251.000,20,250.000,49,86.000,1,263.000,30,264.000,20,265.000,29,270.000,20,310.000,1,0,33,
132717744000,252.000,2,253.000,30,252.000,9,250.000,49,86.000,1,84.000,3,263.000,30,265.000,29,270.000,20,310.000,1,320.000,1,0,33,
132717820000,252.000,2,253.000,30,252.000,9,250.000,40,86.000,1,84.000,3,263.000,30,265.000,29,270.000,20,310.000,1,320.000,1,0,33,
132717821000,252.000,2,253.000,30,252.000,18,250.000,40,86.000,1,84.000,3,263.000,30,265.000,29,270.000,20,310.000,1,320.000,1,0,33,
132718118000,252.000,2,253.000,30,252.000,38,250.000,40,86.000,1,84.000,3,263.000,30,264.000,20,265.000,29,270.000,20,310.000,1,0,33,
132718748000,252.000,2,253.000,30,252.000,18,250.000,40,86.000,1,84.000,3,263.000,30,265.000,29,270.000,20,310.000,1,320.000,1,0,33,
132718748000,252.000,2,253.000,30,252.000,18,250.000,60,86.000,1,84.000,3,263.000,30,264.000,20,265.000,29,270.000,20,310.000,1,0,33,
132718884000,252.000,2,253.000,30,252.000,18,250.000,40,86.000,1,84.000,3,263.000,30,265.000,29,270.000,20,310.000,1,320.000,1,0,33,
132719308000,252.000,2,253.000,30,252.000,18,250.000,60,86.000,1,84.000,3,263.000,30,264.000,20,265.000,29,270.000,20,310.000,1,0,33,
132720903000,252.000,2,253.000,30,252.000,18,250.000,60,86.000,1,84.000,3,263.000,30,264.000,20,265.000,20,270.000,20,310.000,1,0,33,
132721027000,252.000,2,253.000,30,252.000,18,250.000,60,86.000,1,84.000,3,263.000,30,264.000,20,265.000,20,267.000,9,270.000,20,0,33,
132721740000,252.000,2,253.000,30,252.000,18,250.000,40,86.000,1,84.000,3,263.000,30,265.000,20,267.000,9,270.000,20,310.000,1,0,33,
132721740000,252.000,2,253.000,30,252.000,18,251.000,20,250.000,40,86.000,1,263.000,30,264.000,20,265.000,20,267.000,9,270.000,20,0,33,
132721917000,252.000,2,253.000,9,252.000,18,251.000,20,250.000,40,86.000,1,263.000,9,264.000,20,265.000,20,267.000,9,270.000,20,0,33,
132721917000,252.000,2,253.000,30,252.000,18,251.000,20,250.000,40,86.000,1,263.000,9,264.000,41,265.000,20,267.000,9,270.000,20,0,33,
132721917000,252.000,2,253.000,30,252.000,18,251.000,20,250.000,40,86.000,1,263.000,9,264.000,50,265.000,20,267.000,9,270.000,20,0,33,
132721917000,252.000,2,253.000,21,252.000,18,251.000,20,250.000,40,86.000,1,263.000,9,264.000,50,265.000,20,267.000,9,270.000,20,0,33,
132721917000,252.000,2,253.000,21,252.000,18,251.000,20,250.000,40,86.000,1,264.000,50,265.000,20,267.000,9,270.000,20,310.000,1,0,33,
132721918000,252.000,2,253.000,30,252.000,18,251.000,20,250.000,40,86.000,1,264.000,50,265.000,20,267.000,9,270.000,20,310.000,1,0,33,
132721949000,252.000,2,253.000,30,252.000,18,250.000,40,86.000,1,84.000,3,264.000,30,265.000,20,267.000,9,270.000,20,310.000,1,0,33,
132721995000,252.000,2,253.000,30,252.000,18,250.000,20,86.000,1,84.000,3,264.000,30,267.000,9,270.000,20,310.000,1,320.000,1,0,33,
132722323000,252.000,2,253.000,30,252.000,38,250.000,20,86.000,1,84.000,3,264.000,30,265.000,20,267.000,9,270.000,20,310.000,1,0,33,
132722479000,252.000,2,253.000,30,252.000,38,250.000,40,86.000,1,84.000,3,264.000,30,265.000,20,267.000,29,270.000,20,310.000,1,0,33,
132722562000,252.000,2,253.000,30,252.000,18,250.000,40,86.000,1,84.000,3,264.000,30,267.000,29,270.000,20,310.000,1,320.000,1,0,33,
132722912000,252.000,2,253.000,30,252.000,18,250.000,60,86.000,1,84.000,3,264.000,30,265.000,20,267.000,29,270.000,20,310.000,1,0,33,
132722977000,252.000,2,253.000,9,252.000,18,250.000,60,86.000,1,84.000,3,264.000,9,265.000,20,267.000,29,270.000,20,310.000,1,0,33,
132722977000,252.000,2,253.000,30,252.000,18,250.000,60,86.000,1,84.000,3,263.000,21,264.000,9,265.000,20,267.000,29,270.000,20,0,33,
132723032000,252.000,2,253.000,30,252.000,18,250.000,40,86.000,1,84.000,3,263.000,21,264.000,9,267.000,29,270.000,20,310.000,1,0,33,
132723331000,252.000,2,253.000,30,252.000,18,250.000,40,86.000,1,84.000,3,263.000,30,264.000,9,267.000,29,270.000,20,310.000,1,0,33,
132723532000,252.000,2,253.000,30,252.000,18,250.000,60,86.000,1,84.000,3,263.000,50,264.000,9,267.000,29,270.000,20,310.000,1,0,33,
132724964000,252.000,2,253.000,30,252.000,18,250.000,40,86.000,1,84.000,3,263.000,50,264.000,9,267.000,9,270.000,20,310.000,1,0,33,
132725000000,252.000,2,253.000,30,252.000,18,250.000,20,86.000,1,84.000,3,263.000,30,264.000,9,267.000,9,270.000,20,310.000,1,0,33,
132725000000,252.000,2,253.000,30,252.000,18,251.000,20,250.000,20,86.000,1,263.000,30,264.000,29,267.000,9,270.000,20,310.000,1,0,33,
132725812000,252.000,2,253.000,30,252.000,18,251.000,20,250.000,40,86.000,1,263.000,30,264.000,29,266.000,20,267.000,9,270.000,20,0,33,
132725863000,252.000,2,253.000,30,252.000,18,250.000,40,86.000,1,84.000,3,263.000,30,264.000,9,266.000,20,267.000,9,270.000,20,0,33,
132725863000,252.000,2,253.000,30,252.000,18,251.000,20,250.000,40,86.000,1,263.000,50,264.000,9,266.000,20,267.000,9,270.000,20,0,33,
132726113000,252.000,2,253.000,30,252.000,18,250.000,40,86.000,1,84.000,3,263.000,30,264.000,9,266.000,20,267.000,9,270.000,20,0,33,
132726363000,252.000,2,253.000,30,252.000,18,250.000,60,86.000,1,84.000,3,263.000,50,264.000,9,266.000,20,267.000,9,270.000,20,0,33,
132726772000,252.000,2,253.000,30,252.000,18,250.000,40,86.000,1,84.000,3,263.000,30,264.000,9,266.000,20,267.000,9,270.000,20,0,33,
132726897000,252.000,2,253.000,30,252.000,18,250.000,60,86.000,1,84.000,3,263.000,50,264.000,9,266.000,20,267.000,9,270.000,20,0,33,
132727123000,252.000,2,253.000,30,252.000,18,250.000,40,86.000,1,84.000,3,263.000,30,264.000,9,266.000,20,267.000,9,270.000,20,0,33,
132727498000,252.000,2,253.000,30,252.000,18,250.000,60,86.000,1,84.000,3,262.000,20,263.000,30,264.000,9,266.000,20,267.000,9,0,33,
132727498000,252.000,2,253.000,30,252.000,18,250.000,60,86.000,1,84.000,3,262.000,29,263.000,30,264.000,9,266.000,20,267.000,9,0,33,
132727507000,252.000,2,253.000,30,252.000,18,250.000,60,86.000,1,84.000,3,262.000,29,263.000,30,266.000,20,267.000,9,270.000,20,0,33,
132727539000,252.000,2,253.000,9,252.000,18,250.000,60,86.000,1,84.000,3,262.000,29,263.000,9,266.000,20,267.000,9,270.000,20,0,33,
132727539000,252.000,2,253.000,30,252.000,18,250.000,60,86.000,1,84.000,3,262.000,50,263.000,9,266.000,20,267.000,9,270.000,20,0,33,
132727539000,252.000,2,253.000,21,252.000,18,250.000,60,86.000,1,84.000,3,262.000,50,263.000,9,266.000,20,267.000,9,270.000,20,0,33,
132727539000,252.000,2,253.000,30,252.000,18,250.000,60,86.000,1,84.000,3,262.000,50,263.000,9,266.000,20,267.000,9,270.000,20,0,33,
132727624000,252.000,2,253.000,30,252.000,18,250.000,40,86.000,1,84.000,3,262.000,30,263.000,9,266.000,20,267.000,9,270.000,20,0,33,
132728001000,252.000,2,253.000,30,252.000,18,250.000,60,86.000,1,84.000,3,262.000,30,263.000,29,266.000,20,267.000,9,270.000,20,0,33,
132728365000,252.000,2,253.000,30,252.000,18,250.000,40,86.000,1,84.000,3,262.000,30,263.000,9,266.000,20,267.000,9,270.000,20,0,33,
132728615000,252.000,2,253.000,30,252.000,18,250.000,60,86.000,1,84.000,3,262.000,30,263.000,29,266.000,20,267.000,9,270.000,20,0,33,
132730257000,252.000,2,253.000,30,252.000,18,250.000,40,86.000,1,84.000,3,262.000,30,263.000,29,267.000,9,270.000,20,310.000,1,0,33,
132730868000,252.000,2,253.000,30,252.000,18,250.000,20,86.000,1,84.000,3,262.000,30,263.000,9,267.000,9,270.000,20,310.000,1,0,33,
132730868000,252.000,2,253.000,30,252.000,18,250.000,40,86.000,1,84.000,3,262.000,50,263.000,9,267.000,9,270.000,20,310.000,1,0,33,
132730876000,252.000,2,253.000,30,252.000,18,250.000,60,86.000,1,84.000,3,262.000,50,263.000,9,265.000,20,267.000,9,270.000,20,0,33,
132731026000,252.000,2,253.000,30,252.000,18,250.000,40,86.000,1,84.000,3,262.000,30,263.000,9,265.000,20,267.000,9,270.000,20,0,33,
132731368000,252.000,2,253.000,30,252.000,18,250.000,60,86.000,1,84.000,3,262.000,30,263.000,29,265.000,20,267.000,9,270.000,20,0,33,
132732984000,252.000,2,253.000,30,252.000,18,250.000,40,86.000,1,84.000,3,262.000,30,263.000,9,265.000,20,267.000,9,270.000,20,0,33,
132732984000,252.000,2,253.000,30,252.000,18,250.000,60,86.000,1,84.000,3,262.000,50,263.000,9,265.000,20,267.000,9,270.000,20,0,33,
132733380000,252.000,2,253.000,30,252.000,18,250.000,40,86.000,1,84.000,3,262.000,30,263.000,9,265.000,20,267.000,9,270.000,20,0,33,
132733505000,252.000,2,253.000,30,252.000,18,250.000,60,86.000,1,84.000,3,262.000,30,263.000,29,265.000,20,267.000,9,270.000,20,0,33,
132734574000,252.000,2,253.000,30,252.000,18,250.000,40,86.000,1,84.000,3,262.000,30,263.000,9,265.000,20,267.000,9,270.000,20,0,33,
132734574000,252.000,2,253.000,30,252.000,18,251.000,20,250.000,40,86.000,1,262.000,30,263.000,29,265.000,20,267.000,9,270.000,20,0,33,
132735172000,252.000,2,253.000,9,252.000,18,251.000,20,250.000,40,86.000,1,262.000,9,263.000,29,265.000,20,267.000,9,270.000,20,0,33,
132735172000,252.000,2,253.000,30,252.000,18,251.000,20,250.000,40,86.000,1,262.000,9,263.000,50,265.000,20,267.000,9,270.000,20,0,33,
132735172000,252.000,2,253.000,21,252.000,18,251.000,20,250.000,40,86.000,1,262.000,9,263.000,50,265.000,20,267.000,9,270.000,20,0,33,
132735172000,252.000,2,253.000,21,252.000,18,251.000,20,250.000,40,86.000,1,263.000,50,265.000,20,267.000,9,270.000,20,310.000,1,0,33,
132735172000,252.000,2,253.000,30,252.000,18,251.000,20,250.000,40,86.000,1,263.000,50,265.000,20,267.000,9,270.000,20,310.000,1,0,33,
132735281000,252.000,2,253.000,30,252.000,18,250.000,40,86.000,1,84.000,3,263.000,30,265.000,20,267.000,9,270.000,20,310.000,1,0,33,
132735281000,252.000,2,253.000,30,252.000,38,250.000,40,86.000,1,84.000,3,263.000,30,264.000,20,265.000,20,267.000,9,270.000,20,0,33,
132735673000,252.000,2,253.000,30,252.000,38,250.000,20,86.000,1,84.000,3,263.000,30,264.000,20,267.000,9,270.000,20,310.000,1,0,33,
132737129000,252.000,2,253.000,30,252.000,18,250.000,20,86.000,1,84.000,3,263.000,30,267.000,9,270.000,20,310.000,1,320.000,1,0,33,
132737129000,252.000,2,253.000,30,252.000,18,251.000,20,250.000,20,86.000,1,263.000,30,264.000,20,267.000,9,270.000,20,310.000,1,0,33,
132738008000,252.000,2,253.000,30,252.000,18,250.000,20,86.000,1,84.000,3,263.000,30,267.000,9,270.000,20,310.000,1,320.000,1,0,33,
132738008000,252.000,2,253.000,30,252.000,38,250.000,20,86.000,1,84.000,3,263.000,30,264.000,20,267.000,9,270.000,20,310.000,1,0,33,
132739259000,252.000,2,253.000,30,252.000,38,250.000,40,86.000,1,84.000,3,263.000,30,264.000,20,266.000,20,267.000,9,270.000,20,0,33,
132739960000,252.000,2,253.000,30,252.000,18,250.000,40,86.000,1,84.000,3,263.000,30,266.000,20,267.000,9,270.000,20,310.000,1,0,33,
132739960000,252.000,2,253.000,30,252.000,18,251.000,20,250.000,40,86.000,1,263.000,50,266.000,20,267.000,9,270.000,20,310.000,1,0,33,
132740837000,252.000,2,253.000,9,252.000,18,251.000,20,250.000,40,86.000,1,263.000,29,266.000,20,267.000,9,270.000,20,310.000,1,0,33,
132740837000,252.000,2,253.000,30,252.000,18,251.000,20,250.000,40,86.000,1,262.000,21,263.000,29,266.000,20,267.000,9,270.000,20,0,33,
132740840000,252.000,2,253.000,30,252.000,18,250.000,40,86.000,1,84.000,3,262.000,21,263.000,9,266.000,20,267.000,9,270.000,20,0,33,
132740840000,252.000,2,253.000,30,252.000,18,250.000,60,86.000,1,84.000,3,262.000,41,263.000,9,266.000,20,267.000,9,270.000,20,0,33,
132740841000,252.000,2,253.000,30,252.000,18,250.000,60,86.000,1,84.000,3,262.000,41,263.000,9,266.000,20,270.000,20,310.000,1,0,33,
132740842000,252.000,2,253.000,21,252.000,18,250.000,60,86.000,1,84.000,3,262.000,41,263.000,9,266.000,20,270.000,20,310.000,1,0,33,
132740843000,252.000,2,253.000,21,252.000,18,250.000,60,86.000,1,84.000,3,262.000,41,263.000,9,265.000,9,266.000,20,270.000,20,0,33,
132740866000,252.000,2,253.000,21,252.000,18,250.000,40,86.000,1,84.000,3,262.000,41,263.000,9,265.000,9,270.000,20,310.000,1,0,33,
132741566000,252.000,2,253.000,30,252.000,18,250.000,40,86.000,1,84.000,3,262.000,41,263.000,9,265.000,9,270.000,20,310.000,1,0,33,
132741566000,252.000,2,253.000,30,252.000,18,250.000,40,86.000,1,84.000,3,262.000,50,263.000,9,265.000,9,270.000,20,310.000,1,0,33,
132742129000,252.000,2,253.000,30,252.000,18,250.000,20,86.000,1,84.000,3,262.000,30,263.000,9,265.000,9,270.000,20,310.000,1,0,33,
132742129000,252.000,2,253.000,30,252.000,18,250.000,40,86.000,1,84.000,3,262.000,30,263.000,29,265.000,9,270.000,20,310.000,1,0,33,
132742151000,252.000,2,253.000,30,252.000,18,250.000,40,86.000,1,84.000,3,262.000,30,263.000,29,270.000,20,310.000,1,320.000,1,0,33,
132742154000,252.000,2,253.000,9,252.000,18,250.000,40,86.000,1,84.000,3,262.000,9,263.000,29,270.000,20,310.000,1,320.000,1,0,33,
132742157000,252.000,2,253.000,9,252.000,18,250.000,20,86.000,1,84.000,3,262.000,9,263.000,9,270.000,20,310.000,1,320.000,1,0,33,
132742160000,252.000,2,252.000,18,250.000,20,86.000,1,84.000,3,39.000,20,262.000,9,263.000,9,270.000,20,310.000,1,320.000,1,0,33,
132742160000,252.000,2,252.000,18,250.000,20,86.000,1,84.000,3,39.000,20,263.000,9,270.000,20,310.000,1,320.000,1,400.000,1,0,33,
132742162000,252.000,2,252.000,18,250.000,20,86.000,1,84.000,3,39.000,20,270.000,20,310.000,1,320.000,1,400.000,1,414.000,1,0,33,
132742356000,252.000,2,252.000,18,86.000,1,84.000,3,39.000,20,22.500,20,310.000,1,320.000,1,400.000,1,414.000,1,775.000,1,0,33,
132742641000,252.000,2,252.000,18,251.000,20,86.000,1,84.000,3,39.000,20,266.000,20,310.000,1,320.000,1,400.000,1,414.000,1,0,33,
132742641000,252.000,2,252.000,18,251.000,20,86.000,1,84.000,3,39.000,20,266.000,29,310.000,1,320.000,1,400.000,1,414.000,1,0,33,
132742643000,252.000,2,252.000,18,86.000,1,84.000,3,39.000,20,22.500,20,266.000,9,310.000,1,320.000,1,400.000,1,414.000,1,0,33,
132742644000,252.000,2,252.000,18,86.000,1,84.000,3,39.000,20,22.500,20,266.000,9,310.000,10,320.000,1,400.000,1,414.000,1,0,33,
132742644000,252.000,2,252.000,18,86.000,1,84.000,3,39.000,20,22.500,20,310.000,10,320.000,1,400.000,1,414.000,1,775.000,1,0,33,
132743259000,252.000,2,252.000,38,86.000,1,84.000,3,39.000,20,22.500,20,267.000,20,310.000,10,320.000,1,400.000,1,414.000,1,0,33,
132743259000,252.000,2,252.000,38,86.000,1,84.000,3,39.000,20,22.500,20,267.000,29,310.000,10,320.000,1,400.000,1,414.000,1,0,33,
132743268000,252.000,2,252.000,18,86.000,1,84.000,3,39.000,20,22.500,20,267.000,9,310.000,10,320.000,1,400.000,1,414.000,1,0,33,
132743269000,252.000,2,252.000,18,86.000,1,84.000,3,39.000,20,22.500,20,310.000,10,320.000,1,400.000,1,414.000,1,775.000,1,0,33,
132743876000,252.000,2,253.000,20,252.000,18,86.000,1,84.000,3,39.000,20,268.000,20,310.000,10,320.000,1,400.000,1,414.000,1,0,33,
132743877000,252.000,2,253.000,20,252.000,18,86.000,1,84.000,3,39.000,20,268.000,29,310.000,10,320.000,1,400.000,1,414.000,1,0,33,
132743877000,252.000,2,253.000,29,252.000,18,86.000,1,84.000,3,39.000,20,268.000,29,310.000,10,320.000,1,400.000,1,414.000,1,0,33,
132743885000,252.000,2,253.000,9,252.000,18,86.000,1,84.000,3,39.000,20,268.000,9,310.000,10,320.000,1,400.000,1,414.000,1,0,33,
132743885000,252.000,2,252.000,18,86.000,1,84.000,3,39.000,20,22.500,20,268.000,9,310.000,10,320.000,1,400.000,1,414.000,1,0,33,
132743885000,252.000,2,252.000,18,86.000,1,84.000,3,39.000,20,22.500,20,310.000,10,320.000,1,400.000,1,414.000,1,775.000,1,0,33,
132744375000,252.000,2,254.000,20,252.000,18,86.000,1,84.000,3,39.000,20,269.000,20,310.000,10,320.000,1,400.000,1,414.000,1,0,33,
132744375000,252.000,2,254.000,29,252.000,18,86.000,1,84.000,3,39.000,20,269.000,20,310.000,10,320.000,1,400.000,1,414.000,1,0,33,
132744375000,252.000,2,254.000,29,252.000,18,86.000,1,84.000,3,39.000,20,269.000,29,310.000,10,320.000,1,400.000,1,414.000,1,0,33,
132744507000,252.000,2,254.000,29,252.000,38,86.000,1,84.000,3,39.000,20,269.000,29,272.000,20,310.000,10,320.000,1,400.000,1,0,33,
132745138000,252.000,2,254.000,9,252.000,38,86.000,1,84.000,3,39.000,20,269.000,9,272.000,20,310.000,10,320.000,1,400.000,1,0,33,
132745138000,252.000,2,254.000,9,253.000,20,252.000,38,86.000,1,84.000,3,268.000,20,269.000,9,272.000,20,310.000,10,320.000,1,0,33,
132745138000,252.000,2,253.000,20,252.000,38,86.000,1,84.000,3,39.000,20,268.000,20,269.000,9,272.000,20,310.000,10,320.000,1,0,33,
132745138000,252.000,2,253.000,20,252.000,38,86.000,1,84.000,3,39.000,20,268.000,20,269.000,9,272.000,29,310.000,10,320.000,1,0,33,
132745138000,252.000,2,253.000,20,252.000,38,86.000,1,84.000,3,39.000,20,268.000,20,272.000,29,310.000,10,320.000,1,400.000,1,0,33,
132745138000,252.000,2,253.000,20,252.000,38,86.000,1,84.000,3,39.000,20,268.000,29,272.000,29,310.000,10,320.000,1,400.000,1,0,33,
132745138000,252.000,2,253.000,29,252.000,38,86.000,1,84.000,3,39.000,20,268.000,29,272.000,29,310.000,10,320.000,1,400.000,1,0,33,
132745507000,252.000,2,253.000,29,252.000,38,86.000,1,84.000,3,39.000,20,268.000,29,272.000,29,310.000,1,320.000,1,400.000,1,0,33,
132746235000,252.000,2,253.000,9,252.000,38,86.000,1,84.000,3,39.000,20,268.000,9,272.000,29,310.000,1,320.000,1,400.000,1,0,33,
132746235000,252.000,2,253.000,9,252.000,58,86.000,1,84.000,3,39.000,20,267.000,20,268.000,9,272.000,29,310.000,1,320.000,1,0,33,
132746235000,252.000,2,253.000,9,252.000,58,86.000,1,84.000,3,39.000,20,267.000,20,272.000,29,310.000,1,320.000,1,400.000,1,0,33,
132746235000,252.000,2,252.000,58,86.000,1,84.000,3,39.000,20,22.500,20,267.000,20,272.000,29,310.000,1,320.000,1,400.000,1,0,33,
132746235000,252.000,2,252.000,58,86.000,1,84.000,3,39.000,20,22.500,20,267.000,29,272.000,29,310.000,1,320.000,1,400.000,1,0,33,
132746360000,252.000,2,252.000,38,86.000,1,84.000,3,39.000,20,22.500,20,267.000,9,272.000,29,310.000,1,320.000,1,400.000,1,0,33,
132746360000,252.000,2,252.000,38,86.000,1,84.000,3,39.000,20,22.500,20,272.000,29,310.000,1,320.000,1,400.000,1,414.000,1,0,33,
132746542000,252.000,2,253.000,21,252.000,38,86.000,1,84.000,3,39.000,20,271.000,21,272.000,29,310.000,1,320.000,1,400.000,1,0,33,
132746542000,252.000,2,253.000,30,252.000,38,86.000,1,84.000,3,39.000,20,271.000,21,272.000,29,310.000,1,320.000,1,400.000,1,0,33,
132746542000,252.000,2,253.000,30,252.000,38,86.000,1,84.000,3,39.000,20,271.000,30,272.000,29,310.000,1,320.000,1,400.000,1,0,33,
132746735000,252.000,2,253.000,50,252.000,38,86.000,1,84.000,3,39.000,20,268.000,20,271.000,30,272.000,29,310.000,1,320.000,1,0,33,
132746735000,252.000,2,253.000,50,252.000,38,86.000,1,84.000,3,39.000,20,268.000,29,271.000,30,272.000,29,310.000,1,320.000,1,0,33,
132746966000,252.000,2,253.000,50,252.000,38,250.000,20,86.000,1,84.000,3,268.000,49,271.000,30,272.000,29,310.000,1,320.000,1,0,33,
132747007000,252.000,2,253.000,50,252.000,38,250.000,20,86.000,1,84.000,3,268.000,49,271.000,30,272.000,20,310.000,1,320.000,1,0,33,
132747542000,252.000,2,253.000,29,252.000,38,250.000,20,86.000,1,84.000,3,268.000,49,271.000,9,272.000,20,310.000,1,320.000,1,0,33,
132747542000,252.000,2,253.000,50,252.000,38,250.000,20,86.000,1,84.000,3,267.000,21,268.000,49,271.000,9,272.000,20,310.000,1,0,33,
132747542000,252.000,2,253.000,50,252.000,38,250.000,20,86.000,1,84.000,3,267.000,30,268.000,49,271.000,9,272.000,20,310.000,1,0,33,
132748000000,252.000,2,253.000,30,252.000,38,250.000,20,86.000,1,84.000,3,267.000,30,268.000,29,271.000,9,272.000,20,310.000,1,0,33,
132748000000,252.000,2,253.000,30,252.000,38,251.000,20,250.000,20,86.000,1,266.000,20,267.000,30,268.000,29,271.000,9,272.000,20,0,33,
132748001000,252.000,2,253.000,30,252.000,18,251.000,20,250.000,20,86.000,1,266.000,20,267.000,30,268.000,29,271.000,9,310.000,1,0,33,
132748003000,252.000,2,253.000,30,252.000,18,250.000,20,86.000,1,84.000,3,267.000,30,268.000,29,271.000,9,310.000,1,320.000,1,0,33,
132748004000,252.000,2,253.000,30,252.000,18,250.000,40,86.000,1,84.000,3,267.000,30,268.000,29,270.000,20,271.000,9,310.000,1,0,33,
132748007000,252.000,2,253.000,30,252.000,18,250.000,40,86.000,1,84.000,3,267.000,30,268.000,29,270.000,20,310.000,1,320.000,1,0,33,
132748511000,252.000,2,253.000,30,252.000,18,251.000,20,250.000,40,86.000,1,266.000,20,267.000,30,268.000,29,270.000,20,310.000,1,0,33,
132748511000,252.000,2,253.000,30,252.000,18,251.000,20,250.000,40,86.000,1,266.000,29,267.000,30,268.000,29,270.000,20,310.000,1,0,33,
132748642000,252.000,2,253.000,9,252.000,18,251.000,20,250.000,40,86.000,1,266.000,29,267.000,9,268.000,29,270.000,20,310.000,1,0,33,
132748642000,252.000,2,253.000,30,252.000,18,251.000,20,250.000,40,86.000,1,265.000,21,266.000,29,267.000,9,268.000,29,270.000,20,0,33,
132748643000,252.000,2,253.000,21,252.000,18,251.000,20,250.000,40,86.000,1,265.000,21,266.000,29,267.000,9,268.000,29,270.000,20,0,33,
132748643000,252.000,2,253.000,21,252.000,18,251.000,20,250.000,40,86.000,1,265.000,30,266.000,29,267.000,9,268.000,29,270.000,20,0,33,
132748643000,252.000,2,253.000,30,252.000,18,251.000,20,250.000,40,86.000,1,265.000,30,266.000,29,267.000,9,268.000,29,270.000,20,0,33,
132748760000,252.000,2,253.000,30,252.000,18,250.000,40,86.000,1,84.000,3,265.000,30,266.000,9,267.000,9,268.000,29,270.000,20,0,33,
132748791000,252.000,2,253.000,30,252.000,18,250.000,40,86.000,1,84.000,3,265.000,30,266.000,18,267.000,9,268.000,29,270.000,20,0,33,
132749007000,252.000,2,253.000,30,252.000,18,250.000,40,86.000,1,84.000,3,265.000,30,266.000,18,268.000,29,270.000,20,310.000,1,0,33,
132749007000,252.000,2,253.000,30,252.000,18,250.000,40,86.000,1,84.000,3,265.000,30,266.000,18,268.000,20,270.000,20,310.000,1,0,33,
132749009000,252.000,2,253.000,30,252.000,38,250.000,40,86.000,1,84.000,3,265.000,30,266.000,18,267.000,20,268.000,20,270.000,20,0,33,
132749614000,252.000,2,253.000,30,252.000,18,250.000,40,86.000,1,84.000,3,265.000,30,266.000,18,268.000,20,270.000,20,310.000,1,0,33,
132749614000,252.000,2,253.000,30,252.000,38,250.000,40,86.000,1,84.000,3,265.000,50,266.000,18,268.000,20,270.000,20,310.000,1,0,33,
132750479000,252.000,2,253.000,30,252.000,18,250.000,40,86.000,1,84.000,3,265.000,30,266.000,18,268.000,20,270.000,20,310.000,1,0,33,
132750479000,252.000,2,253.000,50,252.000,18,250.000,40,86.000,1,84.000,3,265.000,50,266.000,18,268.000,20,270.000,20,310.000,1,0,33,
132751102000,252.000,2,253.000,50,252.000,18,250.000,20,86.000,1,84.000,3,265.000,50,266.000,18,270.000,20,310.000,1,320.000,1,0,33,
132751144000,252.000,2,253.000,30,252.000,18,250.000,20,86.000,1,84.000,3,265.000,30,266.000,18,270.000,20,310.000,1,320.000,1,0,33,
132751144000,252.000,2,253.000,30,252.000,38,250.000,20,86.000,1,84.000,3,265.000,50,266.000,18,270.000,20,310.000,1,320.000,1,0,33,
132751363000,252.000,2,253.000,30,252.000,38,250.000,40,86.000,1,84.000,3,265.000,50,266.000,38,270.000,20,310.000,1,320.000,1,0,33,
132751639000,252.000,2,253.000,30,252.000,29,250.000,40,86.000,1,84.000,3,265.000,50,266.000,38,270.000,20,310.000,1,320.000,1,0,33,
132751761000,252.000,2,253.000,30,252.000,29,250.000,49,86.000,1,84.000,3,265.000,50,266.000,38,270.000,20,310.000,1,320.000,1,0,33,
132752136000,252.000,2,253.000,30,252.000,9,250.000,49,86.000,1,84.000,3,265.000,30,266.000,38,270.000,20,310.000,1,320.000,1,0,33,
132752136000,252.000,2,253.000,50,252.000,9,250.000,49,86.000,1,84.000,3,265.000,50,266.000,38,270.000,20,310.000,1,320.000,1,0,33,
132753010000,252.000,2,253.000,30,252.000,9,250.000,49,86.000,1,84.000,3,265.000,30,266.000,38,270.000,20,310.000,1,320.000,1,0,33,
132753010000,252.000,2,253.000,50,252.000,9,250.000,49,86.000,1,84.000,3,265.000,30,266.000,58,270.000,20,310.000,1,320.000,1,0,33,
132753135000,252.000,2,253.000,30,252.000,9,250.000,49,86.000,1,84.000,3,265.000,30,266.000,38,270.000,20,310.000,1,320.000,1,0,33,
132753617000,252.000,2,253.000,30,252.000,29,250.000,49,86.000,1,84.000,3,265.000,50,266.000,38,270.000,20,310.000,1,320.000,1,0,33,
132753866000,252.000,2,253.000,30,252.000,9,250.000,49,86.000,1,84.000,3,265.000,30,266.000,38,270.000,20,310.000,1,320.000,1,0,33,
132754216000,252.000,2,253.000,30,252.000,29,250.000,49,86.000,1,84.000,3,264.000,20,265.000,30,266.000,38,270.000,20,310.000,1,0,33,
132754216000,252.000,2,253.000,30,252.000,29,250.000,49,86.000,1,84.000,3,264.000,29,265.000,30,266.000,38,270.000,20,310.000,1,0,33,
132754507000,252.000,2,253.000,30,252.000,29,250.000,49,86.000,1,84.000,3,264.000,29,265.000,30,266.000,29,270.000,20,310.000,1,0,33,
132754523000,252.000,2,253.000,9,252.000,29,250.000,49,86.000,1,84.000,3,264.000,29,265.000,9,266.000,29,270.000,20,310.000,1,0,33,
132754523000,252.000,2,253.000,30,252.000,29,250.000,49,86.000,1,84.000,3,263.000,21,264.000,29,265.000,9,266.000,29,270.000,20,0,33,
132754523000,252.000,2,253.000,30,252.000,29,250.000,49,86.000,1,84.000,3,263.000,30,264.000,29,265.000,9,266.000,29,270.000,20,0,33,
132754591000,252.000,2,253.000,30,252.000,9,250.000,49,86.000,1,84.000,3,263.000,30,264.000,9,265.000,9,266.000,29,270.000,20,0,33,
132754716000,252.000,2,253.000,30,252.000,29,250.000,49,86.000,1,84.000,3,263.000,30,264.000,9,265.000,29,266.000,29,270.000,20,0,33,
132754966000,252.000,2,253.000,30,252.000,9,250.000,49,86.000,1,84.000,3,263.000,30,264.000,9,265.000,9,266.000,29,270.000,20,0,33,
132755007000,252.000,2,253.000,30,252.000,9,250.000,49,86.000,1,84.000,3,263.000,30,264.000,9,266.000,29,270.000,20,310.000,1,0,33,
132755216000,252.000,2,253.000,30,252.000,29,250.000,49,86.000,1,84.000,3,263.000,30,264.000,29,266.000,29,270.000,20,310.000,1,0,33,
132810857000,252.000,2,253.000,30,252.000,9,250.000,49,86.000,1,84.000,3,263.000,30,264.000,9,266.000,29,270.000,20,310.000,1,0,33,
132810857000,252.000,2,253.000,30,252.000,9,251.000,20,250.000,49,86.000,1,263.000,50,264.000,9,266.000,29,270.000,20,310.000,1,0,33,
132810911000,252.000,2,253.000,30,252.000,9,251.000,20,250.000,29,86.000,1,263.000,50,264.000,9,266.000,9,270.000,20,310.000,1,0,33,
132811847000,252.000,2,253.000,30,252.000,9,251.000,20,250.000,49,86.000,1,263.000,50,264.000,9,265.000,20,266.000,9,270.000,20,0,33,
132812493000,252.000,2,253.000,30,252.000,9,250.000,49,86.000,1,84.000,3,263.000,30,264.000,9,265.000,20,266.000,9,270.000,20,0,33,
132812493000,252.000,2,253.000,30,252.000,29,250.000,49,86.000,1,84.000,3,263.000,30,264.000,29,265.000,20,266.000,9,270.000,20,0,33,
132814730000,252.000,2,253.000,30,252.000,9,250.000,49,86.000,1,84.000,3,263.000,30,264.000,9,265.000,20,266.000,9,270.000,20,0,33,
132814730000,252.000,2,253.000,30,252.000,9,251.000,20,250.000,49,86.000,1,263.000,30,264.000,29,265.000,20,266.000,9,270.000,20,0,33,
132814854000,252.000,2,253.000,30,252.000,9,251.000,20,250.000,49,86.000,1,263.000,30,264.000,29,265.000,20,270.000,20,310.000,1,0,33,
132814855000,252.000,2,253.000,30,252.000,9,251.000,20,250.000,49,86.000,1,263.000,30,264.000,38,265.000,20,270.000,20,310.000,1,0,33,
132814856000,252.000,2,253.000,30,252.000,9,250.000,49,86.000,1,84.000,3,263.000,30,264.000,18,265.000,20,270.000,20,310.000,1,0,33,
132815192000,252.000,2,253.000,9,252.000,9,250.000,49,86.000,1,84.000,3,263.000,9,264.000,18,265.000,20,270.000,20,310.000,1,0,33,
132815192000,252.000,2,253.000,9,252.000,30,250.000,49,86.000,1,84.000,3,263.000,30,264.000,18,265.000,20,270.000,20,310.000,1,0,33,
132815193000,252.000,2,253.000,9,252.000,30,250.000,49,86.000,1,84.000,3,263.000,21,264.000,18,265.000,20,270.000,20,310.000,1,0,33,
132815193000,252.000,2,253.000,9,252.000,30,250.000,58,86.000,1,84.000,3,263.000,21,264.000,18,265.000,20,270.000,20,310.000,1,0,33,
132815193000,252.000,2,252.000,30,250.000,58,86.000,1,84.000,3,39.000,20,263.000,21,264.000,18,265.000,20,270.000,20,310.000,1,0,33,
132815258000,252.000,2,252.000,30,251.000,20,250.000,58,86.000,1,84.000,3,263.000,41,264.000,18,265.000,20,270.000,20,310.000,1,0,33,
132815258000,252.000,2,252.000,30,251.000,20,250.000,58,86.000,1,84.000,3,263.000,50,264.000,18,265.000,20,270.000,20,310.000,1,0,33,
132816727000,252.000,2,252.000,9,251.000,20,250.000,58,86.000,1,84.000,3,263.000,29,264.000,18,265.000,20,270.000,20,310.000,1,0,33,
132816727000,252.000,2,253.000,21,252.000,9,251.000,20,250.000,58,86.000,1,263.000,50,264.000,18,265.000,20,270.000,20,310.000,1,0,33,
132816727000,252.000,2,253.000,21,252.000,9,251.000,29,250.000,58,86.000,1,263.000,50,264.000,18,265.000,20,270.000,20,310.000,1,0,33,
132816727000,252.000,2,253.000,21,251.000,29,250.000,58,86.000,1,84.000,3,263.000,50,264.000,18,265.000,20,270.000,20,310.000,1,0,33,
132816727000,252.000,2,253.000,30,251.000,29,250.000,58,86.000,1,84.000,3,263.000,50,264.000,18,265.000,20,270.000,20,310.000,1,0,33,
132816882000,252.000,2,253.000,30,251.000,9,250.000,58,86.000,1,84.000,3,263.000,30,264.000,18,265.000,20,270.000,20,310.000,1,0,33,
132816882000,252.000,2,253.000,30,252.000,20,251.000,9,250.000,58,86.000,1,263.000,30,264.000,38,265.000,20,270.000,20,310.000,1,0,33,
132817007000,252.000,2,253.000,30,252.000,20,251.000,9,250.000,49,86.000,1,263.000,30,264.000,38,265.000,20,270.000,20,310.000,1,0,33,
132820356000,252.000,2,253.000,30,251.000,9,250.000,49,86.000,1,84.000,3,263.000,30,264.000,18,265.000,20,270.000,20,310.000,1,0,33,
132820356000,252.000,2,253.000,30,251.000,29,250.000,49,86.000,1,84.000,3,263.000,50,264.000,18,265.000,20,270.000,20,310.000,1,0,33,
132821127000,252.000,2,253.000,30,251.000,9,250.000,49,86.000,1,84.000,3,263.000,30,264.000,18,265.000,20,270.000,20,310.000,1,0,33,
132821127000,252.000,2,253.000,30,252.000,20,251.000,9,250.000,49,86.000,1,263.000,30,264.000,38,265.000,20,270.000,20,310.000,1,0,33,
132821738000,252.000,2,253.000,30,251.000,9,250.000,49,86.000,1,84.000,3,263.000,30,264.000,18,265.000,20,270.000,20,310.000,1,0,33,
132821738000,252.000,2,253.000,30,251.000,29,250.000,49,86.000,1,84.000,3,263.000,50,264.000,18,265.000,20,270.000,20,310.000,1,0,33,
132824081000,252.000,2,253.000,30,251.000,9,250.000,49,86.000,1,84.000,3,263.000,30,264.000,18,265.000,20,270.000,20,310.000,1,0,33,
132825413000,252.000,2,253.000,30,252.000,20,251.000,9,250.000,49,86.000,1,263.000,30,264.000,38,265.000,20,270.000,20,310.000,1,0,33,
132828616000,252.000,2,253.000,30,251.000,9,250.000,49,86.000,1,84.000,3,263.000,30,264.000,18,265.000,20,270.000,20,310.000,1,0,33,
132828616000,252.000,2,253.000,30,251.000,29,250.000,49,86.000,1,84.000,3,263.000,50,264.000,18,265.000,20,270.000,20,310.000,1,0,33,
132830160000,252.000,2,253.000,30,251.000,9,250.000,49,86.000,1,84.000,3,263.000,30,264.000,18,265.000,20,270.000,20,310.000,1,0,33,
132830160000,252.000,2,253.000,30,251.000,29,250.000,49,86.000,1,84.000,3,263.000,30,264.000,38,265.000,20,270.000,20,310.000,1,0,33,
132830466000,252.000,2,253.000,9,251.000,29,250.000,49,86.000,1,84.000,3,263.000,9,264.000,38,265.000,20,270.000,20,310.000,1,0,33,
132830466000,252.000,2,253.000,9,252.000,21,251.000,29,250.000,49,86.000,1,263.000,30,264.000,38,265.000,20,270.000,20,310.000,1,0,33,
132830466000,252.000,2,252.000,21,251.000,29,250.000,49,86.000,1,84.000,3,263.000,30,264.000,38,265.000,20,270.000,20,310.000,1,0,33,
132830466000,252.000,2,252.000,21,251.000,29,250.000,49,86.000,1,84.000,3,263.000,21,264.000,38,265.000,20,270.000,20,310.000,1,0,33,
132830466000,252.000,2,252.000,30,251.000,29,250.000,49,86.000,1,84.000,3,263.000,21,264.000,38,265.000,20,270.000,20,310.000,1,0,33,
132830637000,252.000,2,252.000,30,251.000,29,250.000,49,86.000,1,84.000,3,263.000,30,264.000,38,265.000,20,270.000,20,310.000,1,0,33,
132831003000,252.000,2,252.000,30,251.000,9,250.000,49,86.000,1,84.000,3,263.000,30,264.000,18,265.000,20,270.000,20,310.000,1,0,33,
132831003000,252.000,2,252.000,30,251.000,29,250.000,49,86.000,1,84.000,3,263.000,50,264.000,18,265.000,20,270.000,20,310.000,1,0,33,
132831071000,252.000,2,252.000,30,251.000,29,250.000,29,86.000,1,84.000,3,263.000,50,264.000,18,270.000,20,310.000,1,320.000,1,0,33,
132831143000,252.000,2,252.000,30,251.000,9,250.000,29,86.000,1,84.000,3,263.000,30,264.000,18,270.000,20,310.000,1,320.000,1,0,33,
132831517000,252.000,2,252.000,30,251.000,9,250.000,49,86.000,1,84.000,3,263.000,50,264.000,18,270.000,20,310.000,1,320.000,1,0,33,
132833388000,252.000,2,252.000,30,251.000,9,250.000,29,86.000,1,84.000,3,263.000,30,264.000,18,270.000,20,310.000,1,320.000,1,0,33,
132833388000,252.000,2,252.000,30,251.000,29,250.000,29,86.000,1,84.000,3,263.000,50,264.000,18,270.000,20,310.000,1,320.000,1,0,33,
132834032000,252.000,2,252.000,30,251.000,9,250.000,29,86.000,1,84.000,3,263.000,30,264.000,18,270.000,20,310.000,1,320.000,1,0,33,
132834545000,252.000,2,252.000,30,251.000,9,250.000,49,86.000,1,84.000,3,263.000,50,264.000,18,270.000,20,310.000,1,320.000,1,0,33,
132834670000,252.000,2,252.000,30,251.000,9,250.000,29,86.000,1,84.000,3,263.000,30,264.000,18,270.000,20,310.000,1,320.000,1,0,33,
132834831000,252.000,2,252.000,30,251.000,9,250.000,29,249.000,20,86.000,1,263.000,30,264.000,38,270.000,20,310.000,1,320.000,1,0,33,
132835163000,252.000,2,252.000,30,251.000,9,250.000,49,249.000,20,86.000,1,262.000,20,263.000,30,264.000,38,270.000,20,310.000,1,0,33,
132835163000,252.000,2,252.000,30,251.000,9,250.000,49,249.000,20,86.000,1,262.000,29,263.000,30,264.000,38,270.000,20,310.000,1,0,33,
132835468000,252.000,2,252.000,9,251.000,9,250.000,49,249.000,20,86.000,1,262.000,29,263.000,9,264.000,38,270.000,20,310.000,1,0,33,
132835468000,252.000,2,252.000,30,251.000,9,250.000,49,249.000,20,86.000,1,261.000,21,262.000,29,263.000,9,264.000,38,270.000,20,0,33,
132835468000,252.000,2,252.000,30,251.000,9,250.000,49,249.000,20,86.000,1,261.000,30,262.000,29,263.000,9,264.000,38,270.000,20,0,33,
132835507000,252.000,2,252.000,30,251.000,9,250.000,49,249.000,20,86.000,1,261.000,30,262.000,29,264.000,38,270.000,20,310.000,1,0,33,
132835507000,252.000,2,252.000,30,251.000,9,250.000,49,249.000,20,86.000,1,261.000,30,262.000,29,264.000,29,270.000,20,310.000,1,0,33,
132836965000,252.000,2,252.000,30,251.000,9,250.000,29,249.000,20,86.000,1,261.000,30,262.000,9,264.000,29,270.000,20,310.000,1,0,33,
132836965000,252.000,2,252.000,30,251.000,29,250.000,29,249.000,20,86.000,1,261.000,30,262.000,9,263.000,20,264.000,29,270.000,20,0,33,
132837146000,252.000,2,252.000,30,251.000,9,250.000,29,249.000,20,86.000,1,261.000,30,262.000,9,264.000,29,270.000,20,310.000,1,0,33,
132837521000,252.000,2,252.000,30,251.000,9,250.000,49,249.000,20,86.000,1,261.000,30,262.000,9,263.000,20,264.000,29,270.000,20,0,33,
132837771000,252.000,2,252.000,30,251.000,9,250.000,29,249.000,20,86.000,1,261.000,30,262.000,9,264.000,29,270.000,20,310.000,1,0,33,
132838022000,252.000,2,252.000,30,251.000,9,250.000,49,249.000,20,86.000,1,261.000,30,262.000,9,263.000,20,264.000,29,270.000,20,0,33,
132838091000,252.000,2,252.000,30,251.000,9,250.000,29,249.000,20,86.000,1,261.000,30,262.000,9,264.000,29,270.000,20,310.000,1,0,33,
132838521000,252.000,2,252.000,30,251.000,29,250.000,29,249.000,20,86.000,1,261.000,30,262.000,9,263.000,20,264.000,29,270.000,20,0,33,
132839327000,252.000,2,252.000,30,251.000,9,250.000,29,249.000,20,86.000,1,261.000,30,262.000,9,264.000,29,270.000,20,310.000,1,0,33,
132839327000,252.000,2,252.000,30,251.000,9,250.000,49,249.000,20,86.000,1,261.000,30,262.000,9,263.000,20,264.000,29,270.000,20,0,33,
132839746000,252.000,2,252.000,30,251.000,9,250.000,29,249.000,20,86.000,1,261.000,30,262.000,9,264.000,29,270.000,20,310.000,1,0,33,
132839874000,252.000,2,252.000,30,251.000,9,250.000,49,249.000,20,86.000,1,261.000,30,262.000,29,264.000,29,270.000,20,310.000,1,0,33,
132841118000,252.000,2,252.000,30,251.000,9,250.000,29,249.000,20,86.000,1,261.000,30,262.000,9,264.000,29,270.000,20,310.000,1,0,33,
132841118000,252.000,2,252.000,30,251.000,9,250.000,29,249.000,40,86.000,1,261.000,30,262.000,29,264.000,29,270.000,20,310.000,1,0,33,
132841738000,252.000,2,252.000,30,251.000,9,250.000,29,249.000,20,86.000,1,261.000,30,262.000,9,264.000,29,270.000,20,310.000,1,0,33,
132841738000,252.000,2,252.000,30,251.000,9,250.000,29,249.000,40,86.000,1,261.000,50,262.000,9,264.000,29,270.000,20,310.000,1,0,33,
132842056000,252.000,2,252.000,30,251.000,9,250.000,20,249.000,40,86.000,1,261.000,50,262.000,9,264.000,29,270.000,20,310.000,1,0,33,
132842056000,252.000,2,252.000,9,251.000,9,250.000,20,249.000,40,86.000,1,261.000,29,262.000,9,264.000,29,270.000,20,310.000,1,0,33,
132842056000,252.000,2,252.000,9,251.000,30,250.000,20,249.000,40,86.000,1,261.000,50,262.000,9,264.000,29,270.000,20,310.000,1,0,33,
132842056000,252.000,2,252.000,9,251.000,30,250.000,20,249.000,40,248.000,9,261.000,50,262.000,9,264.000,29,270.000,20,310.000,1,0,33,
132842057000,252.000,2,252.000,9,251.000,30,250.000,29,249.000,40,248.000,9,261.000,50,262.000,9,264.000,29,270.000,20,310.000,1,0,33,
132842057000,252.000,2,251.000,30,250.000,29,249.000,40,248.000,9,86.000,1,261.000,50,262.000,9,264.000,29,270.000,20,310.000,1,0,33,
132842261000,252.000,2,251.000,30,250.000,29,249.000,20,248.000,9,86.000,1,261.000,30,262.000,9,264.000,29,270.000,20,310.000,1,0,33,
132842261000,252.000,2,251.000,30,250.000,29,249.000,40,248.000,9,86.000,1,261.000,30,262.000,29,264.000,29,270.000,20,310.000,1,0,33,
132842713000,252.000,2,251.000,30,250.000,29,249.000,20,248.000,9,86.000,1,261.000,30,262.000,9,264.000,29,270.000,20,310.000,1,0,33,
132842876000,252.000,2,251.000,30,250.000,49,249.000,20,248.000,9,86.000,1,261.000,30,262.000,29,264.000,29,270.000,20,310.000,1,0,33,
132843156000,252.000,2,251.000,9,250.000,49,249.000,20,248.000,9,86.000,1,261.000,9,262.000,29,264.000,29,270.000,20,310.000,1,0,33,
132843156000,252.000,2,252.000,21,251.000,9,250.000,49,249.000,20,248.000,9,261.000,30,262.000,29,264.000,29,270.000,20,310.000,1,0,33,
132843156000,252.000,2,252.000,21,251.000,9,250.000,29,249.000,20,248.000,9,261.000,30,262.000,9,264.000,29,270.000,20,310.000,1,0,33,
132843158000,252.000,2,252.000,30,251.000,9,250.000,29,249.000,20,248.000,9,261.000,30,262.000,9,264.000,29,270.000,20,310.000,1,0,33,
132843476000,252.000,2,252.000,30,251.000,9,250.000,49,249.000,20,248.000,9,261.000,30,262.000,29,264.000,29,270.000,20,310.000,1,0,33,
132843507000,252.000,2,252.000,30,251.000,9,250.000,40,249.000,20,248.000,9,261.000,30,262.000,29,264.000,29,270.000,20,310.000,1,0,33,
132844102000,252.000,2,252.000,30,251.000,9,250.000,20,249.000,20,248.000,9,261.000,30,262.000,9,264.000,29,270.000,20,310.000,1,0,33,
132844102000,252.000,2,252.000,30,251.000,9,250.000,20,249.000,40,248.000,9,261.000,30,262.000,29,264.000,29,270.000,20,310.000,1,0,33,
132844969000,252.000,2,252.000,30,251.000,9,250.000,20,249.000,20,248.000,9,261.000,30,262.000,9,264.000,29,270.000,20,310.000,1,0,33,
132844969000,252.000,2,252.000,30,251.000,9,250.000,20,249.000,40,248.000,9,261.000,50,262.000,9,264.000,29,270.000,20,310.000,1,0,33,
132845278000,252.000,2,252.000,30,251.000,9,250.000,20,249.000,20,248.000,9,261.000,30,262.000,9,264.000,29,270.000,20,310.000,1,0,33,
132845528000,252.000,2,252.000,30,251.000,9,250.000,20,249.000,40,248.000,9,261.000,30,262.000,29,264.000,29,270.000,20,310.000,1,0,33,
132845945000,252.000,2,252.000,30,251.000,9,250.000,20,249.000,20,248.000,9,261.000,30,262.000,9,264.000,29,270.000,20,310.000,1,0,33,
132846099000,252.000,2,252.000,30,251.000,9,250.000,20,249.000,40,248.000,9,261.000,30,262.000,29,264.000,29,270.000,20,310.000,1,0,33,
132846830000,252.000,2,252.000,30,251.000,9,250.000,20,249.000,20,248.000,9,261.000,30,262.000,9,264.000,29,270.000,20,310.000,1,0,33,
132846830000,252.000,2,252.000,30,251.000,9,250.000,40,249.000,20,248.000,9,261.000,30,262.000,9,263.000,20,264.000,29,270.000,20,0,33,
132846838000,252.000,2,252.000,30,251.000,9,250.000,20,249.000,20,248.000,9,261.000,30,262.000,9,264.000,29,270.000,20,310.000,1,0,33,
132847405000,252.000,2,252.000,30,251.000,9,250.000,40,249.000,20,248.000,9,261.000,30,262.000,9,263.000,20,264.000,29,270.000,20,0,33,
132848780000,252.000,2,252.000,30,251.000,9,250.000,20,249.000,20,248.000,9,261.000,30,262.000,9,264.000,29,270.000,20,310.000,1,0,33,
132848780000,252.000,2,252.000,30,251.000,9,250.000,20,249.000,40,248.000,9,261.000,30,262.000,29,264.000,29,270.000,20,310.000,1,0,33,
132849024000,252.000,2,252.000,30,251.000,9,250.000,20,249.000,20,248.000,9,261.000,30,262.000,9,264.000,29,270.000,20,310.000,1,0,33,
132849349000,252.000,2,252.000,30,251.000,9,250.000,40,249.000,20,248.000,9,261.000,30,262.000,9,263.000,20,264.000,29,270.000,20,0,33,
132850076000,252.000,2,252.000,30,251.000,9,250.000,20,249.000,20,248.000,9,261.000,30,262.000,9,264.000,29,270.000,20,310.000,1,0,33,
132850076000,252.000,2,252.000,30,251.000,29,250.000,20,249.000,20,248.000,9,261.000,30,262.000,9,263.000,20,264.000,29,270.000,20,0,33,
132850223000,252.000,2,252.000,30,251.000,9,250.000,20,249.000,20,248.000,9,261.000,30,262.000,9,264.000,29,270.000,20,310.000,1,0,33,
132850599000,252.000,2,252.000,30,251.000,9,250.000,40,249.000,20,248.000,9,261.000,30,262.000,9,263.000,20,264.000,29,270.000,20,0,33,
132851126000,252.000,2,252.000,30,251.000,9,250.000,20,249.000,20,248.000,9,261.000,30,262.000,9,264.000,29,270.000,20,310.000,1,0,33,
132851126000,252.000,2,252.000,30,251.000,29,250.000,20,249.000,20,248.000,9,261.000,30,262.000,9,263.000,20,264.000,29,270.000,20,0,33,
132851251000,252.000,2,252.000,30,251.000,9,250.000,20,249.000,20,248.000,9,261.000,30,262.000,9,264.000,29,270.000,20,310.000,1,0,33,
132851626000,252.000,2,252.000,30,251.000,9,250.000,40,249.000,20,248.000,9,261.000,30,262.000,9,263.000,20,264.000,29,270.000,20,0,33,
132852001000,252.000,2,252.000,30,251.000,9,250.000,20,249.000,20,248.000,9,261.000,30,262.000,9,264.000,29,270.000,20,310.000,1,0,33,
132852150000,252.000,2,252.000,30,251.000,9,250.000,40,249.000,20,248.000,9,261.000,30,262.000,29,264.000,29,270.000,20,310.000,1,0,33,
132854900000,252.000,2,252.000,30,251.000,9,250.000,40,248.000,9,86.000,1,261.000,30,262.000,29,264.000,9,270.000,20,310.000,1,0,33,
132855246000,252.000,2,252.000,30,251.000,9,250.000,40,249.000,20,248.000,9,261.000,30,262.000,29,264.000,29,270.000,20,310.000,1,0,33,
132855616000,252.000,2,252.000,30,251.000,9,250.000,20,249.000,20,248.000,9,261.000,30,262.000,9,264.000,29,270.000,20,310.000,1,0,33,
132855616000,252.000,2,252.000,30,251.000,9,250.000,20,249.000,40,248.000,9,261.000,30,262.000,29,264.000,29,270.000,20,310.000,1,0,33,
132856233000,252.000,2,252.000,30,251.000,9,250.000,20,249.000,20,248.000,9,261.000,30,262.000,9,264.000,29,270.000,20,310.000,1,0,33,
132856233000,252.000,2,252.000,30,251.000,9,250.000,20,249.000,40,248.000,9,261.000,50,262.000,9,264.000,29,270.000,20,310.000,1,0,33,
132857485000,252.000,2,252.000,30,251.000,9,250.000,20,249.000,20,248.000,9,261.000,50,262.000,9,264.000,9,270.000,20,310.000,1,0,33,
132857537000,252.000,2,252.000,30,251.000,9,250.000,20,248.000,9,86.000,1,261.000,30,262.000,9,264.000,9,270.000,20,310.000,1,0,33,
132857537000,252.000,2,252.000,30,251.000,9,250.000,20,248.000,29,86.000,1,261.000,50,262.000,9,264.000,9,270.000,20,310.000,1,0,33,
132857788000,252.000,2,252.000,30,251.000,9,250.000,20,248.000,9,86.000,1,261.000,30,262.000,9,264.000,9,270.000,20,310.000,1,0,33,
132858052000,252.000,2,252.000,30,251.000,9,250.000,20,248.000,29,86.000,1,261.000,30,262.000,9,263.000,20,264.000,9,270.000,20,0,33,
132858162000,252.000,2,252.000,30,251.000,9,250.000,20,249.000,20,248.000,29,261.000,50,262.000,9,263.000,20,264.000,9,270.000,20,0,33,
132858208000,252.000,2,252.000,9,251.000,9,250.000,20,249.000,20,248.000,29,261.000,29,262.000,9,263.000,20,264.000,9,270.000,20,0,33,
132858208000,252.000,2,252.000,9,251.000,30,250.000,20,249.000,20,248.000,29,261.000,50,262.000,9,263.000,20,264.000,9,270.000,20,0,33,
132858208000,252.000,2,252.000,9,251.000,30,250.000,29,249.000,20,248.000,29,261.000,50,262.000,9,263.000,20,264.000,9,270.000,20,0,33,
132858208000,252.000,2,251.000,30,250.000,29,249.000,20,248.000,29,86.000,1,261.000,50,262.000,9,263.000,20,264.000,9,270.000,20,0,33,
132858507000,252.000,2,251.000,30,250.000,9,249.000,20,248.000,29,86.000,1,261.000,50,262.000,9,263.000,20,264.000,9,310.000,1,0,33,
132858507000,252.000,2,251.000,30,250.000,9,249.000,20,248.000,49,86.000,1,261.000,50,262.000,9,263.000,40,264.000,9,310.000,1,0,33,
132858786000,252.000,2,251.000,30,250.000,9,248.000,49,86.000,1,84.000,3,261.000,30,262.000,9,263.000,40,264.000,9,310.000,1,0,33,
132858786000,252.000,2,251.000,30,250.000,9,248.000,69,86.000,1,84.000,3,261.000,50,262.000,9,263.000,40,264.000,9,310.000,1,0,33,
132859208000,252.000,2,251.000,9,250.000,9,248.000,69,86.000,1,84.000,3,261.000,29,262.000,9,263.000,40,264.000,9,310.000,1,0,33,
132859208000,252.000,2,252.000,21,251.000,9,250.000,9,248.000,69,86.000,1,261.000,50,262.000,9,263.000,40,264.000,9,310.000,1,0,33,
132859209000,252.000,2,252.000,21,251.000,9,250.000,9,248.000,78,86.000,1,261.000,50,262.000,9,263.000,40,264.000,9,310.000,1,0,33,
132859209000,252.000,2,252.000,21,250.000,9,248.000,78,86.000,1,84.000,3,261.000,50,262.000,9,263.000,40,264.000,9,310.000,1,0,33,
132859209000,252.000,2,252.000,30,250.000,9,248.000,78,86.000,1,84.000,3,261.000,50,262.000,9,263.000,40,264.000,9,310.000,1,0,33,
132859478000,252.000,2,252.000,9,250.000,9,248.000,78,86.000,1,84.000,3,261.000,29,262.000,9,263.000,40,264.000,9,310.000,1,0,33,
132859478000,252.000,2,252.000,9,251.000,21,250.000,9,248.000,78,86.000,1,261.000,50,262.000,9,263.000,40,264.000,9,310.000,1,0,33,
132859478000,252.000,2,251.000,21,250.000,9,248.000,78,86.000,1,84.000,3,261.000,50,262.000,9,263.000,40,264.000,9,310.000,1,0,33,
132859478000,252.000,2,251.000,30,250.000,9,248.000,78,86.000,1,84.000,3,261.000,50,262.000,9,263.000,40,264.000,9,310.000,1,0,33,
132859507000,252.000,2,251.000,30,250.000,9,248.000,69,86.000,1,84.000,3,261.000,50,262.000,9,263.000,40,264.000,9,310.000,1,0,33,
132900520000,252.000,2,251.000,30,250.000,9,248.000,49,86.000,1,84.000,3,261.000,30,262.000,9,263.000,40,264.000,9,310.000,1,0,33,
132900520000,252.000,2,251.000,30,250.000,9,249.000,20,248.000,49,86.000,1,261.000,50,262.000,9,263.000,40,264.000,9,310.000,1,0,33,
132900841000,252.000,2,251.000,30,250.000,9,248.000,49,86.000,1,84.000,3,261.000,30,262.000,9,263.000,40,264.000,9,310.000,1,0,33,
132901027000,252.000,2,251.000,30,250.000,9,249.000,20,248.000,49,86.000,1,261.000,50,262.000,9,263.000,40,264.000,9,310.000,1,0,33,
132904516000,252.000,2,251.000,30,250.000,9,248.000,49,86.000,1,84.000,3,261.000,30,262.000,9,263.000,40,264.000,9,310.000,1,0,33,
132904516000,252.000,2,251.000,30,250.000,9,249.000,20,248.000,49,86.000,1,261.000,30,262.000,29,263.000,40,264.000,9,310.000,1,0,33,
132905006000,252.000,2,251.000,30,250.000,9,249.000,20,248.000,29,86.000,1,261.000,30,262.000,29,263.000,20,264.000,9,310.000,1,0,33,
132905016000,252.000,2,251.000,30,250.000,9,248.000,29,86.000,1,84.000,3,261.000,30,262.000,9,263.000,20,264.000,9,310.000,1,0,33,
132905016000,252.000,2,251.000,30,250.000,29,248.000,29,86.000,1,84.000,3,261.000,30,262.000,29,263.000,20,264.000,9,310.000,1,0,33,
132905141000,252.000,2,251.000,30,250.000,9,248.000,29,86.000,1,84.000,3,261.000,30,262.000,9,263.000,20,264.000,9,310.000,1,0,33,
132905339000,252.000,2,251.000,30,250.000,9,248.000,9,86.000,1,84.000,3,261.000,30,262.000,9,264.000,9,310.000,1,320.000,1,0,33,
132905507000,252.000,2,251.000,30,250.000,29,248.000,9,86.000,1,84.000,3,261.000,30,262.000,9,264.000,9,270.000,20,310.000,1,0,33,
132905618000,252.000,2,251.000,30,250.000,49,248.000,9,86.000,1,84.000,3,261.000,30,262.000,29,264.000,9,270.000,20,310.000,1,0,33,
132905731000,252.000,2,251.000,30,250.000,69,248.000,9,86.000,1,84.000,3,261.000,30,262.000,29,264.000,9,265.000,20,270.000,20,0,33,
132911319000,252.000,2,251.000,30,250.000,49,248.000,9,86.000,1,84.000,3,261.000,30,262.000,9,264.000,9,265.000,20,270.000,20,0,33,
132911319000,252.000,2,251.000,30,250.000,69,248.000,9,86.000,1,84.000,3,261.000,30,262.000,9,263.000,20,264.000,9,265.000,20,0,33,
132911943000,252.000,2,251.000,30,250.000,49,248.000,9,86.000,1,84.000,3,261.000,30,262.000,9,264.000,9,265.000,20,270.000,20,0,33,
132911943000,252.000,2,251.000,50,250.000,49,248.000,9,86.000,1,84.000,3,261.000,30,262.000,9,263.000,20,264.000,9,265.000,20,0,33,
132912561000,252.000,2,251.000,30,250.000,49,248.000,9,86.000,1,84.000,3,261.000,30,262.000,9,264.000,9,265.000,20,270.000,20,0,33,
132912561000,252.000,2,251.000,30,250.000,69,248.000,9,86.000,1,84.000,3,261.000,30,262.000,29,264.000,9,265.000,20,270.000,20,0,33,
132915631000,252.000,2,251.000,30,250.000,49,248.000,9,86.000,1,84.000,3,261.000,30,262.000,9,264.000,9,265.000,20,270.000,20,0,33,
132916183000,252.000,2,251.000,30,250.000,49,249.000,20,248.000,9,86.000,1,261.000,50,262.000,9,264.000,9,265.000,20,270.000,20,0,33,
132920126000,252.000,2,251.000,30,250.000,49,248.000,9,86.000,1,84.000,3,261.000,30,262.000,9,264.000,9,265.000,20,270.000,20,0,33,
132920126000,252.000,2,251.000,30,250.000,49,248.000,29,86.000,1,84.000,3,260.000,20,261.000,30,262.000,9,264.000,9,265.000,20,0,33,
132920126000,252.000,2,251.000,30,250.000,49,248.000,29,86.000,1,84.000,3,260.000,29,261.000,30,262.000,9,264.000,9,265.000,20,0,33,
132920250000,252.000,2,251.000,30,250.000,49,248.000,9,86.000,1,84.000,3,260.000,9,261.000,30,262.000,9,264.000,9,265.000,20,0,33,
132920250000,252.000,2,251.000,30,250.000,49,248.000,9,86.000,1,84.000,3,261.000,30,262.000,9,264.000,9,265.000,20,270.000,20,0,33,
132920626000,252.000,2,251.000,30,250.000,49,248.000,29,86.000,1,84.000,3,260.000,20,261.000,30,262.000,9,264.000,9,265.000,20,0,33,
132920626000,252.000,2,251.000,30,250.000,49,248.000,29,86.000,1,84.000,3,260.000,29,261.000,30,262.000,9,264.000,9,265.000,20,0,33,
132920905000,252.000,2,251.000,9,250.000,49,248.000,29,86.000,1,84.000,3,260.000,29,261.000,9,262.000,9,264.000,9,265.000,20,0,33,
132920905000,252.000,2,251.000,30,250.000,49,248.000,29,86.000,1,84.000,3,259.000,21,260.000,29,261.000,9,262.000,9,264.000,9,0,33,
132920905000,252.000,2,251.000,21,250.000,49,248.000,29,86.000,1,84.000,3,259.000,21,260.000,29,261.000,9,262.000,9,264.000,9,0,33,
132920905000,252.000,2,251.000,21,250.000,49,248.000,29,86.000,1,84.000,3,259.000,30,260.000,29,261.000,9,262.000,9,264.000,9,0,33,
132920905000,252.000,2,251.000,30,250.000,49,248.000,29,86.000,1,84.000,3,259.000,30,260.000,29,261.000,9,262.000,9,264.000,9,0,33,
132921001000,252.000,2,251.000,30,250.000,49,248.000,9,86.000,1,84.000,3,259.000,30,260.000,9,261.000,9,262.000,9,264.000,9,0,33,
132921007000,252.000,2,251.000,30,250.000,49,248.000,9,86.000,1,84.000,3,259.000,30,260.000,9,262.000,9,264.000,9,265.000,20,0,33,
132921007000,252.000,2,251.000,30,250.000,49,248.000,9,86.000,1,84.000,3,259.000,30,260.000,9,264.000,9,265.000,20,270.000,20,0,33,
132921126000,252.000,2,251.000,30,250.000,49,249.000,20,248.000,9,86.000,1,259.000,30,260.000,9,261.000,20,264.000,9,265.000,20,0,33,
132922303000,252.000,2,251.000,30,250.000,49,248.000,9,86.000,1,84.000,3,259.000,30,260.000,9,264.000,9,265.000,20,270.000,20,0,33,
132922303000,252.000,2,251.000,30,250.000,49,248.000,29,86.000,1,84.000,3,259.000,30,260.000,29,264.000,9,265.000,20,270.000,20,0,33,
132922677000,252.000,2,251.000,30,250.000,49,248.000,9,86.000,1,84.000,3,259.000,30,260.000,9,264.000,9,265.000,20,270.000,20,0,33,
132922802000,252.000,2,251.000,30,250.000,49,249.000,20,248.000,9,86.000,1,259.000,30,260.000,9,261.000,20,264.000,9,265.000,20,0,33,
132922885000,252.000,2,251.000,30,250.000,29,249.000,20,248.000,9,86.000,1,259.000,30,260.000,9,261.000,20,264.000,9,270.000,20,0,33,
132922927000,252.000,2,251.000,30,250.000,29,248.000,9,86.000,1,84.000,3,259.000,30,260.000,9,264.000,9,270.000,20,310.000,1,0,33,
132923418000,252.000,2,251.000,30,250.000,29,248.000,29,86.000,1,84.000,3,259.000,30,260.000,29,264.000,9,270.000,20,310.000,1,0,33,
132923548000,252.000,2,251.000,30,250.000,29,249.000,20,248.000,29,86.000,1,259.000,30,260.000,29,264.000,29,270.000,20,310.000,1,0,33,
132926543000,252.000,2,251.000,30,250.000,29,249.000,20,248.000,9,86.000,1,259.000,30,260.000,9,264.000,29,270.000,20,310.000,1,0,33,
132926543000,252.000,2,251.000,30,250.000,29,249.000,40,248.000,9,86.000,1,259.000,30,260.000,9,261.000,20,264.000,29,270.000,20,0,33,
132941106000,252.000,2,251.000,9,250.000,29,249.000,40,248.000,9,86.000,1,259.000,9,260.000,9,261.000,20,264.000,29,270.000,20,0,33,
132941106000,252.000,2,251.000,30,250.000,29,249.000,40,248.000,9,86.000,1,259.000,9,260.000,30,261.000,20,264.000,29,270.000,20,0,33,
132941107000,252.000,2,251.000,30,250.000,29,249.000,40,248.000,9,86.000,1,260.000,30,261.000,20,264.000,29,270.000,20,310.000,1,0,33,
132941353000,252.000,2,251.000,30,250.000,29,249.000,20,248.000,9,86.000,1,260.000,30,264.000,29,270.000,20,310.000,1,320.000,1,0,33,
132941353000,252.000,2,251.000,30,250.000,49,249.000,20,248.000,9,86.000,1,260.000,30,262.000,20,264.000,29,270.000,20,310.000,1,0,33,
132942126000,252.000,2,251.000,30,250.000,29,249.000,20,248.000,9,86.000,1,260.000,30,264.000,29,270.000,20,310.000,1,320.000,1,0,33,
132942126000,252.000,2,251.000,30,250.000,29,249.000,40,248.000,9,86.000,1,260.000,30,261.000,20,264.000,29,270.000,20,310.000,1,0,33,
132943600000,252.000,2,251.000,30,250.000,29,249.000,20,248.000,9,86.000,1,260.000,30,261.000,20,264.000,9,270.000,20,310.000,1,0,33,
132944241000,252.000,2,251.000,30,250.000,29,248.000,9,86.000,1,84.000,3,260.000,30,264.000,9,270.000,20,310.000,1,320.000,1,0,33,
132944241000,252.000,2,251.000,30,250.000,49,248.000,9,86.000,1,84.000,3,260.000,30,262.000,20,264.000,9,270.000,20,310.000,1,0,33,
132944391000,252.000,2,251.000,30,250.000,49,249.000,20,248.000,9,86.000,1,260.000,30,262.000,20,264.000,29,270.000,20,310.000,1,0,33,
132945480000,252.000,2,251.000,30,250.000,29,249.000,20,248.000,9,86.000,1,260.000,30,264.000,29,270.000,20,310.000,1,320.000,1,0,33,
132945480000,252.000,2,251.000,30,250.000,29,249.000,40,248.000,9,86.000,1,260.000,30,261.000,20,264.000,29,270.000,20,310.000,1,0,33,
132948966000,252.000,2,251.000,30,250.000,29,249.000,20,248.000,9,86.000,1,260.000,30,264.000,29,270.000,20,310.000,1,320.000,1,0,33,
132948966000,252.000,2,251.000,30,250.000,29,249.000,20,248.000,29,86.000,1,260.000,50,264.000,29,270.000,20,310.000,1,320.000,1,0,33,
132949467000,252.000,2,251.000,30,250.000,29,249.000,20,248.000,9,86.000,1,260.000,30,264.000,29,270.000,20,310.000,1,320.000,1,0,33,
132949467000,252.000,2,251.000,30,250.000,29,249.000,40,248.000,9,86.000,1,260.000,30,261.000,20,264.000,29,270.000,20,310.000,1,0,33,
132950055000,252.000,2,251.000,30,250.000,29,249.000,20,248.000,9,86.000,1,260.000,30,261.000,20,264.000,9,270.000,20,310.000,1,0,33,
132950690000,252.000,2,251.000,30,250.000,29,249.000,20,248.000,29,86.000,1,260.000,30,261.000,20,263.000,20,264.000,9,270.000,20,0,33,
132950708000,252.000,2,251.000,30,250.000,29,248.000,29,86.000,1,84.000,3,260.000,30,263.000,20,264.000,9,270.000,20,310.000,1,0,33,
132950708000,252.000,2,251.000,30,250.000,29,248.000,49,86.000,1,84.000,3,260.000,50,263.000,20,264.000,9,270.000,20,310.000,1,0,33,
132951239000,252.000,2,251.000,9,250.000,29,248.000,49,86.000,1,84.000,3,260.000,29,263.000,20,264.000,9,270.000,20,310.000,1,0,33,
132951239000,252.000,2,251.000,30,250.000,29,248.000,49,86.000,1,84.000,3,259.000,21,260.000,29,263.000,20,264.000,9,270.000,20,0,33,
132951240000,252.000,2,251.000,21,250.000,29,248.000,49,86.000,1,84.000,3,259.000,21,260.000,29,263.000,20,264.000,9,270.000,20,0,33,
132951240000,252.000,2,251.000,21,250.000,29,248.000,49,86.000,1,84.000,3,259.000,30,260.000,29,263.000,20,264.000,9,270.000,20,0,33,
132951240000,252.000,2,251.000,30,250.000,29,248.000,49,86.000,1,84.000,3,259.000,30,260.000,29,263.000,20,264.000,9,270.000,20,0,33,
132951322000,252.000,2,251.000,30,250.000,9,248.000,49,86.000,1,84.000,3,259.000,30,260.000,29,263.000,20,264.000,9,310.000,1,0,33,
132951507000,252.000,2,251.000,30,250.000,9,248.000,69,86.000,1,84.000,3,259.000,30,260.000,29,263.000,40,264.000,9,310.000,1,0,33,
132954518000,252.000,2,251.000,30,250.000,9,248.000,49,86.000,1,84.000,3,259.000,30,260.000,9,263.000,40,264.000,9,310.000,1,0,33,
132954518000,252.000,2,251.000,30,250.000,9,249.000,20,248.000,49,86.000,1,259.000,30,260.000,9,261.000,20,263.000,40,264.000,9,0,33,
132954769000,252.000,2,251.000,30,250.000,9,248.000,49,86.000,1,84.000,3,259.000,30,260.000,9,263.000,40,264.000,9,310.000,1,0,33,
132955136000,252.000,2,251.000,30,250.000,9,248.000,69,86.000,1,84.000,3,259.000,30,260.000,29,263.000,40,264.000,9,310.000,1,0,33,
132957293000,252.000,2,251.000,30,250.000,9,248.000,49,86.000,1,84.000,3,259.000,30,260.000,9,263.000,40,264.000,9,310.000,1,0,33,
132957293000,252.000,2,251.000,30,250.000,9,249.000,20,248.000,49,86.000,1,259.000,30,260.000,9,261.000,20,263.000,40,264.000,9,0,33,
133000537000,252.000,2,251.000,9,250.000,9,249.000,20,248.000,49,86.000,1,259.000,9,260.000,9,261.000,20,263.000,40,264.000,9,0,33,
133000537000,252.000,2,251.000,30,250.000,9,249.000,20,248.000,49,86.000,1,259.000,9,260.000,30,261.000,20,263.000,40,264.000,9,0,33,
133000538000,252.000,2,251.000,30,250.000,9,249.000,20,248.000,29,86.000,1,259.000,9,260.000,30,261.000,20,263.000,20,264.000,9,0,33,
133000539000,252.000,2,251.000,21,250.000,9,249.000,20,248.000,29,86.000,1,259.000,9,260.000,30,261.000,20,263.000,20,264.000,9,0,33,
133000539000,252.000,2,251.000,21,250.000,9,249.000,20,248.000,29,86.000,1,260.000,30,261.000,20,263.000,20,264.000,9,310.000,1,0,33,
133000549000,252.000,2,251.000,21,250.000,9,248.000,29,86.000,1,84.000,3,260.000,30,263.000,20,264.000,9,310.000,1,320.000,1,0,33,
133000562000,252.000,2,250.000,9,248.000,29,86.000,1,84.000,3,39.000,20,260.000,9,263.000,20,264.000,9,310.000,1,320.000,1,0,33,
133000562000,252.000,2,251.000,21,250.000,9,248.000,29,86.000,1,84.000,3,260.000,9,261.000,21,263.000,20,264.000,9,310.000,1,0,33,
133000563000,252.000,2,251.000,21,250.000,9,248.000,20,86.000,1,84.000,3,260.000,9,261.000,21,263.000,20,264.000,9,310.000,1,0,33,
133000563000,252.000,2,251.000,21,248.000,20,86.000,1,84.000,3,39.000,20,260.000,9,261.000,21,263.000,20,264.000,9,310.000,1,0,33,
133000563000,252.000,2,251.000,21,248.000,20,86.000,1,84.000,3,39.000,20,261.000,21,263.000,20,264.000,9,310.000,1,320.000,1,0,33,
133000564000,252.000,2,251.000,21,250.000,9,248.000,20,86.000,1,84.000,3,261.000,21,263.000,20,264.000,9,310.000,1,320.000,1,0,33,
133000590000,252.000,2,251.000,21,250.000,9,86.000,1,84.000,3,39.000,20,261.000,21,264.000,9,310.000,1,320.000,1,400.000,1,0,33,
133000649000,252.000,2,251.000,21,250.000,29,86.000,1,84.000,3,39.000,20,261.000,21,264.000,9,265.000,20,310.000,1,320.000,1,0,33,
133001008000,252.000,2,251.000,21,250.000,49,86.000,1,84.000,3,39.000,20,261.000,21,264.000,9,265.000,20,270.000,20,310.000,1,0,33,
133001149000,252.000,2,251.000,21,250.000,29,86.000,1,84.000,3,39.000,20,261.000,21,264.000,9,270.000,20,310.000,1,320.000,1,0,33,
133001149000,252.000,2,251.000,21,250.000,49,86.000,1,84.000,3,39.000,20,261.000,21,264.000,29,270.000,20,310.000,1,320.000,1,0,33,
133001274000,252.000,2,251.000,21,250.000,29,86.000,1,84.000,3,39.000,20,261.000,21,264.000,9,270.000,20,310.000,1,320.000,1,0,33,
133001644000,252.000,2,250.000,29,86.000,1,84.000,3,39.000,20,22.500,20,264.000,9,270.000,20,310.000,1,320.000,1,400.000,1,0,33,
133001644000,252.000,2,251.000,21,250.000,29,86.000,1,84.000,3,39.000,20,263.000,21,264.000,9,270.000,20,310.000,1,320.000,1,0,33,
133001730000,252.000,2,251.000,41,250.000,29,86.000,1,84.000,3,39.000,20,263.000,41,264.000,9,270.000,20,310.000,1,320.000,1,0,33,
133002481000,252.000,2,251.000,21,250.000,29,86.000,1,84.000,3,39.000,20,263.000,21,264.000,9,270.000,20,310.000,1,320.000,1,0,33,
133002481000,252.000,2,251.000,21,250.000,49,86.000,1,84.000,3,39.000,20,262.000,20,263.000,21,264.000,9,270.000,20,310.000,1,0,33,
133002482000,252.000,2,251.000,21,250.000,49,86.000,1,84.000,3,39.000,20,262.000,20,263.000,30,264.000,9,270.000,20,310.000,1,0,33,
133002482000,252.000,2,251.000,30,250.000,49,86.000,1,84.000,3,39.000,20,262.000,20,263.000,30,264.000,9,270.000,20,310.000,1,0,33,
133002482000,252.000,2,251.000,30,250.000,49,86.000,1,84.000,3,39.000,20,262.000,29,263.000,30,264.000,9,270.000,20,310.000,1,0,33,
133002606000,252.000,2,251.000,30,250.000,29,86.000,1,84.000,3,39.000,20,262.000,9,263.000,30,264.000,9,270.000,20,310.000,1,0,33,
133002606000,252.000,2,251.000,30,250.000,29,86.000,1,84.000,3,39.000,20,263.000,30,264.000,9,270.000,20,310.000,1,320.000,1,0,33,
133003003000,252.000,2,251.000,50,250.000,29,86.000,1,84.000,3,39.000,20,263.000,50,264.000,9,270.000,20,310.000,1,320.000,1,0,33,
133004526000,252.000,2,251.000,50,250.000,49,86.000,1,84.000,3,39.000,20,263.000,50,264.000,9,265.000,20,270.000,20,310.000,1,0,33,
133004755000,252.000,2,251.000,30,250.000,49,86.000,1,84.000,3,39.000,20,263.000,30,264.000,9,265.000,20,270.000,20,310.000,1,0,33,
133004755000,252.000,2,251.000,50,250.000,49,86.000,1,84.000,3,39.000,20,263.000,30,264.000,29,265.000,20,270.000,20,310.000,1,0,33,
133004852000,252.000,2,251.000,50,250.000,49,86.000,1,84.000,3,39.000,20,263.000,30,264.000,20,265.000,20,270.000,20,310.000,1,0,33,
133004858000,252.000,2,251.000,30,250.000,49,86.000,1,84.000,3,39.000,20,263.000,30,265.000,20,270.000,20,310.000,1,320.000,1,0,33,
133004974000,252.000,2,251.000,30,250.000,49,86.000,1,84.000,3,39.000,20,263.000,30,265.000,20,266.000,9,270.000,20,310.000,1,0,33,
133005347000,252.000,2,251.000,50,250.000,49,86.000,1,84.000,3,39.000,20,263.000,30,265.000,20,266.000,29,270.000,20,310.000,1,0,33,
133006792000,252.000,2,251.000,30,250.000,49,86.000,1,84.000,3,39.000,20,263.000,30,265.000,20,266.000,9,270.000,20,310.000,1,0,33,
133006792000,252.000,2,251.000,50,250.000,49,86.000,1,84.000,3,39.000,20,263.000,30,265.000,40,266.000,9,270.000,20,310.000,1,0,33,
133010374000,252.000,2,251.000,30,250.000,49,86.000,1,84.000,3,39.000,20,263.000,30,265.000,20,266.000,9,270.000,20,310.000,1,0,33,
133010374000,252.000,2,251.000,50,250.000,49,86.000,1,84.000,3,39.000,20,263.000,30,264.000,20,265.000,20,266.000,9,270.000,20,0,33,
133011734000,252.000,2,251.000,30,250.000,49,86.000,1,84.000,3,39.000,20,263.000,30,265.000,20,266.000,9,270.000,20,310.000,1,0,33,
133011734000,252.000,2,251.000,30,250.000,69,86.000,1,84.000,3,39.000,20,263.000,50,265.000,20,266.000,9,270.000,20,310.000,1,0,33,
133011985000,252.000,2,251.000,30,250.000,49,86.000,1,84.000,3,39.000,20,263.000,30,265.000,20,266.000,9,270.000,20,310.000,1,0,33,
133012279000,252.000,2,251.000,30,250.000,69,86.000,1,84.000,3,39.000,20,263.000,50,265.000,20,266.000,9,270.000,20,310.000,1,0,33,
133012528000,252.000,2,251.000,30,250.000,49,86.000,1,84.000,3,39.000,20,263.000,30,265.000,20,266.000,9,270.000,20,310.000,1,0,33,
133012778000,252.000,2,251.000,50,250.000,49,86.000,1,84.000,3,39.000,20,263.000,30,264.000,20,265.000,20,266.000,9,270.000,20,0,33,
133013153000,252.000,2,251.000,30,250.000,49,86.000,1,84.000,3,39.000,20,263.000,30,265.000,20,266.000,9,270.000,20,310.000,1,0,33,
133013278000,252.000,2,251.000,30,250.000,69,86.000,1,84.000,3,39.000,20,263.000,50,265.000,20,266.000,9,270.000,20,310.000,1,0,33,
133015062000,252.000,2,251.000,30,250.000,49,86.000,1,84.000,3,39.000,20,263.000,50,266.000,9,270.000,20,310.000,1,320.000,1,0,33,
133015227000,252.000,2,251.000,30,250.000,49,249.000,20,86.000,1,84.000,3,263.000,50,264.000,20,266.000,9,270.000,20,310.000,1,0,33,
133015760000,252.000,2,251.000,30,250.000,29,249.000,20,86.000,1,84.000,3,263.000,30,264.000,20,266.000,9,270.000,20,310.000,1,0,33,
133015760000,252.000,2,251.000,30,250.000,49,249.000,20,86.000,1,84.000,3,262.000,20,263.000,30,264.000,20,266.000,9,270.000,20,0,33,
133015760000,252.000,2,251.000,30,250.000,49,249.000,20,86.000,1,84.000,3,262.000,29,263.000,30,264.000,20,266.000,9,270.000,20,0,33,
133016511000,252.000,2,251.000,9,250.000,49,249.000,20,86.000,1,84.000,3,262.000,29,263.000,9,264.000,20,266.000,9,270.000,20,0,33,
133016511000,252.000,2,251.000,30,250.000,49,249.000,20,86.000,1,84.000,3,261.000,21,262.000,29,263.000,9,264.000,20,266.000,9,0,33,
133016511000,252.000,2,251.000,21,250.000,49,249.000,20,86.000,1,84.000,3,261.000,21,262.000,29,263.000,9,264.000,20,266.000,9,0,33,
133016511000,252.000,2,251.000,21,250.000,58,249.000,20,86.000,1,84.000,3,261.000,21,262.000,29,263.000,9,264.000,20,266.000,9,0,33,
133016511000,252.000,2,251.000,21,250.000,58,249.000,20,86.000,1,84.000,3,261.000,30,262.000,29,263.000,9,264.000,20,266.000,9,0,33,
133016565000,252.000,2,251.000,30,250.000,58,249.000,20,86.000,1,84.000,3,261.000,30,262.000,29,263.000,9,264.000,20,266.000,9,0,33,
133017007000,252.000,2,251.000,30,250.000,58,249.000,20,86.000,1,84.000,3,261.000,30,262.000,29,264.000,20,266.000,9,270.000,20,0,33,
133017060000,252.000,2,251.000,30,250.000,58,249.000,20,86.000,1,84.000,3,261.000,30,262.000,29,264.000,20,270.000,20,310.000,1,0,33,
133017061000,252.000,2,251.000,30,250.000,58,249.000,20,86.000,1,84.000,3,261.000,30,262.000,29,264.000,29,270.000,20,310.000,1,0,33,
133021615000,252.000,2,251.000,30,250.000,38,249.000,20,86.000,1,84.000,3,261.000,30,262.000,9,264.000,29,270.000,20,310.000,1,0,33,
133021615000,252.000,2,251.000,30,250.000,38,249.000,40,86.000,1,84.000,3,261.000,30,262.000,29,264.000,29,270.000,20,310.000,1,0,33,
133021736000,252.000,2,251.000,30,250.000,38,249.000,20,86.000,1,84.000,3,261.000,30,262.000,9,264.000,29,270.000,20,310.000,1,0,33,
133022227000,252.000,2,251.000,30,250.000,58,249.000,20,86.000,1,84.000,3,261.000,30,262.000,29,264.000,29,270.000,20,310.000,1,0,33,
133035300000,252.000,2,251.000,30,250.000,58,86.000,1,84.000,3,39.000,20,261.000,30,262.000,29,264.000,9,270.000,20,310.000,1,0,33,
133036120000,252.000,2,251.000,30,250.000,58,249.000,20,86.000,1,84.000,3,261.000,30,262.000,29,264.000,29,270.000,20,310.000,1,0,33,
133037540000,252.000,2,251.000,30,250.000,38,249.000,20,86.000,1,84.000,3,261.000,30,262.000,9,264.000,29,270.000,20,310.000,1,0,33,
133037540000,252.000,2,251.000,30,250.000,38,249.000,40,86.000,1,84.000,3,261.000,30,262.000,29,264.000,29,270.000,20,310.000,1,0,33,
133037665000,252.000,2,251.000,30,250.000,38,249.000,20,86.000,1,84.000,3,261.000,30,262.000,9,264.000,29,270.000,20,310.000,1,0,33,
133038150000,252.000,2,251.000,30,250.000,38,249.000,40,86.000,1,84.000,3,261.000,50,262.000,9,264.000,29,270.000,20,310.000,1,0,33,
133045586000,252.000,2,251.000,30,250.000,38,249.000,20,86.000,1,84.000,3,261.000,50,262.000,9,264.000,9,270.000,20,310.000,1,0,33,
133045840000,252.000,2,251.000,30,250.000,38,249.000,40,86.000,1,84.000,3,261.000,50,262.000,9,264.000,29,270.000,20,310.000,1,0,33,
133047984000,252.000,2,251.000,30,250.000,29,249.000,40,86.000,1,84.000,3,261.000,50,262.000,9,264.000,29,270.000,20,310.000,1,0,33,
133048104000,252.000,2,251.000,30,250.000,29,249.000,40,248.000,9,86.000,1,261.000,50,262.000,9,264.000,29,270.000,20,310.000,1,0,33,
133050027000,252.000,2,251.000,30,250.000,29,249.000,20,248.000,9,86.000,1,261.000,30,262.000,9,264.000,29,270.000,20,310.000,1,0,33,
133050027000,252.000,2,251.000,30,250.000,29,249.000,20,248.000,29,86.000,1,260.000,20,261.000,30,262.000,9,264.000,29,270.000,20,0,33,
133050028000,252.000,2,251.000,30,250.000,29,249.000,20,248.000,29,86.000,1,260.000,29,261.000,30,262.000,9,264.000,29,270.000,20,0,33,
133050065000,252.000,2,251.000,30,250.000,9,249.000,20,248.000,29,86.000,1,260.000,29,261.000,30,262.000,9,264.000,29,310.000,1,0,33,
133050065000,252.000,2,251.000,30,250.000,9,249.000,20,248.000,49,86.000,1,260.000,29,261.000,30,262.000,9,263.000,20,264.000,29,0,33,
133050279000,252.000,2,251.000,9,250.000,9,249.000,20,248.000,49,86.000,1,260.000,29,261.000,9,262.000,9,263.000,20,264.000,29,0,33,
133050279000,252.000,2,251.000,30,250.000,9,249.000,20,248.000,49,86.000,1,259.000,21,260.000,29,261.000,9,262.000,9,263.000,20,0,33,
133050280000,252.000,2,251.000,30,250.000,9,249.000,29,248.000,49,86.000,1,259.000,21,260.000,29,261.000,9,262.000,9,263.000,20,0,33,
133050280000,252.000,2,251.000,30,250.000,9,249.000,29,248.000,49,86.000,1,259.000,30,260.000,29,261.000,9,262.000,9,263.000,20,0,33,
133050280000,252.000,2,251.000,21,250.000,9,249.000,29,248.000,49,86.000,1,259.000,30,260.000,29,261.000,9,262.000,9,263.000,20,0,33,
133050324000,252.000,2,251.000,30,250.000,9,249.000,29,248.000,49,86.000,1,259.000,30,260.000,29,261.000,9,262.000,9,263.000,20,0,33,
133050492000,252.000,2,251.000,30,250.000,9,249.000,29,248.000,49,86.000,1,259.000,30,260.000,29,261.000,9,262.000,18,263.000,20,0,33,
133050507000,252.000,2,251.000,30,250.000,9,249.000,20,248.000,49,86.000,1,259.000,30,260.000,29,261.000,9,262.000,18,263.000,20,0,33,
133050507000,252.000,2,251.000,30,250.000,9,249.000,20,248.000,49,86.000,1,259.000,30,260.000,29,262.000,18,263.000,20,264.000,20,0,33,
133050507000,252.000,2,251.000,30,250.000,9,249.000,20,248.000,49,86.000,1,259.000,30,260.000,29,262.000,9,263.000,20,264.000,20,0,33,
133051539000,252.000,2,251.000,30,250.000,9,248.000,49,86.000,1,84.000,3,259.000,30,260.000,29,262.000,9,263.000,20,310.000,1,0,33,
133052283000,252.000,2,251.000,30,250.000,9,248.000,69,86.000,1,84.000,3,259.000,30,260.000,29,262.000,9,263.000,40,310.000,1,0,33,
133057912000,252.000,2,251.000,9,250.000,9,248.000,69,86.000,1,84.000,3,259.000,9,260.000,29,262.000,9,263.000,40,310.000,1,0,33,
133057912000,252.000,2,251.000,9,250.000,30,248.000,69,86.000,1,84.000,3,259.000,30,260.000,29,262.000,9,263.000,40,310.000,1,0,33,
133057918000,252.000,2,250.000,30,248.000,69,86.000,1,84.000,3,39.000,20,259.000,30,260.000,29,262.000,9,263.000,40,310.000,1,0,33,
133057918000,252.000,2,250.000,30,248.000,69,86.000,1,84.000,3,39.000,20,259.000,21,260.000,29,262.000,9,263.000,40,310.000,1,0,33,
133057932000,252.000,2,250.000,30,248.000,49,86.000,1,84.000,3,39.000,20,259.000,21,260.000,9,262.000,9,263.000,40,310.000,1,0,33,
133057932000,252.000,2,250.000,30,248.000,49,247.000,20,86.000,1,84.000,3,259.000,21,260.000,29,262.000,9,263.000,40,310.000,1,0,33,
133058064000,252.000,2,250.000,30,248.000,49,86.000,1,84.000,3,39.000,20,259.000,21,260.000,9,262.000,9,263.000,40,310.000,1,0,33,
133058337000,252.000,2,250.000,30,248.000,49,86.000,1,84.000,3,39.000,20,259.000,30,260.000,9,262.000,9,263.000,40,310.000,1,0,33,
133058440000,252.000,2,250.000,30,248.000,49,247.000,20,86.000,1,84.000,3,259.000,50,260.000,9,262.000,9,263.000,40,310.000,1,0,33,
133101807000,252.000,2,250.000,30,248.000,29,247.000,20,86.000,1,84.000,3,259.000,50,260.000,9,262.000,9,263.000,20,310.000,1,0,33,
133103028000,252.000,2,250.000,30,248.000,29,247.000,40,86.000,1,84.000,3,259.000,50,260.000,9,262.000,29,263.000,20,310.000,1,0,33,
133107746000,252.000,2,250.000,30,248.000,29,247.000,20,86.000,1,84.000,3,259.000,30,260.000,9,262.000,29,263.000,20,310.000,1,0,33,
133107746000,252.000,2,250.000,30,248.000,49,247.000,20,86.000,1,84.000,3,259.000,30,260.000,29,262.000,29,263.000,20,310.000,1,0,33,
133111876000,252.000,2,250.000,30,248.000,49,86.000,1,84.000,3,39.000,20,259.000,30,260.000,29,262.000,9,263.000,20,310.000,1,0,33,
133112580000,252.000,2,250.000,30,248.000,69,86.000,1,84.000,3,39.000,20,259.000,30,260.000,29,262.000,9,263.000,40,310.000,1,0,33,
133114421000,252.000,2,250.000,30,248.000,49,86.000,1,84.000,3,39.000,20,259.000,30,260.000,9,262.000,9,263.000,40,310.000,1,0,33,
133114421000,252.000,2,250.000,30,248.000,49,247.000,20,86.000,1,84.000,3,259.000,50,260.000,9,262.000,9,263.000,40,310.000,1,0,33,
133116974000,252.000,2,250.000,30,248.000,49,86.000,1,84.000,3,39.000,20,259.000,30,260.000,9,262.000,9,263.000,40,310.000,1,0,33,
133116974000,252.000,2,250.000,30,248.000,69,86.000,1,84.000,3,39.000,20,259.000,30,260.000,29,262.000,9,263.000,40,310.000,1,0,33,
133117224000,252.000,2,250.000,30,248.000,49,86.000,1,84.000,3,39.000,20,259.000,30,260.000,9,262.000,9,263.000,40,310.000,1,0,33,
133117474000,252.000,2,250.000,30,248.000,49,247.000,20,86.000,1,84.000,3,259.000,50,260.000,9,262.000,9,263.000,40,310.000,1,0,33,
133121633000,252.000,2,250.000,30,248.000,29,247.000,20,86.000,1,84.000,3,259.000,50,260.000,9,262.000,9,263.000,20,310.000,1,0,33,
133122191000,252.000,2,250.000,30,248.000,29,247.000,40,86.000,1,84.000,3,259.000,50,260.000,9,262.000,29,263.000,20,310.000,1,0,33,
133130758000,252.000,2,250.000,30,248.000,20,247.000,40,86.000,1,84.000,3,259.000,50,260.000,9,262.000,29,263.000,20,310.000,1,0,33,
133130871000,252.000,2,250.000,30,248.000,20,247.000,20,86.000,1,84.000,3,259.000,30,260.000,9,262.000,29,263.000,20,310.000,1,0,33,
133130871000,252.000,2,250.000,30,248.000,20,247.000,20,246.000,20,86.000,1,258.000,20,259.000,30,260.000,9,262.000,29,263.000,20,0,33,
133130871000,252.000,2,250.000,30,248.000,20,247.000,20,246.000,20,86.000,1,258.000,29,259.000,30,260.000,9,262.000,29,263.000,20,0,33,
133130879000,252.000,2,250.000,30,248.000,20,247.000,20,246.000,29,86.000,1,258.000,29,259.000,30,260.000,9,262.000,29,263.000,20,0,33,
133130985000,252.000,2,250.000,30,248.000,20,247.000,20,246.000,9,86.000,1,258.000,9,259.000,30,260.000,9,262.000,29,263.000,20,0,33,
133130985000,252.000,2,250.000,30,248.000,20,247.000,20,246.000,9,86.000,1,259.000,30,260.000,9,262.000,29,263.000,20,310.000,1,0,33,
133131302000,252.000,2,250.000,9,248.000,20,247.000,20,246.000,9,86.000,1,259.000,9,260.000,9,262.000,29,263.000,20,310.000,1,0,33,
133131302000,252.000,2,250.000,9,249.000,21,248.000,20,247.000,20,246.000,9,259.000,30,260.000,9,262.000,29,263.000,20,310.000,1,0,33,
133131303000,252.000,2,250.000,9,249.000,21,248.000,29,247.000,20,246.000,9,259.000,30,260.000,9,262.000,29,263.000,20,310.000,1,0,33,
133131303000,252.000,2,250.000,9,249.000,21,248.000,29,247.000,20,246.000,9,259.000,30,260.000,9,262.000,38,263.000,20,310.000,1,0,33,
133131303000,252.000,2,250.000,9,249.000,21,248.000,29,247.000,20,246.000,9,259.000,21,260.000,9,262.000,38,263.000,20,310.000,1,0,33,
133131303000,252.000,2,249.000,21,248.000,29,247.000,20,246.000,9,86.000,1,259.000,21,260.000,9,262.000,38,263.000,20,310.000,1,0,33,
133131303000,252.000,2,249.000,30,248.000,29,247.000,20,246.000,9,86.000,1,259.000,21,260.000,9,262.000,38,263.000,20,310.000,1,0,33,
133131303000,252.000,2,249.000,30,248.000,29,247.000,20,246.000,9,86.000,1,259.000,30,260.000,9,262.000,38,263.000,20,310.000,1,0,33,
133131494000,252.000,2,249.000,30,248.000,29,247.000,20,246.000,29,86.000,1,258.000,20,259.000,30,260.000,9,262.000,38,263.000,20,0,33,
133131494000,252.000,2,249.000,30,248.000,29,247.000,20,246.000,29,86.000,1,258.000,29,259.000,30,260.000,9,262.000,38,263.000,20,0,33,
133131507000,252.000,2,249.000,30,248.000,29,247.000,20,246.000,29,86.000,1,258.000,29,259.000,30,260.000,9,262.000,29,263.000,20,0,33,
133131507000,252.000,2,249.000,30,248.000,29,247.000,20,246.000,29,86.000,1,258.000,29,259.000,30,262.000,29,263.000,20,310.000,1,0,33,
133132303000,252.000,2,249.000,9,248.000,29,247.000,20,246.000,29,86.000,1,258.000,29,259.000,9,262.000,29,263.000,20,310.000,1,0,33,
133132303000,252.000,2,249.000,30,248.000,29,247.000,20,246.000,29,86.000,1,257.000,21,258.000,29,259.000,9,262.000,29,263.000,20,0,33,
133132303000,252.000,2,249.000,21,248.000,29,247.000,20,246.000,29,86.000,1,257.000,21,258.000,29,259.000,9,262.000,29,263.000,20,0,33,
133132303000,252.000,2,249.000,21,248.000,29,247.000,20,246.000,29,86.000,1,257.000,30,258.000,29,259.000,9,262.000,29,263.000,20,0,33,
133132304000,252.000,2,249.000,30,248.000,29,247.000,20,246.000,29,86.000,1,257.000,30,258.000,29,259.000,9,262.000,29,263.000,20,0,33,
133132507000,252.000,2,249.000,30,248.000,29,247.000,20,246.000,29,86.000,1,257.000,30,258.000,29,262.000,29,263.000,20,310.000,1,0,33,
133135042000,252.000,2,249.000,30,248.000,29,247.000,20,246.000,9,86.000,1,257.000,30,258.000,9,262.000,29,263.000,20,310.000,1,0,33,
133135042000,252.000,2,249.000,30,248.000,29,247.000,40,246.000,9,86.000,1,257.000,30,258.000,9,259.000,20,262.000,29,263.000,20,0,33,
133135303000,252.000,2,249.000,9,248.000,29,247.000,40,246.000,9,86.000,1,257.000,9,258.000,9,259.000,20,262.000,29,263.000,20,0,33,
133135303000,252.000,2,249.000,30,248.000,29,247.000,40,246.000,9,86.000,1,257.000,9,258.000,30,259.000,20,262.000,29,263.000,20,0,33,
133135303000,252.000,2,249.000,30,248.000,29,247.000,40,246.000,9,86.000,1,258.000,30,259.000,20,262.000,29,263.000,20,310.000,1,0,33,
133135303000,252.000,2,249.000,21,248.000,29,247.000,40,246.000,9,86.000,1,258.000,30,259.000,20,262.000,29,263.000,20,310.000,1,0,33,
133136107000,252.000,2,249.000,30,248.000,29,247.000,40,246.000,9,86.000,1,258.000,30,259.000,20,262.000,29,263.000,20,310.000,1,0,33,
133138322000,252.000,2,249.000,30,248.000,29,247.000,20,246.000,9,86.000,1,258.000,30,262.000,29,263.000,20,310.000,1,320.000,1,0,33,
133138440000,252.000,2,249.000,30,248.000,29,247.000,20,246.000,29,86.000,1,258.000,50,262.000,29,263.000,20,310.000,1,320.000,1,0,33,
133142200000,252.000,2,249.000,30,248.000,29,246.000,29,86.000,1,84.000,3,258.000,50,262.000,9,263.000,20,310.000,1,320.000,1,0,33,
133142871000,252.000,2,249.000,30,248.000,29,247.000,20,246.000,29,86.000,1,258.000,50,262.000,29,263.000,20,310.000,1,320.000,1,0,33,
133158721000,252.000,2,249.000,30,248.000,29,247.000,20,246.000,9,86.000,1,258.000,30,262.000,29,263.000,20,310.000,1,320.000,1,0,33,
133158721000,252.000,2,249.000,30,248.000,29,247.000,40,246.000,9,86.000,1,258.000,30,259.000,20,262.000,29,263.000,20,310.000,1,0,33,
133158979000,252.000,2,249.000,30,248.000,29,247.000,20,246.000,9,86.000,1,258.000,30,259.000,20,262.000,9,263.000,20,310.000,1,0,33,
133159540000,252.000,2,249.000,9,248.000,29,247.000,20,246.000,9,86.000,1,258.000,9,259.000,20,262.000,9,263.000,20,310.000,1,0,33,
133159540000,252.000,2,249.000,30,248.000,29,247.000,20,246.000,9,86.000,1,258.000,9,259.000,41,262.000,9,263.000,20,310.000,1,0,33,
133159541000,252.000,2,249.000,21,248.000,29,247.000,20,246.000,9,86.000,1,258.000,9,259.000,41,262.000,9,263.000,20,310.000,1,0,33,
133159541000,252.000,2,249.000,21,248.000,29,247.000,20,246.000,9,86.000,1,258.000,9,259.000,50,262.000,9,263.000,20,310.000,1,0,33,
133159541000,252.000,2,249.000,21,248.000,29,247.000,20,246.000,9,86.000,1,259.000,50,262.000,9,263.000,20,310.000,1,320.000,1,0,33,
133159541000,252.000,2,249.000,30,248.000,29,247.000,20,246.000,9,86.000,1,259.000,50,262.000,9,263.000,20,310.000,1,320.000,1,0,33,
133159669000,252.000,2,249.000,30,248.000,49,247.000,20,246.000,9,86.000,1,259.000,50,262.000,9,263.000,40,310.000,1,320.000,1,0,33,
133201096000,252.000,2,249.000,30,248.000,49,246.000,9,86.000,1,84.000,3,259.000,30,262.000,9,263.000,40,310.000,1,320.000,1,0,33,
133201096000,252.000,2,249.000,30,248.000,49,246.000,29,86.000,1,84.000,3,258.000,20,259.000,30,262.000,9,263.000,40,310.000,1,0,33,
133201298000,252.000,2,249.000,30,248.000,49,246.000,29,86.000,1,84.000,3,258.000,29,259.000,30,262.000,9,263.000,40,310.000,1,0,33,
133201323000,252.000,2,249.000,9,248.000,49,246.000,29,86.000,1,84.000,3,258.000,29,259.000,9,262.000,9,263.000,40,310.000,1,0,33,
133201323000,252.000,2,249.000,30,248.000,49,246.000,29,86.000,1,84.000,3,258.000,50,259.000,9,262.000,9,263.000,40,310.000,1,0,33,
133202680000,252.000,2,249.000,30,248.000,49,246.000,9,86.000,1,84.000,3,258.000,30,259.000,9,262.000,9,263.000,40,310.000,1,0,33,
133202680000,252.000,2,249.000,30,248.000,49,247.000,20,246.000,9,86.000,1,258.000,30,259.000,29,262.000,9,263.000,40,310.000,1,0,33,
133203160000,252.000,2,249.000,30,248.000,49,246.000,9,86.000,1,84.000,3,258.000,30,259.000,9,262.000,9,263.000,40,310.000,1,0,33,
133203285000,252.000,2,249.000,30,248.000,49,246.000,29,86.000,1,84.000,3,258.000,50,259.000,9,262.000,9,263.000,40,310.000,1,0,33,
133203785000,252.000,2,249.000,30,248.000,49,246.000,9,86.000,1,84.000,3,258.000,30,259.000,9,262.000,9,263.000,40,310.000,1,0,33,
133203785000,252.000,2,249.000,30,248.000,49,247.000,20,246.000,9,86.000,1,258.000,30,259.000,29,262.000,9,263.000,40,310.000,1,0,33,
133204535000,252.000,2,249.000,30,248.000,49,246.000,9,86.000,1,84.000,3,258.000,30,259.000,9,262.000,9,263.000,40,310.000,1,0,33,
133204535000,252.000,2,249.000,30,248.000,49,246.000,29,86.000,1,84.000,3,258.000,50,259.000,9,262.000,9,263.000,40,310.000,1,0,33,
133205785000,252.000,2,249.000,30,248.000,49,246.000,9,86.000,1,84.000,3,258.000,30,259.000,9,262.000,9,263.000,40,310.000,1,0,33,
133205785000,252.000,2,249.000,30,248.000,49,247.000,20,246.000,9,86.000,1,258.000,30,259.000,29,262.000,9,263.000,40,310.000,1,0,33,
133209901000,252.000,2,249.000,30,248.000,49,246.000,9,86.000,1,84.000,3,258.000,30,259.000,9,262.000,9,263.000,40,310.000,1,0,33,
133209901000,252.000,2,249.000,30,248.000,49,246.000,29,86.000,1,84.000,3,258.000,50,259.000,9,262.000,9,263.000,40,310.000,1,0,33,
133209914000,252.000,2,249.000,30,248.000,49,246.000,9,86.000,1,84.000,3,258.000,30,259.000,9,262.000,9,263.000,40,310.000,1,0,33,
133210441000,252.000,2,249.000,30,248.000,49,247.000,20,246.000,9,86.000,1,258.000,30,259.000,29,262.000,9,263.000,40,310.000,1,0,33,
133210559000,252.000,2,249.000,9,248.000,49,247.000,20,246.000,9,86.000,1,258.000,9,259.000,29,262.000,9,263.000,40,310.000,1,0,33,
133210559000,252.000,2,249.000,30,248.000,49,247.000,20,246.000,9,86.000,1,258.000,9,259.000,50,262.000,9,263.000,40,310.000,1,0,33,
133210560000,252.000,2,249.000,21,248.000,49,247.000,20,246.000,9,86.000,1,258.000,9,259.000,50,262.000,9,263.000,40,310.000,1,0,33,
133210560000,252.000,2,249.000,21,248.000,49,247.000,20,246.000,9,86.000,1,259.000,50,262.000,9,263.000,40,310.000,1,320.000,1,0,33,
133210560000,252.000,2,249.000,30,248.000,49,247.000,20,246.000,9,86.000,1,259.000,50,262.000,9,263.000,40,310.000,1,320.000,1,0,33,
133211560000,252.000,2,249.000,9,248.000,49,247.000,20,246.000,9,86.000,1,259.000,29,262.000,9,263.000,40,310.000,1,320.000,1,0,33,
133211560000,252.000,2,249.000,30,248.000,49,247.000,20,246.000,9,86.000,1,258.000,21,259.000,29,262.000,9,263.000,40,310.000,1,0,33,
133211560000,252.000,2,249.000,21,248.000,49,247.000,20,246.000,9,86.000,1,258.000,21,259.000,29,262.000,9,263.000,40,310.000,1,0,33,
133211560000,252.000,2,249.000,21,248.000,49,247.000,20,246.000,9,86.000,1,258.000,30,259.000,29,262.000,9,263.000,40,310.000,1,0,33,
133211561000,252.000,2,249.000,30,248.000,49,247.000,20,246.000,9,86.000,1,258.000,30,259.000,29,262.000,9,263.000,40,310.000,1,0,33,
133212834000,252.000,2,250.000,20,249.000,30,248.000,49,247.000,20,246.000,9,258.000,30,259.000,29,262.000,9,263.000,40,270.000,20,0,33,
133212834000,252.000,2,250.000,29,249.000,30,248.000,49,247.000,20,246.000,9,258.000,30,259.000,29,262.000,9,263.000,40,270.000,20,0,33,
133213004000,252.000,2,250.000,29,249.000,9,248.000,49,247.000,20,246.000,9,258.000,9,259.000,29,262.000,9,263.000,40,270.000,20,0,33,
133213004000,252.000,2,251.000,21,250.000,29,249.000,9,248.000,49,247.000,20,258.000,30,259.000,29,262.000,9,263.000,40,270.000,20,0,33,
133213005000,252.000,2,251.000,21,250.000,29,249.000,9,248.000,49,247.000,20,258.000,21,259.000,29,262.000,9,263.000,40,270.000,20,0,33,
133213005000,252.000,2,251.000,30,250.000,29,249.000,9,248.000,49,247.000,20,258.000,21,259.000,29,262.000,9,263.000,40,270.000,20,0,33,
133213005000,252.000,2,251.000,30,250.000,29,249.000,9,248.000,49,247.000,20,258.000,30,259.000,29,262.000,9,263.000,40,270.000,20,0,33,
133213007000,252.000,2,251.000,30,250.000,29,248.000,49,247.000,20,246.000,9,258.000,30,259.000,29,262.000,9,263.000,40,270.000,20,0,33,
133213007000,252.000,2,251.000,30,250.000,29,248.000,40,247.000,20,246.000,9,258.000,30,259.000,29,262.000,9,263.000,40,270.000,20,0,33,
133215375000,252.000,2,251.000,30,250.000,29,248.000,40,246.000,9,86.000,1,258.000,30,259.000,9,262.000,9,263.000,40,270.000,20,0,33,
133215375000,252.000,2,251.000,30,250.000,29,248.000,40,246.000,29,86.000,1,258.000,50,259.000,9,262.000,9,263.000,40,270.000,20,0,33,
133215635000,252.000,2,251.000,30,250.000,29,248.000,40,246.000,9,86.000,1,258.000,30,259.000,9,262.000,9,263.000,40,270.000,20,0,33,
133215884000,252.000,2,251.000,30,250.000,29,248.000,40,247.000,20,246.000,9,258.000,30,259.000,29,262.000,9,263.000,40,270.000,20,0,33,
133216158000,252.000,2,251.000,30,250.000,29,248.000,40,246.000,9,86.000,1,258.000,30,259.000,9,262.000,9,263.000,40,270.000,20,0,33,
133216425000,252.000,2,251.000,30,250.000,29,248.000,40,246.000,29,86.000,1,258.000,30,259.000,29,262.000,9,263.000,40,270.000,20,0,33,
133217919000,252.000,2,251.000,30,250.000,29,248.000,40,246.000,9,86.000,1,258.000,30,259.000,9,262.000,9,263.000,40,270.000,20,0,33,
133217919000,252.000,2,251.000,30,250.000,29,248.000,40,246.000,29,86.000,1,258.000,50,259.000,9,262.000,9,263.000,40,270.000,20,0,33,
133218658000,252.000,2,251.000,30,250.000,29,248.000,40,246.000,9,86.000,1,258.000,30,259.000,9,262.000,9,263.000,40,270.000,20,0,33,
133218658000,252.000,2,251.000,30,250.000,29,248.000,40,246.000,29,86.000,1,258.000,30,259.000,29,262.000,9,263.000,40,270.000,20,0,33,
133219700000,252.000,2,251.000,30,250.000,29,248.000,20,246.000,29,86.000,1,258.000,30,259.000,29,262.000,9,263.000,20,270.000,20,0,33,
133220319000,252.000,2,251.000,30,250.000,29,248.000,20,247.000,20,246.000,29,258.000,30,259.000,29,262.000,29,263.000,20,270.000,20,0,33,
133220493000,252.000,2,251.000,30,250.000,29,248.000,20,247.000,20,246.000,9,258.000,30,259.000,9,262.000,29,263.000,20,270.000,20,0,33,
133220493000,252.000,2,251.000,30,250.000,29,248.000,20,247.000,20,246.000,29,258.000,50,259.000,9,262.000,29,263.000,20,270.000,20,0,33,
133220868000,252.000,2,251.000,30,250.000,29,248.000,20,247.000,20,246.000,9,258.000,30,259.000,9,262.000,29,263.000,20,270.000,20,0,33,
133220992000,252.000,2,251.000,30,250.000,29,248.000,20,247.000,20,246.000,29,258.000,30,259.000,29,262.000,29,263.000,20,270.000,20,0,33,
133223328000,252.000,2,251.000,30,250.000,29,248.000,20,247.000,20,246.000,9,258.000,30,259.000,9,262.000,29,263.000,20,270.000,20,0,33,
133223328000,252.000,2,251.000,30,250.000,29,248.000,20,247.000,20,246.000,29,258.000,50,259.000,9,262.000,29,263.000,20,270.000,20,0,33,
133223565000,252.000,2,251.000,9,250.000,29,248.000,20,247.000,20,246.000,29,258.000,29,259.000,9,262.000,29,263.000,20,270.000,20,0,33,
133223565000,252.000,2,251.000,9,250.000,50,248.000,20,247.000,20,246.000,29,258.000,50,259.000,9,262.000,29,263.000,20,270.000,20,0,33,
133223565000,252.000,2,250.000,50,248.000,20,247.000,20,246.000,29,86.000,1,258.000,50,259.000,9,262.000,29,263.000,20,270.000,20,0,33,
133225554000,252.000,2,250.000,50,248.000,20,247.000,20,246.000,9,86.000,1,258.000,30,259.000,9,262.000,29,263.000,20,270.000,20,0,33,
133225554000,252.000,2,250.000,50,248.000,20,247.000,20,246.000,29,86.000,1,258.000,30,259.000,29,262.000,29,263.000,20,270.000,20,0,33,
133226120000,252.000,2,250.000,50,248.000,20,247.000,20,246.000,9,86.000,1,258.000,30,259.000,9,262.000,29,263.000,20,270.000,20,0,33,
133226120000,252.000,2,250.000,50,248.000,20,247.000,20,246.000,29,86.000,1,258.000,50,259.000,9,262.000,29,263.000,20,270.000,20,0,33,
133230007000,252.000,2,250.000,50,248.000,20,247.000,20,246.000,9,86.000,1,258.000,30,259.000,9,262.000,29,263.000,20,270.000,20,0,33,
133230143000,252.000,2,250.000,50,248.000,20,247.000,20,246.000,29,86.000,1,258.000,30,259.000,29,262.000,29,263.000,20,270.000,20,0,33,
133230642000,252.000,2,250.000,50,248.000,20,247.000,20,246.000,9,86.000,1,258.000,30,259.000,9,262.000,29,263.000,20,270.000,20,0,33,
133230642000,252.000,2,250.000,50,248.000,20,247.000,40,246.000,9,86.000,1,258.000,30,259.000,29,262.000,29,263.000,20,270.000,20,0,33,
133231017000,252.000,2,250.000,50,248.000,20,247.000,20,246.000,9,86.000,1,258.000,30,259.000,9,262.000,29,263.000,20,270.000,20,0,33,
133231142000,252.000,2,250.000,50,248.000,20,247.000,20,246.000,29,86.000,1,258.000,50,259.000,9,262.000,29,263.000,20,270.000,20,0,33,
133232517000,252.000,2,250.000,50,248.000,20,247.000,20,246.000,9,86.000,1,258.000,30,259.000,9,262.000,29,263.000,20,270.000,20,0,33,
133232517000,252.000,2,250.000,50,248.000,20,247.000,20,246.000,29,86.000,1,258.000,30,259.000,29,262.000,29,263.000,20,270.000,20,0,33,
133233001000,252.000,2,250.000,50,248.000,20,247.000,20,246.000,9,86.000,1,258.000,30,259.000,9,262.000,29,263.000,20,270.000,20,0,33,
133233125000,252.000,2,250.000,50,248.000,20,247.000,20,246.000,29,86.000,1,258.000,30,259.000,29,262.000,29,263.000,20,270.000,20,0,33,
133235554000,252.000,2,250.000,50,248.000,20,247.000,20,246.000,9,86.000,1,258.000,30,259.000,9,262.000,29,263.000,20,270.000,20,0,33,
133235554000,252.000,2,250.000,50,248.000,20,247.000,20,246.000,29,86.000,1,258.000,50,259.000,9,262.000,29,263.000,20,270.000,20,0,33,
133235679000,252.000,2,250.000,50,248.000,20,247.000,20,246.000,9,86.000,1,258.000,30,259.000,9,262.000,29,263.000,20,270.000,20,0,33,
133236176000,252.000,2,250.000,50,248.000,20,247.000,20,246.000,29,86.000,1,258.000,30,259.000,29,262.000,29,263.000,20,270.000,20,0,33,
133236180000,252.000,2,250.000,50,248.000,20,247.000,20,246.000,9,86.000,1,258.000,30,259.000,9,262.000,29,263.000,20,270.000,20,0,33,
133236801000,252.000,2,250.000,50,248.000,20,247.000,20,246.000,29,86.000,1,258.000,50,259.000,9,262.000,29,263.000,20,270.000,20,0,33,
133240223000,252.000,2,250.000,50,248.000,20,247.000,20,246.000,9,86.000,1,258.000,30,259.000,9,262.000,29,263.000,20,270.000,20,0,33,
133240223000,252.000,2,250.000,50,248.000,20,247.000,40,246.000,9,86.000,1,258.000,30,259.000,29,262.000,29,263.000,20,270.000,20,0,33,
133240349000,252.000,2,250.000,50,248.000,20,247.000,20,246.000,9,86.000,1,258.000,30,259.000,9,262.000,29,263.000,20,270.000,20,0,33,
133240400000,252.000,2,250.000,50,248.000,20,246.000,9,86.000,1,84.000,3,258.000,30,259.000,9,262.000,9,263.000,20,270.000,20,0,33,
133240473000,252.000,2,250.000,50,248.000,20,247.000,20,246.000,9,86.000,1,258.000,30,259.000,9,262.000,29,263.000,20,270.000,20,0,33,
133240723000,252.000,2,250.000,50,248.000,20,247.000,20,246.000,29,86.000,1,258.000,50,259.000,9,262.000,29,263.000,20,270.000,20,0,33,
133241098000,252.000,2,250.000,50,248.000,20,247.000,20,246.000,9,86.000,1,258.000,30,259.000,9,262.000,29,263.000,20,270.000,20,0,33,
133241223000,252.000,2,250.000,50,248.000,20,247.000,20,246.000,29,86.000,1,258.000,30,259.000,29,262.000,29,263.000,20,270.000,20,0,33,
133241474000,252.000,2,250.000,50,248.000,20,247.000,20,246.000,9,86.000,1,258.000,30,259.000,9,262.000,29,263.000,20,270.000,20,0,33,
133241840000,252.000,2,250.000,50,248.000,20,247.000,20,246.000,29,86.000,1,258.000,50,259.000,9,262.000,29,263.000,20,270.000,20,0,33,
133250750000,252.000,2,250.000,50,248.000,20,247.000,20,246.000,9,86.000,1,258.000,30,259.000,9,262.000,29,263.000,20,270.000,20,0,33,
133250750000,252.000,2,250.000,50,248.000,20,247.000,40,246.000,9,86.000,1,258.000,30,259.000,29,262.000,29,263.000,20,270.000,20,0,33,
133300242000,252.000,2,250.000,50,248.000,20,247.000,20,246.000,9,86.000,1,258.000,30,259.000,9,262.000,29,263.000,20,270.000,20,0,33,
133300242000,252.000,2,250.000,50,248.000,20,247.000,20,246.000,29,86.000,1,258.000,50,259.000,9,262.000,29,263.000,20,270.000,20,0,33,
133300500000,252.000,2,250.000,50,248.000,20,246.000,29,86.000,1,84.000,3,258.000,50,259.000,9,262.000,9,263.000,20,270.000,20,0,33,
133300669000,252.000,2,250.000,50,248.000,20,246.000,49,86.000,1,84.000,3,258.000,50,259.000,9,261.000,20,262.000,9,263.000,20,0,33,
133309346000,252.000,2,250.000,29,248.000,20,246.000,49,86.000,1,84.000,3,258.000,29,259.000,9,261.000,20,262.000,9,263.000,20,0,33,
133309346000,252.000,2,250.000,29,249.000,21,248.000,20,246.000,49,86.000,1,258.000,50,259.000,9,261.000,20,262.000,9,263.000,20,0,33,
133313628000,252.000,2,250.000,29,249.000,21,248.000,20,246.000,29,86.000,1,258.000,30,259.000,9,261.000,20,262.000,9,263.000,20,0,33,
133313683000,252.000,2,250.000,9,249.000,21,248.000,20,246.000,29,86.000,1,258.000,30,259.000,9,261.000,20,262.000,9,263.000,20,0,33,
133313683000,252.000,2,250.000,9,249.000,41,248.000,20,246.000,29,86.000,1,258.000,30,259.000,9,261.000,20,262.000,9,263.000,20,0,33,
133313683000,252.000,2,249.000,41,248.000,20,246.000,29,86.000,1,84.000,3,258.000,30,259.000,9,261.000,20,262.000,9,263.000,20,0,33,
133313683000,252.000,2,249.000,50,248.000,20,246.000,29,86.000,1,84.000,3,258.000,30,259.000,9,261.000,20,262.000,9,263.000,20,0,33,
133313808000,252.000,2,249.000,50,248.000,20,247.000,20,246.000,29,86.000,1,258.000,30,259.000,29,261.000,20,262.000,9,263.000,20,0,33,
133320700000,252.000,2,249.000,50,248.000,20,247.000,20,246.000,9,86.000,1,258.000,30,259.000,29,262.000,9,263.000,20,264.000,20,0,33,
133321298000,252.000,2,249.000,50,248.000,20,247.000,20,246.000,29,86.000,1,258.000,30,259.000,29,261.000,20,262.000,9,263.000,20,0,33,
133322549000,252.000,2,249.000,50,248.000,20,247.000,20,246.000,29,86.000,1,258.000,30,259.000,29,261.000,20,263.000,20,264.000,20,0,33,
133322550000,252.000,2,249.000,50,248.000,20,247.000,20,246.000,29,86.000,1,258.000,30,259.000,29,260.000,9,261.000,20,263.000,20,0,33,
133322590000,252.000,2,249.000,29,248.000,20,247.000,20,246.000,29,86.000,1,258.000,9,259.000,29,260.000,9,261.000,20,263.000,20,0,33,
133322590000,252.000,2,249.000,29,248.000,41,247.000,20,246.000,29,86.000,1,258.000,30,259.000,29,260.000,9,261.000,20,263.000,20,0,33,
133322591000,252.000,2,249.000,29,248.000,41,247.000,20,246.000,29,86.000,1,258.000,21,259.000,29,260.000,9,261.000,20,263.000,20,0,33,
133322591000,252.000,2,249.000,29,248.000,41,247.000,20,246.000,29,86.000,1,258.000,30,259.000,29,260.000,9,261.000,20,263.000,20,0,33,
133322619000,252.000,2,249.000,9,248.000,41,247.000,20,246.000,29,86.000,1,258.000,30,259.000,29,260.000,9,261.000,20,263.000,20,0,33,
133322619000,252.000,2,249.000,9,248.000,61,247.000,20,246.000,29,86.000,1,258.000,30,259.000,29,260.000,9,261.000,20,263.000,40,0,33,
133322619000,252.000,2,249.000,9,248.000,70,247.000,20,246.000,29,86.000,1,258.000,30,259.000,29,260.000,9,261.000,20,263.000,40,0,33,
133322619000,252.000,2,248.000,70,247.000,20,246.000,29,86.000,1,84.000,3,258.000,30,259.000,29,260.000,9,261.000,20,263.000,40,0,33,
133322652000,252.000,2,248.000,50,247.000,20,246.000,29,86.000,1,84.000,3,258.000,30,259.000,29,260.000,9,261.000,20,263.000,20,0,33,
133322669000,252.000,2,248.000,50,246.000,29,86.000,1,84.000,3,39.000,20,258.000,30,259.000,9,260.000,9,261.000,20,263.000,20,0,33,
133322669000,252.000,2,248.000,50,246.000,49,86.000,1,84.000,3,39.000,20,258.000,50,259.000,9,260.000,9,261.000,20,263.000,20,0,33,
133323007000,252.000,2,248.000,50,246.000,69,86.000,1,84.000,3,39.000,20,258.000,50,259.000,9,260.000,9,261.000,40,263.000,20,0,33,
133323618000,252.000,2,248.000,30,246.000,69,86.000,1,84.000,3,39.000,20,258.000,50,259.000,9,260.000,9,261.000,40,310.000,1,0,33,
133323618000,252.000,2,249.000,20,248.000,30,246.000,69,86.000,1,84.000,3,258.000,50,259.000,9,260.000,9,261.000,40,264.000,20,0,33,
133323618000,252.000,2,249.000,29,248.000,30,246.000,69,86.000,1,84.000,3,258.000,50,259.000,9,260.000,9,261.000,40,264.000,20,0,33,
133323669000,252.000,2,249.000,29,248.000,30,246.000,49,86.000,1,84.000,3,258.000,30,259.000,9,260.000,9,261.000,40,264.000,20,0,33,
133323669000,252.000,2,249.000,29,248.000,30,247.000,20,246.000,49,86.000,1,258.000,30,259.000,29,260.000,9,261.000,40,264.000,20,0,33,
133323793000,252.000,2,249.000,29,248.000,30,246.000,49,86.000,1,84.000,3,258.000,30,259.000,9,260.000,9,261.000,40,264.000,20,0,33,
133324168000,252.000,2,249.000,29,248.000,30,246.000,69,86.000,1,84.000,3,258.000,50,259.000,9,260.000,9,261.000,40,264.000,20,0,33,
133324591000,252.000,2,249.000,29,248.000,9,246.000,69,86.000,1,84.000,3,258.000,29,259.000,9,260.000,9,261.000,40,264.000,20,0,33,
133324591000,252.000,2,249.000,50,248.000,9,246.000,69,86.000,1,84.000,3,258.000,50,259.000,9,260.000,9,261.000,40,264.000,20,0,33,
133325243000,252.000,2,249.000,30,248.000,9,246.000,69,86.000,1,84.000,3,258.000,50,259.000,9,260.000,9,261.000,40,310.000,1,0,33,
133325243000,252.000,2,249.000,30,248.000,29,246.000,69,86.000,1,84.000,3,258.000,50,259.000,9,260.000,9,261.000,40,263.000,20,0,33,
133325592000,252.000,2,249.000,9,248.000,29,246.000,69,86.000,1,84.000,3,258.000,29,259.000,9,260.000,9,261.000,40,263.000,20,0,33,
133325592000,252.000,2,249.000,9,248.000,50,246.000,69,86.000,1,84.000,3,258.000,50,259.000,9,260.000,9,261.000,40,263.000,20,0,33,
133325592000,252.000,2,248.000,50,246.000,69,86.000,1,84.000,3,39.000,20,258.000,50,259.000,9,260.000,9,261.000,40,263.000,20,0,33,
133327344000,252.000,2,248.000,29,246.000,69,86.000,1,84.000,3,39.000,20,258.000,29,259.000,9,260.000,9,261.000,40,263.000,20,0,33,
133327344000,252.000,2,249.000,21,248.000,29,246.000,69,86.000,1,84.000,3,258.000,50,259.000,9,260.000,9,261.000,40,263.000,20,0,33,
133327344000,252.000,2,249.000,30,248.000,29,246.000,69,86.000,1,84.000,3,258.000,50,259.000,9,260.000,9,261.000,40,263.000,20,0,33,
133332766000,252.000,2,249.000,30,248.000,29,246.000,49,86.000,1,84.000,3,258.000,30,259.000,9,260.000,9,261.000,40,263.000,20,0,33,
133332766000,252.000,2,249.000,30,248.000,29,247.000,20,246.000,49,86.000,1,258.000,30,259.000,29,260.000,9,261.000,40,263.000,20,0,33,
133332891000,252.000,2,249.000,30,248.000,29,246.000,49,86.000,1,84.000,3,258.000,30,259.000,9,260.000,9,261.000,40,263.000,20,0,33,
133333266000,252.000,2,249.000,30,248.000,29,246.000,69,86.000,1,84.000,3,258.000,50,259.000,9,260.000,9,261.000,40,263.000,20,0,33,
133334516000,252.000,2,249.000,30,248.000,29,246.000,49,86.000,1,84.000,3,258.000,30,259.000,9,260.000,9,261.000,40,263.000,20,0,33,
133334516000,252.000,2,249.000,30,248.000,29,247.000,20,246.000,49,86.000,1,258.000,30,259.000,29,260.000,9,261.000,40,263.000,20,0,33,
133334617000,252.000,2,249.000,30,248.000,9,247.000,20,246.000,49,86.000,1,258.000,30,259.000,29,260.000,9,261.000,40,310.000,1,0,33,
133334617000,252.000,2,249.000,50,248.000,9,247.000,20,246.000,49,86.000,1,258.000,30,259.000,29,260.000,9,261.000,40,264.000,20,0,33,
133335018000,252.000,2,249.000,50,248.000,9,246.000,49,86.000,1,84.000,3,258.000,30,259.000,9,260.000,9,261.000,40,264.000,20,0,33,
133335029000,252.000,2,249.000,50,248.000,9,246.000,69,86.000,1,84.000,3,258.000,50,259.000,9,260.000,9,261.000,40,264.000,20,0,33,
133335131000,252.000,2,249.000,50,248.000,9,246.000,49,86.000,1,84.000,3,258.000,30,259.000,9,260.000,9,261.000,40,264.000,20,0,33,
133335622000,252.000,2,249.000,50,248.000,9,247.000,20,246.000,49,86.000,1,258.000,30,259.000,29,260.000,9,261.000,40,264.000,20,0,33,
133340868000,252.000,2,249.000,30,248.000,9,247.000,20,246.000,49,86.000,1,258.000,30,259.000,29,260.000,9,261.000,40,310.000,1,0,33,
133340868000,252.000,2,250.000,20,249.000,30,248.000,9,247.000,20,246.000,49,258.000,30,259.000,29,260.000,9,261.000,40,270.000,20,0,33,
133340868000,252.000,2,250.000,29,249.000,30,248.000,9,247.000,20,246.000,49,258.000,30,259.000,29,260.000,9,261.000,40,270.000,20,0,33,
133341007000,252.000,2,250.000,29,249.000,30,247.000,20,246.000,49,86.000,1,258.000,30,259.000,29,260.000,9,261.000,40,270.000,20,0,33,
133341216000,252.000,2,250.000,29,249.000,9,247.000,20,246.000,49,86.000,1,258.000,9,259.000,29,260.000,9,261.000,40,270.000,20,0,33,
133341216000,252.000,2,250.000,50,249.000,9,247.000,20,246.000,49,86.000,1,258.000,30,259.000,29,260.000,9,261.000,40,270.000,20,0,33,
133341216000,252.000,2,250.000,50,249.000,9,247.000,20,246.000,49,86.000,1,258.000,21,259.000,29,260.000,9,261.000,40,270.000,20,0,33,
133341216000,252.000,2,250.000,50,249.000,9,247.000,20,246.000,49,86.000,1,258.000,30,259.000,29,260.000,9,261.000,40,270.000,20,0,33,
133341300000,252.000,2,250.000,50,249.000,9,247.000,20,246.000,29,86.000,1,258.000,30,259.000,29,260.000,9,261.000,20,270.000,20,0,33,
133341401000,252.000,2,250.000,50,249.000,9,247.000,40,246.000,29,86.000,1,258.000,30,259.000,29,260.000,9,261.000,20,262.000,20,0,33,
133342781000,252.000,2,250.000,50,249.000,9,247.000,20,246.000,29,86.000,1,258.000,30,259.000,9,260.000,9,261.000,20,262.000,20,0,33,
133342781000,252.000,2,250.000,50,249.000,9,248.000,20,247.000,20,246.000,29,258.000,30,259.000,9,260.000,29,261.000,20,262.000,20,0,33,
133344033000,252.000,2,250.000,50,249.000,9,247.000,20,246.000,29,86.000,1,258.000,30,259.000,9,260.000,9,261.000,20,262.000,20,0,33,
133344033000,252.000,2,250.000,50,249.000,9,247.000,40,246.000,29,86.000,1,258.000,30,259.000,29,260.000,9,261.000,20,262.000,20,0,33,
133344280000,252.000,2,250.000,50,249.000,9,247.000,20,246.000,29,86.000,1,258.000,30,259.000,9,260.000,9,261.000,20,262.000,20,0,33,
133344654000,252.000,2,250.000,50,249.000,9,248.000,20,247.000,20,246.000,29,258.000,30,259.000,9,260.000,29,261.000,20,262.000,20,0,33,
133344905000,252.000,2,250.000,50,249.000,9,247.000,20,246.000,29,86.000,1,258.000,30,259.000,9,260.000,9,261.000,20,262.000,20,0,33,
133345154000,252.000,2,250.000,50,249.000,9,247.000,40,246.000,29,86.000,1,258.000,30,259.000,29,260.000,9,261.000,20,262.000,20,0,33,
133346199000,252.000,2,250.000,50,249.000,9,247.000,20,246.000,29,86.000,1,258.000,30,259.000,9,260.000,9,261.000,20,262.000,20,0,33,
133346199000,252.000,2,250.000,50,249.000,9,248.000,20,247.000,20,246.000,29,258.000,30,259.000,9,260.000,29,261.000,20,262.000,20,0,33,
133400835000,252.000,2,250.000,50,249.000,9,247.000,20,246.000,29,86.000,1,258.000,30,259.000,9,260.000,9,261.000,20,262.000,20,0,33,
133400835000,252.000,2,250.000,50,249.000,9,247.000,40,246.000,29,86.000,1,258.000,30,259.000,29,260.000,9,261.000,20,262.000,20,0,33,
133401500000,252.000,2,250.000,50,249.000,9,247.000,20,246.000,29,86.000,1,258.000,30,259.000,29,260.000,9,261.000,20,270.000,20,0,33,
133402173000,252.000,2,250.000,50,249.000,9,247.000,40,246.000,29,86.000,1,258.000,30,259.000,29,260.000,9,261.000,20,262.000,20,0,33,
133402199000,252.000,2,250.000,50,249.000,9,247.000,20,246.000,29,86.000,1,258.000,30,259.000,9,260.000,9,261.000,20,262.000,20,0,33,
133402199000,252.000,2,250.000,50,249.000,9,248.000,20,247.000,20,246.000,29,258.000,30,259.000,9,260.000,29,261.000,20,262.000,20,0,33,
133402449000,252.000,2,250.000,50,249.000,9,247.000,20,246.000,29,86.000,1,258.000,30,259.000,9,260.000,9,261.000,20,262.000,20,0,33,
133402698000,252.000,2,250.000,50,249.000,9,248.000,20,247.000,20,246.000,29,258.000,30,259.000,9,260.000,29,261.000,20,262.000,20,0,33,
133403179000,252.000,2,250.000,50,249.000,9,247.000,20,246.000,29,86.000,1,258.000,30,259.000,9,260.000,9,261.000,20,262.000,20,0,33,
133403206000,252.000,2,250.000,29,249.000,9,247.000,20,246.000,29,86.000,1,258.000,9,259.000,9,260.000,9,261.000,20,262.000,20,0,33,
133403206000,252.000,2,251.000,21,250.000,29,249.000,9,247.000,20,246.000,29,258.000,9,259.000,30,260.000,9,261.000,20,262.000,20,0,33,
133403208000,252.000,2,251.000,21,250.000,29,249.000,9,247.000,20,246.000,29,258.000,9,259.000,30,261.000,20,262.000,20,270.000,20,0,33,
133403214000,252.000,2,251.000,21,250.000,29,249.000,9,247.000,20,246.000,29,259.000,30,261.000,20,262.000,20,270.000,20,310.000,1,0,33,
133403318000,252.000,2,251.000,21,250.000,29,249.000,9,247.000,20,246.000,29,259.000,30,261.000,20,262.000,20,263.000,9,270.000,20,0,33,
133403326000,252.000,2,251.000,21,250.000,29,249.000,9,247.000,40,246.000,29,259.000,30,261.000,20,262.000,40,263.000,9,270.000,20,0,33,
133403856000,252.000,2,251.000,21,250.000,29,249.000,9,247.000,20,246.000,29,259.000,30,261.000,20,262.000,20,263.000,9,270.000,20,0,33,
133403856000,252.000,2,251.000,21,250.000,29,249.000,9,248.000,20,247.000,20,259.000,30,261.000,40,262.000,20,263.000,9,270.000,20,0,33,
133404158000,252.000,2,251.000,30,250.000,29,249.000,9,248.000,20,247.000,20,259.000,30,261.000,40,262.000,20,263.000,9,270.000,20,0,33,
133404482000,252.000,2,251.000,30,250.000,29,249.000,9,247.000,20,246.000,29,259.000,30,261.000,20,262.000,20,263.000,9,270.000,20,0,33,
133404482000,252.000,2,251.000,30,250.000,29,249.000,9,248.000,20,247.000,20,259.000,30,260.000,20,261.000,20,262.000,20,263.000,9,0,33,
133404507000,252.000,2,251.000,30,250.000,29,248.000,20,247.000,20,246.000,29,259.000,30,260.000,20,261.000,20,262.000,20,263.000,9,0,33,
133406384000,252.000,2,251.000,30,250.000,29,248.000,20,246.000,29,86.000,1,259.000,30,260.000,20,261.000,20,263.000,9,270.000,20,0,33,
133407425000,252.000,2,251.000,30,250.000,29,248.000,40,246.000,29,86.000,1,259.000,30,260.000,20,261.000,20,263.000,29,270.000,20,0,33,
133407618000,252.000,2,251.000,30,250.000,9,248.000,40,246.000,29,86.000,1,259.000,30,260.000,20,261.000,20,263.000,29,310.000,1,0,33,
133407618000,252.000,2,251.000,50,250.000,9,248.000,40,246.000,29,86.000,1,259.000,30,260.000,20,261.000,20,263.000,29,271.000,20,0,33,
133407624000,252.000,2,251.000,50,250.000,9,248.000,20,246.000,29,86.000,1,259.000,30,261.000,20,263.000,29,271.000,20,310.000,1,0,33,
133407624000,252.000,2,251.000,50,250.000,9,249.000,20,248.000,20,246.000,29,259.000,30,261.000,40,263.000,29,271.000,20,310.000,1,0,33,
133407884000,252.000,2,251.000,50,250.000,9,249.000,20,248.000,20,246.000,20,259.000,30,261.000,40,263.000,29,271.000,20,310.000,1,0,33,
133407885000,252.000,2,251.000,50,250.000,9,249.000,20,248.000,29,246.000,20,259.000,30,261.000,40,263.000,29,271.000,20,310.000,1,0,33,
133408758000,252.000,2,251.000,50,250.000,9,248.000,29,246.000,20,86.000,1,259.000,30,261.000,20,263.000,29,271.000,20,310.000,1,0,33,
133408758000,252.000,2,251.000,50,250.000,9,248.000,49,246.000,20,86.000,1,259.000,30,261.000,40,263.000,29,271.000,20,310.000,1,0,33,
133409180000,252.000,2,251.000,50,250.000,9,248.000,29,246.000,20,86.000,1,259.000,30,261.000,20,263.000,29,271.000,20,310.000,1,0,33,
133409243000,252.000,2,251.000,30,250.000,9,248.000,29,246.000,20,86.000,1,259.000,30,261.000,20,263.000,29,310.000,1,320.000,1,0,33,
133409243000,252.000,2,251.000,30,250.000,29,248.000,29,246.000,20,86.000,1,259.000,30,261.000,20,263.000,29,270.000,20,310.000,1,0,33,
133409384000,252.000,2,251.000,30,250.000,29,249.000,20,248.000,29,246.000,20,259.000,30,261.000,40,263.000,29,270.000,20,310.000,1,0,33,
133411619000,252.000,2,251.000,30,250.000,29,249.000,20,248.000,29,86.000,1,259.000,30,261.000,20,263.000,29,270.000,20,310.000,1,0,33,
133411621000,252.000,2,251.000,30,250.000,29,249.000,20,248.000,9,86.000,1,259.000,30,261.000,20,263.000,9,270.000,20,310.000,1,0,33,
133412007000,252.000,2,251.000,30,250.000,29,249.000,20,248.000,29,86.000,1,259.000,30,261.000,20,263.000,29,270.000,20,310.000,1,0,33,
133412722000,252.000,2,251.000,30,250.000,29,249.000,20,248.000,49,86.000,1,259.000,30,261.000,20,263.000,49,270.000,20,310.000,1,0,33,
133422129000,252.000,2,251.000,30,250.000,9,249.000,20,248.000,49,86.000,1,259.000,30,261.000,20,263.000,49,310.000,1,320.000,1,0,33,
133422129000,252.000,2,251.000,50,250.000,9,249.000,20,248.000,49,86.000,1,259.000,30,261.000,20,263.000,49,271.000,20,310.000,1,0,33,
133423868000,252.000,2,251.000,30,250.000,9,249.000,20,248.000,49,86.000,1,259.000,30,261.000,20,263.000,49,310.000,1,320.000,1,0,33,
133423868000,252.000,2,251.000,30,250.000,29,249.000,20,248.000,49,86.000,1,259.000,30,261.000,20,263.000,49,270.000,20,310.000,1,0,33,
133430743000,252.000,2,251.000,30,250.000,9,249.000,20,248.000,49,86.000,1,259.000,30,261.000,20,263.000,49,310.000,1,320.000,1,0,33,
133430743000,252.000,2,251.000,50,250.000,9,249.000,20,248.000,49,86.000,1,259.000,30,261.000,20,263.000,49,271.000,20,310.000,1,0,33,
133432800000,252.000,2,251.000,50,250.000,9,249.000,20,248.000,29,86.000,1,259.000,30,261.000,20,263.000,29,271.000,20,310.000,1,0,33,
133433825000,252.000,2,251.000,50,250.000,9,249.000,20,248.000,49,86.000,1,259.000,30,261.000,20,263.000,49,271.000,20,310.000,1,0,33,
133434300000,252.000,2,251.000,50,250.000,9,248.000,49,86.000,1,84.000,3,259.000,30,263.000,49,271.000,20,310.000,1,320.000,1,0,33,
133434300000,252.000,2,251.000,50,250.000,9,248.000,69,86.000,1,84.000,3,259.000,30,260.000,20,263.000,49,271.000,20,310.000,1,0,33,
133434675000,252.000,2,251.000,50,250.000,9,248.000,49,86.000,1,84.000,3,259.000,30,263.000,49,271.000,20,310.000,1,320.000,1,0,33,
133434801000,252.000,2,251.000,50,250.000,9,248.000,69,86.000,1,84.000,3,259.000,30,260.000,20,263.000,49,271.000,20,310.000,1,0,33,
133435051000,252.000,2,251.000,50,250.000,9,248.000,49,86.000,1,84.000,3,259.000,30,263.000,49,271.000,20,310.000,1,320.000,1,0,33,
133435419000,252.000,2,251.000,50,250.000,9,249.000,20,248.000,49,86.000,1,259.000,30,261.000,20,263.000,49,271.000,20,310.000,1,0,33,
133435545000,252.000,2,251.000,50,250.000,9,248.000,49,86.000,1,84.000,3,259.000,30,263.000,49,271.000,20,310.000,1,320.000,1,0,33,
133435919000,252.000,2,251.000,50,250.000,9,248.000,69,86.000,1,84.000,3,259.000,30,260.000,20,263.000,49,271.000,20,310.000,1,0,33,
133437117000,252.000,2,251.000,30,250.000,9,248.000,69,86.000,1,84.000,3,259.000,30,260.000,20,263.000,49,310.000,1,320.000,1,0,33,
133437117000,252.000,2,251.000,30,250.000,29,248.000,69,86.000,1,84.000,3,259.000,30,260.000,20,263.000,49,270.000,20,310.000,1,0,33,
133439621000,252.000,2,251.000,30,250.000,29,248.000,49,86.000,1,84.000,3,259.000,30,263.000,49,270.000,20,310.000,1,320.000,1,0,33,
133439621000,252.000,2,251.000,30,250.000,29,249.000,20,248.000,49,86.000,1,259.000,30,261.000,20,263.000,49,270.000,20,310.000,1,0,33,
133439748000,252.000,2,251.000,30,250.000,29,248.000,49,86.000,1,84.000,3,259.000,30,263.000,49,270.000,20,310.000,1,320.000,1,0,33,
133440238000,252.000,2,251.000,30,250.000,29,248.000,69,86.000,1,84.000,3,259.000,30,260.000,20,263.000,49,270.000,20,310.000,1,0,33,
133442400000,252.000,2,251.000,30,250.000,29,248.000,49,86.000,1,84.000,3,259.000,30,263.000,49,270.000,20,310.000,1,320.000,1,0,33,
133442590000,252.000,2,251.000,30,250.000,29,249.000,20,248.000,49,86.000,1,259.000,30,261.000,20,263.000,49,270.000,20,310.000,1,0,33,
133453900000,252.000,2,251.000,30,250.000,29,249.000,20,248.000,29,86.000,1,259.000,30,261.000,20,263.000,29,270.000,20,310.000,1,0,33,
133454648000,252.000,2,251.000,30,250.000,29,249.000,20,248.000,29,247.000,20,259.000,30,261.000,20,262.000,20,263.000,29,270.000,20,0,33,
133500154000,252.000,2,251.000,30,250.000,29,248.000,29,247.000,20,86.000,1,259.000,30,262.000,20,263.000,29,270.000,20,310.000,1,0,33,
133500154000,252.000,2,251.000,30,250.000,29,248.000,49,247.000,20,86.000,1,259.000,30,260.000,20,262.000,20,263.000,29,270.000,20,0,33,
133500278000,252.000,2,251.000,30,250.000,29,248.000,29,247.000,20,86.000,1,259.000,30,262.000,20,263.000,29,270.000,20,310.000,1,0,33,
133500771000,252.000,2,251.000,30,250.000,29,249.000,20,248.000,29,247.000,20,259.000,30,261.000,20,262.000,20,263.000,29,270.000,20,0,33,
133500896000,252.000,2,251.000,30,250.000,29,248.000,29,247.000,20,86.000,1,259.000,30,262.000,20,263.000,29,270.000,20,310.000,1,0,33,
133501387000,252.000,2,251.000,30,250.000,29,248.000,49,247.000,20,86.000,1,259.000,30,260.000,20,262.000,20,263.000,29,270.000,20,0,33,
133501389000,252.000,2,251.000,9,250.000,29,248.000,49,247.000,20,86.000,1,259.000,9,260.000,20,262.000,20,263.000,29,270.000,20,0,33,
133501389000,252.000,2,251.000,9,250.000,50,248.000,49,247.000,20,86.000,1,258.000,21,259.000,9,260.000,20,262.000,20,263.000,29,0,33,
133501389000,252.000,2,251.000,9,250.000,50,248.000,49,247.000,20,86.000,1,258.000,30,259.000,9,260.000,20,262.000,20,263.000,29,0,33,
133501389000,252.000,2,250.000,50,248.000,49,247.000,20,86.000,1,84.000,3,258.000,30,259.000,9,260.000,20,262.000,20,263.000,29,0,33,
133512803000,252.000,2,250.000,50,248.000,29,247.000,20,86.000,1,84.000,3,258.000,30,259.000,9,262.000,20,263.000,29,270.000,20,0,33,
133512803000,252.000,2,250.000,50,249.000,20,248.000,29,247.000,20,86.000,1,258.000,30,259.000,9,261.000,20,262.000,20,263.000,29,0,33,
133514700000,252.000,2,250.000,50,249.000,20,248.000,29,86.000,1,84.000,3,258.000,30,259.000,9,261.000,20,263.000,29,270.000,20,0,33,
133515186000,252.000,2,250.000,50,249.000,20,248.000,29,247.000,20,86.000,1,258.000,30,259.000,9,261.000,20,262.000,20,263.000,29,0,33,
133517506000,252.000,2,250.000,50,248.000,29,247.000,20,86.000,1,84.000,3,258.000,30,259.000,9,262.000,20,263.000,29,270.000,20,0,33,
133517506000,252.000,2,250.000,50,248.000,49,247.000,20,86.000,1,84.000,3,258.000,30,259.000,9,260.000,20,262.000,20,263.000,29,0,33,
133518131000,252.000,2,250.000,50,248.000,29,247.000,20,86.000,1,84.000,3,258.000,30,259.000,9,262.000,20,263.000,29,270.000,20,0,33,
133518131000,252.000,2,250.000,50,249.000,20,248.000,29,247.000,20,86.000,1,258.000,30,259.000,9,261.000,20,262.000,20,263.000,29,0,33,
133519255000,252.000,2,250.000,50,248.000,29,247.000,20,86.000,1,84.000,3,258.000,30,259.000,9,262.000,20,263.000,29,270.000,20,0,33,
133519255000,252.000,2,250.000,50,248.000,49,247.000,20,86.000,1,84.000,3,258.000,30,259.000,9,260.000,20,262.000,20,263.000,29,0,33,
133531885000,252.000,2,250.000,29,248.000,49,247.000,20,86.000,1,84.000,3,258.000,9,259.000,9,260.000,20,262.000,20,263.000,29,0,33,
133531885000,252.000,2,251.000,21,250.000,29,248.000,49,247.000,20,86.000,1,258.000,9,259.000,9,260.000,41,262.000,20,263.000,29,0,33,
133531885000,252.000,2,251.000,21,250.000,29,248.000,29,247.000,20,86.000,1,258.000,9,259.000,9,260.000,21,262.000,20,263.000,29,0,33,
133531885000,252.000,2,251.000,21,250.000,49,248.000,29,247.000,20,86.000,1,258.000,9,259.000,9,260.000,21,262.000,40,263.000,29,0,33,
133531890000,252.000,2,251.000,21,250.000,29,248.000,29,247.000,20,86.000,1,258.000,9,259.000,9,260.000,21,262.000,20,263.000,29,0,33,
133531890000,252.000,2,251.000,21,250.000,29,248.000,29,247.000,20,86.000,1,259.000,9,260.000,21,262.000,20,263.000,29,270.000,20,0,33,
133531890000,252.000,2,251.000,30,250.000,29,248.000,29,247.000,20,86.000,1,259.000,9,260.000,21,262.000,20,263.000,29,270.000,20,0,33,
133531890000,252.000,2,251.000,30,250.000,29,248.000,29,247.000,20,86.000,1,259.000,9,260.000,30,262.000,20,263.000,29,270.000,20,0,33,
133531892000,252.000,2,251.000,30,250.000,29,248.000,29,247.000,20,86.000,1,260.000,30,262.000,20,263.000,29,270.000,20,310.000,1,0,33,
133532382000,252.000,2,251.000,30,250.000,29,249.000,20,248.000,29,247.000,20,260.000,30,262.000,40,263.000,29,270.000,20,310.000,1,0,33,
133535200000,252.000,2,251.000,30,250.000,29,249.000,20,248.000,29,86.000,1,260.000,30,262.000,20,263.000,29,270.000,20,310.000,1,0,33,
133536068000,252.000,2,251.000,30,250.000,29,249.000,20,248.000,49,86.000,1,260.000,30,262.000,20,263.000,49,270.000,20,310.000,1,0,33,
133536234000,252.000,2,251.000,30,250.000,29,248.000,49,86.000,1,84.000,3,260.000,30,263.000,49,270.000,20,310.000,1,320.000,1,0,33,
133536234000,252.000,2,251.000,30,250.000,29,249.000,20,248.000,49,86.000,1,260.000,30,261.000,20,263.000,49,270.000,20,310.000,1,0,33,
133536840000,252.000,2,251.000,30,250.000,29,248.000,49,86.000,1,84.000,3,260.000,30,263.000,49,270.000,20,310.000,1,320.000,1,0,33,
133536841000,252.000,2,251.000,30,250.000,29,249.000,20,248.000,49,86.000,1,260.000,30,262.000,20,263.000,49,270.000,20,310.000,1,0,33,
133538208000,252.000,2,251.000,30,250.000,29,248.000,49,86.000,1,84.000,3,260.000,30,263.000,49,270.000,20,310.000,1,320.000,1,0,33,
133538208000,252.000,2,251.000,30,250.000,49,248.000,49,86.000,1,84.000,3,260.000,30,262.000,20,263.000,49,270.000,20,310.000,1,0,33,
133540535000,252.000,2,251.000,30,250.000,29,248.000,49,86.000,1,84.000,3,260.000,30,263.000,49,270.000,20,310.000,1,320.000,1,0,33,
133540535000,252.000,2,251.000,30,250.000,29,249.000,20,248.000,49,86.000,1,260.000,30,261.000,20,263.000,49,270.000,20,310.000,1,0,33,
133540784000,252.000,2,251.000,30,250.000,29,248.000,49,86.000,1,84.000,3,260.000,30,263.000,49,270.000,20,310.000,1,320.000,1,0,33,
133541034000,252.000,2,251.000,30,250.000,29,249.000,20,248.000,49,86.000,1,260.000,30,262.000,20,263.000,49,270.000,20,310.000,1,0,33,
133541161000,252.000,2,251.000,30,250.000,29,248.000,49,86.000,1,84.000,3,260.000,30,263.000,49,270.000,20,310.000,1,320.000,1,0,33,
133541651000,252.000,2,251.000,30,250.000,49,248.000,49,86.000,1,84.000,3,260.000,30,262.000,20,263.000,49,270.000,20,310.000,1,0,33,
133546384000,252.000,2,251.000,30,250.000,29,248.000,49,86.000,1,84.000,3,260.000,30,263.000,49,270.000,20,310.000,1,320.000,1,0,33,
133546384000,252.000,2,251.000,30,250.000,29,249.000,20,248.000,49,86.000,1,260.000,30,261.000,20,263.000,49,270.000,20,310.000,1,0,33,
133546747000,252.000,2,251.000,30,250.000,29,248.000,49,86.000,1,84.000,3,260.000,30,263.000,49,270.000,20,310.000,1,320.000,1,0,33,
133546996000,252.000,2,251.000,30,250.000,29,249.000,20,248.000,49,86.000,1,260.000,30,262.000,20,263.000,49,270.000,20,310.000,1,0,33,
133547872000,252.000,2,251.000,30,250.000,29,248.000,49,86.000,1,84.000,3,260.000,30,263.000,49,270.000,20,310.000,1,320.000,1,0,33,
133547872000,252.000,2,251.000,30,250.000,29,249.000,20,248.000,49,86.000,1,260.000,30,261.000,20,263.000,49,270.000,20,310.000,1,0,33,
133554379000,252.000,2,251.000,9,250.000,29,249.000,20,248.000,49,86.000,1,260.000,9,261.000,20,263.000,49,270.000,20,310.000,1,0,33,
133554379000,252.000,2,251.000,30,250.000,29,249.000,20,248.000,49,86.000,1,259.000,21,260.000,9,261.000,20,263.000,49,270.000,20,0,33,
133554380000,252.000,2,251.000,30,250.000,29,249.000,20,248.000,49,86.000,1,259.000,21,261.000,20,263.000,49,270.000,20,310.000,1,0,33,
133554380000,252.000,2,251.000,30,250.000,29,249.000,20,248.000,49,86.000,1,259.000,21,261.000,29,263.000,49,270.000,20,310.000,1,0,33,
133554380000,252.000,2,251.000,30,250.000,29,249.000,20,248.000,49,86.000,1,259.000,30,261.000,29,263.000,49,270.000,20,310.000,1,0,33,
133554380000,252.000,2,251.000,21,250.000,29,249.000,20,248.000,49,86.000,1,259.000,30,261.000,29,263.000,49,270.000,20,310.000,1,0,33,
133554676000,252.000,2,251.000,30,250.000,29,249.000,20,248.000,49,86.000,1,259.000,30,261.000,29,263.000,49,270.000,20,310.000,1,0,33,
133556100000,252.000,2,251.000,30,250.000,29,249.000,20,248.000,29,86.000,1,259.000,30,261.000,29,263.000,29,270.000,20,310.000,1,0,33,
133557079000,252.000,2,251.000,30,250.000,29,249.000,20,248.000,49,86.000,1,259.000,30,261.000,29,263.000,49,270.000,20,310.000,1,0,33,
133607007000,252.000,2,251.000,30,250.000,29,248.000,49,86.000,1,84.000,3,259.000,30,261.000,9,263.000,49,270.000,20,310.000,1,0,33,
133607007000,252.000,2,251.000,30,250.000,29,248.000,69,86.000,1,84.000,3,259.000,30,260.000,20,261.000,9,263.000,49,270.000,20,0,33,
133615451000,252.000,2,251.000,30,250.000,29,248.000,49,86.000,1,84.000,3,259.000,30,261.000,9,263.000,49,270.000,20,310.000,1,0,33,
133615451000,252.000,2,251.000,30,250.000,29,249.000,20,248.000,49,86.000,1,259.000,30,261.000,29,263.000,49,270.000,20,310.000,1,0,33,
133615715000,252.000,2,251.000,30,250.000,29,248.000,49,86.000,1,84.000,3,259.000,30,261.000,9,263.000,49,270.000,20,310.000,1,0,33,
133615952000,252.000,2,251.000,30,250.000,29,249.000,20,248.000,49,86.000,1,259.000,30,261.000,29,263.000,49,270.000,20,310.000,1,0,33,
133616201000,252.000,2,251.000,30,250.000,29,248.000,49,86.000,1,84.000,3,259.000,30,261.000,9,263.000,49,270.000,20,310.000,1,0,33,
133616452000,252.000,2,251.000,30,250.000,29,249.000,20,248.000,49,86.000,1,259.000,30,261.000,29,263.000,49,270.000,20,310.000,1,0,33,
133617077000,252.000,2,251.000,30,250.000,29,248.000,49,86.000,1,84.000,3,259.000,30,261.000,9,263.000,49,270.000,20,310.000,1,0,33,
133617077000,252.000,2,251.000,30,250.000,29,248.000,69,86.000,1,84.000,3,259.000,30,260.000,20,261.000,9,263.000,49,270.000,20,0,33,
133617100000,252.000,2,251.000,30,250.000,29,248.000,49,86.000,1,84.000,3,259.000,30,260.000,20,261.000,9,263.000,29,270.000,20,0,33,
133618109000,252.000,2,251.000,30,250.000,29,248.000,69,86.000,1,84.000,3,259.000,30,260.000,20,261.000,9,263.000,49,270.000,20,0,33,
133624560000,252.000,2,251.000,30,250.000,29,248.000,49,86.000,1,84.000,3,259.000,30,261.000,9,263.000,49,270.000,20,310.000,1,0,33,
133624560000,252.000,2,251.000,30,250.000,29,249.000,20,248.000,49,86.000,1,259.000,30,261.000,29,263.000,49,270.000,20,310.000,1,0,33,
133625058000,252.000,2,251.000,30,250.000,29,248.000,49,86.000,1,84.000,3,259.000,30,261.000,9,263.000,49,270.000,20,310.000,1,0,33,
133625068000,252.000,2,251.000,30,250.000,29,248.000,69,86.000,1,84.000,3,259.000,30,260.000,20,261.000,9,263.000,49,270.000,20,0,33,
133626057000,252.000,2,251.000,30,250.000,29,248.000,49,86.000,1,84.000,3,259.000,30,261.000,9,263.000,49,270.000,20,310.000,1,0,33,
133626057000,252.000,2,251.000,30,250.000,29,249.000,20,248.000,49,86.000,1,259.000,30,261.000,29,263.000,49,270.000,20,310.000,1,0,33,
133628148000,252.000,2,251.000,30,250.000,29,248.000,49,86.000,1,84.000,3,259.000,30,261.000,9,263.000,49,270.000,20,310.000,1,0,33,
133628148000,252.000,2,251.000,30,250.000,29,248.000,69,86.000,1,84.000,3,259.000,30,260.000,20,261.000,9,263.000,49,270.000,20,0,33,
133628522000,252.000,2,251.000,30,250.000,29,248.000,49,86.000,1,84.000,3,259.000,30,261.000,9,263.000,49,270.000,20,310.000,1,0,33,
133628647000,252.000,2,251.000,30,250.000,29,248.000,69,86.000,1,84.000,3,259.000,30,260.000,20,261.000,9,263.000,49,270.000,20,0,33,
133629397000,252.000,2,251.000,30,250.000,29,248.000,49,86.000,1,84.000,3,259.000,30,261.000,9,263.000,49,270.000,20,310.000,1,0,33,
133629397000,252.000,2,251.000,30,250.000,29,249.000,20,248.000,49,86.000,1,259.000,30,261.000,29,263.000,49,270.000,20,310.000,1,0,33,
133629897000,252.000,2,251.000,30,250.000,29,248.000,49,86.000,1,84.000,3,259.000,30,261.000,9,263.000,49,270.000,20,310.000,1,0,33,
133629897000,252.000,2,251.000,30,250.000,29,248.000,69,86.000,1,84.000,3,259.000,30,260.000,20,261.000,9,263.000,49,270.000,20,0,33,
133630147000,252.000,2,251.000,30,250.000,29,248.000,49,86.000,1,84.000,3,259.000,30,261.000,9,263.000,49,270.000,20,310.000,1,0,33,
133630398000,252.000,2,251.000,30,250.000,29,249.000,20,248.000,49,86.000,1,259.000,30,261.000,29,263.000,49,270.000,20,310.000,1,0,33,
133630770000,252.000,2,251.000,30,250.000,29,248.000,49,86.000,1,84.000,3,259.000,30,261.000,9,263.000,49,270.000,20,310.000,1,0,33,
133631019000,252.000,2,251.000,30,250.000,29,249.000,20,248.000,49,86.000,1,259.000,30,261.000,29,263.000,49,270.000,20,310.000,1,0,33,
133635020000,252.000,2,251.000,30,250.000,29,248.000,49,86.000,1,84.000,3,259.000,30,261.000,9,263.000,49,270.000,20,310.000,1,0,33,
133635020000,252.000,2,251.000,30,250.000,29,248.000,69,86.000,1,84.000,3,259.000,30,260.000,20,261.000,9,263.000,49,270.000,20,0,33,
133636506000,252.000,2,251.000,30,250.000,29,248.000,49,86.000,1,84.000,3,259.000,30,260.000,20,261.000,9,263.000,29,270.000,20,0,33,
133636507000,252.000,2,251.000,30,250.000,29,248.000,49,246.000,20,86.000,1,259.000,30,260.000,20,261.000,29,263.000,29,270.000,20,0,33,
133638200000,252.000,2,251.000,30,250.000,29,248.000,29,246.000,20,86.000,1,259.000,30,260.000,20,261.000,29,263.000,9,270.000,20,0,33,
133638812000,252.000,2,251.000,30,250.000,29,248.000,49,246.000,20,86.000,1,259.000,30,260.000,20,261.000,29,263.000,29,270.000,20,0,33,
133639159000,252.000,2,251.000,30,250.000,29,248.000,29,246.000,20,86.000,1,259.000,30,261.000,29,263.000,29,270.000,20,310.000,1,0,33,
133639159000,252.000,2,251.000,30,250.000,29,249.000,20,248.000,29,246.000,20,259.000,30,261.000,49,263.000,29,270.000,20,310.000,1,0,33,
133640154000,252.000,2,251.000,30,250.000,29,248.000,29,246.000,20,86.000,1,259.000,30,261.000,29,263.000,29,270.000,20,310.000,1,0,33,
133640154000,252.000,2,251.000,30,250.000,29,248.000,49,246.000,20,86.000,1,259.000,30,260.000,20,261.000,29,263.000,29,270.000,20,0,33,
133656684000,252.000,2,251.000,30,250.000,29,248.000,29,246.000,20,86.000,1,259.000,30,261.000,29,263.000,29,270.000,20,310.000,1,0,33,
133656684000,252.000,2,251.000,30,250.000,29,249.000,20,248.000,29,246.000,20,259.000,30,261.000,49,263.000,29,270.000,20,310.000,1,0,33,
133657008000,252.000,2,251.000,30,250.000,29,248.000,29,246.000,20,86.000,1,259.000,30,261.000,29,263.000,29,270.000,20,310.000,1,0,33,
133657185000,252.000,2,251.000,30,250.000,29,248.000,49,246.000,20,86.000,1,259.000,30,260.000,20,261.000,29,263.000,29,270.000,20,0,33,
133658900000,252.000,2,251.000,30,250.000,29,248.000,29,246.000,20,86.000,1,259.000,30,260.000,20,261.000,29,263.000,9,270.000,20,0,33,
133659793000,252.000,2,251.000,30,250.000,29,248.000,29,247.000,20,246.000,20,259.000,30,260.000,20,261.000,29,262.000,20,263.000,9,0,33,
133719800000,252.000,2,251.000,30,250.000,29,248.000,29,246.000,20,86.000,1,259.000,30,260.000,20,261.000,29,263.000,9,270.000,20,0,33,
133720744000,252.000,2,251.000,30,250.000,29,248.000,29,247.000,20,246.000,20,259.000,30,260.000,20,261.000,29,262.000,20,263.000,9,0,33,
133740800000,252.000,2,251.000,30,250.000,29,248.000,29,246.000,20,86.000,1,259.000,30,260.000,20,261.000,29,263.000,9,270.000,20,0,33,
133741772000,252.000,2,251.000,30,250.000,29,248.000,49,246.000,20,86.000,1,259.000,30,260.000,20,261.000,29,263.000,29,270.000,20,0,33,
133751925000,252.000,2,251.000,30,250.000,29,248.000,29,246.000,20,86.000,1,259.000,30,261.000,29,263.000,29,270.000,20,310.000,1,0,33,
133751925000,252.000,2,251.000,30,250.000,29,249.000,20,248.000,29,246.000,20,259.000,30,261.000,49,263.000,29,270.000,20,310.000,1,0,33,
133754274000,252.000,2,251.000,30,250.000,29,248.000,29,246.000,20,86.000,1,259.000,30,261.000,29,263.000,29,270.000,20,310.000,1,0,33,
133754274000,252.000,2,251.000,30,250.000,29,248.000,49,246.000,20,86.000,1,259.000,30,260.000,20,261.000,29,263.000,29,270.000,20,0,33,
133754399000,252.000,2,251.000,30,250.000,29,248.000,29,246.000,20,86.000,1,259.000,30,261.000,29,263.000,29,270.000,20,310.000,1,0,33,
133754775000,252.000,2,251.000,30,250.000,29,249.000,20,248.000,29,246.000,20,259.000,30,261.000,49,263.000,29,270.000,20,310.000,1,0,33,
133801800000,252.000,2,251.000,30,250.000,29,249.000,20,248.000,9,246.000,20,259.000,30,261.000,49,263.000,9,270.000,20,310.000,1,0,33,
133802819000,252.000,2,251.000,30,250.000,29,249.000,20,248.000,29,246.000,20,259.000,30,261.000,49,263.000,29,270.000,20,310.000,1,0,33,
133809880000,252.000,2,251.000,30,250.000,29,248.000,29,246.000,20,86.000,1,259.000,30,261.000,29,263.000,29,270.000,20,310.000,1,0,33,
133809880000,252.000,2,251.000,9,250.000,29,248.000,29,246.000,20,86.000,1,259.000,9,261.000,29,263.000,29,270.000,20,310.000,1,0,33,
133809880000,252.000,2,251.000,30,250.000,29,248.000,29,246.000,20,86.000,1,259.000,9,260.000,21,261.000,29,263.000,29,270.000,20,0,33,
133809881000,252.000,2,251.000,30,250.000,29,248.000,29,246.000,20,86.000,1,259.000,9,260.000,30,261.000,29,263.000,29,270.000,20,0,33,
133809881000,252.000,2,251.000,30,250.000,29,248.000,29,246.000,20,86.000,1,260.000,30,261.000,29,263.000,29,270.000,20,310.000,1,0,33,
133809999000,252.000,2,251.000,30,250.000,49,248.000,29,246.000,20,86.000,1,260.000,30,261.000,29,262.000,20,263.000,29,270.000,20,0,33,
133810614000,252.000,2,251.000,30,250.000,29,248.000,29,246.000,20,86.000,1,260.000,30,261.000,29,263.000,29,270.000,20,310.000,1,0,33,
133810614000,252.000,2,251.000,30,250.000,29,249.000,20,248.000,29,246.000,20,260.000,30,261.000,49,263.000,29,270.000,20,310.000,1,0,33,
133814874000,252.000,2,251.000,30,250.000,29,248.000,29,246.000,20,86.000,1,260.000,30,261.000,29,263.000,29,270.000,20,310.000,1,0,33,
133814874000,252.000,2,251.000,30,250.000,49,248.000,29,246.000,20,86.000,1,260.000,30,261.000,29,262.000,20,263.000,29,270.000,20,0,33,
133822900000,252.000,2,251.000,30,250.000,49,248.000,9,246.000,20,86.000,1,260.000,30,261.000,29,262.000,20,263.000,9,270.000,20,0,33,
133823791000,252.000,2,251.000,30,250.000,49,248.000,29,246.000,20,86.000,1,260.000,30,261.000,29,262.000,20,263.000,29,270.000,20,0,33,
133828318000,252.000,2,251.000,30,250.000,29,248.000,29,246.000,20,86.000,1,260.000,30,261.000,29,263.000,29,270.000,20,310.000,1,0,33,
133828318000,252.000,2,251.000,30,250.000,29,249.000,20,248.000,29,246.000,20,260.000,30,261.000,49,263.000,29,270.000,20,310.000,1,0,33,
133828567000,252.000,2,251.000,30,250.000,29,248.000,29,246.000,20,86.000,1,260.000,30,261.000,29,263.000,29,270.000,20,310.000,1,0,33,
133828875000,252.000,2,251.000,30,250.000,29,248.000,29,86.000,1,84.000,3,260.000,30,261.000,9,263.000,29,270.000,20,310.000,1,0,33,
133828880000,252.000,2,251.000,9,250.000,29,248.000,29,86.000,1,84.000,3,260.000,9,261.000,9,263.000,29,270.000,20,310.000,1,0,33,
133828880000,252.000,2,251.000,30,250.000,29,248.000,29,86.000,1,84.000,3,260.000,9,261.000,30,263.000,29,270.000,20,310.000,1,0,33,
133828880000,252.000,2,251.000,30,250.000,29,248.000,29,86.000,1,84.000,3,260.000,9,261.000,30,263.000,38,270.000,20,310.000,1,0,33,
133828880000,252.000,2,251.000,21,250.000,29,248.000,29,86.000,1,84.000,3,260.000,9,261.000,30,263.000,38,270.000,20,310.000,1,0,33,
133828880000,252.000,2,251.000,21,250.000,29,248.000,29,86.000,1,84.000,3,261.000,30,263.000,38,270.000,20,310.000,1,320.000,1,0,33,
133828880000,252.000,2,251.000,30,250.000,29,248.000,29,86.000,1,84.000,3,261.000,30,263.000,38,270.000,20,310.000,1,320.000,1,0,33,
133829007000,252.000,2,251.000,30,250.000,49,248.000,29,86.000,1,84.000,3,261.000,30,263.000,58,270.000,20,310.000,1,320.000,1,0,33,
133829008000,252.000,2,251.000,30,250.000,49,248.000,49,86.000,1,84.000,3,261.000,30,263.000,78,270.000,20,310.000,1,320.000,1,0,33,
133829247000,252.000,2,251.000,30,250.000,29,248.000,49,86.000,1,84.000,3,261.000,30,263.000,58,270.000,20,310.000,1,320.000,1,0,33,
133829624000,252.000,2,251.000,30,250.000,49,248.000,49,86.000,1,84.000,3,261.000,30,262.000,20,263.000,58,270.000,20,310.000,1,0,33,
133829968000,252.000,2,251.000,9,250.000,49,248.000,49,86.000,1,84.000,3,261.000,9,262.000,20,263.000,58,270.000,20,310.000,1,0,33,
133829968000,252.000,2,251.000,30,250.000,49,248.000,49,86.000,1,84.000,3,260.000,21,261.000,9,262.000,20,263.000,58,270.000,20,0,33,
133829968000,252.000,2,251.000,30,250.000,49,248.000,49,86.000,1,84.000,3,260.000,21,261.000,9,262.000,29,263.000,58,270.000,20,0,33,
133829968000,252.000,2,251.000,21,250.000,49,248.000,49,86.000,1,84.000,3,260.000,21,261.000,9,262.000,29,263.000,58,270.000,20,0,33,
133829968000,252.000,2,251.000,21,250.000,49,248.000,49,86.000,1,84.000,3,260.000,21,262.000,29,263.000,58,270.000,20,310.000,1,0,33,
133829968000,252.000,2,251.000,21,250.000,49,248.000,49,86.000,1,84.000,3,260.000,30,262.000,29,263.000,58,270.000,20,310.000,1,0,33,
133829969000,252.000,2,251.000,30,250.000,49,248.000,49,86.000,1,84.000,3,260.000,30,262.000,29,263.000,58,270.000,20,310.000,1,0,33,
133830007000,252.000,2,251.000,30,250.000,49,248.000,49,86.000,1,84.000,3,260.000,30,262.000,29,263.000,49,270.000,20,310.000,1,0,33,
133843800000,252.000,2,251.000,30,250.000,49,248.000,29,86.000,1,84.000,3,260.000,30,262.000,29,263.000,29,270.000,20,310.000,1,0,33,
133844576000,252.000,2,251.000,30,250.000,49,249.000,20,248.000,29,86.000,1,260.000,30,262.000,29,263.000,29,264.000,20,270.000,20,0,33,
133850501000,252.000,2,251.000,30,250.000,29,249.000,20,248.000,29,86.000,1,260.000,30,262.000,9,263.000,29,264.000,20,270.000,20,0,33,
133850501000,252.000,2,251.000,50,250.000,29,249.000,20,248.000,29,86.000,1,260.000,30,262.000,9,263.000,49,264.000,20,270.000,20,0,33,
133850876000,252.000,2,251.000,30,250.000,29,249.000,20,248.000,29,86.000,1,260.000,30,262.000,9,263.000,29,264.000,20,270.000,20,0,33,
133851001000,252.000,2,251.000,30,250.000,49,249.000,20,248.000,29,86.000,1,260.000,30,262.000,29,263.000,29,264.000,20,270.000,20,0,33,
133900721000,252.000,2,251.000,30,250.000,29,249.000,20,248.000,29,86.000,1,260.000,30,262.000,9,263.000,29,264.000,20,270.000,20,0,33,
133900721000,252.000,2,251.000,30,250.000,29,249.000,40,248.000,29,86.000,1,260.000,30,261.000,20,262.000,9,263.000,29,264.000,20,0,33,
133900854000,252.000,2,251.000,30,250.000,29,249.000,20,248.000,29,86.000,1,260.000,30,262.000,9,263.000,29,264.000,20,270.000,20,0,33,
133901335000,252.000,2,251.000,30,250.000,49,249.000,20,248.000,29,86.000,1,260.000,30,262.000,29,263.000,29,264.000,20,270.000,20,0,33,
133902068000,252.000,2,251.000,30,250.000,29,249.000,20,248.000,29,86.000,1,260.000,30,262.000,9,263.000,29,264.000,20,270.000,20,0,33,
133902068000,252.000,2,251.000,50,250.000,29,249.000,20,248.000,29,86.000,1,260.000,30,262.000,9,263.000,49,264.000,20,270.000,20,0,33,
133902192000,252.000,2,251.000,30,250.000,29,249.000,20,248.000,29,86.000,1,260.000,30,262.000,9,263.000,29,264.000,20,270.000,20,0,33,
133902567000,252.000,2,251.000,30,250.000,49,249.000,20,248.000,29,86.000,1,260.000,30,262.000,9,263.000,49,264.000,20,270.000,20,0,33,
133902943000,252.000,2,251.000,30,250.000,29,249.000,20,248.000,29,86.000,1,260.000,30,262.000,9,263.000,29,264.000,20,270.000,20,0,33,
133903123000,252.000,2,251.000,50,250.000,29,249.000,20,248.000,29,86.000,1,260.000,30,262.000,9,263.000,49,264.000,20,270.000,20,0,33,
133904242000,252.000,2,251.000,30,250.000,29,249.000,20,248.000,29,86.000,1,260.000,30,262.000,9,263.000,29,264.000,20,270.000,20,0,33,
133904242000,252.000,2,251.000,30,250.000,49,249.000,20,248.000,29,86.000,1,260.000,30,262.000,29,263.000,29,264.000,20,270.000,20,0,33,
133904332000,252.000,2,251.000,9,250.000,49,249.000,20,248.000,29,86.000,1,260.000,9,262.000,29,263.000,29,264.000,20,270.000,20,0,33,
133904332000,252.000,2,251.000,30,250.000,49,249.000,20,248.000,29,86.000,1,260.000,9,261.000,21,262.000,29,263.000,29,264.000,20,0,33,
133904332000,252.000,2,251.000,30,250.000,49,249.000,20,248.000,29,86.000,1,261.000,21,262.000,29,263.000,29,264.000,20,270.000,20,0,33,
133904332000,252.000,2,251.000,21,250.000,49,249.000,20,248.000,29,86.000,1,261.000,21,262.000,29,263.000,29,264.000,20,270.000,20,0,33,
133904332000,252.000,2,251.000,21,250.000,49,249.000,20,248.000,29,86.000,1,261.000,30,262.000,29,263.000,29,264.000,20,270.000,20,0,33,
133904332000,252.000,2,251.000,30,250.000,49,249.000,20,248.000,29,86.000,1,261.000,30,262.000,29,263.000,29,264.000,20,270.000,20,0,33,
133904335000,252.000,2,251.000,30,250.000,29,249.000,20,248.000,29,86.000,1,261.000,30,262.000,9,263.000,29,264.000,20,270.000,20,0,33,
133904600000,252.000,2,251.000,30,250.000,29,248.000,29,86.000,1,84.000,3,261.000,30,262.000,9,263.000,29,270.000,20,310.000,1,0,33,
133904801000,252.000,2,251.000,30,250.000,49,248.000,29,86.000,1,84.000,3,261.000,30,262.000,9,263.000,29,265.000,20,270.000,20,0,33,
133904844000,252.000,2,251.000,50,250.000,49,248.000,29,86.000,1,84.000,3,261.000,30,262.000,9,263.000,49,265.000,20,270.000,20,0,33,
133924900000,252.000,2,251.000,50,250.000,29,248.000,29,86.000,1,84.000,3,261.000,30,262.000,9,263.000,49,270.000,20,310.000,1,0,33,
133925594000,252.000,2,251.000,50,250.000,29,249.000,20,248.000,29,86.000,1,261.000,30,262.000,9,263.000,49,264.000,20,270.000,20,0,33,
133926810000,252.000,2,251.000,30,250.000,29,249.000,20,248.000,29,86.000,1,261.000,30,262.000,9,263.000,29,264.000,20,270.000,20,0,33,
133926810000,252.000,2,251.000,30,250.000,49,249.000,20,248.000,29,86.000,1,261.000,30,262.000,29,263.000,29,264.000,20,270.000,20,0,33,
133927367000,252.000,2,251.000,30,250.000,29,249.000,20,248.000,29,86.000,1,261.000,30,262.000,9,263.000,29,264.000,20,270.000,20,0,33,
133927367000,252.000,2,251.000,50,250.000,29,249.000,20,248.000,29,86.000,1,261.000,30,262.000,9,263.000,49,264.000,20,270.000,20,0,33,
133927492000,252.000,2,251.000,30,250.000,29,249.000,20,248.000,29,86.000,1,261.000,30,262.000,9,263.000,29,264.000,20,270.000,20,0,33,
133927866000,252.000,2,251.000,30,250.000,49,249.000,20,248.000,29,86.000,1,261.000,30,262.000,29,263.000,29,264.000,20,270.000,20,0,33,
133931743000,252.000,2,251.000,30,250.000,29,249.000,20,248.000,29,86.000,1,261.000,30,262.000,29,263.000,29,264.000,20,310.000,1,0,33,
133931743000,252.000,2,251.000,50,250.000,29,249.000,20,248.000,29,86.000,1,261.000,30,262.000,29,263.000,29,264.000,20,271.000,20,0,33,
133935249000,252.000,2,251.000,50,250.000,9,249.000,20,248.000,29,86.000,1,261.000,30,262.000,9,263.000,29,264.000,20,271.000,20,0,33,
133937102000,252.000,2,251.000,50,250.000,29,249.000,20,248.000,29,86.000,1,261.000,30,262.000,29,263.000,29,264.000,20,271.000,20,0,33,
133944750000,252.000,2,251.000,50,250.000,9,249.000,20,248.000,29,86.000,1,261.000,30,262.000,9,263.000,29,264.000,20,271.000,20,0,33,
133944750000,252.000,2,251.000,50,250.000,9,249.000,40,248.000,29,86.000,1,261.000,50,262.000,9,263.000,29,264.000,20,271.000,20,0,33,
133944873000,252.000,2,251.000,50,250.000,9,249.000,20,248.000,29,86.000,1,261.000,30,262.000,9,263.000,29,264.000,20,271.000,20,0,33,
133945250000,252.000,2,251.000,50,250.000,29,249.000,20,248.000,29,86.000,1,261.000,30,262.000,29,263.000,29,264.000,20,271.000,20,0,33,
133945600000,252.000,2,251.000,50,250.000,29,248.000,29,86.000,1,84.000,3,261.000,30,262.000,29,263.000,29,271.000,20,310.000,1,0,33,
133945749000,252.000,2,251.000,50,250.000,9,248.000,29,86.000,1,84.000,3,261.000,30,262.000,9,263.000,29,271.000,20,310.000,1,0,33,
133945749000,252.000,2,251.000,50,250.000,9,249.000,20,248.000,29,86.000,1,261.000,50,262.000,9,263.000,29,271.000,20,310.000,1,0,33,
133945827000,252.000,2,251.000,50,250.000,9,249.000,40,248.000,29,86.000,1,261.000,50,262.000,9,263.000,29,264.000,20,271.000,20,0,33,
133949501000,252.000,2,251.000,50,250.000,9,249.000,20,248.000,29,86.000,1,261.000,30,262.000,9,263.000,29,264.000,20,271.000,20,0,33,
133949873000,252.000,2,251.000,50,250.000,9,249.000,40,248.000,29,86.000,1,261.000,50,262.000,9,263.000,29,264.000,20,271.000,20,0,33,
133951125000,252.000,2,251.000,50,250.000,9,249.000,20,248.000,29,86.000,1,261.000,30,262.000,9,263.000,29,264.000,20,271.000,20,0,33,
133951125000,252.000,2,251.000,50,250.000,29,249.000,20,248.000,29,86.000,1,261.000,30,262.000,29,263.000,29,264.000,20,271.000,20,0,33,
133951374000,252.000,2,251.000,50,250.000,9,249.000,20,248.000,29,86.000,1,261.000,30,262.000,9,263.000,29,264.000,20,271.000,20,0,33,
133951624000,252.000,2,251.000,50,250.000,9,249.000,40,248.000,29,86.000,1,261.000,50,262.000,9,263.000,29,264.000,20,271.000,20,0,33,
133951749000,252.000,2,251.000,50,250.000,9,249.000,20,248.000,29,86.000,1,261.000,30,262.000,9,263.000,29,264.000,20,271.000,20,0,33,
133952124000,252.000,2,251.000,50,250.000,9,249.000,40,248.000,29,86.000,1,261.000,50,262.000,9,263.000,29,264.000,20,271.000,20,0,33,
133952249000,252.000,2,251.000,50,250.000,9,249.000,20,248.000,29,86.000,1,261.000,30,262.000,9,263.000,29,264.000,20,271.000,20,0,33,
133952735000,252.000,2,251.000,50,250.000,29,249.000,20,248.000,29,86.000,1,261.000,30,262.000,29,263.000,29,264.000,20,271.000,20,0,33,
133955071000,252.000,2,251.000,50,250.000,9,249.000,20,248.000,29,86.000,1,261.000,30,262.000,9,263.000,29,264.000,20,271.000,20,0,33,
133955071000,252.000,2,251.000,50,250.000,9,249.000,40,248.000,29,86.000,1,261.000,50,262.000,9,263.000,29,264.000,20,271.000,20,0,33,
133955322000,252.000,2,251.000,50,250.000,9,249.000,20,248.000,29,86.000,1,261.000,30,262.000,9,263.000,29,264.000,20,271.000,20,0,33,
133955574000,252.000,2,251.000,50,250.000,29,249.000,20,248.000,29,86.000,1,261.000,30,262.000,29,263.000,29,264.000,20,271.000,20,0,33,
133959062000,252.000,2,251.000,50,250.000,9,249.000,20,248.000,29,86.000,1,261.000,30,262.000,9,263.000,29,264.000,20,271.000,20,0,33,
133959062000,252.000,2,251.000,50,250.000,9,249.000,40,248.000,29,86.000,1,261.000,50,262.000,9,263.000,29,264.000,20,271.000,20,0,33,
133959561000,252.000,2,251.000,50,250.000,9,249.000,20,248.000,29,86.000,1,261.000,30,262.000,9,263.000,29,264.000,20,271.000,20,0,33,
133959561000,252.000,2,251.000,50,250.000,29,249.000,20,248.000,29,86.000,1,261.000,30,262.000,29,263.000,29,264.000,20,271.000,20,0,33,
134000426000,252.000,2,251.000,50,250.000,9,249.000,20,248.000,29,86.000,1,261.000,30,262.000,9,263.000,29,264.000,20,271.000,20,0,33,
134000426000,252.000,2,251.000,50,250.000,9,249.000,40,248.000,29,86.000,1,261.000,50,262.000,9,263.000,29,264.000,20,271.000,20,0,33,
134000593000,252.000,2,251.000,50,250.000,9,249.000,20,248.000,29,86.000,1,261.000,30,262.000,9,263.000,29,264.000,20,271.000,20,0,33,
134000980000,252.000,2,251.000,50,250.000,9,249.000,40,248.000,29,86.000,1,261.000,50,262.000,9,263.000,29,264.000,20,271.000,20,0,33,
134001718000,252.000,2,251.000,50,250.000,9,249.000,20,248.000,29,86.000,1,261.000,30,262.000,9,263.000,29,264.000,20,271.000,20,0,33,
134001718000,252.000,2,251.000,50,250.000,29,249.000,20,248.000,29,86.000,1,261.000,30,262.000,29,263.000,29,264.000,20,271.000,20,0,33,
134001968000,252.000,2,251.000,50,250.000,9,249.000,20,248.000,29,86.000,1,261.000,30,262.000,9,263.000,29,264.000,20,271.000,20,0,33,
134002218000,252.000,2,251.000,50,250.000,9,249.000,40,248.000,29,86.000,1,261.000,50,262.000,9,263.000,29,264.000,20,271.000,20,0,33,
134002334000,252.000,2,251.000,50,250.000,9,249.000,20,248.000,29,86.000,1,261.000,30,262.000,9,263.000,29,264.000,20,271.000,20,0,33,
134002829000,252.000,2,251.000,50,250.000,29,249.000,20,248.000,29,86.000,1,261.000,30,262.000,29,263.000,29,264.000,20,271.000,20,0,33,
134005900000,252.000,2,251.000,50,250.000,29,248.000,29,86.000,1,84.000,3,261.000,30,262.000,29,263.000,29,271.000,20,310.000,1,0,33,
134006756000,252.000,2,251.000,50,250.000,29,249.000,20,248.000,29,86.000,1,261.000,30,262.000,29,263.000,29,264.000,20,271.000,20,0,33,
134007769000,252.000,2,251.000,50,250.000,9,249.000,20,248.000,29,86.000,1,261.000,30,262.000,9,263.000,29,264.000,20,271.000,20,0,33,
134007769000,252.000,2,251.000,50,250.000,9,249.000,40,248.000,29,86.000,1,261.000,50,262.000,9,263.000,29,264.000,20,271.000,20,0,33,
134008518000,252.000,2,251.000,50,250.000,9,249.000,20,248.000,29,86.000,1,261.000,30,262.000,9,263.000,29,264.000,20,271.000,20,0,33,
134008518000,252.000,2,251.000,50,250.000,29,249.000,20,248.000,29,86.000,1,261.000,30,262.000,29,263.000,29,264.000,20,271.000,20,0,33,
134009002000,252.000,2,251.000,50,250.000,9,249.000,20,248.000,29,86.000,1,261.000,30,262.000,9,263.000,29,264.000,20,271.000,20,0,33,
134009131000,252.000,2,251.000,50,250.000,9,249.000,40,248.000,29,86.000,1,261.000,50,262.000,9,263.000,29,264.000,20,271.000,20,0,33,
134009632000,252.000,2,251.000,50,250.000,9,249.000,20,248.000,29,86.000,1,261.000,30,262.000,9,263.000,29,264.000,20,271.000,20,0,33,
134009632000,252.000,2,251.000,50,250.000,29,249.000,20,248.000,29,86.000,1,261.000,30,262.000,29,263.000,29,264.000,20,271.000,20,0,33,
134009756000,252.000,2,251.000,50,250.000,9,249.000,20,248.000,29,86.000,1,261.000,30,262.000,9,263.000,29,264.000,20,271.000,20,0,33,
134010255000,252.000,2,251.000,50,250.000,9,249.000,40,248.000,29,86.000,1,261.000,50,262.000,9,263.000,29,264.000,20,271.000,20,0,33,
134013377000,252.000,2,251.000,50,250.000,9,249.000,20,248.000,29,86.000,1,261.000,30,262.000,9,263.000,29,264.000,20,271.000,20,0,33,
134013377000,252.000,2,251.000,50,250.000,29,249.000,20,248.000,29,86.000,1,261.000,30,262.000,29,263.000,29,264.000,20,271.000,20,0,33,
134014237000,252.000,2,251.000,50,250.000,9,249.000,20,248.000,29,86.000,1,261.000,30,262.000,9,263.000,29,264.000,20,271.000,20,0,33,
134014237000,252.000,2,251.000,50,250.000,9,249.000,40,248.000,29,86.000,1,261.000,50,262.000,9,263.000,29,264.000,20,271.000,20,0,33,
134014362000,252.000,2,251.000,50,250.000,9,249.000,20,248.000,29,86.000,1,261.000,30,262.000,9,263.000,29,264.000,20,271.000,20,0,33,
134014737000,252.000,2,251.000,50,250.000,9,249.000,40,248.000,29,86.000,1,261.000,50,262.000,9,263.000,29,264.000,20,271.000,20,0,33,
134014862000,252.000,2,251.000,50,250.000,9,249.000,20,248.000,29,86.000,1,261.000,30,262.000,9,263.000,29,264.000,20,271.000,20,0,33,
134015273000,252.000,2,251.000,50,250.000,29,249.000,20,248.000,29,86.000,1,261.000,30,262.000,29,263.000,29,264.000,20,271.000,20,0,33,
134019386000,252.000,2,251.000,50,250.000,9,249.000,20,248.000,29,86.000,1,261.000,30,262.000,9,263.000,29,264.000,20,271.000,20,0,33,
134019386000,252.000,2,251.000,50,250.000,9,249.000,40,248.000,29,86.000,1,261.000,50,262.000,9,263.000,29,264.000,20,271.000,20,0,33,
134019886000,252.000,2,251.000,50,250.000,9,249.000,20,248.000,29,86.000,1,261.000,30,262.000,9,263.000,29,264.000,20,271.000,20,0,33,
134019886000,252.000,2,251.000,50,250.000,29,249.000,20,248.000,29,86.000,1,261.000,30,262.000,29,263.000,29,264.000,20,271.000,20,0,33,
134020512000,252.000,2,251.000,50,250.000,9,249.000,20,248.000,29,86.000,1,261.000,30,262.000,9,263.000,29,264.000,20,271.000,20,0,33,
134020512000,252.000,2,251.000,50,250.000,9,249.000,40,248.000,29,86.000,1,261.000,50,262.000,9,263.000,29,264.000,20,271.000,20,0,33,
134022379000,252.000,2,251.000,50,250.000,9,249.000,20,248.000,29,86.000,1,261.000,30,262.000,9,263.000,29,264.000,20,271.000,20,0,33,
134022379000,252.000,2,251.000,50,250.000,29,249.000,20,248.000,29,86.000,1,261.000,30,262.000,29,263.000,29,264.000,20,271.000,20,0,33,
134022504000,252.000,2,251.000,50,250.000,9,249.000,20,248.000,29,86.000,1,261.000,30,262.000,9,263.000,29,264.000,20,271.000,20,0,33,
134022879000,252.000,2,251.000,50,250.000,29,249.000,20,248.000,29,86.000,1,261.000,30,262.000,29,263.000,29,264.000,20,271.000,20,0,33,
134026800000,252.000,2,251.000,50,250.000,29,248.000,29,86.000,1,84.000,3,261.000,30,262.000,29,263.000,29,271.000,20,310.000,1,0,33,
134027558000,252.000,2,251.000,50,250.000,29,249.000,20,248.000,29,86.000,1,261.000,30,262.000,29,263.000,29,264.000,20,271.000,20,0,33,
134047600000,252.000,2,251.000,50,250.000,29,248.000,29,86.000,1,84.000,3,261.000,30,262.000,29,263.000,29,271.000,20,310.000,1,0,33,
134047767000,252.000,2,251.000,50,250.000,29,249.000,20,248.000,29,86.000,1,261.000,30,262.000,29,263.000,29,264.000,20,271.000,20,0,33,
134049261000,252.000,2,251.000,50,250.000,9,249.000,20,248.000,29,86.000,1,261.000,30,262.000,9,263.000,29,264.000,20,271.000,20,0,33,
134049261000,252.000,2,251.000,50,250.000,9,249.000,40,248.000,29,86.000,1,261.000,50,262.000,9,263.000,29,264.000,20,271.000,20,0,33,
134050012000,252.000,2,251.000,50,250.000,9,249.000,20,248.000,29,86.000,1,261.000,30,262.000,9,263.000,29,264.000,20,271.000,20,0,33,
134050012000,252.000,2,251.000,50,250.000,29,249.000,20,248.000,29,86.000,1,261.000,30,262.000,29,263.000,29,264.000,20,271.000,20,0,33,
134050384000,252.000,2,251.000,50,250.000,9,249.000,20,248.000,29,86.000,1,261.000,30,262.000,9,263.000,29,264.000,20,271.000,20,0,33,
134050634000,252.000,2,251.000,50,250.000,9,249.000,40,248.000,29,86.000,1,261.000,50,262.000,9,263.000,29,264.000,20,271.000,20,0,33,
134056965000,252.000,2,251.000,50,250.000,9,249.000,20,248.000,29,86.000,1,261.000,30,262.000,9,263.000,29,264.000,20,271.000,20,0,33,
134056965000,252.000,2,251.000,50,250.000,29,249.000,20,248.000,29,86.000,1,261.000,30,262.000,29,263.000,29,264.000,20,271.000,20,0,33,
134057259000,252.000,2,251.000,50,250.000,9,249.000,20,248.000,29,86.000,1,261.000,30,262.000,9,263.000,29,264.000,20,271.000,20,0,33,
134057509000,252.000,2,251.000,50,250.000,29,249.000,20,248.000,29,86.000,1,261.000,30,262.000,29,263.000,29,264.000,20,271.000,20,0,33,
134100227000,252.000,2,251.000,50,250.000,9,249.000,20,248.000,29,86.000,1,261.000,30,262.000,9,263.000,29,264.000,20,271.000,20,0,33,
134100227000,252.000,2,251.000,50,250.000,9,249.000,40,248.000,29,86.000,1,261.000,50,262.000,9,263.000,29,264.000,20,271.000,20,0,33,
134100728000,252.000,2,251.000,30,250.000,9,249.000,40,248.000,29,86.000,1,261.000,50,262.000,9,263.000,29,264.000,20,310.000,1,0,33,
134100728000,252.000,2,251.000,30,250.000,29,249.000,40,248.000,29,86.000,1,261.000,50,262.000,9,263.000,29,264.000,20,270.000,20,0,33,
134102742000,252.000,2,251.000,30,250.000,9,249.000,40,248.000,29,86.000,1,261.000,50,262.000,9,263.000,29,264.000,20,310.000,1,0,33,
134102742000,252.000,2,251.000,50,250.000,9,249.000,40,248.000,29,86.000,1,261.000,50,262.000,9,263.000,29,264.000,20,271.000,20,0,33,
134107800000,252.000,2,251.000,50,250.000,9,249.000,20,248.000,29,86.000,1,261.000,50,262.000,9,263.000,29,271.000,20,310.000,1,0,33,
134108500000,252.000,2,251.000,50,250.000,9,249.000,20,248.000,49,86.000,1,261.000,50,262.000,9,263.000,49,271.000,20,310.000,1,0,33,
134114043000,252.000,2,251.000,50,250.000,9,248.000,49,86.000,1,84.000,3,261.000,30,262.000,9,263.000,49,271.000,20,310.000,1,0,33,
134114043000,252.000,2,251.000,50,250.000,29,248.000,49,86.000,1,84.000,3,261.000,30,262.000,29,263.000,49,271.000,20,310.000,1,0,33,
134114419000,252.000,2,251.000,50,250.000,9,248.000,49,86.000,1,84.000,3,261.000,30,262.000,9,263.000,49,271.000,20,310.000,1,0,33,
134114665000,252.000,2,251.000,50,250.000,9,249.000,20,248.000,49,86.000,1,261.000,50,262.000,9,263.000,49,271.000,20,310.000,1,0,33,
134118691000,252.000,2,251.000,50,250.000,9,248.000,49,86.000,1,84.000,3,261.000,30,262.000,9,263.000,49,271.000,20,310.000,1,0,33,
134118692000,252.000,2,251.000,50,250.000,29,248.000,49,86.000,1,84.000,3,261.000,30,262.000,29,263.000,49,271.000,20,310.000,1,0,33,
134118816000,252.000,2,251.000,50,250.000,9,248.000,49,86.000,1,84.000,3,261.000,30,262.000,9,263.000,49,271.000,20,310.000,1,0,33,
134119191000,252.000,2,251.000,50,250.000,9,249.000,20,248.000,49,86.000,1,261.000,50,262.000,9,263.000,49,271.000,20,310.000,1,0,33,
134124671000,252.000,2,251.000,50,250.000,9,248.000,49,86.000,1,84.000,3,261.000,30,262.000,9,263.000,49,271.000,20,310.000,1,0,33,
134124671000,252.000,2,251.000,50,250.000,29,248.000,49,86.000,1,84.000,3,261.000,30,262.000,29,263.000,49,271.000,20,310.000,1,0,33,
134126788000,252.000,2,251.000,50,250.000,9,248.000,49,86.000,1,84.000,3,261.000,30,262.000,9,263.000,49,271.000,20,310.000,1,0,33,
134126788000,252.000,2,251.000,50,250.000,9,249.000,20,248.000,49,86.000,1,261.000,50,262.000,9,263.000,49,271.000,20,310.000,1,0,33,
134127912000,252.000,2,251.000,50,250.000,9,248.000,49,86.000,1,84.000,3,261.000,30,262.000,9,263.000,49,271.000,20,310.000,1,0,33,
134127912000,252.000,2,251.000,50,250.000,29,248.000,49,86.000,1,84.000,3,261.000,30,262.000,29,263.000,49,271.000,20,310.000,1,0,33,
134128162000,252.000,2,251.000,50,250.000,9,248.000,49,86.000,1,84.000,3,261.000,30,262.000,9,263.000,49,271.000,20,310.000,1,0,33,
134128413000,252.000,2,251.000,50,250.000,9,249.000,20,248.000,49,86.000,1,261.000,50,262.000,9,263.000,49,271.000,20,310.000,1,0,33,
134128600000,252.000,2,251.000,50,250.000,9,249.000,20,248.000,29,86.000,1,261.000,50,262.000,9,263.000,29,271.000,20,310.000,1,0,33,
134128911000,252.000,2,251.000,50,250.000,9,248.000,29,86.000,1,84.000,3,261.000,30,262.000,9,263.000,29,271.000,20,310.000,1,0,33,
134128922000,252.000,2,251.000,50,250.000,29,248.000,29,86.000,1,84.000,3,261.000,30,262.000,29,263.000,29,271.000,20,310.000,1,0,33,
134129134000,252.000,2,251.000,50,250.000,29,249.000,20,248.000,29,86.000,1,261.000,30,262.000,29,263.000,29,264.000,20,271.000,20,0,33,
134129537000,252.000,2,251.000,50,250.000,9,249.000,20,248.000,29,86.000,1,261.000,30,262.000,9,263.000,29,264.000,20,271.000,20,0,33,
134129537000,252.000,2,251.000,50,250.000,9,249.000,40,248.000,29,86.000,1,261.000,50,262.000,9,263.000,29,264.000,20,271.000,20,0,33,
134130287000,252.000,2,251.000,50,250.000,9,249.000,20,248.000,29,86.000,1,261.000,30,262.000,9,263.000,29,264.000,20,271.000,20,0,33,
134130287000,252.000,2,251.000,50,250.000,29,249.000,20,248.000,29,86.000,1,261.000,30,262.000,29,263.000,29,264.000,20,271.000,20,0,33,
134130409000,252.000,2,251.000,50,250.000,9,249.000,20,248.000,29,86.000,1,261.000,30,262.000,9,263.000,29,264.000,20,271.000,20,0,33,
134130902000,252.000,2,251.000,50,250.000,29,249.000,20,248.000,29,86.000,1,261.000,30,262.000,29,263.000,29,264.000,20,271.000,20,0,33,
134133010000,252.000,2,251.000,50,250.000,9,249.000,20,248.000,29,86.000,1,261.000,30,262.000,9,263.000,29,264.000,20,271.000,20,0,33,
134133140000,252.000,2,251.000,50,250.000,9,249.000,40,248.000,29,86.000,1,261.000,50,262.000,9,263.000,29,264.000,20,271.000,20,0,33,
134143742000,252.000,2,251.000,30,250.000,9,249.000,40,248.000,29,86.000,1,261.000,50,262.000,9,263.000,29,264.000,20,310.000,1,0,33,
134143742000,252.000,2,251.000,30,250.000,29,249.000,40,248.000,29,86.000,1,261.000,50,262.000,9,263.000,29,264.000,20,270.000,20,0,33,
134143801000,252.000,2,251.000,30,250.000,29,249.000,20,248.000,29,86.000,1,261.000,30,262.000,9,263.000,29,264.000,20,270.000,20,0,33,
134143801000,252.000,2,251.000,30,250.000,49,249.000,20,248.000,29,86.000,1,261.000,30,262.000,29,263.000,29,264.000,20,270.000,20,0,33,
134144051000,252.000,2,251.000,30,250.000,29,249.000,20,248.000,29,86.000,1,261.000,30,262.000,9,263.000,29,264.000,20,270.000,20,0,33,
134144301000,252.000,2,251.000,30,250.000,29,249.000,40,248.000,29,86.000,1,261.000,50,262.000,9,263.000,29,264.000,20,270.000,20,0,33,
134146243000,252.000,2,251.000,30,250.000,9,249.000,40,248.000,29,86.000,1,261.000,50,262.000,9,263.000,29,264.000,20,310.000,1,0,33,
134146243000,252.000,2,251.000,50,250.000,9,249.000,40,248.000,29,86.000,1,261.000,50,262.000,9,263.000,29,264.000,20,271.000,20,0,33,
134149200000,252.000,2,251.000,50,250.000,9,249.000,20,248.000,29,86.000,1,261.000,50,262.000,9,263.000,29,271.000,20,310.000,1,0,33,
134149364000,252.000,2,251.000,50,250.000,9,249.000,40,248.000,29,86.000,1,261.000,50,262.000,9,263.000,29,264.000,20,271.000,20,0,33,
134158467000,252.000,2,251.000,30,250.000,9,249.000,40,248.000,29,86.000,1,261.000,50,262.000,9,263.000,29,264.000,20,310.000,1,0,33,
134158467000,252.000,2,251.000,30,250.000,29,249.000,40,248.000,29,86.000,1,261.000,50,262.000,9,263.000,29,264.000,20,270.000,20,0,33,
134158495000,252.000,2,251.000,30,250.000,29,249.000,20,248.000,29,86.000,1,261.000,30,262.000,9,263.000,29,264.000,20,270.000,20,0,33,
134158495000,252.000,2,251.000,30,250.000,49,249.000,20,248.000,29,86.000,1,261.000,30,262.000,29,263.000,29,264.000,20,270.000,20,0,33,
134158620000,252.000,2,251.000,30,250.000,29,249.000,20,248.000,29,86.000,1,261.000,30,262.000,9,263.000,29,264.000,20,270.000,20,0,33,
134158995000,252.000,2,251.000,30,250.000,29,249.000,40,248.000,29,86.000,1,261.000,50,262.000,9,263.000,29,264.000,20,270.000,20,0,33,
134202909000,252.000,2,251.000,30,250.000,29,249.000,20,248.000,29,86.000,1,261.000,30,262.000,9,263.000,29,264.000,20,270.000,20,0,33,
134202909000,252.000,2,251.000,30,250.000,49,249.000,20,248.000,29,86.000,1,261.000,30,262.000,29,263.000,29,264.000,20,270.000,20,0,33,
134203410000,252.000,2,251.000,30,250.000,29,249.000,20,248.000,29,86.000,1,261.000,30,262.000,9,263.000,29,264.000,20,270.000,20,0,33,
134203410000,252.000,2,251.000,30,250.000,29,249.000,40,248.000,29,86.000,1,261.000,50,262.000,9,263.000,29,264.000,20,270.000,20,0,33,
134209400000,252.000,2,251.000,30,250.000,29,249.000,20,248.000,29,86.000,1,261.000,50,262.000,9,263.000,29,270.000,20,310.000,1,0,33,
134210807000,252.000,2,251.000,30,250.000,29,249.000,40,248.000,29,86.000,1,261.000,50,262.000,9,263.000,29,264.000,20,270.000,20,0,33,
134214248000,252.000,2,251.000,30,250.000,29,249.000,20,248.000,29,86.000,1,261.000,30,262.000,9,263.000,29,264.000,20,270.000,20,0,33,
134214248000,252.000,2,251.000,30,250.000,49,249.000,20,248.000,29,86.000,1,261.000,30,262.000,29,263.000,29,264.000,20,270.000,20,0,33,
134216448000,252.000,2,251.000,30,250.000,29,249.000,20,248.000,29,86.000,1,261.000,30,262.000,9,263.000,29,264.000,20,270.000,20,0,33,
134216448000,252.000,2,251.000,30,250.000,29,249.000,40,248.000,29,86.000,1,261.000,50,262.000,9,263.000,29,264.000,20,270.000,20,0,33,
134226273000,252.000,2,251.000,30,250.000,29,249.000,40,248.000,29,86.000,1,260.000,1,261.000,50,262.000,9,263.000,29,264.000,20,0,33,
134226273000,252.000,2,251.000,30,250.000,29,249.000,40,248.000,29,86.000,1,260.000,10,261.000,50,262.000,9,263.000,29,264.000,20,0,33,
134226507000,252.000,2,251.000,30,250.000,29,249.000,40,248.000,29,86.000,1,260.000,10,261.000,50,263.000,29,264.000,20,270.000,20,0,33,
134226632000,252.000,2,251.000,9,250.000,29,249.000,40,248.000,29,86.000,1,260.000,10,261.000,29,263.000,29,264.000,20,270.000,20,0,33,
134226632000,252.000,2,251.000,30,250.000,29,249.000,40,248.000,29,86.000,1,260.000,31,261.000,29,263.000,29,264.000,20,270.000,20,0,33,
134226632000,252.000,2,251.000,21,250.000,29,249.000,40,248.000,29,86.000,1,260.000,31,261.000,29,263.000,29,264.000,20,270.000,20,0,33,
134226633000,252.000,2,251.000,30,250.000,29,249.000,40,248.000,29,86.000,1,260.000,31,261.000,29,263.000,29,264.000,20,270.000,20,0,33,
134230900000,252.000,2,251.000,30,250.000,29,249.000,20,248.000,29,86.000,1,260.000,31,261.000,29,263.000,29,270.000,20,320.000,1,0,33,
134231883000,252.000,2,251.000,30,250.000,29,249.000,40,248.000,29,86.000,1,260.000,31,261.000,29,263.000,29,264.000,20,270.000,20,0,33,
134240025000,252.000,2,251.000,30,250.000,29,249.000,20,248.000,29,86.000,1,260.000,31,261.000,9,263.000,29,264.000,20,270.000,20,0,33,
134240026000,252.000,2,251.000,30,250.000,49,249.000,20,248.000,29,86.000,1,260.000,31,261.000,9,262.000,20,263.000,29,264.000,20,0,33,
134240516000,252.000,2,251.000,30,250.000,29,249.000,20,248.000,29,86.000,1,260.000,31,261.000,9,263.000,29,264.000,20,270.000,20,0,33,
134240528000,252.000,2,251.000,30,250.000,29,249.000,40,248.000,29,86.000,1,260.000,31,261.000,29,263.000,29,264.000,20,270.000,20,0,33,
134241012000,252.000,2,251.000,30,250.000,29,249.000,20,248.000,29,86.000,1,260.000,31,261.000,9,263.000,29,264.000,20,270.000,20,0,33,
134241138000,252.000,2,251.000,30,250.000,29,249.000,40,248.000,29,86.000,1,260.000,31,261.000,29,263.000,29,264.000,20,270.000,20,0,33,
134243998000,252.000,2,251.000,30,250.000,29,249.000,20,248.000,29,86.000,1,260.000,31,261.000,9,263.000,29,264.000,20,270.000,20,0,33,
134243998000,252.000,2,251.000,30,250.000,49,249.000,20,248.000,29,86.000,1,260.000,31,261.000,9,262.000,20,263.000,29,264.000,20,0,33,
134245248000,252.000,2,251.000,30,250.000,29,249.000,20,248.000,29,86.000,1,260.000,31,261.000,9,263.000,29,264.000,20,270.000,20,0,33,
134245248000,252.000,2,251.000,30,250.000,29,249.000,40,248.000,29,86.000,1,260.000,31,261.000,29,263.000,29,264.000,20,270.000,20,0,33,
134245751000,252.000,2,251.000,30,250.000,29,249.000,20,248.000,29,86.000,1,260.000,31,261.000,9,263.000,29,264.000,20,270.000,20,0,33,
134245751000,252.000,2,251.000,30,250.000,49,249.000,20,248.000,29,86.000,1,260.000,31,261.000,9,262.000,20,263.000,29,264.000,20,0,33,
134248743000,252.000,2,251.000,30,250.000,29,249.000,20,248.000,29,86.000,1,260.000,31,261.000,9,263.000,29,264.000,20,270.000,20,0,33,
134248743000,252.000,2,251.000,30,250.000,29,249.000,40,248.000,29,86.000,1,260.000,31,261.000,29,263.000,29,264.000,20,270.000,20,0,33,
134248748000,252.000,2,251.000,9,250.000,29,249.000,40,248.000,29,86.000,1,260.000,10,261.000,29,263.000,29,264.000,20,270.000,20,0,33,
134248748000,252.000,2,251.000,30,250.000,29,249.000,40,248.000,29,86.000,1,260.000,10,261.000,50,263.000,29,264.000,20,270.000,20,0,33,
134248748000,252.000,2,251.000,21,250.000,29,249.000,40,248.000,29,86.000,1,260.000,10,261.000,50,263.000,29,264.000,20,270.000,20,0,33,
134248749000,252.000,2,251.000,30,250.000,29,249.000,40,248.000,29,86.000,1,260.000,10,261.000,50,263.000,29,264.000,20,270.000,20,0,33,
134248870000,252.000,2,251.000,30,250.000,29,249.000,20,248.000,29,86.000,1,260.000,10,261.000,30,263.000,29,264.000,20,270.000,20,0,33,
134249243000,252.000,2,251.000,30,250.000,49,249.000,20,248.000,29,86.000,1,260.000,10,261.000,30,262.000,20,263.000,29,264.000,20,0,33,
134251661000,252.000,2,251.000,9,250.000,49,249.000,20,248.000,29,86.000,1,260.000,10,261.000,9,262.000,20,263.000,29,264.000,20,0,33,
134251661000,252.000,2,251.000,30,250.000,49,249.000,20,248.000,29,86.000,1,260.000,31,261.000,9,262.000,20,263.000,29,264.000,20,0,33,
134251661000,252.000,2,251.000,21,250.000,49,249.000,20,248.000,29,86.000,1,260.000,31,261.000,9,262.000,20,263.000,29,264.000,20,0,33,
134251662000,252.000,2,251.000,30,250.000,49,249.000,20,248.000,29,86.000,1,260.000,31,261.000,9,262.000,20,263.000,29,264.000,20,0,33,
134251675000,252.000,2,251.000,30,250.000,29,249.000,20,248.000,29,86.000,1,260.000,31,261.000,9,263.000,29,264.000,20,270.000,20,0,33,
134251675000,252.000,2,251.000,30,250.000,29,249.000,40,248.000,29,86.000,1,260.000,31,261.000,29,263.000,29,264.000,20,270.000,20,0,33,
134251900000,252.000,2,251.000,30,250.000,29,249.000,20,248.000,29,86.000,1,260.000,31,261.000,29,263.000,29,270.000,20,320.000,1,0,33,
134251926000,252.000,2,251.000,30,250.000,29,248.000,29,86.000,1,84.000,3,260.000,31,261.000,9,263.000,29,270.000,20,320.000,1,0,33,
134252175000,252.000,2,251.000,30,250.000,49,248.000,29,86.000,1,84.000,3,260.000,31,261.000,9,262.000,20,263.000,29,270.000,20,0,33,
134253042000,252.000,2,251.000,30,250.000,49,249.000,20,248.000,29,86.000,1,260.000,31,261.000,9,262.000,20,263.000,29,264.000,20,0,33,
134257418000,252.000,2,251.000,30,250.000,29,249.000,20,248.000,29,86.000,1,260.000,31,261.000,9,263.000,29,264.000,20,270.000,20,0,33,
134257418000,252.000,2,251.000,30,250.000,29,249.000,40,248.000,29,86.000,1,260.000,31,261.000,29,263.000,29,264.000,20,270.000,20,0,33,
134257911000,252.000,2,251.000,30,250.000,29,249.000,20,248.000,29,86.000,1,260.000,31,261.000,9,263.000,29,264.000,20,270.000,20,0,33,
134257922000,252.000,2,251.000,30,250.000,49,249.000,20,248.000,29,86.000,1,260.000,31,261.000,9,262.000,20,263.000,29,264.000,20,0,33,
134258534000,252.000,2,251.000,30,250.000,29,249.000,20,248.000,29,86.000,1,260.000,31,261.000,9,263.000,29,264.000,20,270.000,20,0,33,
134258534000,252.000,2,251.000,30,250.000,29,249.000,40,248.000,29,86.000,1,260.000,31,261.000,29,263.000,29,264.000,20,270.000,20,0,33,
134258655000,252.000,2,251.000,9,250.000,29,249.000,40,248.000,29,86.000,1,260.000,10,261.000,29,263.000,29,264.000,20,270.000,20,0,33,
134258655000,252.000,2,251.000,30,250.000,29,249.000,40,248.000,29,86.000,1,260.000,10,261.000,50,263.000,29,264.000,20,270.000,20,0,33,
134258655000,252.000,2,251.000,21,250.000,29,249.000,40,248.000,29,86.000,1,260.000,10,261.000,50,263.000,29,264.000,20,270.000,20,0,33,
134258655000,252.000,2,251.000,30,250.000,29,249.000,40,248.000,29,86.000,1,260.000,10,261.000,50,263.000,29,264.000,20,270.000,20,0,33,
134259655000,252.000,2,251.000,9,250.000,29,249.000,40,248.000,29,86.000,1,260.000,10,261.000,29,263.000,29,264.000,20,270.000,20,0,33,
134259655000,252.000,2,251.000,30,250.000,29,249.000,40,248.000,29,86.000,1,260.000,31,261.000,29,263.000,29,264.000,20,270.000,20,0,33,
134259655000,252.000,2,251.000,21,250.000,29,249.000,40,248.000,29,86.000,1,260.000,31,261.000,29,263.000,29,264.000,20,270.000,20,0,33,
134259656000,252.000,2,251.000,30,250.000,29,249.000,40,248.000,29,86.000,1,260.000,31,261.000,29,263.000,29,264.000,20,270.000,20,0,33,
134300246000,252.000,2,251.000,30,250.000,9,249.000,40,248.000,29,86.000,1,260.000,31,261.000,29,263.000,29,264.000,20,320.000,1,0,33,
134300246000,252.000,2,251.000,50,250.000,9,249.000,40,248.000,29,86.000,1,260.000,31,261.000,29,263.000,29,264.000,20,271.000,20,0,33,
134300616000,252.000,2,251.000,50,250.000,9,249.000,20,248.000,29,86.000,1,260.000,31,261.000,9,263.000,29,264.000,20,271.000,20,0,33,
134300616000,252.000,2,251.000,50,250.000,9,249.000,20,248.000,49,86.000,1,260.000,51,261.000,9,263.000,29,264.000,20,271.000,20,0,33,
134300967000,252.000,2,251.000,50,250.000,9,248.000,49,86.000,1,84.000,3,260.000,51,261.000,9,263.000,29,271.000,20,320.000,1,0,33,
134300992000,252.000,2,251.000,30,250.000,9,248.000,49,86.000,1,84.000,3,260.000,51,261.000,9,263.000,29,320.000,1,400.000,1,0,33,
134300992000,252.000,2,251.000,30,250.000,29,248.000,49,86.000,1,84.000,3,260.000,51,261.000,9,263.000,29,270.000,20,320.000,1,0,33,
134301106000,252.000,2,251.000,30,250.000,29,248.000,49,247.000,20,86.000,1,260.000,51,261.000,9,262.000,20,263.000,29,270.000,20,0,33,
134301357000,252.000,2,251.000,30,250.000,29,248.000,29,247.000,20,86.000,1,260.000,31,261.000,9,262.000,20,263.000,29,270.000,20,0,33,
134301357000,252.000,2,251.000,30,250.000,29,249.000,20,248.000,29,247.000,20,260.000,31,261.000,29,262.000,20,263.000,29,270.000,20,0,33,
134301493000,252.000,2,251.000,30,250.000,9,249.000,20,248.000,29,247.000,20,260.000,31,261.000,29,262.000,20,263.000,29,320.000,1,0,33,
134301493000,252.000,2,251.000,50,250.000,9,249.000,20,248.000,29,247.000,20,260.000,31,261.000,29,262.000,20,263.000,29,271.000,20,0,33,
134301646000,252.000,2,251.000,50,250.000,9,248.000,29,247.000,20,86.000,1,260.000,31,261.000,9,262.000,20,263.000,29,271.000,20,0,33,
134301743000,252.000,2,251.000,30,250.000,9,248.000,29,247.000,20,86.000,1,260.000,31,261.000,9,262.000,20,263.000,29,320.000,1,0,33,
134301743000,252.000,2,251.000,30,250.000,29,248.000,29,247.000,20,86.000,1,260.000,31,261.000,9,262.000,20,263.000,29,270.000,20,0,33,
134301854000,252.000,2,251.000,9,250.000,29,248.000,29,247.000,20,86.000,1,260.000,10,261.000,9,262.000,20,263.000,29,270.000,20,0,33,
134301854000,252.000,2,251.000,30,250.000,29,248.000,29,247.000,20,86.000,1,260.000,10,261.000,30,262.000,20,263.000,29,270.000,20,0,33,
134301855000,252.000,2,251.000,21,250.000,29,248.000,29,247.000,20,86.000,1,260.000,10,261.000,30,262.000,20,263.000,29,270.000,20,0,33,
134301913000,252.000,2,251.000,21,250.000,49,248.000,29,247.000,20,86.000,1,260.000,10,261.000,30,262.000,40,263.000,29,270.000,20,0,33,
134302003000,252.000,2,251.000,21,250.000,49,248.000,29,86.000,1,84.000,3,260.000,10,261.000,30,262.000,20,263.000,29,270.000,20,0,33,
134302091000,252.000,2,251.000,21,250.000,49,248.000,20,86.000,1,84.000,3,260.000,10,261.000,30,262.000,20,263.000,29,270.000,20,0,33,
134302091000,252.000,2,251.000,21,250.000,58,248.000,20,86.000,1,84.000,3,260.000,10,261.000,30,262.000,20,263.000,29,270.000,20,0,33,
134302777000,252.000,2,251.000,30,250.000,58,248.000,20,86.000,1,84.000,3,260.000,10,261.000,30,262.000,20,263.000,29,270.000,20,0,33,
134302882000,252.000,2,251.000,9,250.000,58,248.000,20,86.000,1,84.000,3,260.000,10,261.000,9,262.000,20,263.000,29,270.000,20,0,33,
134302882000,252.000,2,251.000,30,250.000,58,248.000,20,86.000,1,84.000,3,260.000,31,261.000,9,262.000,20,263.000,29,270.000,20,0,33,
134302882000,252.000,2,251.000,21,250.000,58,248.000,20,86.000,1,84.000,3,260.000,31,261.000,9,262.000,20,263.000,29,270.000,20,0,33,
134302882000,252.000,2,251.000,30,250.000,58,248.000,20,86.000,1,84.000,3,260.000,31,261.000,9,262.000,20,263.000,29,270.000,20,0,33,
134305242000,252.000,2,251.000,30,250.000,38,248.000,20,86.000,1,84.000,3,260.000,31,261.000,9,262.000,20,263.000,29,320.000,1,0,33,
134305242000,252.000,2,251.000,50,250.000,38,248.000,20,86.000,1,84.000,3,260.000,31,261.000,9,262.000,20,263.000,29,271.000,20,0,33,
134305251000,252.000,2,251.000,50,250.000,38,249.000,20,248.000,20,86.000,1,260.000,31,261.000,9,262.000,20,263.000,29,264.000,20,0,33,
134306125000,252.000,2,251.000,50,250.000,18,249.000,20,248.000,20,86.000,1,260.000,31,261.000,9,263.000,29,264.000,20,271.000,20,0,33,
134306125000,252.000,2,251.000,50,250.000,18,249.000,40,248.000,20,86.000,1,260.000,31,261.000,29,263.000,29,264.000,20,271.000,20,0,33,
134306870000,252.000,2,251.000,50,250.000,18,249.000,20,248.000,20,86.000,1,260.000,31,261.000,9,263.000,29,264.000,20,271.000,20,0,33,
134306870000,252.000,2,251.000,50,250.000,38,249.000,20,248.000,20,86.000,1,260.000,31,261.000,9,262.000,20,263.000,29,264.000,20,0,33,
134309001000,252.000,2,251.000,50,250.000,18,249.000,20,248.000,20,86.000,1,260.000,31,261.000,9,263.000,29,264.000,20,271.000,20,0,33,
134309001000,252.000,2,251.000,50,250.000,18,249.000,40,248.000,20,86.000,1,260.000,31,261.000,29,263.000,29,264.000,20,271.000,20,0,33,
134309486000,252.000,2,251.000,50,250.000,18,249.000,20,248.000,20,86.000,1,260.000,31,261.000,9,263.000,29,264.000,20,271.000,20,0,33,
134309610000,252.000,2,251.000,50,250.000,38,249.000,20,248.000,20,86.000,1,260.000,31,261.000,9,262.000,20,263.000,29,264.000,20,0,33,
134310360000,252.000,2,251.000,50,250.000,18,249.000,20,248.000,20,86.000,1,260.000,31,261.000,9,263.000,29,264.000,20,271.000,20,0,33,
134310360000,252.000,2,251.000,50,250.000,18,249.000,40,248.000,20,86.000,1,260.000,31,261.000,29,263.000,29,264.000,20,271.000,20,0,33,
134310825000,252.000,2,251.000,50,250.000,18,249.000,20,248.000,20,86.000,1,260.000,31,261.000,9,263.000,29,264.000,20,271.000,20,0,33,
134325300000,252.000,2,251.000,50,250.000,18,248.000,20,86.000,1,84.000,3,260.000,31,261.000,9,263.000,29,271.000,20,320.000,1,0,33,
134333117000,252.000,2,251.000,30,250.000,18,248.000,20,86.000,1,84.000,3,260.000,31,261.000,9,263.000,29,320.000,1,400.000,1,0,33,
134333117000,252.000,2,251.000,30,250.000,38,248.000,20,86.000,1,84.000,3,260.000,31,261.000,9,263.000,29,270.000,20,320.000,1,0,33,
134416666000,252.000,2,251.000,30,250.000,29,248.000,20,86.000,1,84.000,3,260.000,31,261.000,9,263.000,29,270.000,20,320.000,1,0,33,
134416789000,252.000,2,251.000,30,250.000,29,248.000,20,247.000,9,86.000,1,260.000,31,261.000,9,263.000,29,270.000,20,320.000,1,0,33,
134427106000,252.000,2,251.000,30,250.000,9,248.000,20,247.000,9,86.000,1,260.000,31,261.000,9,263.000,29,320.000,1,400.000,1,0,33,
134427106000,252.000,2,251.000,30,250.000,9,248.000,20,247.000,9,242.000,20,260.000,31,261.000,9,263.000,29,320.000,1,400.000,1,0,33,
134427106000,252.000,2,251.000,30,250.000,9,248.000,20,247.000,9,242.000,20,260.000,31,261.000,9,263.000,29,272.000,20,320.000,1,0,33,
134428388000,252.000,2,251.000,30,250.000,9,248.000,20,247.000,9,242.000,20,260.000,31,261.000,9,263.000,29,320.000,1,400.000,1,0,33,
134428388000,252.000,2,251.000,30,250.000,9,248.000,20,247.000,9,86.000,1,260.000,31,261.000,9,263.000,29,320.000,1,400.000,1,0,33,
134430299000,252.000,2,251.000,9,250.000,9,248.000,20,247.000,9,86.000,1,260.000,10,261.000,9,263.000,29,320.000,1,400.000,1,0,33,
134430299000,252.000,2,251.000,9,250.000,30,248.000,20,247.000,9,86.000,1,260.000,31,261.000,9,263.000,29,320.000,1,400.000,1,0,33,
134430300000,252.000,2,250.000,30,248.000,20,247.000,9,86.000,1,84.000,3,260.000,31,261.000,9,263.000,29,320.000,1,400.000,1,0,33,
134430300000,252.000,2,250.000,30,248.000,29,247.000,9,86.000,1,84.000,3,260.000,31,261.000,9,263.000,29,320.000,1,400.000,1,0,33,
134430720000,252.000,2,250.000,9,248.000,29,247.000,9,86.000,1,84.000,3,260.000,10,261.000,9,263.000,29,320.000,1,400.000,1,0,33,
134430720000,252.000,2,250.000,30,248.000,29,247.000,9,86.000,1,84.000,3,260.000,10,261.000,30,263.000,29,320.000,1,400.000,1,0,33,
134430720000,252.000,2,250.000,21,248.000,29,247.000,9,86.000,1,84.000,3,260.000,10,261.000,30,263.000,29,320.000,1,400.000,1,0,33,
134431720000,252.000,2,248.000,29,247.000,9,86.000,1,84.000,3,39.000,20,260.000,10,261.000,9,263.000,29,320.000,1,400.000,1,0,33,
134431720000,252.000,2,249.000,21,248.000,29,247.000,9,86.000,1,84.000,3,260.000,10,261.000,30,263.000,29,320.000,1,400.000,1,0,33,
134431987000,252.000,2,249.000,21,248.000,29,247.000,9,86.000,1,84.000,3,260.000,10,261.000,30,263.000,20,320.000,1,400.000,1,0,33,
134431988000,252.000,2,248.000,29,247.000,9,86.000,1,84.000,3,39.000,20,260.000,10,261.000,9,263.000,20,320.000,1,400.000,1,0,33,
134431988000,252.000,2,249.000,21,248.000,29,247.000,9,86.000,1,84.000,3,260.000,10,261.000,9,262.000,21,263.000,20,320.000,1,0,33,
134432110000,252.000,2,249.000,21,248.000,29,247.000,9,86.000,1,84.000,3,260.000,10,261.000,9,262.000,21,263.000,20,265.000,9,0,33,
134433722000,252.000,2,248.000,29,247.000,9,86.000,1,84.000,3,39.000,20,260.000,10,261.000,9,263.000,20,265.000,9,320.000,1,0,33,
134433722000,252.000,2,249.000,21,248.000,29,247.000,9,86.000,1,84.000,3,260.000,10,261.000,30,263.000,20,265.000,9,320.000,1,0,33,
134434456000,252.000,2,249.000,30,248.000,29,247.000,9,86.000,1,84.000,3,260.000,10,261.000,30,263.000,20,265.000,9,320.000,1,0,33,
134436689000,252.000,2,249.000,9,248.000,29,247.000,9,86.000,1,84.000,3,260.000,10,261.000,9,263.000,20,265.000,9,320.000,1,0,33,
134436689000,252.000,2,249.000,30,248.000,29,247.000,9,86.000,1,84.000,3,260.000,10,261.000,9,262.000,21,263.000,20,265.000,9,0,33,
134436689000,252.000,2,249.000,21,248.000,29,247.000,9,86.000,1,84.000,3,260.000,10,261.000,9,262.000,21,263.000,20,265.000,9,0,33,
134436689000,252.000,2,249.000,30,248.000,29,247.000,9,86.000,1,84.000,3,260.000,10,261.000,9,262.000,21,263.000,20,265.000,9,0,33,
134450016000,252.000,2,249.000,30,248.000,20,247.000,9,86.000,1,84.000,3,260.000,10,261.000,9,262.000,21,263.000,20,265.000,9,0,33,
134450016000,252.000,2,249.000,21,248.000,20,247.000,9,86.000,1,84.000,3,260.000,10,261.000,9,262.000,21,263.000,20,265.000,9,0,33,
134450016000,252.000,2,249.000,21,248.000,20,247.000,9,86.000,1,84.000,3,260.000,1,261.000,9,262.000,21,263.000,20,265.000,9,0,33,
134450016000,252.000,2,249.000,21,248.000,20,247.000,9,86.000,1,84.000,3,260.000,1,262.000,21,263.000,20,265.000,9,320.000,1,0,33,
134450240000,252.000,2,248.000,20,247.000,9,86.000,1,84.000,3,39.000,20,260.000,1,263.000,20,265.000,9,320.000,1,400.000,1,0,33,
134450240000,252.000,2,249.000,21,248.000,20,247.000,9,86.000,1,84.000,3,260.000,1,263.000,41,265.000,9,320.000,1,400.000,1,0,33,
134450508000,252.000,2,249.000,21,247.000,9,86.000,1,84.000,3,39.000,20,260.000,1,263.000,21,265.000,9,320.000,1,400.000,1,0,33,
134451340000,252.000,2,247.000,9,86.000,1,84.000,3,39.000,20,22.500,20,260.000,1,265.000,9,320.000,1,400.000,1,414.000,1,0,33,
134451340000,252.000,2,248.000,21,247.000,9,86.000,1,84.000,3,39.000,20,260.000,1,263.000,21,265.000,9,320.000,1,400.000,1,0,33,
134455025000,252.000,2,247.000,9,86.000,1,84.000,3,39.000,20,22.500,20,260.000,1,265.000,9,320.000,1,400.000,1,414.000,1,0,33,
