Time,Last,Vol,BID1,BIDSZ1,BID2,BIDSZ2,BID3,BIDSZ3,BID4,BIDSZ4,BID5,BIDSZ5,ASK1,ASKSZ1,ASK2,ASKSZ2,ASK3,ASKSZ3,ASK4,ASKSZ4,ASK5,ASKSZ5,Tick,Volume,LastTime
84503373000,0,0,1850.000,5,0,0,0,0,0,0,0,0,0,0,0,0,0,0,0,0,0,0,0,0,
84503373000,0,0,1850.000,5,0,0,0,0,0,0,0,0,2140.000,5,0,0,0,0,0,0,0,0,0,0,
84632914000,0,0,1850.000,10,0,0,0,0,0,0,0,0,2140.000,5,0,0,0,0,0,0,0,0,0,0,
84632914000,0,0,1850.000,10,0,0,0,0,0,0,0,0,2130.000,5,2140.000,5,0,0,0,0,0,0,0,0,
84636014000,0,0,1850.000,5,0,0,0,0,0,0,0,0,2130.000,5,2140.000,5,0,0,0,0,0,0,0,0,
84636014000,0,0,1850.000,5,0,0,0,0,0,0,0,0,2140.000,5,0,0,0,0,0,0,0,0,0,0,
84636022000,0,0,1850.000,5,0,0,0,0,0,0,0,0,2140.000,10,0,0,0,0,0,0,0,0,0,0,
84636140000,0,0,1850.000,10,0,0,0,0,0,0,0,0,2140.000,10,0,0,0,0,0,0,0,0,0,0,
84708871000,0,0,1850.000,5,0,0,0,0,0,0,0,0,2140.000,10,0,0,0,0,0,0,0,0,0,0,
84708875000,0,0,1850.000,5,1840.000,5,0,0,0,0,0,0,2140.000,10,0,0,0,0,0,0,0,0,0,0,
84708960000,0,0,1850.000,5,0,0,0,0,0,0,0,0,2140.000,10,0,0,0,0,0,0,0,0,0,0,
84708960000,0,0,1850.000,5,0,0,0,0,0,0,0,0,2140.000,5,0,0,0,0,0,0,0,0,0,0,
84709031000,0,0,1850.000,10,0,0,0,0,0,0,0,0,2140.000,5,0,0,0,0,0,0,0,0,0,0,
84709031000,0,0,1850.000,10,0,0,0,0,0,0,0,0,2140.000,10,0,0,0,0,0,0,0,0,0,0,
84714841000,0,0,1850.000,10,0,0,0,0,0,0,0,0,2140.000,5,0,0,0,0,0,0,0,0,0,0,
84714845000,0,0,1850.000,10,0,0,0,0,0,0,0,0,2130.000,5,2140.000,5,0,0,0,0,0,0,0,0,
84715319000,0,0,1850.000,10,0,0,0,0,0,0,0,0,2140.000,5,0,0,0,0,0,0,0,0,0,0,
84715490000,0,0,1850.000,10,0,0,0,0,0,0,0,0,2140.000,10,0,0,0,0,0,0,0,0,0,0,
84720877000,0,0,1850.000,10,0,0,0,0,0,0,0,0,2140.000,5,0,0,0,0,0,0,0,0,0,0,
84720887000,0,0,1850.000,10,0,0,0,0,0,0,0,0,2130.000,5,2140.000,5,0,0,0,0,0,0,0,0,
84721564000,0,0,1850.000,10,0,0,0,0,0,0,0,0,2140.000,5,0,0,0,0,0,0,0,0,0,0,
84721574000,0,0,1850.000,10,0,0,0,0,0,0,0,0,2140.000,10,0,0,0,0,0,0,0,0,0,0,
84745238000,0,0,1850.000,10,0,0,0,0,0,0,0,0,2140.000,5,0,0,0,0,0,0,0,0,0,0,
84745249000,0,0,1850.000,10,0,0,0,0,0,0,0,0,2130.000,5,2140.000,5,0,0,0,0,0,0,0,0,
84754119000,0,0,1850.000,10,0,0,0,0,0,0,0,0,2140.000,5,0,0,0,0,0,0,0,0,0,0,
84754129000,0,0,1850.000,10,0,0,0,0,0,0,0,0,2140.000,10,0,0,0,0,0,0,0,0,0,0,
84754239000,0,0,1850.000,10,0,0,0,0,0,0,0,0,2140.000,5,0,0,0,0,0,0,0,0,0,0,
84754250000,0,0,1850.000,10,0,0,0,0,0,0,0,0,2130.000,5,2140.000,5,0,0,0,0,0,0,0,0,
84755111000,0,0,1850.000,10,0,0,0,0,0,0,0,0,2140.000,5,0,0,0,0,0,0,0,0,0,0,
84755121000,0,0,1850.000,10,0,0,0,0,0,0,0,0,2140.000,10,0,0,0,0,0,0,0,0,0,0,
84755361000,0,0,1850.000,10,0,0,0,0,0,0,0,0,2140.000,5,0,0,0,0,0,0,0,0,0,0,
84755371000,0,0,1850.000,10,0,0,0,0,0,0,0,0,2130.000,5,2140.000,5,0,0,0,0,0,0,0,0,
84755486000,0,0,1850.000,10,0,0,0,0,0,0,0,0,2140.000,5,0,0,0,0,0,0,0,0,0,0,
84755496000,0,0,1850.000,10,0,0,0,0,0,0,0,0,2140.000,10,0,0,0,0,0,0,0,0,0,0,
84756105000,0,0,1850.000,10,0,0,0,0,0,0,0,0,2140.000,5,0,0,0,0,0,0,0,0,0,0,
84756116000,0,0,1850.000,10,0,0,0,0,0,0,0,0,2130.000,5,2140.000,5,0,0,0,0,0,0,0,0,
84800694000,0,0,1850.000,10,0,0,0,0,0,0,0,0,2140.000,5,0,0,0,0,0,0,0,0,0,0,
84800736000,0,0,1850.000,10,0,0,0,0,0,0,0,0,2140.000,10,0,0,0,0,0,0,0,0,0,0,
84800819000,0,0,1850.000,10,0,0,0,0,0,0,0,0,2140.000,5,0,0,0,0,0,0,0,0,0,0,
84800830000,0,0,1850.000,10,0,0,0,0,0,0,0,0,2130.000,5,2140.000,5,0,0,0,0,0,0,0,0,
84801042000,0,0,1850.000,10,0,0,0,0,0,0,0,0,2140.000,5,0,0,0,0,0,0,0,0,0,0,
84801052000,0,0,1850.000,10,0,0,0,0,0,0,0,0,2140.000,10,0,0,0,0,0,0,0,0,0,0,
84801291000,0,0,1850.000,10,0,0,0,0,0,0,0,0,2140.000,5,0,0,0,0,0,0,0,0,0,0,
84801302000,0,0,1850.000,10,0,0,0,0,0,0,0,0,2130.000,5,2140.000,5,0,0,0,0,0,0,0,0,
84808474000,0,0,1850.000,10,0,0,0,0,0,0,0,0,2140.000,5,0,0,0,0,0,0,0,0,0,0,
84808483000,0,0,1850.000,10,0,0,0,0,0,0,0,0,2140.000,10,0,0,0,0,0,0,0,0,0,0,
84816614000,0,0,1850.000,10,0,0,0,0,0,0,0,0,2140.000,5,0,0,0,0,0,0,0,0,0,0,
84816624000,0,0,1850.000,10,0,0,0,0,0,0,0,0,2130.000,5,2140.000,5,0,0,0,0,0,0,0,0,
84817354000,0,0,1850.000,10,0,0,0,0,0,0,0,0,2140.000,5,0,0,0,0,0,0,0,0,0,0,
84817365000,0,0,1850.000,10,0,0,0,0,0,0,0,0,2140.000,10,0,0,0,0,0,0,0,0,0,0,
84900477000,0,0,1850.000,10,0,0,0,0,0,0,0,0,2140.000,5,0,0,0,0,0,0,0,0,0,0,
84900660000,0,0,1850.000,10,0,0,0,0,0,0,0,0,2130.000,5,2140.000,5,0,0,0,0,0,0,0,0,
84907536000,0,0,1850.000,10,0,0,0,0,0,0,0,0,2140.000,5,0,0,0,0,0,0,0,0,0,0,
84907546000,0,0,1850.000,10,0,0,0,0,0,0,0,0,2140.000,10,0,0,0,0,0,0,0,0,0,0,
84907660000,0,0,1850.000,10,0,0,0,0,0,0,0,0,2140.000,5,0,0,0,0,0,0,0,0,0,0,
84907671000,0,0,1850.000,10,0,0,0,0,0,0,0,0,2130.000,5,2140.000,5,0,0,0,0,0,0,0,0,
84907905000,0,0,1850.000,10,0,0,0,0,0,0,0,0,2140.000,5,0,0,0,0,0,0,0,0,0,0,
84907915000,0,0,1850.000,10,0,0,0,0,0,0,0,0,2140.000,10,0,0,0,0,0,0,0,0,0,0,
84945988000,0,0,1850.000,10,0,0,0,0,0,0,0,0,2140.000,5,0,0,0,0,0,0,0,0,0,0,
84945999000,0,0,1850.000,10,0,0,0,0,0,0,0,0,2130.000,5,2140.000,5,0,0,0,0,0,0,0,0,
84952181000,0,0,1850.000,10,0,0,0,0,0,0,0,0,2140.000,5,0,0,0,0,0,0,0,0,0,0,
84952190000,0,0,1850.000,10,0,0,0,0,0,0,0,0,2140.000,10,0,0,0,0,0,0,0,0,0,0,
84955654000,0,0,1850.000,10,0,0,0,0,0,0,0,0,2140.000,5,0,0,0,0,0,0,0,0,0,0,
84955665000,0,0,1850.000,10,0,0,0,0,0,0,0,0,2130.000,5,2140.000,5,0,0,0,0,0,0,0,0,
84955780000,0,0,1850.000,10,0,0,0,0,0,0,0,0,2140.000,5,0,0,0,0,0,0,0,0,0,0,
84955790000,0,0,1850.000,10,0,0,0,0,0,0,0,0,2140.000,10,0,0,0,0,0,0,0,0,0,0,
84956647000,0,0,1850.000,10,0,0,0,0,0,0,0,0,2140.000,5,0,0,0,0,0,0,0,0,0,0,
84956658000,0,0,1850.000,10,0,0,0,0,0,0,0,0,2130.000,5,2140.000,5,0,0,0,0,0,0,0,0,
85008580000,0,0,1850.000,10,0,0,0,0,0,0,0,0,2140.000,5,0,0,0,0,0,0,0,0,0,0,
85008590000,0,0,1850.000,10,0,0,0,0,0,0,0,0,2140.000,10,0,0,0,0,0,0,0,0,0,0,
85008830000,0,0,1850.000,10,0,0,0,0,0,0,0,0,2140.000,5,0,0,0,0,0,0,0,0,0,0,
85008840000,0,0,1850.000,10,0,0,0,0,0,0,0,0,2130.000,5,2140.000,5,0,0,0,0,0,0,0,0,
85009119000,0,0,1850.000,10,0,0,0,0,0,0,0,0,2140.000,5,0,0,0,0,0,0,0,0,0,0,
85009130000,0,0,1850.000,10,0,0,0,0,0,0,0,0,2140.000,10,0,0,0,0,0,0,0,0,0,0,
85011826000,0,0,1850.000,10,0,0,0,0,0,0,0,0,2140.000,5,0,0,0,0,0,0,0,0,0,0,
85011836000,0,0,1850.000,10,0,0,0,0,0,0,0,0,2130.000,5,2140.000,5,0,0,0,0,0,0,0,0,
85012003000,0,0,1850.000,10,0,0,0,0,0,0,0,0,2140.000,5,0,0,0,0,0,0,0,0,0,0,
85012014000,0,0,1850.000,10,0,0,0,0,0,0,0,0,2140.000,10,0,0,0,0,0,0,0,0,0,0,
85013571000,0,0,1850.000,10,0,0,0,0,0,0,0,0,2140.000,5,0,0,0,0,0,0,0,0,0,0,
85013582000,0,0,1850.000,10,0,0,0,0,0,0,0,0,2130.000,5,2140.000,5,0,0,0,0,0,0,0,0,
85017374000,0,0,1850.000,10,0,0,0,0,0,0,0,0,2140.000,5,0,0,0,0,0,0,0,0,0,0,
85017385000,0,0,1850.000,10,0,0,0,0,0,0,0,0,2140.000,10,0,0,0,0,0,0,0,0,0,0,
85017744000,0,0,1850.000,10,0,0,0,0,0,0,0,0,2140.000,5,0,0,0,0,0,0,0,0,0,0,
85017754000,0,0,1850.000,10,0,0,0,0,0,0,0,0,2130.000,5,2140.000,5,0,0,0,0,0,0,0,0,
85017866000,0,0,1850.000,10,0,0,0,0,0,0,0,0,2140.000,5,0,0,0,0,0,0,0,0,0,0,
85017876000,0,0,1850.000,10,0,0,0,0,0,0,0,0,2140.000,10,0,0,0,0,0,0,0,0,0,0,
85018258000,0,0,1850.000,10,0,0,0,0,0,0,0,0,2140.000,5,0,0,0,0,0,0,0,0,0,0,
85018268000,0,0,1850.000,10,0,0,0,0,0,0,0,0,2130.000,5,2140.000,5,0,0,0,0,0,0,0,0,
85018508000,0,0,1850.000,10,0,0,0,0,0,0,0,0,2140.000,5,0,0,0,0,0,0,0,0,0,0,
85018518000,0,0,1850.000,10,0,0,0,0,0,0,0,0,2140.000,10,0,0,0,0,0,0,0,0,0,0,
85025979000,0,0,1850.000,10,0,0,0,0,0,0,0,0,2140.000,5,0,0,0,0,0,0,0,0,0,0,
85025990000,0,0,1850.000,10,0,0,0,0,0,0,0,0,2130.000,5,2140.000,5,0,0,0,0,0,0,0,0,
85026604000,0,0,1850.000,10,0,0,0,0,0,0,0,0,2140.000,5,0,0,0,0,0,0,0,0,0,0,
85026615000,0,0,1850.000,10,0,0,0,0,0,0,0,0,2140.000,10,0,0,0,0,0,0,0,0,0,0,
85026979000,0,0,1850.000,10,0,0,0,0,0,0,0,0,2140.000,5,0,0,0,0,0,0,0,0,0,0,
85026990000,0,0,1850.000,10,0,0,0,0,0,0,0,0,2130.000,5,2140.000,5,0,0,0,0,0,0,0,0,
85030416000,0,0,1850.000,10,0,0,0,0,0,0,0,0,2140.000,5,0,0,0,0,0,0,0,0,0,0,
85030427000,0,0,1850.000,10,0,0,0,0,0,0,0,0,2140.000,10,0,0,0,0,0,0,0,0,0,0,
85030541000,0,0,1850.000,10,0,0,0,0,0,0,0,0,2140.000,5,0,0,0,0,0,0,0,0,0,0,
85030551000,0,0,1850.000,10,0,0,0,0,0,0,0,0,2130.000,5,2140.000,5,0,0,0,0,0,0,0,0,
85031166000,0,0,1850.000,10,0,0,0,0,0,0,0,0,2140.000,5,0,0,0,0,0,0,0,0,0,0,
85031177000,0,0,1850.000,10,0,0,0,0,0,0,0,0,2140.000,10,0,0,0,0,0,0,0,0,0,0,
85047478000,0,0,1850.000,10,0,0,0,0,0,0,0,0,2140.000,10,2150.000,1,0,0,0,0,0,0,0,0,
85047478000,0,0,1850.000,10,1820.000,1,0,0,0,0,0,0,2140.000,10,2150.000,1,0,0,0,0,0,0,0,0,
85202381000,0,0,1850.000,10,1820.000,1,0,0,0,0,0,0,2140.000,5,2150.000,1,0,0,0,0,0,0,0,0,
85202392000,0,0,1850.000,10,1820.000,1,0,0,0,0,0,0,2130.000,5,2140.000,5,2150.000,1,0,0,0,0,0,0,
85203373000,0,0,1850.000,10,1820.000,1,0,0,0,0,0,0,2140.000,5,2150.000,1,0,0,0,0,0,0,0,0,
85203383000,0,0,1850.000,10,1820.000,1,0,0,0,0,0,0,2140.000,10,2150.000,1,0,0,0,0,0,0,0,0,
85209970000,0,0,1850.000,10,1820.000,1,0,0,0,0,0,0,2140.000,5,2150.000,1,0,0,0,0,0,0,0,0,
85209981000,0,0,1850.000,10,1820.000,1,0,0,0,0,0,0,2130.000,5,2140.000,5,2150.000,1,0,0,0,0,0,0,
85211095000,0,0,1850.000,10,1820.000,1,0,0,0,0,0,0,2140.000,5,2150.000,1,0,0,0,0,0,0,0,0,
85211106000,0,0,1850.000,10,1820.000,1,0,0,0,0,0,0,2140.000,10,2150.000,1,0,0,0,0,0,0,0,0,
85211220000,0,0,1850.000,10,1820.000,1,0,0,0,0,0,0,2140.000,5,2150.000,1,0,0,0,0,0,0,0,0,
85211231000,0,0,1850.000,10,1820.000,1,0,0,0,0,0,0,2130.000,5,2140.000,5,2150.000,1,0,0,0,0,0,0,
85224127000,0,0,1850.000,10,1820.000,1,0,0,0,0,0,0,2140.000,5,2150.000,1,0,0,0,0,0,0,0,0,
85224127000,0,0,1850.000,5,1820.000,1,0,0,0,0,0,0,2140.000,5,2150.000,1,0,0,0,0,0,0,0,0,
85224240000,0,0,1850.000,10,1820.000,1,0,0,0,0,0,0,2140.000,5,2150.000,1,0,0,0,0,0,0,0,0,
85224240000,0,0,1850.000,10,1820.000,1,0,0,0,0,0,0,2120.000,5,2140.000,5,2150.000,1,0,0,0,0,0,0,
85225387000,0,0,1850.000,10,1820.000,1,0,0,0,0,0,0,2120.000,5,2150.000,1,0,0,0,0,0,0,0,0,
85226320000,0,0,1850.000,10,1820.000,1,0,0,0,0,0,0,2090.000,5,2120.000,5,2150.000,1,0,0,0,0,0,0,
85226431000,0,0,1850.000,10,1820.000,1,0,0,0,0,0,0,2090.000,5,2150.000,1,0,0,0,0,0,0,0,0,
85226441000,0,0,1850.000,10,1820.000,1,0,0,0,0,0,0,2090.000,10,2150.000,1,0,0,0,0,0,0,0,0,
85301428000,0,0,1850.000,5,1820.000,1,0,0,0,0,0,0,2090.000,10,2150.000,1,0,0,0,0,0,0,0,0,
85301624000,0,0,1850.000,5,1840.000,5,1820.000,1,0,0,0,0,2090.000,10,2150.000,1,0,0,0,0,0,0,0,0,
85301746000,0,0,1850.000,5,1820.000,1,0,0,0,0,0,0,2090.000,10,2150.000,1,0,0,0,0,0,0,0,0,
85301757000,0,0,1850.000,10,1820.000,1,0,0,0,0,0,0,2090.000,10,2150.000,1,0,0,0,0,0,0,0,0,
90001462000,0,0,1850.000,5,1820.000,1,0,0,0,0,0,0,2090.000,10,2150.000,1,0,0,0,0,0,0,0,0,
90001575000,0,0,1850.000,10,1820.000,1,0,0,0,0,0,0,2090.000,10,2150.000,1,0,0,0,0,0,0,0,0,
90002007000,0,0,1850.000,10,1820.000,1,0,0,0,0,0,0,2090.000,5,2150.000,1,0,0,0,0,0,0,0,0,
90002019000,0,0,1850.000,10,1820.000,1,0,0,0,0,0,0,2080.000,5,2090.000,5,2150.000,1,0,0,0,0,0,0,
90002083000,0,0,1850.000,10,1820.000,1,0,0,0,0,0,0,2090.000,5,2150.000,1,0,0,0,0,0,0,0,0,
90002094000,0,0,1850.000,10,1820.000,1,0,0,0,0,0,0,2090.000,10,2150.000,1,0,0,0,0,0,0,0,0,
90002440000,0,0,1850.000,10,1820.000,1,0,0,0,0,0,0,2090.000,5,2150.000,1,0,0,0,0,0,0,0,0,
90002451000,0,0,1850.000,10,1820.000,1,0,0,0,0,0,0,2080.000,5,2090.000,5,2150.000,1,0,0,0,0,0,0,
90002564000,0,0,1850.000,10,1820.000,1,0,0,0,0,0,0,2090.000,5,2150.000,1,0,0,0,0,0,0,0,0,
90002575000,0,0,1850.000,10,1820.000,1,0,0,0,0,0,0,2090.000,10,2150.000,1,0,0,0,0,0,0,0,0,
90002622000,0,0,1850.000,10,1820.000,1,0,0,0,0,0,0,2090.000,5,2150.000,1,0,0,0,0,0,0,0,0,
90002628000,0,0,1850.000,10,1820.000,1,0,0,0,0,0,0,2080.000,5,2090.000,5,2150.000,1,0,0,0,0,0,0,
90003445000,0,0,1850.000,10,1820.000,1,0,0,0,0,0,0,2090.000,5,2150.000,1,0,0,0,0,0,0,0,0,
90003456000,0,0,1850.000,10,1820.000,1,0,0,0,0,0,0,2090.000,10,2150.000,1,0,0,0,0,0,0,0,0,
90004180000,0,0,1850.000,10,1820.000,1,0,0,0,0,0,0,2090.000,5,2150.000,1,0,0,0,0,0,0,0,0,
90004190000,0,0,1850.000,10,1820.000,1,0,0,0,0,0,0,2080.000,5,2090.000,5,2150.000,1,0,0,0,0,0,0,
90004914000,0,0,1850.000,10,1820.000,1,0,0,0,0,0,0,2090.000,5,2150.000,1,0,0,0,0,0,0,0,0,
90004924000,0,0,1850.000,10,1820.000,1,0,0,0,0,0,0,2090.000,10,2150.000,1,0,0,0,0,0,0,0,0,
90005163000,0,0,1850.000,10,1820.000,1,0,0,0,0,0,0,2090.000,5,2150.000,1,0,0,0,0,0,0,0,0,
90005173000,0,0,1850.000,10,1820.000,1,0,0,0,0,0,0,2080.000,5,2090.000,5,2150.000,1,0,0,0,0,0,0,
90005961000,0,0,1850.000,10,1820.000,1,0,0,0,0,0,0,2090.000,5,2150.000,1,0,0,0,0,0,0,0,0,
90005973000,0,0,1850.000,10,1820.000,1,0,0,0,0,0,0,2090.000,10,2150.000,1,0,0,0,0,0,0,0,0,
90007134000,0,0,1850.000,5,1820.000,1,0,0,0,0,0,0,2090.000,10,2150.000,1,0,0,0,0,0,0,0,0,
90007134000,0,0,1850.000,5,1820.000,1,0,0,0,0,0,0,2090.000,5,2150.000,1,0,0,0,0,0,0,0,0,
90007261000,0,0,1850.000,10,1820.000,1,0,0,0,0,0,0,2090.000,5,2150.000,1,0,0,0,0,0,0,0,0,
90007261000,0,0,1850.000,10,1820.000,1,0,0,0,0,0,0,2090.000,10,2150.000,1,0,0,0,0,0,0,0,0,
90007390000,0,0,1850.000,10,1820.000,1,0,0,0,0,0,0,2090.000,5,2150.000,1,0,0,0,0,0,0,0,0,
90007396000,0,0,1850.000,10,1820.000,1,0,0,0,0,0,0,2080.000,5,2090.000,5,2150.000,1,0,0,0,0,0,0,
90007448000,0,0,1850.000,10,1820.000,1,0,0,0,0,0,0,2090.000,5,2150.000,1,0,0,0,0,0,0,0,0,
90007459000,0,0,1850.000,10,1820.000,1,0,0,0,0,0,0,2090.000,10,2150.000,1,0,0,0,0,0,0,0,0,
90051802000,0,0,1850.000,5,1820.000,1,0,0,0,0,0,0,2090.000,10,2150.000,1,0,0,0,0,0,0,0,0,
90051937000,0,0,1860.000,5,1850.000,5,1820.000,1,0,0,0,0,2090.000,10,2150.000,1,0,0,0,0,0,0,0,0,
90052054000,0,0,1850.000,5,1820.000,1,0,0,0,0,0,0,2090.000,10,2150.000,1,0,0,0,0,0,0,0,0,
90052067000,0,0,1850.000,10,1820.000,1,0,0,0,0,0,0,2090.000,10,2150.000,1,0,0,0,0,0,0,0,0,
90508471000,0,0,1850.000,10,1820.000,1,0,0,0,0,0,0,2090.000,5,2150.000,1,0,0,0,0,0,0,0,0,
90508483000,0,0,1850.000,10,1820.000,1,0,0,0,0,0,0,2080.000,5,2090.000,5,2150.000,1,0,0,0,0,0,0,
90509358000,0,0,1850.000,10,1820.000,1,0,0,0,0,0,0,2090.000,5,2150.000,1,0,0,0,0,0,0,0,0,
90509370000,0,0,1850.000,10,1820.000,1,0,0,0,0,0,0,2090.000,10,2150.000,1,0,0,0,0,0,0,0,0,
90514735000,0,0,1850.000,10,1820.000,1,0,0,0,0,0,0,2090.000,5,2150.000,1,0,0,0,0,0,0,0,0,
90514745000,0,0,1850.000,10,1820.000,1,0,0,0,0,0,0,2080.000,5,2090.000,5,2150.000,1,0,0,0,0,0,0,
90515863000,0,0,1850.000,5,1820.000,1,0,0,0,0,0,0,2080.000,5,2090.000,5,2150.000,1,0,0,0,0,0,0,
90516412000,0,0,1850.000,5,1820.000,1,0,0,0,0,0,0,2090.000,5,2150.000,1,0,0,0,0,0,0,0,0,
90516423000,0,0,1850.000,5,1820.000,1,0,0,0,0,0,0,2070.000,5,2090.000,5,2150.000,1,0,0,0,0,0,0,
90516740000,0,0,1850.000,5,1820.000,1,0,0,0,0,0,0,2090.000,5,2150.000,1,0,0,0,0,0,0,0,0,
90516785000,0,0,1850.000,5,1820.000,1,0,0,0,0,0,0,2080.000,5,2090.000,5,2150.000,1,0,0,0,0,0,0,
90517010000,0,0,1820.000,1,0,0,0,0,0,0,0,0,2080.000,5,2090.000,5,2150.000,1,0,0,0,0,0,0,
90517053000,0,0,1820.000,6,0,0,0,0,0,0,0,0,2080.000,5,2090.000,5,2150.000,1,0,0,0,0,0,0,
90518696000,0,0,1820.000,5,0,0,0,0,0,0,0,0,2080.000,5,2090.000,5,2150.000,1,0,0,0,0,0,0,
90518696000,0,0,1820.000,5,1740.000,1,0,0,0,0,0,0,2080.000,5,2090.000,5,2150.000,1,0,0,0,0,0,0,
90518696000,0,0,1820.000,5,1740.000,1,0,0,0,0,0,0,2080.000,5,2090.000,5,0,0,0,0,0,0,0,0,
90518698000,0,0,1820.000,5,1740.000,1,0,0,0,0,0,0,2080.000,6,2090.000,5,0,0,0,0,0,0,0,0,
90518748000,0,0,1740.000,1,0,0,0,0,0,0,0,0,2080.000,6,2090.000,5,0,0,0,0,0,0,0,0,
90518758000,0,0,1760.000,5,1740.000,1,0,0,0,0,0,0,2080.000,6,2090.000,5,0,0,0,0,0,0,0,0,
90518812000,0,0,1760.000,5,1740.000,1,0,0,0,0,0,0,2080.000,1,2090.000,5,0,0,0,0,0,0,0,0,
90518812000,0,0,1740.000,1,0,0,0,0,0,0,0,0,2080.000,1,2090.000,5,0,0,0,0,0,0,0,0,
90518821000,0,0,1750.000,5,1740.000,1,0,0,0,0,0,0,2080.000,1,2090.000,5,0,0,0,0,0,0,0,0,
90518821000,0,0,1750.000,5,1740.000,1,0,0,0,0,0,0,2070.000,5,2080.000,1,2090.000,5,0,0,0,0,0,0,
90518936000,0,0,1780.000,5,1750.000,5,1740.000,1,0,0,0,0,2070.000,5,2080.000,1,2090.000,5,0,0,0,0,0,0,
90518945000,0,0,1780.000,5,1740.000,1,0,0,0,0,0,0,2070.000,5,2080.000,1,2090.000,5,0,0,0,0,0,0,
90518956000,0,0,1780.000,10,1740.000,1,0,0,0,0,0,0,2070.000,5,2080.000,1,2090.000,5,0,0,0,0,0,0,
90523111000,0,0,1780.000,10,1740.000,1,0,0,0,0,0,0,2080.000,1,2090.000,5,0,0,0,0,0,0,0,0,
90523122000,0,0,1780.000,10,1740.000,1,0,0,0,0,0,0,2080.000,6,2090.000,5,0,0,0,0,0,0,0,0,
90523600000,0,0,1780.000,10,1740.000,1,0,0,0,0,0,0,2080.000,1,2090.000,5,0,0,0,0,0,0,0,0,
90523610000,0,0,1780.000,10,1740.000,1,0,0,0,0,0,0,2070.000,5,2080.000,1,2090.000,5,0,0,0,0,0,0,
90524821000,0,0,1780.000,10,1740.000,1,0,0,0,0,0,0,2080.000,1,2090.000,5,0,0,0,0,0,0,0,0,
90524831000,0,0,1780.000,10,1740.000,1,0,0,0,0,0,0,2080.000,6,2090.000,5,0,0,0,0,0,0,0,0,
90526137000,0,0,1780.000,10,1740.000,1,0,0,0,0,0,0,2080.000,1,2090.000,5,0,0,0,0,0,0,0,0,
90526147000,0,0,1780.000,10,1740.000,1,0,0,0,0,0,0,2070.000,5,2080.000,1,2090.000,5,0,0,0,0,0,0,
90530219000,0,0,1780.000,10,1740.000,1,0,0,0,0,0,0,2080.000,1,2090.000,5,0,0,0,0,0,0,0,0,
90530229000,0,0,1780.000,10,1740.000,1,0,0,0,0,0,0,2080.000,6,2090.000,5,0,0,0,0,0,0,0,0,
90530779000,0,0,1780.000,10,1740.000,1,0,0,0,0,0,0,2080.000,1,2090.000,5,0,0,0,0,0,0,0,0,
90530790000,0,0,1780.000,10,1740.000,1,0,0,0,0,0,0,2070.000,5,2080.000,1,2090.000,5,0,0,0,0,0,0,
90531420000,0,0,1780.000,10,1740.000,1,0,0,0,0,0,0,2080.000,1,2090.000,5,0,0,0,0,0,0,0,0,
90531430000,0,0,1780.000,10,1740.000,1,0,0,0,0,0,0,2080.000,6,2090.000,5,0,0,0,0,0,0,0,0,
90532134000,0,0,1780.000,10,1740.000,1,0,0,0,0,0,0,2080.000,1,2090.000,5,0,0,0,0,0,0,0,0,
90532144000,0,0,1780.000,10,1740.000,1,0,0,0,0,0,0,2070.000,5,2080.000,1,2090.000,5,0,0,0,0,0,0,
90532384000,0,0,1780.000,10,1740.000,1,0,0,0,0,0,0,2080.000,1,2090.000,5,0,0,0,0,0,0,0,0,
90532394000,0,0,1780.000,10,1740.000,1,0,0,0,0,0,0,2080.000,6,2090.000,5,0,0,0,0,0,0,0,0,
90532397000,0,0,1780.000,10,1740.000,1,0,0,0,0,0,0,2080.000,1,2090.000,5,0,0,0,0,0,0,0,0,
90532514000,0,0,1780.000,10,1740.000,1,0,0,0,0,0,0,2080.000,6,2090.000,5,0,0,0,0,0,0,0,0,
90534664000,0,0,1780.000,10,1740.000,1,0,0,0,0,0,0,2080.000,1,2090.000,5,0,0,0,0,0,0,0,0,
90534674000,0,0,1780.000,10,1740.000,1,0,0,0,0,0,0,2070.000,5,2080.000,1,2090.000,5,0,0,0,0,0,0,
90534895000,0,0,1780.000,10,1740.000,1,0,0,0,0,0,0,2080.000,1,2090.000,5,0,0,0,0,0,0,0,0,
90534906000,0,0,1780.000,10,1740.000,1,0,0,0,0,0,0,2080.000,6,2090.000,5,0,0,0,0,0,0,0,0,
90601060000,0,0,1780.000,10,1740.000,1,0,0,0,0,0,0,2080.000,1,2090.000,5,0,0,0,0,0,0,0,0,
90601067000,0,0,1780.000,10,1740.000,1,0,0,0,0,0,0,2070.000,5,2080.000,1,2090.000,5,0,0,0,0,0,0,
90607216000,0,0,1780.000,10,1740.000,1,0,0,0,0,0,0,2080.000,1,2090.000,5,0,0,0,0,0,0,0,0,
90607226000,0,0,1780.000,10,1740.000,1,0,0,0,0,0,0,2080.000,6,2090.000,5,0,0,0,0,0,0,0,0,
90607333000,0,0,1780.000,10,1740.000,1,0,0,0,0,0,0,2080.000,1,2090.000,5,0,0,0,0,0,0,0,0,
90607343000,0,0,1780.000,10,1740.000,1,0,0,0,0,0,0,2070.000,5,2080.000,1,2090.000,5,0,0,0,0,0,0,
90607572000,0,0,1780.000,10,1740.000,1,0,0,0,0,0,0,2080.000,1,2090.000,5,0,0,0,0,0,0,0,0,
90607582000,0,0,1780.000,10,1740.000,1,0,0,0,0,0,0,2080.000,6,2090.000,5,0,0,0,0,0,0,0,0,
90607674000,0,0,1780.000,10,1740.000,1,0,0,0,0,0,0,2080.000,1,2090.000,5,0,0,0,0,0,0,0,0,
90607684000,0,0,1780.000,10,1740.000,1,0,0,0,0,0,0,2070.000,5,2080.000,1,2090.000,5,0,0,0,0,0,0,
90607804000,0,0,1780.000,10,1740.000,1,0,0,0,0,0,0,2080.000,1,2090.000,5,0,0,0,0,0,0,0,0,
90607814000,0,0,1780.000,10,1740.000,1,0,0,0,0,0,0,2080.000,6,2090.000,5,0,0,0,0,0,0,0,0,
90642309000,0,0,1780.000,10,1740.000,1,0,0,0,0,0,0,2080.000,1,2090.000,5,0,0,0,0,0,0,0,0,
90642320000,0,0,1780.000,10,1740.000,1,0,0,0,0,0,0,2070.000,5,2080.000,1,2090.000,5,0,0,0,0,0,0,
90651129000,0,0,1780.000,10,1740.000,1,0,0,0,0,0,0,2080.000,1,2090.000,5,0,0,0,0,0,0,0,0,
90651139000,0,0,1780.000,10,1740.000,1,0,0,0,0,0,0,2080.000,6,2090.000,5,0,0,0,0,0,0,0,0,
90651196000,0,0,1780.000,10,1740.000,1,0,0,0,0,0,0,2080.000,1,2090.000,5,0,0,0,0,0,0,0,0,
90651207000,0,0,1780.000,10,1740.000,1,0,0,0,0,0,0,2070.000,5,2080.000,1,2090.000,5,0,0,0,0,0,0,
90653872000,0,0,1780.000,10,1740.000,1,0,0,0,0,0,0,2080.000,1,2090.000,5,0,0,0,0,0,0,0,0,
90653881000,0,0,1780.000,10,1740.000,1,0,0,0,0,0,0,2080.000,6,2090.000,5,0,0,0,0,0,0,0,0,
90654250000,0,0,1780.000,10,1740.000,1,0,0,0,0,0,0,2080.000,1,2090.000,5,0,0,0,0,0,0,0,0,
90654260000,0,0,1780.000,10,1740.000,1,0,0,0,0,0,0,2070.000,5,2080.000,1,2090.000,5,0,0,0,0,0,0,
90701893000,0,0,1780.000,10,1740.000,1,0,0,0,0,0,0,2070.000,5,2080.000,1,0,0,0,0,0,0,0,0,
90701894000,0,0,1780.000,10,1740.000,1,0,0,0,0,0,0,2040.000,5,2070.000,5,2080.000,1,0,0,0,0,0,0,
90702010000,0,0,1780.000,10,1740.000,1,0,0,0,0,0,0,2040.000,5,2080.000,1,0,0,0,0,0,0,0,0,
90702021000,0,0,1780.000,10,1740.000,1,0,0,0,0,0,0,2040.000,10,2080.000,1,0,0,0,0,0,0,0,0,
91004102000,0,0,1780.000,5,1740.000,1,0,0,0,0,0,0,2040.000,10,2080.000,1,0,0,0,0,0,0,0,0,
91004113000,0,0,1790.000,5,1780.000,5,1740.000,1,0,0,0,0,2040.000,10,2080.000,1,0,0,0,0,0,0,0,0,
91004221000,0,0,1780.000,5,1740.000,1,0,0,0,0,0,0,2040.000,10,2080.000,1,0,0,0,0,0,0,0,0,
91004231000,0,0,1780.000,10,1740.000,1,0,0,0,0,0,0,2040.000,10,2080.000,1,0,0,0,0,0,0,0,0,
91004336000,0,0,1780.000,5,1740.000,1,0,0,0,0,0,0,2040.000,10,2080.000,1,0,0,0,0,0,0,0,0,
91004346000,0,0,1790.000,5,1780.000,5,1740.000,1,0,0,0,0,2040.000,10,2080.000,1,0,0,0,0,0,0,0,0,
91007934000,0,0,1780.000,5,1740.000,1,0,0,0,0,0,0,2040.000,10,2080.000,1,0,0,0,0,0,0,0,0,
91007944000,0,0,1780.000,10,1740.000,1,0,0,0,0,0,0,2040.000,10,2080.000,1,0,0,0,0,0,0,0,0,
91008178000,0,0,1780.000,5,1740.000,1,0,0,0,0,0,0,2040.000,10,2080.000,1,0,0,0,0,0,0,0,0,
91008188000,0,0,1790.000,5,1780.000,5,1740.000,1,0,0,0,0,2040.000,10,2080.000,1,0,0,0,0,0,0,0,0,
91017460000,0,0,1780.000,5,1740.000,1,0,0,0,0,0,0,2040.000,10,2080.000,1,0,0,0,0,0,0,0,0,
91017470000,0,0,1800.000,5,1780.000,5,1740.000,1,0,0,0,0,2040.000,10,2080.000,1,0,0,0,0,0,0,0,0,
91017581000,0,0,1780.000,5,1740.000,1,0,0,0,0,0,0,2040.000,10,2080.000,1,0,0,0,0,0,0,0,0,
91017592000,0,0,1790.000,5,1780.000,5,1740.000,1,0,0,0,0,2040.000,10,2080.000,1,0,0,0,0,0,0,0,0,
91031093000,0,0,1780.000,5,1740.000,1,0,0,0,0,0,0,2040.000,10,2080.000,1,0,0,0,0,0,0,0,0,
91031104000,0,0,1800.000,5,1780.000,5,1740.000,1,0,0,0,0,2040.000,10,2080.000,1,0,0,0,0,0,0,0,0,
91031738000,0,0,1780.000,5,1740.000,1,0,0,0,0,0,0,2040.000,10,2080.000,1,0,0,0,0,0,0,0,0,
91031748000,0,0,1790.000,5,1780.000,5,1740.000,1,0,0,0,0,2040.000,10,2080.000,1,0,0,0,0,0,0,0,0,
91047051000,0,0,1780.000,5,1740.000,1,0,0,0,0,0,0,2040.000,10,2080.000,1,0,0,0,0,0,0,0,0,
91047062000,0,0,1800.000,5,1780.000,5,1740.000,1,0,0,0,0,2040.000,10,2080.000,1,0,0,0,0,0,0,0,0,
91048144000,0,0,1780.000,5,1740.000,1,0,0,0,0,0,0,2040.000,10,2080.000,1,0,0,0,0,0,0,0,0,
91048155000,0,0,1790.000,5,1780.000,5,1740.000,1,0,0,0,0,2040.000,10,2080.000,1,0,0,0,0,0,0,0,0,
91049256000,0,0,1780.000,5,1740.000,1,0,0,0,0,0,0,2040.000,10,2080.000,1,0,0,0,0,0,0,0,0,
91049267000,0,0,1800.000,5,1780.000,5,1740.000,1,0,0,0,0,2040.000,10,2080.000,1,0,0,0,0,0,0,0,0,
91053008000,0,0,1780.000,5,1740.000,1,0,0,0,0,0,0,2040.000,10,2080.000,1,0,0,0,0,0,0,0,0,
91053017000,0,0,1790.000,5,1780.000,5,1740.000,1,0,0,0,0,2040.000,10,2080.000,1,0,0,0,0,0,0,0,0,
91053370000,0,0,1780.000,5,1740.000,1,0,0,0,0,0,0,2040.000,10,2080.000,1,0,0,0,0,0,0,0,0,
91053381000,0,0,1800.000,5,1780.000,5,1740.000,1,0,0,0,0,2040.000,10,2080.000,1,0,0,0,0,0,0,0,0,
91057552000,0,0,1800.000,5,1780.000,5,1740.000,1,0,0,0,0,2040.000,5,2080.000,1,0,0,0,0,0,0,0,0,
91057562000,0,0,1800.000,5,1780.000,5,1740.000,1,0,0,0,0,2040.000,5,2050.000,5,2080.000,1,0,0,0,0,0,0,
91057568000,0,0,1780.000,5,1740.000,1,0,0,0,0,0,0,2040.000,5,2050.000,5,2080.000,1,0,0,0,0,0,0,
91057568000,0,0,1780.000,5,1740.000,1,0,0,0,0,0,0,2040.000,5,2080.000,1,0,0,0,0,0,0,0,0,
91057663000,0,0,1810.000,5,1780.000,5,1740.000,1,0,0,0,0,2040.000,5,2080.000,1,0,0,0,0,0,0,0,0,
91058400000,0,0,1810.000,5,1780.000,5,1740.000,1,0,0,0,0,2040.000,5,2050.000,5,2080.000,1,0,0,0,0,0,0,
91058500000,0,0,1780.000,5,1740.000,1,0,0,0,0,0,0,2040.000,5,2050.000,5,2080.000,1,0,0,0,0,0,0,
91058501000,0,0,1780.000,5,1740.000,1,0,0,0,0,0,0,2040.000,5,2080.000,1,0,0,0,0,0,0,0,0,
91058551000,0,0,1780.000,5,1740.000,1,0,0,0,0,0,0,2080.000,1,0,0,0,0,0,0,0,0,0,0,
91058554000,0,0,1810.000,5,1780.000,5,1740.000,1,0,0,0,0,2080.000,1,0,0,0,0,0,0,0,0,0,0,
91058554000,0,0,1810.000,5,1780.000,5,1740.000,1,0,0,0,0,2040.000,5,2080.000,1,0,0,0,0,0,0,0,0,
91058680000,0,0,1810.000,5,1780.000,5,1740.000,1,0,0,0,0,2080.000,1,0,0,0,0,0,0,0,0,0,0,
91059038000,0,0,1810.000,5,1780.000,5,1740.000,1,0,0,0,0,2080.000,6,0,0,0,0,0,0,0,0,0,0,
91059652000,0,0,1810.000,5,1740.000,1,0,0,0,0,0,0,2080.000,6,0,0,0,0,0,0,0,0,0,0,
91100406000,0,0,1740.000,1,0,0,0,0,0,0,0,0,2080.000,6,0,0,0,0,0,0,0,0,0,0,
91100416000,0,0,1800.000,5,1740.000,1,0,0,0,0,0,0,2080.000,6,0,0,0,0,0,0,0,0,0,0,
91100467000,0,0,1740.000,1,0,0,0,0,0,0,0,0,2080.000,6,0,0,0,0,0,0,0,0,0,0,
91100477000,0,0,1810.000,5,1740.000,1,0,0,0,0,0,0,2080.000,6,0,0,0,0,0,0,0,0,0,0,
91100757000,0,0,1830.000,5,1810.000,5,1740.000,1,0,0,0,0,2080.000,6,0,0,0,0,0,0,0,0,0,0,
91100876000,0,0,1830.000,5,1740.000,1,0,0,0,0,0,0,2080.000,6,0,0,0,0,0,0,0,0,0,0,
91100887000,0,0,1830.000,10,1740.000,1,0,0,0,0,0,0,2080.000,6,0,0,0,0,0,0,0,0,0,0,
91128653000,0,0,1830.000,10,1740.000,1,0,0,0,0,0,0,2070.000,5,2080.000,6,0,0,0,0,0,0,0,0,
91128746000,0,0,1830.000,10,1740.000,1,0,0,0,0,0,0,2070.000,5,2080.000,1,0,0,0,0,0,0,0,0,
91128756000,0,0,1830.000,10,1740.000,1,0,0,0,0,0,0,2070.000,10,2080.000,1,0,0,0,0,0,0,0,0,
91645905000,0,0,1830.000,10,1740.000,1,0,0,0,0,0,0,2070.000,5,2080.000,1,0,0,0,0,0,0,0,0,
91646064000,0,0,1830.000,10,1740.000,1,0,0,0,0,0,0,2070.000,10,2080.000,1,0,0,0,0,0,0,0,0,
93014275000,0,0,1830.000,5,1740.000,1,0,0,0,0,0,0,2070.000,10,2080.000,1,0,0,0,0,0,0,0,0,
93014602000,0,0,1830.000,5,1740.000,1,0,0,0,0,0,0,2070.000,5,2080.000,1,0,0,0,0,0,0,0,0,
93015256000,0,0,1740.000,1,0,0,0,0,0,0,0,0,2070.000,5,2080.000,1,0,0,0,0,0,0,0,0,
93016044000,0,0,1770.000,5,1740.000,1,0,0,0,0,0,0,2070.000,5,2080.000,1,0,0,0,0,0,0,0,0,
93016320000,0,0,1770.000,5,1740.000,1,0,0,0,0,0,0,2060.000,5,2070.000,5,2080.000,1,0,0,0,0,0,0,
93016373000,0,0,1770.000,5,1740.000,1,0,0,0,0,0,0,2070.000,5,2080.000,1,0,0,0,0,0,0,0,0,
93016490000,0,0,1770.000,5,1740.000,1,0,0,0,0,0,0,2060.000,5,2070.000,5,2080.000,1,0,0,0,0,0,0,
93016519000,0,0,1770.000,5,1760.000,5,1740.000,1,0,0,0,0,2060.000,5,2070.000,5,2080.000,1,0,0,0,0,0,0,
93016636000,0,0,1770.000,5,1740.000,1,0,0,0,0,0,0,2060.000,5,2070.000,5,2080.000,1,0,0,0,0,0,0,
93016648000,0,0,1770.000,10,1740.000,1,0,0,0,0,0,0,2060.000,5,2070.000,5,2080.000,1,0,0,0,0,0,0,
93025288000,0,0,1770.000,10,1740.000,1,0,0,0,0,0,0,2070.000,5,2080.000,1,0,0,0,0,0,0,0,0,
93025299000,0,0,1770.000,10,1740.000,1,0,0,0,0,0,0,2050.000,5,2070.000,5,2080.000,1,0,0,0,0,0,0,
93025342000,0,0,1770.000,10,1740.000,1,0,0,0,0,0,0,2070.000,5,2080.000,1,0,0,0,0,0,0,0,0,
93025350000,0,0,1770.000,10,1740.000,1,0,0,0,0,0,0,2060.000,5,2070.000,5,2080.000,1,0,0,0,0,0,0,
93025455000,0,0,1770.000,10,1740.000,1,0,0,0,0,0,0,2070.000,5,2080.000,1,0,0,0,0,0,0,0,0,
93025466000,0,0,1770.000,10,1740.000,1,0,0,0,0,0,0,2050.000,5,2070.000,5,2080.000,1,0,0,0,0,0,0,
93026169000,0,0,1770.000,10,1740.000,1,0,0,0,0,0,0,2070.000,5,2080.000,1,0,0,0,0,0,0,0,0,
93026179000,0,0,1770.000,10,1740.000,1,0,0,0,0,0,0,2060.000,5,2070.000,5,2080.000,1,0,0,0,0,0,0,
93026382000,0,0,1770.000,10,1740.000,1,0,0,0,0,0,0,2070.000,5,2080.000,1,0,0,0,0,0,0,0,0,
93026393000,0,0,1770.000,10,1740.000,1,0,0,0,0,0,0,2050.000,5,2070.000,5,2080.000,1,0,0,0,0,0,0,
93026507000,0,0,1770.000,10,1740.000,1,0,0,0,0,0,0,2070.000,5,2080.000,1,0,0,0,0,0,0,0,0,
93026517000,0,0,1770.000,10,1740.000,1,0,0,0,0,0,0,2060.000,5,2070.000,5,2080.000,1,0,0,0,0,0,0,
93026894000,0,0,1770.000,10,1740.000,1,0,0,0,0,0,0,2070.000,5,2080.000,1,0,0,0,0,0,0,0,0,
93026903000,0,0,1770.000,10,1740.000,1,0,0,0,0,0,0,2050.000,5,2070.000,5,2080.000,1,0,0,0,0,0,0,
93028660000,0,0,1770.000,10,1740.000,1,0,0,0,0,0,0,2070.000,5,2080.000,1,0,0,0,0,0,0,0,0,
93028802000,0,0,1770.000,10,1740.000,1,0,0,0,0,0,0,2060.000,5,2070.000,5,2080.000,1,0,0,0,0,0,0,
93030445000,0,0,1770.000,10,1740.000,1,0,0,0,0,0,0,2070.000,5,2080.000,1,0,0,0,0,0,0,0,0,
93030455000,0,0,1770.000,10,1740.000,1,0,0,0,0,0,0,2050.000,5,2070.000,5,2080.000,1,0,0,0,0,0,0,
93030566000,0,0,1770.000,10,1740.000,1,0,0,0,0,0,0,2070.000,5,2080.000,1,0,0,0,0,0,0,0,0,
93030577000,0,0,1770.000,10,1740.000,1,0,0,0,0,0,0,2060.000,5,2070.000,5,2080.000,1,0,0,0,0,0,0,
93035228000,0,0,1770.000,10,1740.000,1,0,0,0,0,0,0,2070.000,5,2080.000,1,0,0,0,0,0,0,0,0,
93035235000,0,0,1770.000,10,1740.000,1,0,0,0,0,0,0,2070.000,10,2080.000,1,0,0,0,0,0,0,0,0,
93035339000,0,0,1770.000,10,1740.000,1,0,0,0,0,0,0,2070.000,5,2080.000,1,0,0,0,0,0,0,0,0,
93035344000,0,0,1770.000,10,1740.000,1,0,0,0,0,0,0,2060.000,5,2070.000,5,2080.000,1,0,0,0,0,0,0,
93035464000,0,0,1770.000,10,1740.000,1,0,0,0,0,0,0,2070.000,5,2080.000,1,0,0,0,0,0,0,0,0,
93035473000,0,0,1770.000,10,1740.000,1,0,0,0,0,0,0,2070.000,10,2080.000,1,0,0,0,0,0,0,0,0,
93103619000,0,0,1770.000,10,1740.000,1,0,0,0,0,0,0,2070.000,5,2080.000,1,0,0,0,0,0,0,0,0,
93103625000,0,0,1770.000,10,1740.000,1,0,0,0,0,0,0,2060.000,5,2070.000,5,2080.000,1,0,0,0,0,0,0,
93105745000,0,0,1770.000,10,1740.000,1,0,0,0,0,0,0,2070.000,5,2080.000,1,0,0,0,0,0,0,0,0,
93105755000,0,0,1770.000,10,1740.000,1,0,0,0,0,0,0,2070.000,10,2080.000,1,0,0,0,0,0,0,0,0,
93106793000,0,0,1770.000,10,1740.000,1,0,0,0,0,0,0,2070.000,5,2080.000,1,0,0,0,0,0,0,0,0,
93106803000,0,0,1770.000,10,1740.000,1,0,0,0,0,0,0,2060.000,5,2070.000,5,2080.000,1,0,0,0,0,0,0,
93120836000,0,0,1770.000,10,1740.000,1,0,0,0,0,0,0,2070.000,5,2080.000,1,0,0,0,0,0,0,0,0,
93120847000,0,0,1770.000,10,1740.000,1,0,0,0,0,0,0,2050.000,5,2070.000,5,2080.000,1,0,0,0,0,0,0,
93121131000,0,0,1770.000,5,1740.000,1,0,0,0,0,0,0,2050.000,5,2070.000,5,2080.000,1,0,0,0,0,0,0,
93121328000,0,0,1770.000,5,1760.000,5,1740.000,1,0,0,0,0,2050.000,5,2070.000,5,2080.000,1,0,0,0,0,0,0,
93121426000,0,0,1770.000,5,1740.000,1,0,0,0,0,0,0,2050.000,5,2070.000,5,2080.000,1,0,0,0,0,0,0,
93121434000,0,0,1770.000,10,1740.000,1,0,0,0,0,0,0,2050.000,5,2070.000,5,2080.000,1,0,0,0,0,0,0,
93121958000,0,0,1770.000,10,1740.000,1,0,0,0,0,0,0,2070.000,5,2080.000,1,0,0,0,0,0,0,0,0,
93121969000,0,0,1770.000,10,1740.000,1,0,0,0,0,0,0,2060.000,5,2070.000,5,2080.000,1,0,0,0,0,0,0,
93122568000,0,0,1770.000,10,1740.000,1,0,0,0,0,0,0,2070.000,5,2080.000,1,0,0,0,0,0,0,0,0,
93122580000,0,0,1770.000,10,1740.000,1,0,0,0,0,0,0,2050.000,5,2070.000,5,2080.000,1,0,0,0,0,0,0,
93122622000,0,0,1770.000,10,1740.000,1,0,0,0,0,0,0,2070.000,5,2080.000,1,0,0,0,0,0,0,0,0,
93122632000,0,0,1770.000,10,1740.000,1,0,0,0,0,0,0,2060.000,5,2070.000,5,2080.000,1,0,0,0,0,0,0,
93125742000,0,0,1770.000,10,1740.000,1,0,0,0,0,0,0,2070.000,5,2080.000,1,0,0,0,0,0,0,0,0,
93125752000,0,0,1770.000,10,1740.000,1,0,0,0,0,0,0,2050.000,5,2070.000,5,2080.000,1,0,0,0,0,0,0,
93127297000,0,0,1770.000,10,1740.000,1,0,0,0,0,0,0,2070.000,5,2080.000,1,0,0,0,0,0,0,0,0,
93127307000,0,0,1770.000,10,1740.000,1,0,0,0,0,0,0,2060.000,5,2070.000,5,2080.000,1,0,0,0,0,0,0,
93127956000,0,0,1770.000,10,1740.000,1,0,0,0,0,0,0,2070.000,5,2080.000,1,0,0,0,0,0,0,0,0,
93127967000,0,0,1770.000,10,1740.000,1,0,0,0,0,0,0,2050.000,5,2070.000,5,2080.000,1,0,0,0,0,0,0,
93128081000,0,0,1770.000,10,1740.000,1,0,0,0,0,0,0,2070.000,5,2080.000,1,0,0,0,0,0,0,0,0,
93128092000,0,0,1770.000,10,1740.000,1,0,0,0,0,0,0,2060.000,5,2070.000,5,2080.000,1,0,0,0,0,0,0,
93128207000,0,0,1770.000,10,1740.000,1,0,0,0,0,0,0,2070.000,5,2080.000,1,0,0,0,0,0,0,0,0,
93128216000,0,0,1770.000,10,1740.000,1,0,0,0,0,0,0,2050.000,5,2070.000,5,2080.000,1,0,0,0,0,0,0,
93131802000,0,0,1770.000,10,1740.000,1,0,0,0,0,0,0,2070.000,5,2080.000,1,0,0,0,0,0,0,0,0,
93131813000,0,0,1770.000,10,1740.000,1,0,0,0,0,0,0,2060.000,5,2070.000,5,2080.000,1,0,0,0,0,0,0,
93131926000,0,0,1770.000,10,1740.000,1,0,0,0,0,0,0,2070.000,5,2080.000,1,0,0,0,0,0,0,0,0,
93131937000,0,0,1770.000,10,1740.000,1,0,0,0,0,0,0,2050.000,5,2070.000,5,2080.000,1,0,0,0,0,0,0,
93132507000,0,0,1770.000,10,1740.000,1,0,0,0,0,0,0,2070.000,5,2080.000,1,0,0,0,0,0,0,0,0,
93132518000,0,0,1770.000,10,1740.000,1,0,0,0,0,0,0,2060.000,5,2070.000,5,2080.000,1,0,0,0,0,0,0,
93133143000,0,0,1770.000,10,1740.000,1,0,0,0,0,0,0,2070.000,5,2080.000,1,0,0,0,0,0,0,0,0,
93133153000,0,0,1770.000,10,1740.000,1,0,0,0,0,0,0,2050.000,5,2070.000,5,2080.000,1,0,0,0,0,0,0,
93133634000,0,0,1770.000,10,1740.000,1,0,0,0,0,0,0,2070.000,5,2080.000,1,0,0,0,0,0,0,0,0,
93133644000,0,0,1770.000,10,1740.000,1,0,0,0,0,0,0,2060.000,5,2070.000,5,2080.000,1,0,0,0,0,0,0,
93133758000,0,0,1770.000,10,1740.000,1,0,0,0,0,0,0,2070.000,5,2080.000,1,0,0,0,0,0,0,0,0,
93133769000,0,0,1770.000,10,1740.000,1,0,0,0,0,0,0,2050.000,5,2070.000,5,2080.000,1,0,0,0,0,0,0,
93134008000,0,0,1770.000,10,1740.000,1,0,0,0,0,0,0,2070.000,5,2080.000,1,0,0,0,0,0,0,0,0,
93134019000,0,0,1770.000,10,1740.000,1,0,0,0,0,0,0,2060.000,5,2070.000,5,2080.000,1,0,0,0,0,0,0,
93134570000,0,0,1770.000,10,1740.000,1,0,0,0,0,0,0,2070.000,5,2080.000,1,0,0,0,0,0,0,0,0,
93134577000,0,0,1770.000,10,1740.000,1,0,0,0,0,0,0,2050.000,5,2070.000,5,2080.000,1,0,0,0,0,0,0,
93134687000,0,0,1770.000,10,1740.000,1,0,0,0,0,0,0,2070.000,5,2080.000,1,0,0,0,0,0,0,0,0,
93134697000,0,0,1770.000,10,1740.000,1,0,0,0,0,0,0,2060.000,5,2070.000,5,2080.000,1,0,0,0,0,0,0,
93138429000,0,0,1770.000,10,1740.000,1,0,0,0,0,0,0,2070.000,5,2080.000,1,0,0,0,0,0,0,0,0,
93138439000,0,0,1770.000,10,1740.000,1,0,0,0,0,0,0,2050.000,5,2070.000,5,2080.000,1,0,0,0,0,0,0,
93139283000,0,0,1770.000,10,1740.000,1,0,0,0,0,0,0,2070.000,5,2080.000,1,0,0,0,0,0,0,0,0,
93139294000,0,0,1770.000,10,1740.000,1,0,0,0,0,0,0,2060.000,5,2070.000,5,2080.000,1,0,0,0,0,0,0,
93139904000,0,0,1770.000,10,1740.000,1,0,0,0,0,0,0,2070.000,5,2080.000,1,0,0,0,0,0,0,0,0,
93139911000,0,0,1770.000,10,1740.000,1,0,0,0,0,0,0,2050.000,5,2070.000,5,2080.000,1,0,0,0,0,0,0,
93140452000,0,0,1770.000,10,1740.000,1,0,0,0,0,0,0,2070.000,5,2080.000,1,0,0,0,0,0,0,0,0,
93140455000,0,0,1770.000,10,1740.000,1,0,0,0,0,0,0,2050.000,5,2070.000,5,2080.000,1,0,0,0,0,0,0,
93140569000,0,0,1770.000,10,1740.000,1,0,0,0,0,0,0,2070.000,5,2080.000,1,0,0,0,0,0,0,0,0,
93140579000,0,0,1770.000,10,1740.000,1,0,0,0,0,0,0,2060.000,5,2070.000,5,2080.000,1,0,0,0,0,0,0,
93141431000,0,0,1770.000,10,1740.000,1,0,0,0,0,0,0,2070.000,5,2080.000,1,0,0,0,0,0,0,0,0,
93141442000,0,0,1770.000,10,1740.000,1,0,0,0,0,0,0,2050.000,5,2070.000,5,2080.000,1,0,0,0,0,0,0,
93143011000,0,0,1770.000,10,1740.000,1,0,0,0,0,0,0,2070.000,5,2080.000,1,0,0,0,0,0,0,0,0,
93143018000,0,0,1770.000,10,1740.000,1,0,0,0,0,0,0,2060.000,5,2070.000,5,2080.000,1,0,0,0,0,0,0,
93143882000,0,0,1770.000,10,1740.000,1,0,0,0,0,0,0,2070.000,5,2080.000,1,0,0,0,0,0,0,0,0,
93143893000,0,0,1770.000,10,1740.000,1,0,0,0,0,0,0,2050.000,5,2070.000,5,2080.000,1,0,0,0,0,0,0,
93145713000,0,0,1770.000,5,1740.000,1,0,0,0,0,0,0,2050.000,5,2070.000,5,2080.000,1,0,0,0,0,0,0,
93145713000,0,0,1770.000,5,1740.000,1,0,0,0,0,0,0,2070.000,5,2080.000,1,0,0,0,0,0,0,0,0,
93145818000,0,0,1770.000,10,1740.000,1,0,0,0,0,0,0,2070.000,5,2080.000,1,0,0,0,0,0,0,0,0,
93145818000,0,0,1770.000,10,1740.000,1,0,0,0,0,0,0,2050.000,5,2070.000,5,2080.000,1,0,0,0,0,0,0,
93145938000,0,0,1770.000,10,1740.000,1,0,0,0,0,0,0,2070.000,5,2080.000,1,0,0,0,0,0,0,0,0,
93145949000,0,0,1770.000,10,1740.000,1,0,0,0,0,0,0,2060.000,5,2070.000,5,2080.000,1,0,0,0,0,0,0,
93155286000,0,0,1770.000,10,1740.000,1,0,0,0,0,0,0,2070.000,5,2080.000,1,0,0,0,0,0,0,0,0,
93155297000,0,0,1770.000,10,1740.000,1,0,0,0,0,0,0,2050.000,5,2070.000,5,2080.000,1,0,0,0,0,0,0,
93155310000,0,0,1770.000,10,1740.000,1,0,0,0,0,0,0,2070.000,5,2080.000,1,0,0,0,0,0,0,0,0,
93155320000,0,0,1770.000,10,1740.000,1,0,0,0,0,0,0,2060.000,5,2070.000,5,2080.000,1,0,0,0,0,0,0,
93156847000,0,0,1770.000,10,1740.000,1,0,0,0,0,0,0,2070.000,5,2080.000,1,0,0,0,0,0,0,0,0,
93156858000,0,0,1770.000,10,1740.000,1,0,0,0,0,0,0,2050.000,5,2070.000,5,2080.000,1,0,0,0,0,0,0,
93159925000,0,0,1770.000,10,1740.000,1,0,0,0,0,0,0,2070.000,5,2080.000,1,0,0,0,0,0,0,0,0,
93159934000,0,0,1770.000,10,1740.000,1,0,0,0,0,0,0,2060.000,5,2070.000,5,2080.000,1,0,0,0,0,0,0,
93200129000,0,0,1770.000,10,1740.000,1,0,0,0,0,0,0,2070.000,5,2080.000,1,0,0,0,0,0,0,0,0,
93200139000,0,0,1770.000,10,1740.000,1,0,0,0,0,0,0,2050.000,5,2070.000,5,2080.000,1,0,0,0,0,0,0,
93203124000,0,0,1770.000,10,1740.000,1,0,0,0,0,0,0,2070.000,5,2080.000,1,0,0,0,0,0,0,0,0,
93203354000,0,0,1770.000,10,1740.000,1,0,0,0,0,0,0,2060.000,5,2070.000,5,2080.000,1,0,0,0,0,0,0,
93205635000,0,0,1770.000,10,1740.000,1,0,0,0,0,0,0,2070.000,5,2080.000,1,0,0,0,0,0,0,0,0,
93205646000,0,0,1770.000,10,1740.000,1,0,0,0,0,0,0,2070.000,10,2080.000,1,0,0,0,0,0,0,0,0,
93210247000,0,0,1770.000,10,1740.000,1,0,0,0,0,0,0,2070.000,5,2080.000,1,0,0,0,0,0,0,0,0,
93210257000,0,0,1770.000,10,1740.000,1,0,0,0,0,0,0,2060.000,5,2070.000,5,2080.000,1,0,0,0,0,0,0,
93210609000,0,0,1770.000,10,1740.000,1,0,0,0,0,0,0,2070.000,5,2080.000,1,0,0,0,0,0,0,0,0,
93210619000,0,0,1770.000,10,1740.000,1,0,0,0,0,0,0,2070.000,10,2080.000,1,0,0,0,0,0,0,0,0,
93210977000,0,0,1770.000,10,1740.000,1,0,0,0,0,0,0,2070.000,5,2080.000,1,0,0,0,0,0,0,0,0,
93210988000,0,0,1770.000,10,1740.000,1,0,0,0,0,0,0,2060.000,5,2070.000,5,2080.000,1,0,0,0,0,0,0,
93211588000,0,0,1770.000,10,1740.000,1,0,0,0,0,0,0,2070.000,5,2080.000,1,0,0,0,0,0,0,0,0,
93211599000,0,0,1770.000,10,1740.000,1,0,0,0,0,0,0,2070.000,10,2080.000,1,0,0,0,0,0,0,0,0,
93211713000,0,0,1770.000,10,1740.000,1,0,0,0,0,0,0,2070.000,5,2080.000,1,0,0,0,0,0,0,0,0,
93211723000,0,0,1770.000,10,1740.000,1,0,0,0,0,0,0,2060.000,5,2070.000,5,2080.000,1,0,0,0,0,0,0,
93211831000,0,0,1770.000,10,1740.000,1,0,0,0,0,0,0,2070.000,5,2080.000,1,0,0,0,0,0,0,0,0,
93211840000,0,0,1770.000,10,1740.000,1,0,0,0,0,0,0,2070.000,10,2080.000,1,0,0,0,0,0,0,0,0,
93211955000,0,0,1770.000,10,1740.000,1,0,0,0,0,0,0,2070.000,5,2080.000,1,0,0,0,0,0,0,0,0,
93211966000,0,0,1770.000,10,1740.000,1,0,0,0,0,0,0,2060.000,5,2070.000,5,2080.000,1,0,0,0,0,0,0,
93212321000,0,0,1770.000,10,1740.000,1,0,0,0,0,0,0,2070.000,5,2080.000,1,0,0,0,0,0,0,0,0,
93212332000,0,0,1770.000,10,1740.000,1,0,0,0,0,0,0,2070.000,10,2080.000,1,0,0,0,0,0,0,0,0,
93212439000,0,0,1770.000,10,1740.000,1,0,0,0,0,0,0,2070.000,5,2080.000,1,0,0,0,0,0,0,0,0,
93212449000,0,0,1770.000,10,1740.000,1,0,0,0,0,0,0,2060.000,5,2070.000,5,2080.000,1,0,0,0,0,0,0,
93215487000,0,0,1770.000,10,1740.000,1,0,0,0,0,0,0,2070.000,5,2080.000,1,0,0,0,0,0,0,0,0,
93215498000,0,0,1770.000,10,1740.000,1,0,0,0,0,0,0,2070.000,10,2080.000,1,0,0,0,0,0,0,0,0,
93217706000,0,0,1770.000,10,1740.000,1,0,0,0,0,0,0,2070.000,5,2080.000,1,0,0,0,0,0,0,0,0,
93217717000,0,0,1770.000,10,1740.000,1,0,0,0,0,0,0,2060.000,5,2070.000,5,2080.000,1,0,0,0,0,0,0,
93222040000,0,0,1770.000,10,1740.000,1,0,0,0,0,0,0,2070.000,5,2080.000,1,0,0,0,0,0,0,0,0,
93222050000,0,0,1770.000,10,1740.000,1,0,0,0,0,0,0,2050.000,5,2070.000,5,2080.000,1,0,0,0,0,0,0,
93223222000,0,0,1770.000,10,1740.000,1,0,0,0,0,0,0,2070.000,5,2080.000,1,0,0,0,0,0,0,0,0,
93223232000,0,0,1770.000,10,1740.000,1,0,0,0,0,0,0,2060.000,5,2070.000,5,2080.000,1,0,0,0,0,0,0,
93223270000,0,0,1770.000,10,1740.000,1,0,0,0,0,0,0,2070.000,5,2080.000,1,0,0,0,0,0,0,0,0,
93223280000,0,0,1770.000,10,1740.000,1,0,0,0,0,0,0,2050.000,5,2070.000,5,2080.000,1,0,0,0,0,0,0,
93224079000,0,0,1770.000,10,1740.000,1,0,0,0,0,0,0,2070.000,5,2080.000,1,0,0,0,0,0,0,0,0,
93224088000,0,0,1770.000,10,1740.000,1,0,0,0,0,0,0,2060.000,5,2070.000,5,2080.000,1,0,0,0,0,0,0,
93233125000,0,0,1770.000,10,1740.000,1,0,0,0,0,0,0,2070.000,5,2080.000,1,0,0,0,0,0,0,0,0,
93233130000,0,0,1770.000,10,1740.000,1,0,0,0,0,0,0,2050.000,5,2070.000,5,2080.000,1,0,0,0,0,0,0,
93234355000,0,0,1770.000,10,1740.000,1,0,0,0,0,0,0,2070.000,5,2080.000,1,0,0,0,0,0,0,0,0,
93234366000,0,0,1770.000,10,1740.000,1,0,0,0,0,0,0,2060.000,5,2070.000,5,2080.000,1,0,0,0,0,0,0,
93234480000,0,0,1770.000,10,1740.000,1,0,0,0,0,0,0,2070.000,5,2080.000,1,0,0,0,0,0,0,0,0,
93234490000,0,0,1770.000,10,1740.000,1,0,0,0,0,0,0,2050.000,5,2070.000,5,2080.000,1,0,0,0,0,0,0,
93241151000,0,0,1770.000,10,1740.000,1,0,0,0,0,0,0,2070.000,5,2080.000,1,0,0,0,0,0,0,0,0,
93241162000,0,0,1770.000,10,1740.000,1,0,0,0,0,0,0,2060.000,5,2070.000,5,2080.000,1,0,0,0,0,0,0,
93241409000,0,0,1770.000,10,1740.000,1,0,0,0,0,0,0,2070.000,5,2080.000,1,0,0,0,0,0,0,0,0,
93241419000,0,0,1770.000,10,1740.000,1,0,0,0,0,0,0,2050.000,5,2070.000,5,2080.000,1,0,0,0,0,0,0,
93241903000,0,0,1770.000,10,1740.000,1,0,0,0,0,0,0,2070.000,5,2080.000,1,0,0,0,0,0,0,0,0,
93241913000,0,0,1770.000,10,1740.000,1,0,0,0,0,0,0,2060.000,5,2070.000,5,2080.000,1,0,0,0,0,0,0,
93242503000,0,0,1770.000,10,1740.000,1,0,0,0,0,0,0,2070.000,5,2080.000,1,0,0,0,0,0,0,0,0,
93242514000,0,0,1770.000,10,1740.000,1,0,0,0,0,0,0,2050.000,5,2070.000,5,2080.000,1,0,0,0,0,0,0,
93243004000,0,0,1770.000,10,1740.000,1,0,0,0,0,0,0,2070.000,5,2080.000,1,0,0,0,0,0,0,0,0,
93243015000,0,0,1770.000,10,1740.000,1,0,0,0,0,0,0,2060.000,5,2070.000,5,2080.000,1,0,0,0,0,0,0,
93244190000,0,0,1770.000,10,1740.000,1,0,0,0,0,0,0,2070.000,5,2080.000,1,0,0,0,0,0,0,0,0,
93244199000,0,0,1770.000,10,1740.000,1,0,0,0,0,0,0,2050.000,5,2070.000,5,2080.000,1,0,0,0,0,0,0,
93245566000,0,0,1770.000,10,1740.000,1,0,0,0,0,0,0,2070.000,5,2080.000,1,0,0,0,0,0,0,0,0,
93245576000,0,0,1770.000,10,1740.000,1,0,0,0,0,0,0,2060.000,5,2070.000,5,2080.000,1,0,0,0,0,0,0,
93248135000,0,0,1770.000,10,1740.000,1,0,0,0,0,0,0,2070.000,5,2080.000,1,0,0,0,0,0,0,0,0,
93248146000,0,0,1770.000,10,1740.000,1,0,0,0,0,0,0,2050.000,5,2070.000,5,2080.000,1,0,0,0,0,0,0,
93248260000,0,0,1770.000,10,1740.000,1,0,0,0,0,0,0,2070.000,5,2080.000,1,0,0,0,0,0,0,0,0,
93248270000,0,0,1770.000,10,1740.000,1,0,0,0,0,0,0,2060.000,5,2070.000,5,2080.000,1,0,0,0,0,0,0,
93253773000,0,0,1770.000,10,1740.000,1,0,0,0,0,0,0,2070.000,5,2080.000,1,0,0,0,0,0,0,0,0,
93253783000,0,0,1770.000,10,1740.000,1,0,0,0,0,0,0,2070.000,10,2080.000,1,0,0,0,0,0,0,0,0,
93255431000,0,0,1770.000,10,1740.000,1,0,0,0,0,0,0,2070.000,5,2080.000,1,0,0,0,0,0,0,0,0,
93255437000,0,0,1770.000,10,1740.000,1,0,0,0,0,0,0,2060.000,5,2070.000,5,2080.000,1,0,0,0,0,0,0,
93255567000,0,0,1770.000,10,1740.000,1,0,0,0,0,0,0,2070.000,5,2080.000,1,0,0,0,0,0,0,0,0,
93255577000,0,0,1770.000,10,1740.000,1,0,0,0,0,0,0,2070.000,10,2080.000,1,0,0,0,0,0,0,0,0,
93256772000,0,0,1770.000,10,1740.000,1,0,0,0,0,0,0,2070.000,5,2080.000,1,0,0,0,0,0,0,0,0,
93256783000,0,0,1770.000,10,1740.000,1,0,0,0,0,0,0,2060.000,5,2070.000,5,2080.000,1,0,0,0,0,0,0,
93300363000,0,0,1770.000,10,1740.000,1,0,0,0,0,0,0,2070.000,5,2080.000,1,0,0,0,0,0,0,0,0,
93300374000,0,0,1770.000,10,1740.000,1,0,0,0,0,0,0,2050.000,5,2070.000,5,2080.000,1,0,0,0,0,0,0,
93301364000,0,0,1770.000,10,1740.000,1,0,0,0,0,0,0,2070.000,5,2080.000,1,0,0,0,0,0,0,0,0,
93301374000,0,0,1770.000,10,1740.000,1,0,0,0,0,0,0,2060.000,5,2070.000,5,2080.000,1,0,0,0,0,0,0,
93301486000,0,0,1770.000,10,1740.000,1,0,0,0,0,0,0,2070.000,5,2080.000,1,0,0,0,0,0,0,0,0,
93301497000,0,0,1770.000,10,1740.000,1,0,0,0,0,0,0,2050.000,5,2070.000,5,2080.000,1,0,0,0,0,0,0,
93302619000,0,0,1770.000,10,1740.000,1,0,0,0,0,0,0,2070.000,5,2080.000,1,0,0,0,0,0,0,0,0,
93302629000,0,0,1770.000,10,1740.000,1,0,0,0,0,0,0,2060.000,5,2070.000,5,2080.000,1,0,0,0,0,0,0,
93302676000,0,0,1770.000,10,1740.000,1,0,0,0,0,0,0,2070.000,5,2080.000,1,0,0,0,0,0,0,0,0,
93302686000,0,0,1770.000,10,1740.000,1,0,0,0,0,0,0,2050.000,5,2070.000,5,2080.000,1,0,0,0,0,0,0,
93303670000,0,0,1770.000,10,1740.000,1,0,0,0,0,0,0,2070.000,5,2080.000,1,0,0,0,0,0,0,0,0,
93303678000,0,0,1770.000,10,1740.000,1,0,0,0,0,0,0,2060.000,5,2070.000,5,2080.000,1,0,0,0,0,0,0,
93309625000,0,0,1770.000,10,1740.000,1,0,0,0,0,0,0,2070.000,5,2080.000,1,0,0,0,0,0,0,0,0,
93309633000,0,0,1770.000,10,1740.000,1,0,0,0,0,0,0,2050.000,5,2070.000,5,2080.000,1,0,0,0,0,0,0,
93325688000,0,0,1770.000,10,1740.000,1,0,0,0,0,0,0,2070.000,5,2080.000,1,0,0,0,0,0,0,0,0,
93325698000,0,0,1770.000,10,1740.000,1,0,0,0,0,0,0,2060.000,5,2070.000,5,2080.000,1,0,0,0,0,0,0,
93327249000,0,0,1770.000,10,1740.000,1,0,0,0,0,0,0,2070.000,5,2080.000,1,0,0,0,0,0,0,0,0,
93327258000,0,0,1770.000,10,1740.000,1,0,0,0,0,0,0,2050.000,5,2070.000,5,2080.000,1,0,0,0,0,0,0,
93327614000,0,0,1770.000,10,1740.000,1,0,0,0,0,0,0,2070.000,5,2080.000,1,0,0,0,0,0,0,0,0,
93327625000,0,0,1770.000,10,1740.000,1,0,0,0,0,0,0,2060.000,5,2070.000,5,2080.000,1,0,0,0,0,0,0,
93329108000,0,0,1770.000,10,1740.000,1,0,0,0,0,0,0,2070.000,5,2080.000,1,0,0,0,0,0,0,0,0,
93329118000,0,0,1770.000,10,1740.000,1,0,0,0,0,0,0,2050.000,5,2070.000,5,2080.000,1,0,0,0,0,0,0,
93329483000,0,0,1770.000,10,1740.000,1,0,0,0,0,0,0,2070.000,5,2080.000,1,0,0,0,0,0,0,0,0,
93329493000,0,0,1770.000,10,1740.000,1,0,0,0,0,0,0,2060.000,5,2070.000,5,2080.000,1,0,0,0,0,0,0,
93329608000,0,0,1770.000,10,1740.000,1,0,0,0,0,0,0,2070.000,5,2080.000,1,0,0,0,0,0,0,0,0,
93329618000,0,0,1770.000,10,1740.000,1,0,0,0,0,0,0,2050.000,5,2070.000,5,2080.000,1,0,0,0,0,0,0,
93337817000,0,0,1770.000,10,1740.000,1,0,0,0,0,0,0,2050.000,5,2080.000,1,0,0,0,0,0,0,0,0,
93337818000,0,0,1770.000,10,1740.000,1,0,0,0,0,0,0,2020.000,5,2050.000,5,2080.000,1,0,0,0,0,0,0,
93337853000,0,0,1770.000,10,1740.000,1,0,0,0,0,0,0,2020.000,5,2080.000,1,0,0,0,0,0,0,0,0,
93337865000,0,0,1770.000,10,1740.000,1,0,0,0,0,0,0,2020.000,10,2080.000,1,0,0,0,0,0,0,0,0,
94034242000,0,0,1770.000,5,1740.000,1,0,0,0,0,0,0,2020.000,10,2080.000,1,0,0,0,0,0,0,0,0,
94034252000,0,0,1780.000,5,1770.000,5,1740.000,1,0,0,0,0,2020.000,10,2080.000,1,0,0,0,0,0,0,0,0,
94034739000,0,0,1770.000,5,1740.000,1,0,0,0,0,0,0,2020.000,10,2080.000,1,0,0,0,0,0,0,0,0,
94034749000,0,0,1770.000,10,1740.000,1,0,0,0,0,0,0,2020.000,10,2080.000,1,0,0,0,0,0,0,0,0,
94034905000,0,0,1770.000,5,1740.000,1,0,0,0,0,0,0,2020.000,10,2080.000,1,0,0,0,0,0,0,0,0,
94034916000,0,0,1780.000,5,1770.000,5,1740.000,1,0,0,0,0,2020.000,10,2080.000,1,0,0,0,0,0,0,0,0,
94037204000,0,0,1770.000,5,1740.000,1,0,0,0,0,0,0,2020.000,10,2080.000,1,0,0,0,0,0,0,0,0,
94037329000,0,0,1790.000,5,1770.000,5,1740.000,1,0,0,0,0,2020.000,10,2080.000,1,0,0,0,0,0,0,0,0,
94037683000,0,0,1770.000,5,1740.000,1,0,0,0,0,0,0,2020.000,10,2080.000,1,0,0,0,0,0,0,0,0,
94037693000,0,0,1780.000,5,1770.000,5,1740.000,1,0,0,0,0,2020.000,10,2080.000,1,0,0,0,0,0,0,0,0,
94041537000,0,0,1770.000,5,1740.000,1,0,0,0,0,0,0,2020.000,10,2080.000,1,0,0,0,0,0,0,0,0,
94041546000,0,0,1790.000,5,1770.000,5,1740.000,1,0,0,0,0,2020.000,10,2080.000,1,0,0,0,0,0,0,0,0,
94041989000,0,0,1770.000,5,1740.000,1,0,0,0,0,0,0,2020.000,10,2080.000,1,0,0,0,0,0,0,0,0,
94041999000,0,0,1780.000,5,1770.000,5,1740.000,1,0,0,0,0,2020.000,10,2080.000,1,0,0,0,0,0,0,0,0,
94042641000,0,0,1770.000,5,1740.000,1,0,0,0,0,0,0,2020.000,10,2080.000,1,0,0,0,0,0,0,0,0,
94042647000,0,0,1790.000,5,1770.000,5,1740.000,1,0,0,0,0,2020.000,10,2080.000,1,0,0,0,0,0,0,0,0,
94043511000,0,0,1770.000,5,1740.000,1,0,0,0,0,0,0,2020.000,10,2080.000,1,0,0,0,0,0,0,0,0,
94043521000,0,0,1780.000,5,1770.000,5,1740.000,1,0,0,0,0,2020.000,10,2080.000,1,0,0,0,0,0,0,0,0,
94059012000,0,0,1770.000,5,1740.000,1,0,0,0,0,0,0,2020.000,10,2080.000,1,0,0,0,0,0,0,0,0,
94059022000,0,0,1790.000,5,1770.000,5,1740.000,1,0,0,0,0,2020.000,10,2080.000,1,0,0,0,0,0,0,0,0,
94059920000,0,0,1770.000,5,1740.000,1,0,0,0,0,0,0,2020.000,10,2080.000,1,0,0,0,0,0,0,0,0,
94059931000,0,0,1780.000,5,1770.000,5,1740.000,1,0,0,0,0,2020.000,10,2080.000,1,0,0,0,0,0,0,0,0,
94100122000,0,0,1770.000,5,1740.000,1,0,0,0,0,0,0,2020.000,10,2080.000,1,0,0,0,0,0,0,0,0,
94100132000,0,0,1790.000,5,1770.000,5,1740.000,1,0,0,0,0,2020.000,10,2080.000,1,0,0,0,0,0,0,0,0,
94100323000,0,0,1770.000,5,1740.000,1,0,0,0,0,0,0,2020.000,10,2080.000,1,0,0,0,0,0,0,0,0,
94100331000,0,0,1790.000,5,1770.000,5,1740.000,1,0,0,0,0,2020.000,10,2080.000,1,0,0,0,0,0,0,0,0,
94104135000,0,0,1770.000,5,1740.000,1,0,0,0,0,0,0,2020.000,10,2080.000,1,0,0,0,0,0,0,0,0,
94104146000,0,0,1780.000,5,1770.000,5,1740.000,1,0,0,0,0,2020.000,10,2080.000,1,0,0,0,0,0,0,0,0,
94104905000,0,0,1770.000,5,1740.000,1,0,0,0,0,0,0,2020.000,10,2080.000,1,0,0,0,0,0,0,0,0,
94104915000,0,0,1790.000,5,1770.000,5,1740.000,1,0,0,0,0,2020.000,10,2080.000,1,0,0,0,0,0,0,0,0,
94110472000,0,0,1770.000,5,1740.000,1,0,0,0,0,0,0,2020.000,10,2080.000,1,0,0,0,0,0,0,0,0,
94110482000,0,0,1780.000,5,1770.000,5,1740.000,1,0,0,0,0,2020.000,10,2080.000,1,0,0,0,0,0,0,0,0,
94110965000,0,0,1770.000,5,1740.000,1,0,0,0,0,0,0,2020.000,10,2080.000,1,0,0,0,0,0,0,0,0,
94110975000,0,0,1790.000,5,1770.000,5,1740.000,1,0,0,0,0,2020.000,10,2080.000,1,0,0,0,0,0,0,0,0,
94123077000,0,0,1790.000,5,1740.000,1,0,0,0,0,0,0,2020.000,10,2080.000,1,0,0,0,0,0,0,0,0,
94123077000,0,0,1820.000,5,1790.000,5,1740.000,1,0,0,0,0,2020.000,10,2080.000,1,0,0,0,0,0,0,0,0,
94123157000,0,0,1820.000,5,1740.000,1,0,0,0,0,0,0,2020.000,10,2080.000,1,0,0,0,0,0,0,0,0,
94123168000,0,0,1820.000,10,1740.000,1,0,0,0,0,0,0,2020.000,10,2080.000,1,0,0,0,0,0,0,0,0,
94222627000,0,0,1820.000,10,1740.000,1,0,0,0,0,0,0,2020.000,5,2080.000,1,0,0,0,0,0,0,0,0,
94222636000,0,0,1820.000,10,1740.000,1,0,0,0,0,0,0,2020.000,5,2030.000,5,2080.000,1,0,0,0,0,0,0,
94223004000,0,0,1820.000,10,1740.000,1,0,0,0,0,0,0,2020.000,5,2080.000,1,0,0,0,0,0,0,0,0,
94223015000,0,0,1820.000,10,1740.000,1,0,0,0,0,0,0,2020.000,10,2080.000,1,0,0,0,0,0,0,0,0,
94225356000,0,0,1820.000,10,1740.000,1,0,0,0,0,0,0,2020.000,5,2080.000,1,0,0,0,0,0,0,0,0,
94225367000,0,0,1820.000,10,1740.000,1,0,0,0,0,0,0,2020.000,5,2030.000,5,2080.000,1,0,0,0,0,0,0,
94225400000,0,0,1820.000,10,1740.000,1,0,0,0,0,0,0,2020.000,5,2080.000,1,0,0,0,0,0,0,0,0,
94226104000,0,0,1820.000,10,1740.000,1,0,0,0,0,0,0,2080.000,1,0,0,0,0,0,0,0,0,0,0,
94226167000,0,0,1820.000,10,1740.000,1,0,0,0,0,0,0,2080.000,6,0,0,0,0,0,0,0,0,0,0,
94256116000,0,0,1820.000,10,1740.000,1,0,0,0,0,0,0,2070.000,5,2080.000,6,0,0,0,0,0,0,0,0,
94256173000,0,0,1820.000,10,1740.000,1,0,0,0,0,0,0,2070.000,5,2080.000,1,0,0,0,0,0,0,0,0,
94256183000,0,0,1820.000,10,1740.000,1,0,0,0,0,0,0,2070.000,10,2080.000,1,0,0,0,0,0,0,0,0,
94341084000,0,0,1820.000,5,1740.000,1,0,0,0,0,0,0,2070.000,10,2080.000,1,0,0,0,0,0,0,0,0,
94341084000,0,0,1820.000,5,1740.000,1,0,0,0,0,0,0,2070.000,5,2080.000,1,0,0,0,0,0,0,0,0,
94343121000,0,0,1820.000,10,1740.000,1,0,0,0,0,0,0,2070.000,5,2080.000,1,0,0,0,0,0,0,0,0,
94343121000,0,0,1820.000,10,1740.000,1,0,0,0,0,0,0,2070.000,10,2080.000,1,0,0,0,0,0,0,0,0,
94536047000,0,0,1820.000,10,1740.000,1,0,0,0,0,0,0,2070.000,5,2080.000,1,0,0,0,0,0,0,0,0,
94536116000,0,0,1820.000,5,1740.000,1,0,0,0,0,0,0,2070.000,5,2080.000,1,0,0,0,0,0,0,0,0,
94536125000,0,0,1830.000,5,1820.000,5,1740.000,1,0,0,0,0,2070.000,5,2080.000,1,0,0,0,0,0,0,0,0,
94536543000,0,0,1830.000,5,1820.000,5,0,0,0,0,0,0,2070.000,5,2080.000,1,0,0,0,0,0,0,0,0,
94536543000,0,0,1830.000,5,1820.000,6,0,0,0,0,0,0,2070.000,5,2080.000,1,0,0,0,0,0,0,0,0,
94536543000,0,0,1830.000,5,1820.000,6,0,0,0,0,0,0,2070.000,5,0,0,0,0,0,0,0,0,0,0,
94536546000,0,0,1830.000,5,1820.000,6,0,0,0,0,0,0,2070.000,5,2160.000,1,0,0,0,0,0,0,0,0,
94537084000,0,0,1830.000,5,1820.000,6,0,0,0,0,0,0,2070.000,5,2080.000,5,2160.000,1,0,0,0,0,0,0,
94537207000,0,0,1830.000,5,1820.000,6,0,0,0,0,0,0,2070.000,5,2160.000,1,0,0,0,0,0,0,0,0,
94537218000,0,0,1830.000,5,1820.000,6,0,0,0,0,0,0,2070.000,10,2160.000,1,0,0,0,0,0,0,0,0,
94537294000,0,0,1830.000,5,1820.000,6,0,0,0,0,0,0,2070.000,5,2160.000,1,0,0,0,0,0,0,0,0,
94537303000,0,0,1830.000,5,1820.000,6,0,0,0,0,0,0,2070.000,5,2080.000,5,2160.000,1,0,0,0,0,0,0,
94537412000,0,0,1830.000,5,1820.000,6,0,0,0,0,0,0,2070.000,5,2160.000,1,0,0,0,0,0,0,0,0,
94537423000,0,0,1830.000,5,1820.000,6,0,0,0,0,0,0,2070.000,10,2160.000,1,0,0,0,0,0,0,0,0,
94600454000,0,0,1820.000,6,0,0,0,0,0,0,0,0,2070.000,10,2160.000,1,0,0,0,0,0,0,0,0,
94600464000,0,0,1840.000,5,1820.000,6,0,0,0,0,0,0,2070.000,10,2160.000,1,0,0,0,0,0,0,0,0,
94600925000,0,0,1840.000,5,1820.000,6,0,0,0,0,0,0,2070.000,5,2160.000,1,0,0,0,0,0,0,0,0,
94600936000,0,0,1840.000,5,1820.000,6,0,0,0,0,0,0,2070.000,5,2080.000,5,2160.000,1,0,0,0,0,0,0,
94600946000,0,0,1840.000,5,1820.000,6,0,0,0,0,0,0,2070.000,5,2160.000,1,0,0,0,0,0,0,0,0,
94601072000,0,0,1820.000,6,0,0,0,0,0,0,0,0,2070.000,5,2160.000,1,0,0,0,0,0,0,0,0,
94601121000,0,0,1840.000,5,1820.000,6,0,0,0,0,0,0,2070.000,5,2160.000,1,0,0,0,0,0,0,0,0,
94601144000,0,0,1820.000,6,0,0,0,0,0,0,0,0,2070.000,5,2160.000,1,0,0,0,0,0,0,0,0,
94601159000,0,0,1840.000,5,1820.000,6,0,0,0,0,0,0,2070.000,5,2160.000,1,0,0,0,0,0,0,0,0,
94601397000,0,0,1820.000,6,0,0,0,0,0,0,0,0,2070.000,5,2160.000,1,0,0,0,0,0,0,0,0,
94601514000,0,0,1840.000,5,1820.000,6,0,0,0,0,0,0,2070.000,5,2160.000,1,0,0,0,0,0,0,0,0,
94601816000,0,0,1840.000,5,1820.000,1,0,0,0,0,0,0,2070.000,5,2160.000,1,0,0,0,0,0,0,0,0,
94601883000,0,0,1870.000,5,1840.000,5,1820.000,1,0,0,0,0,2070.000,5,2160.000,1,0,0,0,0,0,0,0,0,
94601884000,0,0,1870.000,5,1840.000,5,1820.000,1,0,0,0,0,2160.000,1,0,0,0,0,0,0,0,0,0,0,
94601884000,0,0,1870.000,5,1840.000,5,1820.000,1,0,0,0,0,2140.000,5,2160.000,1,0,0,0,0,0,0,0,0,
94601934000,0,0,1870.000,5,1820.000,1,0,0,0,0,0,0,2140.000,5,2160.000,1,0,0,0,0,0,0,0,0,
94601934000,0,0,1870.000,5,1820.000,1,0,0,0,0,0,0,2140.000,10,2160.000,1,0,0,0,0,0,0,0,0,
94601945000,0,0,1870.000,10,1820.000,1,0,0,0,0,0,0,2140.000,10,2160.000,1,0,0,0,0,0,0,0,0,
94612484000,0,0,1870.000,10,1820.000,1,0,0,0,0,0,0,2140.000,5,2160.000,1,0,0,0,0,0,0,0,0,
94612495000,0,0,1870.000,10,1820.000,1,0,0,0,0,0,0,2140.000,5,2150.000,5,2160.000,1,0,0,0,0,0,0,
94612721000,0,0,1870.000,10,1820.000,1,0,0,0,0,0,0,2140.000,5,2160.000,1,0,0,0,0,0,0,0,0,
94612732000,0,0,1870.000,10,1820.000,1,0,0,0,0,0,0,2140.000,10,2160.000,1,0,0,0,0,0,0,0,0,
94612825000,0,0,1870.000,10,1820.000,1,0,0,0,0,0,0,2140.000,5,2160.000,1,0,0,0,0,0,0,0,0,
94612825000,0,0,1870.000,5,1820.000,1,0,0,0,0,0,0,2140.000,5,2160.000,1,0,0,0,0,0,0,0,0,
94612998000,0,0,1870.000,10,1820.000,1,0,0,0,0,0,0,2140.000,5,2160.000,1,0,0,0,0,0,0,0,0,
94612998000,0,0,1870.000,10,1820.000,1,0,0,0,0,0,0,2140.000,10,2160.000,1,0,0,0,0,0,0,0,0,
100507153000,0,0,1870.000,5,1820.000,1,0,0,0,0,0,0,2140.000,10,2160.000,1,0,0,0,0,0,0,0,0,
100507153000,0,0,1870.000,5,1820.000,1,0,0,0,0,0,0,2140.000,5,2160.000,1,0,0,0,0,0,0,0,0,
100507252000,0,0,1870.000,10,1820.000,1,0,0,0,0,0,0,2140.000,5,2160.000,1,0,0,0,0,0,0,0,0,
100507614000,0,0,1870.000,5,1820.000,1,0,0,0,0,0,0,2140.000,5,2160.000,1,0,0,0,0,0,0,0,0,
100507625000,0,0,1880.000,5,1870.000,5,1820.000,1,0,0,0,0,2140.000,5,2160.000,1,0,0,0,0,0,0,0,0,
100507732000,0,0,1870.000,5,1820.000,1,0,0,0,0,0,0,2140.000,5,2160.000,1,0,0,0,0,0,0,0,0,
100507743000,0,0,1870.000,10,1820.000,1,0,0,0,0,0,0,2140.000,5,2160.000,1,0,0,0,0,0,0,0,0,
100507796000,0,0,1870.000,10,1820.000,1,0,0,0,0,0,0,2140.000,5,2150.000,5,2160.000,1,0,0,0,0,0,0,
100507912000,0,0,1870.000,10,1820.000,1,0,0,0,0,0,0,2140.000,5,2160.000,1,0,0,0,0,0,0,0,0,
100507923000,0,0,1870.000,10,1820.000,1,0,0,0,0,0,0,2140.000,10,2160.000,1,0,0,0,0,0,0,0,0,
100522687000,0,0,1870.000,5,1820.000,1,0,0,0,0,0,0,2140.000,10,2160.000,1,0,0,0,0,0,0,0,0,
100522697000,0,0,1870.000,10,1820.000,1,0,0,0,0,0,0,2140.000,10,2160.000,1,0,0,0,0,0,0,0,0,
100522826000,0,0,1870.000,5,1820.000,1,0,0,0,0,0,0,2140.000,10,2160.000,1,0,0,0,0,0,0,0,0,
100522835000,0,0,1880.000,5,1870.000,5,1820.000,1,0,0,0,0,2140.000,10,2160.000,1,0,0,0,0,0,0,0,0,
100522943000,0,0,1870.000,5,1820.000,1,0,0,0,0,0,0,2140.000,10,2160.000,1,0,0,0,0,0,0,0,0,
100522954000,0,0,1870.000,10,1820.000,1,0,0,0,0,0,0,2140.000,10,2160.000,1,0,0,0,0,0,0,0,0,
100527122000,0,0,1870.000,5,1820.000,1,0,0,0,0,0,0,2140.000,10,2160.000,1,0,0,0,0,0,0,0,0,
100527130000,0,0,1880.000,5,1870.000,5,1820.000,1,0,0,0,0,2140.000,10,2160.000,1,0,0,0,0,0,0,0,0,
100527414000,0,0,1870.000,5,1820.000,1,0,0,0,0,0,0,2140.000,10,2160.000,1,0,0,0,0,0,0,0,0,
100527414000,0,0,1870.000,5,1820.000,1,0,0,0,0,0,0,2140.000,5,2160.000,1,0,0,0,0,0,0,0,0,
100527436000,0,0,1880.000,5,1870.000,5,1820.000,1,0,0,0,0,2140.000,5,2160.000,1,0,0,0,0,0,0,0,0,
100527481000,0,0,1870.000,5,1820.000,1,0,0,0,0,0,0,2140.000,5,2160.000,1,0,0,0,0,0,0,0,0,
100527542000,0,0,1880.000,5,1870.000,5,1820.000,1,0,0,0,0,2140.000,5,2160.000,1,0,0,0,0,0,0,0,0,
100527659000,0,0,1880.000,5,1870.000,5,1820.000,1,0,0,0,0,2140.000,5,2150.000,5,2160.000,1,0,0,0,0,0,0,
100527773000,0,0,1880.000,5,1870.000,5,1820.000,1,0,0,0,0,2140.000,5,2160.000,1,0,0,0,0,0,0,0,0,
100527889000,0,0,1880.000,5,1870.000,5,1820.000,1,0,0,0,0,2140.000,5,2150.000,5,2160.000,1,0,0,0,0,0,0,
100528013000,0,0,1880.000,5,1870.000,5,1820.000,1,0,0,0,0,2140.000,5,2160.000,1,0,0,0,0,0,0,0,0,
100528024000,0,0,1880.000,5,1870.000,5,1820.000,1,0,0,0,0,2140.000,10,2160.000,1,0,0,0,0,0,0,0,0,
100544433000,0,0,1880.000,5,1870.000,5,1820.000,1,0,0,0,0,2140.000,5,2160.000,1,0,0,0,0,0,0,0,0,
100544434000,0,0,1870.000,5,1820.000,1,0,0,0,0,0,0,2140.000,5,2160.000,1,0,0,0,0,0,0,0,0,
100544539000,0,0,1880.000,5,1870.000,5,1820.000,1,0,0,0,0,2140.000,5,2160.000,1,0,0,0,0,0,0,0,0,
100544539000,0,0,1880.000,5,1870.000,5,1820.000,1,0,0,0,0,2140.000,10,2160.000,1,0,0,0,0,0,0,0,0,
100544541000,0,0,1880.000,5,1870.000,5,1820.000,1,0,0,0,0,2140.000,5,2160.000,1,0,0,0,0,0,0,0,0,
100544544000,0,0,1880.000,5,1870.000,5,1820.000,1,0,0,0,0,2140.000,10,2160.000,1,0,0,0,0,0,0,0,0,
100544547000,0,0,1880.000,5,1870.000,5,1820.000,1,0,0,0,0,2140.000,5,2160.000,1,0,0,0,0,0,0,0,0,
100544557000,0,0,1880.000,5,1870.000,5,1820.000,1,0,0,0,0,2140.000,5,2160.000,6,0,0,0,0,0,0,0,0,
100544652000,0,0,1880.000,5,1870.000,5,1820.000,1,0,0,0,0,2160.000,6,0,0,0,0,0,0,0,0,0,0,
100549199000,0,0,1870.000,5,1820.000,1,0,0,0,0,0,0,2160.000,6,0,0,0,0,0,0,0,0,0,0,
100549199000,0,0,1870.000,5,1820.000,1,0,0,0,0,0,0,2160.000,1,0,0,0,0,0,0,0,0,0,0,
100549325000,0,0,1870.000,10,1820.000,1,0,0,0,0,0,0,2160.000,1,0,0,0,0,0,0,0,0,0,0,
100549325000,0,0,1870.000,10,1820.000,1,0,0,0,0,0,0,2160.000,6,0,0,0,0,0,0,0,0,0,0,
100554003000,0,0,1870.000,5,1820.000,1,0,0,0,0,0,0,2160.000,6,0,0,0,0,0,0,0,0,0,0,
100554013000,0,0,1880.000,5,1870.000,5,1820.000,1,0,0,0,0,2160.000,6,0,0,0,0,0,0,0,0,0,0,
100555485000,0,0,1870.000,5,1820.000,1,0,0,0,0,0,0,2160.000,6,0,0,0,0,0,0,0,0,0,0,
100555496000,0,0,1870.000,10,1820.000,1,0,0,0,0,0,0,2160.000,6,0,0,0,0,0,0,0,0,0,0,
100559652000,0,0,1870.000,5,1820.000,1,0,0,0,0,0,0,2160.000,6,0,0,0,0,0,0,0,0,0,0,
100559662000,0,0,1880.000,5,1870.000,5,1820.000,1,0,0,0,0,2160.000,6,0,0,0,0,0,0,0,0,0,0,
100614664000,0,0,1880.000,5,1870.000,5,1820.000,1,0,0,0,0,2150.000,5,2160.000,6,0,0,0,0,0,0,0,0,
100614738000,0,0,1880.000,5,1870.000,5,1820.000,1,0,0,0,0,2150.000,5,2160.000,1,0,0,0,0,0,0,0,0,
100614748000,0,0,1880.000,5,1870.000,5,1820.000,1,0,0,0,0,2150.000,10,2160.000,1,0,0,0,0,0,0,0,0,
100651883000,0,0,1880.000,5,1870.000,5,1820.000,1,0,0,0,0,2150.000,5,2160.000,1,0,0,0,0,0,0,0,0,
100651883000,0,0,1870.000,5,1820.000,1,0,0,0,0,0,0,2150.000,5,2160.000,1,0,0,0,0,0,0,0,0,
100652061000,0,0,1890.000,5,1870.000,5,1820.000,1,0,0,0,0,2150.000,5,2160.000,1,0,0,0,0,0,0,0,0,
100652061000,0,0,1890.000,5,1870.000,5,1820.000,1,0,0,0,0,2150.000,10,2160.000,1,0,0,0,0,0,0,0,0,
100652256000,0,0,1870.000,5,1820.000,1,0,0,0,0,0,0,2150.000,10,2160.000,1,0,0,0,0,0,0,0,0,
100652256000,0,0,1870.000,5,1820.000,1,0,0,0,0,0,0,2150.000,5,2160.000,1,0,0,0,0,0,0,0,0,
100652372000,0,0,1890.000,5,1870.000,5,1820.000,1,0,0,0,0,2150.000,5,2160.000,1,0,0,0,0,0,0,0,0,
100652372000,0,0,1890.000,5,1870.000,5,1820.000,1,0,0,0,0,2150.000,10,2160.000,1,0,0,0,0,0,0,0,0,
100652446000,0,0,1870.000,5,1820.000,1,0,0,0,0,0,0,2150.000,10,2160.000,1,0,0,0,0,0,0,0,0,
100652608000,0,0,1880.000,5,1870.000,5,1820.000,1,0,0,0,0,2150.000,10,2160.000,1,0,0,0,0,0,0,0,0,
100652677000,0,0,1870.000,5,1820.000,1,0,0,0,0,0,0,2150.000,10,2160.000,1,0,0,0,0,0,0,0,0,
100652679000,0,0,1870.000,5,1820.000,1,0,0,0,0,0,0,2150.000,5,2160.000,1,0,0,0,0,0,0,0,0,
100652800000,0,0,1890.000,5,1870.000,5,1820.000,1,0,0,0,0,2150.000,5,2160.000,1,0,0,0,0,0,0,0,0,
100652800000,0,0,1890.000,5,1870.000,5,1820.000,1,0,0,0,0,2150.000,10,2160.000,1,0,0,0,0,0,0,0,0,
100653298000,0,0,1870.000,5,1820.000,1,0,0,0,0,0,0,2150.000,10,2160.000,1,0,0,0,0,0,0,0,0,
100653303000,0,0,1880.000,5,1870.000,5,1820.000,1,0,0,0,0,2150.000,10,2160.000,1,0,0,0,0,0,0,0,0,
100702616000,0,0,1870.000,5,1820.000,1,0,0,0,0,0,0,2150.000,10,2160.000,1,0,0,0,0,0,0,0,0,
100702627000,0,0,1890.000,5,1870.000,5,1820.000,1,0,0,0,0,2150.000,10,2160.000,1,0,0,0,0,0,0,0,0,
100702741000,0,0,1870.000,5,1820.000,1,0,0,0,0,0,0,2150.000,10,2160.000,1,0,0,0,0,0,0,0,0,
100702752000,0,0,1880.000,5,1870.000,5,1820.000,1,0,0,0,0,2150.000,10,2160.000,1,0,0,0,0,0,0,0,0,
100702867000,0,0,1870.000,5,1820.000,1,0,0,0,0,0,0,2150.000,10,2160.000,1,0,0,0,0,0,0,0,0,
100702877000,0,0,1890.000,5,1870.000,5,1820.000,1,0,0,0,0,2150.000,10,2160.000,1,0,0,0,0,0,0,0,0,
100703116000,0,0,1870.000,5,1820.000,1,0,0,0,0,0,0,2150.000,10,2160.000,1,0,0,0,0,0,0,0,0,
100703126000,0,0,1880.000,5,1870.000,5,1820.000,1,0,0,0,0,2150.000,10,2160.000,1,0,0,0,0,0,0,0,0,
100703490000,0,0,1870.000,5,1820.000,1,0,0,0,0,0,0,2150.000,10,2160.000,1,0,0,0,0,0,0,0,0,
100703500000,0,0,1890.000,5,1870.000,5,1820.000,1,0,0,0,0,2150.000,10,2160.000,1,0,0,0,0,0,0,0,0,
100707994000,0,0,1870.000,5,1820.000,1,0,0,0,0,0,0,2150.000,10,2160.000,1,0,0,0,0,0,0,0,0,
100708004000,0,0,1880.000,5,1870.000,5,1820.000,1,0,0,0,0,2150.000,10,2160.000,1,0,0,0,0,0,0,0,0,
100708487000,0,0,1870.000,5,1820.000,1,0,0,0,0,0,0,2150.000,10,2160.000,1,0,0,0,0,0,0,0,0,
100708498000,0,0,1890.000,5,1870.000,5,1820.000,1,0,0,0,0,2150.000,10,2160.000,1,0,0,0,0,0,0,0,0,
100708738000,0,0,1870.000,5,1820.000,1,0,0,0,0,0,0,2150.000,10,2160.000,1,0,0,0,0,0,0,0,0,
100708748000,0,0,1880.000,5,1870.000,5,1820.000,1,0,0,0,0,2150.000,10,2160.000,1,0,0,0,0,0,0,0,0,
100709139000,0,0,1870.000,5,1820.000,1,0,0,0,0,0,0,2150.000,10,2160.000,1,0,0,0,0,0,0,0,0,
100709149000,0,0,1890.000,5,1870.000,5,1820.000,1,0,0,0,0,2150.000,10,2160.000,1,0,0,0,0,0,0,0,0,
100712126000,0,0,1870.000,5,1820.000,1,0,0,0,0,0,0,2150.000,10,2160.000,1,0,0,0,0,0,0,0,0,
100712135000,0,0,1880.000,5,1870.000,5,1820.000,1,0,0,0,0,2150.000,10,2160.000,1,0,0,0,0,0,0,0,0,
100742118000,0,0,1870.000,5,1820.000,1,0,0,0,0,0,0,2150.000,10,2160.000,1,0,0,0,0,0,0,0,0,
100742128000,0,0,1870.000,10,1820.000,1,0,0,0,0,0,0,2150.000,10,2160.000,1,0,0,0,0,0,0,0,0,
100743028000,0,0,1870.000,5,1820.000,1,0,0,0,0,0,0,2150.000,10,2160.000,1,0,0,0,0,0,0,0,0,
100743038000,0,0,1880.000,5,1870.000,5,1820.000,1,0,0,0,0,2150.000,10,2160.000,1,0,0,0,0,0,0,0,0,
100745878000,0,0,1870.000,5,1820.000,1,0,0,0,0,0,0,2150.000,10,2160.000,1,0,0,0,0,0,0,0,0,
100745888000,0,0,1870.000,10,1820.000,1,0,0,0,0,0,0,2150.000,10,2160.000,1,0,0,0,0,0,0,0,0,
100745992000,0,0,1870.000,5,1820.000,1,0,0,0,0,0,0,2150.000,10,2160.000,1,0,0,0,0,0,0,0,0,
100746003000,0,0,1880.000,5,1870.000,5,1820.000,1,0,0,0,0,2150.000,10,2160.000,1,0,0,0,0,0,0,0,0,
100746617000,0,0,1870.000,5,1820.000,1,0,0,0,0,0,0,2150.000,10,2160.000,1,0,0,0,0,0,0,0,0,
100746628000,0,0,1870.000,10,1820.000,1,0,0,0,0,0,0,2150.000,10,2160.000,1,0,0,0,0,0,0,0,0,
100746742000,0,0,1870.000,5,1820.000,1,0,0,0,0,0,0,2150.000,10,2160.000,1,0,0,0,0,0,0,0,0,
100746753000,0,0,1880.000,5,1870.000,5,1820.000,1,0,0,0,0,2150.000,10,2160.000,1,0,0,0,0,0,0,0,0,
100747461000,0,0,1870.000,5,1820.000,1,0,0,0,0,0,0,2150.000,10,2160.000,1,0,0,0,0,0,0,0,0,
100747582000,0,0,1870.000,10,1820.000,1,0,0,0,0,0,0,2150.000,10,2160.000,1,0,0,0,0,0,0,0,0,
100749219000,0,0,1870.000,5,1820.000,1,0,0,0,0,0,0,2150.000,10,2160.000,1,0,0,0,0,0,0,0,0,
100749229000,0,0,1880.000,5,1870.000,5,1820.000,1,0,0,0,0,2150.000,10,2160.000,1,0,0,0,0,0,0,0,0,
100749344000,0,0,1870.000,5,1820.000,1,0,0,0,0,0,0,2150.000,10,2160.000,1,0,0,0,0,0,0,0,0,
100749355000,0,0,1870.000,10,1820.000,1,0,0,0,0,0,0,2150.000,10,2160.000,1,0,0,0,0,0,0,0,0,
100749469000,0,0,1870.000,5,1820.000,1,0,0,0,0,0,0,2150.000,10,2160.000,1,0,0,0,0,0,0,0,0,
100749479000,0,0,1880.000,5,1870.000,5,1820.000,1,0,0,0,0,2150.000,10,2160.000,1,0,0,0,0,0,0,0,0,
100830911000,0,0,1870.000,5,1820.000,1,0,0,0,0,0,0,2150.000,10,2160.000,1,0,0,0,0,0,0,0,0,
100830921000,0,0,1870.000,10,1820.000,1,0,0,0,0,0,0,2150.000,10,2160.000,1,0,0,0,0,0,0,0,0,
100831036000,0,0,1870.000,5,1820.000,1,0,0,0,0,0,0,2150.000,10,2160.000,1,0,0,0,0,0,0,0,0,
100831046000,0,0,1880.000,5,1870.000,5,1820.000,1,0,0,0,0,2150.000,10,2160.000,1,0,0,0,0,0,0,0,0,
100831285000,0,0,1870.000,5,1820.000,1,0,0,0,0,0,0,2150.000,10,2160.000,1,0,0,0,0,0,0,0,0,
100831296000,0,0,1870.000,10,1820.000,1,0,0,0,0,0,0,2150.000,10,2160.000,1,0,0,0,0,0,0,0,0,
100831910000,0,0,1870.000,5,1820.000,1,0,0,0,0,0,0,2150.000,10,2160.000,1,0,0,0,0,0,0,0,0,
100831921000,0,0,1880.000,5,1870.000,5,1820.000,1,0,0,0,0,2150.000,10,2160.000,1,0,0,0,0,0,0,0,0,
100836914000,0,0,1870.000,5,1820.000,1,0,0,0,0,0,0,2150.000,10,2160.000,1,0,0,0,0,0,0,0,0,
100836924000,0,0,1870.000,10,1820.000,1,0,0,0,0,0,0,2150.000,10,2160.000,1,0,0,0,0,0,0,0,0,
100837787000,0,0,1870.000,5,1820.000,1,0,0,0,0,0,0,2150.000,10,2160.000,1,0,0,0,0,0,0,0,0,
100837797000,0,0,1880.000,5,1870.000,5,1820.000,1,0,0,0,0,2150.000,10,2160.000,1,0,0,0,0,0,0,0,0,
100838983000,0,0,1870.000,5,1820.000,1,0,0,0,0,0,0,2150.000,10,2160.000,1,0,0,0,0,0,0,0,0,
100838993000,0,0,1870.000,10,1820.000,1,0,0,0,0,0,0,2150.000,10,2160.000,1,0,0,0,0,0,0,0,0,
100839115000,0,0,1870.000,5,1820.000,1,0,0,0,0,0,0,2150.000,10,2160.000,1,0,0,0,0,0,0,0,0,
100839126000,0,0,1880.000,5,1870.000,5,1820.000,1,0,0,0,0,2150.000,10,2160.000,1,0,0,0,0,0,0,0,0,
100839972000,0,0,1870.000,5,1820.000,1,0,0,0,0,0,0,2150.000,10,2160.000,1,0,0,0,0,0,0,0,0,
100839983000,0,0,1870.000,10,1820.000,1,0,0,0,0,0,0,2150.000,10,2160.000,1,0,0,0,0,0,0,0,0,
100840222000,0,0,1870.000,5,1820.000,1,0,0,0,0,0,0,2150.000,10,2160.000,1,0,0,0,0,0,0,0,0,
100840233000,0,0,1880.000,5,1870.000,5,1820.000,1,0,0,0,0,2150.000,10,2160.000,1,0,0,0,0,0,0,0,0,
100840847000,0,0,1870.000,5,1820.000,1,0,0,0,0,0,0,2150.000,10,2160.000,1,0,0,0,0,0,0,0,0,
100840857000,0,0,1870.000,10,1820.000,1,0,0,0,0,0,0,2150.000,10,2160.000,1,0,0,0,0,0,0,0,0,
100841097000,0,0,1870.000,5,1820.000,1,0,0,0,0,0,0,2150.000,10,2160.000,1,0,0,0,0,0,0,0,0,
100841107000,0,0,1880.000,5,1870.000,5,1820.000,1,0,0,0,0,2150.000,10,2160.000,1,0,0,0,0,0,0,0,0,
100841341000,0,0,1870.000,5,1820.000,1,0,0,0,0,0,0,2150.000,10,2160.000,1,0,0,0,0,0,0,0,0,
100841352000,0,0,1870.000,10,1820.000,1,0,0,0,0,0,0,2150.000,10,2160.000,1,0,0,0,0,0,0,0,0,
100841466000,0,0,1870.000,5,1820.000,1,0,0,0,0,0,0,2150.000,10,2160.000,1,0,0,0,0,0,0,0,0,
100841477000,0,0,1880.000,5,1870.000,5,1820.000,1,0,0,0,0,2150.000,10,2160.000,1,0,0,0,0,0,0,0,0,
100841591000,0,0,1870.000,5,1820.000,1,0,0,0,0,0,0,2150.000,10,2160.000,1,0,0,0,0,0,0,0,0,
100841602000,0,0,1870.000,10,1820.000,1,0,0,0,0,0,0,2150.000,10,2160.000,1,0,0,0,0,0,0,0,0,
100841717000,0,0,1870.000,5,1820.000,1,0,0,0,0,0,0,2150.000,10,2160.000,1,0,0,0,0,0,0,0,0,
100841727000,0,0,1880.000,5,1870.000,5,1820.000,1,0,0,0,0,2150.000,10,2160.000,1,0,0,0,0,0,0,0,0,
100845888000,0,0,1870.000,5,1820.000,1,0,0,0,0,0,0,2150.000,10,2160.000,1,0,0,0,0,0,0,0,0,
100845899000,0,0,1870.000,10,1820.000,1,0,0,0,0,0,0,2150.000,10,2160.000,1,0,0,0,0,0,0,0,0,
100846504000,0,0,1870.000,5,1820.000,1,0,0,0,0,0,0,2150.000,10,2160.000,1,0,0,0,0,0,0,0,0,
100846515000,0,0,1880.000,5,1870.000,5,1820.000,1,0,0,0,0,2150.000,10,2160.000,1,0,0,0,0,0,0,0,0,
100847160000,0,0,1870.000,5,1820.000,1,0,0,0,0,0,0,2150.000,10,2160.000,1,0,0,0,0,0,0,0,0,
100847170000,0,0,1870.000,10,1820.000,1,0,0,0,0,0,0,2150.000,10,2160.000,1,0,0,0,0,0,0,0,0,
102432595000,0,0,1870.000,10,1820.000,1,0,0,0,0,0,0,2150.000,5,2160.000,1,0,0,0,0,0,0,0,0,
102432605000,0,0,1870.000,10,1820.000,1,0,0,0,0,0,0,2140.000,5,2150.000,5,2160.000,1,0,0,0,0,0,0,
102433127000,0,0,1870.000,10,1820.000,1,0,0,0,0,0,0,2150.000,5,2160.000,1,0,0,0,0,0,0,0,0,
102433138000,0,0,1870.000,10,1820.000,1,0,0,0,0,0,0,2150.000,10,2160.000,1,0,0,0,0,0,0,0,0,
102958341000,0,0,1870.000,5,1820.000,1,0,0,0,0,0,0,2150.000,10,2160.000,1,0,0,0,0,0,0,0,0,
102958352000,0,0,1880.000,5,1870.000,5,1820.000,1,0,0,0,0,2150.000,10,2160.000,1,0,0,0,0,0,0,0,0,
103000008000,0,0,1880.000,5,1870.000,5,1820.000,1,0,0,0,0,2150.000,5,2160.000,1,0,0,0,0,0,0,0,0,
103000009000,0,0,1870.000,5,1820.000,1,0,0,0,0,0,0,2150.000,5,2160.000,1,0,0,0,0,0,0,0,0,
103000051000,0,0,1870.000,10,1820.000,1,0,0,0,0,0,0,2150.000,5,2160.000,1,0,0,0,0,0,0,0,0,
103000051000,0,0,1870.000,10,1820.000,1,0,0,0,0,0,0,2150.000,10,2160.000,1,0,0,0,0,0,0,0,0,
103002825000,0,0,1870.000,5,1820.000,1,0,0,0,0,0,0,2150.000,10,2160.000,1,0,0,0,0,0,0,0,0,
103002836000,0,0,1880.000,5,1870.000,5,1820.000,1,0,0,0,0,2150.000,10,2160.000,1,0,0,0,0,0,0,0,0,
103003141000,0,0,1870.000,5,1820.000,1,0,0,0,0,0,0,2150.000,10,2160.000,1,0,0,0,0,0,0,0,0,
103003152000,0,0,1870.000,10,1820.000,1,0,0,0,0,0,0,2150.000,10,2160.000,1,0,0,0,0,0,0,0,0,
103025264000,0,0,1870.000,5,1820.000,1,0,0,0,0,0,0,2150.000,10,2160.000,1,0,0,0,0,0,0,0,0,
103025275000,0,0,1880.000,5,1870.000,5,1820.000,1,0,0,0,0,2150.000,10,2160.000,1,0,0,0,0,0,0,0,0,
103109256000,0,0,1870.000,5,1820.000,1,0,0,0,0,0,0,2150.000,10,2160.000,1,0,0,0,0,0,0,0,0,
103109261000,0,0,1890.000,5,1870.000,5,1820.000,1,0,0,0,0,2150.000,10,2160.000,1,0,0,0,0,0,0,0,0,
103123657000,0,0,1890.000,5,1820.000,1,0,0,0,0,0,0,2150.000,10,2160.000,1,0,0,0,0,0,0,0,0,
103123658000,0,0,1920.000,5,1890.000,5,1820.000,1,0,0,0,0,2150.000,10,2160.000,1,0,0,0,0,0,0,0,0,
103123715000,0,0,1920.000,5,1820.000,1,0,0,0,0,0,0,2150.000,10,2160.000,1,0,0,0,0,0,0,0,0,
103123726000,0,0,1920.000,10,1820.000,1,0,0,0,0,0,0,2150.000,10,2160.000,1,0,0,0,0,0,0,0,0,
103533991000,0,0,1920.000,10,1820.000,1,0,0,0,0,0,0,2150.000,5,2160.000,1,0,0,0,0,0,0,0,0,
103534367000,0,0,1920.000,10,1820.000,1,0,0,0,0,0,0,2150.000,5,2160.000,6,0,0,0,0,0,0,0,0,
103534491000,0,0,1920.000,10,1820.000,1,0,0,0,0,0,0,2150.000,5,2160.000,1,0,0,0,0,0,0,0,0,
103534502000,0,0,1920.000,10,1820.000,1,0,0,0,0,0,0,2150.000,10,2160.000,1,0,0,0,0,0,0,0,0,
103616439000,0,0,1920.000,10,1820.000,1,0,0,0,0,0,0,2150.000,5,2160.000,1,0,0,0,0,0,0,0,0,
103616439000,0,0,1920.000,5,1820.000,1,0,0,0,0,0,0,2150.000,5,2160.000,1,0,0,0,0,0,0,0,0,
103616508000,0,0,1920.000,10,1820.000,1,0,0,0,0,0,0,2150.000,5,2160.000,1,0,0,0,0,0,0,0,0,
103616508000,0,0,1920.000,10,1820.000,1,0,0,0,0,0,0,2150.000,10,2160.000,1,0,0,0,0,0,0,0,0,
103740884000,0,0,1920.000,10,1820.000,1,0,0,0,0,0,0,2150.000,10,2160.000,1,2240.000,1,0,0,0,0,0,0,
103740884000,0,0,1920.000,10,1820.000,1,0,0,0,0,0,0,2150.000,10,2240.000,1,0,0,0,0,0,0,0,0,
103740884000,0,0,1920.000,10,0,0,0,0,0,0,0,0,2150.000,10,2240.000,1,0,0,0,0,0,0,0,0,
103740884000,0,0,1920.000,10,1900.000,1,0,0,0,0,0,0,2150.000,10,2240.000,1,0,0,0,0,0,0,0,0,
103938656000,0,0,1920.000,5,1900.000,1,0,0,0,0,0,0,2150.000,10,2240.000,1,0,0,0,0,0,0,0,0,
103938667000,0,0,1930.000,5,1920.000,5,1900.000,1,0,0,0,0,2150.000,10,2240.000,1,0,0,0,0,0,0,0,0,
103940346000,0,0,1920.000,5,1900.000,1,0,0,0,0,0,0,2150.000,10,2240.000,1,0,0,0,0,0,0,0,0,
103940356000,0,0,1920.000,10,1900.000,1,0,0,0,0,0,0,2150.000,10,2240.000,1,0,0,0,0,0,0,0,0,
104000249000,0,0,1920.000,5,1900.000,1,0,0,0,0,0,0,2150.000,10,2240.000,1,0,0,0,0,0,0,0,0,
104000258000,0,0,1930.000,5,1920.000,5,1900.000,1,0,0,0,0,2150.000,10,2240.000,1,0,0,0,0,0,0,0,0,
104000550000,0,0,1920.000,5,1900.000,1,0,0,0,0,0,0,2150.000,10,2240.000,1,0,0,0,0,0,0,0,0,
104000674000,0,0,1930.000,5,1920.000,5,1900.000,1,0,0,0,0,2150.000,10,2240.000,1,0,0,0,0,0,0,0,0,
104000749000,0,0,1920.000,5,1900.000,1,0,0,0,0,0,0,2150.000,10,2240.000,1,0,0,0,0,0,0,0,0,
104000757000,0,0,1920.000,10,1900.000,1,0,0,0,0,0,0,2150.000,10,2240.000,1,0,0,0,0,0,0,0,0,
104000860000,0,0,1920.000,5,1900.000,1,0,0,0,0,0,0,2150.000,10,2240.000,1,0,0,0,0,0,0,0,0,
104000872000,0,0,1930.000,5,1920.000,5,1900.000,1,0,0,0,0,2150.000,10,2240.000,1,0,0,0,0,0,0,0,0,
104001418000,0,0,1920.000,5,1900.000,1,0,0,0,0,0,0,2150.000,10,2240.000,1,0,0,0,0,0,0,0,0,
104001428000,0,0,1920.000,10,1900.000,1,0,0,0,0,0,0,2150.000,10,2240.000,1,0,0,0,0,0,0,0,0,
104002180000,0,0,1920.000,5,1900.000,1,0,0,0,0,0,0,2150.000,10,2240.000,1,0,0,0,0,0,0,0,0,
104002190000,0,0,1930.000,5,1920.000,5,1900.000,1,0,0,0,0,2150.000,10,2240.000,1,0,0,0,0,0,0,0,0,
104002496000,0,0,1920.000,5,1900.000,1,0,0,0,0,0,0,2150.000,10,2240.000,1,0,0,0,0,0,0,0,0,
104002505000,0,0,1920.000,10,1900.000,1,0,0,0,0,0,0,2150.000,10,2240.000,1,0,0,0,0,0,0,0,0,
104003602000,0,0,1920.000,5,1900.000,1,0,0,0,0,0,0,2150.000,10,2240.000,1,0,0,0,0,0,0,0,0,
104003612000,0,0,1930.000,5,1920.000,5,1900.000,1,0,0,0,0,2150.000,10,2240.000,1,0,0,0,0,0,0,0,0,
104005681000,0,0,1920.000,5,1900.000,1,0,0,0,0,0,0,2150.000,10,2240.000,1,0,0,0,0,0,0,0,0,
104005689000,0,0,1920.000,10,1900.000,1,0,0,0,0,0,0,2150.000,10,2240.000,1,0,0,0,0,0,0,0,0,
104024483000,0,0,1920.000,5,1900.000,1,0,0,0,0,0,0,2150.000,10,2240.000,1,0,0,0,0,0,0,0,0,
104024493000,0,0,1930.000,5,1920.000,5,1900.000,1,0,0,0,0,2150.000,10,2240.000,1,0,0,0,0,0,0,0,0,
104025605000,0,0,1920.000,5,1900.000,1,0,0,0,0,0,0,2150.000,10,2240.000,1,0,0,0,0,0,0,0,0,
104025615000,0,0,1920.000,10,1900.000,1,0,0,0,0,0,0,2150.000,10,2240.000,1,0,0,0,0,0,0,0,0,
104032236000,0,0,1920.000,5,1900.000,1,0,0,0,0,0,0,2150.000,10,2240.000,1,0,0,0,0,0,0,0,0,
104032246000,0,0,1930.000,5,1920.000,5,1900.000,1,0,0,0,0,2150.000,10,2240.000,1,0,0,0,0,0,0,0,0,
104032607000,0,0,1920.000,5,1900.000,1,0,0,0,0,0,0,2150.000,10,2240.000,1,0,0,0,0,0,0,0,0,
104032618000,0,0,1920.000,10,1900.000,1,0,0,0,0,0,0,2150.000,10,2240.000,1,0,0,0,0,0,0,0,0,
104037301000,0,0,1920.000,5,1900.000,1,0,0,0,0,0,0,2150.000,10,2240.000,1,0,0,0,0,0,0,0,0,
104037306000,0,0,1930.000,5,1920.000,5,1900.000,1,0,0,0,0,2150.000,10,2240.000,1,0,0,0,0,0,0,0,0,
104045001000,0,0,1920.000,5,1900.000,1,0,0,0,0,0,0,2150.000,10,2240.000,1,0,0,0,0,0,0,0,0,
104045011000,0,0,1920.000,10,1900.000,1,0,0,0,0,0,0,2150.000,10,2240.000,1,0,0,0,0,0,0,0,0,
104046685000,0,0,1920.000,5,1900.000,1,0,0,0,0,0,0,2150.000,10,2240.000,1,0,0,0,0,0,0,0,0,
104046696000,0,0,1930.000,5,1920.000,5,1900.000,1,0,0,0,0,2150.000,10,2240.000,1,0,0,0,0,0,0,0,0,
104104545000,0,0,1920.000,5,1900.000,1,0,0,0,0,0,0,2150.000,10,2240.000,1,0,0,0,0,0,0,0,0,
104104555000,0,0,1920.000,10,1900.000,1,0,0,0,0,0,0,2150.000,10,2240.000,1,0,0,0,0,0,0,0,0,
104107123000,0,0,1920.000,5,1900.000,1,0,0,0,0,0,0,2150.000,10,2240.000,1,0,0,0,0,0,0,0,0,
104107131000,0,0,1930.000,5,1920.000,5,1900.000,1,0,0,0,0,2150.000,10,2240.000,1,0,0,0,0,0,0,0,0,
104109483000,0,0,1920.000,5,1900.000,1,0,0,0,0,0,0,2150.000,10,2240.000,1,0,0,0,0,0,0,0,0,
104109494000,0,0,1920.000,10,1900.000,1,0,0,0,0,0,0,2150.000,10,2240.000,1,0,0,0,0,0,0,0,0,
104109608000,0,0,1920.000,5,1900.000,1,0,0,0,0,0,0,2150.000,10,2240.000,1,0,0,0,0,0,0,0,0,
104109618000,0,0,1930.000,5,1920.000,5,1900.000,1,0,0,0,0,2150.000,10,2240.000,1,0,0,0,0,0,0,0,0,
104110673000,0,0,1920.000,5,1900.000,1,0,0,0,0,0,0,2150.000,10,2240.000,1,0,0,0,0,0,0,0,0,
104110678000,0,0,1920.000,10,1900.000,1,0,0,0,0,0,0,2150.000,10,2240.000,1,0,0,0,0,0,0,0,0,
104415969000,0,0,1920.000,5,1900.000,1,0,0,0,0,0,0,2150.000,10,2240.000,1,0,0,0,0,0,0,0,0,
104415979000,0,0,1930.000,5,1920.000,5,1900.000,1,0,0,0,0,2150.000,10,2240.000,1,0,0,0,0,0,0,0,0,
104416969000,0,0,1920.000,5,1900.000,1,0,0,0,0,0,0,2150.000,10,2240.000,1,0,0,0,0,0,0,0,0,
104416979000,0,0,1920.000,10,1900.000,1,0,0,0,0,0,0,2150.000,10,2240.000,1,0,0,0,0,0,0,0,0,
104417094000,0,0,1920.000,5,1900.000,1,0,0,0,0,0,0,2150.000,10,2240.000,1,0,0,0,0,0,0,0,0,
104417104000,0,0,1930.000,5,1920.000,5,1900.000,1,0,0,0,0,2150.000,10,2240.000,1,0,0,0,0,0,0,0,0,
104418130000,0,0,1920.000,5,1900.000,1,0,0,0,0,0,0,2150.000,10,2240.000,1,0,0,0,0,0,0,0,0,
104418140000,0,0,1920.000,10,1900.000,1,0,0,0,0,0,0,2150.000,10,2240.000,1,0,0,0,0,0,0,0,0,
104420835000,0,0,1920.000,5,1900.000,1,0,0,0,0,0,0,2150.000,10,2240.000,1,0,0,0,0,0,0,0,0,
104420844000,0,0,1930.000,5,1920.000,5,1900.000,1,0,0,0,0,2150.000,10,2240.000,1,0,0,0,0,0,0,0,0,
104423601000,0,0,1920.000,5,1900.000,1,0,0,0,0,0,0,2150.000,10,2240.000,1,0,0,0,0,0,0,0,0,
104423612000,0,0,1920.000,10,1900.000,1,0,0,0,0,0,0,2150.000,10,2240.000,1,0,0,0,0,0,0,0,0,
104424173000,0,0,1920.000,5,1900.000,1,0,0,0,0,0,0,2150.000,10,2240.000,1,0,0,0,0,0,0,0,0,
104424183000,0,0,1930.000,5,1920.000,5,1900.000,1,0,0,0,0,2150.000,10,2240.000,1,0,0,0,0,0,0,0,0,
104425296000,0,0,1920.000,5,1900.000,1,0,0,0,0,0,0,2150.000,10,2240.000,1,0,0,0,0,0,0,0,0,
104425306000,0,0,1920.000,10,1900.000,1,0,0,0,0,0,0,2150.000,10,2240.000,1,0,0,0,0,0,0,0,0,
104427129000,0,0,1920.000,5,1900.000,1,0,0,0,0,0,0,2150.000,10,2240.000,1,0,0,0,0,0,0,0,0,
104427139000,0,0,1930.000,5,1920.000,5,1900.000,1,0,0,0,0,2150.000,10,2240.000,1,0,0,0,0,0,0,0,0,
104442663000,0,0,1930.000,5,1920.000,5,1900.000,1,0,0,0,0,2150.000,5,2240.000,1,0,0,0,0,0,0,0,0,
104442672000,0,0,1930.000,5,1920.000,5,1900.000,1,0,0,0,0,2150.000,5,2160.000,5,2240.000,1,0,0,0,0,0,0,
104442911000,0,0,1930.000,5,1920.000,5,1900.000,1,0,0,0,0,2150.000,5,2240.000,1,0,0,0,0,0,0,0,0,
104442914000,0,0,1930.000,5,1920.000,5,1900.000,1,0,0,0,0,2240.000,1,0,0,0,0,0,0,0,0,0,0,
104442922000,0,0,1930.000,5,1920.000,5,1900.000,1,0,0,0,0,2150.000,5,2240.000,1,0,0,0,0,0,0,0,0,
104443035000,0,0,1930.000,5,1920.000,5,1900.000,1,0,0,0,0,2240.000,1,0,0,0,0,0,0,0,0,0,0,
104443046000,0,0,1930.000,5,1920.000,5,1900.000,1,0,0,0,0,2240.000,6,0,0,0,0,0,0,0,0,0,0,
104443110000,0,0,1930.000,5,1920.000,5,1900.000,1,0,0,0,0,2230.000,5,2240.000,6,0,0,0,0,0,0,0,0,
104443161000,0,0,1930.000,5,1920.000,5,1900.000,1,0,0,0,0,2230.000,5,2240.000,1,0,0,0,0,0,0,0,0,
104443174000,0,0,1930.000,5,1920.000,5,1900.000,1,0,0,0,0,2230.000,10,2240.000,1,0,0,0,0,0,0,0,0,
104521570000,0,0,1920.000,5,1900.000,1,0,0,0,0,0,0,2230.000,10,2240.000,1,0,0,0,0,0,0,0,0,
104521576000,0,0,1940.000,5,1920.000,5,1900.000,1,0,0,0,0,2230.000,10,2240.000,1,0,0,0,0,0,0,0,0,
104521969000,0,0,1920.000,5,1900.000,1,0,0,0,0,0,0,2230.000,10,2240.000,1,0,0,0,0,0,0,0,0,
104521981000,0,0,1930.000,5,1920.000,5,1900.000,1,0,0,0,0,2230.000,10,2240.000,1,0,0,0,0,0,0,0,0,
104523454000,0,0,1920.000,5,1900.000,1,0,0,0,0,0,0,2230.000,10,2240.000,1,0,0,0,0,0,0,0,0,
104523463000,0,0,1940.000,5,1920.000,5,1900.000,1,0,0,0,0,2230.000,10,2240.000,1,0,0,0,0,0,0,0,0,
104530169000,0,0,1940.000,5,1900.000,1,0,0,0,0,0,0,2230.000,10,2240.000,1,0,0,0,0,0,0,0,0,
104530169000,0,0,1970.000,5,1940.000,5,1900.000,1,0,0,0,0,2230.000,10,2240.000,1,0,0,0,0,0,0,0,0,
104530272000,0,0,1970.000,5,1900.000,1,0,0,0,0,0,0,2230.000,10,2240.000,1,0,0,0,0,0,0,0,0,
104530282000,0,0,1970.000,10,1900.000,1,0,0,0,0,0,0,2230.000,10,2240.000,1,0,0,0,0,0,0,0,0,
104841966000,0,0,1970.000,10,0,0,0,0,0,0,0,0,2230.000,10,2240.000,1,0,0,0,0,0,0,0,0,
104841996000,0,0,1970.000,10,0,0,0,0,0,0,0,0,2230.000,10,0,0,0,0,0,0,0,0,0,0,
105432058000,0,0,1970.000,10,1940.000,1,0,0,0,0,0,0,2230.000,10,0,0,0,0,0,0,0,0,0,0,
105432058000,0,0,1970.000,10,1940.000,1,0,0,0,0,0,0,2230.000,10,2280.000,1,0,0,0,0,0,0,0,0,
110000786000,0,0,1970.000,10,1940.000,1,0,0,0,0,0,0,2230.000,5,2280.000,1,0,0,0,0,0,0,0,0,
110001030000,0,0,1970.000,10,1940.000,1,0,0,0,0,0,0,2230.000,5,2240.000,5,2280.000,1,0,0,0,0,0,0,
110001145000,0,0,1970.000,10,1940.000,1,0,0,0,0,0,0,2230.000,5,2280.000,1,0,0,0,0,0,0,0,0,
110001156000,0,0,1970.000,10,1940.000,1,0,0,0,0,0,0,2230.000,10,2280.000,1,0,0,0,0,0,0,0,0,
110037397000,0,0,1970.000,5,1940.000,1,0,0,0,0,0,0,2230.000,10,2280.000,1,0,0,0,0,0,0,0,0,
110037397000,0,0,1970.000,5,1940.000,1,0,0,0,0,0,0,2230.000,5,2280.000,1,0,0,0,0,0,0,0,0,
110050366000,0,0,1970.000,5,1940.000,1,0,0,0,0,0,0,2280.000,1,0,0,0,0,0,0,0,0,0,0,
110050367000,0,0,1970.000,5,1940.000,1,0,0,0,0,0,0,2270.000,5,2280.000,1,0,0,0,0,0,0,0,0,
113017292000,0,0,1940.000,1,0,0,0,0,0,0,0,0,2270.000,5,2280.000,1,0,0,0,0,0,0,0,0,
113047304000,0,0,1950.000,5,1940.000,1,0,0,0,0,0,0,2270.000,5,2280.000,1,0,0,0,0,0,0,0,0,
113156492000,0,0,1950.000,10,1940.000,1,0,0,0,0,0,0,2270.000,5,2280.000,1,0,0,0,0,0,0,0,0,
113156492000,0,0,1950.000,10,1940.000,1,0,0,0,0,0,0,2230.000,5,2270.000,5,2280.000,1,0,0,0,0,0,0,
113156639000,0,0,1950.000,10,1940.000,1,0,0,0,0,0,0,2230.000,5,2280.000,1,0,0,0,0,0,0,0,0,
113156639000,0,0,1950.000,10,1940.000,1,0,0,0,0,0,0,2210.000,5,2230.000,5,2280.000,1,0,0,0,0,0,0,
113156680000,0,0,1950.000,10,1940.000,1,0,0,0,0,0,0,2210.000,5,2280.000,1,0,0,0,0,0,0,0,0,
113156691000,0,0,1950.000,10,1940.000,1,0,0,0,0,0,0,2210.000,10,2280.000,1,0,0,0,0,0,0,0,0,
120147235000,0,0,1950.000,5,1940.000,1,0,0,0,0,0,0,2210.000,10,2280.000,1,0,0,0,0,0,0,0,0,
120147245000,0,0,1960.000,5,1950.000,5,1940.000,1,0,0,0,0,2210.000,10,2280.000,1,0,0,0,0,0,0,0,0,
120147359000,0,0,1950.000,5,1940.000,1,0,0,0,0,0,0,2210.000,10,2280.000,1,0,0,0,0,0,0,0,0,
120147370000,0,0,1950.000,10,1940.000,1,0,0,0,0,0,0,2210.000,10,2280.000,1,0,0,0,0,0,0,0,0,
120154003000,0,0,1950.000,5,1940.000,1,0,0,0,0,0,0,2210.000,10,2280.000,1,0,0,0,0,0,0,0,0,
120154014000,0,0,1960.000,5,1950.000,5,1940.000,1,0,0,0,0,2210.000,10,2280.000,1,0,0,0,0,0,0,0,0,
120154915000,0,0,1950.000,5,1940.000,1,0,0,0,0,0,0,2210.000,10,2280.000,1,0,0,0,0,0,0,0,0,
120154925000,0,0,1950.000,10,1940.000,1,0,0,0,0,0,0,2210.000,10,2280.000,1,0,0,0,0,0,0,0,0,
120159939000,0,0,1950.000,5,1940.000,1,0,0,0,0,0,0,2210.000,10,2280.000,1,0,0,0,0,0,0,0,0,
120159948000,0,0,1960.000,5,1950.000,5,1940.000,1,0,0,0,0,2210.000,10,2280.000,1,0,0,0,0,0,0,0,0,
120202250000,0,0,1950.000,5,1940.000,1,0,0,0,0,0,0,2210.000,10,2280.000,1,0,0,0,0,0,0,0,0,
120202260000,0,0,1950.000,10,1940.000,1,0,0,0,0,0,0,2210.000,10,2280.000,1,0,0,0,0,0,0,0,0,
120202999000,0,0,1950.000,5,1940.000,1,0,0,0,0,0,0,2210.000,10,2280.000,1,0,0,0,0,0,0,0,0,
120203126000,0,0,1960.000,5,1950.000,5,1940.000,1,0,0,0,0,2210.000,10,2280.000,1,0,0,0,0,0,0,0,0,
120313706000,0,0,1950.000,5,1940.000,1,0,0,0,0,0,0,2210.000,10,2280.000,1,0,0,0,0,0,0,0,0,
120313717000,0,0,1950.000,10,1940.000,1,0,0,0,0,0,0,2210.000,10,2280.000,1,0,0,0,0,0,0,0,0,
120315969000,0,0,1950.000,10,1940.000,1,0,0,0,0,0,0,2210.000,5,2280.000,1,0,0,0,0,0,0,0,0,
120315969000,0,0,1950.000,5,1940.000,1,0,0,0,0,0,0,2210.000,5,2280.000,1,0,0,0,0,0,0,0,0,
120316101000,0,0,1960.000,5,1950.000,5,1940.000,1,0,0,0,0,2210.000,5,2280.000,1,0,0,0,0,0,0,0,0,
120316101000,0,0,1960.000,5,1950.000,5,1940.000,1,0,0,0,0,2210.000,10,2280.000,1,0,0,0,0,0,0,0,0,
120317618000,0,0,1950.000,5,1940.000,1,0,0,0,0,0,0,2210.000,10,2280.000,1,0,0,0,0,0,0,0,0,
120317618000,0,0,1950.000,5,1940.000,1,0,0,0,0,0,0,2210.000,5,2280.000,1,0,0,0,0,0,0,0,0,
120317776000,0,0,1950.000,5,1940.000,1,0,0,0,0,0,0,2280.000,1,0,0,0,0,0,0,0,0,0,0,
120317801000,0,0,1950.000,10,1940.000,1,0,0,0,0,0,0,2280.000,1,0,0,0,0,0,0,0,0,0,0,
120317801000,0,0,1950.000,10,1940.000,1,0,0,0,0,0,0,2270.000,5,2280.000,1,0,0,0,0,0,0,0,0,
120318611000,0,0,1950.000,10,1940.000,1,0,0,0,0,0,0,2250.000,5,2270.000,5,2280.000,1,0,0,0,0,0,0,
120318616000,0,0,1950.000,10,1940.000,1,0,0,0,0,0,0,2250.000,5,2280.000,1,0,0,0,0,0,0,0,0,
120318626000,0,0,1950.000,10,1940.000,1,0,0,0,0,0,0,2250.000,10,2280.000,1,0,0,0,0,0,0,0,0,
120322991000,0,0,1950.000,5,1940.000,1,0,0,0,0,0,0,2250.000,10,2280.000,1,0,0,0,0,0,0,0,0,
120322999000,0,0,1960.000,5,1950.000,5,1940.000,1,0,0,0,0,2250.000,10,2280.000,1,0,0,0,0,0,0,0,0,
120324979000,0,0,1950.000,5,1940.000,1,0,0,0,0,0,0,2250.000,10,2280.000,1,0,0,0,0,0,0,0,0,
120324989000,0,0,1950.000,10,1940.000,1,0,0,0,0,0,0,2250.000,10,2280.000,1,0,0,0,0,0,0,0,0,
120325845000,0,0,1950.000,5,1940.000,1,0,0,0,0,0,0,2250.000,10,2280.000,1,0,0,0,0,0,0,0,0,
120325854000,0,0,1960.000,5,1950.000,5,1940.000,1,0,0,0,0,2250.000,10,2280.000,1,0,0,0,0,0,0,0,0,
120327619000,0,0,1950.000,5,1940.000,1,0,0,0,0,0,0,2250.000,10,2280.000,1,0,0,0,0,0,0,0,0,
120327629000,0,0,1950.000,10,1940.000,1,0,0,0,0,0,0,2250.000,10,2280.000,1,0,0,0,0,0,0,0,0,
120330984000,0,0,1950.000,5,1940.000,1,0,0,0,0,0,0,2250.000,10,2280.000,1,0,0,0,0,0,0,0,0,
120330993000,0,0,1960.000,5,1950.000,5,1940.000,1,0,0,0,0,2250.000,10,2280.000,1,0,0,0,0,0,0,0,0,
120332234000,0,0,1950.000,5,1940.000,1,0,0,0,0,0,0,2250.000,10,2280.000,1,0,0,0,0,0,0,0,0,
120332243000,0,0,1950.000,10,1940.000,1,0,0,0,0,0,0,2250.000,10,2280.000,1,0,0,0,0,0,0,0,0,
120346119000,0,0,1950.000,5,1940.000,1,0,0,0,0,0,0,2250.000,10,2280.000,1,0,0,0,0,0,0,0,0,
120346128000,0,0,1960.000,5,1950.000,5,1940.000,1,0,0,0,0,2250.000,10,2280.000,1,0,0,0,0,0,0,0,0,
120359724000,0,0,1950.000,5,1940.000,1,0,0,0,0,0,0,2250.000,10,2280.000,1,0,0,0,0,0,0,0,0,
120359733000,0,0,1950.000,10,1940.000,1,0,0,0,0,0,0,2250.000,10,2280.000,1,0,0,0,0,0,0,0,0,
120400301000,0,0,1950.000,5,1940.000,1,0,0,0,0,0,0,2250.000,10,2280.000,1,0,0,0,0,0,0,0,0,
120400311000,0,0,1960.000,5,1950.000,5,1940.000,1,0,0,0,0,2250.000,10,2280.000,1,0,0,0,0,0,0,0,0,
120400801000,0,0,1950.000,5,1940.000,1,0,0,0,0,0,0,2250.000,10,2280.000,1,0,0,0,0,0,0,0,0,
120400811000,0,0,1950.000,10,1940.000,1,0,0,0,0,0,0,2250.000,10,2280.000,1,0,0,0,0,0,0,0,0,
120401176000,0,0,1950.000,5,1940.000,1,0,0,0,0,0,0,2250.000,10,2280.000,1,0,0,0,0,0,0,0,0,
120401186000,0,0,1960.000,5,1950.000,5,1940.000,1,0,0,0,0,2250.000,10,2280.000,1,0,0,0,0,0,0,0,0,
120423543000,0,0,1950.000,5,1940.000,1,0,0,0,0,0,0,2250.000,10,2280.000,1,0,0,0,0,0,0,0,0,
120423552000,0,0,1950.000,10,1940.000,1,0,0,0,0,0,0,2250.000,10,2280.000,1,0,0,0,0,0,0,0,0,
120424242000,0,0,1950.000,5,1940.000,1,0,0,0,0,0,0,2250.000,10,2280.000,1,0,0,0,0,0,0,0,0,
120424252000,0,0,1960.000,5,1950.000,5,1940.000,1,0,0,0,0,2250.000,10,2280.000,1,0,0,0,0,0,0,0,0,
120424742000,0,0,1950.000,5,1940.000,1,0,0,0,0,0,0,2250.000,10,2280.000,1,0,0,0,0,0,0,0,0,
120424753000,0,0,1950.000,10,1940.000,1,0,0,0,0,0,0,2250.000,10,2280.000,1,0,0,0,0,0,0,0,0,
120425361000,0,0,1950.000,5,1940.000,1,0,0,0,0,0,0,2250.000,10,2280.000,1,0,0,0,0,0,0,0,0,
120425371000,0,0,1960.000,5,1950.000,5,1940.000,1,0,0,0,0,2250.000,10,2280.000,1,0,0,0,0,0,0,0,0,
120425486000,0,0,1950.000,5,1940.000,1,0,0,0,0,0,0,2250.000,10,2280.000,1,0,0,0,0,0,0,0,0,
120425497000,0,0,1950.000,10,1940.000,1,0,0,0,0,0,0,2250.000,10,2280.000,1,0,0,0,0,0,0,0,0,
120432227000,0,0,1950.000,5,1940.000,1,0,0,0,0,0,0,2250.000,10,2280.000,1,0,0,0,0,0,0,0,0,
120432237000,0,0,1960.000,5,1950.000,5,1940.000,1,0,0,0,0,2250.000,10,2280.000,1,0,0,0,0,0,0,0,0,
120432727000,0,0,1950.000,5,1940.000,1,0,0,0,0,0,0,2250.000,10,2280.000,1,0,0,0,0,0,0,0,0,
120432737000,0,0,1950.000,10,1940.000,1,0,0,0,0,0,0,2250.000,10,2280.000,1,0,0,0,0,0,0,0,0,
120530287000,0,0,1950.000,5,1940.000,1,0,0,0,0,0,0,2250.000,10,2280.000,1,0,0,0,0,0,0,0,0,
120530297000,0,0,1960.000,5,1950.000,5,1940.000,1,0,0,0,0,2250.000,10,2280.000,1,0,0,0,0,0,0,0,0,
120530786000,0,0,1950.000,5,1940.000,1,0,0,0,0,0,0,2250.000,10,2280.000,1,0,0,0,0,0,0,0,0,
120530797000,0,0,1950.000,10,1940.000,1,0,0,0,0,0,0,2250.000,10,2280.000,1,0,0,0,0,0,0,0,0,
120541092000,0,0,1950.000,5,1940.000,1,0,0,0,0,0,0,2250.000,10,2280.000,1,0,0,0,0,0,0,0,0,
120541101000,0,0,1960.000,5,1950.000,5,1940.000,1,0,0,0,0,2250.000,10,2280.000,1,0,0,0,0,0,0,0,0,
120541960000,0,0,1950.000,5,1940.000,1,0,0,0,0,0,0,2250.000,10,2280.000,1,0,0,0,0,0,0,0,0,
120541970000,0,0,1950.000,10,1940.000,1,0,0,0,0,0,0,2250.000,10,2280.000,1,0,0,0,0,0,0,0,0,
120542335000,0,0,1950.000,5,1940.000,1,0,0,0,0,0,0,2250.000,10,2280.000,1,0,0,0,0,0,0,0,0,
120542342000,0,0,1960.000,5,1950.000,5,1940.000,1,0,0,0,0,2250.000,10,2280.000,1,0,0,0,0,0,0,0,0,
120619367000,0,0,1950.000,5,1940.000,1,0,0,0,0,0,0,2250.000,10,2280.000,1,0,0,0,0,0,0,0,0,
120619377000,0,0,1970.000,5,1950.000,5,1940.000,1,0,0,0,0,2250.000,10,2280.000,1,0,0,0,0,0,0,0,0,
120627000000,0,0,1950.000,5,1940.000,1,0,0,0,0,0,0,2250.000,10,2280.000,1,0,0,0,0,0,0,0,0,
120627010000,0,0,1960.000,5,1950.000,5,1940.000,1,0,0,0,0,2250.000,10,2280.000,1,0,0,0,0,0,0,0,0,
120627910000,0,0,1950.000,5,1940.000,1,0,0,0,0,0,0,2250.000,10,2280.000,1,0,0,0,0,0,0,0,0,
120627920000,0,0,1970.000,5,1950.000,5,1940.000,1,0,0,0,0,2250.000,10,2280.000,1,0,0,0,0,0,0,0,0,
120628035000,0,0,1950.000,5,1940.000,1,0,0,0,0,0,0,2250.000,10,2280.000,1,0,0,0,0,0,0,0,0,
120628046000,0,0,1960.000,5,1950.000,5,1940.000,1,0,0,0,0,2250.000,10,2280.000,1,0,0,0,0,0,0,0,0,
120629786000,0,0,1950.000,5,1940.000,1,0,0,0,0,0,0,2250.000,10,2280.000,1,0,0,0,0,0,0,0,0,
120629796000,0,0,1970.000,5,1950.000,5,1940.000,1,0,0,0,0,2250.000,10,2280.000,1,0,0,0,0,0,0,0,0,
120630875000,0,0,1950.000,5,1940.000,1,0,0,0,0,0,0,2250.000,10,2280.000,1,0,0,0,0,0,0,0,0,
120630885000,0,0,1960.000,5,1950.000,5,1940.000,1,0,0,0,0,2250.000,10,2280.000,1,0,0,0,0,0,0,0,0,
120632226000,0,0,1950.000,5,1940.000,1,0,0,0,0,0,0,2250.000,10,2280.000,1,0,0,0,0,0,0,0,0,
120632236000,0,0,1970.000,5,1950.000,5,1940.000,1,0,0,0,0,2250.000,10,2280.000,1,0,0,0,0,0,0,0,0,
120735729000,0,0,1970.000,5,1940.000,1,0,0,0,0,0,0,2250.000,10,2280.000,1,0,0,0,0,0,0,0,0,
120735729000,0,0,2000.000,5,1970.000,5,1940.000,1,0,0,0,0,2250.000,10,2280.000,1,0,0,0,0,0,0,0,0,
120735732000,0,0,2000.000,5,1940.000,1,0,0,0,0,0,0,2250.000,10,2280.000,1,0,0,0,0,0,0,0,0,
120735743000,0,0,2000.000,10,1940.000,1,0,0,0,0,0,0,2250.000,10,2280.000,1,0,0,0,0,0,0,0,0,
123408945000,0,0,2000.000,10,1940.000,1,0,0,0,0,0,0,2250.000,5,2280.000,1,0,0,0,0,0,0,0,0,
123408950000,0,0,2000.000,10,1940.000,1,0,0,0,0,0,0,2240.000,5,2250.000,5,2280.000,1,0,0,0,0,0,0,
123411898000,0,0,2000.000,10,1940.000,1,0,0,0,0,0,0,2250.000,5,2280.000,1,0,0,0,0,0,0,0,0,
123411907000,0,0,2000.000,10,1940.000,1,0,0,0,0,0,0,2250.000,10,2280.000,1,0,0,0,0,0,0,0,0,
123412399000,0,0,2000.000,10,1940.000,1,0,0,0,0,0,0,2250.000,5,2280.000,1,0,0,0,0,0,0,0,0,
123412410000,0,0,2000.000,10,1940.000,1,0,0,0,0,0,0,2240.000,5,2250.000,5,2280.000,1,0,0,0,0,0,0,
123413133000,0,0,2000.000,10,1940.000,1,0,0,0,0,0,0,2250.000,5,2280.000,1,0,0,0,0,0,0,0,0,
123413143000,0,0,2000.000,10,1940.000,1,0,0,0,0,0,0,2250.000,10,2280.000,1,0,0,0,0,0,0,0,0,
123422055000,0,0,2000.000,10,1940.000,1,0,0,0,0,0,0,2250.000,5,2280.000,1,0,0,0,0,0,0,0,0,
123422061000,0,0,2000.000,10,1940.000,1,0,0,0,0,0,0,2240.000,5,2250.000,5,2280.000,1,0,0,0,0,0,0,
123424875000,0,0,2000.000,10,1940.000,1,0,0,0,0,0,0,2250.000,5,2280.000,1,0,0,0,0,0,0,0,0,
123424885000,0,0,2000.000,10,1940.000,1,0,0,0,0,0,0,2250.000,10,2280.000,1,0,0,0,0,0,0,0,0,
123425749000,0,0,2000.000,10,1940.000,1,0,0,0,0,0,0,2250.000,5,2280.000,1,0,0,0,0,0,0,0,0,
123425760000,0,0,2000.000,10,1940.000,1,0,0,0,0,0,0,2240.000,5,2250.000,5,2280.000,1,0,0,0,0,0,0,
123449909000,0,0,2000.000,10,1940.000,1,0,0,0,0,0,0,2250.000,5,2280.000,1,0,0,0,0,0,0,0,0,
123449918000,0,0,2000.000,10,1940.000,1,0,0,0,0,0,0,2250.000,10,2280.000,1,0,0,0,0,0,0,0,0,
123500610000,0,0,2000.000,10,1940.000,1,0,0,0,0,0,0,2250.000,5,2280.000,1,0,0,0,0,0,0,0,0,
123500620000,0,0,2000.000,10,1940.000,1,0,0,0,0,0,0,2240.000,5,2250.000,5,2280.000,1,0,0,0,0,0,0,
123501232000,0,0,2000.000,10,1940.000,1,0,0,0,0,0,0,2250.000,5,2280.000,1,0,0,0,0,0,0,0,0,
123501242000,0,0,2000.000,10,1940.000,1,0,0,0,0,0,0,2250.000,10,2280.000,1,0,0,0,0,0,0,0,0,
123501358000,0,0,2000.000,10,1940.000,1,0,0,0,0,0,0,2250.000,5,2280.000,1,0,0,0,0,0,0,0,0,
123501369000,0,0,2000.000,10,1940.000,1,0,0,0,0,0,0,2240.000,5,2250.000,5,2280.000,1,0,0,0,0,0,0,
123501722000,0,0,2000.000,10,1940.000,1,0,0,0,0,0,0,2250.000,5,2280.000,1,0,0,0,0,0,0,0,0,
123501733000,0,0,2000.000,10,1940.000,1,0,0,0,0,0,0,2250.000,10,2280.000,1,0,0,0,0,0,0,0,0,
123953860000,0,0,2000.000,10,1940.000,1,0,0,0,0,0,0,2250.000,5,2280.000,1,0,0,0,0,0,0,0,0,
123953867000,0,0,2000.000,10,1940.000,1,0,0,0,0,0,0,2240.000,5,2250.000,5,2280.000,1,0,0,0,0,0,0,
123954176000,0,0,2000.000,10,1940.000,1,0,0,0,0,0,0,2250.000,5,2280.000,1,0,0,0,0,0,0,0,0,
123954187000,0,0,2000.000,10,1940.000,1,0,0,0,0,0,0,2250.000,10,2280.000,1,0,0,0,0,0,0,0,0,
123958498000,0,0,2000.000,10,1940.000,1,0,0,0,0,0,0,2250.000,5,2280.000,1,0,0,0,0,0,0,0,0,
123958508000,0,0,2000.000,10,1940.000,1,0,0,0,0,0,0,2240.000,5,2250.000,5,2280.000,1,0,0,0,0,0,0,
124017496000,0,0,2000.000,10,1940.000,1,0,0,0,0,0,0,2250.000,5,2280.000,1,0,0,0,0,0,0,0,0,
124017505000,0,0,2000.000,10,1940.000,1,0,0,0,0,0,0,2250.000,10,2280.000,1,0,0,0,0,0,0,0,0,
124209628000,0,0,2000.000,10,1940.000,1,0,0,0,0,0,0,2250.000,5,2280.000,1,0,0,0,0,0,0,0,0,
124209638000,0,0,2000.000,10,1940.000,1,0,0,0,0,0,0,2240.000,5,2250.000,5,2280.000,1,0,0,0,0,0,0,
124209873000,0,0,2000.000,10,1940.000,1,0,0,0,0,0,0,2250.000,5,2280.000,1,0,0,0,0,0,0,0,0,
124209882000,0,0,2000.000,10,1940.000,1,0,0,0,0,0,0,2250.000,10,2280.000,1,0,0,0,0,0,0,0,0,
124211204000,0,0,2000.000,10,1940.000,1,0,0,0,0,0,0,2250.000,5,2280.000,1,0,0,0,0,0,0,0,0,
124211212000,0,0,2000.000,10,1940.000,1,0,0,0,0,0,0,2240.000,5,2250.000,5,2280.000,1,0,0,0,0,0,0,
124225527000,0,0,2000.000,10,1940.000,1,0,0,0,0,0,0,2250.000,5,2280.000,1,0,0,0,0,0,0,0,0,
124225537000,0,0,2000.000,10,1940.000,1,0,0,0,0,0,0,2250.000,10,2280.000,1,0,0,0,0,0,0,0,0,
124348000000,0,0,2000.000,10,1940.000,1,0,0,0,0,0,0,2250.000,5,2280.000,1,0,0,0,0,0,0,0,0,
124348010000,0,0,2000.000,10,1940.000,1,0,0,0,0,0,0,2240.000,5,2250.000,5,2280.000,1,0,0,0,0,0,0,
124351896000,0,0,2000.000,10,1940.000,1,0,0,0,0,0,0,2250.000,5,2280.000,1,0,0,0,0,0,0,0,0,
124351906000,0,0,2000.000,10,1940.000,1,0,0,0,0,0,0,2250.000,10,2280.000,1,0,0,0,0,0,0,0,0,
124352234000,0,0,2000.000,10,1940.000,1,0,0,0,0,0,0,2250.000,5,2280.000,1,0,0,0,0,0,0,0,0,
124352245000,0,0,2000.000,10,1940.000,1,0,0,0,0,0,0,2240.000,5,2250.000,5,2280.000,1,0,0,0,0,0,0,
124355490000,0,0,2000.000,10,1940.000,1,0,0,0,0,0,0,2250.000,5,2280.000,1,0,0,0,0,0,0,0,0,
124355490000,0,0,2000.000,5,1940.000,1,0,0,0,0,0,0,2250.000,5,2280.000,1,0,0,0,0,0,0,0,0,
124355740000,0,0,1940.000,1,0,0,0,0,0,0,0,0,2250.000,5,2280.000,1,0,0,0,0,0,0,0,0,
124356183000,0,0,1940.000,6,0,0,0,0,0,0,0,0,2250.000,5,2280.000,1,0,0,0,0,0,0,0,0,
124356183000,0,0,1940.000,6,0,0,0,0,0,0,0,0,2250.000,10,2280.000,1,0,0,0,0,0,0,0,0,
124356740000,0,0,1950.000,5,1940.000,6,0,0,0,0,0,0,2250.000,10,2280.000,1,0,0,0,0,0,0,0,0,
124356838000,0,0,1950.000,5,1940.000,1,0,0,0,0,0,0,2250.000,10,2280.000,1,0,0,0,0,0,0,0,0,
124356848000,0,0,1950.000,10,1940.000,1,0,0,0,0,0,0,2250.000,10,2280.000,1,0,0,0,0,0,0,0,0,
124357714000,0,0,1950.000,10,1940.000,1,0,0,0,0,0,0,2250.000,5,2280.000,1,0,0,0,0,0,0,0,0,
124357723000,0,0,1950.000,10,1940.000,1,0,0,0,0,0,0,2240.000,5,2250.000,5,2280.000,1,0,0,0,0,0,0,
124359596000,0,0,1950.000,10,1940.000,1,0,0,0,0,0,0,2250.000,5,2280.000,1,0,0,0,0,0,0,0,0,
124359656000,0,0,1950.000,10,1940.000,1,0,0,0,0,0,0,2250.000,10,2280.000,1,0,0,0,0,0,0,0,0,
124400548000,0,0,1950.000,10,1940.000,1,0,0,0,0,0,0,2250.000,5,2280.000,1,0,0,0,0,0,0,0,0,
124400999000,0,0,1950.000,10,1940.000,1,0,0,0,0,0,0,2240.000,5,2250.000,5,2280.000,1,0,0,0,0,0,0,
124439081000,0,0,1950.000,10,1940.000,1,0,0,0,0,0,0,2250.000,5,2280.000,1,0,0,0,0,0,0,0,0,
124439086000,0,0,1950.000,10,1940.000,1,0,0,0,0,0,0,2250.000,10,2280.000,1,0,0,0,0,0,0,0,0,
124440655000,0,0,1950.000,10,1940.000,1,0,0,0,0,0,0,2250.000,5,2280.000,1,0,0,0,0,0,0,0,0,
124440665000,0,0,1950.000,10,1940.000,1,0,0,0,0,0,0,2240.000,5,2250.000,5,2280.000,1,0,0,0,0,0,0,
124441774000,0,0,1950.000,10,1940.000,1,0,0,0,0,0,0,2250.000,5,2280.000,1,0,0,0,0,0,0,0,0,
124441785000,0,0,1950.000,10,1940.000,1,0,0,0,0,0,0,2250.000,10,2280.000,1,0,0,0,0,0,0,0,0,
130215621000,0,0,1950.000,5,1940.000,1,0,0,0,0,0,0,2250.000,10,2280.000,1,0,0,0,0,0,0,0,0,
130215634000,0,0,1960.000,5,1950.000,5,1940.000,1,0,0,0,0,2250.000,10,2280.000,1,0,0,0,0,0,0,0,0,
130221658000,0,0,1950.000,5,1940.000,1,0,0,0,0,0,0,2250.000,10,2280.000,1,0,0,0,0,0,0,0,0,
130221669000,0,0,1950.000,10,1940.000,1,0,0,0,0,0,0,2250.000,10,2280.000,1,0,0,0,0,0,0,0,0,
130221784000,0,0,1950.000,5,1940.000,1,0,0,0,0,0,0,2250.000,10,2280.000,1,0,0,0,0,0,0,0,0,
130221794000,0,0,1960.000,5,1950.000,5,1940.000,1,0,0,0,0,2250.000,10,2280.000,1,0,0,0,0,0,0,0,0,
130223779000,0,0,1950.000,5,1940.000,1,0,0,0,0,0,0,2250.000,10,2280.000,1,0,0,0,0,0,0,0,0,
130224004000,0,0,1950.000,10,1940.000,1,0,0,0,0,0,0,2250.000,10,2280.000,1,0,0,0,0,0,0,0,0,
130818606000,0,0,1950.000,5,1940.000,1,0,0,0,0,0,0,2250.000,10,2280.000,1,0,0,0,0,0,0,0,0,
130818624000,0,0,1960.000,5,1950.000,5,1940.000,1,0,0,0,0,2250.000,10,2280.000,1,0,0,0,0,0,0,0,0,
130825763000,0,0,1950.000,5,1940.000,1,0,0,0,0,0,0,2250.000,10,2280.000,1,0,0,0,0,0,0,0,0,
130825773000,0,0,1950.000,10,1940.000,1,0,0,0,0,0,0,2250.000,10,2280.000,1,0,0,0,0,0,0,0,0,
130826762000,0,0,1950.000,5,1940.000,1,0,0,0,0,0,0,2250.000,10,2280.000,1,0,0,0,0,0,0,0,0,
130826772000,0,0,1960.000,5,1950.000,5,1940.000,1,0,0,0,0,2250.000,10,2280.000,1,0,0,0,0,0,0,0,0,
130827263000,0,0,1950.000,5,1940.000,1,0,0,0,0,0,0,2250.000,10,2280.000,1,0,0,0,0,0,0,0,0,
130827272000,0,0,1950.000,10,1940.000,1,0,0,0,0,0,0,2250.000,10,2280.000,1,0,0,0,0,0,0,0,0,
130831011000,0,0,1950.000,5,1940.000,1,0,0,0,0,0,0,2250.000,10,2280.000,1,0,0,0,0,0,0,0,0,
130831020000,0,0,1960.000,5,1950.000,5,1940.000,1,0,0,0,0,2250.000,10,2280.000,1,0,0,0,0,0,0,0,0,
130833123000,0,0,1950.000,5,1940.000,1,0,0,0,0,0,0,2250.000,10,2280.000,1,0,0,0,0,0,0,0,0,
130833133000,0,0,1950.000,10,1940.000,1,0,0,0,0,0,0,2250.000,10,2280.000,1,0,0,0,0,0,0,0,0,
130833488000,0,0,1950.000,5,1940.000,1,0,0,0,0,0,0,2250.000,10,2280.000,1,0,0,0,0,0,0,0,0,
130833498000,0,0,1960.000,5,1950.000,5,1940.000,1,0,0,0,0,2250.000,10,2280.000,1,0,0,0,0,0,0,0,0,
130836381000,0,0,1950.000,5,1940.000,1,0,0,0,0,0,0,2250.000,10,2280.000,1,0,0,0,0,0,0,0,0,
130836391000,0,0,1950.000,10,1940.000,1,0,0,0,0,0,0,2250.000,10,2280.000,1,0,0,0,0,0,0,0,0,
130836881000,0,0,1950.000,5,1940.000,1,0,0,0,0,0,0,2250.000,10,2280.000,1,0,0,0,0,0,0,0,0,
130836891000,0,0,1960.000,5,1950.000,5,1940.000,1,0,0,0,0,2250.000,10,2280.000,1,0,0,0,0,0,0,0,0,
130859355000,0,0,1950.000,5,1940.000,1,0,0,0,0,0,0,2250.000,10,2280.000,1,0,0,0,0,0,0,0,0,
130859361000,0,0,1950.000,10,1940.000,1,0,0,0,0,0,0,2250.000,10,2280.000,1,0,0,0,0,0,0,0,0,
130900709000,0,0,1950.000,5,1940.000,1,0,0,0,0,0,0,2250.000,10,2280.000,1,0,0,0,0,0,0,0,0,
130900720000,0,0,1960.000,5,1950.000,5,1940.000,1,0,0,0,0,2250.000,10,2280.000,1,0,0,0,0,0,0,0,0,
130901703000,0,0,1950.000,5,1940.000,1,0,0,0,0,0,0,2250.000,10,2280.000,1,0,0,0,0,0,0,0,0,
130901712000,0,0,1950.000,10,1940.000,1,0,0,0,0,0,0,2250.000,10,2280.000,1,0,0,0,0,0,0,0,0,
130902450000,0,0,1950.000,5,1940.000,1,0,0,0,0,0,0,2250.000,10,2280.000,1,0,0,0,0,0,0,0,0,
130902460000,0,0,1960.000,5,1950.000,5,1940.000,1,0,0,0,0,2250.000,10,2280.000,1,0,0,0,0,0,0,0,0,
130902824000,0,0,1950.000,5,1940.000,1,0,0,0,0,0,0,2250.000,10,2280.000,1,0,0,0,0,0,0,0,0,
130902835000,0,0,1950.000,10,1940.000,1,0,0,0,0,0,0,2250.000,10,2280.000,1,0,0,0,0,0,0,0,0,
130903318000,0,0,1950.000,5,1940.000,1,0,0,0,0,0,0,2250.000,10,2280.000,1,0,0,0,0,0,0,0,0,
130903327000,0,0,1960.000,5,1950.000,5,1940.000,1,0,0,0,0,2250.000,10,2280.000,1,0,0,0,0,0,0,0,0,
130903443000,0,0,1950.000,5,1940.000,1,0,0,0,0,0,0,2250.000,10,2280.000,1,0,0,0,0,0,0,0,0,
130903453000,0,0,1950.000,10,1940.000,1,0,0,0,0,0,0,2250.000,10,2280.000,1,0,0,0,0,0,0,0,0,
130905183000,0,0,1950.000,5,1940.000,1,0,0,0,0,0,0,2250.000,10,2280.000,1,0,0,0,0,0,0,0,0,
130905192000,0,0,1960.000,5,1950.000,5,1940.000,1,0,0,0,0,2250.000,10,2280.000,1,0,0,0,0,0,0,0,0,
130911023000,0,0,1950.000,5,1940.000,1,0,0,0,0,0,0,2250.000,10,2280.000,1,0,0,0,0,0,0,0,0,
130911033000,0,0,1950.000,10,1940.000,1,0,0,0,0,0,0,2250.000,10,2280.000,1,0,0,0,0,0,0,0,0,
130915138000,0,0,1950.000,5,1940.000,1,0,0,0,0,0,0,2250.000,10,2280.000,1,0,0,0,0,0,0,0,0,
130915148000,0,0,1960.000,5,1950.000,5,1940.000,1,0,0,0,0,2250.000,10,2280.000,1,0,0,0,0,0,0,0,0,
130919619000,0,0,1950.000,5,1940.000,1,0,0,0,0,0,0,2250.000,10,2280.000,1,0,0,0,0,0,0,0,0,
130919628000,0,0,1950.000,10,1940.000,1,0,0,0,0,0,0,2250.000,10,2280.000,1,0,0,0,0,0,0,0,0,
130921131000,0,0,1950.000,5,1940.000,1,0,0,0,0,0,0,2250.000,10,2280.000,1,0,0,0,0,0,0,0,0,
130921140000,0,0,1960.000,5,1950.000,5,1940.000,1,0,0,0,0,2250.000,10,2280.000,1,0,0,0,0,0,0,0,0,
130923109000,0,0,1950.000,5,1940.000,1,0,0,0,0,0,0,2250.000,10,2280.000,1,0,0,0,0,0,0,0,0,
130923119000,0,0,1950.000,10,1940.000,1,0,0,0,0,0,0,2250.000,10,2280.000,1,0,0,0,0,0,0,0,0,
130923984000,0,0,1950.000,5,1940.000,1,0,0,0,0,0,0,2250.000,10,2280.000,1,0,0,0,0,0,0,0,0,
130923994000,0,0,1960.000,5,1950.000,5,1940.000,1,0,0,0,0,2250.000,10,2280.000,1,0,0,0,0,0,0,0,0,
130924484000,0,0,1950.000,5,1940.000,1,0,0,0,0,0,0,2250.000,10,2280.000,1,0,0,0,0,0,0,0,0,
130924494000,0,0,1950.000,10,1940.000,1,0,0,0,0,0,0,2250.000,10,2280.000,1,0,0,0,0,0,0,0,0,
130925570000,0,0,1950.000,5,1940.000,1,0,0,0,0,0,0,2250.000,10,2280.000,1,0,0,0,0,0,0,0,0,
130925858000,0,0,1950.000,10,1940.000,1,0,0,0,0,0,0,2250.000,10,2280.000,1,0,0,0,0,0,0,0,0,
130926974000,0,0,1950.000,5,1940.000,1,0,0,0,0,0,0,2250.000,10,2280.000,1,0,0,0,0,0,0,0,0,
130926984000,0,0,1960.000,5,1950.000,5,1940.000,1,0,0,0,0,2250.000,10,2280.000,1,0,0,0,0,0,0,0,0,
130930567000,0,0,1950.000,5,1940.000,1,0,0,0,0,0,0,2250.000,10,2280.000,1,0,0,0,0,0,0,0,0,
130930576000,0,0,1950.000,10,1940.000,1,0,0,0,0,0,0,2250.000,10,2280.000,1,0,0,0,0,0,0,0,0,
130931809000,0,0,1950.000,5,1940.000,1,0,0,0,0,0,0,2250.000,10,2280.000,1,0,0,0,0,0,0,0,0,
130931819000,0,0,1960.000,5,1950.000,5,1940.000,1,0,0,0,0,2250.000,10,2280.000,1,0,0,0,0,0,0,0,0,
130932183000,0,0,1950.000,5,1940.000,1,0,0,0,0,0,0,2250.000,10,2280.000,1,0,0,0,0,0,0,0,0,
130932193000,0,0,1950.000,10,1940.000,1,0,0,0,0,0,0,2250.000,10,2280.000,1,0,0,0,0,0,0,0,0,
130933184000,0,0,1950.000,5,1940.000,1,0,0,0,0,0,0,2250.000,10,2280.000,1,0,0,0,0,0,0,0,0,
130933194000,0,0,1960.000,5,1950.000,5,1940.000,1,0,0,0,0,2250.000,10,2280.000,1,0,0,0,0,0,0,0,0,
130940387000,0,0,1950.000,5,1940.000,1,0,0,0,0,0,0,2250.000,10,2280.000,1,0,0,0,0,0,0,0,0,
130940529000,0,0,1950.000,10,1940.000,1,0,0,0,0,0,0,2250.000,10,2280.000,1,0,0,0,0,0,0,0,0,
131013640000,0,0,1950.000,5,1940.000,1,0,0,0,0,0,0,2250.000,10,2280.000,1,0,0,0,0,0,0,0,0,
131013649000,0,0,1960.000,5,1950.000,5,1940.000,1,0,0,0,0,2250.000,10,2280.000,1,0,0,0,0,0,0,0,0,
131055270000,0,0,1950.000,5,1940.000,1,0,0,0,0,0,0,2250.000,10,2280.000,1,0,0,0,0,0,0,0,0,
131055278000,0,0,1950.000,10,1940.000,1,0,0,0,0,0,0,2250.000,10,2280.000,1,0,0,0,0,0,0,0,0,
131103000000,0,0,1950.000,5,1940.000,1,0,0,0,0,0,0,2250.000,10,2280.000,1,0,0,0,0,0,0,0,0,
131103011000,0,0,1960.000,5,1950.000,5,1940.000,1,0,0,0,0,2250.000,10,2280.000,1,0,0,0,0,0,0,0,0,
131103226000,0,0,1950.000,5,1940.000,1,0,0,0,0,0,0,2250.000,10,2280.000,1,0,0,0,0,0,0,0,0,
131103236000,0,0,1950.000,10,1940.000,1,0,0,0,0,0,0,2250.000,10,2280.000,1,0,0,0,0,0,0,0,0,
131106922000,0,0,1950.000,5,1940.000,1,0,0,0,0,0,0,2250.000,10,2280.000,1,0,0,0,0,0,0,0,0,
131106932000,0,0,1960.000,5,1950.000,5,1940.000,1,0,0,0,0,2250.000,10,2280.000,1,0,0,0,0,0,0,0,0,
131107047000,0,0,1950.000,5,1940.000,1,0,0,0,0,0,0,2250.000,10,2280.000,1,0,0,0,0,0,0,0,0,
131107057000,0,0,1950.000,10,1940.000,1,0,0,0,0,0,0,2250.000,10,2280.000,1,0,0,0,0,0,0,0,0,
131907370000,0,0,1950.000,5,1940.000,1,0,0,0,0,0,0,2250.000,10,2280.000,1,0,0,0,0,0,0,0,0,
131907377000,0,0,1960.000,5,1950.000,5,1940.000,1,0,0,0,0,2250.000,10,2280.000,1,0,0,0,0,0,0,0,0,
131908867000,0,0,1950.000,5,1940.000,1,0,0,0,0,0,0,2250.000,10,2280.000,1,0,0,0,0,0,0,0,0,
131908877000,0,0,1950.000,10,1940.000,1,0,0,0,0,0,0,2250.000,10,2280.000,1,0,0,0,0,0,0,0,0,
131916746000,0,0,1950.000,5,1940.000,1,0,0,0,0,0,0,2250.000,10,2280.000,1,0,0,0,0,0,0,0,0,
131916756000,0,0,1960.000,5,1950.000,5,1940.000,1,0,0,0,0,2250.000,10,2280.000,1,0,0,0,0,0,0,0,0,
131942246000,0,0,1950.000,5,1940.000,1,0,0,0,0,0,0,2250.000,10,2280.000,1,0,0,0,0,0,0,0,0,
131942255000,0,0,1950.000,10,1940.000,1,0,0,0,0,0,0,2250.000,10,2280.000,1,0,0,0,0,0,0,0,0,
131942486000,0,0,1950.000,5,1940.000,1,0,0,0,0,0,0,2250.000,10,2280.000,1,0,0,0,0,0,0,0,0,
131942496000,0,0,1960.000,5,1950.000,5,1940.000,1,0,0,0,0,2250.000,10,2280.000,1,0,0,0,0,0,0,0,0,
132053977000,0,0,1950.000,5,1940.000,1,0,0,0,0,0,0,2250.000,10,2280.000,1,0,0,0,0,0,0,0,0,
132053986000,0,0,1970.000,5,1950.000,5,1940.000,1,0,0,0,0,2250.000,10,2280.000,1,0,0,0,0,0,0,0,0,
132054128000,0,0,1950.000,5,1940.000,1,0,0,0,0,0,0,2250.000,10,2280.000,1,0,0,0,0,0,0,0,0,
132054139000,0,0,1960.000,5,1950.000,5,1940.000,1,0,0,0,0,2250.000,10,2280.000,1,0,0,0,0,0,0,0,0,
132059623000,0,0,1950.000,5,1940.000,1,0,0,0,0,0,0,2250.000,10,2280.000,1,0,0,0,0,0,0,0,0,
132059633000,0,0,1970.000,5,1950.000,5,1940.000,1,0,0,0,0,2250.000,10,2280.000,1,0,0,0,0,0,0,0,0,
132059996000,0,0,1950.000,5,1940.000,1,0,0,0,0,0,0,2250.000,10,2280.000,1,0,0,0,0,0,0,0,0,
132100001000,0,0,1960.000,5,1950.000,5,1940.000,1,0,0,0,0,2250.000,10,2280.000,1,0,0,0,0,0,0,0,0,
132108903000,0,0,1950.000,5,1940.000,1,0,0,0,0,0,0,2250.000,10,2280.000,1,0,0,0,0,0,0,0,0,
132108913000,0,0,1970.000,5,1950.000,5,1940.000,1,0,0,0,0,2250.000,10,2280.000,1,0,0,0,0,0,0,0,0,
132109277000,0,0,1950.000,5,1940.000,1,0,0,0,0,0,0,2250.000,10,2280.000,1,0,0,0,0,0,0,0,0,
132109287000,0,0,1960.000,5,1950.000,5,1940.000,1,0,0,0,0,2250.000,10,2280.000,1,0,0,0,0,0,0,0,0,
132113770000,0,0,1950.000,5,1940.000,1,0,0,0,0,0,0,2250.000,10,2280.000,1,0,0,0,0,0,0,0,0,
132113779000,0,0,1970.000,5,1950.000,5,1940.000,1,0,0,0,0,2250.000,10,2280.000,1,0,0,0,0,0,0,0,0,
132114019000,0,0,1950.000,5,1940.000,1,0,0,0,0,0,0,2250.000,10,2280.000,1,0,0,0,0,0,0,0,0,
132114029000,0,0,1960.000,5,1950.000,5,1940.000,1,0,0,0,0,2250.000,10,2280.000,1,0,0,0,0,0,0,0,0,
132121495000,0,0,1950.000,5,1940.000,1,0,0,0,0,0,0,2250.000,10,2280.000,1,0,0,0,0,0,0,0,0,
132121505000,0,0,1970.000,5,1950.000,5,1940.000,1,0,0,0,0,2250.000,10,2280.000,1,0,0,0,0,0,0,0,0,
132121619000,0,0,1950.000,5,1940.000,1,0,0,0,0,0,0,2250.000,10,2280.000,1,0,0,0,0,0,0,0,0,
132121630000,0,0,1960.000,5,1950.000,5,1940.000,1,0,0,0,0,2250.000,10,2280.000,1,0,0,0,0,0,0,0,0,
132121870000,0,0,1950.000,5,1940.000,1,0,0,0,0,0,0,2250.000,10,2280.000,1,0,0,0,0,0,0,0,0,
132121880000,0,0,1970.000,5,1950.000,5,1940.000,1,0,0,0,0,2250.000,10,2280.000,1,0,0,0,0,0,0,0,0,
132122370000,0,0,1950.000,5,1940.000,1,0,0,0,0,0,0,2250.000,10,2280.000,1,0,0,0,0,0,0,0,0,
132122380000,0,0,1960.000,5,1950.000,5,1940.000,1,0,0,0,0,2250.000,10,2280.000,1,0,0,0,0,0,0,0,0,
132138122000,0,0,1950.000,5,1940.000,1,0,0,0,0,0,0,2250.000,10,2280.000,1,0,0,0,0,0,0,0,0,
132138132000,0,0,1970.000,5,1950.000,5,1940.000,1,0,0,0,0,2250.000,10,2280.000,1,0,0,0,0,0,0,0,0,
132146395000,0,0,1950.000,5,1940.000,1,0,0,0,0,0,0,2250.000,10,2280.000,1,0,0,0,0,0,0,0,0,
132146404000,0,0,1960.000,5,1950.000,5,1940.000,1,0,0,0,0,2250.000,10,2280.000,1,0,0,0,0,0,0,0,0,
132146895000,0,0,1950.000,5,1940.000,1,0,0,0,0,0,0,2250.000,10,2280.000,1,0,0,0,0,0,0,0,0,
132146907000,0,0,1970.000,5,1950.000,5,1940.000,1,0,0,0,0,2250.000,10,2280.000,1,0,0,0,0,0,0,0,0,
132147268000,0,0,1950.000,5,1940.000,1,0,0,0,0,0,0,2250.000,10,2280.000,1,0,0,0,0,0,0,0,0,
132147278000,0,0,1960.000,5,1950.000,5,1940.000,1,0,0,0,0,2250.000,10,2280.000,1,0,0,0,0,0,0,0,0,
132147393000,0,0,1950.000,5,1940.000,1,0,0,0,0,0,0,2250.000,10,2280.000,1,0,0,0,0,0,0,0,0,
132147403000,0,0,1970.000,5,1950.000,5,1940.000,1,0,0,0,0,2250.000,10,2280.000,1,0,0,0,0,0,0,0,0,
132209657000,0,0,1950.000,5,1940.000,1,0,0,0,0,0,0,2250.000,10,2280.000,1,0,0,0,0,0,0,0,0,
132209668000,0,0,1960.000,5,1950.000,5,1940.000,1,0,0,0,0,2250.000,10,2280.000,1,0,0,0,0,0,0,0,0,
132333503000,0,0,1950.000,5,1940.000,1,0,0,0,0,0,0,2250.000,10,2280.000,1,0,0,0,0,0,0,0,0,
132333506000,0,0,1970.000,5,1950.000,5,1940.000,1,0,0,0,0,2250.000,10,2280.000,1,0,0,0,0,0,0,0,0,
132338410000,0,0,1950.000,5,1940.000,1,0,0,0,0,0,0,2250.000,10,2280.000,1,0,0,0,0,0,0,0,0,
132338416000,0,0,1950.000,5,1940.000,1,0,0,0,0,0,0,2250.000,5,2280.000,1,0,0,0,0,0,0,0,0,
132338416000,0,0,1960.000,5,1950.000,5,1940.000,1,0,0,0,0,2250.000,5,2280.000,1,0,0,0,0,0,0,0,0,
132338428000,0,0,1960.000,5,1950.000,5,1940.000,1,0,0,0,0,2250.000,10,2280.000,1,0,0,0,0,0,0,0,0,
132350434000,0,0,1950.000,5,1940.000,1,0,0,0,0,0,0,2250.000,10,2280.000,1,0,0,0,0,0,0,0,0,
132350440000,0,0,1970.000,5,1950.000,5,1940.000,1,0,0,0,0,2250.000,10,2280.000,1,0,0,0,0,0,0,0,0,
132355390000,0,0,1950.000,5,1940.000,1,0,0,0,0,0,0,2250.000,10,2280.000,1,0,0,0,0,0,0,0,0,
132355396000,0,0,1960.000,5,1950.000,5,1940.000,1,0,0,0,0,2250.000,10,2280.000,1,0,0,0,0,0,0,0,0,
132357920000,0,0,1950.000,5,1940.000,1,0,0,0,0,0,0,2250.000,10,2280.000,1,0,0,0,0,0,0,0,0,
132357929000,0,0,1970.000,5,1950.000,5,1940.000,1,0,0,0,0,2250.000,10,2280.000,1,0,0,0,0,0,0,0,0,
132412900000,0,0,1950.000,5,1940.000,1,0,0,0,0,0,0,2250.000,10,2280.000,1,0,0,0,0,0,0,0,0,
132412909000,0,0,1960.000,5,1950.000,5,1940.000,1,0,0,0,0,2250.000,10,2280.000,1,0,0,0,0,0,0,0,0,
132431920000,0,0,1950.000,5,1940.000,1,0,0,0,0,0,0,2250.000,10,2280.000,1,0,0,0,0,0,0,0,0,
132431929000,0,0,1970.000,5,1950.000,5,1940.000,1,0,0,0,0,2250.000,10,2280.000,1,0,0,0,0,0,0,0,0,
132432191000,0,0,1950.000,5,1940.000,1,0,0,0,0,0,0,2250.000,10,2280.000,1,0,0,0,0,0,0,0,0,
132432202000,0,0,1960.000,5,1950.000,5,1940.000,1,0,0,0,0,2250.000,10,2280.000,1,0,0,0,0,0,0,0,0,
132432566000,0,0,1950.000,5,1940.000,1,0,0,0,0,0,0,2250.000,10,2280.000,1,0,0,0,0,0,0,0,0,
132432577000,0,0,1970.000,5,1950.000,5,1940.000,1,0,0,0,0,2250.000,10,2280.000,1,0,0,0,0,0,0,0,0,
132432941000,0,0,1950.000,5,1940.000,1,0,0,0,0,0,0,2250.000,10,2280.000,1,0,0,0,0,0,0,0,0,
132432952000,0,0,1960.000,5,1950.000,5,1940.000,1,0,0,0,0,2250.000,10,2280.000,1,0,0,0,0,0,0,0,0,
132528586000,0,0,1950.000,5,1940.000,1,0,0,0,0,0,0,2250.000,10,2280.000,1,0,0,0,0,0,0,0,0,
132528594000,0,0,1950.000,10,1940.000,1,0,0,0,0,0,0,2250.000,10,2280.000,1,0,0,0,0,0,0,0,0,
132528709000,0,0,1950.000,5,1940.000,1,0,0,0,0,0,0,2250.000,10,2280.000,1,0,0,0,0,0,0,0,0,
132528719000,0,0,1960.000,5,1950.000,5,1940.000,1,0,0,0,0,2250.000,10,2280.000,1,0,0,0,0,0,0,0,0,
132529709000,0,0,1950.000,5,1940.000,1,0,0,0,0,0,0,2250.000,10,2280.000,1,0,0,0,0,0,0,0,0,
132529719000,0,0,1950.000,10,1940.000,1,0,0,0,0,0,0,2250.000,10,2280.000,1,0,0,0,0,0,0,0,0,
132529835000,0,0,1950.000,5,1940.000,1,0,0,0,0,0,0,2250.000,10,2280.000,1,0,0,0,0,0,0,0,0,
132529845000,0,0,1960.000,5,1950.000,5,1940.000,1,0,0,0,0,2250.000,10,2280.000,1,0,0,0,0,0,0,0,0,
132623358000,0,0,1950.000,5,1940.000,1,0,0,0,0,0,0,2250.000,10,2280.000,1,0,0,0,0,0,0,0,0,
132623369000,0,0,1970.000,5,1950.000,5,1940.000,1,0,0,0,0,2250.000,10,2280.000,1,0,0,0,0,0,0,0,0,
132627863000,0,0,1950.000,5,1940.000,1,0,0,0,0,0,0,2250.000,10,2280.000,1,0,0,0,0,0,0,0,0,
132627875000,0,0,1960.000,5,1950.000,5,1940.000,1,0,0,0,0,2250.000,10,2280.000,1,0,0,0,0,0,0,0,0,
132636995000,0,0,1950.000,5,1940.000,1,0,0,0,0,0,0,2250.000,10,2280.000,1,0,0,0,0,0,0,0,0,
132637003000,0,0,1970.000,5,1950.000,5,1940.000,1,0,0,0,0,2250.000,10,2280.000,1,0,0,0,0,0,0,0,0,
132639389000,0,0,1950.000,5,1940.000,1,0,0,0,0,0,0,2250.000,10,2280.000,1,0,0,0,0,0,0,0,0,
132639396000,0,0,1960.000,5,1950.000,5,1940.000,1,0,0,0,0,2250.000,10,2280.000,1,0,0,0,0,0,0,0,0,
132644820000,0,0,1950.000,5,1940.000,1,0,0,0,0,0,0,2250.000,10,2280.000,1,0,0,0,0,0,0,0,0,
132644829000,0,0,1970.000,5,1950.000,5,1940.000,1,0,0,0,0,2250.000,10,2280.000,1,0,0,0,0,0,0,0,0,
132646560000,0,0,1950.000,5,1940.000,1,0,0,0,0,0,0,2250.000,10,2280.000,1,0,0,0,0,0,0,0,0,
132646570000,0,0,1960.000,5,1950.000,5,1940.000,1,0,0,0,0,2250.000,10,2280.000,1,0,0,0,0,0,0,0,0,
132649351000,0,0,1960.000,5,1950.000,5,1940.000,1,0,0,0,0,2250.000,5,2280.000,1,0,0,0,0,0,0,0,0,
132649351000,0,0,1950.000,5,1940.000,1,0,0,0,0,0,0,2250.000,5,2280.000,1,0,0,0,0,0,0,0,0,
132649878000,0,0,1970.000,5,1950.000,5,1940.000,1,0,0,0,0,2250.000,5,2280.000,1,0,0,0,0,0,0,0,0,
132649878000,0,0,1970.000,5,1950.000,5,1940.000,1,0,0,0,0,2250.000,10,2280.000,1,0,0,0,0,0,0,0,0,
132652114000,0,0,1950.000,5,1940.000,1,0,0,0,0,0,0,2250.000,10,2280.000,1,0,0,0,0,0,0,0,0,
132652129000,0,0,1970.000,5,1950.000,5,1940.000,1,0,0,0,0,2250.000,10,2280.000,1,0,0,0,0,0,0,0,0,
132653994000,0,0,1950.000,5,1940.000,1,0,0,0,0,0,0,2250.000,10,2280.000,1,0,0,0,0,0,0,0,0,
132654003000,0,0,1960.000,5,1950.000,5,1940.000,1,0,0,0,0,2250.000,10,2280.000,1,0,0,0,0,0,0,0,0,
132654743000,0,0,1950.000,5,1940.000,1,0,0,0,0,0,0,2250.000,10,2280.000,1,0,0,0,0,0,0,0,0,
132654754000,0,0,1970.000,5,1950.000,5,1940.000,1,0,0,0,0,2250.000,10,2280.000,1,0,0,0,0,0,0,0,0,
132655119000,0,0,1950.000,5,1940.000,1,0,0,0,0,0,0,2250.000,10,2280.000,1,0,0,0,0,0,0,0,0,
132655130000,0,0,1960.000,5,1950.000,5,1940.000,1,0,0,0,0,2250.000,10,2280.000,1,0,0,0,0,0,0,0,0,
132655743000,0,0,1950.000,5,1940.000,1,0,0,0,0,0,0,2250.000,10,2280.000,1,0,0,0,0,0,0,0,0,
132655753000,0,0,1970.000,5,1950.000,5,1940.000,1,0,0,0,0,2250.000,10,2280.000,1,0,0,0,0,0,0,0,0,
132658777000,0,0,1950.000,5,1940.000,1,0,0,0,0,0,0,2250.000,10,2280.000,1,0,0,0,0,0,0,0,0,
132658907000,0,0,1970.000,5,1950.000,5,1940.000,1,0,0,0,0,2250.000,10,2280.000,1,0,0,0,0,0,0,0,0,
132700532000,0,0,1950.000,5,1940.000,1,0,0,0,0,0,0,2250.000,10,2280.000,1,0,0,0,0,0,0,0,0,
132700542000,0,0,1960.000,5,1950.000,5,1940.000,1,0,0,0,0,2250.000,10,2280.000,1,0,0,0,0,0,0,0,0,
132700657000,0,0,1950.000,5,1940.000,1,0,0,0,0,0,0,2250.000,10,2280.000,1,0,0,0,0,0,0,0,0,
132700667000,0,0,1970.000,5,1950.000,5,1940.000,1,0,0,0,0,2250.000,10,2280.000,1,0,0,0,0,0,0,0,0,
132700781000,0,0,1950.000,5,1940.000,1,0,0,0,0,0,0,2250.000,10,2280.000,1,0,0,0,0,0,0,0,0,
132700792000,0,0,1960.000,5,1950.000,5,1940.000,1,0,0,0,0,2250.000,10,2280.000,1,0,0,0,0,0,0,0,0,
132701637000,0,0,1950.000,5,1940.000,1,0,0,0,0,0,0,2250.000,10,2280.000,1,0,0,0,0,0,0,0,0,
132701648000,0,0,1970.000,5,1950.000,5,1940.000,1,0,0,0,0,2250.000,10,2280.000,1,0,0,0,0,0,0,0,0,
132702964000,0,0,1950.000,5,1940.000,1,0,0,0,0,0,0,2250.000,10,2280.000,1,0,0,0,0,0,0,0,0,
132703001000,0,0,1970.000,5,1950.000,5,1940.000,1,0,0,0,0,2250.000,10,2280.000,1,0,0,0,0,0,0,0,0,
132704725000,0,0,1970.000,5,1940.000,1,0,0,0,0,0,0,2250.000,10,2280.000,1,0,0,0,0,0,0,0,0,
132704725000,0,0,2000.000,5,1970.000,5,1940.000,1,0,0,0,0,2250.000,10,2280.000,1,0,0,0,0,0,0,0,0,
132704774000,0,0,2000.000,5,1940.000,1,0,0,0,0,0,0,2250.000,10,2280.000,1,0,0,0,0,0,0,0,0,
132704785000,0,0,2000.000,10,1940.000,1,0,0,0,0,0,0,2250.000,10,2280.000,1,0,0,0,0,0,0,0,0,
132742157000,0,0,2000.000,5,1940.000,1,0,0,0,0,0,0,2250.000,10,2280.000,1,0,0,0,0,0,0,0,0,
132742157000,0,0,2000.000,5,1940.000,1,0,0,0,0,0,0,2250.000,5,2280.000,1,0,0,0,0,0,0,0,0,
132742309000,0,0,2010.000,5,2000.000,5,1940.000,1,0,0,0,0,2250.000,5,2280.000,1,0,0,0,0,0,0,0,0,
132742309000,0,0,2010.000,5,2000.000,5,1940.000,1,0,0,0,0,2240.000,5,2250.000,5,2280.000,1,0,0,0,0,0,0,
132742431000,0,0,2000.000,5,1940.000,1,0,0,0,0,0,0,2240.000,5,2250.000,5,2280.000,1,0,0,0,0,0,0,
132742431000,0,0,2000.000,5,1940.000,1,0,0,0,0,0,0,2250.000,5,2280.000,1,0,0,0,0,0,0,0,0,
132742442000,0,0,2000.000,10,1940.000,1,0,0,0,0,0,0,2250.000,5,2280.000,1,0,0,0,0,0,0,0,0,
132742442000,0,0,2000.000,10,1940.000,1,0,0,0,0,0,0,2250.000,10,2280.000,1,0,0,0,0,0,0,0,0,
134310818000,0,0,2000.000,5,1940.000,1,0,0,0,0,0,0,2250.000,10,2280.000,1,0,0,0,0,0,0,0,0,
134310818000,0,0,2000.000,5,1940.000,1,0,0,0,0,0,0,2250.000,5,2280.000,1,0,0,0,0,0,0,0,0,
